state_code,district_code,district_name,area_type,age_group,total_population,total_males,total_females,illiterate_population,illiterate_males,illiterate_females,literate_population,literate_males,literate_females
13,261,mon,Total,All ages,250260,131753,118507,130634,64321,66313,119626,67432,52194
13,261,mon,Total,0-6,40342,21099,19243,40342,21099,19243,0,0,0
13,261,mon,Total,7,6459,3448,3011,3539,1879,1660,2920,1569,1351
13,261,mon,Total,8,6528,3390,3138,2795,1431,1364,3733,1959,1774
13,261,mon,Total,9,6213,3246,2967,2376,1237,1139,3837,2009,1828
13,261,mon,Total,10,7761,4155,3606,2717,1414,1303,5044,2741,2303
13,261,mon,Total,11,6655,3546,3109,2040,1080,960,4615,2466,2149
13,261,mon,Total,12,6940,3739,3201,1921,1010,911,5019,2729,2290
13,261,mon,Total,13,6401,3429,2972,1692,870,822,4709,2559,2150
13,261,mon,Total,14,6202,3293,2909,1674,903,771,4528,2390,2138
13,261,mon,Total,15,7341,3890,3451,2035,1060,975,5306,2830,2476
13,261,mon,Total,16,6614,3446,3168,1825,923,902,4789,2523,2266
13,261,mon,Total,17,5779,2974,2805,1597,798,799,4182,2176,2006
13,261,mon,Total,18,6966,3587,3379,2135,1077,1058,4831,2510,2321
13,261,mon,Total,19,5135,2675,2460,1634,826,808,3501,1849,1652
13,261,mon,Total,20-24,24987,13209,11778,8482,4270,4212,16505,8939,7566
13,261,mon,Total,25-29,18450,9582,8868,6819,3186,3633,11631,6396,5235
13,261,mon,Total,30-34,14790,7609,7181,5985,2637,3348,8805,4972,3833
13,261,mon,Total,35-39,13854,6895,6959,6336,2565,3771,7518,4330,3188
13,261,mon,Total,40-44,13374,6870,6504,7089,2921,4168,6285,3949,2336
13,261,mon,Total,45-49,11582,6217,5365,6883,2973,3910,4699,3244,1455
13,261,mon,Total,50-54,8924,5039,3885,5951,2843,3108,2973,2196,777
13,261,mon,Total,55-59,5695,3168,2527,4151,2004,2147,1544,1164,380
13,261,mon,Total,60-64,4790,2665,2125,3719,1854,1865,1071,811,260
13,261,mon,Total,65-69,3110,1671,1439,2447,1187,1260,663,484,179
13,261,mon,Total,70-74,2275,1249,1026,1938,1003,935,337,246,91
13,261,mon,Total,75-79,1154,629,525,1016,519,497,138,110,28
13,261,mon,Total,80+,1489,790,699,1269,640,629,220,150,70
13,261,mon,Total,Age not stated,450,243,207,227,112,115,223,131,92
13,261,mon,Rural,All ages,215816,113469,102347,120885,59531,61354,94931,53938,40993
13,261,mon,Rural,0-6,35132,18407,16725,35132,18407,16725,0,0,0
13,261,mon,Rural,7,5588,2979,2609,3275,1730,1545,2313,1249,1064
13,261,mon,Rural,8,5722,2960,2762,2649,1349,1300,3073,1611,1462
13,261,mon,Rural,9,5372,2791,2581,2255,1168,1087,3117,1623,1494
13,261,mon,Rural,10,6770,3632,3138,2578,1348,1230,4192,2284,1908
13,261,mon,Rural,11,5736,3061,2675,1957,1034,923,3779,2027,1752
13,261,mon,Rural,12,6000,3215,2785,1847,967,880,4153,2248,1905
13,261,mon,Rural,13,5437,2934,2503,1634,838,796,3803,2096,1707
13,261,mon,Rural,14,5198,2777,2421,1612,860,752,3586,1917,1669
13,261,mon,Rural,15,6381,3410,2971,1976,1029,947,4405,2381,2024
13,261,mon,Rural,16,5631,2939,2692,1768,891,877,3863,2048,1815
13,261,mon,Rural,17,4869,2523,2346,1549,771,778,3320,1752,1568
13,261,mon,Rural,18,6016,3106,2910,2053,1030,1023,3963,2076,1887
13,261,mon,Rural,19,4348,2289,2059,1571,793,778,2777,1496,1281
13,261,mon,Rural,20-24,21279,11325,9954,8109,4102,4007,13170,7223,5947
13,261,mon,Rural,25-29,15274,7948,7326,6375,3004,3371,8899,4944,3955
13,261,mon,Rural,30-34,12239,6286,5953,5599,2457,3142,6640,3829,2811
13,261,mon,Rural,35-39,11665,5709,5956,5933,2386,3547,5732,3323,2409
13,261,mon,Rural,40-44,11542,5826,5716,6712,2779,3933,4830,3047,1783
13,261,mon,Rural,45-49,10248,5395,4853,6546,2840,3706,3702,2555,1147
13,261,mon,Rural,50-54,7978,4431,3547,5658,2708,2950,2320,1723,597
13,261,mon,Rural,55-59,5168,2852,2316,3968,1925,2043,1200,927,273
13,261,mon,Rural,60-64,4370,2416,1954,3536,1762,1774,834,654,180
13,261,mon,Rural,65-69,2854,1527,1327,2343,1145,1198,511,382,129
13,261,mon,Rural,70-74,2133,1182,951,1861,981,880,272,201,71
13,261,mon,Rural,75-79,1068,581,487,961,495,466,107,86,21
13,261,mon,Rural,80+,1375,739,636,1209,625,584,166,114,52
13,261,mon,Rural,Age not stated,423,229,194,219,107,112,204,122,82
13,261,mon,Urban,All ages,34444,18284,16160,9749,4790,4959,24695,13494,11201
13,261,mon,Urban,0-6,5210,2692,2518,5210,2692,2518,0,0,0
13,261,mon,Urban,7,871,469,402,264,149,115,607,320,287
13,261,mon,Urban,8,806,430,376,146,82,64,660,348,312
13,261,mon,Urban,9,841,455,386,121,69,52,720,386,334
13,261,mon,Urban,10,991,523,468,139,66,73,852,457,395
13,261,mon,Urban,11,919,485,434,83,46,37,836,439,397
13,261,mon,Urban,12,940,524,416,74,43,31,866,481,385
13,261,mon,Urban,13,964,495,469,58,32,26,906,463,443
13,261,mon,Urban,14,1004,516,488,62,43,19,942,473,469
13,261,mon,Urban,15,960,480,480,59,31,28,901,449,452
13,261,mon,Urban,16,983,507,476,57,32,25,926,475,451
13,261,mon,Urban,17,910,451,459,48,27,21,862,424,438
13,261,mon,Urban,18,950,481,469,82,47,35,868,434,434
13,261,mon,Urban,19,787,386,401,63,33,30,724,353,371
13,261,mon,Urban,20-24,3708,1884,1824,373,168,205,3335,1716,1619
13,261,mon,Urban,25-29,3176,1634,1542,444,182,262,2732,1452,1280
13,261,mon,Urban,30-34,2551,1323,1228,386,180,206,2165,1143,1022
13,261,mon,Urban,35-39,2189,1186,1003,403,179,224,1786,1007,779
13,261,mon,Urban,40-44,1832,1044,788,377,142,235,1455,902,553
13,261,mon,Urban,45-49,1334,822,512,337,133,204,997,689,308
13,261,mon,Urban,50-54,946,608,338,293,135,158,653,473,180
13,261,mon,Urban,55-59,527,316,211,183,79,104,344,237,107
13,261,mon,Urban,60-64,420,249,171,183,92,91,237,157,80
13,261,mon,Urban,65-69,256,144,112,104,42,62,152,102,50
13,261,mon,Urban,70-74,142,67,75,77,22,55,65,45,20
13,261,mon,Urban,75-79,86,48,38,55,24,31,31,24,7
13,261,mon,Urban,80+,114,51,63,60,15,45,54,36,18
13,261,mon,Urban,Age not stated,27,14,13,8,5,3,19,9,10
13,262,mokokchung,Total,All ages,194622,101092,93530,35128,17613,17515,159494,83479,76015
13,262,mokokchung,Total,0-6,20536,10534,10002,20536,10534,10002,0,0,0
13,262,mokokchung,Total,7,3680,1924,1756,874,469,405,2806,1455,1351
13,262,mokokchung,Total,8,3762,1904,1858,441,220,221,3321,1684,1637
13,262,mokokchung,Total,9,3651,1902,1749,311,163,148,3340,1739,1601
13,262,mokokchung,Total,10,4536,2400,2136,379,195,184,4157,2205,1952
13,262,mokokchung,Total,11,4245,2224,2021,207,119,88,4038,2105,1933
13,262,mokokchung,Total,12,4530,2339,2191,186,104,82,4344,2235,2109
13,262,mokokchung,Total,13,4492,2452,2040,174,103,71,4318,2349,1969
13,262,mokokchung,Total,14,4480,2334,2146,169,103,66,4311,2231,2080
13,262,mokokchung,Total,15,4587,2514,2073,152,85,67,4435,2429,2006
13,262,mokokchung,Total,16,4530,2350,2180,155,95,60,4375,2255,2120
13,262,mokokchung,Total,17,4011,2090,1921,140,88,52,3871,2002,1869
13,262,mokokchung,Total,18,4302,2290,2012,194,132,62,4108,2158,1950
13,262,mokokchung,Total,19,3552,1840,1712,146,96,50,3406,1744,1662
13,262,mokokchung,Total,20-24,18975,9925,9050,896,489,407,18079,9436,8643
13,262,mokokchung,Total,25-29,17374,8895,8479,886,483,403,16488,8412,8076
13,262,mokokchung,Total,30-34,16157,8208,7949,772,417,355,15385,7791,7594
13,262,mokokchung,Total,35-39,14063,7092,6971,872,471,401,13191,6621,6570
13,262,mokokchung,Total,40-44,12399,6416,5983,853,463,390,11546,5953,5593
13,262,mokokchung,Total,45-49,10234,5522,4712,843,444,399,9391,5078,4313
13,262,mokokchung,Total,50-54,8089,4354,3735,787,393,394,7302,3961,3341
13,262,mokokchung,Total,55-59,5785,3092,2693,679,287,392,5106,2805,2301
13,262,mokokchung,Total,60-64,4980,2573,2407,797,298,499,4183,2275,1908
13,262,mokokchung,Total,65-69,3642,1851,1791,755,269,486,2887,1582,1305
13,262,mokokchung,Total,70-74,2892,1470,1422,812,293,519,2080,1177,903
13,262,mokokchung,Total,75-79,2112,1072,1040,752,276,476,1360,796,564
13,262,mokokchung,Total,80+,2863,1438,1425,1334,512,822,1529,926,603
13,262,mokokchung,Total,Age not stated,163,87,76,26,12,14,137,75,62
13,262,mokokchung,Rural,All ages,138897,71373,67524,26286,13066,13220,112611,58307,54304
13,262,mokokchung,Rural,0-6,14907,7649,7258,14907,7649,7258,0,0,0
13,262,mokokchung,Rural,7,2696,1410,1286,623,336,287,2073,1074,999
13,262,mokokchung,Rural,8,2764,1395,1369,328,164,164,2436,1231,1205
13,262,mokokchung,Rural,9,2610,1352,1258,232,126,106,2378,1226,1152
13,262,mokokchung,Rural,10,3327,1782,1545,295,156,139,3032,1626,1406
13,262,mokokchung,Rural,11,2935,1526,1409,152,84,68,2783,1442,1341
13,262,mokokchung,Rural,12,3177,1600,1577,133,72,61,3044,1528,1516
13,262,mokokchung,Rural,13,3088,1653,1435,129,75,54,2959,1578,1381
13,262,mokokchung,Rural,14,3079,1580,1499,127,79,48,2952,1501,1451
13,262,mokokchung,Rural,15,3328,1797,1531,111,60,51,3217,1737,1480
13,262,mokokchung,Rural,16,3164,1625,1539,117,71,46,3047,1554,1493
13,262,mokokchung,Rural,17,2793,1465,1328,103,61,42,2690,1404,1286
13,262,mokokchung,Rural,18,3071,1627,1444,157,105,52,2914,1522,1392
13,262,mokokchung,Rural,19,2563,1322,1241,117,77,40,2446,1245,1201
13,262,mokokchung,Rural,20-24,13253,6856,6397,684,372,312,12569,6484,6085
13,262,mokokchung,Rural,25-29,11608,5770,5838,671,359,312,10937,5411,5526
13,262,mokokchung,Rural,30-34,11173,5604,5569,563,283,280,10610,5321,5289
13,262,mokokchung,Rural,35-39,10005,4931,5074,629,321,308,9376,4610,4766
13,262,mokokchung,Rural,40-44,8996,4596,4400,632,331,301,8364,4265,4099
13,262,mokokchung,Rural,45-49,7371,3912,3459,626,313,313,6745,3599,3146
13,262,mokokchung,Rural,50-54,5857,3121,2736,610,310,300,5247,2811,2436
13,262,mokokchung,Rural,55-59,4209,2229,1980,543,217,326,3666,2012,1654
13,262,mokokchung,Rural,60-64,3786,1947,1839,666,249,417,3120,1698,1422
13,262,mokokchung,Rural,65-69,2730,1370,1360,631,230,401,2099,1140,959
13,262,mokokchung,Rural,70-74,2273,1156,1117,705,259,446,1568,897,671
13,262,mokokchung,Rural,75-79,1686,849,837,646,243,403,1040,606,434
13,262,mokokchung,Rural,80+,2304,1175,1129,1126,455,671,1178,720,458
13,262,mokokchung,Rural,Age not stated,144,74,70,23,9,14,121,65,56
13,262,mokokchung,Urban,All ages,55725,29719,26006,8842,4547,4295,46883,25172,21711
13,262,mokokchung,Urban,0-6,5629,2885,2744,5629,2885,2744,0,0,0
13,262,mokokchung,Urban,7,984,514,470,251,133,118,733,381,352
13,262,mokokchung,Urban,8,998,509,489,113,56,57,885,453,432
13,262,mokokchung,Urban,9,1041,550,491,79,37,42,962,513,449
13,262,mokokchung,Urban,10,1209,618,591,84,39,45,1125,579,546
13,262,mokokchung,Urban,11,1310,698,612,55,35,20,1255,663,592
13,262,mokokchung,Urban,12,1353,739,614,53,32,21,1300,707,593
13,262,mokokchung,Urban,13,1404,799,605,45,28,17,1359,771,588
13,262,mokokchung,Urban,14,1401,754,647,42,24,18,1359,730,629
13,262,mokokchung,Urban,15,1259,717,542,41,25,16,1218,692,526
13,262,mokokchung,Urban,16,1366,725,641,38,24,14,1328,701,627
13,262,mokokchung,Urban,17,1218,625,593,37,27,10,1181,598,583
13,262,mokokchung,Urban,18,1231,663,568,37,27,10,1194,636,558
13,262,mokokchung,Urban,19,989,518,471,29,19,10,960,499,461
13,262,mokokchung,Urban,20-24,5722,3069,2653,212,117,95,5510,2952,2558
13,262,mokokchung,Urban,25-29,5766,3125,2641,215,124,91,5551,3001,2550
13,262,mokokchung,Urban,30-34,4984,2604,2380,209,134,75,4775,2470,2305
13,262,mokokchung,Urban,35-39,4058,2161,1897,243,150,93,3815,2011,1804
13,262,mokokchung,Urban,40-44,3403,1820,1583,221,132,89,3182,1688,1494
13,262,mokokchung,Urban,45-49,2863,1610,1253,217,131,86,2646,1479,1167
13,262,mokokchung,Urban,50-54,2232,1233,999,177,83,94,2055,1150,905
13,262,mokokchung,Urban,55-59,1576,863,713,136,70,66,1440,793,647
13,262,mokokchung,Urban,60-64,1194,626,568,131,49,82,1063,577,486
13,262,mokokchung,Urban,65-69,912,481,431,124,39,85,788,442,346
13,262,mokokchung,Urban,70-74,619,314,305,107,34,73,512,280,232
13,262,mokokchung,Urban,75-79,426,223,203,106,33,73,320,190,130
13,262,mokokchung,Urban,80+,559,263,296,208,57,151,351,206,145
13,262,mokokchung,Urban,Age not stated,19,13,6,3,3,0,16,10,6
13,263,zunheboto,Total,All ages,140757,71217,69540,37876,17713,20163,102881,53504,49377
13,263,zunheboto,Total,0-6,20093,10316,9777,20093,10316,9777,0,0,0
13,263,zunheboto,Total,7,3390,1718,1672,1120,578,542,2270,1140,1130
13,263,zunheboto,Total,8,3501,1827,1674,565,291,274,2936,1536,1400
13,263,zunheboto,Total,9,3305,1649,1656,434,205,229,2871,1444,1427
13,263,zunheboto,Total,10,4039,2076,1963,487,256,231,3552,1820,1732
13,263,zunheboto,Total,11,3754,1947,1807,266,142,124,3488,1805,1683
13,263,zunheboto,Total,12,3902,1996,1906,217,108,109,3685,1888,1797
13,263,zunheboto,Total,13,3547,1774,1773,172,81,91,3375,1693,1682
13,263,zunheboto,Total,14,3522,1824,1698,163,77,86,3359,1747,1612
13,263,zunheboto,Total,15,3728,1855,1873,182,75,107,3546,1780,1766
13,263,zunheboto,Total,16,3626,1807,1819,210,103,107,3416,1704,1712
13,263,zunheboto,Total,17,3130,1574,1556,174,98,76,2956,1476,1480
13,263,zunheboto,Total,18,3453,1733,1720,221,108,113,3232,1625,1607
13,263,zunheboto,Total,19,2777,1413,1364,175,88,87,2602,1325,1277
13,263,zunheboto,Total,20-24,14006,6815,7191,1070,518,552,12936,6297,6639
13,263,zunheboto,Total,25-29,11936,5923,6013,1059,452,607,10877,5471,5406
13,263,zunheboto,Total,30-34,10245,4999,5246,1148,502,646,9097,4497,4600
13,263,zunheboto,Total,35-39,8508,4227,4281,1071,423,648,7437,3804,3633
13,263,zunheboto,Total,40-44,7566,3912,3654,1257,484,773,6309,3428,2881
13,263,zunheboto,Total,45-49,5948,3078,2870,1181,418,763,4767,2660,2107
13,263,zunheboto,Total,50-54,4878,2470,2408,1329,428,901,3549,2042,1507
13,263,zunheboto,Total,55-59,3178,1643,1535,1050,367,683,2128,1276,852
13,263,zunheboto,Total,60-64,3059,1541,1518,1233,403,830,1826,1138,688
13,263,zunheboto,Total,65-69,2198,1153,1045,982,334,648,1216,819,397
13,263,zunheboto,Total,70-74,1617,841,776,904,324,580,713,517,196
13,263,zunheboto,Total,75-79,853,521,332,496,234,262,357,287,70
13,263,zunheboto,Total,80+,947,551,396,605,291,314,342,260,82
13,263,zunheboto,Total,Age not stated,51,34,17,12,9,3,39,25,14
13,263,zunheboto,Rural,All ages,113160,56786,56374,33011,15409,17602,80149,41377,38772
13,263,zunheboto,Rural,0-6,16552,8582,7970,16552,8582,7970,0,0,0
13,263,zunheboto,Rural,7,2719,1401,1318,989,521,468,1730,880,850
13,263,zunheboto,Rural,8,2825,1486,1339,513,261,252,2312,1225,1087
13,263,zunheboto,Rural,9,2637,1323,1314,386,187,199,2251,1136,1115
13,263,zunheboto,Rural,10,3246,1688,1558,427,222,205,2819,1466,1353
13,263,zunheboto,Rural,11,2963,1567,1396,243,129,114,2720,1438,1282
13,263,zunheboto,Rural,12,3136,1614,1522,191,98,93,2945,1516,1429
13,263,zunheboto,Rural,13,2759,1387,1372,144,69,75,2615,1318,1297
13,263,zunheboto,Rural,14,2733,1412,1321,136,64,72,2597,1348,1249
13,263,zunheboto,Rural,15,2918,1490,1428,160,67,93,2758,1423,1335
13,263,zunheboto,Rural,16,2846,1446,1400,178,88,90,2668,1358,1310
13,263,zunheboto,Rural,17,2446,1232,1214,151,79,72,2295,1153,1142
13,263,zunheboto,Rural,18,2766,1382,1384,185,95,90,2581,1287,1294
13,263,zunheboto,Rural,19,2127,1087,1040,157,82,75,1970,1005,965
13,263,zunheboto,Rural,20-24,10957,5220,5737,954,451,503,10003,4769,5234
13,263,zunheboto,Rural,25-29,9278,4476,4802,967,411,556,8311,4065,4246
13,263,zunheboto,Rural,30-34,8209,3936,4273,1068,461,607,7141,3475,3666
13,263,zunheboto,Rural,35-39,6768,3286,3482,997,393,604,5771,2893,2878
13,263,zunheboto,Rural,40-44,6044,3010,3034,1196,462,734,4848,2548,2300
13,263,zunheboto,Rural,45-49,4722,2380,2342,1115,395,720,3607,1985,1622
13,263,zunheboto,Rural,50-54,4069,1986,2083,1255,411,844,2814,1575,1239
13,263,zunheboto,Rural,55-59,2715,1365,1350,1012,356,656,1703,1009,694
13,263,zunheboto,Rural,60-64,2674,1301,1373,1180,384,796,1494,917,577
13,263,zunheboto,Rural,65-69,1929,986,943,934,317,617,995,669,326
13,263,zunheboto,Rural,70-74,1453,746,707,867,312,555,586,434,152
13,263,zunheboto,Rural,75-79,771,468,303,469,222,247,302,246,56
13,263,zunheboto,Rural,80+,855,499,356,574,282,292,281,217,64
13,263,zunheboto,Rural,Age not stated,43,30,13,11,8,3,32,22,10
13,263,zunheboto,Urban,All ages,27597,14431,13166,4865,2304,2561,22732,12127,10605
13,263,zunheboto,Urban,0-6,3541,1734,1807,3541,1734,1807,0,0,0
13,263,zunheboto,Urban,7,671,317,354,131,57,74,540,260,280
13,263,zunheboto,Urban,8,676,341,335,52,30,22,624,311,313
13,263,zunheboto,Urban,9,668,326,342,48,18,30,620,308,312
13,263,zunheboto,Urban,10,793,388,405,60,34,26,733,354,379
13,263,zunheboto,Urban,11,791,380,411,23,13,10,768,367,401
13,263,zunheboto,Urban,12,766,382,384,26,10,16,740,372,368
13,263,zunheboto,Urban,13,788,387,401,28,12,16,760,375,385
13,263,zunheboto,Urban,14,789,412,377,27,13,14,762,399,363
13,263,zunheboto,Urban,15,810,365,445,22,8,14,788,357,431
13,263,zunheboto,Urban,16,780,361,419,32,15,17,748,346,402
13,263,zunheboto,Urban,17,684,342,342,23,19,4,661,323,338
13,263,zunheboto,Urban,18,687,351,336,36,13,23,651,338,313
13,263,zunheboto,Urban,19,650,326,324,18,6,12,632,320,312
13,263,zunheboto,Urban,20-24,3049,1595,1454,116,67,49,2933,1528,1405
13,263,zunheboto,Urban,25-29,2658,1447,1211,92,41,51,2566,1406,1160
13,263,zunheboto,Urban,30-34,2036,1063,973,80,41,39,1956,1022,934
13,263,zunheboto,Urban,35-39,1740,941,799,74,30,44,1666,911,755
13,263,zunheboto,Urban,40-44,1522,902,620,61,22,39,1461,880,581
13,263,zunheboto,Urban,45-49,1226,698,528,66,23,43,1160,675,485
13,263,zunheboto,Urban,50-54,809,484,325,74,17,57,735,467,268
13,263,zunheboto,Urban,55-59,463,278,185,38,11,27,425,267,158
13,263,zunheboto,Urban,60-64,385,240,145,53,19,34,332,221,111
13,263,zunheboto,Urban,65-69,269,167,102,48,17,31,221,150,71
13,263,zunheboto,Urban,70-74,164,95,69,37,12,25,127,83,44
13,263,zunheboto,Urban,75-79,82,53,29,27,12,15,55,41,14
13,263,zunheboto,Urban,80+,92,52,40,31,9,22,61,43,18
13,263,zunheboto,Urban,Age not stated,8,4,4,1,1,0,7,3,4
13,264,wokha,Total,All ages,166343,84505,81838,38135,17120,21015,128208,67385,60823
13,264,wokha,Total,0-6,20138,10298,9840,20138,10298,9840,0,0,0
13,264,wokha,Total,7,3342,1703,1639,1051,535,516,2291,1168,1123
13,264,wokha,Total,8,3588,1825,1763,511,259,252,3077,1566,1511
13,264,wokha,Total,9,3368,1732,1636,432,228,204,2936,1504,1432
13,264,wokha,Total,10,4361,2232,2129,428,206,222,3933,2026,1907
13,264,wokha,Total,11,3851,1973,1878,254,125,129,3597,1848,1749
13,264,wokha,Total,12,4329,2187,2142,199,87,112,4130,2100,2030
13,264,wokha,Total,13,4057,2058,1999,172,85,87,3885,1973,1912
13,264,wokha,Total,14,4439,2207,2232,162,68,94,4277,2139,2138
13,264,wokha,Total,15,4292,2275,2017,167,81,86,4125,2194,1931
13,264,wokha,Total,16,4850,2479,2371,231,110,121,4619,2369,2250
13,264,wokha,Total,17,3934,2000,1934,175,65,110,3759,1935,1824
13,264,wokha,Total,18,4789,2461,2328,252,111,141,4537,2350,2187
13,264,wokha,Total,19,3619,1854,1765,180,76,104,3439,1778,1661
13,264,wokha,Total,20-24,18977,9411,9566,1163,484,679,17814,8927,8887
13,264,wokha,Total,25-29,15017,7211,7806,1098,430,668,13919,6781,7138
13,264,wokha,Total,30-34,12545,6239,6306,1200,466,734,11345,5773,5572
13,264,wokha,Total,35-39,10620,5254,5366,1244,401,843,9376,4853,4523
13,264,wokha,Total,40-44,9350,4683,4667,1340,481,859,8010,4202,3808
13,264,wokha,Total,45-49,7995,4201,3794,1427,490,937,6568,3711,2857
13,264,wokha,Total,50-54,6079,3215,2864,1376,425,951,4703,2790,1913
13,264,wokha,Total,55-59,4048,2184,1864,1089,294,795,2959,1890,1069
13,264,wokha,Total,60-64,3323,1834,1489,1137,339,798,2186,1495,691
13,264,wokha,Total,65-69,2099,1147,952,864,276,588,1235,871,364
13,264,wokha,Total,70-74,1405,735,670,750,235,515,655,500,155
13,264,wokha,Total,75-79,797,450,347,455,185,270,342,265,77
13,264,wokha,Total,80+,1060,604,456,634,275,359,426,329,97
13,264,wokha,Total,Age not stated,71,53,18,6,5,1,65,48,17
13,264,wokha,Rural,All ages,131339,66435,64904,33118,14768,18350,98221,51667,46554
13,264,wokha,Rural,0-6,16438,8443,7995,16438,8443,7995,0,0,0
13,264,wokha,Rural,7,2677,1356,1321,937,481,456,1740,875,865
13,264,wokha,Rural,8,2959,1501,1458,475,243,232,2484,1258,1226
13,264,wokha,Rural,9,2709,1391,1318,379,201,178,2330,1190,1140
13,264,wokha,Rural,10,3551,1834,1717,386,187,199,3165,1647,1518
13,264,wokha,Rural,11,3095,1593,1502,233,115,118,2862,1478,1384
13,264,wokha,Rural,12,3510,1781,1729,178,76,102,3332,1705,1627
13,264,wokha,Rural,13,3233,1650,1583,157,77,80,3076,1573,1503
13,264,wokha,Rural,14,3482,1750,1732,147,63,84,3335,1687,1648
13,264,wokha,Rural,15,3316,1768,1548,132,66,66,3184,1702,1482
13,264,wokha,Rural,16,3754,1906,1848,196,95,101,3558,1811,1747
13,264,wokha,Rural,17,2988,1538,1450,143,55,88,2845,1483,1362
13,264,wokha,Rural,18,3738,1954,1784,223,104,119,3515,1850,1665
13,264,wokha,Rural,19,2717,1372,1345,151,60,91,2566,1312,1254
13,264,wokha,Rural,20-24,14349,7150,7199,1053,438,615,13296,6712,6584
13,264,wokha,Rural,25-29,11197,5297,5900,1016,391,625,10181,4906,5275
13,264,wokha,Rural,30-34,9556,4627,4929,1109,420,689,8447,4207,4240
13,264,wokha,Rural,35-39,8346,4046,4300,1168,382,786,7178,3664,3514
13,264,wokha,Rural,40-44,7458,3690,3768,1272,454,818,6186,3236,2950
13,264,wokha,Rural,45-49,6403,3358,3045,1339,466,873,5064,2892,2172
13,264,wokha,Rural,50-54,4934,2542,2392,1307,406,901,3627,2136,1491
13,264,wokha,Rural,55-59,3375,1784,1591,1040,284,756,2335,1500,835
13,264,wokha,Rural,60-64,2832,1537,1295,1077,322,755,1755,1215,540
13,264,wokha,Rural,65-69,1811,976,835,817,262,555,994,714,280
13,264,wokha,Rural,70-74,1220,621,599,710,227,483,510,394,116
13,264,wokha,Rural,75-79,715,400,315,435,180,255,280,220,60
13,264,wokha,Rural,80+,918,527,391,594,265,329,324,262,62
13,264,wokha,Rural,Age not stated,58,43,15,6,5,1,52,38,14
13,264,wokha,Urban,All ages,35004,18070,16934,5017,2352,2665,29987,15718,14269
13,264,wokha,Urban,0-6,3700,1855,1845,3700,1855,1845,0,0,0
13,264,wokha,Urban,7,665,347,318,114,54,60,551,293,258
13,264,wokha,Urban,8,629,324,305,36,16,20,593,308,285
13,264,wokha,Urban,9,659,341,318,53,27,26,606,314,292
13,264,wokha,Urban,10,810,398,412,42,19,23,768,379,389
13,264,wokha,Urban,11,756,380,376,21,10,11,735,370,365
13,264,wokha,Urban,12,819,406,413,21,11,10,798,395,403
13,264,wokha,Urban,13,824,408,416,15,8,7,809,400,409
13,264,wokha,Urban,14,957,457,500,15,5,10,942,452,490
13,264,wokha,Urban,15,976,507,469,35,15,20,941,492,449
13,264,wokha,Urban,16,1096,573,523,35,15,20,1061,558,503
13,264,wokha,Urban,17,946,462,484,32,10,22,914,452,462
13,264,wokha,Urban,18,1051,507,544,29,7,22,1022,500,522
13,264,wokha,Urban,19,902,482,420,29,16,13,873,466,407
13,264,wokha,Urban,20-24,4628,2261,2367,110,46,64,4518,2215,2303
13,264,wokha,Urban,25-29,3820,1914,1906,82,39,43,3738,1875,1863
13,264,wokha,Urban,30-34,2989,1612,1377,91,46,45,2898,1566,1332
13,264,wokha,Urban,35-39,2274,1208,1066,76,19,57,2198,1189,1009
13,264,wokha,Urban,40-44,1892,993,899,68,27,41,1824,966,858
13,264,wokha,Urban,45-49,1592,843,749,88,24,64,1504,819,685
13,264,wokha,Urban,50-54,1145,673,472,69,19,50,1076,654,422
13,264,wokha,Urban,55-59,673,400,273,49,10,39,624,390,234
13,264,wokha,Urban,60-64,491,297,194,60,17,43,431,280,151
13,264,wokha,Urban,65-69,288,171,117,47,14,33,241,157,84
13,264,wokha,Urban,70-74,185,114,71,40,8,32,145,106,39
13,264,wokha,Urban,75-79,82,50,32,20,5,15,62,45,17
13,264,wokha,Urban,80+,142,77,65,40,10,30,102,67,35
13,264,wokha,Urban,Age not stated,13,10,3,0,0,0,13,10,3
13,265,dimapur,Total,All ages,378811,197394,181417,100774,47252,53522,278037,150142,127895
13,265,dimapur,Total,0-6,50898,25889,25009,50898,25889,25009,0,0,0
13,265,dimapur,Total,7,8433,4353,4080,2972,1545,1427,5461,2808,2653
13,265,dimapur,Total,8,8039,4210,3829,1593,801,792,6446,3409,3037
13,265,dimapur,Total,9,7761,3969,3792,1187,579,608,6574,3390,3184
13,265,dimapur,Total,10,9163,4675,4488,1290,626,664,7873,4049,3824
13,265,dimapur,Total,11,8482,4337,4145,915,421,494,7567,3916,3651
13,265,dimapur,Total,12,8722,4520,4202,878,404,474,7844,4116,3728
13,265,dimapur,Total,13,8419,4244,4175,682,316,366,7737,3928,3809
13,265,dimapur,Total,14,8341,4209,4132,651,299,352,7690,3910,3780
13,265,dimapur,Total,15,8753,4479,4274,782,362,420,7971,4117,3854
13,265,dimapur,Total,16,8388,4308,4080,683,325,358,7705,3983,3722
13,265,dimapur,Total,17,8052,4019,4033,599,279,320,7453,3740,3713
13,265,dimapur,Total,18,8991,4594,4397,828,382,446,8163,4212,3951
13,265,dimapur,Total,19,7891,4032,3859,656,270,386,7235,3762,3473
13,265,dimapur,Total,20-24,43510,21892,21618,4200,1640,2560,39310,20252,19058
13,265,dimapur,Total,25-29,39549,20236,19313,4696,1870,2826,34853,18366,16487
13,265,dimapur,Total,30-34,32048,16504,15544,4356,1746,2610,27692,14758,12934
13,265,dimapur,Total,35-39,26913,13876,13037,4607,1840,2767,22306,12036,10270
13,265,dimapur,Total,40-44,21976,11999,9977,4154,1783,2371,17822,10216,7606
13,265,dimapur,Total,45-49,17664,10010,7654,3468,1442,2026,14196,8568,5628
13,265,dimapur,Total,50-54,12340,7036,5304,2860,1240,1620,9480,5796,3684
13,265,dimapur,Total,55-59,8021,4703,3318,1916,811,1105,6105,3892,2213
13,265,dimapur,Total,60-64,6210,3658,2552,1820,787,1033,4390,2871,1519
13,265,dimapur,Total,65-69,3986,2239,1747,1274,492,782,2712,1747,965
13,265,dimapur,Total,70-74,2618,1451,1167,1118,456,662,1500,995,505
13,265,dimapur,Total,75-79,1464,793,671,618,219,399,846,574,272
13,265,dimapur,Total,80+,1979,1043,936,1023,403,620,956,640,316
13,265,dimapur,Total,Age not stated,200,116,84,50,25,25,150,91,59
13,265,dimapur,Rural,All ages,180942,93435,87507,54120,25095,29025,126822,68340,58482
13,265,dimapur,Rural,0-6,26063,13228,12835,26063,13228,12835,0,0,0
13,265,dimapur,Rural,7,4440,2276,2164,1739,892,847,2701,1384,1317
13,265,dimapur,Rural,8,4175,2181,1994,897,444,453,3278,1737,1541
13,265,dimapur,Rural,9,4055,2048,2007,680,320,360,3375,1728,1647
13,265,dimapur,Rural,10,4844,2483,2361,743,365,378,4101,2118,1983
13,265,dimapur,Rural,11,4444,2260,2184,545,248,297,3899,2012,1887
13,265,dimapur,Rural,12,4612,2393,2219,550,252,298,4062,2141,1921
13,265,dimapur,Rural,13,4355,2170,2185,411,185,226,3944,1985,1959
13,265,dimapur,Rural,14,4320,2202,2118,376,178,198,3944,2024,1920
13,265,dimapur,Rural,15,4598,2335,2263,475,211,264,4123,2124,1999
13,265,dimapur,Rural,16,4280,2161,2119,416,192,224,3864,1969,1895
13,265,dimapur,Rural,17,4014,1966,2048,347,152,195,3667,1814,1853
13,265,dimapur,Rural,18,4488,2299,2189,487,226,261,4001,2073,1928
13,265,dimapur,Rural,19,3755,1962,1793,364,152,212,3391,1810,1581
13,265,dimapur,Rural,20-24,20787,10779,10008,2338,886,1452,18449,9893,8556
13,265,dimapur,Rural,25-29,17336,8870,8466,2487,984,1503,14849,7886,6963
13,265,dimapur,Rural,30-34,13650,6772,6878,2194,839,1355,11456,5933,5523
13,265,dimapur,Rural,35-39,11533,5691,5842,2373,903,1470,9160,4788,4372
13,265,dimapur,Rural,40-44,9680,5059,4621,2238,953,1285,7442,4106,3336
13,265,dimapur,Rural,45-49,7806,4315,3491,1857,730,1127,5949,3585,2364
13,265,dimapur,Rural,50-54,5617,3100,2517,1691,715,976,3926,2385,1541
13,265,dimapur,Rural,55-59,3633,2083,1550,1110,467,643,2523,1616,907
13,265,dimapur,Rural,60-64,3060,1784,1276,1139,506,633,1921,1278,643
13,265,dimapur,Rural,65-69,2010,1131,879,797,308,489,1213,823,390
13,265,dimapur,Rural,70-74,1395,787,608,720,306,414,675,481,194
13,265,dimapur,Rural,75-79,782,427,355,404,157,247,378,270,108
13,265,dimapur,Rural,80+,1061,584,477,642,275,367,419,309,110
13,265,dimapur,Rural,Age not stated,149,89,60,37,21,16,112,68,44
13,265,dimapur,Urban,All ages,197869,103959,93910,46654,22157,24497,151215,81802,69413
13,265,dimapur,Urban,0-6,24835,12661,12174,24835,12661,12174,0,0,0
13,265,dimapur,Urban,7,3993,2077,1916,1233,653,580,2760,1424,1336
13,265,dimapur,Urban,8,3864,2029,1835,696,357,339,3168,1672,1496
13,265,dimapur,Urban,9,3706,1921,1785,507,259,248,3199,1662,1537
13,265,dimapur,Urban,10,4319,2192,2127,547,261,286,3772,1931,1841
13,265,dimapur,Urban,11,4038,2077,1961,370,173,197,3668,1904,1764
13,265,dimapur,Urban,12,4110,2127,1983,328,152,176,3782,1975,1807
13,265,dimapur,Urban,13,4064,2074,1990,271,131,140,3793,1943,1850
13,265,dimapur,Urban,14,4021,2007,2014,275,121,154,3746,1886,1860
13,265,dimapur,Urban,15,4155,2144,2011,307,151,156,3848,1993,1855
13,265,dimapur,Urban,16,4108,2147,1961,267,133,134,3841,2014,1827
13,265,dimapur,Urban,17,4038,2053,1985,252,127,125,3786,1926,1860
13,265,dimapur,Urban,18,4503,2295,2208,341,156,185,4162,2139,2023
13,265,dimapur,Urban,19,4136,2070,2066,292,118,174,3844,1952,1892
13,265,dimapur,Urban,20-24,22723,11113,11610,1862,754,1108,20861,10359,10502
13,265,dimapur,Urban,25-29,22213,11366,10847,2209,886,1323,20004,10480,9524
13,265,dimapur,Urban,30-34,18398,9732,8666,2162,907,1255,16236,8825,7411
13,265,dimapur,Urban,35-39,15380,8185,7195,2234,937,1297,13146,7248,5898
13,265,dimapur,Urban,40-44,12296,6940,5356,1916,830,1086,10380,6110,4270
13,265,dimapur,Urban,45-49,9858,5695,4163,1611,712,899,8247,4983,3264
13,265,dimapur,Urban,50-54,6723,3936,2787,1169,525,644,5554,3411,2143
13,265,dimapur,Urban,55-59,4388,2620,1768,806,344,462,3582,2276,1306
13,265,dimapur,Urban,60-64,3150,1874,1276,681,281,400,2469,1593,876
13,265,dimapur,Urban,65-69,1976,1108,868,477,184,293,1499,924,575
13,265,dimapur,Urban,70-74,1223,664,559,398,150,248,825,514,311
13,265,dimapur,Urban,75-79,682,366,316,214,62,152,468,304,164
13,265,dimapur,Urban,80+,918,459,459,381,128,253,537,331,206
13,265,dimapur,Urban,Age not stated,51,27,24,13,4,9,38,23,15
13,266,phek,Total,All ages,163418,83743,79675,57525,25817,31708,105893,57926,47967
13,266,phek,Total,0-6,27752,14505,13247,27752,14505,13247,0,0,0
13,266,phek,Total,7,4313,2286,2027,1612,860,752,2701,1426,1275
13,266,phek,Total,8,4352,2266,2086,816,412,404,3536,1854,1682
13,266,phek,Total,9,4069,2078,1991,648,316,332,3421,1762,1659
13,266,phek,Total,10,4737,2496,2241,599,299,300,4138,2197,1941
13,266,phek,Total,11,4385,2313,2072,380,189,191,4005,2124,1881
13,266,phek,Total,12,4242,2152,2090,320,149,171,3922,2003,1919
13,266,phek,Total,13,4029,2090,1939,194,80,114,3835,2010,1825
13,266,phek,Total,14,4030,2100,1930,239,112,127,3791,1988,1803
13,266,phek,Total,15,3998,2051,1947,265,119,146,3733,1932,1801
13,266,phek,Total,16,3861,1931,1930,252,101,151,3609,1830,1779
13,266,phek,Total,17,3255,1700,1555,257,109,148,2998,1591,1407
13,266,phek,Total,18,3614,1793,1821,334,162,172,3280,1631,1649
13,266,phek,Total,19,2797,1410,1387,290,128,162,2507,1282,1225
13,266,phek,Total,20-24,15008,7390,7618,2007,752,1255,13001,6638,6363
13,266,phek,Total,25-29,14072,6910,7162,2370,794,1576,11702,6116,5586
13,266,phek,Total,30-34,12368,6204,6164,2530,878,1652,9838,5326,4512
13,266,phek,Total,35-39,10330,5163,5167,2520,834,1686,7810,4329,3481
13,266,phek,Total,40-44,8591,4474,4117,2492,813,1679,6099,3661,2438
13,266,phek,Total,45-49,6553,3572,2981,2326,776,1550,4227,2796,1431
13,266,phek,Total,50-54,5003,2720,2283,2091,744,1347,2912,1976,936
13,266,phek,Total,55-59,3221,1689,1532,1523,513,1010,1698,1176,522
13,266,phek,Total,60-64,2957,1423,1534,1730,564,1166,1227,859,368
13,266,phek,Total,65-69,2080,1058,1022,1264,465,799,816,593,223
13,266,phek,Total,70-74,1588,789,799,1144,455,689,444,334,110
13,266,phek,Total,75-79,934,483,451,670,267,403,264,216,48
13,266,phek,Total,80+,1186,639,547,884,413,471,302,226,76
13,266,phek,Total,Age not stated,93,58,35,16,8,8,77,50,27
13,266,phek,Rural,All ages,138843,70529,68314,51610,23192,28418,87233,47337,39896
13,266,phek,Rural,0-6,24310,12754,11556,24310,12754,11556,0,0,0
13,266,phek,Rural,7,3759,2011,1748,1460,783,677,2299,1228,1071
13,266,phek,Rural,8,3775,1965,1810,728,365,363,3047,1600,1447
13,266,phek,Rural,9,3512,1792,1720,567,282,285,2945,1510,1435
13,266,phek,Rural,10,4033,2130,1903,546,267,279,3487,1863,1624
13,266,phek,Rural,11,3747,1997,1750,347,171,176,3400,1826,1574
13,266,phek,Rural,12,3593,1832,1761,302,140,162,3291,1692,1599
13,266,phek,Rural,13,3429,1776,1653,181,74,107,3248,1702,1546
13,266,phek,Rural,14,3405,1760,1645,221,104,117,3184,1656,1528
13,266,phek,Rural,15,3358,1705,1653,239,109,130,3119,1596,1523
13,266,phek,Rural,16,3198,1584,1614,234,92,142,2964,1492,1472
13,266,phek,Rural,17,2695,1420,1275,238,100,138,2457,1320,1137
13,266,phek,Rural,18,3029,1500,1529,302,141,161,2727,1359,1368
13,266,phek,Rural,19,2287,1159,1128,272,117,155,2015,1042,973
13,266,phek,Rural,20-24,12441,6021,6420,1853,691,1162,10588,5330,5258
13,266,phek,Rural,25-29,11606,5543,6063,2186,729,1457,9420,4814,4606
13,266,phek,Rural,30-34,10486,5197,5289,2316,815,1501,8170,4382,3788
13,266,phek,Rural,35-39,8528,4175,4353,2292,776,1516,6236,3399,2837
13,266,phek,Rural,40-44,7146,3578,3568,2270,747,1523,4876,2831,2045
13,266,phek,Rural,45-49,5466,2926,2540,2114,725,1389,3352,2201,1151
13,266,phek,Rural,50-54,4259,2275,1984,1917,684,1233,2342,1591,751
13,266,phek,Rural,55-59,2762,1402,1360,1402,479,923,1360,923,437
13,266,phek,Rural,60-64,2650,1261,1389,1596,527,1069,1054,734,320
13,266,phek,Rural,65-69,1879,964,915,1172,442,730,707,522,185
13,266,phek,Rural,70-74,1464,721,743,1078,427,651,386,294,92
13,266,phek,Rural,75-79,860,444,416,632,254,378,228,190,38
13,266,phek,Rural,80+,1083,586,497,820,389,431,263,197,66
13,266,phek,Rural,Age not stated,83,51,32,15,8,7,68,43,25
13,266,phek,Urban,All ages,24575,13214,11361,5915,2625,3290,18660,10589,8071
13,266,phek,Urban,0-6,3442,1751,1691,3442,1751,1691,0,0,0
13,266,phek,Urban,7,554,275,279,152,77,75,402,198,204
13,266,phek,Urban,8,577,301,276,88,47,41,489,254,235
13,266,phek,Urban,9,557,286,271,81,34,47,476,252,224
13,266,phek,Urban,10,704,366,338,53,32,21,651,334,317
13,266,phek,Urban,11,638,316,322,33,18,15,605,298,307
13,266,phek,Urban,12,649,320,329,18,9,9,631,311,320
13,266,phek,Urban,13,600,314,286,13,6,7,587,308,279
13,266,phek,Urban,14,625,340,285,18,8,10,607,332,275
13,266,phek,Urban,15,640,346,294,26,10,16,614,336,278
13,266,phek,Urban,16,663,347,316,18,9,9,645,338,307
13,266,phek,Urban,17,560,280,280,19,9,10,541,271,270
13,266,phek,Urban,18,585,293,292,32,21,11,553,272,281
13,266,phek,Urban,19,510,251,259,18,11,7,492,240,252
13,266,phek,Urban,20-24,2567,1369,1198,154,61,93,2413,1308,1105
13,266,phek,Urban,25-29,2466,1367,1099,184,65,119,2282,1302,980
13,266,phek,Urban,30-34,1882,1007,875,214,63,151,1668,944,724
13,266,phek,Urban,35-39,1802,988,814,228,58,170,1574,930,644
13,266,phek,Urban,40-44,1445,896,549,222,66,156,1223,830,393
13,266,phek,Urban,45-49,1087,646,441,212,51,161,875,595,280
13,266,phek,Urban,50-54,744,445,299,174,60,114,570,385,185
13,266,phek,Urban,55-59,459,287,172,121,34,87,338,253,85
13,266,phek,Urban,60-64,307,162,145,134,37,97,173,125,48
13,266,phek,Urban,65-69,201,94,107,92,23,69,109,71,38
13,266,phek,Urban,70-74,124,68,56,66,28,38,58,40,18
13,266,phek,Urban,75-79,74,39,35,38,13,25,36,26,10
13,266,phek,Urban,80+,103,53,50,64,24,40,39,29,10
13,266,phek,Urban,Age not stated,10,7,3,1,0,1,9,7,2
13,267,tuensang,Total,All ages,196596,101933,94663,79085,38280,40805,117511,63653,53858
13,267,tuensang,Total,0-6,35790,18516,17274,35790,18516,17274,0,0,0
13,267,tuensang,Total,7,5736,3009,2727,2840,1476,1364,2896,1533,1363
13,267,tuensang,Total,8,5482,2853,2629,1832,937,895,3650,1916,1734
13,267,tuensang,Total,9,5326,2797,2529,1552,767,785,3774,2030,1744
13,267,tuensang,Total,10,6142,3216,2926,1574,807,767,4568,2409,2159
13,267,tuensang,Total,11,5463,2860,2603,1017,526,491,4446,2334,2112
13,267,tuensang,Total,12,5567,2893,2674,845,432,413,4722,2461,2261
13,267,tuensang,Total,13,4823,2609,2214,650,361,289,4173,2248,1925
13,267,tuensang,Total,14,4658,2444,2214,565,287,278,4093,2157,1936
13,267,tuensang,Total,15,5234,2753,2481,654,344,310,4580,2409,2171
13,267,tuensang,Total,16,4678,2474,2204,596,332,264,4082,2142,1940
13,267,tuensang,Total,17,4172,2174,1998,497,274,223,3675,1900,1775
13,267,tuensang,Total,18,4687,2404,2283,601,308,293,4086,2096,1990
13,267,tuensang,Total,19,3617,1879,1738,508,242,266,3109,1637,1472
13,267,tuensang,Total,20-24,18111,9069,9042,2816,1327,1489,15295,7742,7553
13,267,tuensang,Total,25-29,15087,7443,7644,2742,1151,1591,12345,6292,6053
13,267,tuensang,Total,30-34,13836,6963,6873,2956,1191,1765,10880,5772,5108
13,267,tuensang,Total,35-39,11775,5771,6004,3152,1198,1954,8623,4573,4050
13,267,tuensang,Total,40-44,9992,5242,4750,3315,1317,1998,6677,3925,2752
13,267,tuensang,Total,45-49,7607,4144,3463,2964,1173,1791,4643,2971,1672
13,267,tuensang,Total,50-54,5720,3197,2523,2850,1211,1639,2870,1986,884
13,267,tuensang,Total,55-59,3721,1974,1747,2113,855,1258,1608,1119,489
13,267,tuensang,Total,60-64,3447,1830,1617,2212,944,1268,1235,886,349
13,267,tuensang,Total,65-69,2096,1152,944,1435,667,768,661,485,176
13,267,tuensang,Total,70-74,1586,901,685,1220,622,598,366,279,87
13,267,tuensang,Total,75-79,907,520,387,727,375,352,180,145,35
13,267,tuensang,Total,80+,1285,811,474,1044,631,413,241,180,61
13,267,tuensang,Total,Age not stated,51,35,16,18,9,9,33,26,7
13,267,tuensang,Rural,All ages,159822,82462,77360,70870,34349,36521,88952,48113,40839
13,267,tuensang,Rural,0-6,30061,15596,14465,30061,15596,14465,0,0,0
13,267,tuensang,Rural,7,4792,2519,2273,2619,1348,1271,2173,1171,1002
13,267,tuensang,Rural,8,4610,2386,2224,1745,893,852,2865,1493,1372
13,267,tuensang,Rural,9,4424,2325,2099,1469,725,744,2955,1600,1355
13,267,tuensang,Rural,10,5148,2687,2461,1510,777,733,3638,1910,1728
13,267,tuensang,Rural,11,4439,2322,2117,954,499,455,3485,1823,1662
13,267,tuensang,Rural,12,4547,2375,2172,822,425,397,3725,1950,1775
13,267,tuensang,Rural,13,3879,2096,1783,625,348,277,3254,1748,1506
13,267,tuensang,Rural,14,3686,1968,1718,539,276,263,3147,1692,1455
13,267,tuensang,Rural,15,4195,2236,1959,631,331,300,3564,1905,1659
13,267,tuensang,Rural,16,3715,1988,1727,571,317,254,3144,1671,1473
13,267,tuensang,Rural,17,3220,1688,1532,462,252,210,2758,1436,1322
13,267,tuensang,Rural,18,3724,1903,1821,574,289,285,3150,1614,1536
13,267,tuensang,Rural,19,2777,1420,1357,478,231,247,2299,1189,1110
13,267,tuensang,Rural,20-24,14004,6955,7049,2674,1270,1404,11330,5685,5645
13,267,tuensang,Rural,25-29,11716,5640,6076,2614,1106,1508,9102,4534,4568
13,267,tuensang,Rural,30-34,10854,5376,5478,2812,1142,1670,8042,4234,3808
13,267,tuensang,Rural,35-39,9499,4558,4941,2972,1137,1835,6527,3421,3106
13,267,tuensang,Rural,40-44,8048,4215,3833,3089,1239,1850,4959,2976,1983
13,267,tuensang,Rural,45-49,6172,3274,2898,2776,1111,1665,3396,2163,1233
13,267,tuensang,Rural,50-54,4743,2584,2159,2671,1149,1522,2072,1435,637
13,267,tuensang,Rural,55-59,3183,1656,1527,1972,807,1165,1211,849,362
13,267,tuensang,Rural,60-64,3021,1579,1442,2067,892,1175,954,687,267
13,267,tuensang,Rural,65-69,1871,1041,830,1346,642,704,525,399,126
13,267,tuensang,Rural,70-74,1450,825,625,1152,597,555,298,228,70
13,267,tuensang,Rural,75-79,830,476,354,677,351,326,153,125,28
13,267,tuensang,Rural,80+,1175,747,428,972,590,382,203,157,46
13,267,tuensang,Rural,Age not stated,39,27,12,16,9,7,23,18,5
13,267,tuensang,Urban,All ages,36774,19471,17303,8215,3931,4284,28559,15540,13019
13,267,tuensang,Urban,0-6,5729,2920,2809,5729,2920,2809,0,0,0
13,267,tuensang,Urban,7,944,490,454,221,128,93,723,362,361
13,267,tuensang,Urban,8,872,467,405,87,44,43,785,423,362
13,267,tuensang,Urban,9,902,472,430,83,42,41,819,430,389
13,267,tuensang,Urban,10,994,529,465,64,30,34,930,499,431
13,267,tuensang,Urban,11,1024,538,486,63,27,36,961,511,450
13,267,tuensang,Urban,12,1020,518,502,23,7,16,997,511,486
13,267,tuensang,Urban,13,944,513,431,25,13,12,919,500,419
13,267,tuensang,Urban,14,972,476,496,26,11,15,946,465,481
13,267,tuensang,Urban,15,1039,517,522,23,13,10,1016,504,512
13,267,tuensang,Urban,16,963,486,477,25,15,10,938,471,467
13,267,tuensang,Urban,17,952,486,466,35,22,13,917,464,453
13,267,tuensang,Urban,18,963,501,462,27,19,8,936,482,454
13,267,tuensang,Urban,19,840,459,381,30,11,19,810,448,362
13,267,tuensang,Urban,20-24,4107,2114,1993,142,57,85,3965,2057,1908
13,267,tuensang,Urban,25-29,3371,1803,1568,128,45,83,3243,1758,1485
13,267,tuensang,Urban,30-34,2982,1587,1395,144,49,95,2838,1538,1300
13,267,tuensang,Urban,35-39,2276,1213,1063,180,61,119,2096,1152,944
13,267,tuensang,Urban,40-44,1944,1027,917,226,78,148,1718,949,769
13,267,tuensang,Urban,45-49,1435,870,565,188,62,126,1247,808,439
13,267,tuensang,Urban,50-54,977,613,364,179,62,117,798,551,247
13,267,tuensang,Urban,55-59,538,318,220,141,48,93,397,270,127
13,267,tuensang,Urban,60-64,426,251,175,145,52,93,281,199,82
13,267,tuensang,Urban,65-69,225,111,114,89,25,64,136,86,50
13,267,tuensang,Urban,70-74,136,76,60,68,25,43,68,51,17
13,267,tuensang,Urban,75-79,77,44,33,50,24,26,27,20,7
13,267,tuensang,Urban,80+,110,64,46,72,41,31,38,23,15
13,267,tuensang,Urban,Age not stated,12,8,4,2,0,2,10,8,2
13,268,longleng,Total,All ages,50484,26502,23982,20625,10363,10262,29859,16139,13720
13,268,longleng,Total,0-6,9110,4832,4278,9110,4832,4278,0,0,0
13,268,longleng,Total,7,1357,713,644,566,284,282,791,429,362
13,268,longleng,Total,8,1259,653,606,349,187,162,910,466,444
13,268,longleng,Total,9,1182,628,554,262,146,116,920,482,438
13,268,longleng,Total,10,1449,756,693,258,142,116,1191,614,577
13,268,longleng,Total,11,1267,690,577,184,105,79,1083,585,498
13,268,longleng,Total,12,1304,646,658,168,85,83,1136,561,575
13,268,longleng,Total,13,1273,685,588,160,92,68,1113,593,520
13,268,longleng,Total,14,1229,656,573,174,103,71,1055,553,502
13,268,longleng,Total,15,1107,555,552,127,71,56,980,484,496
13,268,longleng,Total,16,1120,567,553,107,63,44,1013,504,509
13,268,longleng,Total,17,1028,537,491,99,56,43,929,481,448
13,268,longleng,Total,18,1068,548,520,119,57,62,949,491,458
13,268,longleng,Total,19,877,441,436,109,56,53,768,385,383
13,268,longleng,Total,20-24,4966,2519,2447,859,398,461,4107,2121,1986
13,268,longleng,Total,25-29,4374,2237,2137,907,425,482,3467,1812,1655
13,268,longleng,Total,30-34,3748,1977,1771,972,433,539,2776,1544,1232
13,268,longleng,Total,35-39,2942,1540,1402,919,437,482,2023,1103,920
13,268,longleng,Total,40-44,2529,1287,1242,990,416,574,1539,871,668
13,268,longleng,Total,45-49,1991,1108,883,858,385,473,1133,723,410
13,268,longleng,Total,50-54,1532,854,678,797,358,439,735,496,239
13,268,longleng,Total,55-59,951,525,426,518,234,284,433,291,142
13,268,longleng,Total,60-64,897,497,400,573,285,288,324,212,112
13,268,longleng,Total,65-69,561,279,282,382,157,225,179,122,57
13,268,longleng,Total,70-74,537,278,259,417,193,224,120,85,35
13,268,longleng,Total,75-79,359,193,166,294,149,145,65,44,21
13,268,longleng,Total,80+,434,278,156,343,211,132,91,67,24
13,268,longleng,Total,Age not stated,33,23,10,4,3,1,29,20,9
13,268,longleng,Rural,All ages,42871,22511,20360,18853,9495,9358,24018,13016,11002
13,268,longleng,Rural,0-6,7884,4218,3666,7884,4218,3666,0,0,0
13,268,longleng,Rural,7,1157,619,538,529,270,259,628,349,279
13,268,longleng,Rural,8,1064,554,510,339,183,156,725,371,354
13,268,longleng,Rural,9,990,533,457,252,143,109,738,390,348
13,268,longleng,Rural,10,1235,645,590,250,137,113,985,508,477
13,268,longleng,Rural,11,1095,605,490,178,104,74,917,501,416
13,268,longleng,Rural,12,1102,539,563,160,79,81,942,460,482
13,268,longleng,Rural,13,1062,585,477,156,90,66,906,495,411
13,268,longleng,Rural,14,993,531,462,163,97,66,830,434,396
13,268,longleng,Rural,15,883,434,449,115,64,51,768,370,398
13,268,longleng,Rural,16,918,464,454,105,62,43,813,402,411
13,268,longleng,Rural,17,842,441,401,96,54,42,746,387,359
13,268,longleng,Rural,18,893,465,428,114,53,61,779,412,367
13,268,longleng,Rural,19,736,364,372,102,51,51,634,313,321
13,268,longleng,Rural,20-24,4104,2072,2032,816,371,445,3288,1701,1587
13,268,longleng,Rural,25-29,3641,1852,1789,863,399,464,2778,1453,1325
13,268,longleng,Rural,30-34,3118,1644,1474,924,416,508,2194,1228,966
13,268,longleng,Rural,35-39,2516,1325,1191,879,419,460,1637,906,731
13,268,longleng,Rural,40-44,2155,1079,1076,946,396,550,1209,683,526
13,268,longleng,Rural,45-49,1700,930,770,820,372,448,880,558,322
13,268,longleng,Rural,50-54,1342,734,608,753,336,417,589,398,191
13,268,longleng,Rural,55-59,841,459,382,493,226,267,348,233,115
13,268,longleng,Rural,60-64,809,447,362,542,272,270,267,175,92
13,268,longleng,Rural,65-69,510,252,258,357,149,208,153,103,50
13,268,longleng,Rural,70-74,501,256,245,397,183,214,104,73,31
13,268,longleng,Rural,75-79,342,184,158,287,146,141,55,38,17
13,268,longleng,Rural,80+,407,258,149,329,202,127,78,56,22
13,268,longleng,Rural,Age not stated,31,22,9,4,3,1,27,19,8
13,268,longleng,Urban,All ages,7613,3991,3622,1772,868,904,5841,3123,2718
13,268,longleng,Urban,0-6,1226,614,612,1226,614,612,0,0,0
13,268,longleng,Urban,7,200,94,106,37,14,23,163,80,83
13,268,longleng,Urban,8,195,99,96,10,4,6,185,95,90
13,268,longleng,Urban,9,192,95,97,10,3,7,182,92,90
13,268,longleng,Urban,10,214,111,103,8,5,3,206,106,100
13,268,longleng,Urban,11,172,85,87,6,1,5,166,84,82
13,268,longleng,Urban,12,202,107,95,8,6,2,194,101,93
13,268,longleng,Urban,13,211,100,111,4,2,2,207,98,109
13,268,longleng,Urban,14,236,125,111,11,6,5,225,119,106
13,268,longleng,Urban,15,224,121,103,12,7,5,212,114,98
13,268,longleng,Urban,16,202,103,99,2,1,1,200,102,98
13,268,longleng,Urban,17,186,96,90,3,2,1,183,94,89
13,268,longleng,Urban,18,175,83,92,5,4,1,170,79,91
13,268,longleng,Urban,19,141,77,64,7,5,2,134,72,62
13,268,longleng,Urban,20-24,862,447,415,43,27,16,819,420,399
13,268,longleng,Urban,25-29,733,385,348,44,26,18,689,359,330
13,268,longleng,Urban,30-34,630,333,297,48,17,31,582,316,266
13,268,longleng,Urban,35-39,426,215,211,40,18,22,386,197,189
13,268,longleng,Urban,40-44,374,208,166,44,20,24,330,188,142
13,268,longleng,Urban,45-49,291,178,113,38,13,25,253,165,88
13,268,longleng,Urban,50-54,190,120,70,44,22,22,146,98,48
13,268,longleng,Urban,55-59,110,66,44,25,8,17,85,58,27
13,268,longleng,Urban,60-64,88,50,38,31,13,18,57,37,20
13,268,longleng,Urban,65-69,51,27,24,25,8,17,26,19,7
13,268,longleng,Urban,70-74,36,22,14,20,10,10,16,12,4
13,268,longleng,Urban,75-79,17,9,8,7,3,4,10,6,4
13,268,longleng,Urban,80+,27,20,7,14,9,5,13,11,2
13,268,longleng,Urban,Age not stated,2,1,1,0,0,0,2,1,1
13,269,kiphire,Total,All ages,74004,37830,36174,32772,15155,17617,41232,22675,18557
13,269,kiphire,Total,0-6,14711,7550,7161,14711,7550,7161,0,0,0
13,269,kiphire,Total,7,2229,1219,1010,885,459,426,1344,760,584
13,269,kiphire,Total,8,2191,1152,1039,642,328,314,1549,824,725
13,269,kiphire,Total,9,1999,1001,998,539,272,267,1460,729,731
13,269,kiphire,Total,10,2312,1228,1084,516,259,257,1796,969,827
13,269,kiphire,Total,11,2056,1066,990,408,201,207,1648,865,783
13,269,kiphire,Total,12,2075,1102,973,341,157,184,1734,945,789
13,269,kiphire,Total,13,1902,993,909,283,147,136,1619,846,773
13,269,kiphire,Total,14,1825,976,849,253,136,117,1572,840,732
13,269,kiphire,Total,15,2071,1055,1016,311,134,177,1760,921,839
13,269,kiphire,Total,16,1853,937,916,260,120,140,1593,817,776
13,269,kiphire,Total,17,1595,815,780,239,116,123,1356,699,657
13,269,kiphire,Total,18,1820,903,917,369,159,210,1451,744,707
13,269,kiphire,Total,19,1440,712,728,272,107,165,1168,605,563
13,269,kiphire,Total,20-24,6890,3361,3529,1447,589,858,5443,2772,2671
13,269,kiphire,Total,25-29,5730,2785,2945,1478,521,957,4252,2264,1988
13,269,kiphire,Total,30-34,4819,2496,2323,1450,594,856,3369,1902,1467
13,269,kiphire,Total,35-39,4194,2046,2148,1514,565,949,2680,1481,1199
13,269,kiphire,Total,40-44,3448,1746,1702,1498,549,949,1950,1197,753
13,269,kiphire,Total,45-49,2494,1302,1192,1203,448,755,1291,854,437
13,269,kiphire,Total,50-54,2047,1065,982,1162,426,736,885,639,246
13,269,kiphire,Total,55-59,1341,708,633,805,324,481,536,384,152
13,269,kiphire,Total,60-64,1158,609,549,796,321,475,362,288,74
13,269,kiphire,Total,65-69,669,354,315,480,197,283,189,157,32
13,269,kiphire,Total,70-74,525,291,234,427,210,217,98,81,17
13,269,kiphire,Total,75-79,275,149,126,232,114,118,43,35,8
13,269,kiphire,Total,80+,294,184,110,243,147,96,51,37,14
13,269,kiphire,Total,Age not stated,41,25,16,8,5,3,33,20,13
13,269,kiphire,Rural,All ages,57517,29243,28274,28130,12988,15142,29387,16255,13132
13,269,kiphire,Rural,0-6,11787,6064,5723,11787,6064,5723,0,0,0
13,269,kiphire,Rural,7,1725,946,779,762,402,360,963,544,419
13,269,kiphire,Rural,8,1701,889,812,550,280,270,1151,609,542
13,269,kiphire,Rural,9,1553,777,776,474,234,240,1079,543,536
13,269,kiphire,Rural,10,1824,979,845,468,237,231,1356,742,614
13,269,kiphire,Rural,11,1565,816,749,356,173,183,1209,643,566
13,269,kiphire,Rural,12,1606,848,758,316,144,172,1290,704,586
13,269,kiphire,Rural,13,1397,723,674,255,132,123,1142,591,551
13,269,kiphire,Rural,14,1357,735,622,233,125,108,1124,610,514
13,269,kiphire,Rural,15,1502,775,727,284,121,163,1218,654,564
13,269,kiphire,Rural,16,1354,690,664,234,106,128,1120,584,536
13,269,kiphire,Rural,17,1150,591,559,222,106,116,928,485,443
13,269,kiphire,Rural,18,1367,664,703,337,144,193,1030,520,510
13,269,kiphire,Rural,19,1066,499,567,253,97,156,813,402,411
13,269,kiphire,Rural,20-24,5178,2502,2676,1348,541,807,3830,1961,1869
13,269,kiphire,Rural,25-29,4341,2060,2281,1384,486,898,2957,1574,1383
13,269,kiphire,Rural,30-34,3623,1872,1751,1306,551,755,2317,1321,996
13,269,kiphire,Rural,35-39,3343,1613,1730,1399,527,872,1944,1086,858
13,269,kiphire,Rural,40-44,2731,1377,1354,1343,502,841,1388,875,513
13,269,kiphire,Rural,45-49,1983,1015,968,1057,407,650,926,608,318
13,269,kiphire,Rural,50-54,1644,832,812,1026,384,642,618,448,170
13,269,kiphire,Rural,55-59,1109,565,544,726,298,428,383,267,116
13,269,kiphire,Rural,60-64,988,515,473,719,295,424,269,220,49
13,269,kiphire,Rural,65-69,593,306,287,445,182,263,148,124,24
13,269,kiphire,Rural,70-74,481,267,214,402,202,200,79,65,14
13,269,kiphire,Rural,75-79,249,132,117,217,108,109,32,24,8
13,269,kiphire,Rural,80+,262,168,94,220,135,85,42,33,9
13,269,kiphire,Rural,Age not stated,38,23,15,7,5,2,31,18,13
13,269,kiphire,Urban,All ages,16487,8587,7900,4642,2167,2475,11845,6420,5425
13,269,kiphire,Urban,0-6,2924,1486,1438,2924,1486,1438,0,0,0
13,269,kiphire,Urban,7,504,273,231,123,57,66,381,216,165
13,269,kiphire,Urban,8,490,263,227,92,48,44,398,215,183
13,269,kiphire,Urban,9,446,224,222,65,38,27,381,186,195
13,269,kiphire,Urban,10,488,249,239,48,22,26,440,227,213
13,269,kiphire,Urban,11,491,250,241,52,28,24,439,222,217
13,269,kiphire,Urban,12,469,254,215,25,13,12,444,241,203
13,269,kiphire,Urban,13,505,270,235,28,15,13,477,255,222
13,269,kiphire,Urban,14,468,241,227,20,11,9,448,230,218
13,269,kiphire,Urban,15,569,280,289,27,13,14,542,267,275
13,269,kiphire,Urban,16,499,247,252,26,14,12,473,233,240
13,269,kiphire,Urban,17,445,224,221,17,10,7,428,214,214
13,269,kiphire,Urban,18,453,239,214,32,15,17,421,224,197
13,269,kiphire,Urban,19,374,213,161,19,10,9,355,203,152
13,269,kiphire,Urban,20-24,1712,859,853,99,48,51,1613,811,802
13,269,kiphire,Urban,25-29,1389,725,664,94,35,59,1295,690,605
13,269,kiphire,Urban,30-34,1196,624,572,144,43,101,1052,581,471
13,269,kiphire,Urban,35-39,851,433,418,115,38,77,736,395,341
13,269,kiphire,Urban,40-44,717,369,348,155,47,108,562,322,240
13,269,kiphire,Urban,45-49,511,287,224,146,41,105,365,246,119
13,269,kiphire,Urban,50-54,403,233,170,136,42,94,267,191,76
13,269,kiphire,Urban,55-59,232,143,89,79,26,53,153,117,36
13,269,kiphire,Urban,60-64,170,94,76,77,26,51,93,68,25
13,269,kiphire,Urban,65-69,76,48,28,35,15,20,41,33,8
13,269,kiphire,Urban,70-74,44,24,20,25,8,17,19,16,3
13,269,kiphire,Urban,75-79,26,17,9,15,6,9,11,11,0
13,269,kiphire,Urban,80+,32,16,16,23,12,11,9,4,5
13,269,kiphire,Urban,Age not stated,3,2,1,1,0,1,2,2,0
13,270,kohima,Total,All ages,267988,138966,129022,70499,31928,38571,197489,107038,90451
13,270,kohima,Total,0-6,36286,18279,18007,36286,18279,18007,0,0,0
13,270,kohima,Total,7,5917,2993,2924,1924,966,958,3993,2027,1966
13,270,kohima,Total,8,5602,2890,2712,948,498,450,4654,2392,2262
13,270,kohima,Total,9,6046,3095,2951,917,478,439,5129,2617,2512
13,270,kohima,Total,10,6709,3307,3402,880,420,460,5829,2887,2942
13,270,kohima,Total,11,6311,3185,3126,539,273,266,5772,2912,2860
13,270,kohima,Total,12,6424,3302,3122,420,197,223,6004,3105,2899
13,270,kohima,Total,13,6206,3188,3018,384,175,209,5822,3013,2809
13,270,kohima,Total,14,6190,3218,2972,352,186,166,5838,3032,2806
13,270,kohima,Total,15,6480,3313,3167,405,190,215,6075,3123,2952
13,270,kohima,Total,16,6376,3278,3098,365,171,194,6011,3107,2904
13,270,kohima,Total,17,5900,2973,2927,362,170,192,5538,2803,2735
13,270,kohima,Total,18,6770,3470,3300,410,213,197,6360,3257,3103
13,270,kohima,Total,19,5838,2974,2864,358,171,187,5480,2803,2677
13,270,kohima,Total,20-24,29633,15417,14216,2300,1056,1244,27333,14361,12972
13,270,kohima,Total,25-29,27013,14132,12881,2607,1121,1486,24406,13011,11395
13,270,kohima,Total,30-34,22561,11680,10881,2601,1012,1589,19960,10668,9292
13,270,kohima,Total,35-39,19057,9809,9248,2799,972,1827,16258,8837,7421
13,270,kohima,Total,40-44,15153,8422,6731,2776,1021,1755,12377,7401,4976
13,270,kohima,Total,45-49,11714,6460,5254,2585,882,1703,9129,5578,3551
13,270,kohima,Total,50-54,8264,4575,3689,2263,807,1456,6001,3768,2233
13,270,kohima,Total,55-59,5516,3039,2477,1749,578,1171,3767,2461,1306
13,270,kohima,Total,60-64,4016,2136,1880,1616,562,1054,2400,1574,826
13,270,kohima,Total,65-69,2835,1386,1449,1399,422,977,1436,964,472
13,270,kohima,Total,70-74,1880,909,971,1149,393,756,731,516,215
13,270,kohima,Total,75-79,1296,603,693,837,275,562,459,328,131
13,270,kohima,Total,80+,1750,795,955,1197,414,783,553,381,172
13,270,kohima,Total,Age not stated,245,138,107,71,26,45,174,112,62
13,270,kohima,Rural,All ages,146900,76369,70531,44916,20098,24818,101984,56271,45713
13,270,kohima,Rural,0-6,21211,10707,10504,21211,10707,10504,0,0,0
13,270,kohima,Rural,7,3480,1747,1733,1345,669,676,2135,1078,1057
13,270,kohima,Rural,8,3200,1682,1518,714,376,338,2486,1306,1180
13,270,kohima,Rural,9,3566,1841,1725,704,360,344,2862,1481,1381
13,270,kohima,Rural,10,4001,1991,2010,653,312,341,3348,1679,1669
13,270,kohima,Rural,11,3570,1810,1760,387,209,178,3183,1601,1582
13,270,kohima,Rural,12,3674,1921,1753,285,140,145,3389,1781,1608
13,270,kohima,Rural,13,3378,1758,1620,229,111,118,3149,1647,1502
13,270,kohima,Rural,14,3376,1764,1612,209,117,92,3167,1647,1520
13,270,kohima,Rural,15,3514,1792,1722,211,93,118,3303,1699,1604
13,270,kohima,Rural,16,3361,1747,1614,186,86,100,3175,1661,1514
13,270,kohima,Rural,17,2992,1520,1472,189,91,98,2803,1429,1374
13,270,kohima,Rural,18,3515,1776,1739,225,112,113,3290,1664,1626
13,270,kohima,Rural,19,3032,1505,1527,203,94,109,2829,1411,1418
13,270,kohima,Rural,20-24,15362,7978,7384,1407,606,801,13955,7372,6583
13,270,kohima,Rural,25-29,14162,7526,6636,1638,660,978,12524,6866,5658
13,270,kohima,Rural,30-34,11811,6328,5483,1712,647,1065,10099,5681,4418
13,270,kohima,Rural,35-39,9820,5121,4699,1818,620,1198,8002,4501,3501
13,270,kohima,Rural,40-44,7937,4471,3466,1876,700,1176,6061,3771,2290
13,270,kohima,Rural,45-49,6057,3281,2776,1800,615,1185,4257,2666,1591
13,270,kohima,Rural,50-54,4519,2390,2129,1670,572,1098,2849,1818,1031
13,270,kohima,Rural,55-59,3079,1623,1456,1295,449,846,1784,1174,610
13,270,kohima,Rural,60-64,2547,1317,1230,1260,453,807,1287,864,423
13,270,kohima,Rural,65-69,1916,935,981,1076,336,740,840,599,241
13,270,kohima,Rural,70-74,1392,680,712,947,349,598,445,331,114
13,270,kohima,Rural,75-79,955,444,511,679,245,434,276,199,77
13,270,kohima,Rural,80+,1276,606,670,921,345,576,355,261,94
13,270,kohima,Rural,Age not stated,197,108,89,66,24,42,131,84,47
13,270,kohima,Urban,All ages,121088,62597,58491,25583,11830,13753,95505,50767,44738
13,270,kohima,Urban,0-6,15075,7572,7503,15075,7572,7503,0,0,0
13,270,kohima,Urban,7,2437,1246,1191,579,297,282,1858,949,909
13,270,kohima,Urban,8,2402,1208,1194,234,122,112,2168,1086,1082
13,270,kohima,Urban,9,2480,1254,1226,213,118,95,2267,1136,1131
13,270,kohima,Urban,10,2708,1316,1392,227,108,119,2481,1208,1273
13,270,kohima,Urban,11,2741,1375,1366,152,64,88,2589,1311,1278
13,270,kohima,Urban,12,2750,1381,1369,135,57,78,2615,1324,1291
13,270,kohima,Urban,13,2828,1430,1398,155,64,91,2673,1366,1307
13,270,kohima,Urban,14,2814,1454,1360,143,69,74,2671,1385,1286
13,270,kohima,Urban,15,2966,1521,1445,194,97,97,2772,1424,1348
13,270,kohima,Urban,16,3015,1531,1484,179,85,94,2836,1446,1390
13,270,kohima,Urban,17,2908,1453,1455,173,79,94,2735,1374,1361
13,270,kohima,Urban,18,3255,1694,1561,185,101,84,3070,1593,1477
13,270,kohima,Urban,19,2806,1469,1337,155,77,78,2651,1392,1259
13,270,kohima,Urban,20-24,14271,7439,6832,893,450,443,13378,6989,6389
13,270,kohima,Urban,25-29,12851,6606,6245,969,461,508,11882,6145,5737
13,270,kohima,Urban,30-34,10750,5352,5398,889,365,524,9861,4987,4874
13,270,kohima,Urban,35-39,9237,4688,4549,981,352,629,8256,4336,3920
13,270,kohima,Urban,40-44,7216,3951,3265,900,321,579,6316,3630,2686
13,270,kohima,Urban,45-49,5657,3179,2478,785,267,518,4872,2912,1960
13,270,kohima,Urban,50-54,3745,2185,1560,593,235,358,3152,1950,1202
13,270,kohima,Urban,55-59,2437,1416,1021,454,129,325,1983,1287,696
13,270,kohima,Urban,60-64,1469,819,650,356,109,247,1113,710,403
13,270,kohima,Urban,65-69,919,451,468,323,86,237,596,365,231
13,270,kohima,Urban,70-74,488,229,259,202,44,158,286,185,101
13,270,kohima,Urban,75-79,341,159,182,158,30,128,183,129,54
13,270,kohima,Urban,80+,474,189,285,276,69,207,198,120,78
13,270,kohima,Urban,Age not stated,48,30,18,5,2,3,43,28,15
13,271,peren,Total,All ages,95219,49714,45505,33015,15130,17885,62204,34584,27620
13,271,peren,Total,0-6,15415,7967,7448,15415,7967,7448,0,0,0
13,271,peren,Total,7,2458,1238,1220,1223,611,612,1235,627,608
13,271,peren,Total,8,2315,1196,1119,688,332,356,1627,864,763
13,271,peren,Total,9,2437,1286,1151,590,306,284,1847,980,867
13,271,peren,Total,10,2811,1484,1327,549,294,255,2262,1190,1072
13,271,peren,Total,11,2590,1395,1195,339,166,173,2251,1229,1022
13,271,peren,Total,12,2641,1425,1216,253,133,120,2388,1292,1096
13,271,peren,Total,13,2398,1263,1135,216,99,117,2182,1164,1018
13,271,peren,Total,14,2453,1329,1124,215,111,104,2238,1218,1020
13,271,peren,Total,15,2534,1354,1180,231,111,120,2303,1243,1060
13,271,peren,Total,16,2355,1194,1161,208,92,116,2147,1102,1045
13,271,peren,Total,17,2044,1034,1010,172,77,95,1872,957,915
13,271,peren,Total,18,2469,1238,1231,250,117,133,2219,1121,1098
13,271,peren,Total,19,1874,988,886,194,84,110,1680,904,776
13,271,peren,Total,20-24,9300,4761,4539,1178,482,696,8122,4279,3843
13,271,peren,Total,25-29,8299,4244,4055,1198,446,752,7101,3798,3303
13,271,peren,Total,30-34,6807,3626,3181,1119,388,731,5688,3238,2450
13,271,peren,Total,35-39,5942,3022,2920,1434,463,971,4508,2559,1949
13,271,peren,Total,40-44,4883,2602,2281,1497,569,928,3386,2033,1353
13,271,peren,Total,45-49,3965,2143,1822,1390,516,874,2575,1627,948
13,271,peren,Total,50-54,2983,1609,1374,1219,457,762,1764,1152,612
13,271,peren,Total,55-59,1921,1016,905,932,327,605,989,689,300
13,271,peren,Total,60-64,1682,917,765,878,338,540,804,579,225
13,271,peren,Total,65-69,967,511,456,517,202,315,450,309,141
13,271,peren,Total,70-74,670,346,324,452,171,281,218,175,43
13,271,peren,Total,75-79,414,222,192,291,126,165,123,96,27
13,271,peren,Total,80+,519,267,252,346,138,208,173,129,44
13,271,peren,Total,Age not stated,73,37,36,21,7,14,52,30,22
13,271,peren,Rural,All ages,81429,42860,38569,29074,13460,15614,52355,29400,22955
13,271,peren,Rural,0-6,13137,6835,6302,13137,6835,6302,0,0,0
13,271,peren,Rural,7,2085,1066,1019,1092,557,535,993,509,484
13,271,peren,Rural,8,2000,1030,970,648,310,338,1352,720,632
13,271,peren,Rural,9,2062,1086,976,538,283,255,1524,803,721
13,271,peren,Rural,10,2433,1289,1144,497,273,224,1936,1016,920
13,271,peren,Rural,11,2217,1192,1025,316,155,161,1901,1037,864
13,271,peren,Rural,12,2253,1237,1016,237,125,112,2016,1112,904
13,271,peren,Rural,13,1985,1063,922,195,91,104,1790,972,818
13,271,peren,Rural,14,2090,1140,950,192,100,92,1898,1040,858
13,271,peren,Rural,15,2179,1172,1007,211,102,109,1968,1070,898
13,271,peren,Rural,16,2030,1033,997,188,83,105,1842,950,892
13,271,peren,Rural,17,1733,896,837,162,76,86,1571,820,751
13,271,peren,Rural,18,2150,1081,1069,233,110,123,1917,971,946
13,271,peren,Rural,19,1596,846,750,181,78,103,1415,768,647
13,271,peren,Rural,20-24,7867,4086,3781,1070,453,617,6797,3633,3164
13,271,peren,Rural,25-29,6972,3606,3366,1075,403,672,5897,3203,2694
13,271,peren,Rural,30-34,5773,3140,2633,982,346,636,4791,2794,1997
13,271,peren,Rural,35-39,5147,2612,2535,1304,428,876,3843,2184,1659
13,271,peren,Rural,40-44,4292,2310,1982,1371,541,830,2921,1769,1152
13,271,peren,Rural,45-49,3417,1858,1559,1269,483,786,2148,1375,773
13,271,peren,Rural,50-54,2556,1381,1175,1086,419,667,1470,962,508
13,271,peren,Rural,55-59,1677,880,797,851,304,547,826,576,250
13,271,peren,Rural,60-64,1464,794,670,789,314,475,675,480,195
13,271,peren,Rural,65-69,836,442,394,468,184,284,368,258,110
13,271,peren,Rural,70-74,591,309,282,403,159,244,188,150,38
13,271,peren,Rural,75-79,371,201,170,267,117,150,104,84,20
13,271,peren,Rural,80+,447,239,208,293,124,169,154,115,39
13,271,peren,Rural,Age not stated,69,36,33,19,7,12,50,29,21
13,271,peren,Urban,All ages,13790,6854,6936,3941,1670,2271,9849,5184,4665
13,271,peren,Urban,0-6,2278,1132,1146,2278,1132,1146,0,0,0
13,271,peren,Urban,7,373,172,201,131,54,77,242,118,124
13,271,peren,Urban,8,315,166,149,40,22,18,275,144,131
13,271,peren,Urban,9,375,200,175,52,23,29,323,177,146
13,271,peren,Urban,10,378,195,183,52,21,31,326,174,152
13,271,peren,Urban,11,373,203,170,23,11,12,350,192,158
13,271,peren,Urban,12,388,188,200,16,8,8,372,180,192
13,271,peren,Urban,13,413,200,213,21,8,13,392,192,200
13,271,peren,Urban,14,363,189,174,23,11,12,340,178,162
13,271,peren,Urban,15,355,182,173,20,9,11,335,173,162
13,271,peren,Urban,16,325,161,164,20,9,11,305,152,153
13,271,peren,Urban,17,311,138,173,10,1,9,301,137,164
13,271,peren,Urban,18,319,157,162,17,7,10,302,150,152
13,271,peren,Urban,19,278,142,136,13,6,7,265,136,129
13,271,peren,Urban,20-24,1433,675,758,108,29,79,1325,646,679
13,271,peren,Urban,25-29,1327,638,689,123,43,80,1204,595,609
13,271,peren,Urban,30-34,1034,486,548,137,42,95,897,444,453
13,271,peren,Urban,35-39,795,410,385,130,35,95,665,375,290
13,271,peren,Urban,40-44,591,292,299,126,28,98,465,264,201
13,271,peren,Urban,45-49,548,285,263,121,33,88,427,252,175
13,271,peren,Urban,50-54,427,228,199,133,38,95,294,190,104
13,271,peren,Urban,55-59,244,136,108,81,23,58,163,113,50
13,271,peren,Urban,60-64,218,123,95,89,24,65,129,99,30
13,271,peren,Urban,65-69,131,69,62,49,18,31,82,51,31
13,271,peren,Urban,70-74,79,37,42,49,12,37,30,25,5
13,271,peren,Urban,75-79,43,21,22,24,9,15,19,12,7
13,271,peren,Urban,80+,72,28,44,53,14,39,19,14,5
13,271,peren,Urban,Age not stated,4,1,3,2,0,2,2,1,1
24,468,kachchh,Total,All ages,2092371,1096737,995634,840052,357498,482554,1252319,739239,513080
24,468,kachchh,Total,0-6,318412,165739,152673,318412,165739,152673,0,0,0
24,468,kachchh,Total,7,47009,24422,22587,11883,5861,6022,35126,18561,16565
24,468,kachchh,Total,8,46360,24143,22217,7119,3360,3759,39241,20783,18458
24,468,kachchh,Total,9,41488,21587,19901,4262,1813,2449,37226,19774,17452
24,468,kachchh,Total,10,49520,26063,23457,5598,2501,3097,43922,23562,20360
24,468,kachchh,Total,11,43300,22892,20408,3586,1496,2090,39714,21396,18318
24,468,kachchh,Total,12,44639,23420,21219,4487,1794,2693,40152,21626,18526
24,468,kachchh,Total,13,41144,21586,19558,3878,1444,2434,37266,20142,17124
24,468,kachchh,Total,14,41656,22006,19650,4158,1521,2637,37498,20485,17013
24,468,kachchh,Total,15,41664,22013,19651,5458,2171,3287,36206,19842,16364
24,468,kachchh,Total,16,39299,20604,18695,5154,1967,3187,34145,18637,15508
24,468,kachchh,Total,17,36856,19495,17361,4791,1827,2964,32065,17668,14397
24,468,kachchh,Total,18,44892,24282,20610,7607,2929,4678,37285,21353,15932
24,468,kachchh,Total,19,36977,19730,17247,5620,1978,3642,31357,17752,13605
24,468,kachchh,Total,20-24,212109,114828,97281,44329,15242,29087,167780,99586,68194
24,468,kachchh,Total,25-29,193279,103887,89392,48189,16265,31924,145090,87622,57468
24,468,kachchh,Total,30-34,163578,87776,75802,49243,17034,32209,114335,70742,43593
24,468,kachchh,Total,35-39,140596,74985,65611,50566,18293,32273,90030,56692,33338
24,468,kachchh,Total,40-44,120342,64028,56314,49759,18849,30910,70583,45179,25404
24,468,kachchh,Total,45-49,99536,51569,47967,43913,16081,27832,55623,35488,20135
24,468,kachchh,Total,50-54,82780,44464,38316,39993,16472,23521,42787,27992,14795
24,468,kachchh,Total,55-59,57090,29056,28034,28328,10163,18165,28762,18893,9869
24,468,kachchh,Total,60-64,50967,25037,25930,29900,11420,18480,21067,13617,7450
24,468,kachchh,Total,65-69,33485,15261,18224,20139,6788,13351,13346,8473,4873
24,468,kachchh,Total,70-74,29279,13169,16110,19818,7125,12693,9461,6044,3417
24,468,kachchh,Total,75-79,13433,5719,7714,8706,2739,5967,4727,2980,1747
24,468,kachchh,Total,80+,19052,7067,11985,14040,4160,9880,5012,2907,2105
24,468,kachchh,Total,Age not stated,3629,1909,1720,1116,466,650,2513,1443,1070
24,468,kachchh,Rural,All ages,1363836,713524,650312,622914,264339,358575,740922,449185,291737
24,468,kachchh,Rural,0-6,222543,115533,107010,222543,115533,107010,0,0,0
24,468,kachchh,Rural,7,32372,16691,15681,8723,4283,4440,23649,12408,11241
24,468,kachchh,Rural,8,32251,16664,15587,5156,2412,2744,27095,14252,12843
24,468,kachchh,Rural,9,28702,14864,13838,3025,1253,1772,25677,13611,12066
24,468,kachchh,Rural,10,34136,17925,16211,3919,1699,2220,30217,16226,13991
24,468,kachchh,Rural,11,29416,15447,13969,2527,1038,1489,26889,14409,12480
24,468,kachchh,Rural,12,30448,15912,14536,3205,1222,1983,27243,14690,12553
24,468,kachchh,Rural,13,27532,14284,13248,2833,1006,1827,24699,13278,11421
24,468,kachchh,Rural,14,27896,14593,13303,3061,1115,1946,24835,13478,11357
24,468,kachchh,Rural,15,27871,14430,13441,4053,1547,2506,23818,12883,10935
24,468,kachchh,Rural,16,26175,13613,12562,3830,1429,2401,22345,12184,10161
24,468,kachchh,Rural,17,24089,12565,11524,3517,1296,2221,20572,11269,9303
24,468,kachchh,Rural,18,29942,16088,13854,5776,2159,3617,24166,13929,10237
24,468,kachchh,Rural,19,23718,12635,11083,4179,1404,2775,19539,11231,8308
24,468,kachchh,Rural,20-24,137723,75800,61923,33706,11396,22310,104017,64404,39613
24,468,kachchh,Rural,25-29,121246,66140,55106,37047,12440,24607,84199,53700,30499
24,468,kachchh,Rural,30-34,101270,54522,46748,38013,13132,24881,63257,41390,21867
24,468,kachchh,Rural,35-39,86260,46200,40060,38858,14341,24517,47402,31859,15543
24,468,kachchh,Rural,40-44,73690,39020,34670,38134,14763,23371,35556,24257,11299
24,468,kachchh,Rural,45-49,60896,31280,29616,33862,12705,21157,27034,18575,8459
24,468,kachchh,Rural,50-54,51339,27532,23807,31101,13225,17876,20238,14307,5931
24,468,kachchh,Rural,55-59,35421,17572,17849,22208,8190,14018,13213,9382,3831
24,468,kachchh,Rural,60-64,33283,16280,17003,23492,9333,14159,9791,6947,2844
24,468,kachchh,Rural,65-69,21925,9729,12196,15881,5548,10333,6044,4181,1863
24,468,kachchh,Rural,70-74,20292,8983,11309,15856,5932,9924,4436,3051,1385
24,468,kachchh,Rural,75-79,9101,3758,5343,6926,2276,4650,2175,1482,693
24,468,kachchh,Rural,80+,13308,4927,8381,11056,3487,7569,2252,1440,812
24,468,kachchh,Rural,Age not stated,991,537,454,427,175,252,564,362,202
24,468,kachchh,Urban,All ages,728535,383213,345322,217138,93159,123979,511397,290054,221343
24,468,kachchh,Urban,0-6,95869,50206,45663,95869,50206,45663,0,0,0
24,468,kachchh,Urban,7,14637,7731,6906,3160,1578,1582,11477,6153,5324
24,468,kachchh,Urban,8,14109,7479,6630,1963,948,1015,12146,6531,5615
24,468,kachchh,Urban,9,12786,6723,6063,1237,560,677,11549,6163,5386
24,468,kachchh,Urban,10,15384,8138,7246,1679,802,877,13705,7336,6369
24,468,kachchh,Urban,11,13884,7445,6439,1059,458,601,12825,6987,5838
24,468,kachchh,Urban,12,14191,7508,6683,1282,572,710,12909,6936,5973
24,468,kachchh,Urban,13,13612,7302,6310,1045,438,607,12567,6864,5703
24,468,kachchh,Urban,14,13760,7413,6347,1097,406,691,12663,7007,5656
24,468,kachchh,Urban,15,13793,7583,6210,1405,624,781,12388,6959,5429
24,468,kachchh,Urban,16,13124,6991,6133,1324,538,786,11800,6453,5347
24,468,kachchh,Urban,17,12767,6930,5837,1274,531,743,11493,6399,5094
24,468,kachchh,Urban,18,14950,8194,6756,1831,770,1061,13119,7424,5695
24,468,kachchh,Urban,19,13259,7095,6164,1441,574,867,11818,6521,5297
24,468,kachchh,Urban,20-24,74386,39028,35358,10623,3846,6777,63763,35182,28581
24,468,kachchh,Urban,25-29,72033,37747,34286,11142,3825,7317,60891,33922,26969
24,468,kachchh,Urban,30-34,62308,33254,29054,11230,3902,7328,51078,29352,21726
24,468,kachchh,Urban,35-39,54336,28785,25551,11708,3952,7756,42628,24833,17795
24,468,kachchh,Urban,40-44,46652,25008,21644,11625,4086,7539,35027,20922,14105
24,468,kachchh,Urban,45-49,38640,20289,18351,10051,3376,6675,28589,16913,11676
24,468,kachchh,Urban,50-54,31441,16932,14509,8892,3247,5645,22549,13685,8864
24,468,kachchh,Urban,55-59,21669,11484,10185,6120,1973,4147,15549,9511,6038
24,468,kachchh,Urban,60-64,17684,8757,8927,6408,2087,4321,11276,6670,4606
24,468,kachchh,Urban,65-69,11560,5532,6028,4258,1240,3018,7302,4292,3010
24,468,kachchh,Urban,70-74,8987,4186,4801,3962,1193,2769,5025,2993,2032
24,468,kachchh,Urban,75-79,4332,1961,2371,1780,463,1317,2552,1498,1054
24,468,kachchh,Urban,80+,5744,2140,3604,2984,673,2311,2760,1467,1293
24,468,kachchh,Urban,Age not stated,2638,1372,1266,689,291,398,1949,1081,868
24,469,banas kantha,Total,All ages,3120506,1610379,1510127,1415583,561977,853606,1704923,1048402,656521
24,469,banas kantha,Total,0-6,510310,268858,241452,510310,268858,241452,0,0,0
24,469,banas kantha,Total,7,78204,41236,36968,18437,9007,9430,59767,32229,27538
24,469,banas kantha,Total,8,81321,42738,38583,9688,4327,5361,71633,38411,33222
24,469,banas kantha,Total,9,72679,38546,34133,5575,2323,3252,67104,36223,30881
24,469,banas kantha,Total,10,85238,44637,40601,7216,2911,4305,78022,41726,36296
24,469,banas kantha,Total,11,73211,39033,34178,4397,1599,2798,68814,37434,31380
24,469,banas kantha,Total,12,78858,41347,37511,5949,1959,3990,72909,39388,33521
24,469,banas kantha,Total,13,71410,37508,33902,5364,1636,3728,66046,35872,30174
24,469,banas kantha,Total,14,68918,36637,32281,5899,1725,4174,63019,34912,28107
24,469,banas kantha,Total,15,72543,38575,33968,8298,2566,5732,64245,36009,28236
24,469,banas kantha,Total,16,67923,36114,31809,8005,2328,5677,59918,33786,26132
24,469,banas kantha,Total,17,58326,31473,26853,6982,1961,5021,51344,29512,21832
24,469,banas kantha,Total,18,73542,39298,34244,11992,3298,8694,61550,36000,25550
24,469,banas kantha,Total,19,52319,26881,25438,8712,1933,6779,43607,24948,18659
24,469,banas kantha,Total,20-24,287527,148851,138676,69563,16664,52899,217964,132187,85777
24,469,banas kantha,Total,25-29,252372,130579,121793,82854,21049,61805,169518,109530,59988
24,469,banas kantha,Total,30-34,228441,115957,112484,92888,25452,67436,135553,90505,45048
24,469,banas kantha,Total,35-39,199054,102613,96441,95011,29898,65113,104043,72715,31328
24,469,banas kantha,Total,40-44,170741,87277,83464,92726,30921,61805,78015,56356,21659
24,469,banas kantha,Total,45-49,140176,71225,68951,83104,28753,54351,57072,42472,14600
24,469,banas kantha,Total,50-54,112517,58176,54341,72121,27299,44822,40396,30877,9519
24,469,banas kantha,Total,55-59,83990,40453,43537,56630,19496,37134,27360,20957,6403
24,469,banas kantha,Total,60-64,75176,37065,38111,54097,20545,33552,21079,16520,4559
24,469,banas kantha,Total,65-69,48327,21959,26368,36505,12668,23837,11822,9291,2531
24,469,banas kantha,Total,70-74,37843,17103,20740,30933,11680,19253,6910,5423,1487
24,469,banas kantha,Total,75-79,16399,6655,9744,13633,4558,9075,2766,2097,669
24,469,banas kantha,Total,80+,20541,8237,12304,17557,6128,11429,2984,2109,875
24,469,banas kantha,Total,Age not stated,2600,1348,1252,1137,435,702,1463,913,550
24,469,banas kantha,Rural,All ages,2705591,1393741,1311850,1290027,512102,777925,1415564,881639,533925
24,469,banas kantha,Rural,0-6,455406,239285,216121,455406,239285,216121,0,0,0
24,469,banas kantha,Rural,7,69356,36378,32978,16810,8166,8644,52546,28212,24334
24,469,banas kantha,Rural,8,72577,38000,34577,8831,3913,4918,63746,34087,29659
24,469,banas kantha,Rural,9,64561,34024,30537,5064,2085,2979,59497,31939,27558
24,469,banas kantha,Rural,10,75667,39420,36247,6547,2621,3926,69120,36799,32321
24,469,banas kantha,Rural,11,64520,34197,30323,3923,1384,2539,60597,32813,27784
24,469,banas kantha,Rural,12,69386,36108,33278,5352,1699,3653,64034,34409,29625
24,469,banas kantha,Rural,13,62518,32640,29878,4919,1469,3450,57599,31171,26428
24,469,banas kantha,Rural,14,60167,31776,28391,5435,1536,3899,54732,30240,24492
24,469,banas kantha,Rural,15,63452,33495,29957,7565,2252,5313,55887,31243,24644
24,469,banas kantha,Rural,16,59306,31365,27941,7412,2102,5310,51894,29263,22631
24,469,banas kantha,Rural,17,50087,26858,23229,6418,1738,4680,43669,25120,18549
24,469,banas kantha,Rural,18,63631,33875,29756,10966,2902,8064,52665,30973,21692
24,469,banas kantha,Rural,19,44428,22703,21725,8039,1715,6324,36389,20988,15401
24,469,banas kantha,Rural,20-24,246084,127566,118518,64335,15140,49195,181749,112426,69323
24,469,banas kantha,Rural,25-29,216020,112151,103869,76955,19479,57476,139065,92672,46393
24,469,banas kantha,Rural,30-34,195222,99203,96019,86217,23758,62459,109005,75445,33560
24,469,banas kantha,Rural,35-39,168974,87256,81718,88002,27962,60040,80972,59294,21678
24,469,banas kantha,Rural,40-44,144867,74135,70732,85611,28980,56631,59256,45155,14101
24,469,banas kantha,Rural,45-49,118572,60179,58393,76656,27069,49587,41916,33110,8806
24,469,banas kantha,Rural,50-54,95342,49168,46174,66502,25672,40830,28840,23496,5344
24,469,banas kantha,Rural,55-59,71483,34099,37384,52338,18461,33877,19145,15638,3507
24,469,banas kantha,Rural,60-64,64869,31965,32904,49723,19358,30365,15146,12607,2539
24,469,banas kantha,Rural,65-69,41808,18912,22896,33376,11927,21449,8432,6985,1447
24,469,banas kantha,Rural,70-74,32993,14895,18098,28285,10993,17292,4708,3902,806
24,469,banas kantha,Rural,75-79,14169,5677,8492,12459,4298,8161,1710,1379,331
24,469,banas kantha,Rural,80+,17805,7202,10603,15828,5731,10097,1977,1471,506
24,469,banas kantha,Rural,Age not stated,2321,1209,1112,1053,407,646,1268,802,466
24,469,banas kantha,Urban,All ages,414915,216638,198277,125556,49875,75681,289359,166763,122596
24,469,banas kantha,Urban,0-6,54904,29573,25331,54904,29573,25331,0,0,0
24,469,banas kantha,Urban,7,8848,4858,3990,1627,841,786,7221,4017,3204
24,469,banas kantha,Urban,8,8744,4738,4006,857,414,443,7887,4324,3563
24,469,banas kantha,Urban,9,8118,4522,3596,511,238,273,7607,4284,3323
24,469,banas kantha,Urban,10,9571,5217,4354,669,290,379,8902,4927,3975
24,469,banas kantha,Urban,11,8691,4836,3855,474,215,259,8217,4621,3596
24,469,banas kantha,Urban,12,9472,5239,4233,597,260,337,8875,4979,3896
24,469,banas kantha,Urban,13,8892,4868,4024,445,167,278,8447,4701,3746
24,469,banas kantha,Urban,14,8751,4861,3890,464,189,275,8287,4672,3615
24,469,banas kantha,Urban,15,9091,5080,4011,733,314,419,8358,4766,3592
24,469,banas kantha,Urban,16,8617,4749,3868,593,226,367,8024,4523,3501
24,469,banas kantha,Urban,17,8239,4615,3624,564,223,341,7675,4392,3283
24,469,banas kantha,Urban,18,9911,5423,4488,1026,396,630,8885,5027,3858
24,469,banas kantha,Urban,19,7891,4178,3713,673,218,455,7218,3960,3258
24,469,banas kantha,Urban,20-24,41443,21285,20158,5228,1524,3704,36215,19761,16454
24,469,banas kantha,Urban,25-29,36352,18428,17924,5899,1570,4329,30453,16858,13595
24,469,banas kantha,Urban,30-34,33219,16754,16465,6671,1694,4977,26548,15060,11488
24,469,banas kantha,Urban,35-39,30080,15357,14723,7009,1936,5073,23071,13421,9650
24,469,banas kantha,Urban,40-44,25874,13142,12732,7115,1941,5174,18759,11201,7558
24,469,banas kantha,Urban,45-49,21604,11046,10558,6448,1684,4764,15156,9362,5794
24,469,banas kantha,Urban,50-54,17175,9008,8167,5619,1627,3992,11556,7381,4175
24,469,banas kantha,Urban,55-59,12507,6354,6153,4292,1035,3257,8215,5319,2896
24,469,banas kantha,Urban,60-64,10307,5100,5207,4374,1187,3187,5933,3913,2020
24,469,banas kantha,Urban,65-69,6519,3047,3472,3129,741,2388,3390,2306,1084
24,469,banas kantha,Urban,70-74,4850,2208,2642,2648,687,1961,2202,1521,681
24,469,banas kantha,Urban,75-79,2230,978,1252,1174,260,914,1056,718,338
24,469,banas kantha,Urban,80+,2736,1035,1701,1729,397,1332,1007,638,369
24,469,banas kantha,Urban,Age not stated,279,139,140,84,28,56,195,111,84
24,470,patan,Total,All ages,1343734,694397,649337,505821,199766,306055,837913,494631,343282
24,470,patan,Total,0-6,184779,97762,87017,184779,97762,87017,0,0,0
24,470,patan,Total,7,28681,15175,13506,6125,3090,3035,22556,12085,10471
24,470,patan,Total,8,29801,15838,13963,3050,1484,1566,26751,14354,12397
24,470,patan,Total,9,27743,14997,12746,1937,891,1046,25806,14106,11700
24,470,patan,Total,10,32090,17340,14750,2291,1007,1284,29799,16333,13466
24,470,patan,Total,11,29336,15852,13484,1484,606,878,27852,15246,12606
24,470,patan,Total,12,29984,16178,13806,1706,638,1068,28278,15540,12738
24,470,patan,Total,13,28137,15027,13110,1504,514,990,26633,14513,12120
24,470,patan,Total,14,27769,15039,12730,1587,529,1058,26182,14510,11672
24,470,patan,Total,15,29308,16028,13280,2255,823,1432,27053,15205,11848
24,470,patan,Total,16,26890,14417,12473,2286,759,1527,24604,13658,10946
24,470,patan,Total,17,24767,13365,11402,2068,685,1383,22699,12680,10019
24,470,patan,Total,18,30859,16342,14517,3763,1075,2688,27096,15267,11829
24,470,patan,Total,19,23536,12052,11484,2725,696,2029,20811,11356,9455
24,470,patan,Total,20-24,124031,63944,60087,21728,5783,15945,102303,58161,44142
24,470,patan,Total,25-29,108646,56510,52136,25942,6936,19006,82704,49574,33130
24,470,patan,Total,30-34,99572,50933,48639,29863,8444,21419,69709,42489,27220
24,470,patan,Total,35-39,89866,46629,43237,31798,10090,21708,58068,36539,21529
24,470,patan,Total,40-44,82428,42058,40370,33569,10938,22631,48859,31120,17739
24,470,patan,Total,45-49,69515,35299,34216,30347,9716,20631,39168,25583,13585
24,470,patan,Total,50-54,57794,29958,27836,26885,9241,17644,30909,20717,10192
24,470,patan,Total,55-59,44018,21394,22624,21210,6314,14896,22808,15080,7728
24,470,patan,Total,60-64,39351,18979,20372,21729,7265,14464,17622,11714,5908
24,470,patan,Total,65-69,27444,12475,14969,15862,4886,10976,11582,7589,3993
24,470,patan,Total,70-74,22752,10182,12570,14417,4830,9587,8335,5352,2983
24,470,patan,Total,75-79,10136,4330,5806,6207,1924,4283,3929,2406,1523
24,470,patan,Total,80+,11970,4894,7076,7981,2528,5453,3989,2366,1623
24,470,patan,Total,Age not stated,2531,1400,1131,723,312,411,1808,1088,720
24,470,patan,Rural,All ages,1062653,548324,514329,432036,169754,262282,630617,378570,252047
24,470,patan,Rural,0-6,153011,80705,72306,153011,80705,72306,0,0,0
24,470,patan,Rural,7,23384,12328,11056,5177,2588,2589,18207,9740,8467
24,470,patan,Rural,8,24452,12914,11538,2558,1220,1338,21894,11694,10200
24,470,patan,Rural,9,22898,12247,10651,1647,760,887,21251,11487,9764
24,470,patan,Rural,10,26262,14094,12168,1877,810,1067,24385,13284,11101
24,470,patan,Rural,11,24179,12972,11207,1241,497,744,22938,12475,10463
24,470,patan,Rural,12,24441,13106,11335,1411,524,887,23030,12582,10448
24,470,patan,Rural,13,22818,12112,10706,1245,415,830,21573,11697,9876
24,470,patan,Rural,14,22526,12084,10442,1350,427,923,21176,11657,9519
24,470,patan,Rural,15,23667,12855,10812,1880,660,1220,21787,12195,9592
24,470,patan,Rural,16,21572,11515,10057,1927,604,1323,19645,10911,8734
24,470,patan,Rural,17,19510,10474,9036,1751,547,1204,17759,9927,7832
24,470,patan,Rural,18,24530,12915,11615,3163,851,2312,21367,12064,9303
24,470,patan,Rural,19,18222,9237,8985,2316,568,1748,15906,8669,7237
24,470,patan,Rural,20-24,96699,49807,46892,18770,4779,13991,77929,45028,32901
24,470,patan,Rural,25-29,84087,44018,40069,22704,5942,16762,61383,38076,23307
24,470,patan,Rural,30-34,77554,39748,37806,26239,7350,18889,51315,32398,18917
24,470,patan,Rural,35-39,69198,36044,33154,27866,8826,19040,41332,27218,14114
24,470,patan,Rural,40-44,63422,32421,31001,29443,9661,19782,33979,22760,11219
24,470,patan,Rural,45-49,52591,26665,25926,26535,8614,17921,26056,18051,8005
24,470,patan,Rural,50-54,44085,22754,21331,23560,8238,15322,20525,14516,6009
24,470,patan,Rural,55-59,33649,16140,17509,18587,5662,12925,15062,10478,4584
24,470,patan,Rural,60-64,30952,14908,16044,18871,6504,12367,12081,8404,3677
24,470,patan,Rural,65-69,21462,9704,11758,13694,4415,9279,7768,5289,2479
24,470,patan,Rural,70-74,18057,8148,9909,12404,4342,8062,5653,3806,1847
24,470,patan,Rural,75-79,7772,3279,4493,5340,1721,3619,2432,1558,874
24,470,patan,Rural,80+,9380,3872,5508,6796,2233,4563,2584,1639,945
24,470,patan,Rural,Age not stated,2273,1258,1015,673,291,382,1600,967,633
24,470,patan,Urban,All ages,281081,146073,135008,73785,30012,43773,207296,116061,91235
24,470,patan,Urban,0-6,31768,17057,14711,31768,17057,14711,0,0,0
24,470,patan,Urban,7,5297,2847,2450,948,502,446,4349,2345,2004
24,470,patan,Urban,8,5349,2924,2425,492,264,228,4857,2660,2197
24,470,patan,Urban,9,4845,2750,2095,290,131,159,4555,2619,1936
24,470,patan,Urban,10,5828,3246,2582,414,197,217,5414,3049,2365
24,470,patan,Urban,11,5157,2880,2277,243,109,134,4914,2771,2143
24,470,patan,Urban,12,5543,3072,2471,295,114,181,5248,2958,2290
24,470,patan,Urban,13,5319,2915,2404,259,99,160,5060,2816,2244
24,470,patan,Urban,14,5243,2955,2288,237,102,135,5006,2853,2153
24,470,patan,Urban,15,5641,3173,2468,375,163,212,5266,3010,2256
24,470,patan,Urban,16,5318,2902,2416,359,155,204,4959,2747,2212
24,470,patan,Urban,17,5257,2891,2366,317,138,179,4940,2753,2187
24,470,patan,Urban,18,6329,3427,2902,600,224,376,5729,3203,2526
24,470,patan,Urban,19,5314,2815,2499,409,128,281,4905,2687,2218
24,470,patan,Urban,20-24,27332,14137,13195,2958,1004,1954,24374,13133,11241
24,470,patan,Urban,25-29,24559,12492,12067,3238,994,2244,21321,11498,9823
24,470,patan,Urban,30-34,22018,11185,10833,3624,1094,2530,18394,10091,8303
24,470,patan,Urban,35-39,20668,10585,10083,3932,1264,2668,16736,9321,7415
24,470,patan,Urban,40-44,19006,9637,9369,4126,1277,2849,14880,8360,6520
24,470,patan,Urban,45-49,16924,8634,8290,3812,1102,2710,13112,7532,5580
24,470,patan,Urban,50-54,13709,7204,6505,3325,1003,2322,10384,6201,4183
24,470,patan,Urban,55-59,10369,5254,5115,2623,652,1971,7746,4602,3144
24,470,patan,Urban,60-64,8399,4071,4328,2858,761,2097,5541,3310,2231
24,470,patan,Urban,65-69,5982,2771,3211,2168,471,1697,3814,2300,1514
24,470,patan,Urban,70-74,4695,2034,2661,2013,488,1525,2682,1546,1136
24,470,patan,Urban,75-79,2364,1051,1313,867,203,664,1497,848,649
24,470,patan,Urban,80+,2590,1022,1568,1185,295,890,1405,727,678
24,470,patan,Urban,Age not stated,258,142,116,50,21,29,208,121,87
24,471,mahesana,Total,All ages,2035064,1056520,978544,532419,209021,323398,1502645,847499,655146
24,471,mahesana,Total,0-6,237932,129169,108763,237932,129169,108763,0,0,0
24,471,mahesana,Total,7,37959,20940,17019,6187,3251,2936,31772,17689,14083
24,471,mahesana,Total,8,38028,21165,16863,2433,1252,1181,35595,19913,15682
24,471,mahesana,Total,9,37069,20789,16280,1442,733,709,35627,20056,15571
24,471,mahesana,Total,10,41717,23239,18478,1657,790,867,40060,22449,17611
24,471,mahesana,Total,11,39537,22021,17516,1027,440,587,38510,21581,16929
24,471,mahesana,Total,12,40095,22279,17816,1081,448,633,39014,21831,17183
24,471,mahesana,Total,13,39482,21926,17556,918,376,542,38564,21550,17014
24,471,mahesana,Total,14,39315,21774,17541,993,373,620,38322,21401,16921
24,471,mahesana,Total,15,42080,23612,18468,1610,672,938,40470,22940,17530
24,471,mahesana,Total,16,39407,21626,17781,1425,518,907,37982,21108,16874
24,471,mahesana,Total,17,38599,21079,17520,1375,480,895,37224,20599,16625
24,471,mahesana,Total,18,44972,23871,21101,2531,739,1792,42441,23132,19309
24,471,mahesana,Total,19,37359,19596,17763,1825,486,1339,35534,19110,16424
24,471,mahesana,Total,20-24,196144,100379,95765,15176,3711,11465,180968,96668,84300
24,471,mahesana,Total,25-29,169756,87643,82113,18980,4355,14625,150776,83288,67488
24,471,mahesana,Total,30-34,155339,78619,76720,24234,5506,18728,131105,73113,57992
24,471,mahesana,Total,35-39,144340,73752,70588,28195,7401,20794,116145,66351,49794
24,471,mahesana,Total,40-44,136889,69019,67870,31332,8379,22953,105557,60640,44917
24,471,mahesana,Total,45-49,117864,60076,57788,28926,7787,21139,88938,52289,36649
24,471,mahesana,Total,50-54,96592,49605,46987,26789,7610,19179,69803,41995,27808
24,471,mahesana,Total,55-59,74896,36994,37902,21495,5338,16157,53401,31656,21745
24,471,mahesana,Total,60-64,65339,31326,34013,23152,6015,17137,42187,25311,16876
24,471,mahesana,Total,65-69,46130,21422,24708,17546,4335,13211,28584,17087,11497
24,471,mahesana,Total,70-74,37006,16660,20346,16248,4276,11972,20758,12384,8374
24,471,mahesana,Total,75-79,17664,7859,9805,7301,1764,5537,10363,6095,4268
24,471,mahesana,Total,80+,19951,8194,11757,9758,2507,7251,10193,5687,4506
24,471,mahesana,Total,Age not stated,3603,1886,1717,851,310,541,2752,1576,1176
24,471,mahesana,Rural,All ages,1520734,787175,733559,424925,163410,261515,1095809,623765,472044
24,471,mahesana,Rural,0-6,183974,99073,84901,183974,99073,84901,0,0,0
24,471,mahesana,Rural,7,28956,15857,13099,4979,2629,2350,23977,13228,10749
24,471,mahesana,Rural,8,29395,16205,13190,1887,956,931,27508,15249,12259
24,471,mahesana,Rural,9,28531,15904,12627,1059,544,515,27472,15360,12112
24,471,mahesana,Rural,10,31801,17535,14266,1181,560,621,30620,16975,13645
24,471,mahesana,Rural,11,30264,16689,13575,695,281,414,29569,16408,13161
24,471,mahesana,Rural,12,30635,16836,13799,765,300,465,29870,16536,13334
24,471,mahesana,Rural,13,30388,16758,13630,647,258,389,29741,16500,13241
24,471,mahesana,Rural,14,29766,16431,13335,699,249,450,29067,16182,12885
24,471,mahesana,Rural,15,31941,17786,14155,1113,445,668,30828,17341,13487
24,471,mahesana,Rural,16,29818,16278,13540,1037,362,675,28781,15916,12865
24,471,mahesana,Rural,17,28839,15633,13206,1009,341,668,27830,15292,12538
24,471,mahesana,Rural,18,34103,18002,16101,1939,527,1412,32164,17475,14689
24,471,mahesana,Rural,19,27477,14317,13160,1338,300,1038,26139,14017,12122
24,471,mahesana,Rural,20-24,145249,74295,70954,11725,2604,9121,133524,71691,61833
24,471,mahesana,Rural,25-29,123147,64039,59108,15012,3174,11838,108135,60865,47270
24,471,mahesana,Rural,30-34,113165,57346,55819,19655,4234,15421,93510,53112,40398
24,471,mahesana,Rural,35-39,105761,54287,51474,23059,5905,17154,82702,48382,34320
24,471,mahesana,Rural,40-44,100769,50854,49915,25978,6874,19104,74791,43980,30811
24,471,mahesana,Rural,45-49,85335,43562,41773,23999,6433,17566,61336,37129,24207
24,471,mahesana,Rural,50-54,70878,36115,34763,22417,6354,16063,48461,29761,18700
24,471,mahesana,Rural,55-59,55180,26912,28268,18099,4557,13542,37081,22355,14726
24,471,mahesana,Rural,60-64,49957,23775,26182,19425,5111,14314,30532,18664,11868
24,471,mahesana,Rural,65-69,35402,16203,19199,14800,3713,11087,20602,12490,8112
24,471,mahesana,Rural,70-74,29067,13036,16031,13730,3760,9970,15337,9276,6061
24,471,mahesana,Rural,75-79,13640,6032,7608,6126,1520,4606,7514,4512,3002
24,471,mahesana,Rural,80+,15307,6344,8963,8036,2146,5890,7271,4198,3073
24,471,mahesana,Rural,Age not stated,1989,1071,918,542,200,342,1447,871,576
24,471,mahesana,Urban,All ages,514330,269345,244985,107494,45611,61883,406836,223734,183102
24,471,mahesana,Urban,0-6,53958,30096,23862,53958,30096,23862,0,0,0
24,471,mahesana,Urban,7,9003,5083,3920,1208,622,586,7795,4461,3334
24,471,mahesana,Urban,8,8633,4960,3673,546,296,250,8087,4664,3423
24,471,mahesana,Urban,9,8538,4885,3653,383,189,194,8155,4696,3459
24,471,mahesana,Urban,10,9916,5704,4212,476,230,246,9440,5474,3966
24,471,mahesana,Urban,11,9273,5332,3941,332,159,173,8941,5173,3768
24,471,mahesana,Urban,12,9460,5443,4017,316,148,168,9144,5295,3849
24,471,mahesana,Urban,13,9094,5168,3926,271,118,153,8823,5050,3773
24,471,mahesana,Urban,14,9549,5343,4206,294,124,170,9255,5219,4036
24,471,mahesana,Urban,15,10139,5826,4313,497,227,270,9642,5599,4043
24,471,mahesana,Urban,16,9589,5348,4241,388,156,232,9201,5192,4009
24,471,mahesana,Urban,17,9760,5446,4314,366,139,227,9394,5307,4087
24,471,mahesana,Urban,18,10869,5869,5000,592,212,380,10277,5657,4620
24,471,mahesana,Urban,19,9882,5279,4603,487,186,301,9395,5093,4302
24,471,mahesana,Urban,20-24,50895,26084,24811,3451,1107,2344,47444,24977,22467
24,471,mahesana,Urban,25-29,46609,23604,23005,3968,1181,2787,42641,22423,20218
24,471,mahesana,Urban,30-34,42174,21273,20901,4579,1272,3307,37595,20001,17594
24,471,mahesana,Urban,35-39,38579,19465,19114,5136,1496,3640,33443,17969,15474
24,471,mahesana,Urban,40-44,36120,18165,17955,5354,1505,3849,30766,16660,14106
24,471,mahesana,Urban,45-49,32529,16514,16015,4927,1354,3573,27602,15160,12442
24,471,mahesana,Urban,50-54,25714,13490,12224,4372,1256,3116,21342,12234,9108
24,471,mahesana,Urban,55-59,19716,10082,9634,3396,781,2615,16320,9301,7019
24,471,mahesana,Urban,60-64,15382,7551,7831,3727,904,2823,11655,6647,5008
24,471,mahesana,Urban,65-69,10728,5219,5509,2746,622,2124,7982,4597,3385
24,471,mahesana,Urban,70-74,7939,3624,4315,2518,516,2002,5421,3108,2313
24,471,mahesana,Urban,75-79,4024,1827,2197,1175,244,931,2849,1583,1266
24,471,mahesana,Urban,80+,4644,1850,2794,1722,361,1361,2922,1489,1433
24,471,mahesana,Urban,Age not stated,1614,815,799,309,110,199,1305,705,600
24,472,sabar kantha,Total,All ages,2428589,1244231,1184358,849855,325606,524249,1578734,918625,660109
24,472,sabar kantha,Total,0-6,345490,181529,163961,345490,181529,163961,0,0,0
24,472,sabar kantha,Total,7,49101,26045,23056,11654,6007,5647,37447,20038,17409
24,472,sabar kantha,Total,8,50976,27231,23745,4802,2441,2361,46174,24790,21384
24,472,sabar kantha,Total,9,48060,25616,22444,2724,1309,1415,45336,24307,21029
24,472,sabar kantha,Total,10,55505,29354,26151,3721,1821,1900,51784,27533,24251
24,472,sabar kantha,Total,11,51933,27785,24148,2065,953,1112,49868,26832,23036
24,472,sabar kantha,Total,12,52013,27552,24461,2539,1111,1428,49474,26441,23033
24,472,sabar kantha,Total,13,49757,26555,23202,2221,935,1286,47536,25620,21916
24,472,sabar kantha,Total,14,49904,26749,23155,2331,945,1386,47573,25804,21769
24,472,sabar kantha,Total,15,51857,28078,23779,3349,1354,1995,48508,26724,21784
24,472,sabar kantha,Total,16,47088,25171,21917,2980,1079,1901,44108,24092,20016
24,472,sabar kantha,Total,17,43692,23391,20301,2661,921,1740,41031,22470,18561
24,472,sabar kantha,Total,18,51174,26778,24396,4743,1521,3222,46431,25257,21174
24,472,sabar kantha,Total,19,40164,20602,19562,3500,897,2603,36664,19705,16959
24,472,sabar kantha,Total,20-24,213627,109036,104591,28397,7656,20741,185230,101380,83850
24,472,sabar kantha,Total,25-29,192790,99359,93431,33154,8851,24303,159636,90508,69128
24,472,sabar kantha,Total,30-34,180675,90818,89857,39925,10115,29810,140750,80703,60047
24,472,sabar kantha,Total,35-39,166735,85545,81190,45883,12307,33576,120852,73238,47614
24,472,sabar kantha,Total,40-44,149750,74898,74852,51196,13551,37645,98554,61347,37207
24,472,sabar kantha,Total,45-49,133803,68024,65779,51012,13995,37017,82791,54029,28762
24,472,sabar kantha,Total,50-54,110790,55889,54901,46510,12866,33644,64280,43023,21257
24,472,sabar kantha,Total,55-59,87288,42709,44579,38629,9492,29137,48659,33217,15442
24,472,sabar kantha,Total,60-64,75642,36694,38948,38685,10516,28169,36957,26178,10779
24,472,sabar kantha,Total,65-69,49980,22754,27226,28943,7484,21459,21037,15270,5767
24,472,sabar kantha,Total,70-74,38367,17518,20849,24912,7524,17388,13455,9994,3461
24,472,sabar kantha,Total,75-79,17356,7608,9748,11442,3268,8174,5914,4340,1574
24,472,sabar kantha,Total,80+,21482,9053,12429,15433,4821,10612,6049,4232,1817
24,472,sabar kantha,Total,Age not stated,3590,1890,1700,954,337,617,2636,1553,1083
24,472,sabar kantha,Rural,All ages,2064869,1056141,1008728,756880,287636,469244,1307989,768505,539484
24,472,sabar kantha,Rural,0-6,301867,158074,143793,301867,158074,143793,0,0,0
24,472,sabar kantha,Rural,7,42085,22215,19870,10121,5203,4918,31964,17012,14952
24,472,sabar kantha,Rural,8,43920,23359,20561,4122,2107,2015,39798,21252,18546
24,472,sabar kantha,Rural,9,41419,21913,19506,2308,1121,1187,39111,20792,18319
24,472,sabar kantha,Rural,10,47860,25148,22712,3122,1533,1589,44738,23615,21123
24,472,sabar kantha,Rural,11,44733,23731,21002,1757,806,951,42976,22925,20051
24,472,sabar kantha,Rural,12,44699,23524,21175,2121,907,1214,42578,22617,19961
24,472,sabar kantha,Rural,13,42642,22746,19896,1906,804,1102,40736,21942,18794
24,472,sabar kantha,Rural,14,42538,22718,19820,2016,801,1215,40522,21917,18605
24,472,sabar kantha,Rural,15,44119,23791,20328,2867,1139,1728,41252,22652,18600
24,472,sabar kantha,Rural,16,39793,21232,18561,2569,901,1668,37224,20331,16893
24,472,sabar kantha,Rural,17,36767,19641,17126,2269,752,1517,34498,18889,15609
24,472,sabar kantha,Rural,18,43275,22530,20745,4142,1262,2880,39133,21268,17865
24,472,sabar kantha,Rural,19,33461,17032,16429,3034,744,2290,30427,16288,14139
24,472,sabar kantha,Rural,20-24,179064,91342,87722,25175,6565,18610,153889,84777,69112
24,472,sabar kantha,Rural,25-29,162104,83833,78271,29633,7797,21836,132471,76036,56435
24,472,sabar kantha,Rural,30-34,152182,76621,75561,36063,8976,27087,116119,67645,48474
24,472,sabar kantha,Rural,35-39,140435,72225,68210,41626,11086,30540,98809,61139,37670
24,472,sabar kantha,Rural,40-44,125671,62890,62781,46380,12234,34146,79291,50656,28635
24,472,sabar kantha,Rural,45-49,112155,56932,55223,46349,12698,33651,65806,44234,21572
24,472,sabar kantha,Rural,50-54,93140,46777,46363,42417,11764,30653,50723,35013,15710
24,472,sabar kantha,Rural,55-59,73951,36014,37937,35339,8775,26564,38612,27239,11373
24,472,sabar kantha,Rural,60-64,64853,31399,33454,35334,9709,25625,29519,21690,7829
24,472,sabar kantha,Rural,65-69,42844,19425,23419,26440,6957,19483,16404,12468,3936
24,472,sabar kantha,Rural,70-74,33177,15213,17964,22739,7059,15680,10438,8154,2284
24,472,sabar kantha,Rural,75-79,14834,6501,8333,10439,3079,7360,4395,3422,973
24,472,sabar kantha,Rural,80+,18534,7867,10667,13954,4514,9440,4580,3353,1227
24,472,sabar kantha,Rural,Age not stated,2747,1448,1299,771,269,502,1976,1179,797
24,472,sabar kantha,Urban,All ages,363720,188090,175630,92975,37970,55005,270745,150120,120625
24,472,sabar kantha,Urban,0-6,43623,23455,20168,43623,23455,20168,0,0,0
24,472,sabar kantha,Urban,7,7016,3830,3186,1533,804,729,5483,3026,2457
24,472,sabar kantha,Urban,8,7056,3872,3184,680,334,346,6376,3538,2838
24,472,sabar kantha,Urban,9,6641,3703,2938,416,188,228,6225,3515,2710
24,472,sabar kantha,Urban,10,7645,4206,3439,599,288,311,7046,3918,3128
24,472,sabar kantha,Urban,11,7200,4054,3146,308,147,161,6892,3907,2985
24,472,sabar kantha,Urban,12,7314,4028,3286,418,204,214,6896,3824,3072
24,472,sabar kantha,Urban,13,7115,3809,3306,315,131,184,6800,3678,3122
24,472,sabar kantha,Urban,14,7366,4031,3335,315,144,171,7051,3887,3164
24,472,sabar kantha,Urban,15,7738,4287,3451,482,215,267,7256,4072,3184
24,472,sabar kantha,Urban,16,7295,3939,3356,411,178,233,6884,3761,3123
24,472,sabar kantha,Urban,17,6925,3750,3175,392,169,223,6533,3581,2952
24,472,sabar kantha,Urban,18,7899,4248,3651,601,259,342,7298,3989,3309
24,472,sabar kantha,Urban,19,6703,3570,3133,466,153,313,6237,3417,2820
24,472,sabar kantha,Urban,20-24,34563,17694,16869,3222,1091,2131,31341,16603,14738
24,472,sabar kantha,Urban,25-29,30686,15526,15160,3521,1054,2467,27165,14472,12693
24,472,sabar kantha,Urban,30-34,28493,14197,14296,3862,1139,2723,24631,13058,11573
24,472,sabar kantha,Urban,35-39,26300,13320,12980,4257,1221,3036,22043,12099,9944
24,472,sabar kantha,Urban,40-44,24079,12008,12071,4816,1317,3499,19263,10691,8572
24,472,sabar kantha,Urban,45-49,21648,11092,10556,4663,1297,3366,16985,9795,7190
24,472,sabar kantha,Urban,50-54,17650,9112,8538,4093,1102,2991,13557,8010,5547
24,472,sabar kantha,Urban,55-59,13337,6695,6642,3290,717,2573,10047,5978,4069
24,472,sabar kantha,Urban,60-64,10789,5295,5494,3351,807,2544,7438,4488,2950
24,472,sabar kantha,Urban,65-69,7136,3329,3807,2503,527,1976,4633,2802,1831
24,472,sabar kantha,Urban,70-74,5190,2305,2885,2173,465,1708,3017,1840,1177
24,472,sabar kantha,Urban,75-79,2522,1107,1415,1003,189,814,1519,918,601
24,472,sabar kantha,Urban,80+,2948,1186,1762,1479,307,1172,1469,879,590
24,472,sabar kantha,Urban,Age not stated,843,442,401,183,68,115,660,374,286
24,473,gandhinagar,Total,All ages,1391753,723864,667889,361259,141178,220081,1030494,582686,447808
24,473,gandhinagar,Total,0-6,167377,90604,76773,167377,90604,76773,0,0,0
24,473,gandhinagar,Total,7,25948,14186,11762,3483,1788,1695,22465,12398,10067
24,473,gandhinagar,Total,8,24736,13732,11004,1442,670,772,23294,13062,10232
24,473,gandhinagar,Total,9,24259,13444,10815,963,460,503,23296,12984,10312
24,473,gandhinagar,Total,10,27550,15395,12155,1233,601,632,26317,14794,11523
24,473,gandhinagar,Total,11,26340,14466,11874,798,342,456,25542,14124,11418
24,473,gandhinagar,Total,12,26704,14861,11843,884,347,537,25820,14514,11306
24,473,gandhinagar,Total,13,26321,14488,11833,734,268,466,25587,14220,11367
24,473,gandhinagar,Total,14,26078,14348,11730,841,312,529,25237,14036,11201
24,473,gandhinagar,Total,15,27732,15227,12505,1207,469,738,26525,14758,11767
24,473,gandhinagar,Total,16,25106,13526,11580,1038,385,653,24068,13141,10927
24,473,gandhinagar,Total,17,25318,13693,11625,1132,422,710,24186,13271,10915
24,473,gandhinagar,Total,18,29922,15743,14179,1840,621,1219,28082,15122,12960
24,473,gandhinagar,Total,19,25494,13318,12176,1442,420,1022,24052,12898,11154
24,473,gandhinagar,Total,20-24,136032,70022,66010,11097,3057,8040,124935,66965,57970
24,473,gandhinagar,Total,25-29,124412,64096,60316,13429,3363,10066,110983,60733,50250
24,473,gandhinagar,Total,30-34,113125,57892,55233,16861,3931,12930,96264,53961,42303
24,473,gandhinagar,Total,35-39,103988,53600,50388,19330,4931,14399,84658,48669,35989
24,473,gandhinagar,Total,40-44,94152,48153,45999,20819,5228,15591,73333,42925,30408
24,473,gandhinagar,Total,45-49,80597,41165,39432,19390,4903,14487,61207,36262,24945
24,473,gandhinagar,Total,50-54,65699,33961,31738,17407,4525,12882,48292,29436,18856
24,473,gandhinagar,Total,55-59,49153,24692,24461,13560,3064,10496,35593,21628,13965
24,473,gandhinagar,Total,60-64,41246,19730,21516,14415,3358,11057,26831,16372,10459
24,473,gandhinagar,Total,65-69,27488,12850,14638,10279,2244,8035,17209,10606,6603
24,473,gandhinagar,Total,70-74,20655,9263,11392,9212,2180,7032,11443,7083,4360
24,473,gandhinagar,Total,75-79,9328,4022,5306,3994,891,3103,5334,3131,2203
24,473,gandhinagar,Total,80+,11317,4475,6842,5728,1340,4388,5589,3135,2454
24,473,gandhinagar,Total,Age not stated,5676,2912,2764,1324,454,870,4352,2458,1894
24,473,gandhinagar,Rural,All ages,791126,408436,382690,227153,85131,142022,563973,323305,240668
24,473,gandhinagar,Rural,0-6,99763,53681,46082,99763,53681,46082,0,0,0
24,473,gandhinagar,Rural,7,15432,8372,7060,2029,1058,971,13403,7314,6089
24,473,gandhinagar,Rural,8,14719,8124,6595,777,367,410,13942,7757,6185
24,473,gandhinagar,Rural,9,14615,7950,6665,488,231,257,14127,7719,6408
24,473,gandhinagar,Rural,10,16230,8895,7335,620,306,314,15610,8589,7021
24,473,gandhinagar,Rural,11,15790,8499,7291,368,153,215,15422,8346,7076
24,473,gandhinagar,Rural,12,15955,8775,7180,460,178,282,15495,8597,6898
24,473,gandhinagar,Rural,13,15716,8521,7195,353,127,226,15363,8394,6969
24,473,gandhinagar,Rural,14,15355,8355,7000,392,127,265,14963,8228,6735
24,473,gandhinagar,Rural,15,16623,9053,7570,640,245,395,15983,8808,7175
24,473,gandhinagar,Rural,16,14626,7800,6826,547,190,357,14079,7610,6469
24,473,gandhinagar,Rural,17,14524,7766,6758,593,192,401,13931,7574,6357
24,473,gandhinagar,Rural,18,17397,8924,8473,991,270,721,16406,8654,7752
24,473,gandhinagar,Rural,19,14343,7275,7068,806,214,592,13537,7061,6476
24,473,gandhinagar,Rural,20-24,75617,38712,36905,6375,1577,4798,69242,37135,32107
24,473,gandhinagar,Rural,25-29,67195,34942,32253,8163,1776,6387,59032,33166,25866
24,473,gandhinagar,Rural,30-34,62117,31769,30348,10762,2254,8508,51355,29515,21840
24,473,gandhinagar,Rural,35-39,57442,29847,27595,12786,3091,9695,44656,26756,17900
24,473,gandhinagar,Rural,40-44,52068,26627,25441,14062,3383,10679,38006,23244,14762
24,473,gandhinagar,Rural,45-49,43345,22251,21094,12990,3196,9794,30355,19055,11300
24,473,gandhinagar,Rural,50-54,35486,17943,17543,11948,3033,8915,23538,14910,8628
24,473,gandhinagar,Rural,55-59,26942,13040,13902,9509,2124,7385,17433,10916,6517
24,473,gandhinagar,Rural,60-64,24481,11397,13084,10240,2308,7932,14241,9089,5152
24,473,gandhinagar,Rural,65-69,16405,7397,9008,7330,1592,5738,9075,5805,3270
24,473,gandhinagar,Rural,70-74,12708,5542,7166,6510,1572,4938,6198,3970,2228
24,473,gandhinagar,Rural,75-79,5587,2339,3248,2842,644,2198,2745,1695,1050
24,473,gandhinagar,Rural,80+,6911,2716,4195,3891,931,2960,3020,1785,1235
24,473,gandhinagar,Rural,Age not stated,3734,1924,1810,918,311,607,2816,1613,1203
24,473,gandhinagar,Urban,All ages,600627,315428,285199,134106,56047,78059,466521,259381,207140
24,473,gandhinagar,Urban,0-6,67614,36923,30691,67614,36923,30691,0,0,0
24,473,gandhinagar,Urban,7,10516,5814,4702,1454,730,724,9062,5084,3978
24,473,gandhinagar,Urban,8,10017,5608,4409,665,303,362,9352,5305,4047
24,473,gandhinagar,Urban,9,9644,5494,4150,475,229,246,9169,5265,3904
24,473,gandhinagar,Urban,10,11320,6500,4820,613,295,318,10707,6205,4502
24,473,gandhinagar,Urban,11,10550,5967,4583,430,189,241,10120,5778,4342
24,473,gandhinagar,Urban,12,10749,6086,4663,424,169,255,10325,5917,4408
24,473,gandhinagar,Urban,13,10605,5967,4638,381,141,240,10224,5826,4398
24,473,gandhinagar,Urban,14,10723,5993,4730,449,185,264,10274,5808,4466
24,473,gandhinagar,Urban,15,11109,6174,4935,567,224,343,10542,5950,4592
24,473,gandhinagar,Urban,16,10480,5726,4754,491,195,296,9989,5531,4458
24,473,gandhinagar,Urban,17,10794,5927,4867,539,230,309,10255,5697,4558
24,473,gandhinagar,Urban,18,12525,6819,5706,849,351,498,11676,6468,5208
24,473,gandhinagar,Urban,19,11151,6043,5108,636,206,430,10515,5837,4678
24,473,gandhinagar,Urban,20-24,60415,31310,29105,4722,1480,3242,55693,29830,25863
24,473,gandhinagar,Urban,25-29,57217,29154,28063,5266,1587,3679,51951,27567,24384
24,473,gandhinagar,Urban,30-34,51008,26123,24885,6099,1677,4422,44909,24446,20463
24,473,gandhinagar,Urban,35-39,46546,23753,22793,6544,1840,4704,40002,21913,18089
24,473,gandhinagar,Urban,40-44,42084,21526,20558,6757,1845,4912,35327,19681,15646
24,473,gandhinagar,Urban,45-49,37252,18914,18338,6400,1707,4693,30852,17207,13645
24,473,gandhinagar,Urban,50-54,30213,16018,14195,5459,1492,3967,24754,14526,10228
24,473,gandhinagar,Urban,55-59,22211,11652,10559,4051,940,3111,18160,10712,7448
24,473,gandhinagar,Urban,60-64,16765,8333,8432,4175,1050,3125,12590,7283,5307
24,473,gandhinagar,Urban,65-69,11083,5453,5630,2949,652,2297,8134,4801,3333
24,473,gandhinagar,Urban,70-74,7947,3721,4226,2702,608,2094,5245,3113,2132
24,473,gandhinagar,Urban,75-79,3741,1683,2058,1152,247,905,2589,1436,1153
24,473,gandhinagar,Urban,80+,4406,1759,2647,1837,409,1428,2569,1350,1219
24,473,gandhinagar,Urban,Age not stated,1942,988,954,406,143,263,1536,845,691
24,474,ahmadabad,Total,All ages,7214225,3788051,3426174,1778465,762588,1015877,5435760,3025463,2410297
24,474,ahmadabad,Total,0-6,842518,453790,388728,842518,453790,388728,0,0,0
24,474,ahmadabad,Total,7,131842,72238,59604,21788,11181,10607,110054,61057,48997
24,474,ahmadabad,Total,8,121038,66026,55012,10177,4968,5209,110861,61058,49803
24,474,ahmadabad,Total,9,121237,67189,54048,7579,3711,3868,113658,63478,50180
24,474,ahmadabad,Total,10,141645,78091,63554,9642,4728,4914,132003,73363,58640
24,474,ahmadabad,Total,11,137060,75572,61488,6932,3203,3729,130128,72369,57759
24,474,ahmadabad,Total,12,133083,72960,60123,7062,3236,3826,126021,69724,56297
24,474,ahmadabad,Total,13,127559,69568,57991,6014,2583,3431,121545,66985,54560
24,474,ahmadabad,Total,14,129821,70778,59043,6596,2826,3770,123225,67952,55273
24,474,ahmadabad,Total,15,135427,74232,61195,8926,3753,5173,126501,70479,56022
24,474,ahmadabad,Total,16,128662,70346,58316,7955,3306,4649,120707,67040,53667
24,474,ahmadabad,Total,17,128751,70631,58120,8253,3511,4742,120498,67120,53378
24,474,ahmadabad,Total,18,150873,82164,68709,12622,5061,7561,138251,77103,61148
24,474,ahmadabad,Total,19,135578,72381,63197,10867,3937,6930,124711,68444,56267
24,474,ahmadabad,Total,20-24,710749,369470,341279,71176,23909,47267,639573,345561,294012
24,474,ahmadabad,Total,25-29,677015,348185,328830,77761,24797,52964,599254,323388,275866
24,474,ahmadabad,Total,30-34,604131,310939,293192,84131,26175,57956,520000,284764,235236
24,474,ahmadabad,Total,35-39,540179,279388,260791,89429,28623,60806,450750,250765,199985
24,474,ahmadabad,Total,40-44,476673,246569,230104,90282,28538,61744,386391,218031,168360
24,474,ahmadabad,Total,45-49,422912,216889,206023,85003,26046,58957,337909,190843,147066
24,474,ahmadabad,Total,50-54,351026,185734,165292,74568,24273,50295,276458,161461,114997
24,474,ahmadabad,Total,55-59,269524,140807,128717,56628,16380,40248,212896,124427,88469
24,474,ahmadabad,Total,60-64,214045,109765,104280,57844,17705,40139,156201,92060,64141
24,474,ahmadabad,Total,65-69,140102,69713,70389,41222,11608,29614,98880,58105,40775
24,474,ahmadabad,Total,70-74,103666,49898,53768,36145,10687,25458,67521,39211,28310
24,474,ahmadabad,Total,75-79,54772,25887,28885,17331,4727,12604,37441,21160,16281
24,474,ahmadabad,Total,80+,65017,28550,36467,24927,6865,18062,40090,21685,18405
24,474,ahmadabad,Total,Age not stated,19320,10291,9029,5087,2461,2626,14233,7830,6403
24,474,ahmadabad,Rural,All ages,1151178,595583,555595,448100,172605,275495,703078,422978,280100
24,474,ahmadabad,Rural,0-6,161607,85309,76298,161607,85309,76298,0,0,0
24,474,ahmadabad,Rural,7,24524,13015,11509,5877,2942,2935,18647,10073,8574
24,474,ahmadabad,Rural,8,24008,12571,11437,2700,1238,1462,21308,11333,9975
24,474,ahmadabad,Rural,9,23241,12536,10705,1766,808,958,21475,11728,9747
24,474,ahmadabad,Rural,10,26591,14032,12559,2194,955,1239,24397,13077,11320
24,474,ahmadabad,Rural,11,25773,13926,11847,1567,619,948,24206,13307,10899
24,474,ahmadabad,Rural,12,25443,13603,11840,1694,693,1001,23749,12910,10839
24,474,ahmadabad,Rural,13,24658,13122,11536,1529,545,984,23129,12577,10552
24,474,ahmadabad,Rural,14,23887,12843,11044,1658,589,1069,22229,12254,9975
24,474,ahmadabad,Rural,15,25181,13441,11740,2225,790,1435,22956,12651,10305
24,474,ahmadabad,Rural,16,23206,12385,10821,2064,665,1399,21142,11720,9422
24,474,ahmadabad,Rural,17,21879,11608,10271,2165,708,1457,19714,10900,8814
24,474,ahmadabad,Rural,18,26018,13381,12637,3443,1005,2438,22575,12376,10199
24,474,ahmadabad,Rural,19,20454,10419,10035,2884,783,2101,17570,9636,7934
24,474,ahmadabad,Rural,20-24,104183,53959,50224,19406,5038,14368,84777,48921,35856
24,474,ahmadabad,Rural,25-29,91129,47476,43653,22263,5906,16357,68866,41570,27296
24,474,ahmadabad,Rural,30-34,85095,43301,41794,26294,7079,19215,58801,36222,22579
24,474,ahmadabad,Rural,35-39,79643,41481,38162,28721,8613,20108,50922,32868,18054
24,474,ahmadabad,Rural,40-44,70406,36543,33863,29012,8812,20200,41394,27731,13663
24,474,ahmadabad,Rural,45-49,58975,30585,28390,26254,7906,18348,32721,22679,10042
24,474,ahmadabad,Rural,50-54,48996,25701,23295,23305,7487,15818,25691,18214,7477
24,474,ahmadabad,Rural,55-59,37154,18208,18946,18576,5189,13387,18578,13019,5559
24,474,ahmadabad,Rural,60-64,33954,16461,17493,19225,5964,13261,14729,10497,4232
24,474,ahmadabad,Rural,65-69,23871,10886,12985,14446,4166,10280,9425,6720,2705
24,474,ahmadabad,Rural,70-74,19364,9017,10347,12889,4235,8654,6475,4782,1693
24,474,ahmadabad,Rural,75-79,8528,3771,4757,5755,1738,4017,2773,2033,740
24,474,ahmadabad,Rural,80+,10905,4597,6308,7590,2328,5262,3315,2269,1046
24,474,ahmadabad,Rural,Age not stated,2505,1406,1099,991,495,496,1514,911,603
24,474,ahmadabad,Urban,All ages,6063047,3192468,2870579,1330365,589983,740382,4732682,2602485,2130197
24,474,ahmadabad,Urban,0-6,680911,368481,312430,680911,368481,312430,0,0,0
24,474,ahmadabad,Urban,7,107318,59223,48095,15911,8239,7672,91407,50984,40423
24,474,ahmadabad,Urban,8,97030,53455,43575,7477,3730,3747,89553,49725,39828
24,474,ahmadabad,Urban,9,97996,54653,43343,5813,2903,2910,92183,51750,40433
24,474,ahmadabad,Urban,10,115054,64059,50995,7448,3773,3675,107606,60286,47320
24,474,ahmadabad,Urban,11,111287,61646,49641,5365,2584,2781,105922,59062,46860
24,474,ahmadabad,Urban,12,107640,59357,48283,5368,2543,2825,102272,56814,45458
24,474,ahmadabad,Urban,13,102901,56446,46455,4485,2038,2447,98416,54408,44008
24,474,ahmadabad,Urban,14,105934,57935,47999,4938,2237,2701,100996,55698,45298
24,474,ahmadabad,Urban,15,110246,60791,49455,6701,2963,3738,103545,57828,45717
24,474,ahmadabad,Urban,16,105456,57961,47495,5891,2641,3250,99565,55320,44245
24,474,ahmadabad,Urban,17,106872,59023,47849,6088,2803,3285,100784,56220,44564
24,474,ahmadabad,Urban,18,124855,68783,56072,9179,4056,5123,115676,64727,50949
24,474,ahmadabad,Urban,19,115124,61962,53162,7983,3154,4829,107141,58808,48333
24,474,ahmadabad,Urban,20-24,606566,315511,291055,51770,18871,32899,554796,296640,258156
24,474,ahmadabad,Urban,25-29,585886,300709,285177,55498,18891,36607,530388,281818,248570
24,474,ahmadabad,Urban,30-34,519036,267638,251398,57837,19096,38741,461199,248542,212657
24,474,ahmadabad,Urban,35-39,460536,237907,222629,60708,20010,40698,399828,217897,181931
24,474,ahmadabad,Urban,40-44,406267,210026,196241,61270,19726,41544,344997,190300,154697
24,474,ahmadabad,Urban,45-49,363937,186304,177633,58749,18140,40609,305188,168164,137024
24,474,ahmadabad,Urban,50-54,302030,160033,141997,51263,16786,34477,250767,143247,107520
24,474,ahmadabad,Urban,55-59,232370,122599,109771,38052,11191,26861,194318,111408,82910
24,474,ahmadabad,Urban,60-64,180091,93304,86787,38619,11741,26878,141472,81563,59909
24,474,ahmadabad,Urban,65-69,116231,58827,57404,26776,7442,19334,89455,51385,38070
24,474,ahmadabad,Urban,70-74,84302,40881,43421,23256,6452,16804,61046,34429,26617
24,474,ahmadabad,Urban,75-79,46244,22116,24128,11576,2989,8587,34668,19127,15541
24,474,ahmadabad,Urban,80+,54112,23953,30159,17337,4537,12800,36775,19416,17359
24,474,ahmadabad,Urban,Age not stated,16815,8885,7930,4096,1966,2130,12719,6919,5800
24,475,surendranagar,Total,All ages,1756268,909917,846351,662642,266696,395946,1093626,643221,450405
24,475,surendranagar,Total,0-6,240011,126572,113439,240011,126572,113439,0,0,0
24,475,surendranagar,Total,7,38065,20224,17841,8433,4219,4214,29632,16005,13627
24,475,surendranagar,Total,8,37586,20099,17487,3892,1873,2019,33694,18226,15468
24,475,surendranagar,Total,9,35877,19322,16555,2409,1096,1313,33468,18226,15242
24,475,surendranagar,Total,10,40938,21907,19031,2910,1338,1572,38028,20569,17459
24,475,surendranagar,Total,11,38473,20728,17745,1847,768,1079,36626,19960,16666
24,475,surendranagar,Total,12,39571,21139,18432,2216,897,1319,37355,20242,17113
24,475,surendranagar,Total,13,37960,20115,17845,2129,757,1372,35831,19358,16473
24,475,surendranagar,Total,14,38546,20575,17971,2356,810,1546,36190,19765,16425
24,475,surendranagar,Total,15,39109,20876,18233,3246,1214,2032,35863,19662,16201
24,475,surendranagar,Total,16,37004,19609,17395,3060,1058,2002,33944,18551,15393
24,475,surendranagar,Total,17,34761,18470,16291,3091,1050,2041,31670,17420,14250
24,475,surendranagar,Total,18,39970,20921,19049,5084,1689,3395,34886,19232,15654
24,475,surendranagar,Total,19,31967,16190,15777,4023,1087,2936,27944,15103,12841
24,475,surendranagar,Total,20-24,159763,82649,77114,28599,8315,20284,131164,74334,56830
24,475,surendranagar,Total,25-29,143834,74896,68938,33670,9858,23812,110164,65038,45126
24,475,surendranagar,Total,30-34,128384,65996,62388,37151,11241,25910,91233,54755,36478
24,475,surendranagar,Total,35-39,115314,59831,55483,39995,13332,26663,75319,46499,28820
24,475,surendranagar,Total,40-44,103842,53526,50316,41594,13855,27739,62248,39671,22577
24,475,surendranagar,Total,45-49,91812,47333,44479,39758,13184,26574,52054,34149,17905
24,475,surendranagar,Total,50-54,75775,40013,35762,35421,12316,23105,40354,27697,12657
24,475,surendranagar,Total,55-59,56902,28701,28201,28395,9118,19277,28507,19583,8924
24,475,surendranagar,Total,60-64,49434,24325,25109,27943,9530,18413,21491,14795,6696
24,475,surendranagar,Total,65-69,35767,16567,19200,21496,6788,14708,14271,9779,4492
24,475,surendranagar,Total,70-74,29145,13637,15508,19263,6761,12502,9882,6876,3006
24,475,surendranagar,Total,75-79,14596,6331,8265,9666,2988,6678,4930,3343,1587
24,475,surendranagar,Total,80+,18963,7771,11192,13903,4513,9390,5060,3258,1802
24,475,surendranagar,Total,Age not stated,2899,1594,1305,1081,469,612,1818,1125,693
24,475,surendranagar,Rural,All ages,1259352,649475,609877,528649,211818,316831,730703,437657,293046
24,475,surendranagar,Rural,0-6,184063,96563,87500,184063,96563,87500,0,0,0
24,475,surendranagar,Rural,7,28770,15207,13563,6703,3313,3390,22067,11894,10173
24,475,surendranagar,Rural,8,28716,15184,13532,3134,1473,1661,25582,13711,11871
24,475,surendranagar,Rural,9,27271,14598,12673,1895,850,1045,25376,13748,11628
24,475,surendranagar,Rural,10,30942,16383,14559,2281,1017,1264,28661,15366,13295
24,475,surendranagar,Rural,11,28964,15434,13530,1472,610,862,27492,14824,12668
24,475,surendranagar,Rural,12,29674,15696,13978,1738,688,1050,27936,15008,12928
24,475,surendranagar,Rural,13,28260,14781,13479,1686,584,1102,26574,14197,12377
24,475,surendranagar,Rural,14,28355,14872,13483,1892,605,1287,26463,14267,12196
24,475,surendranagar,Rural,15,28711,15096,13615,2588,926,1662,26123,14170,11953
24,475,surendranagar,Rural,16,27047,14099,12948,2447,789,1658,24600,13310,11290
24,475,surendranagar,Rural,17,24866,13061,11805,2424,744,1680,22442,12317,10125
24,475,surendranagar,Rural,18,28879,14966,13913,4070,1276,2794,24809,13690,11119
24,475,surendranagar,Rural,19,22550,11273,11277,3260,815,2445,19290,10458,8832
24,475,surendranagar,Rural,20-24,112052,57785,54267,23379,6446,16933,88673,51339,37334
24,475,surendranagar,Rural,25-29,99832,51859,47973,28021,8028,19993,71811,43831,27980
24,475,surendranagar,Rural,30-34,90342,46329,44013,31011,9285,21726,59331,37044,22287
24,475,surendranagar,Rural,35-39,80206,41851,38355,32932,11084,21848,47274,30767,16507
24,475,surendranagar,Rural,40-44,71606,36998,34608,33954,11511,22443,37652,25487,12165
24,475,surendranagar,Rural,45-49,62304,32191,30113,32261,10982,21279,30043,21209,8834
24,475,surendranagar,Rural,50-54,51339,26936,24403,28797,10277,18520,22542,16659,5883
24,475,surendranagar,Rural,55-59,38738,19274,19464,23217,7737,15480,15521,11537,3984
24,475,surendranagar,Rural,60-64,33957,16699,17258,22361,7930,14431,11596,8769,2827
24,475,surendranagar,Rural,65-69,24868,11377,13491,17310,5674,11636,7558,5703,1855
24,475,surendranagar,Rural,70-74,20934,9788,11146,15729,5797,9932,5205,3991,1214
24,475,surendranagar,Rural,75-79,10354,4342,6012,8037,2596,5441,2317,1746,571
24,475,surendranagar,Rural,80+,13805,5745,8060,11184,3857,7327,2621,1888,733
24,475,surendranagar,Rural,Age not stated,1947,1088,859,803,361,442,1144,727,417
24,475,surendranagar,Urban,All ages,496916,260442,236474,133993,54878,79115,362923,205564,157359
24,475,surendranagar,Urban,0-6,55948,30009,25939,55948,30009,25939,0,0,0
24,475,surendranagar,Urban,7,9295,5017,4278,1730,906,824,7565,4111,3454
24,475,surendranagar,Urban,8,8870,4915,3955,758,400,358,8112,4515,3597
24,475,surendranagar,Urban,9,8606,4724,3882,514,246,268,8092,4478,3614
24,475,surendranagar,Urban,10,9996,5524,4472,629,321,308,9367,5203,4164
24,475,surendranagar,Urban,11,9509,5294,4215,375,158,217,9134,5136,3998
24,475,surendranagar,Urban,12,9897,5443,4454,478,209,269,9419,5234,4185
24,475,surendranagar,Urban,13,9700,5334,4366,443,173,270,9257,5161,4096
24,475,surendranagar,Urban,14,10191,5703,4488,464,205,259,9727,5498,4229
24,475,surendranagar,Urban,15,10398,5780,4618,658,288,370,9740,5492,4248
24,475,surendranagar,Urban,16,9957,5510,4447,613,269,344,9344,5241,4103
24,475,surendranagar,Urban,17,9895,5409,4486,667,306,361,9228,5103,4125
24,475,surendranagar,Urban,18,11091,5955,5136,1014,413,601,10077,5542,4535
24,475,surendranagar,Urban,19,9417,4917,4500,763,272,491,8654,4645,4009
24,475,surendranagar,Urban,20-24,47711,24864,22847,5220,1869,3351,42491,22995,19496
24,475,surendranagar,Urban,25-29,44002,23037,20965,5649,1830,3819,38353,21207,17146
24,475,surendranagar,Urban,30-34,38042,19667,18375,6140,1956,4184,31902,17711,14191
24,475,surendranagar,Urban,35-39,35108,17980,17128,7063,2248,4815,28045,15732,12313
24,475,surendranagar,Urban,40-44,32236,16528,15708,7640,2344,5296,24596,14184,10412
24,475,surendranagar,Urban,45-49,29508,15142,14366,7497,2202,5295,22011,12940,9071
24,475,surendranagar,Urban,50-54,24436,13077,11359,6624,2039,4585,17812,11038,6774
24,475,surendranagar,Urban,55-59,18164,9427,8737,5178,1381,3797,12986,8046,4940
24,475,surendranagar,Urban,60-64,15477,7626,7851,5582,1600,3982,9895,6026,3869
24,475,surendranagar,Urban,65-69,10899,5190,5709,4186,1114,3072,6713,4076,2637
24,475,surendranagar,Urban,70-74,8211,3849,4362,3534,964,2570,4677,2885,1792
24,475,surendranagar,Urban,75-79,4242,1989,2253,1629,392,1237,2613,1597,1016
24,475,surendranagar,Urban,80+,5158,2026,3132,2719,656,2063,2439,1370,1069
24,475,surendranagar,Urban,Age not stated,952,506,446,278,108,170,674,398,276
24,476,rajkot,Total,All ages,3804558,1974445,1830113,1079502,460370,619132,2725056,1514075,1210981
24,476,rajkot,Total,0-6,438580,235534,203046,438580,235534,203046,0,0,0
24,476,rajkot,Total,7,69514,37651,31863,12810,6617,6193,56704,31034,25670
24,476,rajkot,Total,8,66468,36127,30341,5824,2891,2933,60644,33236,27408
24,476,rajkot,Total,9,64024,35163,28861,4037,2004,2033,59987,33159,26828
24,476,rajkot,Total,10,74278,40581,33697,5000,2454,2546,69278,38127,31151
24,476,rajkot,Total,11,71446,38889,32557,3350,1623,1727,68096,37266,30830
24,476,rajkot,Total,12,73403,39439,33964,3741,1785,1956,69662,37654,32008
24,476,rajkot,Total,13,69973,37100,32873,3242,1484,1758,66731,35616,31115
24,476,rajkot,Total,14,71953,38047,33906,3544,1568,1976,68409,36479,31930
24,476,rajkot,Total,15,72955,39286,33669,4567,2125,2442,68388,37161,31227
24,476,rajkot,Total,16,71136,37699,33437,4148,1820,2328,66988,35879,31109
24,476,rajkot,Total,17,69478,37086,32392,4004,1758,2246,65474,35328,30146
24,476,rajkot,Total,18,80596,43540,37056,6197,2866,3331,74399,40674,33725
24,476,rajkot,Total,19,70281,36910,33371,5079,2062,3017,65202,34848,30354
24,476,rajkot,Total,20-24,369044,187555,181489,36552,13630,22922,332492,173925,158567
24,476,rajkot,Total,25-29,347439,178513,168926,42008,15026,26982,305431,163487,141944
24,476,rajkot,Total,30-34,305000,157035,147965,48029,16786,31243,256971,140249,116722
24,476,rajkot,Total,35-39,275550,142360,133190,55342,19871,35471,220208,122489,97719
24,476,rajkot,Total,40-44,251047,128907,122140,59410,20914,38496,191637,107993,83644
24,476,rajkot,Total,45-49,221274,113962,107312,58980,19455,39525,162294,94507,67787
24,476,rajkot,Total,50-54,184855,97486,87369,57213,19393,37820,127642,78093,49549
24,476,rajkot,Total,55-59,137597,70373,67224,47498,14183,33315,90099,56190,33909
24,476,rajkot,Total,60-64,114628,57722,56906,48787,15981,32806,65841,41741,24100
24,476,rajkot,Total,65-69,77936,36973,40963,37061,11165,25896,40875,25808,15067
24,476,rajkot,Total,70-74,64243,30722,33521,34661,11892,22769,29582,18830,10752
24,476,rajkot,Total,75-79,33247,14710,18537,17799,5354,12445,15448,9356,6092
24,476,rajkot,Total,80+,47070,19246,27824,29075,8931,20144,17995,10315,7680
24,476,rajkot,Total,Age not stated,11543,5829,5714,2964,1198,1766,8579,4631,3948
24,476,rajkot,Rural,All ages,1590508,816264,774244,546573,223509,323064,1043935,592755,451180
24,476,rajkot,Rural,0-6,192085,102201,89884,192085,102201,89884,0,0,0
24,476,rajkot,Rural,7,30033,16095,13938,5379,2726,2653,24654,13369,11285
24,476,rajkot,Rural,8,29424,15864,13560,2269,1126,1143,27155,14738,12417
24,476,rajkot,Rural,9,28592,15400,13192,1595,768,827,26997,14632,12365
24,476,rajkot,Rural,10,32373,17152,15221,1861,889,972,30512,16263,14249
24,476,rajkot,Rural,11,32402,17204,15198,1373,612,761,31029,16592,14437
24,476,rajkot,Rural,12,33139,17385,15754,1540,705,835,31599,16680,14919
24,476,rajkot,Rural,13,31686,16532,15154,1348,578,770,30338,15954,14384
24,476,rajkot,Rural,14,32589,16918,15671,1500,625,875,31089,16293,14796
24,476,rajkot,Rural,15,32405,16984,15421,1921,846,1075,30484,16138,14346
24,476,rajkot,Rural,16,31490,16311,15179,1825,731,1094,29665,15580,14085
24,476,rajkot,Rural,17,30336,15653,14683,1737,683,1054,28599,14970,13629
24,476,rajkot,Rural,18,34806,18201,16605,2658,1074,1584,32148,17127,15021
24,476,rajkot,Rural,19,29745,15138,14607,2197,800,1397,27548,14338,13210
24,476,rajkot,Rural,20-24,151231,75155,76076,17450,5784,11666,133781,69371,64410
24,476,rajkot,Rural,25-29,130991,67786,63205,21118,7002,14116,109873,60784,49089
24,476,rajkot,Rural,30-34,116587,60073,56514,25252,8290,16962,91335,51783,39552
24,476,rajkot,Rural,35-39,107182,55813,51369,29804,10446,19358,77378,45367,32011
24,476,rajkot,Rural,40-44,101137,51968,49169,32852,11376,21476,68285,40592,27693
24,476,rajkot,Rural,45-49,88340,45405,42935,33374,10825,22549,54966,34580,20386
24,476,rajkot,Rural,50-54,75926,39635,36291,33914,11381,22533,42012,28254,13758
24,476,rajkot,Rural,55-59,57397,28604,28793,29043,8766,20277,28354,19838,8516
24,476,rajkot,Rural,60-64,49864,24875,24989,29319,9915,19404,20545,14960,5585
24,476,rajkot,Rural,65-69,35345,16364,18981,22700,7199,15501,12645,9165,3480
24,476,rajkot,Rural,70-74,31309,14827,16482,21862,7999,13863,9447,6828,2619
24,476,rajkot,Rural,75-79,16192,6979,9213,11450,3732,7718,4742,3247,1495
24,476,rajkot,Rural,80+,24178,9866,14312,17959,5946,12013,6219,3920,2299
24,476,rajkot,Rural,Age not stated,3724,1876,1848,1188,484,704,2536,1392,1144
24,476,rajkot,Urban,All ages,2214050,1158181,1055869,532929,236861,296068,1681121,921320,759801
24,476,rajkot,Urban,0-6,246495,133333,113162,246495,133333,113162,0,0,0
24,476,rajkot,Urban,7,39481,21556,17925,7431,3891,3540,32050,17665,14385
24,476,rajkot,Urban,8,37044,20263,16781,3555,1765,1790,33489,18498,14991
24,476,rajkot,Urban,9,35432,19763,15669,2442,1236,1206,32990,18527,14463
24,476,rajkot,Urban,10,41905,23429,18476,3139,1565,1574,38766,21864,16902
24,476,rajkot,Urban,11,39044,21685,17359,1977,1011,966,37067,20674,16393
24,476,rajkot,Urban,12,40264,22054,18210,2201,1080,1121,38063,20974,17089
24,476,rajkot,Urban,13,38287,20568,17719,1894,906,988,36393,19662,16731
24,476,rajkot,Urban,14,39364,21129,18235,2044,943,1101,37320,20186,17134
24,476,rajkot,Urban,15,40550,22302,18248,2646,1279,1367,37904,21023,16881
24,476,rajkot,Urban,16,39646,21388,18258,2323,1089,1234,37323,20299,17024
24,476,rajkot,Urban,17,39142,21433,17709,2267,1075,1192,36875,20358,16517
24,476,rajkot,Urban,18,45790,25339,20451,3539,1792,1747,42251,23547,18704
24,476,rajkot,Urban,19,40536,21772,18764,2882,1262,1620,37654,20510,17144
24,476,rajkot,Urban,20-24,217813,112400,105413,19102,7846,11256,198711,104554,94157
24,476,rajkot,Urban,25-29,216448,110727,105721,20890,8024,12866,195558,102703,92855
24,476,rajkot,Urban,30-34,188413,96962,91451,22777,8496,14281,165636,88466,77170
24,476,rajkot,Urban,35-39,168368,86547,81821,25538,9425,16113,142830,77122,65708
24,476,rajkot,Urban,40-44,149910,76939,72971,26558,9538,17020,123352,67401,55951
24,476,rajkot,Urban,45-49,132934,68557,64377,25606,8630,16976,107328,59927,47401
24,476,rajkot,Urban,50-54,108929,57851,51078,23299,8012,15287,85630,49839,35791
24,476,rajkot,Urban,55-59,80200,41769,38431,18455,5417,13038,61745,36352,25393
24,476,rajkot,Urban,60-64,64764,32847,31917,19468,6066,13402,45296,26781,18515
24,476,rajkot,Urban,65-69,42591,20609,21982,14361,3966,10395,28230,16643,11587
24,476,rajkot,Urban,70-74,32934,15895,17039,12799,3893,8906,20135,12002,8133
24,476,rajkot,Urban,75-79,17055,7731,9324,6349,1622,4727,10706,6109,4597
24,476,rajkot,Urban,80+,22892,9380,13512,11116,2985,8131,11776,6395,5381
24,476,rajkot,Urban,Age not stated,7819,3953,3866,1776,714,1062,6043,3239,2804
24,477,jamnagar,Total,All ages,2160119,1114192,1045927,763585,319052,444533,1396534,795140,601394
24,477,jamnagar,Total,0-6,263972,138608,125364,263972,138608,125364,0,0,0
24,477,jamnagar,Total,7,42636,22351,20285,10082,5017,5065,32554,17334,15220
24,477,jamnagar,Total,8,42297,22360,19937,5136,2481,2655,37161,19879,17282
24,477,jamnagar,Total,9,39855,21297,18558,3494,1652,1842,36361,19645,16716
24,477,jamnagar,Total,10,46590,24833,21757,4185,2011,2174,42405,22822,19583
24,477,jamnagar,Total,11,43920,23265,20655,2893,1289,1604,41027,21976,19051
24,477,jamnagar,Total,12,45812,24348,21464,3382,1452,1930,42430,22896,19534
24,477,jamnagar,Total,13,43176,22608,20568,3169,1368,1801,40007,21240,18767
24,477,jamnagar,Total,14,43066,22519,20547,3434,1460,1974,39632,21059,18573
24,477,jamnagar,Total,15,43862,23027,20835,4326,1813,2513,39536,21214,18322
24,477,jamnagar,Total,16,41675,21365,20310,4164,1757,2407,37511,19608,17903
24,477,jamnagar,Total,17,40433,20938,19495,3937,1712,2225,36496,19226,17270
24,477,jamnagar,Total,18,47708,25275,22433,5865,2522,3343,41843,22753,19090
24,477,jamnagar,Total,19,40408,21011,19397,4615,1824,2791,35793,19187,16606
24,477,jamnagar,Total,20-24,208365,107510,100855,31623,11780,19843,176742,95730,81012
24,477,jamnagar,Total,25-29,186823,96448,90375,34925,11977,22948,151898,84471,67427
24,477,jamnagar,Total,30-34,167868,86074,81794,41051,13695,27356,126817,72379,54438
24,477,jamnagar,Total,35-39,153158,79639,73519,46752,16578,30174,106406,63061,43345
24,477,jamnagar,Total,40-44,137662,71306,66356,48630,17109,31521,89032,54197,34835
24,477,jamnagar,Total,45-49,117631,61279,56352,45280,15743,29537,72351,45536,26815
24,477,jamnagar,Total,50-54,97062,51796,45266,41565,15337,26228,55497,36459,19038
24,477,jamnagar,Total,55-59,71591,36138,35453,33708,11225,22483,37883,24913,12970
24,477,jamnagar,Total,60-64,64056,31576,32480,35147,12559,22588,28909,19017,9892
24,477,jamnagar,Total,65-69,44055,20483,23572,25997,8743,17254,18058,11740,6318
24,477,jamnagar,Total,70-74,36339,16895,19444,23805,8691,15114,12534,8204,4330
24,477,jamnagar,Total,75-79,18086,7748,10338,11632,3724,7908,6454,4024,2430
24,477,jamnagar,Total,80+,27266,11049,16217,19358,6295,13063,7908,4754,3154
24,477,jamnagar,Total,Age not stated,4747,2446,2301,1458,630,828,3289,1816,1473
24,477,jamnagar,Rural,All ages,1189054,610088,578966,473319,195090,278229,715735,414998,300737
24,477,jamnagar,Rural,0-6,152181,79355,72826,152181,79355,72826,0,0,0
24,477,jamnagar,Rural,7,24298,12660,11638,5657,2829,2828,18641,9831,8810
24,477,jamnagar,Rural,8,24531,12824,11707,2590,1267,1323,21941,11557,10384
24,477,jamnagar,Rural,9,23076,12228,10848,1567,739,828,21509,11489,10020
24,477,jamnagar,Rural,10,26524,13937,12587,1917,919,998,24607,13018,11589
24,477,jamnagar,Rural,11,25525,13446,12079,1285,591,694,24240,12855,11385
24,477,jamnagar,Rural,12,26476,14029,12447,1584,670,914,24892,13359,11533
24,477,jamnagar,Rural,13,24830,12903,11927,1475,624,851,23355,12279,11076
24,477,jamnagar,Rural,14,24256,12580,11676,1559,647,912,22697,11933,10764
24,477,jamnagar,Rural,15,24273,12512,11761,2009,847,1162,22264,11665,10599
24,477,jamnagar,Rural,16,23454,11879,11575,2020,852,1168,21434,11027,10407
24,477,jamnagar,Rural,17,22365,11390,10975,1857,785,1072,20508,10605,9903
24,477,jamnagar,Rural,18,26680,13939,12741,2994,1249,1745,23686,12690,10996
24,477,jamnagar,Rural,19,21845,11157,10688,2283,865,1418,19562,10292,9270
24,477,jamnagar,Rural,20-24,113428,58138,55290,17479,6408,11071,95949,51730,44219
24,477,jamnagar,Rural,25-29,97373,50941,46432,20693,7049,13644,76680,43892,32788
24,477,jamnagar,Rural,30-34,87465,45055,42410,25504,8207,17297,61961,36848,25113
24,477,jamnagar,Rural,35-39,80706,42402,38304,30439,10655,19784,50267,31747,18520
24,477,jamnagar,Rural,40-44,73836,38097,35739,32506,11345,21161,41330,26752,14578
24,477,jamnagar,Rural,45-49,62509,32281,30228,30674,10651,20023,31835,21630,10205
24,477,jamnagar,Rural,50-54,52210,27510,24700,28774,10687,18087,23436,16823,6613
24,477,jamnagar,Rural,55-59,39166,19288,19878,23951,8135,15816,15215,11153,4062
24,477,jamnagar,Rural,60-64,35616,17696,17920,24085,8990,15095,11531,8706,2825
24,477,jamnagar,Rural,65-69,24478,11147,13331,17762,6157,11605,6716,4990,1726
24,477,jamnagar,Rural,70-74,21843,10204,11639,17033,6559,10474,4810,3645,1165
24,477,jamnagar,Rural,75-79,10824,4471,6353,8574,2855,5719,2250,1616,634
24,477,jamnagar,Rural,80+,17118,6890,10228,14086,4809,9277,3032,2081,951
24,477,jamnagar,Rural,Age not stated,2168,1129,1039,781,344,437,1387,785,602
24,477,jamnagar,Urban,All ages,971065,504104,466961,290266,123962,166304,680799,380142,300657
24,477,jamnagar,Urban,0-6,111791,59253,52538,111791,59253,52538,0,0,0
24,477,jamnagar,Urban,7,18338,9691,8647,4425,2188,2237,13913,7503,6410
24,477,jamnagar,Urban,8,17766,9536,8230,2546,1214,1332,15220,8322,6898
24,477,jamnagar,Urban,9,16779,9069,7710,1927,913,1014,14852,8156,6696
24,477,jamnagar,Urban,10,20066,10896,9170,2268,1092,1176,17798,9804,7994
24,477,jamnagar,Urban,11,18395,9819,8576,1608,698,910,16787,9121,7666
24,477,jamnagar,Urban,12,19336,10319,9017,1798,782,1016,17538,9537,8001
24,477,jamnagar,Urban,13,18346,9705,8641,1694,744,950,16652,8961,7691
24,477,jamnagar,Urban,14,18810,9939,8871,1875,813,1062,16935,9126,7809
24,477,jamnagar,Urban,15,19589,10515,9074,2317,966,1351,17272,9549,7723
24,477,jamnagar,Urban,16,18221,9486,8735,2144,905,1239,16077,8581,7496
24,477,jamnagar,Urban,17,18068,9548,8520,2080,927,1153,15988,8621,7367
24,477,jamnagar,Urban,18,21028,11336,9692,2871,1273,1598,18157,10063,8094
24,477,jamnagar,Urban,19,18563,9854,8709,2332,959,1373,16231,8895,7336
24,477,jamnagar,Urban,20-24,94937,49372,45565,14144,5372,8772,80793,44000,36793
24,477,jamnagar,Urban,25-29,89450,45507,43943,14232,4928,9304,75218,40579,34639
24,477,jamnagar,Urban,30-34,80403,41019,39384,15547,5488,10059,64856,35531,29325
24,477,jamnagar,Urban,35-39,72452,37237,35215,16313,5923,10390,56139,31314,24825
24,477,jamnagar,Urban,40-44,63826,33209,30617,16124,5764,10360,47702,27445,20257
24,477,jamnagar,Urban,45-49,55122,28998,26124,14606,5092,9514,40516,23906,16610
24,477,jamnagar,Urban,50-54,44852,24286,20566,12791,4650,8141,32061,19636,12425
24,477,jamnagar,Urban,55-59,32425,16850,15575,9757,3090,6667,22668,13760,8908
24,477,jamnagar,Urban,60-64,28440,13880,14560,11062,3569,7493,17378,10311,7067
24,477,jamnagar,Urban,65-69,19577,9336,10241,8235,2586,5649,11342,6750,4592
24,477,jamnagar,Urban,70-74,14496,6691,7805,6772,2132,4640,7724,4559,3165
24,477,jamnagar,Urban,75-79,7262,3277,3985,3058,869,2189,4204,2408,1796
24,477,jamnagar,Urban,80+,10148,4159,5989,5272,1486,3786,4876,2673,2203
24,477,jamnagar,Urban,Age not stated,2579,1317,1262,677,286,391,1902,1031,871
24,478,porbandar,Total,All ages,585449,300209,285240,191771,78588,113183,393678,221621,172057
24,478,porbandar,Total,0-6,65926,34648,31278,65926,34648,31278,0,0,0
24,478,porbandar,Total,7,11209,5889,5320,2734,1375,1359,8475,4514,3961
24,478,porbandar,Total,8,10974,5783,5191,1208,610,598,9766,5173,4593
24,478,porbandar,Total,9,10855,5774,5081,766,375,391,10089,5399,4690
24,478,porbandar,Total,10,12492,6595,5897,916,442,474,11576,6153,5423
24,478,porbandar,Total,11,11920,6187,5733,574,272,302,11346,5915,5431
24,478,porbandar,Total,12,12221,6324,5897,687,306,381,11534,6018,5516
24,478,porbandar,Total,13,11584,6063,5521,613,281,332,10971,5782,5189
24,478,porbandar,Total,14,11457,5921,5536,641,282,359,10816,5639,5177
24,478,porbandar,Total,15,11432,5979,5453,876,405,471,10556,5574,4982
24,478,porbandar,Total,16,11073,5680,5393,814,355,459,10259,5325,4934
24,478,porbandar,Total,17,10673,5591,5082,719,306,413,9954,5285,4669
24,478,porbandar,Total,18,12119,6506,5613,1056,487,569,11063,6019,5044
24,478,porbandar,Total,19,10561,5528,5033,840,344,496,9721,5184,4537
24,478,porbandar,Total,20-24,51961,27430,24531,5990,2431,3559,45971,24999,20972
24,478,porbandar,Total,25-29,48429,25026,23403,6911,2512,4399,41518,22514,19004
24,478,porbandar,Total,30-34,45714,22953,22761,8672,2903,5769,37042,20050,16992
24,478,porbandar,Total,35-39,43431,22109,21322,10891,3575,7316,32540,18534,14006
24,478,porbandar,Total,40-44,40242,20554,19688,12737,4075,8662,27505,16479,11026
24,478,porbandar,Total,45-49,34390,17724,16666,12585,4129,8456,21805,13595,8210
24,478,porbandar,Total,50-54,28523,14876,13647,11974,4186,7788,16549,10690,5859
24,478,porbandar,Total,55-59,21452,10834,10618,9897,3211,6686,11555,7623,3932
24,478,porbandar,Total,60-64,19384,9573,9811,10427,3599,6828,8957,5974,2983
24,478,porbandar,Total,65-69,13252,6078,7174,7732,2480,5252,5520,3598,1922
24,478,porbandar,Total,70-74,10875,4892,5983,7043,2350,4693,3832,2542,1290
24,478,porbandar,Total,75-79,5203,2278,2925,3296,995,2301,1907,1283,624
24,478,porbandar,Total,80+,6949,2790,4159,4929,1502,3427,2020,1288,732
24,478,porbandar,Total,Age not stated,1148,624,524,317,152,165,831,472,359
24,478,porbandar,Rural,All ages,299775,153260,146515,116582,47522,69060,183193,105738,77455
24,478,porbandar,Rural,0-6,35786,18750,17036,35786,18750,17036,0,0,0
24,478,porbandar,Rural,7,5942,3099,2843,1616,832,784,4326,2267,2059
24,478,porbandar,Rural,8,5988,3117,2871,719,357,362,5269,2760,2509
24,478,porbandar,Rural,9,5810,3038,2772,482,239,243,5328,2799,2529
24,478,porbandar,Rural,10,6826,3580,3246,569,271,298,6257,3309,2948
24,478,porbandar,Rural,11,6450,3344,3106,349,171,178,6101,3173,2928
24,478,porbandar,Rural,12,6516,3317,3199,402,180,222,6114,3137,2977
24,478,porbandar,Rural,13,6186,3276,2910,357,168,189,5829,3108,2721
24,478,porbandar,Rural,14,5991,3074,2917,384,167,217,5607,2907,2700
24,478,porbandar,Rural,15,5878,3068,2810,523,240,283,5355,2828,2527
24,478,porbandar,Rural,16,5703,2888,2815,483,223,260,5220,2665,2555
24,478,porbandar,Rural,17,5457,2835,2622,423,192,231,5034,2643,2391
24,478,porbandar,Rural,18,6113,3255,2858,634,289,345,5479,2966,2513
24,478,porbandar,Rural,19,5239,2770,2469,494,203,291,4745,2567,2178
24,478,porbandar,Rural,20-24,25658,13690,11968,3601,1421,2180,22057,12269,9788
24,478,porbandar,Rural,25-29,23457,12210,11247,4282,1529,2753,19175,10681,8494
24,478,porbandar,Rural,30-34,22672,11349,11323,5499,1812,3687,17173,9537,7636
24,478,porbandar,Rural,35-39,21739,11126,10613,6947,2281,4666,14792,8845,5947
24,478,porbandar,Rural,40-44,20267,10279,9988,8284,2677,5607,11983,7602,4381
24,478,porbandar,Rural,45-49,17126,8834,8292,8129,2704,5425,8997,6130,2867
24,478,porbandar,Rural,50-54,14322,7455,6867,7871,2837,5034,6451,4618,1833
24,478,porbandar,Rural,55-59,10782,5305,5477,6662,2243,4419,4120,3062,1058
24,478,porbandar,Rural,60-64,9883,4861,5022,6742,2491,4251,3141,2370,771
24,478,porbandar,Rural,65-69,6965,3169,3796,5024,1708,3316,1941,1461,480
24,478,porbandar,Rural,70-74,5907,2640,3267,4634,1667,2967,1273,973,300
24,478,porbandar,Rural,75-79,2894,1239,1655,2272,746,1526,622,493,129
24,478,porbandar,Rural,80+,3987,1565,2422,3325,1089,2236,662,476,186
24,478,porbandar,Rural,Age not stated,231,127,104,89,35,54,142,92,50
24,478,porbandar,Urban,All ages,285674,146949,138725,75189,31066,44123,210485,115883,94602
24,478,porbandar,Urban,0-6,30140,15898,14242,30140,15898,14242,0,0,0
24,478,porbandar,Urban,7,5267,2790,2477,1118,543,575,4149,2247,1902
24,478,porbandar,Urban,8,4986,2666,2320,489,253,236,4497,2413,2084
24,478,porbandar,Urban,9,5045,2736,2309,284,136,148,4761,2600,2161
24,478,porbandar,Urban,10,5666,3015,2651,347,171,176,5319,2844,2475
24,478,porbandar,Urban,11,5470,2843,2627,225,101,124,5245,2742,2503
24,478,porbandar,Urban,12,5705,3007,2698,285,126,159,5420,2881,2539
24,478,porbandar,Urban,13,5398,2787,2611,256,113,143,5142,2674,2468
24,478,porbandar,Urban,14,5466,2847,2619,257,115,142,5209,2732,2477
24,478,porbandar,Urban,15,5554,2911,2643,353,165,188,5201,2746,2455
24,478,porbandar,Urban,16,5370,2792,2578,331,132,199,5039,2660,2379
24,478,porbandar,Urban,17,5216,2756,2460,296,114,182,4920,2642,2278
24,478,porbandar,Urban,18,6006,3251,2755,422,198,224,5584,3053,2531
24,478,porbandar,Urban,19,5322,2758,2564,346,141,205,4976,2617,2359
24,478,porbandar,Urban,20-24,26303,13740,12563,2389,1010,1379,23914,12730,11184
24,478,porbandar,Urban,25-29,24972,12816,12156,2629,983,1646,22343,11833,10510
24,478,porbandar,Urban,30-34,23042,11604,11438,3173,1091,2082,19869,10513,9356
24,478,porbandar,Urban,35-39,21692,10983,10709,3944,1294,2650,17748,9689,8059
24,478,porbandar,Urban,40-44,19975,10275,9700,4453,1398,3055,15522,8877,6645
24,478,porbandar,Urban,45-49,17264,8890,8374,4456,1425,3031,12808,7465,5343
24,478,porbandar,Urban,50-54,14201,7421,6780,4103,1349,2754,10098,6072,4026
24,478,porbandar,Urban,55-59,10670,5529,5141,3235,968,2267,7435,4561,2874
24,478,porbandar,Urban,60-64,9501,4712,4789,3685,1108,2577,5816,3604,2212
24,478,porbandar,Urban,65-69,6287,2909,3378,2708,772,1936,3579,2137,1442
24,478,porbandar,Urban,70-74,4968,2252,2716,2409,683,1726,2559,1569,990
24,478,porbandar,Urban,75-79,2309,1039,1270,1024,249,775,1285,790,495
24,478,porbandar,Urban,80+,2962,1225,1737,1604,413,1191,1358,812,546
24,478,porbandar,Urban,Age not stated,917,497,420,228,117,111,689,380,309
24,479,junagadh,Total,All ages,2743082,1404356,1338726,900264,357375,542889,1842818,1046981,795837
24,479,junagadh,Total,0-6,311930,163535,148395,311930,163535,148395,0,0,0
24,479,junagadh,Total,7,52846,27806,25040,9796,5007,4789,43050,22799,20251
24,479,junagadh,Total,8,53124,27967,25157,4282,2123,2159,48842,25844,22998
24,479,junagadh,Total,9,52450,28068,24382,2704,1314,1390,49746,26754,22992
24,479,junagadh,Total,10,59636,31802,27834,3083,1516,1567,56553,30286,26267
24,479,junagadh,Total,11,58874,31207,27667,2302,1036,1266,56572,30171,26401
24,479,junagadh,Total,12,60773,31698,29075,2627,1132,1495,58146,30566,27580
24,479,junagadh,Total,13,58850,30590,28260,2263,922,1341,56587,29668,26919
24,479,junagadh,Total,14,59646,30927,28719,2590,1018,1572,57056,29909,27147
24,479,junagadh,Total,15,60230,31208,29022,3311,1385,1926,56919,29823,27096
24,479,junagadh,Total,16,57160,28987,28173,3420,1342,2078,53740,27645,26095
24,479,junagadh,Total,17,54254,27852,26402,3055,1181,1874,51199,26671,24528
24,479,junagadh,Total,18,60803,31979,28824,4757,1946,2811,56046,30033,26013
24,479,junagadh,Total,19,51024,26364,24660,3834,1456,2378,47190,24908,22282
24,479,junagadh,Total,20-24,253686,130342,123344,28288,9615,18673,225398,120727,104671
24,479,junagadh,Total,25-29,222602,114594,108008,35908,11292,24616,186694,103302,83392
24,479,junagadh,Total,30-34,210767,106309,104458,47752,14486,33266,163015,91823,71192
24,479,junagadh,Total,35-39,200205,103123,97082,57075,18421,38654,143130,84702,58428
24,479,junagadh,Total,40-44,182389,93194,89195,62698,20164,42534,119691,73030,46661
24,479,junagadh,Total,45-49,155795,80689,75106,58100,18560,39540,97695,62129,35566
24,479,junagadh,Total,50-54,124036,64749,59287,52771,17527,35244,71265,47222,24043
24,479,junagadh,Total,55-59,94601,47453,47148,44489,13359,31130,50112,34094,16018
24,479,junagadh,Total,60-64,81975,39901,42074,45858,14665,31193,36117,25236,10881
24,479,junagadh,Total,65-69,57030,26063,30967,34637,10507,24130,22393,15556,6837
24,479,junagadh,Total,70-74,47269,21932,25337,31321,10550,20771,15948,11382,4566
24,479,junagadh,Total,75-79,23102,10071,13031,15669,4971,10698,7433,5100,2333
24,479,junagadh,Total,80+,33637,13701,19936,24489,7844,16645,9148,5857,3291
24,479,junagadh,Total,Age not stated,4388,2245,2143,1255,501,754,3133,1744,1389
24,479,junagadh,Rural,All ages,1836670,940271,896399,658510,259062,399448,1178160,681209,496951
24,479,junagadh,Rural,0-6,213972,111826,102146,213972,111826,102146,0,0,0
24,479,junagadh,Rural,7,36362,18971,17391,6610,3376,3234,29752,15595,14157
24,479,junagadh,Rural,8,36597,19131,17466,2714,1365,1349,33883,17766,16117
24,479,junagadh,Rural,9,36357,19306,17051,1679,809,870,34678,18497,16181
24,479,junagadh,Rural,10,41068,21637,19431,1955,939,1016,39113,20698,18415
24,479,junagadh,Rural,11,40466,21292,19174,1429,618,811,39037,20674,18363
24,479,junagadh,Rural,12,41275,21416,19859,1654,685,969,39621,20731,18890
24,479,junagadh,Rural,13,39271,20603,18668,1472,587,885,37799,20016,17783
24,479,junagadh,Rural,14,39595,20696,18899,1688,665,1023,37907,20031,17876
24,479,junagadh,Rural,15,39984,20834,19150,2123,841,1282,37861,19993,17868
24,479,junagadh,Rural,16,37940,19331,18609,2247,855,1392,35693,18476,17217
24,479,junagadh,Rural,17,36019,18512,17507,2025,755,1270,33994,17757,16237
24,479,junagadh,Rural,18,40293,21290,19003,3174,1248,1926,37119,20042,17077
24,479,junagadh,Rural,19,33575,17358,16217,2535,935,1600,31040,16423,14617
24,479,junagadh,Rural,20-24,166944,85671,81273,19331,6351,12980,147613,79320,68293
24,479,junagadh,Rural,25-29,145114,75324,69790,25612,7855,17757,119502,67469,52033
24,479,junagadh,Rural,30-34,140170,71069,69101,35664,10731,24933,104506,60338,44168
24,479,junagadh,Rural,35-39,132805,69073,63732,42861,13799,29062,89944,55274,34670
24,479,junagadh,Rural,40-44,120848,61933,58915,47969,15492,32477,72879,46441,26438
24,479,junagadh,Rural,45-49,101270,52557,48713,44684,14376,30308,56586,38181,18405
24,479,junagadh,Rural,50-54,81495,42242,39253,41305,13902,27403,40190,28340,11850
24,479,junagadh,Rural,55-59,62881,31012,31869,35287,10819,24468,27594,20193,7401
24,479,junagadh,Rural,60-64,56048,27475,28573,35739,11900,23839,20309,15575,4734
24,479,junagadh,Rural,65-69,38968,17738,21230,26901,8493,18408,12067,9245,2822
24,479,junagadh,Rural,70-74,33528,15404,18124,24876,8718,16158,8652,6686,1966
24,479,junagadh,Rural,75-79,16544,7130,9414,12655,4231,8424,3889,2899,990
24,479,junagadh,Rural,80+,24968,10254,14714,19624,6608,13016,5344,3646,1698
24,479,junagadh,Rural,Age not stated,2313,1186,1127,725,283,442,1588,903,685
24,479,junagadh,Urban,All ages,906412,464085,442327,241754,98313,143441,664658,365772,298886
24,479,junagadh,Urban,0-6,97958,51709,46249,97958,51709,46249,0,0,0
24,479,junagadh,Urban,7,16484,8835,7649,3186,1631,1555,13298,7204,6094
24,479,junagadh,Urban,8,16527,8836,7691,1568,758,810,14959,8078,6881
24,479,junagadh,Urban,9,16093,8762,7331,1025,505,520,15068,8257,6811
24,479,junagadh,Urban,10,18568,10165,8403,1128,577,551,17440,9588,7852
24,479,junagadh,Urban,11,18408,9915,8493,873,418,455,17535,9497,8038
24,479,junagadh,Urban,12,19498,10282,9216,973,447,526,18525,9835,8690
24,479,junagadh,Urban,13,19579,9987,9592,791,335,456,18788,9652,9136
24,479,junagadh,Urban,14,20051,10231,9820,902,353,549,19149,9878,9271
24,479,junagadh,Urban,15,20246,10374,9872,1188,544,644,19058,9830,9228
24,479,junagadh,Urban,16,19220,9656,9564,1173,487,686,18047,9169,8878
24,479,junagadh,Urban,17,18235,9340,8895,1030,426,604,17205,8914,8291
24,479,junagadh,Urban,18,20510,10689,9821,1583,698,885,18927,9991,8936
24,479,junagadh,Urban,19,17449,9006,8443,1299,521,778,16150,8485,7665
24,479,junagadh,Urban,20-24,86742,44671,42071,8957,3264,5693,77785,41407,36378
24,479,junagadh,Urban,25-29,77488,39270,38218,10296,3437,6859,67192,35833,31359
24,479,junagadh,Urban,30-34,70597,35240,35357,12088,3755,8333,58509,31485,27024
24,479,junagadh,Urban,35-39,67400,34050,33350,14214,4622,9592,53186,29428,23758
24,479,junagadh,Urban,40-44,61541,31261,30280,14729,4672,10057,46812,26589,20223
24,479,junagadh,Urban,45-49,54525,28132,26393,13416,4184,9232,41109,23948,17161
24,479,junagadh,Urban,50-54,42541,22507,20034,11466,3625,7841,31075,18882,12193
24,479,junagadh,Urban,55-59,31720,16441,15279,9202,2540,6662,22518,13901,8617
24,479,junagadh,Urban,60-64,25927,12426,13501,10119,2765,7354,15808,9661,6147
24,479,junagadh,Urban,65-69,18062,8325,9737,7736,2014,5722,10326,6311,4015
24,479,junagadh,Urban,70-74,13741,6528,7213,6445,1832,4613,7296,4696,2600
24,479,junagadh,Urban,75-79,6558,2941,3617,3014,740,2274,3544,2201,1343
24,479,junagadh,Urban,80+,8669,3447,5222,4865,1236,3629,3804,2211,1593
24,479,junagadh,Urban,Age not stated,2075,1059,1016,530,218,312,1545,841,704
24,480,amreli,Total,All ages,1514190,771049,743141,518731,212869,305862,995459,558180,437279
24,480,amreli,Total,0-6,173555,92047,81508,173555,92047,81508,0,0,0
24,480,amreli,Total,7,28398,15058,13340,5484,2828,2656,22914,12230,10684
24,480,amreli,Total,8,28357,14992,13365,2813,1367,1446,25544,13625,11919
24,480,amreli,Total,9,27163,14568,12595,1849,884,965,25314,13684,11630
24,480,amreli,Total,10,31711,16873,14838,2219,1054,1165,29492,15819,13673
24,480,amreli,Total,11,30916,16400,14516,1554,686,868,29362,15714,13648
24,480,amreli,Total,12,32641,17021,15620,1810,774,1036,30831,16247,14584
24,480,amreli,Total,13,31301,16313,14988,1606,655,951,29695,15658,14037
24,480,amreli,Total,14,32388,16886,15502,1836,696,1140,30552,16190,14362
24,480,amreli,Total,15,34320,17841,16479,2530,1016,1514,31790,16825,14965
24,480,amreli,Total,16,33017,16649,16368,2401,943,1458,30616,15706,14910
24,480,amreli,Total,17,31815,16113,15702,2308,941,1367,29507,15172,14335
24,480,amreli,Total,18,35899,18234,17665,3482,1381,2101,32417,16853,15564
24,480,amreli,Total,19,29586,14557,15029,2620,1011,1609,26966,13546,13420
24,480,amreli,Total,20-24,141186,69727,71459,19100,6754,12346,122086,62973,59113
24,480,amreli,Total,25-29,114090,58426,55664,22261,7583,14678,91829,50843,40986
24,480,amreli,Total,30-34,106817,54116,52701,26543,8937,17606,80274,45179,35095
24,480,amreli,Total,35-39,102575,52997,49578,30384,11000,19384,72191,41997,30194
24,480,amreli,Total,40-44,97026,49344,47682,32365,11413,20952,64661,37931,26730
24,480,amreli,Total,45-49,83474,42930,40544,30734,10501,20233,52740,32429,20311
24,480,amreli,Total,50-54,68982,36200,32782,28939,10304,18635,40043,25896,14147
24,480,amreli,Total,55-59,54277,26650,27627,25386,7817,17569,28891,18833,10058
24,480,amreli,Total,60-64,49525,24717,24808,26523,9167,17356,23002,15550,7452
24,480,amreli,Total,65-69,36871,17116,19755,21349,6744,14605,15522,10372,5150
24,480,amreli,Total,70-74,31513,15076,16437,20005,7162,12843,11508,7914,3594
24,480,amreli,Total,75-79,16271,7222,9049,10470,3390,7080,5801,3832,1969
24,480,amreli,Total,80+,24970,10109,14861,16884,5138,11746,8086,4971,3115
24,480,amreli,Total,Age not stated,5546,2867,2679,1721,676,1045,3825,2191,1634
24,480,amreli,Rural,All ages,1127555,572554,555001,412512,167616,244896,715043,404938,310105
24,480,amreli,Rural,0-6,131321,69460,61861,131321,69460,61861,0,0,0
24,480,amreli,Rural,7,21348,11312,10036,4161,2132,2029,17187,9180,8007
24,480,amreli,Rural,8,21469,11283,10186,2037,985,1052,19432,10298,9134
24,480,amreli,Rural,9,20586,11025,9561,1316,615,701,19270,10410,8860
24,480,amreli,Rural,10,23876,12608,11268,1574,744,830,22302,11864,10438
24,480,amreli,Rural,11,23332,12293,11039,1132,491,641,22200,11802,10398
24,480,amreli,Rural,12,24423,12666,11757,1308,561,747,23115,12105,11010
24,480,amreli,Rural,13,23245,12053,11192,1156,455,701,22089,11598,10491
24,480,amreli,Rural,14,23962,12455,11507,1348,495,853,22614,11960,10654
24,480,amreli,Rural,15,25202,13091,12111,1839,711,1128,23363,12380,10983
24,480,amreli,Rural,16,24215,12237,11978,1778,687,1091,22437,11550,10887
24,480,amreli,Rural,17,23304,11877,11427,1692,670,1022,21612,11207,10405
24,480,amreli,Rural,18,26467,13491,12976,2643,1001,1642,23824,12490,11334
24,480,amreli,Rural,19,21577,10588,10989,2002,733,1269,19575,9855,9720
24,480,amreli,Rural,20-24,103734,50788,52946,15145,5258,9887,88589,45530,43059
24,480,amreli,Rural,25-29,81974,42017,39957,17818,5941,11877,64156,36076,28080
24,480,amreli,Rural,30-34,77639,39344,38295,21526,7173,14353,56113,32171,23942
24,480,amreli,Rural,35-39,74957,38774,36183,24526,8863,15663,50431,29911,20520
24,480,amreli,Rural,40-44,71600,36397,35203,26109,9168,16941,45491,27229,18262
24,480,amreli,Rural,45-49,61320,31569,29751,24961,8538,16423,36359,23031,13328
24,480,amreli,Rural,50-54,51455,26780,24675,24053,8589,15464,27402,18191,9211
24,480,amreli,Rural,55-59,41048,19887,21161,21299,6585,14714,19749,13302,6447
24,480,amreli,Rural,60-64,38328,19209,19119,22225,7823,14402,16103,11386,4717
24,480,amreli,Rural,65-69,28503,13144,15359,17832,5748,12084,10671,7396,3275
24,480,amreli,Rural,70-74,25128,12039,13089,16890,6149,10741,8238,5890,2348
24,480,amreli,Rural,75-79,13033,5721,7312,8991,2974,6017,4042,2747,1295
24,480,amreli,Rural,80+,20248,8251,11997,14397,4512,9885,5851,3739,2112
24,480,amreli,Rural,Age not stated,4261,2195,2066,1433,555,878,2828,1640,1188
24,480,amreli,Urban,All ages,386635,198495,188140,106219,45253,60966,280416,153242,127174
24,480,amreli,Urban,0-6,42234,22587,19647,42234,22587,19647,0,0,0
24,480,amreli,Urban,7,7050,3746,3304,1323,696,627,5727,3050,2677
24,480,amreli,Urban,8,6888,3709,3179,776,382,394,6112,3327,2785
24,480,amreli,Urban,9,6577,3543,3034,533,269,264,6044,3274,2770
24,480,amreli,Urban,10,7835,4265,3570,645,310,335,7190,3955,3235
24,480,amreli,Urban,11,7584,4107,3477,422,195,227,7162,3912,3250
24,480,amreli,Urban,12,8218,4355,3863,502,213,289,7716,4142,3574
24,480,amreli,Urban,13,8056,4260,3796,450,200,250,7606,4060,3546
24,480,amreli,Urban,14,8426,4431,3995,488,201,287,7938,4230,3708
24,480,amreli,Urban,15,9118,4750,4368,691,305,386,8427,4445,3982
24,480,amreli,Urban,16,8802,4412,4390,623,256,367,8179,4156,4023
24,480,amreli,Urban,17,8511,4236,4275,616,271,345,7895,3965,3930
24,480,amreli,Urban,18,9432,4743,4689,839,380,459,8593,4363,4230
24,480,amreli,Urban,19,8009,3969,4040,618,278,340,7391,3691,3700
24,480,amreli,Urban,20-24,37452,18939,18513,3955,1496,2459,33497,17443,16054
24,480,amreli,Urban,25-29,32116,16409,15707,4443,1642,2801,27673,14767,12906
24,480,amreli,Urban,30-34,29178,14772,14406,5017,1764,3253,24161,13008,11153
24,480,amreli,Urban,35-39,27618,14223,13395,5858,2137,3721,21760,12086,9674
24,480,amreli,Urban,40-44,25426,12947,12479,6256,2245,4011,19170,10702,8468
24,480,amreli,Urban,45-49,22154,11361,10793,5773,1963,3810,16381,9398,6983
24,480,amreli,Urban,50-54,17527,9420,8107,4886,1715,3171,12641,7705,4936
24,480,amreli,Urban,55-59,13229,6763,6466,4087,1232,2855,9142,5531,3611
24,480,amreli,Urban,60-64,11197,5508,5689,4298,1344,2954,6899,4164,2735
24,480,amreli,Urban,65-69,8368,3972,4396,3517,996,2521,4851,2976,1875
24,480,amreli,Urban,70-74,6385,3037,3348,3115,1013,2102,3270,2024,1246
24,480,amreli,Urban,75-79,3238,1501,1737,1479,416,1063,1759,1085,674
24,480,amreli,Urban,80+,4722,1858,2864,2487,626,1861,2235,1232,1003
24,480,amreli,Urban,Age not stated,1285,672,613,288,121,167,997,551,446
24,481,bhavnagar,Total,All ages,2880365,1490201,1390164,993110,402830,590280,1887255,1087371,799884
24,481,bhavnagar,Total,0-6,381470,201720,179750,381470,201720,179750,0,0,0
24,481,bhavnagar,Total,7,61580,32865,28715,14051,6952,7099,47529,25913,21616
24,481,bhavnagar,Total,8,59898,32227,27671,5953,2889,3064,53945,29338,24607
24,481,bhavnagar,Total,9,58103,31268,26835,3600,1677,1923,54503,29591,24912
24,481,bhavnagar,Total,10,65627,35219,30408,4133,1899,2234,61494,33320,28174
24,481,bhavnagar,Total,11,64298,34247,30051,3114,1323,1791,61184,32924,28260
24,481,bhavnagar,Total,12,65541,34706,30835,3256,1272,1984,62285,33434,28851
24,481,bhavnagar,Total,13,62356,32902,29454,3202,1216,1986,59154,31686,27468
24,481,bhavnagar,Total,14,63114,33031,30083,3578,1308,2270,59536,31723,27813
24,481,bhavnagar,Total,15,67255,35312,31943,4818,1754,3064,62437,33558,28879
24,481,bhavnagar,Total,16,63368,32836,30532,4583,1638,2945,58785,31198,27587
24,481,bhavnagar,Total,17,61401,31865,29536,4578,1593,2985,56823,30272,26551
24,481,bhavnagar,Total,18,70029,36895,33134,7000,2577,4423,63029,34318,28711
24,481,bhavnagar,Total,19,57452,29396,28056,5478,1775,3703,51974,27621,24353
24,481,bhavnagar,Total,20-24,273001,140656,132345,39019,11975,27044,233982,128681,105301
24,481,bhavnagar,Total,25-29,234445,123329,111116,45614,13782,31832,188831,109547,79284
24,481,bhavnagar,Total,30-34,210679,108313,102366,52474,15744,36730,158205,92569,65636
24,481,bhavnagar,Total,35-39,192600,99797,92803,59529,18981,40548,133071,80816,52255
24,481,bhavnagar,Total,40-44,171742,88268,83474,61589,20220,41369,110153,68048,42105
24,481,bhavnagar,Total,45-49,145220,75145,70075,56505,18352,38153,88715,56793,31922
24,481,bhavnagar,Total,50-54,118399,61967,56432,49226,16489,32737,69173,45478,23695
24,481,bhavnagar,Total,55-59,89381,45002,44379,40111,12482,27629,49270,32520,16750
24,481,bhavnagar,Total,60-64,76804,37791,39013,39882,13098,26784,36922,24693,12229
24,481,bhavnagar,Total,65-69,55868,26002,29866,31238,9711,21527,24630,16291,8339
24,481,bhavnagar,Total,70-74,46230,21722,24508,28596,9804,18792,17634,11918,5716
24,481,bhavnagar,Total,75-79,24334,10805,13529,15124,4746,10378,9210,6059,3151
24,481,bhavnagar,Total,80+,34105,13833,20272,23460,7136,16324,10645,6697,3948
24,481,bhavnagar,Total,Age not stated,6065,3082,2983,1929,717,1212,4136,2365,1771
24,481,bhavnagar,Rural,All ages,1697964,868833,829131,668028,263807,404221,1029936,605026,424910
24,481,bhavnagar,Rural,0-6,241228,126532,114696,241228,126532,114696,0,0,0
24,481,bhavnagar,Rural,7,38708,20480,18228,9451,4649,4802,29257,15831,13426
24,481,bhavnagar,Rural,8,37664,20145,17519,3819,1834,1985,33845,18311,15534
24,481,bhavnagar,Rural,9,36699,19549,17150,2257,1021,1236,34442,18528,15914
24,481,bhavnagar,Rural,10,41340,21899,19441,2560,1118,1442,38780,20781,17999
24,481,bhavnagar,Rural,11,40665,21445,19220,1915,758,1157,38750,20687,18063
24,481,bhavnagar,Rural,12,41405,21607,19798,1976,680,1296,39429,20927,18502
24,481,bhavnagar,Rural,13,39173,20403,18770,1924,650,1274,37249,19753,17496
24,481,bhavnagar,Rural,14,39520,20435,19085,2264,741,1523,37256,19694,17562
24,481,bhavnagar,Rural,15,42206,21877,20329,3028,993,2035,39178,20884,18294
24,481,bhavnagar,Rural,16,39708,20268,19440,2951,940,2011,36757,19328,17429
24,481,bhavnagar,Rural,17,37624,19080,18544,2950,908,2042,34674,18172,16502
24,481,bhavnagar,Rural,18,42811,22068,20743,4563,1425,3138,38248,20643,17605
24,481,bhavnagar,Rural,19,33817,16802,17015,3575,999,2576,30242,15803,14439
24,481,bhavnagar,Rural,20-24,155071,78483,76588,25836,6925,18911,129235,71558,57677
24,481,bhavnagar,Rural,25-29,128280,67021,61259,31034,8404,22630,97246,58617,38629
24,481,bhavnagar,Rural,30-34,116563,59205,57358,36123,9978,26145,80440,49227,31213
24,481,bhavnagar,Rural,35-39,106497,54858,51639,40961,12527,28434,65536,42331,23205
24,481,bhavnagar,Rural,40-44,94797,48260,46537,42304,13456,28848,52493,34804,17689
24,481,bhavnagar,Rural,45-49,79136,40792,38344,39028,12661,26367,40108,28131,11977
24,481,bhavnagar,Rural,50-54,64767,33412,31355,34793,11806,22987,29974,21606,8368
24,481,bhavnagar,Rural,55-59,50301,24683,25618,29349,9330,20019,20952,15353,5599
24,481,bhavnagar,Rural,60-64,45249,22278,22971,28914,9921,18993,16335,12357,3978
24,481,bhavnagar,Rural,65-69,34203,15804,18399,23187,7636,15551,11016,8168,2848
24,481,bhavnagar,Rural,70-74,29254,13871,15383,21411,7835,13576,7843,6036,1807
24,481,bhavnagar,Rural,75-79,15350,6658,8692,11650,3887,7763,3700,2771,929
24,481,bhavnagar,Rural,80+,22618,9223,13395,17709,5718,11991,4909,3505,1404
24,481,bhavnagar,Rural,Age not stated,3310,1695,1615,1268,475,793,2042,1220,822
24,481,bhavnagar,Urban,All ages,1182401,621368,561033,325082,139023,186059,857319,482345,374974
24,481,bhavnagar,Urban,0-6,140242,75188,65054,140242,75188,65054,0,0,0
24,481,bhavnagar,Urban,7,22872,12385,10487,4600,2303,2297,18272,10082,8190
24,481,bhavnagar,Urban,8,22234,12082,10152,2134,1055,1079,20100,11027,9073
24,481,bhavnagar,Urban,9,21404,11719,9685,1343,656,687,20061,11063,8998
24,481,bhavnagar,Urban,10,24287,13320,10967,1573,781,792,22714,12539,10175
24,481,bhavnagar,Urban,11,23633,12802,10831,1199,565,634,22434,12237,10197
24,481,bhavnagar,Urban,12,24136,13099,11037,1280,592,688,22856,12507,10349
24,481,bhavnagar,Urban,13,23183,12499,10684,1278,566,712,21905,11933,9972
24,481,bhavnagar,Urban,14,23594,12596,10998,1314,567,747,22280,12029,10251
24,481,bhavnagar,Urban,15,25049,13435,11614,1790,761,1029,23259,12674,10585
24,481,bhavnagar,Urban,16,23660,12568,11092,1632,698,934,22028,11870,10158
24,481,bhavnagar,Urban,17,23777,12785,10992,1628,685,943,22149,12100,10049
24,481,bhavnagar,Urban,18,27218,14827,12391,2437,1152,1285,24781,13675,11106
24,481,bhavnagar,Urban,19,23635,12594,11041,1903,776,1127,21732,11818,9914
24,481,bhavnagar,Urban,20-24,117930,62173,55757,13183,5050,8133,104747,57123,47624
24,481,bhavnagar,Urban,25-29,106165,56308,49857,14580,5378,9202,91585,50930,40655
24,481,bhavnagar,Urban,30-34,94116,49108,45008,16351,5766,10585,77765,43342,34423
24,481,bhavnagar,Urban,35-39,86103,44939,41164,18568,6454,12114,67535,38485,29050
24,481,bhavnagar,Urban,40-44,76945,40008,36937,19285,6764,12521,57660,33244,24416
24,481,bhavnagar,Urban,45-49,66084,34353,31731,17477,5691,11786,48607,28662,19945
24,481,bhavnagar,Urban,50-54,53632,28555,25077,14433,4683,9750,39199,23872,15327
24,481,bhavnagar,Urban,55-59,39080,20319,18761,10762,3152,7610,28318,17167,11151
24,481,bhavnagar,Urban,60-64,31555,15513,16042,10968,3177,7791,20587,12336,8251
24,481,bhavnagar,Urban,65-69,21665,10198,11467,8051,2075,5976,13614,8123,5491
24,481,bhavnagar,Urban,70-74,16976,7851,9125,7185,1969,5216,9791,5882,3909
24,481,bhavnagar,Urban,75-79,8984,4147,4837,3474,859,2615,5510,3288,2222
24,481,bhavnagar,Urban,80+,11487,4610,6877,5751,1418,4333,5736,3192,2544
24,481,bhavnagar,Urban,Age not stated,2755,1387,1368,661,242,419,2094,1145,949
24,482,anand,Total,All ages,2092745,1087224,1005521,541492,212743,328749,1551253,874481,676772
24,482,anand,Total,0-6,254008,134827,119181,254008,134827,119181,0,0,0
24,482,anand,Total,7,38888,20926,17962,6943,3534,3409,31945,17392,14553
24,482,anand,Total,8,37854,20546,17308,2708,1316,1392,35146,19230,15916
24,482,anand,Total,9,38055,20824,17231,1729,819,910,36326,20005,16321
24,482,anand,Total,10,42144,22997,19147,2006,922,1084,40138,22075,18063
24,482,anand,Total,11,41968,22764,19204,1289,582,707,40679,22182,18497
24,482,anand,Total,12,40408,21782,18626,1325,565,760,39083,21217,17866
24,482,anand,Total,13,39960,21593,18367,1147,465,682,38813,21128,17685
24,482,anand,Total,14,37941,20584,17357,1203,468,735,36738,20116,16622
24,482,anand,Total,15,40473,22332,18141,1751,716,1035,38722,21616,17106
24,482,anand,Total,16,37232,20438,16794,1507,602,905,35725,19836,15889
24,482,anand,Total,17,37142,20170,16972,1472,550,922,35670,19620,16050
24,482,anand,Total,18,42029,22452,19577,2381,859,1522,39648,21593,18055
24,482,anand,Total,19,36601,19116,17485,1866,592,1274,34735,18524,16211
24,482,anand,Total,20-24,194227,101765,92462,14262,4268,9994,179965,97497,82468
24,482,anand,Total,25-29,176032,92042,83990,17058,4720,12338,158974,87322,71652
24,482,anand,Total,30-34,167102,85656,81446,22091,5660,16431,145011,79996,65015
24,482,anand,Total,35-39,155482,80902,74580,26998,7206,19792,128484,73696,54788
24,482,anand,Total,40-44,139101,71397,67704,30883,8013,22870,108218,63384,44834
24,482,anand,Total,45-49,123408,63483,59925,30426,7840,22586,92982,55643,37339
24,482,anand,Total,50-54,102975,52706,50269,27936,7025,20911,75039,45681,29358
24,482,anand,Total,55-59,80942,40816,40126,22472,5284,17188,58470,35532,22938
24,482,anand,Total,60-64,67865,32312,35553,22697,5229,17468,45168,27083,18085
24,482,anand,Total,65-69,46796,21659,25137,16908,3816,13092,29888,17843,12045
24,482,anand,Total,70-74,34138,15402,18736,13513,3089,10424,20625,12313,8312
24,482,anand,Total,75-79,16127,7031,9096,6079,1375,4704,10048,5656,4392
24,482,anand,Total,80+,17576,7353,10223,7609,1919,5690,9967,5434,4533
24,482,anand,Total,Age not stated,6271,3349,2922,1225,482,743,5046,2867,2179
24,482,anand,Rural,All ages,1457758,758499,699259,404648,155528,249120,1053110,602971,450139
24,482,anand,Rural,0-6,184036,97827,86209,184036,97827,86209,0,0,0
24,482,anand,Rural,7,27740,14849,12891,5007,2523,2484,22733,12326,10407
24,482,anand,Rural,8,27513,14977,12536,1931,929,1002,25582,14048,11534
24,482,anand,Rural,9,27220,14910,12310,1200,574,626,26020,14336,11684
24,482,anand,Rural,10,30235,16491,13744,1401,662,739,28834,15829,13005
24,482,anand,Rural,11,30463,16525,13938,905,408,497,29558,16117,13441
24,482,anand,Rural,12,29243,15746,13497,909,389,520,28334,15357,12977
24,482,anand,Rural,13,28724,15452,13272,773,319,454,27951,15133,12818
24,482,anand,Rural,14,27019,14660,12359,832,320,512,26187,14340,11847
24,482,anand,Rural,15,28821,15812,13009,1177,469,708,27644,15343,12301
24,482,anand,Rural,16,26187,14442,11745,1042,414,628,25145,14028,11117
24,482,anand,Rural,17,25818,13971,11847,979,341,638,24839,13630,11209
24,482,anand,Rural,18,29540,15766,13774,1692,579,1113,27848,15187,12661
24,482,anand,Rural,19,25003,12991,12012,1240,344,896,23763,12647,11116
24,482,anand,Rural,20-24,132545,69952,62593,10286,2959,7327,122259,66993,55266
24,482,anand,Rural,25-29,119791,62970,56821,12627,3255,9372,107164,59715,47449
24,482,anand,Rural,30-34,115870,59502,56368,16853,4029,12824,99017,55473,43544
24,482,anand,Rural,35-39,108367,56966,51401,20911,5333,15578,87456,51633,35823
24,482,anand,Rural,40-44,96583,49818,46765,24334,6072,18262,72249,43746,28503
24,482,anand,Rural,45-49,84281,43627,40654,23943,6021,17922,60338,37606,22732
24,482,anand,Rural,50-54,70396,35736,34660,22313,5436,16877,48083,30300,17783
24,482,anand,Rural,55-59,54220,27022,27198,17838,4125,13713,36382,22897,13485
24,482,anand,Rural,60-64,46589,21809,24780,17940,4017,13923,28649,17792,10857
24,482,anand,Rural,65-69,31850,14635,17215,12952,2910,10042,18898,11725,7173
24,482,anand,Rural,70-74,23497,10430,13067,10437,2406,8031,13060,8024,5036
24,482,anand,Rural,75-79,10596,4611,5985,4578,1077,3501,6018,3534,2484
24,482,anand,Rural,80+,11811,4969,6842,5702,1474,4228,6109,3495,2614
24,482,anand,Rural,Age not stated,3800,2033,1767,810,316,494,2990,1717,1273
24,482,anand,Urban,All ages,634987,328725,306262,136844,57215,79629,498143,271510,226633
24,482,anand,Urban,0-6,69972,37000,32972,69972,37000,32972,0,0,0
24,482,anand,Urban,7,11148,6077,5071,1936,1011,925,9212,5066,4146
24,482,anand,Urban,8,10341,5569,4772,777,387,390,9564,5182,4382
24,482,anand,Urban,9,10835,5914,4921,529,245,284,10306,5669,4637
24,482,anand,Urban,10,11909,6506,5403,605,260,345,11304,6246,5058
24,482,anand,Urban,11,11505,6239,5266,384,174,210,11121,6065,5056
24,482,anand,Urban,12,11165,6036,5129,416,176,240,10749,5860,4889
24,482,anand,Urban,13,11236,6141,5095,374,146,228,10862,5995,4867
24,482,anand,Urban,14,10922,5924,4998,371,148,223,10551,5776,4775
24,482,anand,Urban,15,11652,6520,5132,574,247,327,11078,6273,4805
24,482,anand,Urban,16,11045,5996,5049,465,188,277,10580,5808,4772
24,482,anand,Urban,17,11324,6199,5125,493,209,284,10831,5990,4841
24,482,anand,Urban,18,12489,6686,5803,689,280,409,11800,6406,5394
24,482,anand,Urban,19,11598,6125,5473,626,248,378,10972,5877,5095
24,482,anand,Urban,20-24,61682,31813,29869,3976,1309,2667,57706,30504,27202
24,482,anand,Urban,25-29,56241,29072,27169,4431,1465,2966,51810,27607,24203
24,482,anand,Urban,30-34,51232,26154,25078,5238,1631,3607,45994,24523,21471
24,482,anand,Urban,35-39,47115,23936,23179,6087,1873,4214,41028,22063,18965
24,482,anand,Urban,40-44,42518,21579,20939,6549,1941,4608,35969,19638,16331
24,482,anand,Urban,45-49,39127,19856,19271,6483,1819,4664,32644,18037,14607
24,482,anand,Urban,50-54,32579,16970,15609,5623,1589,4034,26956,15381,11575
24,482,anand,Urban,55-59,26722,13794,12928,4634,1159,3475,22088,12635,9453
24,482,anand,Urban,60-64,21276,10503,10773,4757,1212,3545,16519,9291,7228
24,482,anand,Urban,65-69,14946,7024,7922,3956,906,3050,10990,6118,4872
24,482,anand,Urban,70-74,10641,4972,5669,3076,683,2393,7565,4289,3276
24,482,anand,Urban,75-79,5531,2420,3111,1501,298,1203,4030,2122,1908
24,482,anand,Urban,80+,5765,2384,3381,1907,445,1462,3858,1939,1919
24,482,anand,Urban,Age not stated,2471,1316,1155,415,166,249,2056,1150,906
24,483,kheda,Total,All ages,2299885,1185727,1114158,639642,243247,396395,1660243,942480,717763
24,483,kheda,Total,0-6,291133,153591,137542,291133,153591,137542,0,0,0
24,483,kheda,Total,7,45144,24051,21093,6553,3284,3269,38591,20767,17824
24,483,kheda,Total,8,43747,23256,20491,2635,1231,1404,41112,22025,19087
24,483,kheda,Total,9,43067,23292,19775,1952,924,1028,41115,22368,18747
24,483,kheda,Total,10,49042,26329,22713,2367,1128,1239,46675,25201,21474
24,483,kheda,Total,11,48530,26188,22342,1666,718,948,46864,25470,21394
24,483,kheda,Total,12,47006,25113,21893,1640,648,992,45366,24465,20901
24,483,kheda,Total,13,46413,24784,21629,1445,581,864,44968,24203,20765
24,483,kheda,Total,14,43873,23742,20131,1528,611,917,42345,23131,19214
24,483,kheda,Total,15,45813,24835,20978,2047,794,1253,43766,24041,19725
24,483,kheda,Total,16,40991,21973,19018,1797,640,1157,39194,21333,17861
24,483,kheda,Total,17,39997,21312,18685,1854,681,1173,38143,20631,17512
24,483,kheda,Total,18,45849,23654,22195,2729,872,1857,43120,22782,20338
24,483,kheda,Total,19,39554,20454,19100,2379,764,1615,37175,19690,17485
24,483,kheda,Total,20-24,205025,106165,98860,16619,4636,11983,188406,101529,86877
24,483,kheda,Total,25-29,185476,96226,89250,19739,5061,14678,165737,91165,74572
24,483,kheda,Total,30-34,178138,90237,87901,26260,6012,20248,151878,84225,67653
24,483,kheda,Total,35-39,167852,86611,81241,32626,7867,24759,135226,78744,56482
24,483,kheda,Total,40-44,151619,77300,74319,37242,8578,28664,114377,68722,45655
24,483,kheda,Total,45-49,130612,67181,63431,35643,8377,27266,94969,58804,36165
24,483,kheda,Total,50-54,109206,55634,53572,32967,7854,25113,76239,47780,28459
24,483,kheda,Total,55-59,85658,42429,43229,27667,6015,21652,57991,36414,21577
24,483,kheda,Total,60-64,72833,34865,37968,28077,6491,21586,44756,28374,16382
24,483,kheda,Total,65-69,48581,22292,26289,20735,4747,15988,27846,17545,10301
24,483,kheda,Total,70-74,36679,16787,19892,17506,4441,13065,19173,12346,6827
24,483,kheda,Total,75-79,16752,7688,9064,7847,2089,5758,8905,5599,3306
24,483,kheda,Total,80+,18937,8178,10759,9877,2852,7025,9060,5326,3734
24,483,kheda,Total,Age not stated,22358,11560,10798,5112,1760,3352,17246,9800,7446
24,483,kheda,Rural,All ages,1776276,915197,861079,519035,192752,326283,1257241,722445,534796
24,483,kheda,Rural,0-6,232225,122031,110194,232225,122031,110194,0,0,0
24,483,kheda,Rural,7,35513,18880,16633,4914,2486,2428,30599,16394,14205
24,483,kheda,Rural,8,34714,18381,16333,1838,857,981,32876,17524,15352
24,483,kheda,Rural,9,34090,18365,15725,1338,634,704,32752,17731,15021
24,483,kheda,Rural,10,38605,20741,17864,1631,783,848,36974,19958,17016
24,483,kheda,Rural,11,38575,20783,17792,1129,477,652,37446,20306,17140
24,483,kheda,Rural,12,37305,19884,17421,1099,426,673,36206,19458,16748
24,483,kheda,Rural,13,36899,19664,17235,987,390,597,35912,19274,16638
24,483,kheda,Rural,14,34256,18404,15852,1062,417,645,33194,17987,15207
24,483,kheda,Rural,15,36076,19522,16554,1378,509,869,34698,19013,15685
24,483,kheda,Rural,16,31831,17067,14764,1222,437,785,30609,16630,13979
24,483,kheda,Rural,17,30810,16495,14315,1221,427,794,29589,16068,13521
24,483,kheda,Rural,18,35498,18209,17289,1930,559,1371,33568,17650,15918
24,483,kheda,Rural,19,29966,15477,14489,1616,487,1129,28350,14990,13360
24,483,kheda,Rural,20-24,156370,81003,75367,12333,3119,9214,144037,77884,66153
24,483,kheda,Rural,25-29,140494,73073,67421,15333,3583,11750,125161,69490,55671
24,483,kheda,Rural,30-34,136975,69399,67576,21327,4516,16811,115648,64883,50765
24,483,kheda,Rural,35-39,129546,67119,62427,27229,6202,21027,102317,60917,41400
24,483,kheda,Rural,40-44,117278,59933,57345,31506,6942,24564,85772,52991,32781
24,483,kheda,Rural,45-49,99321,51314,48007,30231,6871,23360,69090,44443,24647
24,483,kheda,Rural,50-54,82518,41840,40678,28223,6529,21694,54295,35311,18984
24,483,kheda,Rural,55-59,64438,31624,32814,23821,5068,18753,40617,26556,14061
24,483,kheda,Rural,60-64,55150,26210,28940,23907,5448,18459,31243,20762,10481
24,483,kheda,Rural,65-69,36772,16674,20098,17695,4074,13621,19077,12600,6477
24,483,kheda,Rural,70-74,28047,12765,15282,14935,3849,11086,13112,8916,4196
24,483,kheda,Rural,75-79,12377,5679,6698,6663,1824,4839,5714,3855,1859
24,483,kheda,Rural,80+,14306,6264,8042,8304,2495,5809,6002,3769,2233
24,483,kheda,Rural,Age not stated,16321,8397,7924,3938,1312,2626,12383,7085,5298
24,483,kheda,Urban,All ages,523609,270530,253079,120607,50495,70112,403002,220035,182967
24,483,kheda,Urban,0-6,58908,31560,27348,58908,31560,27348,0,0,0
24,483,kheda,Urban,7,9631,5171,4460,1639,798,841,7992,4373,3619
24,483,kheda,Urban,8,9033,4875,4158,797,374,423,8236,4501,3735
24,483,kheda,Urban,9,8977,4927,4050,614,290,324,8363,4637,3726
24,483,kheda,Urban,10,10437,5588,4849,736,345,391,9701,5243,4458
24,483,kheda,Urban,11,9955,5405,4550,537,241,296,9418,5164,4254
24,483,kheda,Urban,12,9701,5229,4472,541,222,319,9160,5007,4153
24,483,kheda,Urban,13,9514,5120,4394,458,191,267,9056,4929,4127
24,483,kheda,Urban,14,9617,5338,4279,466,194,272,9151,5144,4007
24,483,kheda,Urban,15,9737,5313,4424,669,285,384,9068,5028,4040
24,483,kheda,Urban,16,9160,4906,4254,575,203,372,8585,4703,3882
24,483,kheda,Urban,17,9187,4817,4370,633,254,379,8554,4563,3991
24,483,kheda,Urban,18,10351,5445,4906,799,313,486,9552,5132,4420
24,483,kheda,Urban,19,9588,4977,4611,763,277,486,8825,4700,4125
24,483,kheda,Urban,20-24,48655,25162,23493,4286,1517,2769,44369,23645,20724
24,483,kheda,Urban,25-29,44982,23153,21829,4406,1478,2928,40576,21675,18901
24,483,kheda,Urban,30-34,41163,20838,20325,4933,1496,3437,36230,19342,16888
24,483,kheda,Urban,35-39,38306,19492,18814,5397,1665,3732,32909,17827,15082
24,483,kheda,Urban,40-44,34341,17367,16974,5736,1636,4100,28605,15731,12874
24,483,kheda,Urban,45-49,31291,15867,15424,5412,1506,3906,25879,14361,11518
24,483,kheda,Urban,50-54,26688,13794,12894,4744,1325,3419,21944,12469,9475
24,483,kheda,Urban,55-59,21220,10805,10415,3846,947,2899,17374,9858,7516
24,483,kheda,Urban,60-64,17683,8655,9028,4170,1043,3127,13513,7612,5901
24,483,kheda,Urban,65-69,11809,5618,6191,3040,673,2367,8769,4945,3824
24,483,kheda,Urban,70-74,8632,4022,4610,2571,592,1979,6061,3430,2631
24,483,kheda,Urban,75-79,4375,2009,2366,1184,265,919,3191,1744,1447
24,483,kheda,Urban,80+,4631,1914,2717,1573,357,1216,3058,1557,1501
24,483,kheda,Urban,Age not stated,6037,3163,2874,1174,448,726,4863,2715,2148
24,484,panch mahals,Total,All ages,2390776,1226961,1163815,949971,368907,581064,1440805,858054,582751
24,484,panch mahals,Total,0-6,361311,186998,174313,361311,186998,174313,0,0,0
24,484,panch mahals,Total,7,53211,27780,25431,12538,6303,6235,40673,21477,19196
24,484,panch mahals,Total,8,53363,27919,25444,5369,2606,2763,47994,25313,22681
24,484,panch mahals,Total,9,51494,26901,24593,3313,1550,1763,48181,25351,22830
24,484,panch mahals,Total,10,59039,30692,28347,4197,1971,2226,54842,28721,26121
24,484,panch mahals,Total,11,54652,28349,26303,2793,1253,1540,51859,27096,24763
24,484,panch mahals,Total,12,55301,28585,26716,3030,1249,1781,52271,27336,24935
24,484,panch mahals,Total,13,51540,26640,24900,2660,1112,1548,48880,25528,23352
24,484,panch mahals,Total,14,49644,25800,23844,2864,1120,1744,46780,24680,22100
24,484,panch mahals,Total,15,53240,28084,25156,3874,1593,2281,49366,26491,22875
24,484,panch mahals,Total,16,47106,24997,22109,3569,1337,2232,43537,23660,19877
24,484,panch mahals,Total,17,43546,23277,20269,3598,1297,2301,39948,21980,17968
24,484,panch mahals,Total,18,49938,26603,23335,5668,1862,3806,44270,24741,19529
24,484,panch mahals,Total,19,39823,20577,19246,4606,1244,3362,35217,19333,15884
24,484,panch mahals,Total,20-24,210391,109855,100536,35859,9763,26096,174532,100092,74440
24,484,panch mahals,Total,25-29,188260,98058,90202,42659,11316,31343,145601,86742,58859
24,484,panch mahals,Total,30-34,175331,89266,86065,52012,13622,38390,123319,75644,47675
24,484,panch mahals,Total,35-39,161215,83018,78197,59541,16915,42626,101674,66103,35571
24,484,panch mahals,Total,40-44,141840,72105,69735,63580,18711,44869,78260,53394,24866
24,484,panch mahals,Total,45-49,121539,62461,59078,59695,18558,41137,61844,43903,17941
24,484,panch mahals,Total,50-54,99852,50704,49148,52292,16416,35876,47560,34288,13272
24,484,panch mahals,Total,55-59,78744,38508,40236,42639,12389,30250,36105,26119,9986
24,484,panch mahals,Total,60-64,69976,33941,36035,42075,13185,28890,27901,20756,7145
24,484,panch mahals,Total,65-69,46128,21468,24660,29750,9235,20515,16378,12233,4145
24,484,panch mahals,Total,70-74,34624,16138,18486,23809,7975,15834,10815,8163,2652
24,484,panch mahals,Total,75-79,15773,6949,8824,11117,3534,7583,4656,3415,1241
24,484,panch mahals,Total,80+,18294,8399,9895,13371,4943,8428,4923,3456,1467
24,484,panch mahals,Total,Age not stated,5601,2889,2712,2182,850,1332,3419,2039,1380
24,484,panch mahals,Rural,All ages,2055949,1053376,1002573,868115,334248,533867,1187834,719128,468706
24,484,panch mahals,Rural,0-6,318429,164339,154090,318429,164339,154090,0,0,0
24,484,panch mahals,Rural,7,46537,24148,22389,10953,5449,5504,35584,18699,16885
24,484,panch mahals,Rural,8,46928,24496,22432,4731,2291,2440,42197,22205,19992
24,484,panch mahals,Rural,9,45106,23405,21701,2961,1376,1585,42145,22029,20116
24,484,panch mahals,Rural,10,51862,26848,25014,3744,1753,1991,48118,25095,23023
24,484,panch mahals,Rural,11,47604,24543,23061,2530,1121,1409,45074,23422,21652
24,484,panch mahals,Rural,12,48281,24796,23485,2708,1098,1610,45573,23698,21875
24,484,panch mahals,Rural,13,44754,22990,21764,2411,995,1416,42343,21995,20348
24,484,panch mahals,Rural,14,42923,22207,20716,2581,999,1582,40342,21208,19134
24,484,panch mahals,Rural,15,46034,24149,21885,3523,1436,2087,42511,22713,19798
24,484,panch mahals,Rural,16,40554,21430,19124,3239,1181,2058,37315,20249,17066
24,484,panch mahals,Rural,17,37112,19830,17282,3247,1130,2117,33865,18700,15165
24,484,panch mahals,Rural,18,42772,22771,20001,5209,1678,3531,37563,21093,16470
24,484,panch mahals,Rural,19,33456,17254,16202,4218,1103,3115,29238,16151,13087
24,484,panch mahals,Rural,20-24,177422,92818,84604,33241,8857,24384,144181,83961,60220
24,484,panch mahals,Rural,25-29,159066,83099,75967,39828,10403,29425,119238,72696,46542
24,484,panch mahals,Rural,30-34,149137,76039,73098,48753,12602,36151,100384,63437,36947
24,484,panch mahals,Rural,35-39,136721,70671,66050,55952,15850,40102,80769,54821,25948
24,484,panch mahals,Rural,40-44,119984,61101,58883,59714,17614,42100,60270,43487,16783
24,484,panch mahals,Rural,45-49,102478,52498,49980,56060,17547,38513,46418,34951,11467
24,484,panch mahals,Rural,50-54,84844,42768,42076,49191,15599,33592,35653,27169,8484
24,484,panch mahals,Rural,55-59,67382,32609,34773,40111,11798,28313,27271,20811,6460
24,484,panch mahals,Rural,60-64,61183,29621,31562,39566,12591,26975,21617,17030,4587
24,484,panch mahals,Rural,65-69,40330,18709,21621,27959,8844,19115,12371,9865,2506
24,484,panch mahals,Rural,70-74,30412,14256,16156,22331,7677,14654,8081,6579,1502
24,484,panch mahals,Rural,75-79,13664,5967,7697,10426,3395,7031,3238,2572,666
24,484,panch mahals,Rural,80+,16106,7518,8588,12495,4751,7744,3611,2767,844
24,484,panch mahals,Rural,Age not stated,4868,2496,2372,2004,771,1233,2864,1725,1139
24,484,panch mahals,Urban,All ages,334827,173585,161242,81856,34659,47197,252971,138926,114045
24,484,panch mahals,Urban,0-6,42882,22659,20223,42882,22659,20223,0,0,0
24,484,panch mahals,Urban,7,6674,3632,3042,1585,854,731,5089,2778,2311
24,484,panch mahals,Urban,8,6435,3423,3012,638,315,323,5797,3108,2689
24,484,panch mahals,Urban,9,6388,3496,2892,352,174,178,6036,3322,2714
24,484,panch mahals,Urban,10,7177,3844,3333,453,218,235,6724,3626,3098
24,484,panch mahals,Urban,11,7048,3806,3242,263,132,131,6785,3674,3111
24,484,panch mahals,Urban,12,7020,3789,3231,322,151,171,6698,3638,3060
24,484,panch mahals,Urban,13,6786,3650,3136,249,117,132,6537,3533,3004
24,484,panch mahals,Urban,14,6721,3593,3128,283,121,162,6438,3472,2966
24,484,panch mahals,Urban,15,7206,3935,3271,351,157,194,6855,3778,3077
24,484,panch mahals,Urban,16,6552,3567,2985,330,156,174,6222,3411,2811
24,484,panch mahals,Urban,17,6434,3447,2987,351,167,184,6083,3280,2803
24,484,panch mahals,Urban,18,7166,3832,3334,459,184,275,6707,3648,3059
24,484,panch mahals,Urban,19,6367,3323,3044,388,141,247,5979,3182,2797
24,484,panch mahals,Urban,20-24,32969,17037,15932,2618,906,1712,30351,16131,14220
24,484,panch mahals,Urban,25-29,29194,14959,14235,2831,913,1918,26363,14046,12317
24,484,panch mahals,Urban,30-34,26194,13227,12967,3259,1020,2239,22935,12207,10728
24,484,panch mahals,Urban,35-39,24494,12347,12147,3589,1065,2524,20905,11282,9623
24,484,panch mahals,Urban,40-44,21856,11004,10852,3866,1097,2769,17990,9907,8083
24,484,panch mahals,Urban,45-49,19061,9963,9098,3635,1011,2624,15426,8952,6474
24,484,panch mahals,Urban,50-54,15008,7936,7072,3101,817,2284,11907,7119,4788
24,484,panch mahals,Urban,55-59,11362,5899,5463,2528,591,1937,8834,5308,3526
24,484,panch mahals,Urban,60-64,8793,4320,4473,2509,594,1915,6284,3726,2558
24,484,panch mahals,Urban,65-69,5798,2759,3039,1791,391,1400,4007,2368,1639
24,484,panch mahals,Urban,70-74,4212,1882,2330,1478,298,1180,2734,1584,1150
24,484,panch mahals,Urban,75-79,2109,982,1127,691,139,552,1418,843,575
24,484,panch mahals,Urban,80+,2188,881,1307,876,192,684,1312,689,623
24,484,panch mahals,Urban,Age not stated,733,393,340,178,79,99,555,314,241
24,485,dohad,Total,All ages,2127086,1068651,1058435,1119915,469616,650299,1007171,599035,408136
24,485,dohad,Total,0-6,414798,212968,201830,414798,212968,201830,0,0,0
24,485,dohad,Total,7,57106,29268,27838,16671,8247,8424,40435,21021,19414
24,485,dohad,Total,8,58794,30046,28748,10501,4951,5550,48293,25095,23198
24,485,dohad,Total,9,53315,27180,26135,6722,3071,3651,46593,24109,22484
24,485,dohad,Total,10,63923,32715,31208,8986,4189,4797,54937,28526,26411
24,485,dohad,Total,11,54419,27607,26812,6195,2632,3563,48224,24975,23249
24,485,dohad,Total,12,57837,29171,28666,7541,3272,4269,50296,25899,24397
24,485,dohad,Total,13,49446,24857,24589,6211,2473,3738,43235,22384,20851
24,485,dohad,Total,14,47943,24045,23898,6746,2678,4068,41197,21367,19830
24,485,dohad,Total,15,50093,25638,24455,8606,3485,5121,41487,22153,19334
24,485,dohad,Total,16,43218,21721,21497,7924,2949,4975,35294,18772,16522
24,485,dohad,Total,17,35880,17624,18256,7181,2390,4791,28699,15234,13465
24,485,dohad,Total,18,43689,21369,22320,11686,3646,8040,32003,17723,14280
24,485,dohad,Total,19,33023,15244,17779,9536,2467,7069,23487,12777,10710
24,485,dohad,Total,20-24,178324,87332,90992,64473,18898,45575,113851,68434,45417
24,485,dohad,Total,25-29,160808,80905,79903,68933,21663,47270,91875,59242,32633
24,485,dohad,Total,30-34,145779,73216,72563,71214,22933,48281,74565,50283,24282
24,485,dohad,Total,35-39,127304,65353,61951,70434,24994,45440,56870,40359,16511
24,485,dohad,Total,40-44,103531,52432,51099,64893,24195,40698,38638,28237,10401
24,485,dohad,Total,45-49,90501,45813,44688,61311,24041,37270,29190,21772,7418
24,485,dohad,Total,50-54,71275,36359,34916,49874,20132,29742,21401,16227,5174
24,485,dohad,Total,55-59,55389,27366,28023,39455,15179,24276,15934,12187,3747
24,485,dohad,Total,60-64,46710,22351,24359,35103,13585,21518,11607,8766,2841
24,485,dohad,Total,65-69,32819,15018,17801,25571,9680,15891,7248,5338,1910
24,485,dohad,Total,70-74,23293,10511,12782,18750,7210,11540,4543,3301,1242
24,485,dohad,Total,75-79,10527,4475,6052,8383,2959,5424,2144,1516,628
24,485,dohad,Total,80+,12140,5358,6782,9552,3625,5927,2588,1733,855
24,485,dohad,Total,Age not stated,5202,2709,2493,2665,1104,1561,2537,1605,932
24,485,dohad,Rural,All ages,1935461,970963,964498,1062909,445823,617086,872552,525140,347412
24,485,dohad,Rural,0-6,387164,198501,188663,387164,198501,188663,0,0,0
24,485,dohad,Rural,7,52895,26964,25931,15712,7756,7956,37183,19208,17975
24,485,dohad,Rural,8,54847,27959,26888,10101,4750,5351,44746,23209,21537
24,485,dohad,Rural,9,49589,25249,24340,6458,2938,3520,43131,22311,20820
24,485,dohad,Rural,10,59486,30333,29153,8628,4021,4607,50858,26312,24546
24,485,dohad,Rural,11,50465,25603,24862,5992,2539,3453,44473,23064,21409
24,485,dohad,Rural,12,53817,27071,26746,7285,3157,4128,46532,23914,22618
24,485,dohad,Rural,13,45626,22872,22754,6008,2382,3626,39618,20490,19128
24,485,dohad,Rural,14,43983,21850,22133,6482,2555,3927,37501,19295,18206
24,485,dohad,Rural,15,46083,23438,22645,8315,3357,4958,37768,20081,17687
24,485,dohad,Rural,16,39523,19745,19778,7638,2825,4813,31885,16920,14965
24,485,dohad,Rural,17,32447,15744,16703,6875,2251,4624,25572,13493,12079
24,485,dohad,Rural,18,39448,19149,20299,11227,3451,7776,28221,15698,12523
24,485,dohad,Rural,19,29407,13436,15971,9144,2365,6779,20263,11071,9192
24,485,dohad,Rural,20-24,160337,78254,82083,61866,18073,43793,98471,60181,38290
24,485,dohad,Rural,25-29,144919,72926,71993,66256,20798,45458,78663,52128,26535
24,485,dohad,Rural,30-34,131640,66290,65350,68543,22202,46341,63097,44088,19009
24,485,dohad,Rural,35-39,114429,58877,55552,67723,24146,43577,46706,34731,11975
24,485,dohad,Rural,40-44,92079,46798,45281,62215,23383,38832,29864,23415,6449
24,485,dohad,Rural,45-49,79838,40474,39364,58682,23223,35459,21156,17251,3905
24,485,dohad,Rural,50-54,62662,31898,30764,47616,19448,28168,15046,12450,2596
24,485,dohad,Rural,55-59,48806,23939,24867,37747,14719,23028,11059,9220,1839
24,485,dohad,Rural,60-64,41625,19939,21686,33485,13148,20337,8140,6791,1349
24,485,dohad,Rural,65-69,29300,13428,15872,24424,9402,15022,4876,4026,850
24,485,dohad,Rural,70-74,20477,9238,11239,17784,6995,10789,2693,2243,450
24,485,dohad,Rural,75-79,9067,3767,5300,7962,2871,5091,1105,896,209
24,485,dohad,Rural,80+,10682,4722,5960,9022,3507,5515,1660,1215,445
24,485,dohad,Rural,Age not stated,4820,2499,2321,2555,1060,1495,2265,1439,826
24,485,dohad,Urban,All ages,191625,97688,93937,57006,23793,33213,134619,73895,60724
24,485,dohad,Urban,0-6,27634,14467,13167,27634,14467,13167,0,0,0
24,485,dohad,Urban,7,4211,2304,1907,959,491,468,3252,1813,1439
24,485,dohad,Urban,8,3947,2087,1860,400,201,199,3547,1886,1661
24,485,dohad,Urban,9,3726,1931,1795,264,133,131,3462,1798,1664
24,485,dohad,Urban,10,4437,2382,2055,358,168,190,4079,2214,1865
24,485,dohad,Urban,11,3954,2004,1950,203,93,110,3751,1911,1840
24,485,dohad,Urban,12,4020,2100,1920,256,115,141,3764,1985,1779
24,485,dohad,Urban,13,3820,1985,1835,203,91,112,3617,1894,1723
24,485,dohad,Urban,14,3960,2195,1765,264,123,141,3696,2072,1624
24,485,dohad,Urban,15,4010,2200,1810,291,128,163,3719,2072,1647
24,485,dohad,Urban,16,3695,1976,1719,286,124,162,3409,1852,1557
24,485,dohad,Urban,17,3433,1880,1553,306,139,167,3127,1741,1386
24,485,dohad,Urban,18,4241,2220,2021,459,195,264,3782,2025,1757
24,485,dohad,Urban,19,3616,1808,1808,392,102,290,3224,1706,1518
24,485,dohad,Urban,20-24,17987,9078,8909,2607,825,1782,15380,8253,7127
24,485,dohad,Urban,25-29,15889,7979,7910,2677,865,1812,13212,7114,6098
24,485,dohad,Urban,30-34,14139,6926,7213,2671,731,1940,11468,6195,5273
24,485,dohad,Urban,35-39,12875,6476,6399,2711,848,1863,10164,5628,4536
24,485,dohad,Urban,40-44,11452,5634,5818,2678,812,1866,8774,4822,3952
24,485,dohad,Urban,45-49,10663,5339,5324,2629,818,1811,8034,4521,3513
24,485,dohad,Urban,50-54,8613,4461,4152,2258,684,1574,6355,3777,2578
24,485,dohad,Urban,55-59,6583,3427,3156,1708,460,1248,4875,2967,1908
24,485,dohad,Urban,60-64,5085,2412,2673,1618,437,1181,3467,1975,1492
24,485,dohad,Urban,65-69,3519,1590,1929,1147,278,869,2372,1312,1060
24,485,dohad,Urban,70-74,2816,1273,1543,966,215,751,1850,1058,792
24,485,dohad,Urban,75-79,1460,708,752,421,88,333,1039,620,419
24,485,dohad,Urban,80+,1458,636,822,530,118,412,928,518,410
24,485,dohad,Urban,Age not stated,382,210,172,110,44,66,272,166,106
24,486,vadodara,Total,All ages,4165626,2153736,2011890,1272546,539649,732897,2893080,1614087,1278993
24,486,vadodara,Total,0-6,499811,263506,236305,499811,263506,236305,0,0,0
24,486,vadodara,Total,7,78400,41637,36763,18010,9011,8999,60390,32626,27764
24,486,vadodara,Total,8,75236,40046,35190,9723,4798,4925,65513,35248,30265
24,486,vadodara,Total,9,73109,39418,33691,6538,3173,3365,66571,36245,30326
24,486,vadodara,Total,10,86155,46574,39581,8179,4021,4158,77976,42553,35423
24,486,vadodara,Total,11,80449,43238,37211,5733,2659,3074,74716,40579,34137
24,486,vadodara,Total,12,79049,42355,36694,6414,2948,3466,72635,39407,33228
24,486,vadodara,Total,13,75503,40211,35292,5551,2428,3123,69952,37783,32169
24,486,vadodara,Total,14,74430,39711,34719,5859,2598,3261,68571,37113,31458
24,486,vadodara,Total,15,77143,41660,35483,7516,3319,4197,69627,38341,31286
24,486,vadodara,Total,16,71344,38159,33185,6656,2753,3903,64688,35406,29282
24,486,vadodara,Total,17,69338,37519,31819,6408,2555,3853,62930,34964,27966
24,486,vadodara,Total,18,78381,41869,36512,9184,3496,5688,69197,38373,30824
24,486,vadodara,Total,19,69078,36418,32660,7806,2773,5033,61272,33645,27627
24,486,vadodara,Total,20-24,370405,191631,178774,52573,18506,34067,317832,173125,144707
24,486,vadodara,Total,25-29,355643,182123,173520,58749,20736,38013,296894,161387,135507
24,486,vadodara,Total,30-34,333074,169315,163759,66226,22643,43583,266848,146672,120176
24,486,vadodara,Total,35-39,314616,160858,153758,73697,25759,47938,240919,135099,105820
24,486,vadodara,Total,40-44,289309,147550,141759,79531,27369,52162,209778,120181,89597
24,486,vadodara,Total,45-49,253042,130108,122934,75418,26755,48663,177624,103353,74271
24,486,vadodara,Total,50-54,210901,109353,101548,65420,23529,41891,145481,85824,59657
24,486,vadodara,Total,55-59,167057,84933,82124,52070,17222,34848,114987,67711,47276
24,486,vadodara,Total,60-64,136468,67827,68641,49396,16378,33018,87072,51449,35623
24,486,vadodara,Total,65-69,90446,43768,46678,35740,11281,24459,54706,32487,22219
24,486,vadodara,Total,70-74,64029,30208,33821,27044,8712,18332,36985,21496,15489
24,486,vadodara,Total,75-79,31429,14709,16720,11999,3605,8394,19430,11104,8326
24,486,vadodara,Total,80+,33380,14533,18847,13769,4141,9628,19611,10392,9219
24,486,vadodara,Total,Age not stated,28401,14499,13902,7526,2975,4551,20875,11524,9351
24,486,vadodara,Rural,All ages,2099855,1077943,1021912,871247,362083,509164,1228608,715860,512748
24,486,vadodara,Rural,0-6,288758,149899,138859,288758,149899,138859,0,0,0
24,486,vadodara,Rural,7,44256,22938,21318,12047,5930,6117,32209,17008,15201
24,486,vadodara,Rural,8,43390,22555,20835,7259,3535,3724,36131,19020,17111
24,486,vadodara,Rural,9,41304,21793,19511,4828,2308,2520,36476,19485,16991
24,486,vadodara,Rural,10,49041,25742,23299,6045,2930,3115,42996,22812,20184
24,486,vadodara,Rural,11,44393,23319,21074,4303,1968,2335,40090,21351,18739
24,486,vadodara,Rural,12,44289,23152,21137,4978,2273,2705,39311,20879,18432
24,486,vadodara,Rural,13,41038,21621,19417,4378,1911,2467,36660,19710,16950
24,486,vadodara,Rural,14,39975,21051,18924,4554,1980,2574,35421,19071,16350
24,486,vadodara,Rural,15,41608,22232,19376,5819,2555,3264,35789,19677,16112
24,486,vadodara,Rural,16,37191,19786,17405,5083,2068,3015,32108,17718,14390
24,486,vadodara,Rural,17,34485,18535,15950,4797,1845,2952,29688,16690,12998
24,486,vadodara,Rural,18,39039,20520,18519,6956,2493,4463,32083,18027,14056
24,486,vadodara,Rural,19,32596,16798,15798,5905,1957,3948,26691,14841,11850
24,486,vadodara,Rural,20-24,176398,91324,85074,39845,13571,26274,136553,77753,58800
24,486,vadodara,Rural,25-29,165031,85257,79774,44650,15624,29026,120381,69633,50748
24,486,vadodara,Rural,30-34,159271,80882,78389,50644,17296,33348,108627,63586,45041
24,486,vadodara,Rural,35-39,153256,79317,73939,56528,20001,36527,96728,59316,37412
24,486,vadodara,Rural,40-44,141058,72366,68692,60669,21467,39202,80389,50899,29490
24,486,vadodara,Rural,45-49,119858,62247,57611,56913,21113,35800,62945,41134,21811
24,486,vadodara,Rural,50-54,98266,50516,47750,49303,18604,30699,48963,31912,17051
24,486,vadodara,Rural,55-59,77450,38187,39263,39680,13707,25973,37770,24480,13290
24,486,vadodara,Rural,60-64,66910,32231,34679,37276,13076,24200,29634,19155,10479
24,486,vadodara,Rural,65-69,45717,21080,24637,27091,9072,18019,18626,12008,6618
24,486,vadodara,Rural,70-74,32678,14979,17699,20161,7059,13102,12517,7920,4597
24,486,vadodara,Rural,75-79,14511,6457,8054,8709,2840,5869,5802,3617,2185
24,486,vadodara,Rural,80+,15302,6780,8522,9188,3105,6083,6114,3675,2439
24,486,vadodara,Rural,Age not stated,12786,6379,6407,4880,1896,2984,7906,4483,3423
24,486,vadodara,Urban,All ages,2065771,1075793,989978,401299,177566,223733,1664472,898227,766245
24,486,vadodara,Urban,0-6,211053,113607,97446,211053,113607,97446,0,0,0
24,486,vadodara,Urban,7,34144,18699,15445,5963,3081,2882,28181,15618,12563
24,486,vadodara,Urban,8,31846,17491,14355,2464,1263,1201,29382,16228,13154
24,486,vadodara,Urban,9,31805,17625,14180,1710,865,845,30095,16760,13335
24,486,vadodara,Urban,10,37114,20832,16282,2134,1091,1043,34980,19741,15239
24,486,vadodara,Urban,11,36056,19919,16137,1430,691,739,34626,19228,15398
24,486,vadodara,Urban,12,34760,19203,15557,1436,675,761,33324,18528,14796
24,486,vadodara,Urban,13,34465,18590,15875,1173,517,656,33292,18073,15219
24,486,vadodara,Urban,14,34455,18660,15795,1305,618,687,33150,18042,15108
24,486,vadodara,Urban,15,35535,19428,16107,1697,764,933,33838,18664,15174
24,486,vadodara,Urban,16,34153,18373,15780,1573,685,888,32580,17688,14892
24,486,vadodara,Urban,17,34853,18984,15869,1611,710,901,33242,18274,14968
24,486,vadodara,Urban,18,39342,21349,17993,2228,1003,1225,37114,20346,16768
24,486,vadodara,Urban,19,36482,19620,16862,1901,816,1085,34581,18804,15777
24,486,vadodara,Urban,20-24,194007,100307,93700,12728,4935,7793,181279,95372,85907
24,486,vadodara,Urban,25-29,190612,96866,93746,14099,5112,8987,176513,91754,84759
24,486,vadodara,Urban,30-34,173803,88433,85370,15582,5347,10235,158221,83086,75135
24,486,vadodara,Urban,35-39,161360,81541,79819,17169,5758,11411,144191,75783,68408
24,486,vadodara,Urban,40-44,148251,75184,73067,18862,5902,12960,129389,69282,60107
24,486,vadodara,Urban,45-49,133184,67861,65323,18505,5642,12863,114679,62219,52460
24,486,vadodara,Urban,50-54,112635,58837,53798,16117,4925,11192,96518,53912,42606
24,486,vadodara,Urban,55-59,89607,46746,42861,12390,3515,8875,77217,43231,33986
24,486,vadodara,Urban,60-64,69558,35596,33962,12120,3302,8818,57438,32294,25144
24,486,vadodara,Urban,65-69,44729,22688,22041,8649,2209,6440,36080,20479,15601
24,486,vadodara,Urban,70-74,31351,15229,16122,6883,1653,5230,24468,13576,10892
24,486,vadodara,Urban,75-79,16918,8252,8666,3290,765,2525,13628,7487,6141
24,486,vadodara,Urban,80+,18078,7753,10325,4581,1036,3545,13497,6717,6780
24,486,vadodara,Urban,Age not stated,15615,8120,7495,2646,1079,1567,12969,7041,5928
24,487,narmada,Total,All ages,590297,301086,289211,219961,89319,130642,370336,211767,158569
24,487,narmada,Total,0-6,78123,40250,37873,78123,40250,37873,0,0,0
24,487,narmada,Total,7,12229,6322,5907,3106,1561,1545,9123,4761,4362
24,487,narmada,Total,8,12021,6265,5756,1402,715,687,10619,5550,5069
24,487,narmada,Total,9,12068,6269,5799,922,443,479,11146,5826,5320
24,487,narmada,Total,10,14254,7392,6862,1064,525,539,13190,6867,6323
24,487,narmada,Total,11,13807,7138,6669,751,358,393,13056,6780,6276
24,487,narmada,Total,12,13734,7077,6657,807,354,453,12927,6723,6204
24,487,narmada,Total,13,13327,6957,6370,699,337,362,12628,6620,6008
24,487,narmada,Total,14,13049,6829,6220,786,342,444,12263,6487,5776
24,487,narmada,Total,15,13061,6732,6329,954,413,541,12107,6319,5788
24,487,narmada,Total,16,12232,6456,5776,934,393,541,11298,6063,5235
24,487,narmada,Total,17,11203,5905,5298,933,372,561,10270,5533,4737
24,487,narmada,Total,18,11982,6252,5730,1343,465,878,10639,5787,4852
24,487,narmada,Total,19,10470,5386,5084,1232,397,835,9238,4989,4249
24,487,narmada,Total,20-24,50754,26035,24719,7852,2496,5356,42902,23539,19363
24,487,narmada,Total,25-29,44516,22732,21784,8716,2779,5937,35800,19953,15847
24,487,narmada,Total,30-34,42928,21598,21330,10644,3147,7497,32284,18451,13833
24,487,narmada,Total,35-39,42464,21524,20940,13837,4355,9482,28627,17169,11458
24,487,narmada,Total,40-44,39429,19862,19567,15800,5155,10645,23629,14707,8922
24,487,narmada,Total,45-49,33089,17138,15951,15448,5384,10064,17641,11754,5887
24,487,narmada,Total,50-54,25712,13234,12478,12750,4460,8290,12962,8774,4188
24,487,narmada,Total,55-59,20235,10096,10139,10724,3593,7131,9511,6503,3008
24,487,narmada,Total,60-64,17899,8579,9320,10590,3561,7029,7309,5018,2291
24,487,narmada,Total,65-69,12983,6143,6840,8419,2942,5477,4564,3201,1363
24,487,narmada,Total,70-74,8742,4175,4567,6020,2250,3770,2722,1925,797
24,487,narmada,Total,75-79,3950,1794,2156,2681,940,1741,1269,854,415
24,487,narmada,Total,80+,3945,1873,2072,2655,1015,1640,1290,858,432
24,487,narmada,Total,Age not stated,2091,1073,1018,769,317,452,1322,756,566
24,487,narmada,Rural,All ages,528425,269408,259017,206748,83842,122906,321677,185566,136111
24,487,narmada,Rural,0-6,71877,36946,34931,71877,36946,34931,0,0,0
24,487,narmada,Rural,7,11237,5772,5465,2915,1460,1455,8322,4312,4010
24,487,narmada,Rural,8,11061,5722,5339,1333,675,658,9728,5047,4681
24,487,narmada,Rural,9,11090,5741,5349,887,423,464,10203,5318,4885
24,487,narmada,Rural,10,12986,6727,6259,1004,490,514,11982,6237,5745
24,487,narmada,Rural,11,12524,6474,6050,711,334,377,11813,6140,5673
24,487,narmada,Rural,12,12475,6389,6086,771,339,432,11704,6050,5654
24,487,narmada,Rural,13,11940,6217,5723,657,319,338,11283,5898,5385
24,487,narmada,Rural,14,11472,5954,5518,748,320,428,10724,5634,5090
24,487,narmada,Rural,15,11600,5935,5665,894,382,512,10706,5553,5153
24,487,narmada,Rural,16,10800,5690,5110,887,369,518,9913,5321,4592
24,487,narmada,Rural,17,9928,5248,4680,888,345,543,9040,4903,4137
24,487,narmada,Rural,18,10584,5522,5062,1277,435,842,9307,5087,4220
24,487,narmada,Rural,19,9228,4770,4458,1159,365,794,8069,4405,3664
24,487,narmada,Rural,20-24,44723,23005,21718,7497,2364,5133,37226,20641,16585
24,487,narmada,Rural,25-29,39246,20077,19169,8302,2615,5687,30944,17462,13482
24,487,narmada,Rural,30-34,38231,19194,19037,10121,2966,7155,28110,16228,11882
24,487,narmada,Rural,35-39,37933,19308,18625,13193,4160,9033,24740,15148,9592
24,487,narmada,Rural,40-44,35195,17754,17441,15060,4933,10127,20135,12821,7314
24,487,narmada,Rural,45-49,29063,15149,13914,14653,5181,9472,14410,9968,4442
24,487,narmada,Rural,50-54,22550,11494,11056,12147,4294,7853,10403,7200,3203
24,487,narmada,Rural,55-59,18037,8941,9096,10243,3476,6767,7794,5465,2329
24,487,narmada,Rural,60-64,16134,7727,8407,10123,3445,6678,6011,4282,1729
24,487,narmada,Rural,65-69,11735,5571,6164,7987,2847,5140,3748,2724,1024
24,487,narmada,Rural,70-74,7874,3805,4069,5679,2173,3506,2195,1632,563
24,487,narmada,Rural,75-79,3468,1582,1886,2525,905,1620,943,677,266
24,487,narmada,Rural,80+,3450,1669,1781,2450,968,1482,1000,701,299
24,487,narmada,Rural,Age not stated,1984,1025,959,760,313,447,1224,712,512
24,487,narmada,Urban,All ages,61872,31678,30194,13213,5477,7736,48659,26201,22458
24,487,narmada,Urban,0-6,6246,3304,2942,6246,3304,2942,0,0,0
24,487,narmada,Urban,7,992,550,442,191,101,90,801,449,352
24,487,narmada,Urban,8,960,543,417,69,40,29,891,503,388
24,487,narmada,Urban,9,978,528,450,35,20,15,943,508,435
24,487,narmada,Urban,10,1268,665,603,60,35,25,1208,630,578
24,487,narmada,Urban,11,1283,664,619,40,24,16,1243,640,603
24,487,narmada,Urban,12,1259,688,571,36,15,21,1223,673,550
24,487,narmada,Urban,13,1387,740,647,42,18,24,1345,722,623
24,487,narmada,Urban,14,1577,875,702,38,22,16,1539,853,686
24,487,narmada,Urban,15,1461,797,664,60,31,29,1401,766,635
24,487,narmada,Urban,16,1432,766,666,47,24,23,1385,742,643
24,487,narmada,Urban,17,1275,657,618,45,27,18,1230,630,600
24,487,narmada,Urban,18,1398,730,668,66,30,36,1332,700,632
24,487,narmada,Urban,19,1242,616,626,73,32,41,1169,584,585
24,487,narmada,Urban,20-24,6031,3030,3001,355,132,223,5676,2898,2778
24,487,narmada,Urban,25-29,5270,2655,2615,414,164,250,4856,2491,2365
24,487,narmada,Urban,30-34,4697,2404,2293,523,181,342,4174,2223,1951
24,487,narmada,Urban,35-39,4531,2216,2315,644,195,449,3887,2021,1866
24,487,narmada,Urban,40-44,4234,2108,2126,740,222,518,3494,1886,1608
24,487,narmada,Urban,45-49,4026,1989,2037,795,203,592,3231,1786,1445
24,487,narmada,Urban,50-54,3162,1740,1422,603,166,437,2559,1574,985
24,487,narmada,Urban,55-59,2198,1155,1043,481,117,364,1717,1038,679
24,487,narmada,Urban,60-64,1765,852,913,467,116,351,1298,736,562
24,487,narmada,Urban,65-69,1248,572,676,432,95,337,816,477,339
24,487,narmada,Urban,70-74,868,370,498,341,77,264,527,293,234
24,487,narmada,Urban,75-79,482,212,270,156,35,121,326,177,149
24,487,narmada,Urban,80+,495,204,291,205,47,158,290,157,133
24,487,narmada,Urban,Age not stated,107,48,59,9,4,5,98,44,54
24,488,bharuch,Total,All ages,1551019,805707,745312,432743,182660,250083,1118276,623047,495229
24,488,bharuch,Total,0-6,179103,93265,85838,179103,93265,85838,0,0,0
24,488,bharuch,Total,7,29080,15305,13775,5581,2895,2686,23499,12410,11089
24,488,bharuch,Total,8,28404,15045,13359,2402,1233,1169,26002,13812,12190
24,488,bharuch,Total,9,28772,15276,13496,1611,763,848,27161,14513,12648
24,488,bharuch,Total,10,32256,16930,15326,1942,956,986,30314,15974,14340
24,488,bharuch,Total,11,32122,16912,15210,1417,651,766,30705,16261,14444
24,488,bharuch,Total,12,30831,16108,14723,1427,653,774,29404,15455,13949
24,488,bharuch,Total,13,30089,15724,14365,1235,565,670,28854,15159,13695
24,488,bharuch,Total,14,30400,15978,14422,1466,635,831,28934,15343,13591
24,488,bharuch,Total,15,30770,16480,14290,1923,862,1061,28847,15618,13229
24,488,bharuch,Total,16,29311,15627,13684,1719,818,901,27592,14809,12783
24,488,bharuch,Total,17,28284,15100,13184,1823,837,986,26461,14263,12198
24,488,bharuch,Total,18,31478,17029,14449,2483,1123,1360,28995,15906,13089
24,488,bharuch,Total,19,28307,15248,13059,2068,908,1160,26239,14340,11899
24,488,bharuch,Total,20-24,144474,78055,66419,15155,6169,8986,129319,71886,57433
24,488,bharuch,Total,25-29,130617,68698,61919,16823,6245,10578,113794,62453,51341
24,488,bharuch,Total,30-34,121437,62167,59270,20425,6993,13432,101012,55174,45838
24,488,bharuch,Total,35-39,118262,60965,57297,25206,8856,16350,93056,52109,40947
24,488,bharuch,Total,40-44,109662,56734,52928,28190,9756,18434,81472,46978,34494
24,488,bharuch,Total,45-49,93162,49070,44092,26606,9537,17069,66556,39533,27023
24,488,bharuch,Total,50-54,73531,38531,35000,22411,7724,14687,51120,30807,20313
24,488,bharuch,Total,55-59,57119,29320,27799,18031,5798,12233,39088,23522,15566
24,488,bharuch,Total,60-64,45525,21859,23666,17454,5298,12156,28071,16561,11510
24,488,bharuch,Total,65-69,31513,14405,17108,13046,3687,9359,18467,10718,7749
24,488,bharuch,Total,70-74,23834,10766,13068,10630,2901,7729,13204,7865,5339
24,488,bharuch,Total,75-79,11290,5225,6065,4768,1263,3505,6522,3962,2560
24,488,bharuch,Total,80+,11916,5014,6902,5572,1407,4165,6344,3607,2737
24,488,bharuch,Total,Age not stated,9470,4871,4599,2226,862,1364,7244,4009,3235
24,488,bharuch,Rural,All ages,1026060,529393,496667,320602,132509,188093,705458,396884,308574
24,488,bharuch,Rural,0-6,121510,62739,58771,121510,62739,58771,0,0,0
24,488,bharuch,Rural,7,19465,10087,9378,3652,1879,1773,15813,8208,7605
24,488,bharuch,Rural,8,19419,10119,9300,1576,798,778,17843,9321,8522
24,488,bharuch,Rural,9,19721,10329,9392,1060,503,557,18661,9826,8835
24,488,bharuch,Rural,10,21881,11312,10569,1235,610,625,20646,10702,9944
24,488,bharuch,Rural,11,22034,11436,10598,975,451,524,21059,10985,10074
24,488,bharuch,Rural,12,21069,10818,10251,978,453,525,20091,10365,9726
24,488,bharuch,Rural,13,20513,10603,9910,850,384,466,19663,10219,9444
24,488,bharuch,Rural,14,20473,10639,9834,1036,442,594,19437,10197,9240
24,488,bharuch,Rural,15,20731,10924,9807,1360,617,743,19371,10307,9064
24,488,bharuch,Rural,16,19627,10322,9305,1216,576,640,18411,9746,8665
24,488,bharuch,Rural,17,18760,9944,8816,1346,610,736,17414,9334,8080
24,488,bharuch,Rural,18,20700,11131,9569,1794,799,995,18906,10332,8574
24,488,bharuch,Rural,19,18299,9815,8484,1508,653,855,16791,9162,7629
24,488,bharuch,Rural,20-24,92930,50488,42442,11169,4464,6705,81761,46024,35737
24,488,bharuch,Rural,25-29,82688,43813,38875,12398,4496,7902,70290,39317,30973
24,488,bharuch,Rural,30-34,77640,39991,37649,15779,5370,10409,61861,34621,27240
24,488,bharuch,Rural,35-39,75818,39246,36572,19943,7010,12933,55875,32236,23639
24,488,bharuch,Rural,40-44,70984,36504,34480,22678,7826,14852,48306,28678,19628
24,488,bharuch,Rural,45-49,60751,31745,29006,21478,7747,13731,39273,23998,15275
24,488,bharuch,Rural,50-54,48972,25157,23815,18367,6342,12025,30605,18815,11790
24,488,bharuch,Rural,55-59,38902,19578,19324,15048,4884,10164,23854,14694,9160
24,488,bharuch,Rural,60-64,31986,15110,16876,14375,4452,9923,17611,10658,6953
24,488,bharuch,Rural,65-69,22572,10159,12413,10886,3162,7724,11686,6997,4689
24,488,bharuch,Rural,70-74,17310,7685,9625,8739,2477,6262,8571,5208,3363
24,488,bharuch,Rural,75-79,7921,3626,4295,3892,1063,2829,4029,2563,1466
24,488,bharuch,Rural,80+,7988,3361,4627,4207,1113,3094,3781,2248,1533
24,488,bharuch,Rural,Age not stated,5396,2712,2684,1547,589,958,3849,2123,1726
24,488,bharuch,Urban,All ages,524959,276314,248645,112141,50151,61990,412818,226163,186655
24,488,bharuch,Urban,0-6,57593,30526,27067,57593,30526,27067,0,0,0
24,488,bharuch,Urban,7,9615,5218,4397,1929,1016,913,7686,4202,3484
24,488,bharuch,Urban,8,8985,4926,4059,826,435,391,8159,4491,3668
24,488,bharuch,Urban,9,9051,4947,4104,551,260,291,8500,4687,3813
24,488,bharuch,Urban,10,10375,5618,4757,707,346,361,9668,5272,4396
24,488,bharuch,Urban,11,10088,5476,4612,442,200,242,9646,5276,4370
24,488,bharuch,Urban,12,9762,5290,4472,449,200,249,9313,5090,4223
24,488,bharuch,Urban,13,9576,5121,4455,385,181,204,9191,4940,4251
24,488,bharuch,Urban,14,9927,5339,4588,430,193,237,9497,5146,4351
24,488,bharuch,Urban,15,10039,5556,4483,563,245,318,9476,5311,4165
24,488,bharuch,Urban,16,9684,5305,4379,503,242,261,9181,5063,4118
24,488,bharuch,Urban,17,9524,5156,4368,477,227,250,9047,4929,4118
24,488,bharuch,Urban,18,10778,5898,4880,689,324,365,10089,5574,4515
24,488,bharuch,Urban,19,10008,5433,4575,560,255,305,9448,5178,4270
24,488,bharuch,Urban,20-24,51544,27567,23977,3986,1705,2281,47558,25862,21696
24,488,bharuch,Urban,25-29,47929,24885,23044,4425,1749,2676,43504,23136,20368
24,488,bharuch,Urban,30-34,43797,22176,21621,4646,1623,3023,39151,20553,18598
24,488,bharuch,Urban,35-39,42444,21719,20725,5263,1846,3417,37181,19873,17308
24,488,bharuch,Urban,40-44,38678,20230,18448,5512,1930,3582,33166,18300,14866
24,488,bharuch,Urban,45-49,32411,17325,15086,5128,1790,3338,27283,15535,11748
24,488,bharuch,Urban,50-54,24559,13374,11185,4044,1382,2662,20515,11992,8523
24,488,bharuch,Urban,55-59,18217,9742,8475,2983,914,2069,15234,8828,6406
24,488,bharuch,Urban,60-64,13539,6749,6790,3079,846,2233,10460,5903,4557
24,488,bharuch,Urban,65-69,8941,4246,4695,2160,525,1635,6781,3721,3060
24,488,bharuch,Urban,70-74,6524,3081,3443,1891,424,1467,4633,2657,1976
24,488,bharuch,Urban,75-79,3369,1599,1770,876,200,676,2493,1399,1094
24,488,bharuch,Urban,80+,3928,1653,2275,1365,294,1071,2563,1359,1204
24,488,bharuch,Urban,Age not stated,4074,2159,1915,679,273,406,3395,1886,1509
24,489,the dangs,Total,All ages,228291,113821,114470,87323,36507,50816,140968,77314,63654
24,489,the dangs,Total,0-6,40743,20743,20000,40743,20743,20000,0,0,0
24,489,the dangs,Total,7,6463,3252,3211,1104,553,551,5359,2699,2660
24,489,the dangs,Total,8,6298,3185,3113,470,256,214,5828,2929,2899
24,489,the dangs,Total,9,6130,3139,2991,382,200,182,5748,2939,2809
24,489,the dangs,Total,10,6815,3420,3395,374,207,167,6441,3213,3228
24,489,the dangs,Total,11,6224,3261,2963,286,140,146,5938,3121,2817
24,489,the dangs,Total,12,5963,3071,2892,264,134,130,5699,2937,2762
24,489,the dangs,Total,13,5154,2663,2491,216,105,111,4938,2558,2380
24,489,the dangs,Total,14,4843,2440,2403,216,93,123,4627,2347,2280
24,489,the dangs,Total,15,4505,2325,2180,268,118,150,4237,2207,2030
24,489,the dangs,Total,16,4351,2210,2141,243,121,122,4108,2089,2019
24,489,the dangs,Total,17,3851,1953,1898,248,95,153,3603,1858,1745
24,489,the dangs,Total,18,4091,2010,2081,374,98,276,3717,1912,1805
24,489,the dangs,Total,19,3645,1794,1851,316,100,216,3329,1694,1635
24,489,the dangs,Total,20-24,19599,9270,10329,2565,734,1831,17034,8536,8498
24,489,the dangs,Total,25-29,17420,8509,8911,3037,871,2166,14383,7638,6745
24,489,the dangs,Total,30-34,14713,7290,7423,3457,989,2468,11256,6301,4955
24,489,the dangs,Total,35-39,12995,6393,6602,3805,1083,2722,9190,5310,3880
24,489,the dangs,Total,40-44,12323,5999,6324,4496,1276,3220,7827,4723,3104
24,489,the dangs,Total,45-49,11790,5870,5920,5251,1633,3618,6539,4237,2302
24,489,the dangs,Total,50-54,9802,4898,4904,5087,1666,3421,4715,3232,1483
24,489,the dangs,Total,55-59,7435,3837,3598,4387,1534,2853,3048,2303,745
24,489,the dangs,Total,60-64,5129,2551,2578,3593,1385,2208,1536,1166,370
24,489,the dangs,Total,65-69,3449,1569,1880,2622,952,1670,827,617,210
24,489,the dangs,Total,70-74,2344,1101,1243,1934,787,1147,410,314,96
24,489,the dangs,Total,75-79,982,423,559,813,298,515,169,125,44
24,489,the dangs,Total,80+,886,428,458,671,290,381,215,138,77
24,489,the dangs,Total,Age not stated,348,217,131,101,46,55,247,171,76
24,489,the dangs,Rural,All ages,203604,101710,101894,82007,34310,47697,121597,67400,54197
24,489,the dangs,Rural,0-6,37988,19316,18672,37988,19316,18672,0,0,0
24,489,the dangs,Rural,7,5941,2996,2945,1026,519,507,4915,2477,2438
24,489,the dangs,Rural,8,5832,2956,2876,446,244,202,5386,2712,2674
24,489,the dangs,Rural,9,5640,2878,2762,367,189,178,5273,2689,2584
24,489,the dangs,Rural,10,6203,3070,3133,358,195,163,5845,2875,2970
24,489,the dangs,Rural,11,5484,2833,2651,269,134,135,5215,2699,2516
24,489,the dangs,Rural,12,5132,2634,2498,257,131,126,4875,2503,2372
24,489,the dangs,Rural,13,4250,2250,2000,198,97,101,4052,2153,1899
24,489,the dangs,Rural,14,3908,2049,1859,200,91,109,3708,1958,1750
24,489,the dangs,Rural,15,3640,1981,1659,241,109,132,3399,1872,1527
24,489,the dangs,Rural,16,3462,1884,1578,218,111,107,3244,1773,1471
24,489,the dangs,Rural,17,3142,1674,1468,220,88,132,2922,1586,1336
24,489,the dangs,Rural,18,3443,1716,1727,350,90,260,3093,1626,1467
24,489,the dangs,Rural,19,3100,1520,1580,301,95,206,2799,1425,1374
24,489,the dangs,Rural,20-24,17380,8133,9247,2414,684,1730,14966,7449,7517
24,489,the dangs,Rural,25-29,15621,7662,7959,2880,825,2055,12741,6837,5904
24,489,the dangs,Rural,30-34,13038,6450,6588,3277,934,2343,9761,5516,4245
24,489,the dangs,Rural,35-39,11495,5663,5832,3593,1023,2570,7902,4640,3262
24,489,the dangs,Rural,40-44,10968,5306,5662,4265,1211,3054,6703,4095,2608
24,489,the dangs,Rural,45-49,10543,5235,5308,4928,1543,3385,5615,3692,1923
24,489,the dangs,Rural,50-54,8826,4398,4428,4841,1603,3238,3985,2795,1190
24,489,the dangs,Rural,55-59,6711,3464,3247,4158,1476,2682,2553,1988,565
24,489,the dangs,Rural,60-64,4673,2320,2353,3407,1324,2083,1266,996,270
24,489,the dangs,Rural,65-69,3147,1425,1722,2485,907,1578,662,518,144
24,489,the dangs,Rural,70-74,2155,1022,1133,1832,760,1072,323,262,61
24,489,the dangs,Rural,75-79,910,390,520,777,288,489,133,102,31
24,489,the dangs,Rural,80+,776,383,393,621,278,343,155,105,50
24,489,the dangs,Rural,Age not stated,196,102,94,90,45,45,106,57,49
24,489,the dangs,Urban,All ages,24687,12111,12576,5316,2197,3119,19371,9914,9457
24,489,the dangs,Urban,0-6,2755,1427,1328,2755,1427,1328,0,0,0
24,489,the dangs,Urban,7,522,256,266,78,34,44,444,222,222
24,489,the dangs,Urban,8,466,229,237,24,12,12,442,217,225
24,489,the dangs,Urban,9,490,261,229,15,11,4,475,250,225
24,489,the dangs,Urban,10,612,350,262,16,12,4,596,338,258
24,489,the dangs,Urban,11,740,428,312,17,6,11,723,422,301
24,489,the dangs,Urban,12,831,437,394,7,3,4,824,434,390
24,489,the dangs,Urban,13,904,413,491,18,8,10,886,405,481
24,489,the dangs,Urban,14,935,391,544,16,2,14,919,389,530
24,489,the dangs,Urban,15,865,344,521,27,9,18,838,335,503
24,489,the dangs,Urban,16,889,326,563,25,10,15,864,316,548
24,489,the dangs,Urban,17,709,279,430,28,7,21,681,272,409
24,489,the dangs,Urban,18,648,294,354,24,8,16,624,286,338
24,489,the dangs,Urban,19,545,274,271,15,5,10,530,269,261
24,489,the dangs,Urban,20-24,2219,1137,1082,151,50,101,2068,1087,981
24,489,the dangs,Urban,25-29,1799,847,952,157,46,111,1642,801,841
24,489,the dangs,Urban,30-34,1675,840,835,180,55,125,1495,785,710
24,489,the dangs,Urban,35-39,1500,730,770,212,60,152,1288,670,618
24,489,the dangs,Urban,40-44,1355,693,662,231,65,166,1124,628,496
24,489,the dangs,Urban,45-49,1247,635,612,323,90,233,924,545,379
24,489,the dangs,Urban,50-54,976,500,476,246,63,183,730,437,293
24,489,the dangs,Urban,55-59,724,373,351,229,58,171,495,315,180
24,489,the dangs,Urban,60-64,456,231,225,186,61,125,270,170,100
24,489,the dangs,Urban,65-69,302,144,158,137,45,92,165,99,66
24,489,the dangs,Urban,70-74,189,79,110,102,27,75,87,52,35
24,489,the dangs,Urban,75-79,72,33,39,36,10,26,36,23,13
24,489,the dangs,Urban,80+,110,45,65,50,12,38,60,33,27
24,489,the dangs,Urban,Age not stated,152,115,37,11,1,10,141,114,27
24,490,navsari,Total,All ages,1329672,678165,651507,327763,138694,189069,1001909,539471,462438
24,490,navsari,Total,0-6,135170,70298,64872,135170,70298,64872,0,0,0
24,490,navsari,Total,7,21297,11038,10259,3618,1854,1764,17679,9184,8495
24,490,navsari,Total,8,20453,10712,9741,1275,688,587,19178,10024,9154
24,490,navsari,Total,9,20699,10894,9805,848,455,393,19851,10439,9412
24,490,navsari,Total,10,23517,12356,11161,972,494,478,22545,11862,10683
24,490,navsari,Total,11,23840,12425,11415,725,368,357,23115,12057,11058
24,490,navsari,Total,12,23078,12081,10997,720,342,378,22358,11739,10619
24,490,navsari,Total,13,23272,12321,10951,632,323,309,22640,11998,10642
24,490,navsari,Total,14,23607,12306,11301,733,356,377,22874,11950,10924
24,490,navsari,Total,15,24169,12888,11281,960,486,474,23209,12402,10807
24,490,navsari,Total,16,23717,12602,11115,847,405,442,22870,12197,10673
24,490,navsari,Total,17,23735,12553,11182,907,438,469,22828,12115,10713
24,490,navsari,Total,18,26059,13832,12227,1282,611,671,24777,13221,11556
24,490,navsari,Total,19,23880,12407,11473,1049,494,555,22831,11913,10918
24,490,navsari,Total,20-24,122364,63725,58639,7772,3136,4636,114592,60589,54003
24,490,navsari,Total,25-29,114157,59639,54518,9175,3588,5587,104982,56051,48931
24,490,navsari,Total,30-34,106066,54426,51640,11570,4173,7397,94496,50253,44243
24,490,navsari,Total,35-39,102473,51867,50606,16492,5768,10724,85981,46099,39882
24,490,navsari,Total,40-44,96861,48478,48383,21133,7300,13833,75728,41178,34550
24,490,navsari,Total,45-49,84949,42444,42505,22596,7883,14713,62353,34561,27792
24,490,navsari,Total,50-54,72111,36840,35271,20894,7495,13399,51217,29345,21872
24,490,navsari,Total,55-59,56601,27974,28627,17250,5811,11439,39351,22163,17188
24,490,navsari,Total,60-64,47108,22779,24329,16849,5523,11326,30259,17256,13003
24,490,navsari,Total,65-69,32162,14923,17239,12373,3782,8591,19789,11141,8648
24,490,navsari,Total,70-74,24335,11072,13263,9777,2989,6788,14558,8083,6475
24,490,navsari,Total,75-79,12670,5608,7062,4872,1375,3497,7798,4233,3565
24,490,navsari,Total,80+,13970,5906,8064,5595,1551,4044,8375,4355,4020
24,490,navsari,Total,Age not stated,7352,3771,3581,1677,708,969,5675,3063,2612
24,490,navsari,Rural,All ages,920535,464749,455786,244452,101826,142626,676083,362923,313160
24,490,navsari,Rural,0-6,92466,47505,44961,92466,47505,44961,0,0,0
24,490,navsari,Rural,7,14746,7545,7201,2478,1251,1227,12268,6294,5974
24,490,navsari,Rural,8,14403,7464,6939,860,468,392,13543,6996,6547
24,490,navsari,Rural,9,14509,7518,6991,570,312,258,13939,7206,6733
24,490,navsari,Rural,10,16578,8688,7890,648,326,322,15930,8362,7568
24,490,navsari,Rural,11,16860,8582,8278,508,255,253,16352,8327,8025
24,490,navsari,Rural,12,16422,8464,7958,487,226,261,15935,8238,7697
24,490,navsari,Rural,13,16768,8752,8016,470,233,237,16298,8519,7779
24,490,navsari,Rural,14,16949,8746,8203,526,261,265,16423,8485,7938
24,490,navsari,Rural,15,17173,9032,8141,653,343,310,16520,8689,7831
24,490,navsari,Rural,16,16858,8882,7976,582,281,301,16276,8601,7675
24,490,navsari,Rural,17,16740,8754,7986,634,297,337,16106,8457,7649
24,490,navsari,Rural,18,17964,9442,8522,879,419,460,17085,9023,8062
24,490,navsari,Rural,19,16159,8325,7834,711,329,382,15448,7996,7452
24,490,navsari,Rural,20-24,81132,42059,39073,5195,2135,3060,75937,39924,36013
24,490,navsari,Rural,25-29,74806,38781,36025,6000,2420,3580,68806,36361,32445
24,490,navsari,Rural,30-34,71359,36095,35264,8101,2909,5192,63258,33186,30072
24,490,navsari,Rural,35-39,71049,35565,35484,12687,4405,8282,58362,31160,27202
24,490,navsari,Rural,40-44,68630,34243,34387,17002,5908,11094,51628,28335,23293
24,490,navsari,Rural,45-49,59475,29617,29858,18574,6629,11945,40901,22988,17913
24,490,navsari,Rural,50-54,50614,25554,25060,17413,6301,11112,33201,19253,13948
24,490,navsari,Rural,55-59,39903,19379,20524,14595,4995,9600,25308,14384,10924
24,490,navsari,Rural,60-64,33930,16204,17726,14229,4748,9481,19701,11456,8245
24,490,navsari,Rural,65-69,23572,10807,12765,10431,3285,7146,13141,7522,5619
24,490,navsari,Rural,70-74,17771,8108,9663,8115,2600,5515,9656,5508,4148
24,490,navsari,Rural,75-79,9005,3963,5042,4036,1174,2862,4969,2789,2180
24,490,navsari,Rural,80+,9869,4185,5684,4394,1291,3103,5475,2894,2581
24,490,navsari,Rural,Age not stated,4825,2490,2335,1208,520,688,3617,1970,1647
24,490,navsari,Urban,All ages,409137,213416,195721,83311,36868,46443,325826,176548,149278
24,490,navsari,Urban,0-6,42704,22793,19911,42704,22793,19911,0,0,0
24,490,navsari,Urban,7,6551,3493,3058,1140,603,537,5411,2890,2521
24,490,navsari,Urban,8,6050,3248,2802,415,220,195,5635,3028,2607
24,490,navsari,Urban,9,6190,3376,2814,278,143,135,5912,3233,2679
24,490,navsari,Urban,10,6939,3668,3271,324,168,156,6615,3500,3115
24,490,navsari,Urban,11,6980,3843,3137,217,113,104,6763,3730,3033
24,490,navsari,Urban,12,6656,3617,3039,233,116,117,6423,3501,2922
24,490,navsari,Urban,13,6504,3569,2935,162,90,72,6342,3479,2863
24,490,navsari,Urban,14,6658,3560,3098,207,95,112,6451,3465,2986
24,490,navsari,Urban,15,6996,3856,3140,307,143,164,6689,3713,2976
24,490,navsari,Urban,16,6859,3720,3139,265,124,141,6594,3596,2998
24,490,navsari,Urban,17,6995,3799,3196,273,141,132,6722,3658,3064
24,490,navsari,Urban,18,8095,4390,3705,403,192,211,7692,4198,3494
24,490,navsari,Urban,19,7721,4082,3639,338,165,173,7383,3917,3466
24,490,navsari,Urban,20-24,41232,21666,19566,2577,1001,1576,38655,20665,17990
24,490,navsari,Urban,25-29,39351,20858,18493,3175,1168,2007,36176,19690,16486
24,490,navsari,Urban,30-34,34707,18331,16376,3469,1264,2205,31238,17067,14171
24,490,navsari,Urban,35-39,31424,16302,15122,3805,1363,2442,27619,14939,12680
24,490,navsari,Urban,40-44,28231,14235,13996,4131,1392,2739,24100,12843,11257
24,490,navsari,Urban,45-49,25474,12827,12647,4022,1254,2768,21452,11573,9879
24,490,navsari,Urban,50-54,21497,11286,10211,3481,1194,2287,18016,10092,7924
24,490,navsari,Urban,55-59,16698,8595,8103,2655,816,1839,14043,7779,6264
24,490,navsari,Urban,60-64,13178,6575,6603,2620,775,1845,10558,5800,4758
24,490,navsari,Urban,65-69,8590,4116,4474,1942,497,1445,6648,3619,3029
24,490,navsari,Urban,70-74,6564,2964,3600,1662,389,1273,4902,2575,2327
24,490,navsari,Urban,75-79,3665,1645,2020,836,201,635,2829,1444,1385
24,490,navsari,Urban,80+,4101,1721,2380,1201,260,941,2900,1461,1439
24,490,navsari,Urban,Age not stated,2527,1281,1246,469,188,281,2058,1093,965
24,491,valsad,Total,All ages,1705678,887222,818456,535021,231694,303327,1170657,655528,515129
24,491,valsad,Total,0-6,215439,111889,103550,215439,111889,103550,0,0,0
24,491,valsad,Total,7,34408,17769,16639,5885,2950,2935,28523,14819,13704
24,491,valsad,Total,8,32342,16925,15417,2644,1341,1303,29698,15584,14114
24,491,valsad,Total,9,32198,16955,15243,2068,1032,1036,30130,15923,14207
24,491,valsad,Total,10,36430,19073,17357,2534,1236,1298,33896,17837,16059
24,491,valsad,Total,11,34431,18198,16233,1959,901,1058,32472,17297,15175
24,491,valsad,Total,12,33694,17669,16025,1947,853,1094,31747,16816,14931
24,491,valsad,Total,13,31521,16481,15040,1899,823,1076,29622,15658,13964
24,491,valsad,Total,14,30742,16075,14667,2067,936,1131,28675,15139,13536
24,491,valsad,Total,15,30887,16356,14531,2637,1192,1445,28250,15164,13086
24,491,valsad,Total,16,29303,15534,13769,2549,1096,1453,26754,14438,12316
24,491,valsad,Total,17,28609,15461,13148,2370,1006,1364,26239,14455,11784
24,491,valsad,Total,18,33883,18461,15422,3609,1474,2135,30274,16987,13287
24,491,valsad,Total,19,30240,16228,14012,3139,1140,1999,27101,15088,12013
24,491,valsad,Total,20-24,160029,85533,74496,21626,7987,13639,138403,77546,60857
24,491,valsad,Total,25-29,150376,78753,71623,25570,9722,15848,124806,69031,55775
24,491,valsad,Total,30-34,139866,72615,67251,27683,10442,17241,112183,62173,50010
24,491,valsad,Total,35-39,133730,69979,63751,30604,11760,18844,103126,58219,44907
24,491,valsad,Total,40-44,116615,61008,55607,32193,12101,20092,84422,48907,35515
24,491,valsad,Total,45-49,95663,50041,45622,31761,12110,19651,63902,37931,25971
24,491,valsad,Total,50-54,75455,39827,35628,27360,10732,16628,48095,29095,19000
24,491,valsad,Total,55-59,57842,29127,28715,22583,8017,14566,35259,21110,14149
24,491,valsad,Total,60-64,47689,23168,24521,21262,7098,14164,26427,16070,10357
24,491,valsad,Total,65-69,31970,15093,16877,15234,4871,10363,16736,10222,6514
24,491,valsad,Total,70-74,22886,10426,12460,11758,3599,8159,11128,6827,4301
24,491,valsad,Total,75-79,11383,5132,6251,5500,1551,3949,5883,3581,2302
24,491,valsad,Total,80+,12681,5655,7026,6069,1765,4304,6612,3890,2722
24,491,valsad,Total,Age not stated,15366,7791,7575,5072,2070,3002,10294,5721,4573
24,491,valsad,Rural,All ages,1070177,542644,527533,398972,170335,228637,671205,372309,298896
24,491,valsad,Rural,0-6,142109,72995,69114,142109,72995,69114,0,0,0
24,491,valsad,Rural,7,22736,11587,11149,4026,1995,2031,18710,9592,9118
24,491,valsad,Rural,8,21836,11254,10582,1874,952,922,19962,10302,9660
24,491,valsad,Rural,9,21699,11219,10480,1522,743,779,20177,10476,9701
24,491,valsad,Rural,10,23980,12419,11561,1870,908,962,22110,11511,10599
24,491,valsad,Rural,11,22859,11922,10937,1556,710,846,21303,11212,10091
24,491,valsad,Rural,12,22501,11526,10975,1569,656,913,20932,10870,10062
24,491,valsad,Rural,13,20656,10629,10027,1583,665,918,19073,9964,9109
24,491,valsad,Rural,14,20042,10357,9685,1729,748,981,18313,9609,8704
24,491,valsad,Rural,15,19951,10413,9538,2198,981,1217,17753,9432,8321
24,491,valsad,Rural,16,18737,9782,8955,2131,888,1243,16606,8894,7712
24,491,valsad,Rural,17,17737,9374,8363,1919,758,1161,15818,8616,7202
24,491,valsad,Rural,18,20605,10697,9908,2924,1093,1831,17681,9604,8077
24,491,valsad,Rural,19,17966,9132,8834,2485,820,1665,15481,8312,7169
24,491,valsad,Rural,20-24,93093,47684,45409,17068,5978,11090,76025,41706,34319
24,491,valsad,Rural,25-29,85447,43231,42216,20067,7713,12354,65380,35518,29862
24,491,valsad,Rural,30-34,81566,41058,40508,21606,8337,13269,59960,32721,27239
24,491,valsad,Rural,35-39,80289,40780,39509,23972,9358,14614,56317,31422,24895
24,491,valsad,Rural,40-44,72573,36820,35753,25895,9944,15951,46678,26876,19802
24,491,valsad,Rural,45-49,61038,31144,29894,26267,10222,16045,34771,20922,13849
24,491,valsad,Rural,50-54,49076,25369,23707,22889,9195,13694,26187,16174,10013
24,491,valsad,Rural,55-59,38350,18870,19480,18912,6931,11981,19438,11939,7499
24,491,valsad,Rural,60-64,32066,15258,16808,17503,6034,11469,14563,9224,5339
24,491,valsad,Rural,65-69,21864,10129,11735,12568,4210,8358,9296,5919,3377
24,491,valsad,Rural,70-74,15620,7081,8539,9546,3062,6484,6074,4019,2055
24,491,valsad,Rural,75-79,7460,3244,4216,4456,1316,3140,3004,1928,1076
24,491,valsad,Rural,80+,8034,3580,4454,4655,1454,3201,3379,2126,1253
24,491,valsad,Rural,Age not stated,10287,5090,5197,4073,1669,2404,6214,3421,2793
24,491,valsad,Urban,All ages,635501,344578,290923,136049,61359,74690,499452,283219,216233
24,491,valsad,Urban,0-6,73330,38894,34436,73330,38894,34436,0,0,0
24,491,valsad,Urban,7,11672,6182,5490,1859,955,904,9813,5227,4586
24,491,valsad,Urban,8,10506,5671,4835,770,389,381,9736,5282,4454
24,491,valsad,Urban,9,10499,5736,4763,546,289,257,9953,5447,4506
24,491,valsad,Urban,10,12450,6654,5796,664,328,336,11786,6326,5460
24,491,valsad,Urban,11,11572,6276,5296,403,191,212,11169,6085,5084
24,491,valsad,Urban,12,11193,6143,5050,378,197,181,10815,5946,4869
24,491,valsad,Urban,13,10865,5852,5013,316,158,158,10549,5694,4855
24,491,valsad,Urban,14,10700,5718,4982,338,188,150,10362,5530,4832
24,491,valsad,Urban,15,10936,5943,4993,439,211,228,10497,5732,4765
24,491,valsad,Urban,16,10566,5752,4814,418,208,210,10148,5544,4604
24,491,valsad,Urban,17,10872,6087,4785,451,248,203,10421,5839,4582
24,491,valsad,Urban,18,13278,7764,5514,685,381,304,12593,7383,5210
24,491,valsad,Urban,19,12274,7096,5178,654,320,334,11620,6776,4844
24,491,valsad,Urban,20-24,66936,37849,29087,4558,2009,2549,62378,35840,26538
24,491,valsad,Urban,25-29,64929,35522,29407,5503,2009,3494,59426,33513,25913
24,491,valsad,Urban,30-34,58300,31557,26743,6077,2105,3972,52223,29452,22771
24,491,valsad,Urban,35-39,53441,29199,24242,6632,2402,4230,46809,26797,20012
24,491,valsad,Urban,40-44,44042,24188,19854,6298,2157,4141,37744,22031,15713
24,491,valsad,Urban,45-49,34625,18897,15728,5494,1888,3606,29131,17009,12122
24,491,valsad,Urban,50-54,26379,14458,11921,4471,1537,2934,21908,12921,8987
24,491,valsad,Urban,55-59,19492,10257,9235,3671,1086,2585,15821,9171,6650
24,491,valsad,Urban,60-64,15623,7910,7713,3759,1064,2695,11864,6846,5018
24,491,valsad,Urban,65-69,10106,4964,5142,2666,661,2005,7440,4303,3137
24,491,valsad,Urban,70-74,7266,3345,3921,2212,537,1675,5054,2808,2246
24,491,valsad,Urban,75-79,3923,1888,2035,1044,235,809,2879,1653,1226
24,491,valsad,Urban,80+,4647,2075,2572,1414,311,1103,3233,1764,1469
24,491,valsad,Urban,Age not stated,5079,2701,2378,999,401,598,4080,2300,1780
24,492,surat,Total,All ages,6081322,3402224,2679098,1509912,714756,795156,4571410,2687468,1883942
24,492,surat,Total,0-6,736286,401315,334971,736286,401315,334971,0,0,0
24,492,surat,Total,7,113024,62122,50902,23429,12590,10839,89595,49532,40063
24,492,surat,Total,8,104713,57873,46840,9527,4980,4547,95186,52893,42293
24,492,surat,Total,9,100286,55702,44584,6522,3489,3033,93764,52213,41551
24,492,surat,Total,10,117423,65267,52156,8271,4375,3896,109152,60892,48260
24,492,surat,Total,11,109267,60535,48732,5303,2776,2527,103964,57759,46205
24,492,surat,Total,12,107216,59178,48038,5051,2631,2420,102165,56547,45618
24,492,surat,Total,13,100385,54859,45526,4372,2259,2113,96013,52600,43413
24,492,surat,Total,14,100398,55268,45130,4626,2465,2161,95772,52803,42969
24,492,surat,Total,15,106954,60308,46646,6322,3443,2879,100632,56865,43767
24,492,surat,Total,16,105469,60437,45032,5973,3384,2589,99496,57053,42443
24,492,surat,Total,17,106298,63095,43203,6160,3613,2547,100138,59482,40656
24,492,surat,Total,18,141236,88949,52287,10209,6084,4125,131027,82865,48162
24,492,surat,Total,19,126049,77521,48528,8522,4661,3861,117527,72860,44667
24,492,surat,Total,20-24,715502,428635,286867,62642,30030,32612,652860,398605,254255
24,492,surat,Total,25-29,672937,384925,288012,72122,30569,41553,600815,354356,246459
24,492,surat,Total,30-34,563952,316916,247036,74133,29839,44294,489819,287077,202742
24,492,surat,Total,35-39,476469,264531,211938,79261,31208,48053,397208,233323,163885
24,492,surat,Total,40-44,391237,215318,175919,79948,30999,48949,311289,184319,126970
24,492,surat,Total,45-49,309088,168409,140679,71170,26357,44813,237918,142052,95866
24,492,surat,Total,50-54,229583,125245,104338,57867,21524,36343,171716,103721,67995
24,492,surat,Total,55-59,164086,86574,77512,43305,14592,28713,120781,71982,48799
24,492,surat,Total,60-64,126078,64296,61782,40461,13496,26965,85617,50800,34817
24,492,surat,Total,65-69,79835,38868,40967,27924,8729,19195,51911,30139,21772
24,492,surat,Total,70-74,56907,26483,30424,21984,6486,15498,34923,19997,14926
24,492,surat,Total,75-79,29469,13490,15979,10648,2881,7767,18821,10609,8212
24,492,surat,Total,80+,37457,16323,21134,15182,4134,11048,22275,12189,10086
24,492,surat,Total,Age not stated,53718,29782,23936,12692,5847,6845,41026,23935,17091
24,492,surat,Rural,All ages,1232109,640060,592049,391665,170045,221620,840444,470015,370429
24,492,surat,Rural,0-6,139486,72123,67363,139486,72123,67363,0,0,0
24,492,surat,Rural,7,22433,11624,10809,4586,2391,2195,17847,9233,8614
24,492,surat,Rural,8,21378,11186,10192,1978,1017,961,19400,10169,9231
24,492,surat,Rural,9,21750,11443,10307,1405,733,672,20345,10710,9635
24,492,surat,Rural,10,25247,13276,11971,1755,952,803,23492,12324,11168
24,492,surat,Rural,11,24014,12611,11403,1150,617,533,22864,11994,10870
24,492,surat,Rural,12,23961,12706,11255,1241,673,568,22720,12033,10687
24,492,surat,Rural,13,23028,12069,10959,1078,564,514,21950,11505,10445
24,492,surat,Rural,14,22859,12022,10837,1196,645,551,21663,11377,10286
24,492,surat,Rural,15,23720,12566,11154,1618,861,757,22102,11705,10397
24,492,surat,Rural,16,22749,12340,10409,1537,825,712,21212,11515,9697
24,492,surat,Rural,17,21684,11790,9894,1518,798,720,20166,10992,9174
24,492,surat,Rural,18,24943,13849,11094,2286,1149,1137,22657,12700,9957
24,492,surat,Rural,19,22366,12159,10207,1870,886,984,20496,11273,9223
24,492,surat,Rural,20-24,119461,66046,53415,14114,6259,7855,105347,59787,45560
24,492,surat,Rural,25-29,109151,59313,49838,16426,6831,9595,92725,52482,40243
24,492,surat,Rural,30-34,99567,52330,47237,20610,7904,12706,78957,44426,34531
24,492,surat,Rural,35-39,94274,49084,45190,25728,9929,15799,68546,39155,29391
24,492,surat,Rural,40-44,85351,43358,41993,29400,11125,18275,55951,32233,23718
24,492,surat,Rural,45-49,71700,36559,35141,28022,10721,17301,43678,25838,17840
24,492,surat,Rural,50-54,57367,28961,28406,23466,8988,14478,33901,19973,13928
24,492,surat,Rural,55-59,44683,21771,22912,18863,6662,12201,25820,15109,10711
24,492,surat,Rural,60-64,36919,17218,19701,17583,5974,11609,19336,11244,8092
24,492,surat,Rural,65-69,25305,11649,13656,12570,4259,8311,12735,7390,5345
24,492,surat,Rural,70-74,18682,8325,10357,9620,3055,6565,9062,5270,3792
24,492,surat,Rural,75-79,9026,4026,5000,4301,1300,3001,4725,2726,1999
24,492,surat,Rural,80+,9936,4169,5767,4784,1389,3395,5152,2780,2372
24,492,surat,Rural,Age not stated,11069,5487,5582,3474,1415,2059,7595,4072,3523
24,492,surat,Urban,All ages,4849213,2762164,2087049,1118247,544711,573536,3730966,2217453,1513513
24,492,surat,Urban,0-6,596800,329192,267608,596800,329192,267608,0,0,0
24,492,surat,Urban,7,90591,50498,40093,18843,10199,8644,71748,40299,31449
24,492,surat,Urban,8,83335,46687,36648,7549,3963,3586,75786,42724,33062
24,492,surat,Urban,9,78536,44259,34277,5117,2756,2361,73419,41503,31916
24,492,surat,Urban,10,92176,51991,40185,6516,3423,3093,85660,48568,37092
24,492,surat,Urban,11,85253,47924,37329,4153,2159,1994,81100,45765,35335
24,492,surat,Urban,12,83255,46472,36783,3810,1958,1852,79445,44514,34931
24,492,surat,Urban,13,77357,42790,34567,3294,1695,1599,74063,41095,32968
24,492,surat,Urban,14,77539,43246,34293,3430,1820,1610,74109,41426,32683
24,492,surat,Urban,15,83234,47742,35492,4704,2582,2122,78530,45160,33370
24,492,surat,Urban,16,82720,48097,34623,4436,2559,1877,78284,45538,32746
24,492,surat,Urban,17,84614,51305,33309,4642,2815,1827,79972,48490,31482
24,492,surat,Urban,18,116293,75100,41193,7923,4935,2988,108370,70165,38205
24,492,surat,Urban,19,103683,65362,38321,6652,3775,2877,97031,61587,35444
24,492,surat,Urban,20-24,596041,362589,233452,48528,23771,24757,547513,338818,208695
24,492,surat,Urban,25-29,563786,325612,238174,55696,23738,31958,508090,301874,206216
24,492,surat,Urban,30-34,464385,264586,199799,53523,21935,31588,410862,242651,168211
24,492,surat,Urban,35-39,382195,215447,166748,53533,21279,32254,328662,194168,134494
24,492,surat,Urban,40-44,305886,171960,133926,50548,19874,30674,255338,152086,103252
24,492,surat,Urban,45-49,237388,131850,105538,43148,15636,27512,194240,116214,78026
24,492,surat,Urban,50-54,172216,96284,75932,34401,12536,21865,137815,83748,54067
24,492,surat,Urban,55-59,119403,64803,54600,24442,7930,16512,94961,56873,38088
24,492,surat,Urban,60-64,89159,47078,42081,22878,7522,15356,66281,39556,26725
24,492,surat,Urban,65-69,54530,27219,27311,15354,4470,10884,39176,22749,16427
24,492,surat,Urban,70-74,38225,18158,20067,12364,3431,8933,25861,14727,11134
24,492,surat,Urban,75-79,20443,9464,10979,6347,1581,4766,14096,7883,6213
24,492,surat,Urban,80+,27521,12154,15367,10398,2745,7653,17123,9409,7714
24,492,surat,Urban,Age not stated,42649,24295,18354,9218,4432,4786,33431,19863,13568
24,493,tapi,Total,All ages,807022,402188,404834,316986,133181,183805,490036,269007,221029
24,493,tapi,Total,0-6,89075,45619,43456,89075,45619,43456,0,0,0
24,493,tapi,Total,7,14004,7111,6893,3109,1532,1577,10895,5579,5316
24,493,tapi,Total,8,14134,7202,6932,1356,685,671,12778,6517,6261
24,493,tapi,Total,9,14282,7314,6968,964,528,436,13318,6786,6532
24,493,tapi,Total,10,16425,8432,7993,1136,609,527,15289,7823,7466
24,493,tapi,Total,11,16318,8387,7931,887,469,418,15431,7918,7513
24,493,tapi,Total,12,15770,8141,7629,986,517,469,14784,7624,7160
24,493,tapi,Total,13,14891,7559,7332,862,432,430,14029,7127,6902
24,493,tapi,Total,14,14657,7566,7091,958,479,479,13699,7087,6612
24,493,tapi,Total,15,15106,7969,7137,1210,638,572,13896,7331,6565
24,493,tapi,Total,16,14945,7818,7127,1231,625,606,13714,7193,6521
24,493,tapi,Total,17,13933,7381,6552,1155,587,568,12778,6794,5984
24,493,tapi,Total,18,15471,8008,7463,1612,747,865,13859,7261,6598
24,493,tapi,Total,19,13985,6991,6994,1411,576,835,12574,6415,6159
24,493,tapi,Total,20-24,72403,35727,36676,10861,4236,6625,61542,31491,30051
24,493,tapi,Total,25-29,66648,33182,33466,13406,5022,8384,53242,28160,25082
24,493,tapi,Total,30-34,62052,30592,31460,17086,6385,10701,44966,24207,20759
24,493,tapi,Total,35-39,60772,29966,30806,22182,8228,13954,38590,21738,16852
24,493,tapi,Total,40-44,59024,28592,30432,27275,9947,17328,31749,18645,13104
24,493,tapi,Total,45-49,53171,26545,26626,28015,10849,17166,25156,15696,9460
24,493,tapi,Total,50-54,41950,21068,20882,23551,9016,14535,18399,12052,6347
24,493,tapi,Total,55-59,32079,15852,16227,18958,7189,11769,13121,8663,4458
24,493,tapi,Total,60-64,26900,12530,14370,17652,6434,11218,9248,6096,3152
24,493,tapi,Total,65-69,19655,9080,10575,13503,5009,8494,6152,4071,2081
24,493,tapi,Total,70-74,12684,5784,6900,8989,3358,5631,3695,2426,1269
24,493,tapi,Total,75-79,5717,2572,3145,3917,1377,2540,1800,1195,605
24,493,tapi,Total,80+,5590,2488,3102,3585,1262,2323,2005,1226,779
24,493,tapi,Total,Age not stated,5381,2712,2669,2054,826,1228,3327,1886,1441
24,493,tapi,Rural,All ages,727535,361548,365987,297159,124814,172345,430376,236734,193642
24,493,tapi,Rural,0-6,80048,40887,39161,80048,40887,39161,0,0,0
24,493,tapi,Rural,7,12623,6400,6223,2817,1388,1429,9806,5012,4794
24,493,tapi,Rural,8,12852,6536,6316,1239,630,609,11613,5906,5707
24,493,tapi,Rural,9,12973,6567,6406,877,485,392,12096,6082,6014
24,493,tapi,Rural,10,14878,7594,7284,1055,569,486,13823,7025,6798
24,493,tapi,Rural,11,14743,7527,7216,810,424,386,13933,7103,6830
24,493,tapi,Rural,12,14340,7389,6951,923,485,438,13417,6904,6513
24,493,tapi,Rural,13,13538,6854,6684,795,406,389,12743,6448,6295
24,493,tapi,Rural,14,13237,6785,6452,892,440,452,12345,6345,6000
24,493,tapi,Rural,15,13729,7207,6522,1143,603,540,12586,6604,5982
24,493,tapi,Rural,16,13538,7061,6477,1149,584,565,12389,6477,5912
24,493,tapi,Rural,17,12539,6639,5900,1095,565,530,11444,6074,5370
24,493,tapi,Rural,18,13922,7194,6728,1506,700,806,12416,6494,5922
24,493,tapi,Rural,19,12477,6195,6282,1304,538,766,11173,5657,5516
24,493,tapi,Rural,20-24,64586,31804,32782,10208,3975,6233,54378,27829,26549
24,493,tapi,Rural,25-29,59332,29444,29888,12678,4760,7918,46654,24684,21970
24,493,tapi,Rural,30-34,55528,27304,28224,16250,6101,10149,39278,21203,18075
24,493,tapi,Rural,35-39,54895,26983,27912,21211,7899,13312,33684,19084,14600
24,493,tapi,Rural,40-44,53519,25934,27585,26073,9591,16482,27446,16343,11103
24,493,tapi,Rural,45-49,48316,24136,24180,26859,10444,16415,21457,13692,7765
24,493,tapi,Rural,50-54,37796,18923,18873,22600,8716,13884,15196,10207,4989
24,493,tapi,Rural,55-59,28897,14132,14765,18161,6941,11220,10736,7191,3545
24,493,tapi,Rural,60-64,24584,11424,13160,16910,6235,10675,7674,5189,2485
24,493,tapi,Rural,65-69,18058,8345,9713,12968,4866,8102,5090,3479,1611
24,493,tapi,Rural,70-74,11641,5301,6340,8574,3250,5324,3067,2051,1016
24,493,tapi,Rural,75-79,5177,2334,2843,3728,1330,2398,1449,1004,445
24,493,tapi,Rural,80+,4953,2235,2718,3328,1206,2122,1625,1029,596
24,493,tapi,Rural,Age not stated,4816,2414,2402,1958,796,1162,2858,1618,1240
24,493,tapi,Urban,All ages,79487,40640,38847,19827,8367,11460,59660,32273,27387
24,493,tapi,Urban,0-6,9027,4732,4295,9027,4732,4295,0,0,0
24,493,tapi,Urban,7,1381,711,670,292,144,148,1089,567,522
24,493,tapi,Urban,8,1282,666,616,117,55,62,1165,611,554
24,493,tapi,Urban,9,1309,747,562,87,43,44,1222,704,518
24,493,tapi,Urban,10,1547,838,709,81,40,41,1466,798,668
24,493,tapi,Urban,11,1575,860,715,77,45,32,1498,815,683
24,493,tapi,Urban,12,1430,752,678,63,32,31,1367,720,647
24,493,tapi,Urban,13,1353,705,648,67,26,41,1286,679,607
24,493,tapi,Urban,14,1420,781,639,66,39,27,1354,742,612
24,493,tapi,Urban,15,1377,762,615,67,35,32,1310,727,583
24,493,tapi,Urban,16,1407,757,650,82,41,41,1325,716,609
24,493,tapi,Urban,17,1394,742,652,60,22,38,1334,720,614
24,493,tapi,Urban,18,1549,814,735,106,47,59,1443,767,676
24,493,tapi,Urban,19,1508,796,712,107,38,69,1401,758,643
24,493,tapi,Urban,20-24,7817,3923,3894,653,261,392,7164,3662,3502
24,493,tapi,Urban,25-29,7316,3738,3578,728,262,466,6588,3476,3112
24,493,tapi,Urban,30-34,6524,3288,3236,836,284,552,5688,3004,2684
24,493,tapi,Urban,35-39,5877,2983,2894,971,329,642,4906,2654,2252
24,493,tapi,Urban,40-44,5505,2658,2847,1202,356,846,4303,2302,2001
24,493,tapi,Urban,45-49,4855,2409,2446,1156,405,751,3699,2004,1695
24,493,tapi,Urban,50-54,4154,2145,2009,951,300,651,3203,1845,1358
24,493,tapi,Urban,55-59,3182,1720,1462,797,248,549,2385,1472,913
24,493,tapi,Urban,60-64,2316,1106,1210,742,199,543,1574,907,667
24,493,tapi,Urban,65-69,1597,735,862,535,143,392,1062,592,470
24,493,tapi,Urban,70-74,1043,483,560,415,108,307,628,375,253
24,493,tapi,Urban,75-79,540,238,302,189,47,142,351,191,160
24,493,tapi,Urban,80+,637,253,384,257,56,201,380,197,183
24,493,tapi,Urban,Age not stated,565,298,267,96,30,66,469,268,201
29,555,belgaum,Total,All ages,4779661,2423063,2356598,1727629,697515,1030114,3052032,1725548,1326484
29,555,belgaum,Total,0-6,626269,323761,302508,626269,323761,302508,0,0,0
29,555,belgaum,Total,7,85629,44626,41003,22417,11488,10929,63212,33138,30074
29,555,belgaum,Total,8,90463,46838,43625,6228,3075,3153,84235,43763,40472
29,555,belgaum,Total,9,90541,47228,43313,3310,1574,1736,87231,45654,41577
29,555,belgaum,Total,10,102095,53200,48895,4556,2155,2401,97539,51045,46494
29,555,belgaum,Total,11,92484,47728,44756,2878,1287,1591,89606,46441,43165
29,555,belgaum,Total,12,94362,49129,45233,3131,1352,1779,91231,47777,43454
29,555,belgaum,Total,13,90487,47042,43445,2681,1150,1531,87806,45892,41914
29,555,belgaum,Total,14,94051,49928,44123,3328,1519,1809,90723,48409,42314
29,555,belgaum,Total,15,93988,50730,43258,4063,1861,2202,89925,48869,41056
29,555,belgaum,Total,16,90297,49958,40339,4009,1959,2050,86288,47999,38289
29,555,belgaum,Total,17,81794,45908,35886,3702,1734,1968,78092,44174,33918
29,555,belgaum,Total,18,107693,58995,48698,8013,3402,4611,99680,55593,44087
29,555,belgaum,Total,19,83968,44008,39960,5766,2031,3735,78202,41977,36225
29,555,belgaum,Total,20-24,444897,232409,212488,48472,16847,31625,396425,215562,180863
29,555,belgaum,Total,25-29,400330,197080,203250,72726,22817,49909,327604,174263,153341
29,555,belgaum,Total,30-34,339726,168193,171533,83682,26272,57410,256044,141921,114123
29,555,belgaum,Total,35-39,349524,168045,181479,114941,35652,79289,234583,132393,102190
29,555,belgaum,Total,40-44,296371,150659,145712,115492,40456,75036,180879,110203,70676
29,555,belgaum,Total,45-49,265495,134868,130627,115259,40748,74511,150236,94120,56116
29,555,belgaum,Total,50-54,204901,103774,101127,95647,33109,62538,109254,70665,38589
29,555,belgaum,Total,55-59,168284,80470,87814,83717,25503,58214,84567,54967,29600
29,555,belgaum,Total,60-64,173174,82178,90996,99982,32469,67513,73192,49709,23483
29,555,belgaum,Total,65-69,130759,61021,69738,79864,25908,53956,50895,35113,15782
29,555,belgaum,Total,70-74,88197,42577,45620,56464,19671,36793,31733,22906,8827
29,555,belgaum,Total,75-79,42113,20183,21930,26221,8774,17447,15892,11409,4483
29,555,belgaum,Total,80+,49715,21382,28333,34158,10683,23475,15557,10699,4858
29,555,belgaum,Total,Age not stated,2054,1145,909,653,258,395,1401,887,514
29,555,belgaum,Rural,All ages,3568466,1811094,1757372,1433674,577292,856382,2134792,1233802,900990
29,555,belgaum,Rural,0-6,487103,251599,235504,487103,251599,235504,0,0,0
29,555,belgaum,Rural,7,64925,33908,31017,17868,9152,8716,47057,24756,22301
29,555,belgaum,Rural,8,69658,35982,33676,4888,2407,2481,64770,33575,31195
29,555,belgaum,Rural,9,69707,36189,33518,2542,1205,1337,67165,34984,32181
29,555,belgaum,Rural,10,78149,40656,37493,3520,1652,1868,74629,39004,35625
29,555,belgaum,Rural,11,70323,36203,34120,2266,1004,1262,68057,35199,32858
29,555,belgaum,Rural,12,72057,37480,34577,2519,1087,1432,69538,36393,33145
29,555,belgaum,Rural,13,69165,35863,33302,2148,889,1259,67017,34974,32043
29,555,belgaum,Rural,14,72186,38409,33777,2746,1232,1514,69440,37177,32263
29,555,belgaum,Rural,15,71955,39098,32857,3324,1508,1816,68631,37590,31041
29,555,belgaum,Rural,16,68335,38198,30137,3321,1623,1698,65014,36575,28439
29,555,belgaum,Rural,17,60622,34640,25982,2984,1374,1610,57638,33266,24372
29,555,belgaum,Rural,18,81948,45469,36479,6783,2853,3930,75165,42616,32549
29,555,belgaum,Rural,19,61563,32455,29108,4879,1675,3204,56684,30780,25904
29,555,belgaum,Rural,20-24,325672,171965,153707,41236,14063,27173,284436,157902,126534
29,555,belgaum,Rural,25-29,290123,143724,146399,63113,19558,43555,227010,124166,102844
29,555,belgaum,Rural,30-34,244491,120903,123588,73027,22769,50258,171464,98134,73330
29,555,belgaum,Rural,35-39,255525,121986,133539,100281,31106,69175,155244,90880,64364
29,555,belgaum,Rural,40-44,217152,110162,106990,100981,35689,65292,116171,74473,41698
29,555,belgaum,Rural,45-49,193785,98842,94943,99472,36074,63398,94313,62768,31545
29,555,belgaum,Rural,50-54,148421,74734,73687,82184,29124,53060,66237,45610,20627
29,555,belgaum,Rural,55-59,122818,57433,65385,72243,22556,49687,50575,34877,15698
29,555,belgaum,Rural,60-64,131506,61851,69655,86050,28924,57126,45456,32927,12529
29,555,belgaum,Rural,65-69,101493,47472,54021,68664,23213,45451,32829,24259,8570
29,555,belgaum,Rural,70-74,68328,33151,35177,48297,17534,30763,20031,15617,4414
29,555,belgaum,Rural,75-79,31680,15283,16397,22128,7799,14329,9552,7484,2068
29,555,belgaum,Rural,80+,38130,16520,21610,28567,9412,19155,9563,7108,2455
29,555,belgaum,Rural,Age not stated,1646,919,727,540,211,329,1106,708,398
29,555,belgaum,Urban,All ages,1211195,611969,599226,293955,120223,173732,917240,491746,425494
29,555,belgaum,Urban,0-6,139166,72162,67004,139166,72162,67004,0,0,0
29,555,belgaum,Urban,7,20704,10718,9986,4549,2336,2213,16155,8382,7773
29,555,belgaum,Urban,8,20805,10856,9949,1340,668,672,19465,10188,9277
29,555,belgaum,Urban,9,20834,11039,9795,768,369,399,20066,10670,9396
29,555,belgaum,Urban,10,23946,12544,11402,1036,503,533,22910,12041,10869
29,555,belgaum,Urban,11,22161,11525,10636,612,283,329,21549,11242,10307
29,555,belgaum,Urban,12,22305,11649,10656,612,265,347,21693,11384,10309
29,555,belgaum,Urban,13,21322,11179,10143,533,261,272,20789,10918,9871
29,555,belgaum,Urban,14,21865,11519,10346,582,287,295,21283,11232,10051
29,555,belgaum,Urban,15,22033,11632,10401,739,353,386,21294,11279,10015
29,555,belgaum,Urban,16,21962,11760,10202,688,336,352,21274,11424,9850
29,555,belgaum,Urban,17,21172,11268,9904,718,360,358,20454,10908,9546
29,555,belgaum,Urban,18,25745,13526,12219,1230,549,681,24515,12977,11538
29,555,belgaum,Urban,19,22405,11553,10852,887,356,531,21518,11197,10321
29,555,belgaum,Urban,20-24,119225,60444,58781,7236,2784,4452,111989,57660,54329
29,555,belgaum,Urban,25-29,110207,53356,56851,9613,3259,6354,100594,50097,50497
29,555,belgaum,Urban,30-34,95235,47290,47945,10655,3503,7152,84580,43787,40793
29,555,belgaum,Urban,35-39,93999,46059,47940,14660,4546,10114,79339,41513,37826
29,555,belgaum,Urban,40-44,79219,40497,38722,14511,4767,9744,64708,35730,28978
29,555,belgaum,Urban,45-49,71710,36026,35684,15787,4674,11113,55923,31352,24571
29,555,belgaum,Urban,50-54,56480,29040,27440,13463,3985,9478,43017,25055,17962
29,555,belgaum,Urban,55-59,45466,23037,22429,11474,2947,8527,33992,20090,13902
29,555,belgaum,Urban,60-64,41668,20327,21341,13932,3545,10387,27736,16782,10954
29,555,belgaum,Urban,65-69,29266,13549,15717,11200,2695,8505,18066,10854,7212
29,555,belgaum,Urban,70-74,19869,9426,10443,8167,2137,6030,11702,7289,4413
29,555,belgaum,Urban,75-79,10433,4900,5533,4093,975,3118,6340,3925,2415
29,555,belgaum,Urban,80+,11585,4862,6723,5591,1271,4320,5994,3591,2403
29,555,belgaum,Urban,Age not stated,408,226,182,113,47,66,295,179,116
29,556,bagalkot,Total,All ages,1889752,950111,939641,776340,308723,467617,1113412,641388,472024
29,556,bagalkot,Total,0-6,271908,140551,131357,271908,140551,131357,0,0,0
29,556,bagalkot,Total,7,37878,19551,18327,9551,4881,4670,28327,14670,13657
29,556,bagalkot,Total,8,38646,19789,18857,3040,1437,1603,35606,18352,17254
29,556,bagalkot,Total,9,40417,20521,19896,2630,1239,1391,37787,19282,18505
29,556,bagalkot,Total,10,45353,23461,21892,3446,1664,1782,41907,21797,20110
29,556,bagalkot,Total,11,39981,20353,19628,1903,837,1066,38078,19516,18562
29,556,bagalkot,Total,12,39987,20301,19686,2040,844,1196,37947,19457,18490
29,556,bagalkot,Total,13,35612,18325,17287,1627,653,974,33985,17672,16313
29,556,bagalkot,Total,14,37806,19831,17975,2096,905,1191,35710,18926,16784
29,556,bagalkot,Total,15,37732,20532,17200,2578,1206,1372,35154,19326,15828
29,556,bagalkot,Total,16,36565,20144,16421,2698,1293,1405,33867,18851,15016
29,556,bagalkot,Total,17,32560,18185,14375,2464,1167,1297,30096,17018,13078
29,556,bagalkot,Total,18,47207,25237,21970,5610,2220,3390,41597,23017,18580
29,556,bagalkot,Total,19,35015,17767,17248,4219,1425,2794,30796,16342,14454
29,556,bagalkot,Total,20-24,180276,92562,87714,32424,10976,21448,147852,81586,66266
29,556,bagalkot,Total,25-29,166500,80839,85661,45930,14243,31687,120570,66596,53974
29,556,bagalkot,Total,30-34,133200,66508,66692,45697,14616,31081,87503,51892,35611
29,556,bagalkot,Total,35-39,131572,63444,68128,55595,17520,38075,75977,45924,30053
29,556,bagalkot,Total,40-44,105287,54010,51277,49938,17543,32395,55349,36467,18882
29,556,bagalkot,Total,45-49,95647,48258,47389,48815,16985,31830,46832,31273,15559
29,556,bagalkot,Total,50-54,72023,35540,36483,39266,13202,26064,32757,22338,10419
29,556,bagalkot,Total,55-59,58861,27675,31186,32633,9732,22901,26228,17943,8285
29,556,bagalkot,Total,60-64,61514,28069,33445,38976,11926,27050,22538,16143,6395
29,556,bagalkot,Total,65-69,46849,21374,25475,30223,9271,20952,16626,12103,4523
29,556,bagalkot,Total,70-74,30544,14035,16509,20543,6485,14058,10001,7550,2451
29,556,bagalkot,Total,75-79,13798,6349,7449,8970,2755,6215,4828,3594,1234
29,556,bagalkot,Total,80+,16185,6421,9764,11236,3007,8229,4949,3414,1535
29,556,bagalkot,Total,Age not stated,829,479,350,284,140,144,545,339,206
29,556,bagalkot,Rural,All ages,1291906,650267,641639,586994,233421,353573,704912,416846,288066
29,556,bagalkot,Rural,0-6,193893,100150,93743,193893,100150,93743,0,0,0
29,556,bagalkot,Rural,7,26350,13556,12794,7066,3590,3476,19284,9966,9318
29,556,bagalkot,Rural,8,27048,13843,13205,2168,1015,1153,24880,12828,12052
29,556,bagalkot,Rural,9,28738,14497,14241,2023,943,1080,26715,13554,13161
29,556,bagalkot,Rural,10,32188,16593,15595,2630,1260,1370,29558,15333,14225
29,556,bagalkot,Rural,11,28002,14238,13764,1421,630,791,26581,13608,12973
29,556,bagalkot,Rural,12,27756,14052,13704,1450,574,876,26306,13478,12828
29,556,bagalkot,Rural,13,24600,12558,12042,1177,469,708,23423,12089,11334
29,556,bagalkot,Rural,14,26292,13910,12382,1527,652,875,24765,13258,11507
29,556,bagalkot,Rural,15,26227,14455,11772,1909,888,1021,24318,13567,10751
29,556,bagalkot,Rural,16,25067,14075,10992,2092,987,1105,22975,13088,9887
29,556,bagalkot,Rural,17,21518,12410,9108,1806,865,941,19712,11545,8167
29,556,bagalkot,Rural,18,32511,17838,14673,4303,1685,2618,28208,16153,12055
29,556,bagalkot,Rural,19,23120,12017,11103,3219,1061,2158,19901,10956,8945
29,556,bagalkot,Rural,20-24,119228,62361,56867,25103,8349,16754,94125,54012,40113
29,556,bagalkot,Rural,25-29,110494,53528,56966,36140,10982,25158,74354,42546,31808
29,556,bagalkot,Rural,30-34,88638,43875,44763,36353,11546,24807,52285,32329,19956
29,556,bagalkot,Rural,35-39,88601,42665,45936,43909,14026,29883,44692,28639,16053
29,556,bagalkot,Rural,40-44,71141,36389,34752,39654,14187,25467,31487,22202,9285
29,556,bagalkot,Rural,45-49,64086,32404,31682,38141,13746,24395,25945,18658,7287
29,556,bagalkot,Rural,50-54,48164,23522,24642,30574,10680,19894,17590,12842,4748
29,556,bagalkot,Rural,55-59,39153,18017,21136,25208,7849,17359,13945,10168,3777
29,556,bagalkot,Rural,60-64,43105,19397,23708,30318,9652,20666,12787,9745,3042
29,556,bagalkot,Rural,65-69,32954,14878,18076,23375,7521,15854,9579,7357,2222
29,556,bagalkot,Rural,70-74,21717,9924,11793,16013,5352,10661,5704,4572,1132
29,556,bagalkot,Rural,75-79,9391,4266,5125,6789,2203,4586,2602,2063,539
29,556,bagalkot,Rural,80+,11358,4521,6837,8517,2452,6065,2841,2069,772
29,556,bagalkot,Rural,Age not stated,566,328,238,216,107,109,350,221,129
29,556,bagalkot,Urban,All ages,597846,299844,298002,189346,75302,114044,408500,224542,183958
29,556,bagalkot,Urban,0-6,78015,40401,37614,78015,40401,37614,0,0,0
29,556,bagalkot,Urban,7,11528,5995,5533,2485,1291,1194,9043,4704,4339
29,556,bagalkot,Urban,8,11598,5946,5652,872,422,450,10726,5524,5202
29,556,bagalkot,Urban,9,11679,6024,5655,607,296,311,11072,5728,5344
29,556,bagalkot,Urban,10,13165,6868,6297,816,404,412,12349,6464,5885
29,556,bagalkot,Urban,11,11979,6115,5864,482,207,275,11497,5908,5589
29,556,bagalkot,Urban,12,12231,6249,5982,590,270,320,11641,5979,5662
29,556,bagalkot,Urban,13,11012,5767,5245,450,184,266,10562,5583,4979
29,556,bagalkot,Urban,14,11514,5921,5593,569,253,316,10945,5668,5277
29,556,bagalkot,Urban,15,11505,6077,5428,669,318,351,10836,5759,5077
29,556,bagalkot,Urban,16,11498,6069,5429,606,306,300,10892,5763,5129
29,556,bagalkot,Urban,17,11042,5775,5267,658,302,356,10384,5473,4911
29,556,bagalkot,Urban,18,14696,7399,7297,1307,535,772,13389,6864,6525
29,556,bagalkot,Urban,19,11895,5750,6145,1000,364,636,10895,5386,5509
29,556,bagalkot,Urban,20-24,61048,30201,30847,7321,2627,4694,53727,27574,26153
29,556,bagalkot,Urban,25-29,56006,27311,28695,9790,3261,6529,46216,24050,22166
29,556,bagalkot,Urban,30-34,44562,22633,21929,9344,3070,6274,35218,19563,15655
29,556,bagalkot,Urban,35-39,42971,20779,22192,11686,3494,8192,31285,17285,14000
29,556,bagalkot,Urban,40-44,34146,17621,16525,10284,3356,6928,23862,14265,9597
29,556,bagalkot,Urban,45-49,31561,15854,15707,10674,3239,7435,20887,12615,8272
29,556,bagalkot,Urban,50-54,23859,12018,11841,8692,2522,6170,15167,9496,5671
29,556,bagalkot,Urban,55-59,19708,9658,10050,7425,1883,5542,12283,7775,4508
29,556,bagalkot,Urban,60-64,18409,8672,9737,8658,2274,6384,9751,6398,3353
29,556,bagalkot,Urban,65-69,13895,6496,7399,6848,1750,5098,7047,4746,2301
29,556,bagalkot,Urban,70-74,8827,4111,4716,4530,1133,3397,4297,2978,1319
29,556,bagalkot,Urban,75-79,4407,2083,2324,2181,552,1629,2226,1531,695
29,556,bagalkot,Urban,80+,4827,1900,2927,2719,555,2164,2108,1345,763
29,556,bagalkot,Urban,Age not stated,263,151,112,68,33,35,195,118,77
29,557,bijapur,Total,All ages,2177331,1111022,1066309,929063,380456,548607,1248268,730566,517702
29,557,bijapur,Total,0-6,318406,164856,153550,318406,164856,153550,0,0,0
29,557,bijapur,Total,7,44017,22802,21215,9626,4707,4919,34391,18095,16296
29,557,bijapur,Total,8,47662,24857,22805,4221,1928,2293,43441,22929,20512
29,557,bijapur,Total,9,45616,23457,22159,2649,1131,1518,42967,22326,20641
29,557,bijapur,Total,10,52752,27269,25483,3771,1638,2133,48981,25631,23350
29,557,bijapur,Total,11,45660,23443,22217,2484,1028,1456,43176,22415,20761
29,557,bijapur,Total,12,48799,25223,23576,3391,1312,2079,45408,23911,21497
29,557,bijapur,Total,13,42683,22178,20505,2541,951,1590,40142,21227,18915
29,557,bijapur,Total,14,46198,24632,21566,3335,1341,1994,42863,23291,19572
29,557,bijapur,Total,15,45053,24614,20439,4170,1729,2441,40883,22885,17998
29,557,bijapur,Total,16,42971,23875,19096,4282,1833,2449,38689,22042,16647
29,557,bijapur,Total,17,37276,21021,16255,3702,1675,2027,33574,19346,14228
29,557,bijapur,Total,18,54551,29884,24667,7912,3195,4717,46639,26689,19950
29,557,bijapur,Total,19,38370,19922,18448,5865,1995,3870,32505,17927,14578
29,557,bijapur,Total,20-24,203007,106802,96205,41352,14148,27204,161655,92654,69001
29,557,bijapur,Total,25-29,182253,89948,92305,53960,16988,36972,128293,72960,55333
29,557,bijapur,Total,30-34,145317,72285,73032,52714,16922,35792,92603,55363,37240
29,557,bijapur,Total,35-39,148260,71970,76290,64577,20760,43817,83683,51210,32473
29,557,bijapur,Total,40-44,123281,63060,60221,61003,22139,38864,62278,40921,21357
29,557,bijapur,Total,45-49,110227,56334,53893,58792,21996,36796,51435,34338,17097
29,557,bijapur,Total,50-54,86151,43395,42756,48785,17952,30833,37366,25443,11923
29,557,bijapur,Total,55-59,69137,32926,36211,40326,13408,26918,28811,19518,9293
29,557,bijapur,Total,60-64,72259,35052,37207,46376,16664,29712,25883,18388,7495
29,557,bijapur,Total,65-69,50250,24336,25914,32497,11575,20922,17753,12761,4992
29,557,bijapur,Total,70-74,37758,18453,19305,25817,9459,16358,11941,8994,2947
29,557,bijapur,Total,75-79,17302,8346,8956,11427,3964,7463,5875,4382,1493
29,557,bijapur,Total,80+,20692,9253,11439,14639,4977,9662,6053,4276,1777
29,557,bijapur,Total,Age not stated,1423,829,594,443,185,258,980,644,336
29,557,bijapur,Rural,All ages,1675353,857562,817791,781221,319162,462059,894132,538400,355732
29,557,bijapur,Rural,0-6,251849,130258,121591,251849,130258,121591,0,0,0
29,557,bijapur,Rural,7,34071,17583,16488,7787,3762,4025,26284,13821,12463
29,557,bijapur,Rural,8,37073,19283,17790,3378,1515,1863,33695,17768,15927
29,557,bijapur,Rural,9,35800,18316,17484,2140,888,1252,33660,17428,16232
29,557,bijapur,Rural,10,40947,21081,19866,3052,1313,1739,37895,19768,18127
29,557,bijapur,Rural,11,35411,18200,17211,1991,790,1201,33420,17410,16010
29,557,bijapur,Rural,12,37720,19525,18195,2836,1066,1770,34884,18459,16425
29,557,bijapur,Rural,13,33023,17253,15770,2110,767,1343,30913,16486,14427
29,557,bijapur,Rural,14,35843,19241,16602,2810,1114,1696,33033,18127,14906
29,557,bijapur,Rural,15,34955,19284,15671,3475,1443,2032,31480,17841,13639
29,557,bijapur,Rural,16,33037,18639,14398,3676,1552,2124,29361,17087,12274
29,557,bijapur,Rural,17,28033,16294,11739,3107,1414,1693,24926,14880,10046
29,557,bijapur,Rural,18,42031,23613,18418,6771,2693,4078,35260,20920,14340
29,557,bijapur,Rural,19,28805,15260,13545,5017,1679,3338,23788,13581,10207
29,557,bijapur,Rural,20-24,151729,81612,70117,35373,12027,23346,116356,69585,46771
29,557,bijapur,Rural,25-29,136239,67977,68262,46479,14581,31898,89760,53396,36364
29,557,bijapur,Rural,30-34,108480,53721,54759,45788,14600,31188,62692,39121,23571
29,557,bijapur,Rural,35-39,112023,54221,57802,56232,18207,38025,55791,36014,19777
29,557,bijapur,Rural,40-44,93689,47588,46101,53403,19531,33872,40286,28057,12229
29,557,bijapur,Rural,45-49,84331,43089,41242,51390,19675,31715,32941,23414,9527
29,557,bijapur,Rural,50-54,66068,32992,33076,42569,16055,26514,23499,16937,6562
29,557,bijapur,Rural,55-59,53568,25122,28446,35368,12064,23304,18200,13058,5142
29,557,bijapur,Rural,60-64,57803,27893,29910,40610,14995,25615,17193,12898,4295
29,557,bijapur,Rural,65-69,40659,19636,21023,28564,10425,18139,12095,9211,2884
29,557,bijapur,Rural,70-74,30827,15127,15700,22644,8570,14074,8183,6557,1626
29,557,bijapur,Rural,75-79,13873,6709,7164,9961,3583,6378,3912,3126,786
29,557,bijapur,Rural,80+,16443,7462,8981,12508,4468,8040,3935,2994,941
29,557,bijapur,Rural,Age not stated,1023,583,440,333,127,206,690,456,234
29,557,bijapur,Urban,All ages,501978,253460,248518,147842,61294,86548,354136,192166,161970
29,557,bijapur,Urban,0-6,66557,34598,31959,66557,34598,31959,0,0,0
29,557,bijapur,Urban,7,9946,5219,4727,1839,945,894,8107,4274,3833
29,557,bijapur,Urban,8,10589,5574,5015,843,413,430,9746,5161,4585
29,557,bijapur,Urban,9,9816,5141,4675,509,243,266,9307,4898,4409
29,557,bijapur,Urban,10,11805,6188,5617,719,325,394,11086,5863,5223
29,557,bijapur,Urban,11,10249,5243,5006,493,238,255,9756,5005,4751
29,557,bijapur,Urban,12,11079,5698,5381,555,246,309,10524,5452,5072
29,557,bijapur,Urban,13,9660,4925,4735,431,184,247,9229,4741,4488
29,557,bijapur,Urban,14,10355,5391,4964,525,227,298,9830,5164,4666
29,557,bijapur,Urban,15,10098,5330,4768,695,286,409,9403,5044,4359
29,557,bijapur,Urban,16,9934,5236,4698,606,281,325,9328,4955,4373
29,557,bijapur,Urban,17,9243,4727,4516,595,261,334,8648,4466,4182
29,557,bijapur,Urban,18,12520,6271,6249,1141,502,639,11379,5769,5610
29,557,bijapur,Urban,19,9565,4662,4903,848,316,532,8717,4346,4371
29,557,bijapur,Urban,20-24,51278,25190,26088,5979,2121,3858,45299,23069,22230
29,557,bijapur,Urban,25-29,46014,21971,24043,7481,2407,5074,38533,19564,18969
29,557,bijapur,Urban,30-34,36837,18564,18273,6926,2322,4604,29911,16242,13669
29,557,bijapur,Urban,35-39,36237,17749,18488,8345,2553,5792,27892,15196,12696
29,557,bijapur,Urban,40-44,29592,15472,14120,7600,2608,4992,21992,12864,9128
29,557,bijapur,Urban,45-49,25896,13245,12651,7402,2321,5081,18494,10924,7570
29,557,bijapur,Urban,50-54,20083,10403,9680,6216,1897,4319,13867,8506,5361
29,557,bijapur,Urban,55-59,15569,7804,7765,4958,1344,3614,10611,6460,4151
29,557,bijapur,Urban,60-64,14456,7159,7297,5766,1669,4097,8690,5490,3200
29,557,bijapur,Urban,65-69,9591,4700,4891,3933,1150,2783,5658,3550,2108
29,557,bijapur,Urban,70-74,6931,3326,3605,3173,889,2284,3758,2437,1321
29,557,bijapur,Urban,75-79,3429,1637,1792,1466,381,1085,1963,1256,707
29,557,bijapur,Urban,80+,4249,1791,2458,2131,509,1622,2118,1282,836
29,557,bijapur,Urban,Age not stated,400,246,154,110,58,52,290,188,102
29,558,bidar,Total,All ages,1703300,870665,832635,660627,273467,387160,1042673,597198,445475
29,558,bidar,Total,0-6,224442,115550,108892,224442,115550,108892,0,0,0
29,558,bidar,Total,7,33844,17323,16521,6276,3130,3146,27568,14193,13375
29,558,bidar,Total,8,36610,18757,17853,3117,1436,1681,33493,17321,16172
29,558,bidar,Total,9,34127,17225,16902,1889,837,1052,32238,16388,15850
29,558,bidar,Total,10,42073,21610,20463,2781,1306,1475,39292,20304,18988
29,558,bidar,Total,11,35707,18250,17457,1663,751,912,34044,17499,16545
29,558,bidar,Total,12,41984,21583,20401,2438,1086,1352,39546,20497,19049
29,558,bidar,Total,13,34833,17790,17043,1793,779,1014,33040,17011,16029
29,558,bidar,Total,14,40390,20834,19556,2383,1078,1305,38007,19756,18251
29,558,bidar,Total,15,39515,20471,19044,2901,1354,1547,36614,19117,17497
29,558,bidar,Total,16,41013,21157,19856,3059,1404,1655,37954,19753,18201
29,558,bidar,Total,17,32510,17036,15474,2254,1049,1205,30256,15987,14269
29,558,bidar,Total,18,46844,24937,21907,4583,2065,2518,42261,22872,19389
29,558,bidar,Total,19,31324,16533,14791,3137,1182,1955,28187,15351,12836
29,558,bidar,Total,20-24,165566,91164,74402,23511,8999,14512,142055,82165,59890
29,558,bidar,Total,25-29,137413,70586,66827,30346,10350,19996,107067,60236,46831
29,558,bidar,Total,30-34,111218,56242,54976,32639,11130,21509,78579,45112,33467
29,558,bidar,Total,35-39,112030,55117,56913,40673,13156,27517,71357,41961,29396
29,558,bidar,Total,40-44,94326,49801,44525,40929,15125,25804,53397,34676,18721
29,558,bidar,Total,45-49,79546,41000,38546,39129,13868,25261,40417,27132,13285
29,558,bidar,Total,50-54,62583,32091,30492,34446,12600,21846,28137,19491,8646
29,558,bidar,Total,55-59,50965,23422,27543,30666,9477,21189,20299,13945,6354
29,558,bidar,Total,60-64,59401,27085,32316,40702,13810,26892,18699,13275,5424
29,558,bidar,Total,65-69,47269,22579,24690,33363,11996,21367,13906,10583,3323
29,558,bidar,Total,70-74,32202,16243,15959,24242,9943,14299,7960,6300,1660
29,558,bidar,Total,75-79,14524,6896,7628,11010,4071,6939,3514,2825,689
29,558,bidar,Total,80+,20327,8990,11337,16000,5829,10171,4327,3161,1166
29,558,bidar,Total,Age not stated,714,393,321,255,106,149,459,287,172
29,558,bidar,Rural,All ages,1277348,651250,626098,537637,220569,317068,739711,430681,309030
29,558,bidar,Rural,0-6,168796,86615,82181,168796,86615,82181,0,0,0
29,558,bidar,Rural,7,24873,12703,12170,4810,2364,2446,20063,10339,9724
29,558,bidar,Rural,8,27145,13908,13237,2364,1055,1309,24781,12853,11928
29,558,bidar,Rural,9,25270,12731,12539,1389,607,782,23881,12124,11757
29,558,bidar,Rural,10,31103,15888,15215,2086,978,1108,29017,14910,14107
29,558,bidar,Rural,11,26381,13456,12925,1225,537,688,25156,12919,12237
29,558,bidar,Rural,12,31373,16037,15336,1891,816,1075,29482,15221,14261
29,558,bidar,Rural,13,25889,13214,12675,1403,583,820,24486,12631,11855
29,558,bidar,Rural,14,30267,15478,14789,1847,796,1051,28420,14682,13738
29,558,bidar,Rural,15,29605,15276,14329,2304,1053,1251,27301,14223,13078
29,558,bidar,Rural,16,30819,15801,15018,2443,1084,1359,28376,14717,13659
29,558,bidar,Rural,17,23642,12428,11214,1739,786,953,21903,11642,10261
29,558,bidar,Rural,18,35392,18989,16403,3682,1623,2059,31710,17366,14344
29,558,bidar,Rural,19,22471,11982,10489,2503,891,1612,19968,11091,8877
29,558,bidar,Rural,20-24,120674,67529,53145,19076,7083,11993,101598,60446,41152
29,558,bidar,Rural,25-29,99984,52030,47954,25117,8429,16688,74867,43601,31266
29,558,bidar,Rural,30-34,80843,40916,39927,27162,9125,18037,53681,31791,21890
29,558,bidar,Rural,35-39,81559,39792,41767,34172,11016,23156,47387,28776,18611
29,558,bidar,Rural,40-44,69908,36703,33205,34730,12878,21852,35178,23825,11353
29,558,bidar,Rural,45-49,59448,30094,29354,33421,11995,21426,26027,18099,7928
29,558,bidar,Rural,50-54,47537,24175,23362,29346,11043,18303,18191,13132,5059
29,558,bidar,Rural,55-59,39582,17606,21976,26431,8329,18102,13151,9277,3874
29,558,bidar,Rural,60-64,48266,21714,26552,35252,12190,23062,13014,9524,3490
29,558,bidar,Rural,65-69,39709,18902,20807,29495,10865,18630,10214,8037,2177
29,558,bidar,Rural,70-74,27069,13690,13379,21236,8926,12310,5833,4764,1069
29,558,bidar,Rural,75-79,12237,5789,6448,9693,3675,6018,2544,2114,430
29,558,bidar,Rural,80+,16980,7525,9455,13821,5145,8676,3159,2380,779
29,558,bidar,Rural,Age not stated,526,279,247,203,82,121,323,197,126
29,558,bidar,Urban,All ages,425952,219415,206537,122990,52898,70092,302962,166517,136445
29,558,bidar,Urban,0-6,55646,28935,26711,55646,28935,26711,0,0,0
29,558,bidar,Urban,7,8971,4620,4351,1466,766,700,7505,3854,3651
29,558,bidar,Urban,8,9465,4849,4616,753,381,372,8712,4468,4244
29,558,bidar,Urban,9,8857,4494,4363,500,230,270,8357,4264,4093
29,558,bidar,Urban,10,10970,5722,5248,695,328,367,10275,5394,4881
29,558,bidar,Urban,11,9326,4794,4532,438,214,224,8888,4580,4308
29,558,bidar,Urban,12,10611,5546,5065,547,270,277,10064,5276,4788
29,558,bidar,Urban,13,8944,4576,4368,390,196,194,8554,4380,4174
29,558,bidar,Urban,14,10123,5356,4767,536,282,254,9587,5074,4513
29,558,bidar,Urban,15,9910,5195,4715,597,301,296,9313,4894,4419
29,558,bidar,Urban,16,10194,5356,4838,616,320,296,9578,5036,4542
29,558,bidar,Urban,17,8868,4608,4260,515,263,252,8353,4345,4008
29,558,bidar,Urban,18,11452,5948,5504,901,442,459,10551,5506,5045
29,558,bidar,Urban,19,8853,4551,4302,634,291,343,8219,4260,3959
29,558,bidar,Urban,20-24,44892,23635,21257,4435,1916,2519,40457,21719,18738
29,558,bidar,Urban,25-29,37429,18556,18873,5229,1921,3308,32200,16635,15565
29,558,bidar,Urban,30-34,30375,15326,15049,5477,2005,3472,24898,13321,11577
29,558,bidar,Urban,35-39,30471,15325,15146,6501,2140,4361,23970,13185,10785
29,558,bidar,Urban,40-44,24418,13098,11320,6199,2247,3952,18219,10851,7368
29,558,bidar,Urban,45-49,20098,10906,9192,5708,1873,3835,14390,9033,5357
29,558,bidar,Urban,50-54,15046,7916,7130,5100,1557,3543,9946,6359,3587
29,558,bidar,Urban,55-59,11383,5816,5567,4235,1148,3087,7148,4668,2480
29,558,bidar,Urban,60-64,11135,5371,5764,5450,1620,3830,5685,3751,1934
29,558,bidar,Urban,65-69,7560,3677,3883,3868,1131,2737,3692,2546,1146
29,558,bidar,Urban,70-74,5133,2553,2580,3006,1017,1989,2127,1536,591
29,558,bidar,Urban,75-79,2287,1107,1180,1317,396,921,970,711,259
29,558,bidar,Urban,80+,3347,1465,1882,2179,684,1495,1168,781,387
29,558,bidar,Urban,Age not stated,188,114,74,52,24,28,136,90,46
29,559,raichur,Total,All ages,1928812,964511,964301,949043,387298,561745,979769,577213,402556
29,559,raichur,Total,0-6,283733,145468,138265,283733,145468,138265,0,0,0
29,559,raichur,Total,7,38518,19799,18719,10340,5096,5244,28178,14703,13475
29,559,raichur,Total,8,43119,21901,21218,5669,2567,3102,37450,19334,18116
29,559,raichur,Total,9,41939,21387,20552,3674,1569,2105,38265,19818,18447
29,559,raichur,Total,10,49350,25334,24016,5582,2361,3221,43768,22973,20795
29,559,raichur,Total,11,40426,20687,19739,3523,1371,2152,36903,19316,17587
29,559,raichur,Total,12,45404,23149,22255,5433,1988,3445,39971,21161,18810
29,559,raichur,Total,13,38468,19608,18860,4259,1482,2777,34209,18126,16083
29,559,raichur,Total,14,42937,22289,20648,5835,2168,3667,37102,20121,16981
29,559,raichur,Total,15,43772,23059,20713,7362,2902,4460,36410,20157,16253
29,559,raichur,Total,16,43405,22900,20505,7968,3176,4792,35437,19724,15713
29,559,raichur,Total,17,34566,18512,16054,6245,2396,3849,28321,16116,12205
29,559,raichur,Total,18,54042,27944,26098,13661,4956,8705,40381,22988,17393
29,559,raichur,Total,19,36248,17982,18266,9310,2932,6378,26938,15050,11888
29,559,raichur,Total,20-24,189067,95333,93734,61315,20276,41039,127752,75057,52695
29,559,raichur,Total,25-29,171676,83744,87932,73007,24851,48156,98669,58893,39776
29,559,raichur,Total,30-34,132593,66309,66284,64931,23852,41079,67662,42457,25205
29,559,raichur,Total,35-39,131761,64253,67508,71180,25542,45638,60581,38711,21870
29,559,raichur,Total,40-44,106028,54548,51480,62260,24973,37287,43768,29575,14193
29,559,raichur,Total,45-49,94791,47487,47304,58167,22413,35754,36624,25074,11550
29,559,raichur,Total,50-54,72358,36262,36096,46693,18106,28587,25665,18156,7509
29,559,raichur,Total,55-59,53956,25061,28895,35462,12104,23358,18494,12957,5537
29,559,raichur,Total,60-64,55077,25099,29978,39968,14225,25743,15109,10874,4235
29,559,raichur,Total,65-69,35610,15613,19997,25825,8571,17254,9785,7042,2743
29,559,raichur,Total,70-74,25525,10995,14530,19687,6676,13011,5838,4319,1519
29,559,raichur,Total,75-79,10196,4250,5946,7674,2392,5282,2522,1858,664
29,559,raichur,Total,80+,13088,4924,8164,9766,2664,7102,3322,2260,1062
29,559,raichur,Total,Age not stated,1159,614,545,514,221,293,645,393,252
29,559,raichur,Rural,All ages,1438464,717972,720492,779024,318385,460639,659440,399587,259853
29,559,raichur,Rural,0-6,219804,112671,107133,219804,112671,107133,0,0,0
29,559,raichur,Rural,7,28743,14725,14018,8489,4154,4335,20254,10571,9683
29,559,raichur,Rural,8,32869,16613,16256,4729,2088,2641,28140,14525,13615
29,559,raichur,Rural,9,32174,16387,15787,3058,1302,1756,29116,15085,14031
29,559,raichur,Rural,10,37736,19378,18358,4752,1979,2773,32984,17399,15585
29,559,raichur,Rural,11,30285,15571,14714,2988,1128,1860,27297,14443,12854
29,559,raichur,Rural,12,34454,17527,16927,4760,1728,3032,29694,15799,13895
29,559,raichur,Rural,13,29003,14770,14233,3711,1251,2460,25292,13519,11773
29,559,raichur,Rural,14,32830,17161,15669,5116,1863,3253,27714,15298,12416
29,559,raichur,Rural,15,33419,17685,15734,6477,2534,3943,26942,15151,11791
29,559,raichur,Rural,16,32939,17451,15488,6980,2720,4260,25959,14731,11228
29,559,raichur,Rural,17,24843,13377,11466,5383,2030,3353,19460,11347,8113
29,559,raichur,Rural,18,40862,21095,19767,11893,4226,7667,28969,16869,12100
29,559,raichur,Rural,19,25972,12894,13078,7917,2457,5460,18055,10437,7618
29,559,raichur,Rural,20-24,136524,69142,67382,52409,17239,35170,84115,51903,32212
29,559,raichur,Rural,25-29,124998,60952,64046,62171,21279,40892,62827,39673,23154
29,559,raichur,Rural,30-34,97064,48284,48780,55160,20434,34726,41904,27850,14054
29,559,raichur,Rural,35-39,96008,46548,49460,59632,21655,37977,36376,24893,11483
29,559,raichur,Rural,40-44,77846,40216,37630,51946,21434,30512,25900,18782,7118
29,559,raichur,Rural,45-49,68638,34263,34375,47624,18801,28823,21014,15462,5552
29,559,raichur,Rural,50-54,52897,26212,26685,38497,15321,23176,14400,10891,3509
29,559,raichur,Rural,55-59,39435,17743,21692,29202,10171,19031,10233,7572,2661
29,559,raichur,Rural,60-64,42553,19294,23259,33275,12195,21080,9278,7099,2179
29,559,raichur,Rural,65-69,27810,12097,15713,21724,7423,14301,6086,4674,1412
29,559,raichur,Rural,70-74,20118,8615,11503,16534,5793,10741,3584,2822,762
29,559,raichur,Rural,75-79,7797,3168,4629,6378,2059,4319,1419,1109,310
29,559,raichur,Rural,80+,9927,3651,6276,7971,2260,5711,1956,1391,565
29,559,raichur,Rural,Age not stated,916,482,434,444,190,254,472,292,180
29,559,raichur,Urban,All ages,490348,246539,243809,170019,68913,101106,320329,177626,142703
29,559,raichur,Urban,0-6,63929,32797,31132,63929,32797,31132,0,0,0
29,559,raichur,Urban,7,9775,5074,4701,1851,942,909,7924,4132,3792
29,559,raichur,Urban,8,10250,5288,4962,940,479,461,9310,4809,4501
29,559,raichur,Urban,9,9765,5000,4765,616,267,349,9149,4733,4416
29,559,raichur,Urban,10,11614,5956,5658,830,382,448,10784,5574,5210
29,559,raichur,Urban,11,10141,5116,5025,535,243,292,9606,4873,4733
29,559,raichur,Urban,12,10950,5622,5328,673,260,413,10277,5362,4915
29,559,raichur,Urban,13,9465,4838,4627,548,231,317,8917,4607,4310
29,559,raichur,Urban,14,10107,5128,4979,719,305,414,9388,4823,4565
29,559,raichur,Urban,15,10353,5374,4979,885,368,517,9468,5006,4462
29,559,raichur,Urban,16,10466,5449,5017,988,456,532,9478,4993,4485
29,559,raichur,Urban,17,9723,5135,4588,862,366,496,8861,4769,4092
29,559,raichur,Urban,18,13180,6849,6331,1768,730,1038,11412,6119,5293
29,559,raichur,Urban,19,10276,5088,5188,1393,475,918,8883,4613,4270
29,559,raichur,Urban,20-24,52543,26191,26352,8906,3037,5869,43637,23154,20483
29,559,raichur,Urban,25-29,46678,22792,23886,10836,3572,7264,35842,19220,16622
29,559,raichur,Urban,30-34,35529,18025,17504,9771,3418,6353,25758,14607,11151
29,559,raichur,Urban,35-39,35753,17705,18048,11548,3887,7661,24205,13818,10387
29,559,raichur,Urban,40-44,28182,14332,13850,10314,3539,6775,17868,10793,7075
29,559,raichur,Urban,45-49,26153,13224,12929,10543,3612,6931,15610,9612,5998
29,559,raichur,Urban,50-54,19461,10050,9411,8196,2785,5411,11265,7265,4000
29,559,raichur,Urban,55-59,14521,7318,7203,6260,1933,4327,8261,5385,2876
29,559,raichur,Urban,60-64,12524,5805,6719,6693,2030,4663,5831,3775,2056
29,559,raichur,Urban,65-69,7800,3516,4284,4101,1148,2953,3699,2368,1331
29,559,raichur,Urban,70-74,5407,2380,3027,3153,883,2270,2254,1497,757
29,559,raichur,Urban,75-79,2399,1082,1317,1296,333,963,1103,749,354
29,559,raichur,Urban,80+,3161,1273,1888,1795,404,1391,1366,869,497
29,559,raichur,Urban,Age not stated,243,132,111,70,31,39,173,101,72
29,560,koppal,Total,All ages,1389920,699926,689994,580835,231141,349694,809085,468785,340300
29,560,koppal,Total,0-6,201654,103016,98638,201654,103016,98638,0,0,0
29,560,koppal,Total,7,27585,14308,13277,6458,3264,3194,21127,11044,10083
29,560,koppal,Total,8,29151,14892,14259,2526,1162,1364,26625,13730,12895
29,560,koppal,Total,9,30231,15302,14929,1871,838,1033,28360,14464,13896
29,560,koppal,Total,10,34631,17622,17009,2479,1098,1381,32152,16524,15628
29,560,koppal,Total,11,30192,15345,14847,1516,605,911,28676,14740,13936
29,560,koppal,Total,12,31053,15944,15109,1973,749,1224,29080,15195,13885
29,560,koppal,Total,13,28563,14661,13902,1657,564,1093,26906,14097,12809
29,560,koppal,Total,14,31689,16478,15211,2318,908,1410,29371,15570,13801
29,560,koppal,Total,15,31906,16839,15067,2854,1144,1710,29052,15695,13357
29,560,koppal,Total,16,31041,16522,14519,3080,1280,1800,27961,15242,12719
29,560,koppal,Total,17,25979,14224,11755,2582,1037,1545,23397,13187,10210
29,560,koppal,Total,18,37718,20079,17639,5693,2155,3538,32025,17924,14101
29,560,koppal,Total,19,27089,13800,13289,4094,1317,2777,22995,12483,10512
29,560,koppal,Total,20-24,135314,70256,65058,28523,9129,19394,106791,61127,45664
29,560,koppal,Total,25-29,121634,60441,61193,37855,12116,25739,83779,48325,35454
29,560,koppal,Total,30-34,95099,48012,47087,35823,12032,23791,59276,35980,23296
29,560,koppal,Total,35-39,94925,46566,48359,42046,13889,28157,52879,32677,20202
29,560,koppal,Total,40-44,74707,38744,35963,36316,13441,22875,38391,25303,13088
29,560,koppal,Total,45-49,65662,33632,32030,34127,12432,21695,31535,21200,10335
29,560,koppal,Total,50-54,49164,24452,24712,27297,9470,17827,21867,14982,6885
29,560,koppal,Total,55-59,39807,18077,21730,22881,6691,16190,16926,11386,5540
29,560,koppal,Total,60-64,44273,19978,24295,28196,8772,19424,16077,11206,4871
29,560,koppal,Total,65-69,31411,14600,16811,20087,6460,13627,11324,8140,3184
29,560,koppal,Total,70-74,19612,8355,11257,13566,4029,9537,6046,4326,1720
29,560,koppal,Total,75-79,8479,3522,4957,5770,1626,4144,2709,1896,813
29,560,koppal,Total,80+,10238,3655,6583,7194,1741,5453,3044,1914,1130
29,560,koppal,Total,Age not stated,1113,604,509,399,176,223,714,428,286
29,560,koppal,Rural,All ages,1156216,582958,573258,505215,200688,304527,651001,382270,268731
29,560,koppal,Rural,0-6,170550,87254,83296,170550,87254,83296,0,0,0
29,560,koppal,Rural,7,22996,11956,11040,5571,2794,2777,17425,9162,8263
29,560,koppal,Rural,8,24537,12616,11921,2222,1028,1194,22315,11588,10727
29,560,koppal,Rural,9,25623,13003,12620,1634,735,899,23989,12268,11721
29,560,koppal,Rural,10,29292,14958,14334,2167,951,1216,27125,14007,13118
29,560,koppal,Rural,11,25378,12964,12414,1340,529,811,24038,12435,11603
29,560,koppal,Rural,12,26028,13375,12653,1762,660,1102,24266,12715,11551
29,560,koppal,Rural,13,23937,12243,11694,1468,486,982,22469,11757,10712
29,560,koppal,Rural,14,26903,14002,12901,2111,812,1299,24792,13190,11602
29,560,koppal,Rural,15,27024,14305,12719,2602,1046,1556,24422,13259,11163
29,560,koppal,Rural,16,26254,14126,12128,2816,1169,1647,23438,12957,10481
29,560,koppal,Rural,17,21373,11883,9490,2301,926,1375,19072,10957,8115
29,560,koppal,Rural,18,31681,17037,14644,5127,1936,3191,26554,15101,11453
29,560,koppal,Rural,19,22243,11454,10789,3621,1168,2453,18622,10286,8336
29,560,koppal,Rural,20-24,111022,58122,52900,25305,7987,17318,85717,50135,35582
29,560,koppal,Rural,25-29,99193,49477,49716,33521,10719,22802,65672,38758,26914
29,560,koppal,Rural,30-34,77295,38951,38344,31684,10615,21069,45611,28336,17275
29,560,koppal,Rural,35-39,77388,37660,39728,36932,12128,24804,40456,25532,14924
29,560,koppal,Rural,40-44,61396,31875,29521,32013,11918,20095,29383,19957,9426
29,560,koppal,Rural,45-49,53795,27496,26299,29883,11042,18841,23912,16454,7458
29,560,koppal,Rural,50-54,40625,20077,20548,23994,8389,15605,16631,11688,4943
29,560,koppal,Rural,55-59,33038,14753,18285,20118,5957,14161,12920,8796,4124
29,560,koppal,Rural,60-64,37884,17109,20775,24908,7881,17027,12976,9228,3748
29,560,koppal,Rural,65-69,27086,12593,14493,17883,5831,12052,9203,6762,2441
29,560,koppal,Rural,70-74,16887,7114,9773,12030,3602,8428,4857,3512,1345
29,560,koppal,Rural,75-79,7214,2978,4236,5058,1444,3614,2156,1534,622
29,560,koppal,Rural,80+,8634,3066,5568,6239,1523,4716,2395,1543,852
29,560,koppal,Rural,Age not stated,940,511,429,355,158,197,585,353,232
29,560,koppal,Urban,All ages,233704,116968,116736,75620,30453,45167,158084,86515,71569
29,560,koppal,Urban,0-6,31104,15762,15342,31104,15762,15342,0,0,0
29,560,koppal,Urban,7,4589,2352,2237,887,470,417,3702,1882,1820
29,560,koppal,Urban,8,4614,2276,2338,304,134,170,4310,2142,2168
29,560,koppal,Urban,9,4608,2299,2309,237,103,134,4371,2196,2175
29,560,koppal,Urban,10,5339,2664,2675,312,147,165,5027,2517,2510
29,560,koppal,Urban,11,4814,2381,2433,176,76,100,4638,2305,2333
29,560,koppal,Urban,12,5025,2569,2456,211,89,122,4814,2480,2334
29,560,koppal,Urban,13,4626,2418,2208,189,78,111,4437,2340,2097
29,560,koppal,Urban,14,4786,2476,2310,207,96,111,4579,2380,2199
29,560,koppal,Urban,15,4882,2534,2348,252,98,154,4630,2436,2194
29,560,koppal,Urban,16,4787,2396,2391,264,111,153,4523,2285,2238
29,560,koppal,Urban,17,4606,2341,2265,281,111,170,4325,2230,2095
29,560,koppal,Urban,18,6037,3042,2995,566,219,347,5471,2823,2648
29,560,koppal,Urban,19,4846,2346,2500,473,149,324,4373,2197,2176
29,560,koppal,Urban,20-24,24292,12134,12158,3218,1142,2076,21074,10992,10082
29,560,koppal,Urban,25-29,22441,10964,11477,4334,1397,2937,18107,9567,8540
29,560,koppal,Urban,30-34,17804,9061,8743,4139,1417,2722,13665,7644,6021
29,560,koppal,Urban,35-39,17537,8906,8631,5114,1761,3353,12423,7145,5278
29,560,koppal,Urban,40-44,13311,6869,6442,4303,1523,2780,9008,5346,3662
29,560,koppal,Urban,45-49,11867,6136,5731,4244,1390,2854,7623,4746,2877
29,560,koppal,Urban,50-54,8539,4375,4164,3303,1081,2222,5236,3294,1942
29,560,koppal,Urban,55-59,6769,3324,3445,2763,734,2029,4006,2590,1416
29,560,koppal,Urban,60-64,6389,2869,3520,3288,891,2397,3101,1978,1123
29,560,koppal,Urban,65-69,4325,2007,2318,2204,629,1575,2121,1378,743
29,560,koppal,Urban,70-74,2725,1241,1484,1536,427,1109,1189,814,375
29,560,koppal,Urban,75-79,1265,544,721,712,182,530,553,362,191
29,560,koppal,Urban,80+,1604,589,1015,955,218,737,649,371,278
29,560,koppal,Urban,Age not stated,173,93,80,44,18,26,129,75,54
29,561,gadag,Total,All ages,1064570,537147,527423,364393,139969,224424,700177,397178,302999
29,561,gadag,Total,0-6,132442,68025,64417,132442,68025,64417,0,0,0
29,561,gadag,Total,7,17652,8992,8660,3638,1797,1841,14014,7195,6819
29,561,gadag,Total,8,18948,9714,9234,1136,541,595,17812,9173,8639
29,561,gadag,Total,9,19210,9762,9448,800,379,421,18410,9383,9027
29,561,gadag,Total,10,22249,11362,10887,1156,554,602,21093,10808,10285
29,561,gadag,Total,11,20390,10426,9964,640,263,377,19750,10163,9587
29,561,gadag,Total,12,20474,10454,10020,687,312,375,19787,10142,9645
29,561,gadag,Total,13,19351,9920,9431,634,279,355,18717,9641,9076
29,561,gadag,Total,14,21365,11042,10323,790,352,438,20575,10690,9885
29,561,gadag,Total,15,21569,11440,10129,958,406,552,20611,11034,9577
29,561,gadag,Total,16,21536,11447,10089,1128,514,614,20408,10933,9475
29,561,gadag,Total,17,19248,10374,8874,962,456,506,18286,9918,8368
29,561,gadag,Total,18,26197,14060,12137,2169,921,1248,24028,13139,10889
29,561,gadag,Total,19,20209,10513,9696,1741,615,1126,18468,9898,8570
29,561,gadag,Total,20-24,105623,55321,50302,13069,4445,8624,92554,50876,41678
29,561,gadag,Total,25-29,95115,47586,47529,18796,5865,12931,76319,41721,34598
29,561,gadag,Total,30-34,76009,38361,37648,19162,6142,13020,56847,32219,24628
29,561,gadag,Total,35-39,78385,37864,40521,25666,7631,18035,52719,30233,22486
29,561,gadag,Total,40-44,64464,32874,31590,23970,7888,16082,40494,24986,15508
29,561,gadag,Total,45-49,60211,30853,29358,24428,8121,16307,35783,22732,13051
29,561,gadag,Total,50-54,45060,22590,22470,19342,6032,13310,25718,16558,9160
29,561,gadag,Total,55-59,37305,18130,19175,16827,4603,12224,20478,13527,6951
29,561,gadag,Total,60-64,37821,17544,20277,19549,5222,14327,18272,12322,5950
29,561,gadag,Total,65-69,28229,12987,15242,14901,3921,10980,13328,9066,4262
29,561,gadag,Total,70-74,17581,7889,9692,9862,2453,7409,7719,5436,2283
29,561,gadag,Total,75-79,8652,3860,4792,4688,1094,3594,3964,2766,1198
29,561,gadag,Total,80+,8761,3479,5282,5109,1079,4030,3652,2400,1252
29,561,gadag,Total,Age not stated,514,278,236,143,59,84,371,219,152
29,561,gadag,Rural,All ages,685261,347585,337676,255588,96884,158704,429673,250701,178972
29,561,gadag,Rural,0-6,87350,44898,42452,87350,44898,42452,0,0,0
29,561,gadag,Rural,7,11237,5692,5545,2373,1142,1231,8864,4550,4314
29,561,gadag,Rural,8,12240,6273,5967,744,344,400,11496,5929,5567
29,561,gadag,Rural,9,12586,6428,6158,508,217,291,12078,6211,5867
29,561,gadag,Rural,10,14353,7355,6998,742,351,391,13611,7004,6607
29,561,gadag,Rural,11,13073,6752,6321,424,168,256,12649,6584,6065
29,561,gadag,Rural,12,13126,6701,6425,442,200,242,12684,6501,6183
29,561,gadag,Rural,13,12397,6421,5976,429,184,245,11968,6237,5731
29,561,gadag,Rural,14,13891,7206,6685,543,249,294,13348,6957,6391
29,561,gadag,Rural,15,14005,7543,6462,666,274,392,13339,7269,6070
29,561,gadag,Rural,16,13918,7447,6471,751,342,409,13167,7105,6062
29,561,gadag,Rural,17,12184,6686,5498,694,335,359,11490,6351,5139
29,561,gadag,Rural,18,17152,9451,7701,1529,632,897,15623,8819,6804
29,561,gadag,Rural,19,12996,6829,6167,1250,435,815,11746,6394,5352
29,561,gadag,Rural,20-24,67533,36138,31395,9367,3110,6257,58166,33028,25138
29,561,gadag,Rural,25-29,60469,30578,29891,13700,4098,9602,46769,26480,20289
29,561,gadag,Rural,30-34,47327,23967,23360,14069,4375,9694,33258,19592,13666
29,561,gadag,Rural,35-39,49628,23965,25663,18829,5512,13317,30799,18453,12346
29,561,gadag,Rural,40-44,40825,20777,20048,17728,5829,11899,23097,14948,8149
29,561,gadag,Rural,45-49,38706,19980,18726,17948,6129,11819,20758,13851,6907
29,561,gadag,Rural,50-54,28599,14284,14315,14075,4461,9614,14524,9823,4701
29,561,gadag,Rural,55-59,24028,11541,12487,12302,3432,8870,11726,8109,3617
29,561,gadag,Rural,60-64,25234,11639,13595,14281,3883,10398,10953,7756,3197
29,561,gadag,Rural,65-69,19055,8846,10209,10869,2916,7953,8186,5930,2256
29,561,gadag,Rural,70-74,11733,5199,6534,7112,1775,5337,4621,3424,1197
29,561,gadag,Rural,75-79,5585,2520,3065,3290,805,2485,2295,1715,580
29,561,gadag,Rural,80+,5677,2287,3390,3478,753,2725,2199,1534,665
29,561,gadag,Rural,Age not stated,354,182,172,95,35,60,259,147,112
29,561,gadag,Urban,All ages,379309,189562,189747,108805,43085,65720,270504,146477,124027
29,561,gadag,Urban,0-6,45092,23127,21965,45092,23127,21965,0,0,0
29,561,gadag,Urban,7,6415,3300,3115,1265,655,610,5150,2645,2505
29,561,gadag,Urban,8,6708,3441,3267,392,197,195,6316,3244,3072
29,561,gadag,Urban,9,6624,3334,3290,292,162,130,6332,3172,3160
29,561,gadag,Urban,10,7896,4007,3889,414,203,211,7482,3804,3678
29,561,gadag,Urban,11,7317,3674,3643,216,95,121,7101,3579,3522
29,561,gadag,Urban,12,7348,3753,3595,245,112,133,7103,3641,3462
29,561,gadag,Urban,13,6954,3499,3455,205,95,110,6749,3404,3345
29,561,gadag,Urban,14,7474,3836,3638,247,103,144,7227,3733,3494
29,561,gadag,Urban,15,7564,3897,3667,292,132,160,7272,3765,3507
29,561,gadag,Urban,16,7618,4000,3618,377,172,205,7241,3828,3413
29,561,gadag,Urban,17,7064,3688,3376,268,121,147,6796,3567,3229
29,561,gadag,Urban,18,9045,4609,4436,640,289,351,8405,4320,4085
29,561,gadag,Urban,19,7213,3684,3529,491,180,311,6722,3504,3218
29,561,gadag,Urban,20-24,38090,19183,18907,3702,1335,2367,34388,17848,16540
29,561,gadag,Urban,25-29,34646,17008,17638,5096,1767,3329,29550,15241,14309
29,561,gadag,Urban,30-34,28682,14394,14288,5093,1767,3326,23589,12627,10962
29,561,gadag,Urban,35-39,28757,13899,14858,6837,2119,4718,21920,11780,10140
29,561,gadag,Urban,40-44,23639,12097,11542,6242,2059,4183,17397,10038,7359
29,561,gadag,Urban,45-49,21505,10873,10632,6480,1992,4488,15025,8881,6144
29,561,gadag,Urban,50-54,16461,8306,8155,5267,1571,3696,11194,6735,4459
29,561,gadag,Urban,55-59,13277,6589,6688,4525,1171,3354,8752,5418,3334
29,561,gadag,Urban,60-64,12587,5905,6682,5268,1339,3929,7319,4566,2753
29,561,gadag,Urban,65-69,9174,4141,5033,4032,1005,3027,5142,3136,2006
29,561,gadag,Urban,70-74,5848,2690,3158,2750,678,2072,3098,2012,1086
29,561,gadag,Urban,75-79,3067,1340,1727,1398,289,1109,1669,1051,618
29,561,gadag,Urban,80+,3084,1192,1892,1631,326,1305,1453,866,587
29,561,gadag,Urban,Age not stated,160,96,64,48,24,24,112,72,40
29,562,dharwad,Total,All ages,1847023,937206,909817,545359,225430,319929,1301664,711776,589888
29,562,dharwad,Total,0-6,219942,113127,106815,219942,113127,106815,0,0,0
29,562,dharwad,Total,7,30408,15472,14936,6217,3172,3045,24191,12300,11891
29,562,dharwad,Total,8,31810,16322,15488,1842,904,938,29968,15418,14550
29,562,dharwad,Total,9,32198,16566,15632,1116,564,552,31082,16002,15080
29,562,dharwad,Total,10,37161,19027,18134,1480,745,735,35681,18282,17399
29,562,dharwad,Total,11,34933,17846,17087,846,407,439,34087,17439,16648
29,562,dharwad,Total,12,34956,18053,16903,830,419,411,34126,17634,16492
29,562,dharwad,Total,13,32619,16814,15805,749,389,360,31870,16425,15445
29,562,dharwad,Total,14,34600,17936,16664,836,369,467,33764,17567,16197
29,562,dharwad,Total,15,34677,18184,16493,1207,601,606,33470,17583,15887
29,562,dharwad,Total,16,34572,18093,16479,1172,638,534,33400,17455,15945
29,562,dharwad,Total,17,32309,17004,15305,1211,626,585,31098,16378,14720
29,562,dharwad,Total,18,41392,22044,19348,2314,1121,1193,39078,20923,18155
29,562,dharwad,Total,19,34657,17780,16877,1770,808,962,32887,16972,15915
29,562,dharwad,Total,20-24,183861,95334,88527,16062,6484,9578,167799,88850,78949
29,562,dharwad,Total,25-29,167840,83224,84616,24896,8874,16022,142944,74350,68594
29,562,dharwad,Total,30-34,139284,70523,68761,27681,9810,17871,111603,60713,50890
29,562,dharwad,Total,35-39,141652,69350,72302,37415,12360,25055,104237,56990,47247
29,562,dharwad,Total,40-44,116998,60344,56654,34986,12850,22136,82012,47494,34518
29,562,dharwad,Total,45-49,107754,54855,52899,35007,12357,22650,72747,42498,30249
29,562,dharwad,Total,50-54,82652,42945,39707,27146,9379,17767,55506,33566,21940
29,562,dharwad,Total,55-59,66158,33078,33080,22846,6877,15969,43312,26201,17111
29,562,dharwad,Total,60-64,62894,30407,32487,26531,7866,18665,36363,22541,13822
29,562,dharwad,Total,65-69,47798,22805,24993,21798,6518,15280,26000,16287,9713
29,562,dharwad,Total,70-74,30235,14729,15506,13882,4091,9791,16353,10638,5715
29,562,dharwad,Total,75-79,16093,7769,8324,7014,1988,5026,9079,5781,3298
29,562,dharwad,Total,80+,16747,7049,9698,8384,2005,6379,8363,5044,3319
29,562,dharwad,Total,Age not stated,823,526,297,179,81,98,644,445,199
29,562,dharwad,Rural,All ages,797484,409416,388068,295530,120245,175285,501954,289171,212783
29,562,dharwad,Rural,0-6,101160,52331,48829,101160,52331,48829,0,0,0
29,562,dharwad,Rural,7,13034,6578,6456,3294,1649,1645,9740,4929,4811
29,562,dharwad,Rural,8,14019,7163,6856,905,446,459,13114,6717,6397
29,562,dharwad,Rural,9,14512,7439,7073,422,216,206,14090,7223,6867
29,562,dharwad,Rural,10,16274,8279,7995,592,304,288,15682,7975,7707
29,562,dharwad,Rural,11,15248,7882,7366,333,171,162,14915,7711,7204
29,562,dharwad,Rural,12,15127,7836,7291,349,161,188,14778,7675,7103
29,562,dharwad,Rural,13,14323,7431,6892,295,140,155,14028,7291,6737
29,562,dharwad,Rural,14,15209,7874,7335,347,143,204,14862,7731,7131
29,562,dharwad,Rural,15,15584,8242,7342,497,235,262,15087,8007,7080
29,562,dharwad,Rural,16,15084,8061,7023,527,267,260,14557,7794,6763
29,562,dharwad,Rural,17,13362,7333,6029,503,261,242,12859,7072,5787
29,562,dharwad,Rural,18,18508,10208,8300,1078,513,565,17430,9695,7735
29,562,dharwad,Rural,19,14326,7662,6664,785,356,429,13541,7306,6235
29,562,dharwad,Rural,20-24,77363,41790,35573,8220,3223,4997,69143,38567,30576
29,562,dharwad,Rural,25-29,69409,35053,34356,14236,4826,9410,55173,30227,24946
29,562,dharwad,Rural,30-34,57695,29423,28272,16737,5832,10905,40958,23591,17367
29,562,dharwad,Rural,35-39,60086,29301,30785,23072,7510,15562,37014,21791,15223
29,562,dharwad,Rural,40-44,50127,26104,24023,22069,8198,13871,28058,17906,10152
29,562,dharwad,Rural,45-49,45447,23739,21708,21440,7873,13567,24007,15866,8141
29,562,dharwad,Rural,50-54,33607,17489,16118,16699,5974,10725,16908,11515,5393
29,562,dharwad,Rural,55-59,27210,13441,13769,14019,4469,9550,13191,8972,4219
29,562,dharwad,Rural,60-64,28601,13598,15003,16598,5272,11326,12003,8326,3677
29,562,dharwad,Rural,65-69,23403,11376,12027,13821,4477,9344,9582,6899,2683
29,562,dharwad,Rural,70-74,14308,7051,7257,8618,2758,5860,5690,4293,1397
29,562,dharwad,Rural,75-79,6926,3385,3541,4142,1290,2852,2784,2095,689
29,562,dharwad,Rural,80+,7316,3224,4092,4706,1321,3385,2610,1903,707
29,562,dharwad,Rural,Age not stated,216,123,93,66,29,37,150,94,56
29,562,dharwad,Urban,All ages,1049539,527790,521749,249829,105185,144644,799710,422605,377105
29,562,dharwad,Urban,0-6,118782,60796,57986,118782,60796,57986,0,0,0
29,562,dharwad,Urban,7,17374,8894,8480,2923,1523,1400,14451,7371,7080
29,562,dharwad,Urban,8,17791,9159,8632,937,458,479,16854,8701,8153
29,562,dharwad,Urban,9,17686,9127,8559,694,348,346,16992,8779,8213
29,562,dharwad,Urban,10,20887,10748,10139,888,441,447,19999,10307,9692
29,562,dharwad,Urban,11,19685,9964,9721,513,236,277,19172,9728,9444
29,562,dharwad,Urban,12,19829,10217,9612,481,258,223,19348,9959,9389
29,562,dharwad,Urban,13,18296,9383,8913,454,249,205,17842,9134,8708
29,562,dharwad,Urban,14,19391,10062,9329,489,226,263,18902,9836,9066
29,562,dharwad,Urban,15,19093,9942,9151,710,366,344,18383,9576,8807
29,562,dharwad,Urban,16,19488,10032,9456,645,371,274,18843,9661,9182
29,562,dharwad,Urban,17,18947,9671,9276,708,365,343,18239,9306,8933
29,562,dharwad,Urban,18,22884,11836,11048,1236,608,628,21648,11228,10420
29,562,dharwad,Urban,19,20331,10118,10213,985,452,533,19346,9666,9680
29,562,dharwad,Urban,20-24,106498,53544,52954,7842,3261,4581,98656,50283,48373
29,562,dharwad,Urban,25-29,98431,48171,50260,10660,4048,6612,87771,44123,43648
29,562,dharwad,Urban,30-34,81589,41100,40489,10944,3978,6966,70645,37122,33523
29,562,dharwad,Urban,35-39,81566,40049,41517,14343,4850,9493,67223,35199,32024
29,562,dharwad,Urban,40-44,66871,34240,32631,12917,4652,8265,53954,29588,24366
29,562,dharwad,Urban,45-49,62307,31116,31191,13567,4484,9083,48740,26632,22108
29,562,dharwad,Urban,50-54,49045,25456,23589,10447,3405,7042,38598,22051,16547
29,562,dharwad,Urban,55-59,38948,19637,19311,8827,2408,6419,30121,17229,12892
29,562,dharwad,Urban,60-64,34293,16809,17484,9933,2594,7339,24360,14215,10145
29,562,dharwad,Urban,65-69,24395,11429,12966,7977,2041,5936,16418,9388,7030
29,562,dharwad,Urban,70-74,15927,7678,8249,5264,1333,3931,10663,6345,4318
29,562,dharwad,Urban,75-79,9167,4384,4783,2872,698,2174,6295,3686,2609
29,562,dharwad,Urban,80+,9431,3825,5606,3678,684,2994,5753,3141,2612
29,562,dharwad,Urban,Age not stated,607,403,204,113,52,61,494,351,143
29,563,uttara kannada,Total,All ages,1437169,726256,710913,355263,144157,211106,1081906,582099,499807
29,563,uttara kannada,Total,0-6,150115,76794,73321,150115,76794,73321,0,0,0
29,563,uttara kannada,Total,7,22033,11399,10634,3712,1956,1756,18321,9443,8878
29,563,uttara kannada,Total,8,22248,11490,10758,717,364,353,21531,11126,10405
29,563,uttara kannada,Total,9,23235,12021,11214,540,268,272,22695,11753,10942
29,563,uttara kannada,Total,10,25898,13452,12446,654,322,332,25244,13130,12114
29,563,uttara kannada,Total,11,26251,13504,12747,428,200,228,25823,13304,12519
29,563,uttara kannada,Total,12,25494,13156,12338,376,170,206,25118,12986,12132
29,563,uttara kannada,Total,13,25861,13350,12511,374,156,218,25487,13194,12293
29,563,uttara kannada,Total,14,26075,13664,12411,370,181,189,25705,13483,12222
29,563,uttara kannada,Total,15,25979,13379,12600,435,193,242,25544,13186,12358
29,563,uttara kannada,Total,16,25494,13143,12351,430,193,237,25064,12950,12114
29,563,uttara kannada,Total,17,24608,12698,11910,383,186,197,24225,12512,11713
29,563,uttara kannada,Total,18,28305,14567,13738,671,318,353,27634,14249,13385
29,563,uttara kannada,Total,19,25139,12871,12268,594,248,346,24545,12623,11922
29,563,uttara kannada,Total,20-24,134794,68242,66552,5343,1904,3439,129451,66338,63113
29,563,uttara kannada,Total,25-29,130752,65639,65113,9809,3252,6557,120943,62387,58556
29,563,uttara kannada,Total,30-34,111651,57115,54536,12894,4194,8700,98757,52921,45836
29,563,uttara kannada,Total,35-39,110155,54761,55394,19486,6126,13360,90669,48635,42034
29,563,uttara kannada,Total,40-44,97525,49419,48106,22012,7271,14741,75513,42148,33365
29,563,uttara kannada,Total,45-49,93318,47101,46217,25137,8521,16616,68181,38580,29601
29,563,uttara kannada,Total,50-54,74743,38573,36170,21363,7477,13886,53380,31096,22284
29,563,uttara kannada,Total,55-59,61153,31205,29948,18213,5911,12302,42940,25294,17646
29,563,uttara kannada,Total,60-64,51061,25274,25787,18306,5780,12526,32755,19494,13261
29,563,uttara kannada,Total,65-69,39455,18275,21180,16779,4997,11782,22676,13278,9398
29,563,uttara kannada,Total,70-74,26188,12132,14056,11824,3326,8498,14364,8806,5558
29,563,uttara kannada,Total,75-79,14605,6629,7976,6622,1856,4766,7983,4773,3210
29,563,uttara kannada,Total,80+,14337,6044,8293,7505,1933,5572,6832,4111,2721
29,563,uttara kannada,Total,Age not stated,697,359,338,171,60,111,526,299,227
29,563,uttara kannada,Rural,All ages,1018188,514910,503278,277059,111491,165568,741129,403419,337710
29,563,uttara kannada,Rural,0-6,106741,54554,52187,106741,54554,52187,0,0,0
29,563,uttara kannada,Rural,7,15548,8053,7495,2833,1490,1343,12715,6563,6152
29,563,uttara kannada,Rural,8,15817,8118,7699,555,278,277,15262,7840,7422
29,563,uttara kannada,Rural,9,16624,8639,7985,428,210,218,16196,8429,7767
29,563,uttara kannada,Rural,10,18420,9537,8883,523,261,262,17897,9276,8621
29,563,uttara kannada,Rural,11,18691,9565,9126,319,154,165,18372,9411,8961
29,563,uttara kannada,Rural,12,18202,9427,8775,292,139,153,17910,9288,8622
29,563,uttara kannada,Rural,13,18247,9467,8780,265,108,157,17982,9359,8623
29,563,uttara kannada,Rural,14,18627,9777,8850,279,138,141,18348,9639,8709
29,563,uttara kannada,Rural,15,18559,9639,8920,337,148,189,18222,9491,8731
29,563,uttara kannada,Rural,16,18327,9429,8898,316,135,181,18011,9294,8717
29,563,uttara kannada,Rural,17,17537,9036,8501,294,136,158,17243,8900,8343
29,563,uttara kannada,Rural,18,20155,10312,9843,525,235,290,19630,10077,9553
29,563,uttara kannada,Rural,19,17678,8990,8688,463,191,272,17215,8799,8416
29,563,uttara kannada,Rural,20-24,95388,48239,47149,4221,1499,2722,91167,46740,44427
29,563,uttara kannada,Rural,25-29,92811,46948,45863,8001,2634,5367,84810,44314,40496
29,563,uttara kannada,Rural,30-34,77854,40005,37849,10848,3525,7323,67006,36480,30526
29,563,uttara kannada,Rural,35-39,77191,38467,38724,16401,5186,11215,60790,33281,27509
29,563,uttara kannada,Rural,40-44,68924,34757,34167,18733,6236,12497,50191,28521,21670
29,563,uttara kannada,Rural,45-49,66484,33644,32840,21170,7307,13863,45314,26337,18977
29,563,uttara kannada,Rural,50-54,52687,27319,25368,17986,6456,11530,34701,20863,13838
29,563,uttara kannada,Rural,55-59,42575,21612,20963,15101,5037,10064,27474,16575,10899
29,563,uttara kannada,Rural,60-64,36115,17866,18249,15184,4930,10254,20931,12936,7995
29,563,uttara kannada,Rural,65-69,28758,13342,15416,13931,4319,9612,14827,9023,5804
29,563,uttara kannada,Rural,70-74,18710,8599,10111,9667,2833,6834,9043,5766,3277
29,563,uttara kannada,Rural,75-79,10503,4765,5738,5434,1610,3824,5069,3155,1914
29,563,uttara kannada,Rural,80+,10457,4514,5943,6062,1689,4373,4395,2825,1570
29,563,uttara kannada,Rural,Age not stated,558,290,268,150,53,97,408,237,171
29,563,uttara kannada,Urban,All ages,418981,211346,207635,78204,32666,45538,340777,178680,162097
29,563,uttara kannada,Urban,0-6,43374,22240,21134,43374,22240,21134,0,0,0
29,563,uttara kannada,Urban,7,6485,3346,3139,879,466,413,5606,2880,2726
29,563,uttara kannada,Urban,8,6431,3372,3059,162,86,76,6269,3286,2983
29,563,uttara kannada,Urban,9,6611,3382,3229,112,58,54,6499,3324,3175
29,563,uttara kannada,Urban,10,7478,3915,3563,131,61,70,7347,3854,3493
29,563,uttara kannada,Urban,11,7560,3939,3621,109,46,63,7451,3893,3558
29,563,uttara kannada,Urban,12,7292,3729,3563,84,31,53,7208,3698,3510
29,563,uttara kannada,Urban,13,7614,3883,3731,109,48,61,7505,3835,3670
29,563,uttara kannada,Urban,14,7448,3887,3561,91,43,48,7357,3844,3513
29,563,uttara kannada,Urban,15,7420,3740,3680,98,45,53,7322,3695,3627
29,563,uttara kannada,Urban,16,7167,3714,3453,114,58,56,7053,3656,3397
29,563,uttara kannada,Urban,17,7071,3662,3409,89,50,39,6982,3612,3370
29,563,uttara kannada,Urban,18,8150,4255,3895,146,83,63,8004,4172,3832
29,563,uttara kannada,Urban,19,7461,3881,3580,131,57,74,7330,3824,3506
29,563,uttara kannada,Urban,20-24,39406,20003,19403,1122,405,717,38284,19598,18686
29,563,uttara kannada,Urban,25-29,37941,18691,19250,1808,618,1190,36133,18073,18060
29,563,uttara kannada,Urban,30-34,33797,17110,16687,2046,669,1377,31751,16441,15310
29,563,uttara kannada,Urban,35-39,32964,16294,16670,3085,940,2145,29879,15354,14525
29,563,uttara kannada,Urban,40-44,28601,14662,13939,3279,1035,2244,25322,13627,11695
29,563,uttara kannada,Urban,45-49,26834,13457,13377,3967,1214,2753,22867,12243,10624
29,563,uttara kannada,Urban,50-54,22056,11254,10802,3377,1021,2356,18679,10233,8446
29,563,uttara kannada,Urban,55-59,18578,9593,8985,3112,874,2238,15466,8719,6747
29,563,uttara kannada,Urban,60-64,14946,7408,7538,3122,850,2272,11824,6558,5266
29,563,uttara kannada,Urban,65-69,10697,4933,5764,2848,678,2170,7849,4255,3594
29,563,uttara kannada,Urban,70-74,7478,3533,3945,2157,493,1664,5321,3040,2281
29,563,uttara kannada,Urban,75-79,4102,1864,2238,1188,246,942,2914,1618,1296
29,563,uttara kannada,Urban,80+,3880,1530,2350,1443,244,1199,2437,1286,1151
29,563,uttara kannada,Urban,Age not stated,139,69,70,21,7,14,118,62,56
29,564,haveri,Total,All ages,1597668,819128,778540,512225,215335,296890,1085443,603793,481650
29,564,haveri,Total,0-6,195317,100369,94948,195317,100369,94948,0,0,0
29,564,haveri,Total,7,26125,13507,12618,6817,3458,3359,19308,10049,9259
29,564,haveri,Total,8,28657,14509,14148,1808,876,932,26849,13633,13216
29,564,haveri,Total,9,28872,14710,14162,959,467,492,27913,14243,13670
29,564,haveri,Total,10,32997,16825,16172,1145,558,587,31852,16267,15585
29,564,haveri,Total,11,30587,15695,14892,659,314,345,29928,15381,14547
29,564,haveri,Total,12,32100,16441,15659,804,369,435,31296,16072,15224
29,564,haveri,Total,13,30227,15497,14730,721,309,412,29506,15188,14318
29,564,haveri,Total,14,32098,16695,15403,961,456,505,31137,16239,14898
29,564,haveri,Total,15,32601,17020,15581,1122,509,613,31479,16511,14968
29,564,haveri,Total,16,33108,17230,15878,1389,700,689,31719,16530,15189
29,564,haveri,Total,17,29143,15297,13846,1162,548,614,27981,14749,13232
29,564,haveri,Total,18,39757,21247,18510,2434,1203,1231,37323,20044,17279
29,564,haveri,Total,19,30004,15431,14573,1753,758,995,28251,14673,13578
29,564,haveri,Total,20-24,160382,86144,74238,15218,6385,8833,145164,79759,65405
29,564,haveri,Total,25-29,142478,73116,69362,22828,8458,14370,119650,64658,54992
29,564,haveri,Total,30-34,115402,58842,56560,25424,9227,16197,89978,49615,40363
29,564,haveri,Total,35-39,117698,57342,60356,34912,11964,22948,82786,45378,37408
29,564,haveri,Total,40-44,99723,51249,48474,34786,12910,21876,64937,38339,26598
29,564,haveri,Total,45-49,93271,48409,44862,36062,13737,22325,57209,34672,22537
29,564,haveri,Total,50-54,69697,36489,33208,28818,10572,18246,40879,25917,14962
29,564,haveri,Total,55-59,55751,27770,27981,24300,8090,16210,31451,19680,11771
29,564,haveri,Total,60-64,51422,25629,25793,25219,8413,16806,26203,17216,8987
29,564,haveri,Total,65-69,40598,20303,20295,20656,6906,13750,19942,13397,6545
29,564,haveri,Total,70-74,24679,11950,12729,13267,4092,9175,11412,7858,3554
29,564,haveri,Total,75-79,11891,5860,6031,6223,1843,4380,5668,4017,1651
29,564,haveri,Total,80+,12548,5246,7302,7312,1783,5529,5236,3463,1773
29,564,haveri,Total,Age not stated,535,306,229,149,61,88,386,245,141
29,564,haveri,Rural,All ages,1242167,638450,603717,417066,172847,244219,825101,465603,359498
29,564,haveri,Rural,0-6,152010,77825,74185,152010,77825,74185,0,0,0
29,564,haveri,Rural,7,19808,10236,9572,5315,2680,2635,14493,7556,6937
29,564,haveri,Rural,8,21972,11044,10928,1392,672,720,20580,10372,10208
29,564,haveri,Rural,9,22210,11296,10914,749,368,381,21461,10928,10533
29,564,haveri,Rural,10,25369,12825,12544,879,413,466,24490,12412,12078
29,564,haveri,Rural,11,23261,11989,11272,510,243,267,22751,11746,11005
29,564,haveri,Rural,12,24569,12620,11949,597,262,335,23972,12358,11614
29,564,haveri,Rural,13,23085,11872,11213,513,219,294,22572,11653,10919
29,564,haveri,Rural,14,24578,12737,11841,718,327,391,23860,12410,11450
29,564,haveri,Rural,15,25173,13161,12012,861,394,467,24312,12767,11545
29,564,haveri,Rural,16,25453,13386,12067,1053,518,535,24400,12868,11532
29,564,haveri,Rural,17,22225,11762,10463,858,384,474,21367,11378,9989
29,564,haveri,Rural,18,30618,16587,14031,1868,907,961,28750,15680,13070
29,564,haveri,Rural,19,22936,11945,10991,1363,570,793,21573,11375,10198
29,564,haveri,Rural,20-24,123545,67361,56184,11934,4870,7064,111611,62491,49120
29,564,haveri,Rural,25-29,110003,57062,52941,18588,6696,11892,91415,50366,41049
29,564,haveri,Rural,30-34,88609,45198,43411,21171,7531,13640,67438,37667,29771
29,564,haveri,Rural,35-39,91388,44381,47007,29408,9887,19521,61980,34494,27486
29,564,haveri,Rural,40-44,78062,40009,38053,29630,10887,18743,48432,29122,19310
29,564,haveri,Rural,45-49,73477,38208,35269,30639,11606,19033,42838,26602,16236
29,564,haveri,Rural,50-54,54904,28739,26165,24550,9039,15511,30354,19700,10654
29,564,haveri,Rural,55-59,44218,21946,22272,20721,6892,13829,23497,15054,8443
29,564,haveri,Rural,60-64,41283,20599,20684,21302,7163,14139,19981,13436,6545
29,564,haveri,Rural,65-69,33151,16628,16523,17583,5862,11721,15568,10766,4802
29,564,haveri,Rural,70-74,20208,9798,10410,11413,3551,7862,8795,6247,2548
29,564,haveri,Rural,75-79,9580,4760,4820,5224,1541,3683,4356,3219,1137
29,564,haveri,Rural,80+,10059,4241,5818,6098,1497,4601,3961,2744,1217
29,564,haveri,Rural,Age not stated,413,235,178,119,43,76,294,192,102
29,564,haveri,Urban,All ages,355501,180678,174823,95159,42488,52671,260342,138190,122152
29,564,haveri,Urban,0-6,43307,22544,20763,43307,22544,20763,0,0,0
29,564,haveri,Urban,7,6317,3271,3046,1502,778,724,4815,2493,2322
29,564,haveri,Urban,8,6685,3465,3220,416,204,212,6269,3261,3008
29,564,haveri,Urban,9,6662,3414,3248,210,99,111,6452,3315,3137
29,564,haveri,Urban,10,7628,4000,3628,266,145,121,7362,3855,3507
29,564,haveri,Urban,11,7326,3706,3620,149,71,78,7177,3635,3542
29,564,haveri,Urban,12,7531,3821,3710,207,107,100,7324,3714,3610
29,564,haveri,Urban,13,7142,3625,3517,208,90,118,6934,3535,3399
29,564,haveri,Urban,14,7520,3958,3562,243,129,114,7277,3829,3448
29,564,haveri,Urban,15,7428,3859,3569,261,115,146,7167,3744,3423
29,564,haveri,Urban,16,7655,3844,3811,336,182,154,7319,3662,3657
29,564,haveri,Urban,17,6918,3535,3383,304,164,140,6614,3371,3243
29,564,haveri,Urban,18,9139,4660,4479,566,296,270,8573,4364,4209
29,564,haveri,Urban,19,7068,3486,3582,390,188,202,6678,3298,3380
29,564,haveri,Urban,20-24,36837,18783,18054,3284,1515,1769,33553,17268,16285
29,564,haveri,Urban,25-29,32475,16054,16421,4240,1762,2478,28235,14292,13943
29,564,haveri,Urban,30-34,26793,13644,13149,4253,1696,2557,22540,11948,10592
29,564,haveri,Urban,35-39,26310,12961,13349,5504,2077,3427,20806,10884,9922
29,564,haveri,Urban,40-44,21661,11240,10421,5156,2023,3133,16505,9217,7288
29,564,haveri,Urban,45-49,19794,10201,9593,5423,2131,3292,14371,8070,6301
29,564,haveri,Urban,50-54,14793,7750,7043,4268,1533,2735,10525,6217,4308
29,564,haveri,Urban,55-59,11533,5824,5709,3579,1198,2381,7954,4626,3328
29,564,haveri,Urban,60-64,10139,5030,5109,3917,1250,2667,6222,3780,2442
29,564,haveri,Urban,65-69,7447,3675,3772,3073,1044,2029,4374,2631,1743
29,564,haveri,Urban,70-74,4471,2152,2319,1854,541,1313,2617,1611,1006
29,564,haveri,Urban,75-79,2311,1100,1211,999,302,697,1312,798,514
29,564,haveri,Urban,80+,2489,1005,1484,1214,286,928,1275,719,556
29,564,haveri,Urban,Age not stated,122,71,51,30,18,12,92,53,39
29,565,bellary,Total,All ages,2452595,1236954,1215641,1030974,423514,607460,1421621,813440,608181
29,565,bellary,Total,0-6,344152,175543,168609,344152,175543,168609,0,0,0
29,565,bellary,Total,7,47211,24071,23140,12694,6343,6351,34517,17728,16789
29,565,bellary,Total,8,50515,25662,24853,5196,2435,2761,45319,23227,22092
29,565,bellary,Total,9,47669,24289,23380,3063,1357,1706,44606,22932,21674
29,565,bellary,Total,10,56066,28397,27669,4312,1838,2474,51754,26559,25195
29,565,bellary,Total,11,49303,25168,24135,2967,1195,1772,46336,23973,22363
29,565,bellary,Total,12,52419,26922,25497,4052,1552,2500,48367,25370,22997
29,565,bellary,Total,13,47894,24501,23393,3455,1300,2155,44439,23201,21238
29,565,bellary,Total,14,50921,26442,24479,4606,1736,2870,46315,24706,21609
29,565,bellary,Total,15,52249,27554,24695,5681,2270,3411,46568,25284,21284
29,565,bellary,Total,16,52002,27534,24468,6186,2486,3700,45816,25048,20768
29,565,bellary,Total,17,44799,23883,20916,5407,2173,3234,39392,21710,17682
29,565,bellary,Total,18,64862,33692,31170,11408,4272,7136,53454,29420,24034
29,565,bellary,Total,19,46975,23748,23227,8202,2747,5455,38773,21001,17772
29,565,bellary,Total,20-24,249942,127863,122079,56203,19166,37037,193739,108697,85042
29,565,bellary,Total,25-29,230034,113030,117004,72833,24731,48102,157201,88299,68902
29,565,bellary,Total,30-34,181476,93347,88129,67694,25402,42292,113782,67945,45837
29,565,bellary,Total,35-39,175736,88455,87281,75968,27990,47978,99768,60465,39303
29,565,bellary,Total,40-44,138005,71984,66021,65581,25600,39981,72424,46384,26040
29,565,bellary,Total,45-49,122059,61724,60335,62180,23354,38826,59879,38370,21509
29,565,bellary,Total,50-54,93034,46829,46205,50525,18983,31542,42509,27846,14663
29,565,bellary,Total,55-59,71715,33924,37791,39856,12993,26863,31859,20931,10928
29,565,bellary,Total,60-64,69920,32501,37419,43808,14785,29023,26112,17716,8396
29,565,bellary,Total,65-69,47272,21459,25813,30192,9726,20466,17080,11733,5347
29,565,bellary,Total,70-74,32695,14546,18149,22418,7194,15224,10277,7352,2925
29,565,bellary,Total,75-79,14630,6377,8253,9606,2930,6676,5024,3447,1577
29,565,bellary,Total,80+,17639,6745,10894,12201,3187,9014,5438,3558,1880
29,565,bellary,Total,Age not stated,1401,764,637,528,226,302,873,538,335
29,565,bellary,Rural,All ages,1532356,774093,758263,723044,295993,427051,809312,478100,331212
29,565,bellary,Rural,0-6,222971,113910,109061,222971,113910,109061,0,0,0
29,565,bellary,Rural,7,29982,15280,14702,8454,4188,4266,21528,11092,10436
29,565,bellary,Rural,8,32593,16512,16081,3473,1635,1838,29120,14877,14243
29,565,bellary,Rural,9,30917,15732,15185,2052,847,1205,28865,14885,13980
29,565,bellary,Rural,10,35991,18122,17869,2909,1231,1678,33082,16891,16191
29,565,bellary,Rural,11,31665,16168,15497,2067,790,1277,29598,15378,14220
29,565,bellary,Rural,12,34213,17601,16612,2979,1067,1912,31234,16534,14700
29,565,bellary,Rural,13,31522,16219,15303,2551,928,1623,28971,15291,13680
29,565,bellary,Rural,14,33729,17683,16046,3491,1253,2238,30238,16430,13808
29,565,bellary,Rural,15,34851,18455,16396,4315,1635,2680,30536,16820,13716
29,565,bellary,Rural,16,34742,18460,16282,4778,1851,2927,29964,16609,13355
29,565,bellary,Rural,17,28498,15404,13094,4061,1604,2457,24437,13800,10637
29,565,bellary,Rural,18,42862,22669,20193,8690,3185,5505,34172,19484,14688
29,565,bellary,Rural,19,29562,15273,14289,6095,2015,4080,23467,13258,10209
29,565,bellary,Rural,20-24,153598,80114,73484,41397,13773,27624,112201,66341,45860
29,565,bellary,Rural,25-29,137575,68368,69207,53408,18067,35341,84167,50301,33866
29,565,bellary,Rural,30-34,107904,55010,52894,50037,18610,31427,57867,36400,21467
29,565,bellary,Rural,35-39,104672,51971,52701,55609,20574,35035,49063,31397,17666
29,565,bellary,Rural,40-44,83523,43268,40255,48209,19128,29081,35314,24140,11174
29,565,bellary,Rural,45-49,73382,36981,36401,44776,17223,27553,28606,19758,8848
29,565,bellary,Rural,50-54,55797,28086,27711,36094,14102,21992,19703,13984,5719
29,565,bellary,Rural,55-59,43234,19758,23476,28629,9591,19038,14605,10167,4438
29,565,bellary,Rural,60-64,44516,20698,23818,31585,11170,20415,12931,9528,3403
29,565,bellary,Rural,65-69,31053,14088,16965,22150,7427,14723,8903,6661,2242
29,565,bellary,Rural,70-74,21483,9471,12012,16300,5470,10830,5183,4001,1182
29,565,bellary,Rural,75-79,9282,4009,5273,6916,2194,4722,2366,1815,551
29,565,bellary,Rural,80+,11274,4257,7017,8640,2347,6293,2634,1910,724
29,565,bellary,Rural,Age not stated,965,526,439,408,178,230,557,348,209
29,565,bellary,Urban,All ages,920239,462861,457378,307930,127521,180409,612309,335340,276969
29,565,bellary,Urban,0-6,121181,61633,59548,121181,61633,59548,0,0,0
29,565,bellary,Urban,7,17229,8791,8438,4240,2155,2085,12989,6636,6353
29,565,bellary,Urban,8,17922,9150,8772,1723,800,923,16199,8350,7849
29,565,bellary,Urban,9,16752,8557,8195,1011,510,501,15741,8047,7694
29,565,bellary,Urban,10,20075,10275,9800,1403,607,796,18672,9668,9004
29,565,bellary,Urban,11,17638,9000,8638,900,405,495,16738,8595,8143
29,565,bellary,Urban,12,18206,9321,8885,1073,485,588,17133,8836,8297
29,565,bellary,Urban,13,16372,8282,8090,904,372,532,15468,7910,7558
29,565,bellary,Urban,14,17192,8759,8433,1115,483,632,16077,8276,7801
29,565,bellary,Urban,15,17398,9099,8299,1366,635,731,16032,8464,7568
29,565,bellary,Urban,16,17260,9074,8186,1408,635,773,15852,8439,7413
29,565,bellary,Urban,17,16301,8479,7822,1346,569,777,14955,7910,7045
29,565,bellary,Urban,18,22000,11023,10977,2718,1087,1631,19282,9936,9346
29,565,bellary,Urban,19,17413,8475,8938,2107,732,1375,15306,7743,7563
29,565,bellary,Urban,20-24,96344,47749,48595,14806,5393,9413,81538,42356,39182
29,565,bellary,Urban,25-29,92459,44662,47797,19425,6664,12761,73034,37998,35036
29,565,bellary,Urban,30-34,73572,38337,35235,17657,6792,10865,55915,31545,24370
29,565,bellary,Urban,35-39,71064,36484,34580,20359,7416,12943,50705,29068,21637
29,565,bellary,Urban,40-44,54482,28716,25766,17372,6472,10900,37110,22244,14866
29,565,bellary,Urban,45-49,48677,24743,23934,17404,6131,11273,31273,18612,12661
29,565,bellary,Urban,50-54,37237,18743,18494,14431,4881,9550,22806,13862,8944
29,565,bellary,Urban,55-59,28481,14166,14315,11227,3402,7825,17254,10764,6490
29,565,bellary,Urban,60-64,25404,11803,13601,12223,3615,8608,13181,8188,4993
29,565,bellary,Urban,65-69,16219,7371,8848,8042,2299,5743,8177,5072,3105
29,565,bellary,Urban,70-74,11212,5075,6137,6118,1724,4394,5094,3351,1743
29,565,bellary,Urban,75-79,5348,2368,2980,2690,736,1954,2658,1632,1026
29,565,bellary,Urban,80+,6365,2488,3877,3561,840,2721,2804,1648,1156
29,565,bellary,Urban,Age not stated,436,238,198,120,48,72,316,190,126
29,566,chitradurga,Total,All ages,1659456,840843,818613,572064,233655,338409,1087392,607188,480204
29,566,chitradurga,Total,0-6,184280,94629,89651,184280,94629,89651,0,0,0
29,566,chitradurga,Total,7,25744,13143,12601,5355,2729,2626,20389,10414,9975
29,566,chitradurga,Total,8,27026,13824,13202,1766,822,944,25260,13002,12258
29,566,chitradurga,Total,9,27693,14230,13463,1257,624,633,26436,13606,12830
29,566,chitradurga,Total,10,32060,16442,15618,1519,724,795,30541,15718,14823
29,566,chitradurga,Total,11,30838,15675,15163,918,422,496,29920,15253,14667
29,566,chitradurga,Total,12,32113,16481,15632,919,363,556,31194,16118,15076
29,566,chitradurga,Total,13,31041,16185,14856,826,353,473,30215,15832,14383
29,566,chitradurga,Total,14,31593,16591,15002,1075,476,599,30518,16115,14403
29,566,chitradurga,Total,15,32592,17188,15404,1265,569,696,31327,16619,14708
29,566,chitradurga,Total,16,32082,16683,15399,1374,599,775,30708,16084,14624
29,566,chitradurga,Total,17,30658,15984,14674,1268,547,721,29390,15437,13953
29,566,chitradurga,Total,18,38750,20290,18460,2436,998,1438,36314,19292,17022
29,566,chitradurga,Total,19,31078,15675,15403,1973,702,1271,29105,14973,14132
29,566,chitradurga,Total,20-24,156981,79747,77234,15254,4909,10345,141727,74838,66889
29,566,chitradurga,Total,25-29,146701,71493,75208,24464,7394,17070,122237,64099,58138
29,566,chitradurga,Total,30-34,120913,61228,59685,27679,9101,18578,93234,52127,41107
29,566,chitradurga,Total,35-39,128223,62296,65927,40414,12633,27781,87809,49663,38146
29,566,chitradurga,Total,40-44,108386,55614,52772,41963,15148,26815,66423,40466,25957
29,566,chitradurga,Total,45-49,102535,52865,49670,45234,16979,28255,57301,35886,21415
29,566,chitradurga,Total,50-54,78103,40670,37433,37860,14803,23057,40243,25867,14376
29,566,chitradurga,Total,55-59,60468,30278,30190,30185,10615,19570,30283,19663,10620
29,566,chitradurga,Total,60-64,58714,29449,29265,33941,12672,21269,24773,16777,7996
29,566,chitradurga,Total,65-69,43780,21365,22415,26375,9517,16858,17405,11848,5557
29,566,chitradurga,Total,70-74,32453,16234,16219,20738,7808,12930,11715,8426,3289
29,566,chitradurga,Total,75-79,15155,7558,7597,9452,3381,6071,5703,4177,1526
29,566,chitradurga,Total,80+,17739,8050,9689,11768,3920,7848,5971,4130,1841
29,566,chitradurga,Total,Age not stated,1757,976,781,506,218,288,1251,758,493
29,566,chitradurga,Rural,All ages,1329923,675573,654350,495504,201288,294216,834419,474285,360134
29,566,chitradurga,Rural,0-6,149294,76667,72627,149294,76667,72627,0,0,0
29,566,chitradurga,Rural,7,20233,10319,9914,4546,2304,2242,15687,8015,7672
29,566,chitradurga,Rural,8,21520,10986,10534,1482,696,786,20038,10290,9748
29,566,chitradurga,Rural,9,22162,11382,10780,1029,509,520,21133,10873,10260
29,566,chitradurga,Rural,10,25558,13142,12416,1198,559,639,24360,12583,11777
29,566,chitradurga,Rural,11,24423,12464,11959,750,336,414,23673,12128,11545
29,566,chitradurga,Rural,12,25604,13174,12430,781,298,483,24823,12876,11947
29,566,chitradurga,Rural,13,24661,12844,11817,694,286,408,23967,12558,11409
29,566,chitradurga,Rural,14,25369,13383,11986,915,411,504,24454,12972,11482
29,566,chitradurga,Rural,15,26307,13918,12389,1083,487,596,25224,13431,11793
29,566,chitradurga,Rural,16,25616,13399,12217,1203,514,689,24413,12885,11528
29,566,chitradurga,Rural,17,24325,12750,11575,1107,473,634,23218,12277,10941
29,566,chitradurga,Rural,18,31157,16482,14675,2109,861,1248,29048,15621,13427
29,566,chitradurga,Rural,19,24457,12436,12021,1697,592,1105,22760,11844,10916
29,566,chitradurga,Rural,20-24,123936,63880,60056,13333,4193,9140,110603,59687,50916
29,566,chitradurga,Rural,25-29,114959,56635,58324,21581,6388,15193,93378,50247,43131
29,566,chitradurga,Rural,30-34,94862,48319,46543,24708,8065,16643,70154,40254,29900
29,566,chitradurga,Rural,35-39,100844,48750,52094,35894,11135,24759,64950,37615,27335
29,566,chitradurga,Rural,40-44,86808,44390,42418,37738,13637,24101,49070,30753,18317
29,566,chitradurga,Rural,45-49,82085,42327,39758,40510,15330,25180,41575,26997,14578
29,566,chitradurga,Rural,50-54,63105,32715,30390,33929,13392,20537,29176,19323,9853
29,566,chitradurga,Rural,55-59,48986,24243,24743,27142,9624,17518,21844,14619,7225
29,566,chitradurga,Rural,60-64,49075,24531,24544,30658,11640,19018,18417,12891,5526
29,566,chitradurga,Rural,65-69,37196,18206,18990,23817,8744,15073,13379,9462,3917
29,566,chitradurga,Rural,70-74,27893,14033,13860,18792,7218,11574,9101,6815,2286
29,566,chitradurga,Rural,75-79,12879,6438,6441,8522,3122,5400,4357,3316,1041
29,566,chitradurga,Rural,80+,15067,6906,8161,10546,3617,6929,4521,3289,1232
29,566,chitradurga,Rural,Age not stated,1542,854,688,446,190,256,1096,664,432
29,566,chitradurga,Urban,All ages,329533,165270,164263,76560,32367,44193,252973,132903,120070
29,566,chitradurga,Urban,0-6,34986,17962,17024,34986,17962,17024,0,0,0
29,566,chitradurga,Urban,7,5511,2824,2687,809,425,384,4702,2399,2303
29,566,chitradurga,Urban,8,5506,2838,2668,284,126,158,5222,2712,2510
29,566,chitradurga,Urban,9,5531,2848,2683,228,115,113,5303,2733,2570
29,566,chitradurga,Urban,10,6502,3300,3202,321,165,156,6181,3135,3046
29,566,chitradurga,Urban,11,6415,3211,3204,168,86,82,6247,3125,3122
29,566,chitradurga,Urban,12,6509,3307,3202,138,65,73,6371,3242,3129
29,566,chitradurga,Urban,13,6380,3341,3039,132,67,65,6248,3274,2974
29,566,chitradurga,Urban,14,6224,3208,3016,160,65,95,6064,3143,2921
29,566,chitradurga,Urban,15,6285,3270,3015,182,82,100,6103,3188,2915
29,566,chitradurga,Urban,16,6466,3284,3182,171,85,86,6295,3199,3096
29,566,chitradurga,Urban,17,6333,3234,3099,161,74,87,6172,3160,3012
29,566,chitradurga,Urban,18,7593,3808,3785,327,137,190,7266,3671,3595
29,566,chitradurga,Urban,19,6621,3239,3382,276,110,166,6345,3129,3216
29,566,chitradurga,Urban,20-24,33045,15867,17178,1921,716,1205,31124,15151,15973
29,566,chitradurga,Urban,25-29,31742,14858,16884,2883,1006,1877,28859,13852,15007
29,566,chitradurga,Urban,30-34,26051,12909,13142,2971,1036,1935,23080,11873,11207
29,566,chitradurga,Urban,35-39,27379,13546,13833,4520,1498,3022,22859,12048,10811
29,566,chitradurga,Urban,40-44,21578,11224,10354,4225,1511,2714,17353,9713,7640
29,566,chitradurga,Urban,45-49,20450,10538,9912,4724,1649,3075,15726,8889,6837
29,566,chitradurga,Urban,50-54,14998,7955,7043,3931,1411,2520,11067,6544,4523
29,566,chitradurga,Urban,55-59,11482,6035,5447,3043,991,2052,8439,5044,3395
29,566,chitradurga,Urban,60-64,9639,4918,4721,3283,1032,2251,6356,3886,2470
29,566,chitradurga,Urban,65-69,6584,3159,3425,2558,773,1785,4026,2386,1640
29,566,chitradurga,Urban,70-74,4560,2201,2359,1946,590,1356,2614,1611,1003
29,566,chitradurga,Urban,75-79,2276,1120,1156,930,259,671,1346,861,485
29,566,chitradurga,Urban,80+,2672,1144,1528,1222,303,919,1450,841,609
29,566,chitradurga,Urban,Age not stated,215,122,93,60,28,32,155,94,61
29,567,davanagere,Total,All ages,1945497,986400,959097,636957,265763,371194,1308540,720637,587903
29,567,davanagere,Total,0-6,217731,111793,105938,217731,111793,105938,0,0,0
29,567,davanagere,Total,7,31391,16089,15302,6691,3440,3251,24700,12649,12051
29,567,davanagere,Total,8,33071,16802,16269,2401,1161,1240,30670,15641,15029
29,567,davanagere,Total,9,33204,17047,16157,1357,645,712,31847,16402,15445
29,567,davanagere,Total,10,38053,19522,18531,1686,805,881,36367,18717,17650
29,567,davanagere,Total,11,35587,18260,17327,1078,513,565,34509,17747,16762
29,567,davanagere,Total,12,36780,18740,18040,1098,497,601,35682,18243,17439
29,567,davanagere,Total,13,35668,18373,17295,1088,463,625,34580,17910,16670
29,567,davanagere,Total,14,37703,19587,18116,1277,582,695,36426,19005,17421
29,567,davanagere,Total,15,37694,19304,18390,1639,705,934,36055,18599,17456
29,567,davanagere,Total,16,38571,19970,18601,1715,787,928,36856,19183,17673
29,567,davanagere,Total,17,36394,18821,17573,1576,727,849,34818,18094,16724
29,567,davanagere,Total,18,46636,24273,22363,3084,1366,1718,43552,22907,20645
29,567,davanagere,Total,19,37661,18932,18729,2567,1006,1561,35094,17926,17168
29,567,davanagere,Total,20-24,194098,99903,94195,19945,7623,12322,174153,92280,81873
29,567,davanagere,Total,25-29,178276,89274,89002,29759,10593,19166,148517,78681,69836
29,567,davanagere,Total,30-34,145473,73091,72382,33480,12094,21386,111993,60997,50996
29,567,davanagere,Total,35-39,151409,74552,76857,47159,16683,30476,104250,57869,46381
29,567,davanagere,Total,40-44,125238,64651,60587,45465,17375,28090,79773,47276,32497
29,567,davanagere,Total,45-49,116431,60111,56320,47132,18453,28679,69299,41658,27641
29,567,davanagere,Total,50-54,87809,45808,42001,37804,14743,23061,50005,31065,18940
29,567,davanagere,Total,55-59,68315,34223,34092,29847,10111,19736,38468,24112,14356
29,567,davanagere,Total,60-64,64484,31616,32868,33773,11635,22138,30711,19981,10730
29,567,davanagere,Total,65-69,48306,23616,24690,26761,9290,17471,21545,14326,7219
29,567,davanagere,Total,70-74,32510,15574,16936,19103,6265,12838,13407,9309,4098
29,567,davanagere,Total,75-79,15913,7557,8356,9265,2925,6340,6648,4632,2016
29,567,davanagere,Total,80+,18836,7750,11086,11788,3197,8591,7048,4553,2495
29,567,davanagere,Total,Age not stated,2255,1161,1094,688,286,402,1567,875,692
29,567,davanagere,Rural,All ages,1316487,668267,648220,477664,196579,281085,838823,471688,367135
29,567,davanagere,Rural,0-6,147770,75951,71819,147770,75951,71819,0,0,0
29,567,davanagere,Rural,7,20617,10546,10071,4736,2421,2315,15881,8125,7756
29,567,davanagere,Rural,8,22066,11203,10863,1704,834,870,20362,10369,9993
29,567,davanagere,Rural,9,22588,11548,11040,970,459,511,21618,11089,10529
29,567,davanagere,Rural,10,25357,12893,12464,1113,513,600,24244,12380,11864
29,567,davanagere,Rural,11,23928,12361,11567,695,350,345,23233,12011,11222
29,567,davanagere,Rural,12,24637,12566,12071,716,311,405,23921,12255,11666
29,567,davanagere,Rural,13,24167,12542,11625,730,306,424,23437,12236,11201
29,567,davanagere,Rural,14,25794,13391,12403,883,392,491,24911,12999,11912
29,567,davanagere,Rural,15,25989,13319,12670,1152,468,684,24837,12851,11986
29,567,davanagere,Rural,16,26085,13476,12609,1212,545,667,24873,12931,11942
29,567,davanagere,Rural,17,24139,12432,11707,1124,497,627,23015,11935,11080
29,567,davanagere,Rural,18,31336,16309,15027,2231,951,1280,29105,15358,13747
29,567,davanagere,Rural,19,24734,12405,12329,1881,713,1168,22853,11692,11161
29,567,davanagere,Rural,20-24,127998,66681,61317,14773,5421,9352,113225,61260,51965
29,567,davanagere,Rural,25-29,117915,59685,58230,22546,7680,14866,95369,52005,43364
29,567,davanagere,Rural,30-34,96652,48667,47985,26130,9189,16941,70522,39478,31044
29,567,davanagere,Rural,35-39,101988,50103,51885,37197,12996,24201,64791,37107,27684
29,567,davanagere,Rural,40-44,85424,44130,41294,36402,13815,22587,49022,30315,18707
29,567,davanagere,Rural,45-49,79164,41198,37966,37575,14908,22667,41589,26290,15299
29,567,davanagere,Rural,50-54,59330,30923,28407,30121,11931,18190,29209,18992,10217
29,567,davanagere,Rural,55-59,45938,22818,23120,23772,8217,15555,22166,14601,7565
29,567,davanagere,Rural,60-64,45738,22057,23681,27129,9437,17692,18609,12620,5989
29,567,davanagere,Rural,65-69,35523,17264,18259,21874,7712,14162,13649,9552,4097
29,567,davanagere,Rural,70-74,24244,11595,12649,15619,5220,10399,8625,6375,2250
29,567,davanagere,Rural,75-79,11764,5561,6203,7555,2446,5109,4209,3115,1094
29,567,davanagere,Rural,80+,13926,5788,8138,9492,2668,6824,4434,3120,1314
29,567,davanagere,Rural,Age not stated,1676,855,821,562,228,334,1114,627,487
29,567,davanagere,Urban,All ages,629010,318133,310877,159293,69184,90109,469717,248949,220768
29,567,davanagere,Urban,0-6,69961,35842,34119,69961,35842,34119,0,0,0
29,567,davanagere,Urban,7,10774,5543,5231,1955,1019,936,8819,4524,4295
29,567,davanagere,Urban,8,11005,5599,5406,697,327,370,10308,5272,5036
29,567,davanagere,Urban,9,10616,5499,5117,387,186,201,10229,5313,4916
29,567,davanagere,Urban,10,12696,6629,6067,573,292,281,12123,6337,5786
29,567,davanagere,Urban,11,11659,5899,5760,383,163,220,11276,5736,5540
29,567,davanagere,Urban,12,12143,6174,5969,382,186,196,11761,5988,5773
29,567,davanagere,Urban,13,11501,5831,5670,358,157,201,11143,5674,5469
29,567,davanagere,Urban,14,11909,6196,5713,394,190,204,11515,6006,5509
29,567,davanagere,Urban,15,11705,5985,5720,487,237,250,11218,5748,5470
29,567,davanagere,Urban,16,12486,6494,5992,503,242,261,11983,6252,5731
29,567,davanagere,Urban,17,12255,6389,5866,452,230,222,11803,6159,5644
29,567,davanagere,Urban,18,15300,7964,7336,853,415,438,14447,7549,6898
29,567,davanagere,Urban,19,12927,6527,6400,686,293,393,12241,6234,6007
29,567,davanagere,Urban,20-24,66100,33222,32878,5172,2202,2970,60928,31020,29908
29,567,davanagere,Urban,25-29,60361,29589,30772,7213,2913,4300,53148,26676,26472
29,567,davanagere,Urban,30-34,48821,24424,24397,7350,2905,4445,41471,21519,19952
29,567,davanagere,Urban,35-39,49421,24449,24972,9962,3687,6275,39459,20762,18697
29,567,davanagere,Urban,40-44,39814,20521,19293,9063,3560,5503,30751,16961,13790
29,567,davanagere,Urban,45-49,37267,18913,18354,9557,3545,6012,27710,15368,12342
29,567,davanagere,Urban,50-54,28479,14885,13594,7683,2812,4871,20796,12073,8723
29,567,davanagere,Urban,55-59,22377,11405,10972,6075,1894,4181,16302,9511,6791
29,567,davanagere,Urban,60-64,18746,9559,9187,6644,2198,4446,12102,7361,4741
29,567,davanagere,Urban,65-69,12783,6352,6431,4887,1578,3309,7896,4774,3122
29,567,davanagere,Urban,70-74,8266,3979,4287,3484,1045,2439,4782,2934,1848
29,567,davanagere,Urban,75-79,4149,1996,2153,1710,479,1231,2439,1517,922
29,567,davanagere,Urban,80+,4910,1962,2948,2296,529,1767,2614,1433,1181
29,567,davanagere,Urban,Age not stated,579,306,273,126,58,68,453,248,205
29,568,shimoga,Total,All ages,1752753,877415,875338,489737,202477,287260,1263016,674938,588078
29,568,shimoga,Total,0-6,182751,93221,89530,182751,93221,89530,0,0,0
29,568,shimoga,Total,7,27360,13838,13522,6080,3097,2983,21280,10741,10539
29,568,shimoga,Total,8,28607,14566,14041,1693,907,786,26914,13659,13255
29,568,shimoga,Total,9,28597,14590,14007,873,431,442,27724,14159,13565
29,568,shimoga,Total,10,32859,16719,16140,1115,554,561,31744,16165,15579
29,568,shimoga,Total,11,32265,16431,15834,664,331,333,31601,16100,15501
29,568,shimoga,Total,12,32320,16682,15638,570,286,284,31750,16396,15354
29,568,shimoga,Total,13,32436,16548,15888,536,248,288,31900,16300,15600
29,568,shimoga,Total,14,32573,16794,15779,592,287,305,31981,16507,15474
29,568,shimoga,Total,15,32296,16576,15720,750,334,416,31546,16242,15304
29,568,shimoga,Total,16,32683,16622,16061,715,359,356,31968,16263,15705
29,568,shimoga,Total,17,31175,15858,15317,671,328,343,30504,15530,14974
29,568,shimoga,Total,18,37174,19003,18171,1178,571,607,35996,18432,17564
29,568,shimoga,Total,19,31093,15490,15603,988,446,542,30105,15044,15061
29,568,shimoga,Total,20-24,164792,82133,82659,8970,3638,5332,155822,78495,77327
29,568,shimoga,Total,25-29,154169,75978,78191,15573,5670,9903,138596,70308,68288
29,568,shimoga,Total,30-34,130707,64924,65783,20088,7127,12961,110619,57797,52822
29,568,shimoga,Total,35-39,140421,67520,72901,32778,10906,21872,107643,56614,51029
29,568,shimoga,Total,40-44,123091,61895,61196,35780,12988,22792,87311,48907,38404
29,568,shimoga,Total,45-49,119078,61030,58048,39754,15250,24504,79324,45780,33544
29,568,shimoga,Total,50-54,89754,46730,43024,30584,11603,18981,59170,35127,24043
29,568,shimoga,Total,55-59,70402,36621,33781,24410,8407,16003,45992,28214,17778
29,568,shimoga,Total,60-64,58849,29079,29770,25488,8298,17190,33361,20781,12580
29,568,shimoga,Total,65-69,44556,20484,24072,22430,6898,15532,22126,13586,8540
29,568,shimoga,Total,70-74,29394,13594,15800,16067,4988,11079,13327,8606,4721
29,568,shimoga,Total,75-79,15527,7112,8415,8349,2484,5865,7178,4628,2550
29,568,shimoga,Total,80+,17060,6953,10107,10097,2737,7360,6963,4216,2747
29,568,shimoga,Total,Age not stated,764,424,340,193,83,110,571,341,230
29,568,shimoga,Rural,All ages,1129026,565821,563205,358209,146231,211978,770817,419590,351227
29,568,shimoga,Rural,0-6,119703,61149,58554,119703,61149,58554,0,0,0
29,568,shimoga,Rural,7,17690,8973,8717,4174,2107,2067,13516,6866,6650
29,568,shimoga,Rural,8,18653,9512,9141,1162,617,545,17491,8895,8596
29,568,shimoga,Rural,9,18700,9585,9115,566,287,279,18134,9298,8836
29,568,shimoga,Rural,10,21315,10819,10496,726,348,378,20589,10471,10118
29,568,shimoga,Rural,11,20979,10711,10268,436,211,225,20543,10500,10043
29,568,shimoga,Rural,12,21105,10964,10141,371,189,182,20734,10775,9959
29,568,shimoga,Rural,13,21130,10825,10305,343,166,177,20787,10659,10128
29,568,shimoga,Rural,14,21322,11089,10233,399,196,203,20923,10893,10030
29,568,shimoga,Rural,15,20837,10729,10108,485,214,271,20352,10515,9837
29,568,shimoga,Rural,16,21066,10681,10385,481,220,261,20585,10461,10124
29,568,shimoga,Rural,17,19261,9828,9433,457,211,246,18804,9617,9187
29,568,shimoga,Rural,18,23320,12079,11241,822,383,439,22498,11696,10802
29,568,shimoga,Rural,19,18931,9463,9468,709,316,393,18222,9147,9075
29,568,shimoga,Rural,20-24,103290,51887,51403,6531,2526,4005,96759,49361,47398
29,568,shimoga,Rural,25-29,98062,48486,49576,11800,4139,7661,86262,44347,41915
29,568,shimoga,Rural,30-34,82583,40899,41684,15829,5469,10360,66754,35430,31324
29,568,shimoga,Rural,35-39,90679,43319,47360,26031,8544,17487,64648,34775,29873
29,568,shimoga,Rural,40-44,79877,40239,39638,28568,10363,18205,51309,29876,21433
29,568,shimoga,Rural,45-49,77687,40041,37646,31636,12291,19345,46051,27750,18301
29,568,shimoga,Rural,50-54,57224,30096,27128,23983,9248,14735,33241,20848,12393
29,568,shimoga,Rural,55-59,44169,22814,21355,18925,6670,12255,25244,16144,9100
29,568,shimoga,Rural,60-64,38211,18544,19667,19735,6570,13165,18476,11974,6502
29,568,shimoga,Rural,65-69,30344,13917,16427,17428,5511,11917,12916,8406,4510
29,568,shimoga,Rural,70-74,20096,9210,10886,12489,3962,8527,7607,5248,2359
29,568,shimoga,Rural,75-79,10586,4818,5768,6523,2032,4491,4063,2786,1277
29,568,shimoga,Rural,80+,11645,4829,6816,7739,2228,5511,3906,2601,1305
29,568,shimoga,Rural,Age not stated,561,315,246,158,64,94,403,251,152
29,568,shimoga,Urban,All ages,623727,311594,312133,131528,56246,75282,492199,255348,236851
29,568,shimoga,Urban,0-6,63048,32072,30976,63048,32072,30976,0,0,0
29,568,shimoga,Urban,7,9670,4865,4805,1906,990,916,7764,3875,3889
29,568,shimoga,Urban,8,9954,5054,4900,531,290,241,9423,4764,4659
29,568,shimoga,Urban,9,9897,5005,4892,307,144,163,9590,4861,4729
29,568,shimoga,Urban,10,11544,5900,5644,389,206,183,11155,5694,5461
29,568,shimoga,Urban,11,11286,5720,5566,228,120,108,11058,5600,5458
29,568,shimoga,Urban,12,11215,5718,5497,199,97,102,11016,5621,5395
29,568,shimoga,Urban,13,11306,5723,5583,193,82,111,11113,5641,5472
29,568,shimoga,Urban,14,11251,5705,5546,193,91,102,11058,5614,5444
29,568,shimoga,Urban,15,11459,5847,5612,265,120,145,11194,5727,5467
29,568,shimoga,Urban,16,11617,5941,5676,234,139,95,11383,5802,5581
29,568,shimoga,Urban,17,11914,6030,5884,214,117,97,11700,5913,5787
29,568,shimoga,Urban,18,13854,6924,6930,356,188,168,13498,6736,6762
29,568,shimoga,Urban,19,12162,6027,6135,279,130,149,11883,5897,5986
29,568,shimoga,Urban,20-24,61502,30246,31256,2439,1112,1327,59063,29134,29929
29,568,shimoga,Urban,25-29,56107,27492,28615,3773,1531,2242,52334,25961,26373
29,568,shimoga,Urban,30-34,48124,24025,24099,4259,1658,2601,43865,22367,21498
29,568,shimoga,Urban,35-39,49742,24201,25541,6747,2362,4385,42995,21839,21156
29,568,shimoga,Urban,40-44,43214,21656,21558,7212,2625,4587,36002,19031,16971
29,568,shimoga,Urban,45-49,41391,20989,20402,8118,2959,5159,33273,18030,15243
29,568,shimoga,Urban,50-54,32530,16634,15896,6601,2355,4246,25929,14279,11650
29,568,shimoga,Urban,55-59,26233,13807,12426,5485,1737,3748,20748,12070,8678
29,568,shimoga,Urban,60-64,20638,10535,10103,5753,1728,4025,14885,8807,6078
29,568,shimoga,Urban,65-69,14212,6567,7645,5002,1387,3615,9210,5180,4030
29,568,shimoga,Urban,70-74,9298,4384,4914,3578,1026,2552,5720,3358,2362
29,568,shimoga,Urban,75-79,4941,2294,2647,1826,452,1374,3115,1842,1273
29,568,shimoga,Urban,80+,5415,2124,3291,2358,509,1849,3057,1615,1442
29,568,shimoga,Urban,Age not stated,203,109,94,35,19,16,168,90,78
29,569,udupi,Total,All ages,1177361,562131,615230,250932,96427,154505,926429,465704,460725
29,569,udupi,Total,0-6,103160,52689,50471,103160,52689,50471,0,0,0
29,569,udupi,Total,7,14965,7605,7360,1799,918,881,13166,6687,6479
29,569,udupi,Total,8,14944,7560,7384,429,220,209,14515,7340,7175
29,569,udupi,Total,9,16149,8209,7940,457,218,239,15692,7991,7701
29,569,udupi,Total,10,18633,9501,9132,629,323,306,18004,9178,8826
29,569,udupi,Total,11,18167,9270,8897,375,169,206,17792,9101,8691
29,569,udupi,Total,12,17303,8827,8476,236,100,136,17067,8727,8340
29,569,udupi,Total,13,18398,9317,9081,221,94,127,18177,9223,8954
29,569,udupi,Total,14,18612,9421,9191,268,124,144,18344,9297,9047
29,569,udupi,Total,15,19391,10015,9376,284,132,152,19107,9883,9224
29,569,udupi,Total,16,19252,9792,9460,271,130,141,18981,9662,9319
29,569,udupi,Total,17,19390,9622,9768,261,119,142,19129,9503,9626
29,569,udupi,Total,18,21600,10656,10944,341,148,193,21259,10508,10751
29,569,udupi,Total,19,20686,9999,10687,320,150,170,20366,9849,10517
29,569,udupi,Total,20-24,111819,52110,59709,2394,921,1473,109425,51189,58236
29,569,udupi,Total,25-29,107096,49024,58072,4096,1335,2761,103000,47689,55311
29,569,udupi,Total,30-34,91148,43452,47696,5699,1718,3981,85449,41734,43715
29,569,udupi,Total,35-39,90781,42542,48239,9778,2801,6977,81003,39741,41262
29,569,udupi,Total,40-44,79703,38060,41643,11914,3325,8589,67789,34735,33054
29,569,udupi,Total,45-49,79271,37847,41424,16258,4769,11489,63013,33078,29935
29,569,udupi,Total,50-54,65325,31382,33943,14946,4699,10247,50379,26683,23696
29,569,udupi,Total,55-59,56127,26712,29415,14457,4137,10320,41670,22575,19095
29,569,udupi,Total,60-64,48618,22657,25961,15687,4524,11163,32931,18133,14798
29,569,udupi,Total,65-69,41548,18221,23327,16812,4647,12165,24736,13574,11162
29,569,udupi,Total,70-74,28729,12733,15996,12578,3613,8965,16151,9120,7031
29,569,udupi,Total,75-79,17634,7592,10042,7969,2229,5740,9665,5363,4302
29,569,udupi,Total,80+,18253,6969,11284,9146,2107,7039,9107,4862,4245
29,569,udupi,Total,Age not stated,659,347,312,147,68,79,512,279,233
29,569,udupi,Rural,All ages,843300,398847,444453,198054,74538,123516,645246,324309,320937
29,569,udupi,Rural,0-6,74293,37902,36391,74293,37902,36391,0,0,0
29,569,udupi,Rural,7,10827,5571,5256,1315,689,626,9512,4882,4630
29,569,udupi,Rural,8,10847,5515,5332,301,156,145,10546,5359,5187
29,569,udupi,Rural,9,11639,5914,5725,325,150,175,11314,5764,5550
29,569,udupi,Rural,10,13610,6958,6652,465,248,217,13145,6710,6435
29,569,udupi,Rural,11,13290,6777,6513,286,126,160,13004,6651,6353
29,569,udupi,Rural,12,12626,6422,6204,181,81,100,12445,6341,6104
29,569,udupi,Rural,13,13412,6776,6636,150,58,92,13262,6718,6544
29,569,udupi,Rural,14,13723,6950,6773,181,87,94,13542,6863,6679
29,569,udupi,Rural,15,14305,7402,6903,213,106,107,14092,7296,6796
29,569,udupi,Rural,16,14311,7240,7071,196,91,105,14115,7149,6966
29,569,udupi,Rural,17,14296,7037,7259,180,84,96,14116,6953,7163
29,569,udupi,Rural,18,15824,7759,8065,225,96,129,15599,7663,7936
29,569,udupi,Rural,19,15155,7257,7898,212,97,115,14943,7160,7783
29,569,udupi,Rural,20-24,81708,37291,44417,1712,660,1052,79996,36631,43365
29,569,udupi,Rural,25-29,77134,34975,42159,3172,991,2181,73962,33984,39978
29,569,udupi,Rural,30-34,63816,30277,33539,4630,1324,3306,59186,28953,30233
29,569,udupi,Rural,35-39,63086,29055,34031,8237,2234,6003,54849,26821,28028
29,569,udupi,Rural,40-44,55469,25927,29542,10197,2764,7433,45272,23163,22109
29,569,udupi,Rural,45-49,55769,26067,29702,14079,4069,10010,41690,21998,19692
29,569,udupi,Rural,50-54,45979,21731,24248,12887,4038,8849,33092,17693,15399
29,569,udupi,Rural,55-59,39752,18699,21053,12383,3584,8799,27369,15115,12254
29,569,udupi,Rural,60-64,34535,15968,18567,13265,3907,9358,21270,12061,9209
29,569,udupi,Rural,65-69,30339,13236,17103,14172,4025,10147,16167,9211,6956
29,569,udupi,Rural,70-74,20961,9294,11667,10498,3137,7361,10463,6157,4306
29,569,udupi,Rural,75-79,12798,5533,7265,6592,1939,4653,6206,3594,2612
29,569,udupi,Rural,80+,13399,5105,8294,7596,1842,5754,5803,3263,2540
29,569,udupi,Rural,Age not stated,397,209,188,111,53,58,286,156,130
29,569,udupi,Urban,All ages,334061,163284,170777,52878,21889,30989,281183,141395,139788
29,569,udupi,Urban,0-6,28867,14787,14080,28867,14787,14080,0,0,0
29,569,udupi,Urban,7,4138,2034,2104,484,229,255,3654,1805,1849
29,569,udupi,Urban,8,4097,2045,2052,128,64,64,3969,1981,1988
29,569,udupi,Urban,9,4510,2295,2215,132,68,64,4378,2227,2151
29,569,udupi,Urban,10,5023,2543,2480,164,75,89,4859,2468,2391
29,569,udupi,Urban,11,4877,2493,2384,89,43,46,4788,2450,2338
29,569,udupi,Urban,12,4677,2405,2272,55,19,36,4622,2386,2236
29,569,udupi,Urban,13,4986,2541,2445,71,36,35,4915,2505,2410
29,569,udupi,Urban,14,4889,2471,2418,87,37,50,4802,2434,2368
29,569,udupi,Urban,15,5086,2613,2473,71,26,45,5015,2587,2428
29,569,udupi,Urban,16,4941,2552,2389,75,39,36,4866,2513,2353
29,569,udupi,Urban,17,5094,2585,2509,81,35,46,5013,2550,2463
29,569,udupi,Urban,18,5776,2897,2879,116,52,64,5660,2845,2815
29,569,udupi,Urban,19,5531,2742,2789,108,53,55,5423,2689,2734
29,569,udupi,Urban,20-24,30111,14819,15292,682,261,421,29429,14558,14871
29,569,udupi,Urban,25-29,29962,14049,15913,924,344,580,29038,13705,15333
29,569,udupi,Urban,30-34,27332,13175,14157,1069,394,675,26263,12781,13482
29,569,udupi,Urban,35-39,27695,13487,14208,1541,567,974,26154,12920,13234
29,569,udupi,Urban,40-44,24234,12133,12101,1717,561,1156,22517,11572,10945
29,569,udupi,Urban,45-49,23502,11780,11722,2179,700,1479,21323,11080,10243
29,569,udupi,Urban,50-54,19346,9651,9695,2059,661,1398,17287,8990,8297
29,569,udupi,Urban,55-59,16375,8013,8362,2074,553,1521,14301,7460,6841
29,569,udupi,Urban,60-64,14083,6689,7394,2422,617,1805,11661,6072,5589
29,569,udupi,Urban,65-69,11209,4985,6224,2640,622,2018,8569,4363,4206
29,569,udupi,Urban,70-74,7768,3439,4329,2080,476,1604,5688,2963,2725
29,569,udupi,Urban,75-79,4836,2059,2777,1377,290,1087,3459,1769,1690
29,569,udupi,Urban,80+,4854,1864,2990,1550,265,1285,3304,1599,1705
29,569,udupi,Urban,Age not stated,262,138,124,36,15,21,226,123,103
29,570,chikmagalur,Total,All ages,1137961,566622,571339,319616,128365,191251,818345,438257,380088
29,570,chikmagalur,Total,0-6,105328,53493,51835,105328,53493,51835,0,0,0
29,570,chikmagalur,Total,7,16142,8206,7936,3228,1630,1598,12914,6576,6338
29,570,chikmagalur,Total,8,16377,8430,7947,895,459,436,15482,7971,7511
29,570,chikmagalur,Total,9,17317,8853,8464,646,304,342,16671,8549,8122
29,570,chikmagalur,Total,10,20336,10366,9970,872,425,447,19464,9941,9523
29,570,chikmagalur,Total,11,20789,10546,10243,489,218,271,20300,10328,9972
29,570,chikmagalur,Total,12,20981,10639,10342,395,172,223,20586,10467,10119
29,570,chikmagalur,Total,13,20820,10615,10205,337,131,206,20483,10484,9999
29,570,chikmagalur,Total,14,20574,10542,10032,384,170,214,20190,10372,9818
29,570,chikmagalur,Total,15,20555,10533,10022,470,188,282,20085,10345,9740
29,570,chikmagalur,Total,16,19802,9955,9847,497,202,295,19305,9753,9552
29,570,chikmagalur,Total,17,19264,9654,9610,471,198,273,18793,9456,9337
29,570,chikmagalur,Total,18,22311,11322,10989,756,311,445,21555,11011,10544
29,570,chikmagalur,Total,19,19760,9751,10009,747,281,466,19013,9470,9543
29,570,chikmagalur,Total,20-24,103307,50396,52911,6047,2060,3987,97260,48336,48924
29,570,chikmagalur,Total,25-29,101331,49378,51953,10563,3536,7027,90768,45842,44926
29,570,chikmagalur,Total,30-34,85219,41871,43348,13064,4251,8813,72155,37620,34535
29,570,chikmagalur,Total,35-39,94678,44943,49735,21832,6930,14902,72846,38013,34833
29,570,chikmagalur,Total,40-44,80727,40784,39943,22698,8079,14619,58029,32705,25324
29,570,chikmagalur,Total,45-49,80756,41154,39602,27153,10095,17058,53603,31059,22544
29,570,chikmagalur,Total,50-54,60644,32092,28552,21255,8342,12913,39389,23750,15639
29,570,chikmagalur,Total,55-59,47974,24713,23261,17729,6185,11544,30245,18528,11717
29,570,chikmagalur,Total,60-64,40595,20030,20565,18532,6210,12322,22063,13820,8243
29,570,chikmagalur,Total,65-69,33054,15135,17919,17263,5411,11852,15791,9724,6067
29,570,chikmagalur,Total,70-74,22603,10833,11770,12699,4249,8450,9904,6584,3320
29,570,chikmagalur,Total,75-79,12267,5895,6372,6792,2244,4548,5475,3651,1824
29,570,chikmagalur,Total,80+,13727,6098,7629,8310,2526,5784,5417,3572,1845
29,570,chikmagalur,Total,Age not stated,723,395,328,164,65,99,559,330,229
29,570,chikmagalur,Rural,All ages,898453,447545,450908,270370,107359,163011,628083,340186,287897
29,570,chikmagalur,Rural,0-6,82205,41714,40491,82205,41714,40491,0,0,0
29,570,chikmagalur,Rural,7,12481,6306,6175,2668,1322,1346,9813,4984,4829
29,570,chikmagalur,Rural,8,12693,6532,6161,751,379,372,11942,6153,5789
29,570,chikmagalur,Rural,9,13582,6947,6635,537,259,278,13045,6688,6357
29,570,chikmagalur,Rural,10,15841,8083,7758,712,348,364,15129,7735,7394
29,570,chikmagalur,Rural,11,16280,8306,7974,404,185,219,15876,8121,7755
29,570,chikmagalur,Rural,12,16374,8319,8055,314,127,187,16060,8192,7868
29,570,chikmagalur,Rural,13,16087,8291,7796,259,107,152,15828,8184,7644
29,570,chikmagalur,Rural,14,16158,8392,7766,321,137,184,15837,8255,7582
29,570,chikmagalur,Rural,15,15982,8219,7763,370,145,225,15612,8074,7538
29,570,chikmagalur,Rural,16,15298,7747,7551,407,158,249,14891,7589,7302
29,570,chikmagalur,Rural,17,14632,7422,7210,388,163,225,14244,7259,6985
29,570,chikmagalur,Rural,18,17125,8817,8308,651,260,391,16474,8557,7917
29,570,chikmagalur,Rural,19,15019,7508,7511,638,237,401,14381,7271,7110
29,570,chikmagalur,Rural,20-24,79749,39192,40557,5142,1687,3455,74607,37505,37102
29,570,chikmagalur,Rural,25-29,79025,38751,40274,8976,2903,6073,70049,35848,34201
29,570,chikmagalur,Rural,30-34,66392,32631,33761,11411,3596,7815,54981,29035,25946
29,570,chikmagalur,Rural,35-39,74432,35120,39312,19094,5988,13106,55338,29132,26206
29,570,chikmagalur,Rural,40-44,64161,32245,31916,20070,7128,12942,44091,25117,18974
29,570,chikmagalur,Rural,45-49,64673,32845,31828,23806,8899,14907,40867,23946,16921
29,570,chikmagalur,Rural,50-54,48562,25591,22971,18869,7413,11456,29693,18178,11515
29,570,chikmagalur,Rural,55-59,38760,19688,19072,15757,5512,10245,23003,14176,8827
29,570,chikmagalur,Rural,60-64,33458,16437,17021,16429,5564,10865,17029,10873,6156
29,570,chikmagalur,Rural,65-69,27766,12717,15049,15328,4894,10434,12438,7823,4615
29,570,chikmagalur,Rural,70-74,19160,9200,9960,11303,3818,7485,7857,5382,2475
29,570,chikmagalur,Rural,75-79,10290,4997,5293,6022,2057,3965,4268,2940,1328
29,570,chikmagalur,Rural,80+,11679,5202,6477,7398,2298,5100,4281,2904,1377
29,570,chikmagalur,Rural,Age not stated,589,326,263,140,61,79,449,265,184
29,570,chikmagalur,Urban,All ages,239508,119077,120431,49246,21006,28240,190262,98071,92191
29,570,chikmagalur,Urban,0-6,23123,11779,11344,23123,11779,11344,0,0,0
29,570,chikmagalur,Urban,7,3661,1900,1761,560,308,252,3101,1592,1509
29,570,chikmagalur,Urban,8,3684,1898,1786,144,80,64,3540,1818,1722
29,570,chikmagalur,Urban,9,3735,1906,1829,109,45,64,3626,1861,1765
29,570,chikmagalur,Urban,10,4495,2283,2212,160,77,83,4335,2206,2129
29,570,chikmagalur,Urban,11,4509,2240,2269,85,33,52,4424,2207,2217
29,570,chikmagalur,Urban,12,4607,2320,2287,81,45,36,4526,2275,2251
29,570,chikmagalur,Urban,13,4733,2324,2409,78,24,54,4655,2300,2355
29,570,chikmagalur,Urban,14,4416,2150,2266,63,33,30,4353,2117,2236
29,570,chikmagalur,Urban,15,4573,2314,2259,100,43,57,4473,2271,2202
29,570,chikmagalur,Urban,16,4504,2208,2296,90,44,46,4414,2164,2250
29,570,chikmagalur,Urban,17,4632,2232,2400,83,35,48,4549,2197,2352
29,570,chikmagalur,Urban,18,5186,2505,2681,105,51,54,5081,2454,2627
29,570,chikmagalur,Urban,19,4741,2243,2498,109,44,65,4632,2199,2433
29,570,chikmagalur,Urban,20-24,23558,11204,12354,905,373,532,22653,10831,11822
29,570,chikmagalur,Urban,25-29,22306,10627,11679,1587,633,954,20719,9994,10725
29,570,chikmagalur,Urban,30-34,18827,9240,9587,1653,655,998,17174,8585,8589
29,570,chikmagalur,Urban,35-39,20246,9823,10423,2738,942,1796,17508,8881,8627
29,570,chikmagalur,Urban,40-44,16566,8539,8027,2628,951,1677,13938,7588,6350
29,570,chikmagalur,Urban,45-49,16083,8309,7774,3347,1196,2151,12736,7113,5623
29,570,chikmagalur,Urban,50-54,12082,6501,5581,2386,929,1457,9696,5572,4124
29,570,chikmagalur,Urban,55-59,9214,5025,4189,1972,673,1299,7242,4352,2890
29,570,chikmagalur,Urban,60-64,7137,3593,3544,2103,646,1457,5034,2947,2087
29,570,chikmagalur,Urban,65-69,5288,2418,2870,1935,517,1418,3353,1901,1452
29,570,chikmagalur,Urban,70-74,3443,1633,1810,1396,431,965,2047,1202,845
29,570,chikmagalur,Urban,75-79,1977,898,1079,770,187,583,1207,711,496
29,570,chikmagalur,Urban,80+,2048,896,1152,912,228,684,1136,668,468
29,570,chikmagalur,Urban,Age not stated,134,69,65,24,4,20,110,65,45
29,571,tumkur,Total,All ages,2678980,1350594,1328386,865589,344570,521019,1813391,1006024,807367
29,571,tumkur,Total,0-6,265742,135671,130071,265742,135671,130071,0,0,0
29,571,tumkur,Total,7,39404,20155,19249,7770,3966,3804,31634,16189,15445
29,571,tumkur,Total,8,39855,20391,19464,2210,1083,1127,37645,19308,18337
29,571,tumkur,Total,9,40967,21046,19921,1252,602,650,39715,20444,19271
29,571,tumkur,Total,10,47567,24499,23068,1497,701,796,46070,23798,22272
29,571,tumkur,Total,11,47362,24571,22791,903,431,472,46459,24140,22319
29,571,tumkur,Total,12,47737,24869,22868,859,399,460,46878,24470,22408
29,571,tumkur,Total,13,47477,25037,22440,867,364,503,46610,24673,21937
29,571,tumkur,Total,14,48116,25799,22317,890,403,487,47226,25396,21830
29,571,tumkur,Total,15,49992,26665,23327,1183,525,658,48809,26140,22669
29,571,tumkur,Total,16,47864,25091,22773,1108,485,623,46756,24606,22150
29,571,tumkur,Total,17,46362,24430,21932,1037,487,550,45325,23943,21382
29,571,tumkur,Total,18,56271,29631,26640,1844,785,1059,54427,28846,25581
29,571,tumkur,Total,19,47154,24053,23101,1651,621,1030,45503,23432,22071
29,571,tumkur,Total,20-24,246216,126235,119981,14334,5067,9267,231882,121168,110714
29,571,tumkur,Total,25-29,233375,116242,117133,25877,8294,17583,207498,107948,99550
29,571,tumkur,Total,30-34,195529,96875,98654,34646,11103,23543,160883,85772,75111
29,571,tumkur,Total,35-39,208238,99691,108547,54563,16342,38221,153675,83349,70326
29,571,tumkur,Total,40-44,181613,90890,90723,62304,20708,41596,119309,70182,49127
29,571,tumkur,Total,45-49,175556,89004,86552,71385,25441,45944,104171,63563,40608
29,571,tumkur,Total,50-54,137410,69548,67862,63947,23174,40773,73463,46374,27089
29,571,tumkur,Total,55-59,108338,53745,54593,52720,17645,35075,55618,36100,19518
29,571,tumkur,Total,60-64,109114,53214,55900,62929,22119,40810,46185,31095,15090
29,571,tumkur,Total,65-69,84827,41234,43593,51718,18396,33322,33109,22838,10271
29,571,tumkur,Total,70-74,61932,30856,31076,40405,15160,25245,21527,15696,5831
29,571,tumkur,Total,75-79,29205,14710,14495,18662,6909,11753,10543,7801,2742
29,571,tumkur,Total,80+,33370,14990,18380,22714,7457,15257,10656,7533,3123
29,571,tumkur,Total,Age not stated,2387,1452,935,572,232,340,1815,1220,595
29,571,tumkur,Rural,All ages,2079902,1048710,1031192,735464,288388,447076,1344438,760322,584116
29,571,tumkur,Rural,0-6,203685,103989,99696,203685,103989,99696,0,0,0
29,571,tumkur,Rural,7,29832,15313,14519,6154,3140,3014,23678,12173,11505
29,571,tumkur,Rural,8,30231,15451,14780,1749,865,884,28482,14586,13896
29,571,tumkur,Rural,9,31341,16072,15269,1003,487,516,30338,15585,14753
29,571,tumkur,Rural,10,36341,18707,17634,1188,538,650,35153,18169,16984
29,571,tumkur,Rural,11,36448,18998,17450,714,318,396,35734,18680,17054
29,571,tumkur,Rural,12,36709,19267,17442,706,324,382,36003,18943,17060
29,571,tumkur,Rural,13,36658,19424,17234,689,289,400,35969,19135,16834
29,571,tumkur,Rural,14,37168,20076,17092,701,299,402,36467,19777,16690
29,571,tumkur,Rural,15,39052,21066,17986,956,407,549,38096,20659,17437
29,571,tumkur,Rural,16,36691,19324,17367,869,352,517,35822,18972,16850
29,571,tumkur,Rural,17,34980,18594,16386,813,359,454,34167,18235,15932
29,571,tumkur,Rural,18,42597,22720,19877,1426,578,848,41171,22142,19029
29,571,tumkur,Rural,19,35056,17821,17235,1314,456,858,33742,17365,16377
29,571,tumkur,Rural,20-24,185233,95974,89259,11547,3862,7685,173686,92112,81574
29,571,tumkur,Rural,25-29,177969,89845,88124,21609,6535,15074,156360,83310,73050
29,571,tumkur,Rural,30-34,147661,73536,74125,29753,9170,20583,117908,64366,53542
29,571,tumkur,Rural,35-39,159057,75669,83388,47740,13896,33844,111317,61773,49544
29,571,tumkur,Rural,40-44,140025,69755,70270,55356,18140,37216,84669,51615,33054
29,571,tumkur,Rural,45-49,137077,69034,68043,63738,22758,40980,73339,46276,27063
29,571,tumkur,Rural,50-54,108477,54067,54410,57406,20826,36580,51071,33241,17830
29,571,tumkur,Rural,55-59,86784,42202,44582,47568,16054,31514,39216,26148,13068
29,571,tumkur,Rural,60-64,90957,44041,46916,57085,20270,36815,33872,23771,10101
29,571,tumkur,Rural,65-69,72042,35075,36967,47015,16965,30050,25027,18110,6917
29,571,tumkur,Rural,70-74,53204,26522,26682,36916,14057,22859,16288,12465,3823
29,571,tumkur,Rural,75-79,24804,12558,12246,16927,6404,10523,7877,6154,1723
29,571,tumkur,Rural,80+,28118,12693,15425,20347,6852,13495,7771,5841,1930
29,571,tumkur,Rural,Age not stated,1705,917,788,490,198,292,1215,719,496
29,571,tumkur,Urban,All ages,599078,301884,297194,130125,56182,73943,468953,245702,223251
29,571,tumkur,Urban,0-6,62057,31682,30375,62057,31682,30375,0,0,0
29,571,tumkur,Urban,7,9572,4842,4730,1616,826,790,7956,4016,3940
29,571,tumkur,Urban,8,9624,4940,4684,461,218,243,9163,4722,4441
29,571,tumkur,Urban,9,9626,4974,4652,249,115,134,9377,4859,4518
29,571,tumkur,Urban,10,11226,5792,5434,309,163,146,10917,5629,5288
29,571,tumkur,Urban,11,10914,5573,5341,189,113,76,10725,5460,5265
29,571,tumkur,Urban,12,11028,5602,5426,153,75,78,10875,5527,5348
29,571,tumkur,Urban,13,10819,5613,5206,178,75,103,10641,5538,5103
29,571,tumkur,Urban,14,10948,5723,5225,189,104,85,10759,5619,5140
29,571,tumkur,Urban,15,10940,5599,5341,227,118,109,10713,5481,5232
29,571,tumkur,Urban,16,11173,5767,5406,239,133,106,10934,5634,5300
29,571,tumkur,Urban,17,11382,5836,5546,224,128,96,11158,5708,5450
29,571,tumkur,Urban,18,13674,6911,6763,418,207,211,13256,6704,6552
29,571,tumkur,Urban,19,12098,6232,5866,337,165,172,11761,6067,5694
29,571,tumkur,Urban,20-24,60983,30261,30722,2787,1205,1582,58196,29056,29140
29,571,tumkur,Urban,25-29,55406,26397,29009,4268,1759,2509,51138,24638,26500
29,571,tumkur,Urban,30-34,47868,23339,24529,4893,1933,2960,42975,21406,21569
29,571,tumkur,Urban,35-39,49181,24022,25159,6823,2446,4377,42358,21576,20782
29,571,tumkur,Urban,40-44,41588,21135,20453,6948,2568,4380,34640,18567,16073
29,571,tumkur,Urban,45-49,38479,19970,18509,7647,2683,4964,30832,17287,13545
29,571,tumkur,Urban,50-54,28933,15481,13452,6541,2348,4193,22392,13133,9259
29,571,tumkur,Urban,55-59,21554,11543,10011,5152,1591,3561,16402,9952,6450
29,571,tumkur,Urban,60-64,18157,9173,8984,5844,1849,3995,12313,7324,4989
29,571,tumkur,Urban,65-69,12785,6159,6626,4703,1431,3272,8082,4728,3354
29,571,tumkur,Urban,70-74,8728,4334,4394,3489,1103,2386,5239,3231,2008
29,571,tumkur,Urban,75-79,4401,2152,2249,1735,505,1230,2666,1647,1019
29,571,tumkur,Urban,80+,5252,2297,2955,2367,605,1762,2885,1692,1193
29,571,tumkur,Urban,Age not stated,682,535,147,82,34,48,600,501,99
29,572,bangalore,Total,All ages,9621551,5022661,4598890,2109275,944620,1164655,7512276,4078041,3434235
29,572,bangalore,Total,0-6,1052837,541656,511181,1052837,541656,511181,0,0,0
29,572,bangalore,Total,7,146536,75358,71178,24790,12568,12222,121746,62790,58956
29,572,bangalore,Total,8,140878,72125,68753,9794,4798,4996,131084,67327,63757
29,572,bangalore,Total,9,138036,70772,67264,6910,3293,3617,131126,67479,63647
29,572,bangalore,Total,10,162392,84079,78313,10036,4970,5066,152356,79109,73247
29,572,bangalore,Total,11,148952,76670,72282,5672,2687,2985,143280,73983,69297
29,572,bangalore,Total,12,142767,73279,69488,4524,2114,2410,138243,71165,67078
29,572,bangalore,Total,13,137942,70881,67061,3904,1785,2119,134038,69096,64942
29,572,bangalore,Total,14,136583,70513,66070,4271,2046,2225,132312,68467,63845
29,572,bangalore,Total,15,137473,71460,66013,5097,2470,2627,132376,68990,63386
29,572,bangalore,Total,16,135385,69919,65466,4962,2490,2472,130423,67429,62994
29,572,bangalore,Total,17,141146,72157,68989,5346,2615,2731,135800,69542,66258
29,572,bangalore,Total,18,180634,93080,87554,8815,4193,4622,171819,88887,82932
29,572,bangalore,Total,19,180361,92786,87575,8851,3838,5013,171510,88948,82562
29,572,bangalore,Total,20-24,1094930,567855,527075,64403,27091,37312,1030527,540764,489763
29,572,bangalore,Total,25-29,1198814,615684,583130,94176,36754,57422,1104638,578930,525708
29,572,bangalore,Total,30-34,955234,517351,437883,94331,36964,57367,860903,480387,380516
29,572,bangalore,Total,35-39,830430,443995,386435,123625,45402,78223,706805,398593,308212
29,572,bangalore,Total,40-44,602926,330829,272097,105291,41807,63484,497635,289022,208613
29,572,bangalore,Total,45-49,520985,276096,244889,109056,41757,67299,411929,234339,177590
29,572,bangalore,Total,50-54,389571,203992,185579,82924,31157,51767,306647,172835,133812
29,572,bangalore,Total,55-59,312046,159445,152601,65849,22238,43611,246197,137207,108990
29,572,bangalore,Total,60-64,271092,138563,132529,71111,23586,47525,199981,114977,85004
29,572,bangalore,Total,65-69,178762,90586,88176,51989,16661,35328,126773,73925,52848
29,572,bangalore,Total,70-74,119786,61997,57789,38308,13093,25215,81478,48904,32574
29,572,bangalore,Total,75-79,66172,33720,32452,20295,6644,13651,45877,27076,18801
29,572,bangalore,Total,80+,86766,40998,45768,29620,8816,20804,57146,32182,24964
29,572,bangalore,Total,Age not stated,12115,6815,5300,2488,1127,1361,9627,5688,3939
29,572,bangalore,Rural,All ages,871607,464256,407351,268748,115430,153318,602859,348826,254033
29,572,bangalore,Rural,0-6,100793,51616,49177,100793,51616,49177,0,0,0
29,572,bangalore,Rural,7,13529,6988,6541,2891,1479,1412,10638,5509,5129
29,572,bangalore,Rural,8,13328,6825,6503,1090,535,555,12238,6290,5948
29,572,bangalore,Rural,9,12870,6543,6327,706,315,391,12164,6228,5936
29,572,bangalore,Rural,10,15182,7833,7349,862,383,479,14320,7450,6870
29,572,bangalore,Rural,11,14343,7389,6954,498,233,265,13845,7156,6689
29,572,bangalore,Rural,12,14238,7340,6898,437,189,248,13801,7151,6650
29,572,bangalore,Rural,13,13611,7149,6462,381,155,226,13230,6994,6236
29,572,bangalore,Rural,14,13482,7053,6429,442,190,252,13040,6863,6177
29,572,bangalore,Rural,15,13447,7087,6360,593,282,311,12854,6805,6049
29,572,bangalore,Rural,16,13184,6984,6200,505,221,284,12679,6763,5916
29,572,bangalore,Rural,17,13710,7212,6498,532,240,292,13178,6972,6206
29,572,bangalore,Rural,18,19084,10150,8934,1036,480,556,18048,9670,8378
29,572,bangalore,Rural,19,18683,9808,8875,990,385,605,17693,9423,8270
29,572,bangalore,Rural,20-24,112879,62330,50549,8086,3269,4817,104793,59061,45732
29,572,bangalore,Rural,25-29,106661,57690,48971,12916,4710,8206,93745,52980,40765
29,572,bangalore,Rural,30-34,76798,42482,34316,13634,4920,8714,63164,37562,25602
29,572,bangalore,Rural,35-39,71670,38319,33351,19433,6583,12850,52237,31736,20501
29,572,bangalore,Rural,40-44,50186,28361,21825,17231,6718,10513,32955,21643,11312
29,572,bangalore,Rural,45-49,44125,24085,20040,18289,7176,11113,25836,16909,8927
29,572,bangalore,Rural,50-54,30126,16100,14026,14333,5545,8788,15793,10555,5238
29,572,bangalore,Rural,55-59,22995,11516,11479,11610,4036,7574,11385,7480,3905
29,572,bangalore,Rural,60-64,22410,11044,11366,13308,4867,8441,9102,6177,2925
29,572,bangalore,Rural,65-69,16560,8135,8425,10264,3767,6497,6296,4368,1928
29,572,bangalore,Rural,70-74,11819,6126,5693,7883,3222,4661,3936,2904,1032
29,572,bangalore,Rural,75-79,6146,3241,2905,3999,1637,2362,2147,1604,543
29,572,bangalore,Rural,80+,8858,4348,4510,5771,2174,3597,3087,2174,913
29,572,bangalore,Rural,Age not stated,890,502,388,235,103,132,655,399,256
29,572,bangalore,Urban,All ages,8749944,4558405,4191539,1840527,829190,1011337,6909417,3729215,3180202
29,572,bangalore,Urban,0-6,952044,490040,462004,952044,490040,462004,0,0,0
29,572,bangalore,Urban,7,133007,68370,64637,21899,11089,10810,111108,57281,53827
29,572,bangalore,Urban,8,127550,65300,62250,8704,4263,4441,118846,61037,57809
29,572,bangalore,Urban,9,125166,64229,60937,6204,2978,3226,118962,61251,57711
29,572,bangalore,Urban,10,147210,76246,70964,9174,4587,4587,138036,71659,66377
29,572,bangalore,Urban,11,134609,69281,65328,5174,2454,2720,129435,66827,62608
29,572,bangalore,Urban,12,128529,65939,62590,4087,1925,2162,124442,64014,60428
29,572,bangalore,Urban,13,124331,63732,60599,3523,1630,1893,120808,62102,58706
29,572,bangalore,Urban,14,123101,63460,59641,3829,1856,1973,119272,61604,57668
29,572,bangalore,Urban,15,124026,64373,59653,4504,2188,2316,119522,62185,57337
29,572,bangalore,Urban,16,122201,62935,59266,4457,2269,2188,117744,60666,57078
29,572,bangalore,Urban,17,127436,64945,62491,4814,2375,2439,122622,62570,60052
29,572,bangalore,Urban,18,161550,82930,78620,7779,3713,4066,153771,79217,74554
29,572,bangalore,Urban,19,161678,82978,78700,7861,3453,4408,153817,79525,74292
29,572,bangalore,Urban,20-24,982051,505525,476526,56317,23822,32495,925734,481703,444031
29,572,bangalore,Urban,25-29,1092153,557994,534159,81260,32044,49216,1010893,525950,484943
29,572,bangalore,Urban,30-34,878436,474869,403567,80697,32044,48653,797739,442825,354914
29,572,bangalore,Urban,35-39,758760,405676,353084,104192,38819,65373,654568,366857,287711
29,572,bangalore,Urban,40-44,552740,302468,250272,88060,35089,52971,464680,267379,197301
29,572,bangalore,Urban,45-49,476860,252011,224849,90767,34581,56186,386093,217430,168663
29,572,bangalore,Urban,50-54,359445,187892,171553,68591,25612,42979,290854,162280,128574
29,572,bangalore,Urban,55-59,289051,147929,141122,54239,18202,36037,234812,129727,105085
29,572,bangalore,Urban,60-64,248682,127519,121163,57803,18719,39084,190879,108800,82079
29,572,bangalore,Urban,65-69,162202,82451,79751,41725,12894,28831,120477,69557,50920
29,572,bangalore,Urban,70-74,107967,55871,52096,30425,9871,20554,77542,46000,31542
29,572,bangalore,Urban,75-79,60026,30479,29547,16296,5007,11289,43730,25472,18258
29,572,bangalore,Urban,80+,77908,36650,41258,23849,6642,17207,54059,30008,24051
29,572,bangalore,Urban,Age not stated,11225,6313,4912,2253,1024,1229,8972,5289,3683
29,573,mandya,Total,All ages,1805769,905085,900684,656120,266417,389703,1149649,638668,510981
29,573,mandya,Total,0-6,172685,89063,83622,172685,89063,83622,0,0,0
29,573,mandya,Total,7,26117,13452,12665,4293,2218,2075,21824,11234,10590
29,573,mandya,Total,8,26491,13732,12759,1455,750,705,25036,12982,12054
29,573,mandya,Total,9,26714,13672,13042,857,425,432,25857,13247,12610
29,573,mandya,Total,10,31010,16152,14858,1040,489,551,29970,15663,14307
29,573,mandya,Total,11,29634,15314,14320,614,294,320,29020,15020,14000
29,573,mandya,Total,12,31367,16256,15111,615,266,349,30752,15990,14762
29,573,mandya,Total,13,30421,15948,14473,555,255,300,29866,15693,14173
29,573,mandya,Total,14,30882,16195,14687,627,264,363,30255,15931,14324
29,573,mandya,Total,15,31417,16618,14799,842,405,437,30575,16213,14362
29,573,mandya,Total,16,30456,15834,14622,707,335,372,29749,15499,14250
29,573,mandya,Total,17,30580,15878,14702,721,329,392,29859,15549,14310
29,573,mandya,Total,18,38265,19988,18277,1375,634,741,36890,19354,17536
29,573,mandya,Total,19,31408,15770,15638,1269,497,772,30139,15273,14866
29,573,mandya,Total,20-24,170210,87021,83189,10951,4285,6666,159259,82736,76523
29,573,mandya,Total,25-29,164650,82513,82137,21522,7447,14075,143128,75066,68062
29,573,mandya,Total,30-34,136630,67390,69240,30187,10126,20061,106443,57264,49179
29,573,mandya,Total,35-39,148252,70308,77944,51004,16656,34348,97248,53652,43596
29,573,mandya,Total,40-44,123731,62852,60879,53285,19896,33389,70446,42956,27490
29,573,mandya,Total,45-49,118623,60797,57826,58635,22886,35749,59988,37911,22077
29,573,mandya,Total,50-54,91849,46486,45363,50967,19594,31373,40882,26892,13990
29,573,mandya,Total,55-59,68882,33836,35046,39296,13945,25351,29586,19891,9695
29,573,mandya,Total,60-64,72497,33792,38705,48696,17385,31311,23801,16407,7394
29,573,mandya,Total,65-69,55549,26427,29122,38615,14368,24247,16934,12059,4875
29,573,mandya,Total,70-74,42504,20008,22496,31853,12045,19808,10651,7963,2688
29,573,mandya,Total,75-79,19419,9226,10193,14176,5320,8856,5243,3906,1337
29,573,mandya,Total,80+,24400,9985,14415,18901,6081,12820,5499,3904,1595
29,573,mandya,Total,Age not stated,1126,572,554,377,159,218,749,413,336
29,573,mandya,Rural,All ages,1497407,751243,746164,578118,233339,344779,919289,517904,401385
29,573,mandya,Rural,0-6,141058,72792,68266,141058,72792,68266,0,0,0
29,573,mandya,Rural,7,21311,10975,10336,3507,1805,1702,17804,9170,8634
29,573,mandya,Rural,8,21604,11212,10392,1243,637,606,20361,10575,9786
29,573,mandya,Rural,9,21788,11150,10638,717,353,364,21071,10797,10274
29,573,mandya,Rural,10,25298,13213,12085,871,407,464,24427,12806,11621
29,573,mandya,Rural,11,24191,12662,11529,516,244,272,23675,12418,11257
29,573,mandya,Rural,12,25695,13428,12267,516,216,300,25179,13212,11967
29,573,mandya,Rural,13,24997,13206,11791,467,208,259,24530,12998,11532
29,573,mandya,Rural,14,25558,13463,12095,526,216,310,25032,13247,11785
29,573,mandya,Rural,15,25931,13789,12142,711,331,380,25220,13458,11762
29,573,mandya,Rural,16,25131,13158,11973,572,255,317,24559,12903,11656
29,573,mandya,Rural,17,25311,13252,12059,599,271,328,24712,12981,11731
29,573,mandya,Rural,18,31470,16593,14877,1110,499,611,30360,16094,14266
29,573,mandya,Rural,19,25928,13186,12742,1063,415,648,24865,12771,12094
29,573,mandya,Rural,20-24,139712,72380,67332,9223,3533,5690,130489,68847,61642
29,573,mandya,Rural,25-29,134318,67935,66383,18759,6293,12466,115559,61642,53917
29,573,mandya,Rural,30-34,110720,54728,55992,26866,8844,18022,83854,45884,37970
29,573,mandya,Rural,35-39,121700,57316,64384,45809,14806,31003,75891,42510,33381
29,573,mandya,Rural,40-44,102607,51856,50751,48452,18043,30409,54155,33813,20342
29,573,mandya,Rural,45-49,98839,50624,48215,53139,20916,32223,45700,29708,15992
29,573,mandya,Rural,50-54,77012,38765,38247,46305,17926,28379,30707,20839,9868
29,573,mandya,Rural,55-59,57521,27703,29818,35804,12747,23057,21717,14956,6761
29,573,mandya,Rural,60-64,62986,29152,33834,44693,16178,28515,18293,12974,5319
29,573,mandya,Rural,65-69,48811,23273,25538,35393,13354,22039,13418,9919,3499
29,573,mandya,Rural,70-74,38015,17863,20152,29466,11263,18203,8549,6600,1949
29,573,mandya,Rural,75-79,17145,8146,8999,13020,4947,8073,4125,3199,926
29,573,mandya,Rural,80+,21711,8899,12812,17364,5692,11672,4347,3207,1140
29,573,mandya,Rural,Age not stated,1039,524,515,349,148,201,690,376,314
29,573,mandya,Urban,All ages,308362,153842,154520,78002,33078,44924,230360,120764,109596
29,573,mandya,Urban,0-6,31627,16271,15356,31627,16271,15356,0,0,0
29,573,mandya,Urban,7,4806,2477,2329,786,413,373,4020,2064,1956
29,573,mandya,Urban,8,4887,2520,2367,212,113,99,4675,2407,2268
29,573,mandya,Urban,9,4926,2522,2404,140,72,68,4786,2450,2336
29,573,mandya,Urban,10,5712,2939,2773,169,82,87,5543,2857,2686
29,573,mandya,Urban,11,5443,2652,2791,98,50,48,5345,2602,2743
29,573,mandya,Urban,12,5672,2828,2844,99,50,49,5573,2778,2795
29,573,mandya,Urban,13,5424,2742,2682,88,47,41,5336,2695,2641
29,573,mandya,Urban,14,5324,2732,2592,101,48,53,5223,2684,2539
29,573,mandya,Urban,15,5486,2829,2657,131,74,57,5355,2755,2600
29,573,mandya,Urban,16,5325,2676,2649,135,80,55,5190,2596,2594
29,573,mandya,Urban,17,5269,2626,2643,122,58,64,5147,2568,2579
29,573,mandya,Urban,18,6795,3395,3400,265,135,130,6530,3260,3270
29,573,mandya,Urban,19,5480,2584,2896,206,82,124,5274,2502,2772
29,573,mandya,Urban,20-24,30498,14641,15857,1728,752,976,28770,13889,14881
29,573,mandya,Urban,25-29,30332,14578,15754,2763,1154,1609,27569,13424,14145
29,573,mandya,Urban,30-34,25910,12662,13248,3321,1282,2039,22589,11380,11209
29,573,mandya,Urban,35-39,26552,12992,13560,5195,1850,3345,21357,11142,10215
29,573,mandya,Urban,40-44,21124,10996,10128,4833,1853,2980,16291,9143,7148
29,573,mandya,Urban,45-49,19784,10173,9611,5496,1970,3526,14288,8203,6085
29,573,mandya,Urban,50-54,14837,7721,7116,4662,1668,2994,10175,6053,4122
29,573,mandya,Urban,55-59,11361,6133,5228,3492,1198,2294,7869,4935,2934
29,573,mandya,Urban,60-64,9511,4640,4871,4003,1207,2796,5508,3433,2075
29,573,mandya,Urban,65-69,6738,3154,3584,3222,1014,2208,3516,2140,1376
29,573,mandya,Urban,70-74,4489,2145,2344,2387,782,1605,2102,1363,739
29,573,mandya,Urban,75-79,2274,1080,1194,1156,373,783,1118,707,411
29,573,mandya,Urban,80+,2689,1086,1603,1537,389,1148,1152,697,455
29,573,mandya,Urban,Age not stated,87,48,39,28,11,17,59,37,22
29,574,hassan,Total,All ages,1776421,883667,892754,551165,214831,336334,1225256,668836,556420
29,574,hassan,Total,0-6,165637,83971,81666,165637,83971,81666,0,0,0
29,574,hassan,Total,7,25220,12787,12433,4594,2344,2250,20626,10443,10183
29,574,hassan,Total,8,26007,13239,12768,1327,644,683,24680,12595,12085
29,574,hassan,Total,9,26846,13638,13208,839,379,460,26007,13259,12748
29,574,hassan,Total,10,30571,15525,15046,953,439,514,29618,15086,14532
29,574,hassan,Total,11,30467,15262,15205,640,289,351,29827,14973,14854
29,574,hassan,Total,12,30635,15537,15098,551,250,301,30084,15287,14797
29,574,hassan,Total,13,30311,15457,14854,505,226,279,29806,15231,14575
29,574,hassan,Total,14,30573,15526,15047,603,297,306,29970,15229,14741
29,574,hassan,Total,15,29938,15274,14664,688,304,384,29250,14970,14280
29,574,hassan,Total,16,29406,14758,14648,623,257,366,28783,14501,14282
29,574,hassan,Total,17,30073,15150,14923,647,288,359,29426,14862,14564
29,574,hassan,Total,18,34823,17622,17201,1051,415,636,33772,17207,16565
29,574,hassan,Total,19,30298,15039,15259,1070,431,639,29228,14608,14620
29,574,hassan,Total,20-24,165984,83519,82465,9396,3228,6168,156588,80291,76297
29,574,hassan,Total,25-29,160551,80663,79888,17576,5738,11838,142975,74925,68050
29,574,hassan,Total,30-34,132342,65838,66504,22998,7168,15830,109344,58670,50674
29,574,hassan,Total,35-39,144591,69407,75184,38590,11904,26686,106001,57503,48498
29,574,hassan,Total,40-44,123291,62242,61049,40432,14124,26308,82859,48118,34741
29,574,hassan,Total,45-49,121815,61157,60658,47274,16965,30309,74541,44192,30349
29,574,hassan,Total,50-54,91860,47301,44559,38912,14588,24324,52948,32713,20235
29,574,hassan,Total,55-59,74250,36880,37370,32993,11008,21985,41257,25872,15385
29,574,hassan,Total,60-64,68945,32829,36116,36308,11983,24325,32637,20846,11791
29,574,hassan,Total,65-69,56388,26339,30049,32234,10425,21809,24154,15914,8240
29,574,hassan,Total,70-74,40010,18693,21317,25267,8319,16948,14743,10374,4369
29,574,hassan,Total,75-79,20308,9465,10843,12657,4018,8639,7651,5447,2204
29,574,hassan,Total,80+,24157,9945,14212,16487,4701,11786,7670,5244,2426
29,574,hassan,Total,Age not stated,1124,604,520,313,128,185,811,476,335
29,574,hassan,Rural,All ages,1399658,695583,704075,474087,182003,292084,925571,513580,411991
29,574,hassan,Rural,0-6,128037,64762,63275,128037,64762,63275,0,0,0
29,574,hassan,Rural,7,19323,9790,9533,3505,1770,1735,15818,8020,7798
29,574,hassan,Rural,8,19915,10097,9818,1014,477,537,18901,9620,9281
29,574,hassan,Rural,9,20758,10471,10287,644,284,360,20114,10187,9927
29,574,hassan,Rural,10,23607,11950,11657,713,327,386,22894,11623,11271
29,574,hassan,Rural,11,23327,11695,11632,517,231,286,22810,11464,11346
29,574,hassan,Rural,12,23713,12042,11671,433,192,241,23280,11850,11430
29,574,hassan,Rural,13,23472,11993,11479,417,186,231,23055,11807,11248
29,574,hassan,Rural,14,23751,12071,11680,501,244,257,23250,11827,11423
29,574,hassan,Rural,15,23271,11812,11459,559,242,317,22712,11570,11142
29,574,hassan,Rural,16,22773,11409,11364,518,201,317,22255,11208,11047
29,574,hassan,Rural,17,23432,11922,11510,529,228,301,22903,11694,11209
29,574,hassan,Rural,18,27243,13910,13333,882,335,547,26361,13575,12786
29,574,hassan,Rural,19,23284,11708,11576,906,348,558,22378,11360,11018
29,574,hassan,Rural,20-24,129022,65936,63086,8112,2641,5471,120910,63295,57615
29,574,hassan,Rural,25-29,125103,63848,61255,15372,4850,10522,109731,58998,50733
29,574,hassan,Rural,30-34,101126,50448,50678,20378,6213,14165,80748,44235,36513
29,574,hassan,Rural,35-39,112313,53479,58834,34463,10467,23996,77850,43012,34838
29,574,hassan,Rural,40-44,96558,48345,48213,36581,12744,23837,59977,35601,24376
29,574,hassan,Rural,45-49,96703,48030,48673,42609,15317,27292,54094,32713,21381
29,574,hassan,Rural,50-54,73579,37676,35903,35133,13311,21822,38446,24365,14081
29,574,hassan,Rural,55-59,59797,29201,30596,29974,10110,19864,29823,19091,10732
29,574,hassan,Rural,60-64,57508,27107,30401,32997,11005,21992,24511,16102,8409
29,574,hassan,Rural,65-69,48260,22543,25717,29405,9616,19789,18855,12927,5928
29,574,hassan,Rural,70-74,34563,16064,18499,23166,7710,15456,11397,8354,3043
29,574,hassan,Rural,75-79,17331,8078,9253,11491,3695,7796,5840,4383,1457
29,574,hassan,Rural,80+,20876,8655,12221,14951,4382,10569,5925,4273,1652
29,574,hassan,Rural,Age not stated,1013,541,472,280,115,165,733,426,307
29,574,hassan,Urban,All ages,376763,188084,188679,77078,32828,44250,299685,155256,144429
29,574,hassan,Urban,0-6,37600,19209,18391,37600,19209,18391,0,0,0
29,574,hassan,Urban,7,5897,2997,2900,1089,574,515,4808,2423,2385
29,574,hassan,Urban,8,6092,3142,2950,313,167,146,5779,2975,2804
29,574,hassan,Urban,9,6088,3167,2921,195,95,100,5893,3072,2821
29,574,hassan,Urban,10,6964,3575,3389,240,112,128,6724,3463,3261
29,574,hassan,Urban,11,7140,3567,3573,123,58,65,7017,3509,3508
29,574,hassan,Urban,12,6922,3495,3427,118,58,60,6804,3437,3367
29,574,hassan,Urban,13,6839,3464,3375,88,40,48,6751,3424,3327
29,574,hassan,Urban,14,6822,3455,3367,102,53,49,6720,3402,3318
29,574,hassan,Urban,15,6667,3462,3205,129,62,67,6538,3400,3138
29,574,hassan,Urban,16,6633,3349,3284,105,56,49,6528,3293,3235
29,574,hassan,Urban,17,6641,3228,3413,118,60,58,6523,3168,3355
29,574,hassan,Urban,18,7580,3712,3868,169,80,89,7411,3632,3779
29,574,hassan,Urban,19,7014,3331,3683,164,83,81,6850,3248,3602
29,574,hassan,Urban,20-24,36962,17583,19379,1284,587,697,35678,16996,18682
29,574,hassan,Urban,25-29,35448,16815,18633,2204,888,1316,33244,15927,17317
29,574,hassan,Urban,30-34,31216,15390,15826,2620,955,1665,28596,14435,14161
29,574,hassan,Urban,35-39,32278,15928,16350,4127,1437,2690,28151,14491,13660
29,574,hassan,Urban,40-44,26733,13897,12836,3851,1380,2471,22882,12517,10365
29,574,hassan,Urban,45-49,25112,13127,11985,4665,1648,3017,20447,11479,8968
29,574,hassan,Urban,50-54,18281,9625,8656,3779,1277,2502,14502,8348,6154
29,574,hassan,Urban,55-59,14453,7679,6774,3019,898,2121,11434,6781,4653
29,574,hassan,Urban,60-64,11437,5722,5715,3311,978,2333,8126,4744,3382
29,574,hassan,Urban,65-69,8128,3796,4332,2829,809,2020,5299,2987,2312
29,574,hassan,Urban,70-74,5447,2629,2818,2101,609,1492,3346,2020,1326
29,574,hassan,Urban,75-79,2977,1387,1590,1166,323,843,1811,1064,747
29,574,hassan,Urban,80+,3281,1290,1991,1536,319,1217,1745,971,774
29,574,hassan,Urban,Age not stated,111,63,48,33,13,20,78,50,28
29,575,dakshina kannada,Total,All ages,2089649,1034714,1054935,423326,170695,252631,1666323,864019,802304
29,575,dakshina kannada,Total,0-6,208297,106985,101312,208297,106985,101312,0,0,0
29,575,dakshina kannada,Total,7,30991,16104,14887,3403,1859,1544,27588,14245,13343
29,575,dakshina kannada,Total,8,31205,15976,15229,713,374,339,30492,15602,14890
29,575,dakshina kannada,Total,9,32221,16256,15965,495,249,246,31726,16007,15719
29,575,dakshina kannada,Total,10,35983,18392,17591,634,299,335,35349,18093,17256
29,575,dakshina kannada,Total,11,35819,18446,17373,411,188,223,35408,18258,17150
29,575,dakshina kannada,Total,12,33398,17099,16299,342,146,196,33056,16953,16103
29,575,dakshina kannada,Total,13,35563,18280,17283,364,161,203,35199,18119,17080
29,575,dakshina kannada,Total,14,34773,17914,16859,378,162,216,34395,17752,16643
29,575,dakshina kannada,Total,15,35891,18368,17523,386,165,221,35505,18203,17302
29,575,dakshina kannada,Total,16,36417,18696,17721,404,165,239,36013,18531,17482
29,575,dakshina kannada,Total,17,36618,18565,18053,418,170,248,36200,18395,17805
29,575,dakshina kannada,Total,18,42144,21134,21010,596,261,335,41548,20873,20675
29,575,dakshina kannada,Total,19,39965,19991,19974,469,225,244,39496,19766,19730
29,575,dakshina kannada,Total,20-24,210759,102561,108198,3647,1489,2158,207112,101072,106040
29,575,dakshina kannada,Total,25-29,192373,93003,99370,6221,2022,4199,186152,90981,95171
29,575,dakshina kannada,Total,30-34,165623,81433,84190,8985,2409,6576,156638,79024,77614
29,575,dakshina kannada,Total,35-39,163196,80270,82926,16097,4103,11994,147099,76167,70932
29,575,dakshina kannada,Total,40-44,143200,71444,71756,20507,5582,14925,122693,65862,56831
29,575,dakshina kannada,Total,45-49,136431,68870,67561,25794,7590,18204,110637,61280,49357
29,575,dakshina kannada,Total,50-54,111778,56429,55349,24615,7290,17325,87163,49139,38024
29,575,dakshina kannada,Total,55-59,89069,44698,44371,22226,6439,15787,66843,38259,28584
29,575,dakshina kannada,Total,60-64,71953,34870,37083,22276,6560,15716,49677,28310,21367
29,575,dakshina kannada,Total,65-69,52941,23942,28999,20061,5718,14343,32880,18224,14656
29,575,dakshina kannada,Total,70-74,37492,16541,20951,15664,4643,11021,21828,11898,9930
29,575,dakshina kannada,Total,75-79,23223,9861,13362,9702,2786,6916,13521,7075,6446
29,575,dakshina kannada,Total,80+,21446,8130,13316,10060,2598,7462,11386,5532,5854
29,575,dakshina kannada,Total,Age not stated,880,456,424,161,57,104,719,399,320
29,575,dakshina kannada,Rural,All ages,1093563,541484,552079,255247,100680,154567,838316,440804,397512
29,575,dakshina kannada,Rural,0-6,111076,56932,54144,111076,56932,54144,0,0,0
29,575,dakshina kannada,Rural,7,16509,8648,7861,1968,1077,891,14541,7571,6970
29,575,dakshina kannada,Rural,8,16636,8491,8145,384,194,190,16252,8297,7955
29,575,dakshina kannada,Rural,9,17449,8822,8627,264,132,132,17185,8690,8495
29,575,dakshina kannada,Rural,10,19443,9907,9536,326,160,166,19117,9747,9370
29,575,dakshina kannada,Rural,11,19422,10054,9368,213,94,119,19209,9960,9249
29,575,dakshina kannada,Rural,12,18043,9253,8790,182,78,104,17861,9175,8686
29,575,dakshina kannada,Rural,13,18853,9726,9127,189,83,106,18664,9643,9021
29,575,dakshina kannada,Rural,14,18646,9651,8995,199,80,119,18447,9571,8876
29,575,dakshina kannada,Rural,15,19217,9852,9365,193,90,103,19024,9762,9262
29,575,dakshina kannada,Rural,16,19375,10006,9369,192,81,111,19183,9925,9258
29,575,dakshina kannada,Rural,17,19053,9533,9520,190,78,112,18863,9455,9408
29,575,dakshina kannada,Rural,18,21043,10651,10392,237,121,116,20806,10530,10276
29,575,dakshina kannada,Rural,19,19269,9785,9484,202,96,106,19067,9689,9378
29,575,dakshina kannada,Rural,20-24,106449,51489,54960,1644,650,994,104805,50839,53966
29,575,dakshina kannada,Rural,25-29,102585,49471,53114,3284,954,2330,99301,48517,50784
29,575,dakshina kannada,Rural,30-34,86677,42966,43711,5623,1300,4323,81054,41666,39388
29,575,dakshina kannada,Rural,35-39,84193,41085,43108,10863,2514,8349,73330,38571,34759
29,575,dakshina kannada,Rural,40-44,73423,36315,37108,14223,3802,10421,59200,32513,26687
29,575,dakshina kannada,Rural,45-49,71133,35745,35388,18277,5489,12788,52856,30256,22600
29,575,dakshina kannada,Rural,50-54,57697,28792,28905,17139,5281,11858,40558,23511,17047
29,575,dakshina kannada,Rural,55-59,46179,23016,23163,15387,4756,10631,30792,18260,12532
29,575,dakshina kannada,Rural,60-64,37656,18360,19296,15282,4808,10474,22374,13552,8822
29,575,dakshina kannada,Rural,65-69,28709,13156,15553,13665,4169,9496,15044,8987,6057
29,575,dakshina kannada,Rural,70-74,20184,9121,11063,10682,3484,7198,9502,5637,3865
29,575,dakshina kannada,Rural,75-79,12394,5504,6890,6573,2128,4445,5821,3376,2445
29,575,dakshina kannada,Rural,80+,11818,4921,6897,6685,2007,4678,5133,2914,2219
29,575,dakshina kannada,Rural,Age not stated,432,232,200,105,42,63,327,190,137
29,575,dakshina kannada,Urban,All ages,996086,493230,502856,168079,70015,98064,828007,423215,404792
29,575,dakshina kannada,Urban,0-6,97221,50053,47168,97221,50053,47168,0,0,0
29,575,dakshina kannada,Urban,7,14482,7456,7026,1435,782,653,13047,6674,6373
29,575,dakshina kannada,Urban,8,14569,7485,7084,329,180,149,14240,7305,6935
29,575,dakshina kannada,Urban,9,14772,7434,7338,231,117,114,14541,7317,7224
29,575,dakshina kannada,Urban,10,16540,8485,8055,308,139,169,16232,8346,7886
29,575,dakshina kannada,Urban,11,16397,8392,8005,198,94,104,16199,8298,7901
29,575,dakshina kannada,Urban,12,15355,7846,7509,160,68,92,15195,7778,7417
29,575,dakshina kannada,Urban,13,16710,8554,8156,175,78,97,16535,8476,8059
29,575,dakshina kannada,Urban,14,16127,8263,7864,179,82,97,15948,8181,7767
29,575,dakshina kannada,Urban,15,16674,8516,8158,193,75,118,16481,8441,8040
29,575,dakshina kannada,Urban,16,17042,8690,8352,212,84,128,16830,8606,8224
29,575,dakshina kannada,Urban,17,17565,9032,8533,228,92,136,17337,8940,8397
29,575,dakshina kannada,Urban,18,21101,10483,10618,359,140,219,20742,10343,10399
29,575,dakshina kannada,Urban,19,20696,10206,10490,267,129,138,20429,10077,10352
29,575,dakshina kannada,Urban,20-24,104310,51072,53238,2003,839,1164,102307,50233,52074
29,575,dakshina kannada,Urban,25-29,89788,43532,46256,2937,1068,1869,86851,42464,44387
29,575,dakshina kannada,Urban,30-34,78946,38467,40479,3362,1109,2253,75584,37358,38226
29,575,dakshina kannada,Urban,35-39,79003,39185,39818,5234,1589,3645,73769,37596,36173
29,575,dakshina kannada,Urban,40-44,69777,35129,34648,6284,1780,4504,63493,33349,30144
29,575,dakshina kannada,Urban,45-49,65298,33125,32173,7517,2101,5416,57781,31024,26757
29,575,dakshina kannada,Urban,50-54,54081,27637,26444,7476,2009,5467,46605,25628,20977
29,575,dakshina kannada,Urban,55-59,42890,21682,21208,6839,1683,5156,36051,19999,16052
29,575,dakshina kannada,Urban,60-64,34297,16510,17787,6994,1752,5242,27303,14758,12545
29,575,dakshina kannada,Urban,65-69,24232,10786,13446,6396,1549,4847,17836,9237,8599
29,575,dakshina kannada,Urban,70-74,17308,7420,9888,4982,1159,3823,12326,6261,6065
29,575,dakshina kannada,Urban,75-79,10829,4357,6472,3129,658,2471,7700,3699,4001
29,575,dakshina kannada,Urban,80+,9628,3209,6419,3375,591,2784,6253,2618,3635
29,575,dakshina kannada,Urban,Age not stated,448,224,224,56,15,41,392,209,183
29,576,kodagu,Total,All ages,554519,274608,279911,141642,59306,82336,412877,215302,197575
29,576,kodagu,Total,0-6,54733,27676,27057,54733,27676,27057,0,0,0
29,576,kodagu,Total,7,8823,4398,4425,1695,853,842,7128,3545,3583
29,576,kodagu,Total,8,8712,4373,4339,547,270,277,8165,4103,4062
29,576,kodagu,Total,9,9161,4687,4474,458,223,235,8703,4464,4239
29,576,kodagu,Total,10,10793,5516,5277,547,259,288,10246,5257,4989
29,576,kodagu,Total,11,10746,5420,5326,323,152,171,10423,5268,5155
29,576,kodagu,Total,12,10541,5333,5208,228,92,136,10313,5241,5072
29,576,kodagu,Total,13,10350,5167,5183,204,89,115,10146,5078,5068
29,576,kodagu,Total,14,10148,5201,4947,225,104,121,9923,5097,4826
29,576,kodagu,Total,15,9721,5009,4712,271,136,135,9450,4873,4577
29,576,kodagu,Total,16,9400,4754,4646,259,113,146,9141,4641,4500
29,576,kodagu,Total,17,8821,4508,4313,251,126,125,8570,4382,4188
29,576,kodagu,Total,18,10055,5092,4963,494,229,265,9561,4863,4698
29,576,kodagu,Total,19,9344,4522,4822,403,143,260,8941,4379,4562
29,576,kodagu,Total,20-24,47975,23376,24599,3550,1283,2267,44425,22093,22332
29,576,kodagu,Total,25-29,47595,23378,24217,5861,2233,3628,41734,21145,20589
29,576,kodagu,Total,30-34,41113,20176,20937,6085,2207,3878,35028,17969,17059
29,576,kodagu,Total,35-39,44417,21135,23282,9611,3270,6341,34806,17865,16941
29,576,kodagu,Total,40-44,38076,18991,19085,9288,3481,5807,28788,15510,13278
29,576,kodagu,Total,45-49,39754,19992,19762,10975,4331,6644,28779,15661,13118
29,576,kodagu,Total,50-54,30497,15830,14667,8152,3261,4891,22345,12569,9776
29,576,kodagu,Total,55-59,25648,13209,12439,6755,2471,4284,18893,10738,8155
29,576,kodagu,Total,60-64,20031,9910,10121,6194,2119,4075,13837,7791,6046
29,576,kodagu,Total,65-69,15455,6992,8463,5671,1724,3947,9784,5268,4516
29,576,kodagu,Total,70-74,9861,4514,5347,3729,1116,2613,6132,3398,2734
29,576,kodagu,Total,75-79,6073,2782,3291,2261,667,1594,3812,2115,1697
29,576,kodagu,Total,80+,6354,2506,3848,2808,652,2156,3546,1854,1692
29,576,kodagu,Total,Age not stated,322,161,161,64,26,38,258,135,123
29,576,kodagu,Rural,All ages,473531,234161,239370,127470,53241,74229,346061,180920,165141
29,576,kodagu,Rural,0-6,46781,23648,23133,46781,23648,23133,0,0,0
29,576,kodagu,Rural,7,7572,3761,3811,1474,752,722,6098,3009,3089
29,576,kodagu,Rural,8,7445,3719,3726,496,245,251,6949,3474,3475
29,576,kodagu,Rural,9,7838,4008,3830,404,193,211,7434,3815,3619
29,576,kodagu,Rural,10,9194,4706,4488,502,238,264,8692,4468,4224
29,576,kodagu,Rural,11,9180,4622,4558,285,132,153,8895,4490,4405
29,576,kodagu,Rural,12,9027,4563,4464,214,87,127,8813,4476,4337
29,576,kodagu,Rural,13,8874,4459,4415,184,78,106,8690,4381,4309
29,576,kodagu,Rural,14,8737,4499,4238,204,95,109,8533,4404,4129
29,576,kodagu,Rural,15,8265,4298,3967,251,129,122,8014,4169,3845
29,576,kodagu,Rural,16,7925,4014,3911,247,109,138,7678,3905,3773
29,576,kodagu,Rural,17,7424,3805,3619,235,119,116,7189,3686,3503
29,576,kodagu,Rural,18,8462,4254,4208,447,210,237,8015,4044,3971
29,576,kodagu,Rural,19,7822,3793,4029,376,136,240,7446,3657,3789
29,576,kodagu,Rural,20-24,40616,19747,20869,3313,1191,2122,37303,18556,18747
29,576,kodagu,Rural,25-29,40527,20043,20484,5493,2103,3390,35034,17940,17094
29,576,kodagu,Rural,30-34,34418,16954,17464,5679,2068,3611,28739,14886,13853
29,576,kodagu,Rural,35-39,37571,17764,19807,8964,3080,5884,28607,14684,13923
29,576,kodagu,Rural,40-44,32340,16037,16303,8671,3283,5388,23669,12754,10915
29,576,kodagu,Rural,45-49,34212,17099,17113,10204,4053,6151,24008,13046,10962
29,576,kodagu,Rural,50-54,26253,13540,12713,7579,3065,4514,18674,10475,8199
29,576,kodagu,Rural,55-59,22087,11282,10805,6269,2311,3958,15818,8971,6847
29,576,kodagu,Rural,60-64,17479,8627,8852,5775,2004,3771,11704,6623,5081
29,576,kodagu,Rural,65-69,13631,6189,7442,5231,1611,3620,8400,4578,3822
29,576,kodagu,Rural,70-74,8660,3962,4698,3465,1047,2418,5195,2915,2280
29,576,kodagu,Rural,75-79,5307,2425,2882,2080,623,1457,3227,1802,1425
29,576,kodagu,Rural,80+,5599,2195,3404,2586,606,1980,3013,1589,1424
29,576,kodagu,Rural,Age not stated,285,148,137,61,25,36,224,123,101
29,576,kodagu,Urban,All ages,80988,40447,40541,14172,6065,8107,66816,34382,32434
29,576,kodagu,Urban,0-6,7952,4028,3924,7952,4028,3924,0,0,0
29,576,kodagu,Urban,7,1251,637,614,221,101,120,1030,536,494
29,576,kodagu,Urban,8,1267,654,613,51,25,26,1216,629,587
29,576,kodagu,Urban,9,1323,679,644,54,30,24,1269,649,620
29,576,kodagu,Urban,10,1599,810,789,45,21,24,1554,789,765
29,576,kodagu,Urban,11,1566,798,768,38,20,18,1528,778,750
29,576,kodagu,Urban,12,1514,770,744,14,5,9,1500,765,735
29,576,kodagu,Urban,13,1476,708,768,20,11,9,1456,697,759
29,576,kodagu,Urban,14,1411,702,709,21,9,12,1390,693,697
29,576,kodagu,Urban,15,1456,711,745,20,7,13,1436,704,732
29,576,kodagu,Urban,16,1475,740,735,12,4,8,1463,736,727
29,576,kodagu,Urban,17,1397,703,694,16,7,9,1381,696,685
29,576,kodagu,Urban,18,1593,838,755,47,19,28,1546,819,727
29,576,kodagu,Urban,19,1522,729,793,27,7,20,1495,722,773
29,576,kodagu,Urban,20-24,7359,3629,3730,237,92,145,7122,3537,3585
29,576,kodagu,Urban,25-29,7068,3335,3733,368,130,238,6700,3205,3495
29,576,kodagu,Urban,30-34,6695,3222,3473,406,139,267,6289,3083,3206
29,576,kodagu,Urban,35-39,6846,3371,3475,647,190,457,6199,3181,3018
29,576,kodagu,Urban,40-44,5736,2954,2782,617,198,419,5119,2756,2363
29,576,kodagu,Urban,45-49,5542,2893,2649,771,278,493,4771,2615,2156
29,576,kodagu,Urban,50-54,4244,2290,1954,573,196,377,3671,2094,1577
29,576,kodagu,Urban,55-59,3561,1927,1634,486,160,326,3075,1767,1308
29,576,kodagu,Urban,60-64,2552,1283,1269,419,115,304,2133,1168,965
29,576,kodagu,Urban,65-69,1824,803,1021,440,113,327,1384,690,694
29,576,kodagu,Urban,70-74,1201,552,649,264,69,195,937,483,454
29,576,kodagu,Urban,75-79,766,357,409,181,44,137,585,313,272
29,576,kodagu,Urban,80+,755,311,444,222,46,176,533,265,268
29,576,kodagu,Urban,Age not stated,37,13,24,3,1,2,34,12,22
29,577,mysore,Total,All ages,3001127,1511600,1489527,1038947,447834,591113,1962180,1063766,898414
29,577,mysore,Total,0-6,305561,155807,149754,305561,155807,149754,0,0,0
29,577,mysore,Total,7,45692,23375,22317,7777,4011,3766,37915,19364,18551
29,577,mysore,Total,8,46037,23427,22610,2714,1328,1386,43323,22099,21224
29,577,mysore,Total,9,47228,23851,23377,1801,867,934,45427,22984,22443
29,577,mysore,Total,10,54538,27825,26713,2263,1127,1136,52275,26698,25577
29,577,mysore,Total,11,52457,26431,26026,1486,700,786,50971,25731,25240
29,577,mysore,Total,12,53669,27410,26259,1279,590,689,52390,26820,25570
29,577,mysore,Total,13,51646,26223,25423,1148,539,609,50498,25684,24814
29,577,mysore,Total,14,52045,26644,25401,1396,646,750,50649,25998,24651
29,577,mysore,Total,15,52931,27234,25697,1701,843,858,51230,26391,24839
29,577,mysore,Total,16,52156,26696,25460,1630,801,829,50526,25895,24631
29,577,mysore,Total,17,52074,26857,25217,1887,891,996,50187,25966,24221
29,577,mysore,Total,18,66075,33961,32114,3323,1463,1860,62752,32498,30254
29,577,mysore,Total,19,56121,27934,28187,3217,1278,1939,52904,26656,26248
29,577,mysore,Total,20-24,305388,154096,151292,29146,11258,17888,276242,142838,133404
29,577,mysore,Total,25-29,286498,141127,145371,52944,19502,33442,233554,121625,111929
29,577,mysore,Total,30-34,233328,116329,116999,61598,22833,38765,171730,93496,78234
29,577,mysore,Total,35-39,246616,119977,126639,90155,33590,56565,156461,86387,70074
29,577,mysore,Total,40-44,199049,102690,96359,83186,35209,47977,115863,67481,48382
29,577,mysore,Total,45-49,186227,96837,89390,84346,36466,47880,101881,60371,41510
29,577,mysore,Total,50-54,142853,74175,68678,68701,28992,39709,74152,45183,28969
29,577,mysore,Total,55-59,108484,55415,53069,51012,19931,31081,57472,35484,21988
29,577,mysore,Total,60-64,105384,51874,53510,59976,23448,36528,45408,28426,16982
29,577,mysore,Total,65-69,75931,36998,38933,44792,17505,27287,31139,19493,11646
29,577,mysore,Total,70-74,58062,28377,29685,36723,14476,22247,21339,13901,7438
29,577,mysore,Total,75-79,27810,13625,14185,16352,6214,10138,11458,7411,4047
29,577,mysore,Total,80+,35181,15318,19863,22298,7301,14997,12883,8017,4866
29,577,mysore,Total,Age not stated,2086,1087,999,535,218,317,1551,869,682
29,577,mysore,Rural,All ages,1755714,887500,868214,761044,326766,434278,994670,560734,433936
29,577,mysore,Rural,0-6,184028,93757,90271,184028,93757,90271,0,0,0
29,577,mysore,Rural,7,27117,13761,13356,4796,2432,2364,22321,11329,10992
29,577,mysore,Rural,8,27393,13881,13512,1656,822,834,25737,13059,12678
29,577,mysore,Rural,9,28331,14220,14111,1036,494,542,27295,13726,13569
29,577,mysore,Rural,10,32598,16718,15880,1356,663,693,31242,16055,15187
29,577,mysore,Rural,11,31327,15669,15658,856,390,466,30471,15279,15192
29,577,mysore,Rural,12,32789,16726,16063,797,354,443,31992,16372,15620
29,577,mysore,Rural,13,31010,15823,15187,742,361,381,30268,15462,14806
29,577,mysore,Rural,14,31224,16110,15114,891,399,492,30333,15711,14622
29,577,mysore,Rural,15,31903,16660,15243,1120,536,584,30783,16124,14659
29,577,mysore,Rural,16,30879,16011,14868,1110,544,566,29769,15467,14302
29,577,mysore,Rural,17,29947,15759,14188,1239,573,666,28708,15186,13522
29,577,mysore,Rural,18,39745,20898,18847,2387,1023,1364,37358,19875,17483
29,577,mysore,Rural,19,31734,15919,15815,2289,864,1425,29445,15055,14390
29,577,mysore,Rural,20-24,173079,89297,83782,22115,8294,13821,150964,81003,69961
29,577,mysore,Rural,25-29,165052,83048,82004,41608,15130,26478,123444,67918,55526
29,577,mysore,Rural,30-34,130967,65505,65462,49065,18050,31015,81902,47455,34447
29,577,mysore,Rural,35-39,142250,68709,73541,71403,26568,44835,70847,42141,28706
29,577,mysore,Rural,40-44,114128,59290,54838,66757,28668,38089,47371,30622,16749
29,577,mysore,Rural,45-49,106190,55635,50555,66600,29502,37098,39590,26133,13457
29,577,mysore,Rural,50-54,81630,41858,39772,54895,23701,31194,26735,18157,8578
29,577,mysore,Rural,55-59,60187,29921,30266,40124,16131,23993,20063,13790,6273
29,577,mysore,Rural,60-64,65087,31537,33550,48033,19470,28563,17054,12067,4987
29,577,mysore,Rural,65-69,48150,23625,24525,35662,14542,21120,12488,9083,3405
29,577,mysore,Rural,70-74,38355,18680,19675,29804,12173,17631,8551,6507,2044
29,577,mysore,Rural,75-79,16927,8253,8674,12844,5133,7711,4083,3120,963
29,577,mysore,Rural,80+,22506,9614,12892,17492,6048,11444,5014,3566,1448
29,577,mysore,Rural,Age not stated,1181,616,565,339,144,195,842,472,370
29,577,mysore,Urban,All ages,1245413,624100,621313,277903,121068,156835,967510,503032,464478
29,577,mysore,Urban,0-6,121533,62050,59483,121533,62050,59483,0,0,0
29,577,mysore,Urban,7,18575,9614,8961,2981,1579,1402,15594,8035,7559
29,577,mysore,Urban,8,18644,9546,9098,1058,506,552,17586,9040,8546
29,577,mysore,Urban,9,18897,9631,9266,765,373,392,18132,9258,8874
29,577,mysore,Urban,10,21940,11107,10833,907,464,443,21033,10643,10390
29,577,mysore,Urban,11,21130,10762,10368,630,310,320,20500,10452,10048
29,577,mysore,Urban,12,20880,10684,10196,482,236,246,20398,10448,9950
29,577,mysore,Urban,13,20636,10400,10236,406,178,228,20230,10222,10008
29,577,mysore,Urban,14,20821,10534,10287,505,247,258,20316,10287,10029
29,577,mysore,Urban,15,21028,10574,10454,581,307,274,20447,10267,10180
29,577,mysore,Urban,16,21277,10685,10592,520,257,263,20757,10428,10329
29,577,mysore,Urban,17,22127,11098,11029,648,318,330,21479,10780,10699
29,577,mysore,Urban,18,26330,13063,13267,936,440,496,25394,12623,12771
29,577,mysore,Urban,19,24387,12015,12372,928,414,514,23459,11601,11858
29,577,mysore,Urban,20-24,132309,64799,67510,7031,2964,4067,125278,61835,63443
29,577,mysore,Urban,25-29,121446,58079,63367,11336,4372,6964,110110,53707,56403
29,577,mysore,Urban,30-34,102361,50824,51537,12533,4783,7750,89828,46041,43787
29,577,mysore,Urban,35-39,104366,51268,53098,18752,7022,11730,85614,44246,41368
29,577,mysore,Urban,40-44,84921,43400,41521,16429,6541,9888,68492,36859,31633
29,577,mysore,Urban,45-49,80037,41202,38835,17746,6964,10782,62291,34238,28053
29,577,mysore,Urban,50-54,61223,32317,28906,13806,5291,8515,47417,27026,20391
29,577,mysore,Urban,55-59,48297,25494,22803,10888,3800,7088,37409,21694,15715
29,577,mysore,Urban,60-64,40297,20337,19960,11943,3978,7965,28354,16359,11995
29,577,mysore,Urban,65-69,27781,13373,14408,9130,2963,6167,18651,10410,8241
29,577,mysore,Urban,70-74,19707,9697,10010,6919,2303,4616,12788,7394,5394
29,577,mysore,Urban,75-79,10883,5372,5511,3508,1081,2427,7375,4291,3084
29,577,mysore,Urban,80+,12675,5704,6971,4806,1253,3553,7869,4451,3418
29,577,mysore,Urban,Age not stated,905,471,434,196,74,122,709,397,312
29,578,chamarajanagar,Total,All ages,1020791,512231,508560,455512,199274,256238,565279,312957,252322
29,578,chamarajanagar,Total,0-6,100648,51529,49119,100648,51529,49119,0,0,0
29,578,chamarajanagar,Total,7,15021,7795,7226,2850,1486,1364,12171,6309,5862
29,578,chamarajanagar,Total,8,15045,7651,7394,963,499,464,14082,7152,6930
29,578,chamarajanagar,Total,9,15540,7912,7628,623,306,317,14917,7606,7311
29,578,chamarajanagar,Total,10,17802,9116,8686,762,363,399,17040,8753,8287
29,578,chamarajanagar,Total,11,17078,8592,8486,497,245,252,16581,8347,8234
29,578,chamarajanagar,Total,12,17881,9195,8686,506,254,252,17375,8941,8434
29,578,chamarajanagar,Total,13,16995,8699,8296,520,243,277,16475,8456,8019
29,578,chamarajanagar,Total,14,17641,9202,8439,607,294,313,17034,8908,8126
29,578,chamarajanagar,Total,15,17776,9274,8502,812,422,390,16964,8852,8112
29,578,chamarajanagar,Total,16,17673,9429,8244,818,413,405,16855,9016,7839
29,578,chamarajanagar,Total,17,17007,8949,8058,967,468,499,16040,8481,7559
29,578,chamarajanagar,Total,18,23019,11935,11084,1939,872,1067,21080,11063,10017
29,578,chamarajanagar,Total,19,18330,9047,9283,1746,746,1000,16584,8301,8283
29,578,chamarajanagar,Total,20-24,97330,49319,48011,14747,6052,8695,82583,43267,39316
29,578,chamarajanagar,Total,25-29,94260,46029,48231,25626,9762,15864,68634,36267,32367
29,578,chamarajanagar,Total,30-34,77475,37770,39705,29546,11259,18287,47929,26511,21418
29,578,chamarajanagar,Total,35-39,84405,39854,44551,42401,15997,26404,42004,23857,18147
29,578,chamarajanagar,Total,40-44,68268,34848,33420,39492,17020,22472,28776,17828,10948
29,578,chamarajanagar,Total,45-49,64755,33771,30984,40720,18402,22318,24035,15369,8666
29,578,chamarajanagar,Total,50-54,50465,25525,24940,33828,14592,19236,16637,10933,5704
29,578,chamarajanagar,Total,55-59,37725,18949,18776,25023,10480,14543,12702,8469,4233
29,578,chamarajanagar,Total,60-64,39613,19163,20450,29576,12282,17294,10037,6881,3156
29,578,chamarajanagar,Total,65-69,30220,15168,15052,22620,9718,12902,7600,5450,2150
29,578,chamarajanagar,Total,70-74,23553,11634,11919,18428,7864,10564,5125,3770,1355
29,578,chamarajanagar,Total,75-79,10561,5258,5303,8051,3457,4594,2510,1801,709
29,578,chamarajanagar,Total,80+,13866,6167,7699,10907,4119,6788,2959,2048,911
29,578,chamarajanagar,Total,Age not stated,839,451,388,289,130,159,550,321,229
29,578,chamarajanagar,Rural,All ages,845817,424884,420933,403557,176975,226582,442260,247909,194351
29,578,chamarajanagar,Rural,0-6,82603,42281,40322,82603,42281,40322,0,0,0
29,578,chamarajanagar,Rural,7,12161,6353,5808,2468,1281,1187,9693,5072,4621
29,578,chamarajanagar,Rural,8,12344,6262,6082,859,439,420,11485,5823,5662
29,578,chamarajanagar,Rural,9,12917,6546,6371,557,275,282,12360,6271,6089
29,578,chamarajanagar,Rural,10,14561,7462,7099,657,314,343,13904,7148,6756
29,578,chamarajanagar,Rural,11,13941,6964,6977,439,224,215,13502,6740,6762
29,578,chamarajanagar,Rural,12,14731,7582,7149,457,225,232,14274,7357,6917
29,578,chamarajanagar,Rural,13,13825,7112,6713,473,217,256,13352,6895,6457
29,578,chamarajanagar,Rural,14,14440,7550,6890,555,263,292,13885,7287,6598
29,578,chamarajanagar,Rural,15,14502,7649,6853,741,381,360,13761,7268,6493
29,578,chamarajanagar,Rural,16,14337,7712,6625,743,371,372,13594,7341,6253
29,578,chamarajanagar,Rural,17,13673,7253,6420,878,429,449,12795,6824,5971
29,578,chamarajanagar,Rural,18,18957,9882,9075,1779,793,986,17178,9089,8089
29,578,chamarajanagar,Rural,19,15055,7452,7603,1592,675,917,13463,6777,6686
29,578,chamarajanagar,Rural,20-24,80030,40967,39063,13508,5545,7963,66522,35422,31100
29,578,chamarajanagar,Rural,25-29,77370,37997,39373,23332,8856,14476,54038,29141,24897
29,578,chamarajanagar,Rural,30-34,63315,30845,32470,26986,10271,16715,36329,20574,15755
29,578,chamarajanagar,Rural,35-39,69724,32709,37015,38458,14584,23874,31266,18125,13141
29,578,chamarajanagar,Rural,40-44,56602,28804,27798,35742,15509,20233,20860,13295,7565
29,578,chamarajanagar,Rural,45-49,53953,28125,25828,36711,16781,19930,17242,11344,5898
29,578,chamarajanagar,Rural,50-54,42294,21320,20974,30406,13267,17139,11888,8053,3835
29,578,chamarajanagar,Rural,55-59,31638,15709,15929,22564,9533,13031,9074,6176,2898
29,578,chamarajanagar,Rural,60-64,34005,16451,17554,26592,11186,15406,7413,5265,2148
29,578,chamarajanagar,Rural,65-69,26248,13252,12996,20452,8947,11505,5796,4305,1491
29,578,chamarajanagar,Rural,70-74,20570,10239,10331,16644,7248,9396,3926,2991,935
29,578,chamarajanagar,Rural,75-79,9248,4607,4641,7334,3191,4143,1914,1416,498
29,578,chamarajanagar,Rural,80+,12025,5391,6634,9774,3776,5998,2251,1615,636
29,578,chamarajanagar,Rural,Age not stated,748,408,340,253,113,140,495,295,200
29,578,chamarajanagar,Urban,All ages,174974,87347,87627,51955,22299,29656,123019,65048,57971
29,578,chamarajanagar,Urban,0-6,18045,9248,8797,18045,9248,8797,0,0,0
29,578,chamarajanagar,Urban,7,2860,1442,1418,382,205,177,2478,1237,1241
29,578,chamarajanagar,Urban,8,2701,1389,1312,104,60,44,2597,1329,1268
29,578,chamarajanagar,Urban,9,2623,1366,1257,66,31,35,2557,1335,1222
29,578,chamarajanagar,Urban,10,3241,1654,1587,105,49,56,3136,1605,1531
29,578,chamarajanagar,Urban,11,3137,1628,1509,58,21,37,3079,1607,1472
29,578,chamarajanagar,Urban,12,3150,1613,1537,49,29,20,3101,1584,1517
29,578,chamarajanagar,Urban,13,3170,1587,1583,47,26,21,3123,1561,1562
29,578,chamarajanagar,Urban,14,3201,1652,1549,52,31,21,3149,1621,1528
29,578,chamarajanagar,Urban,15,3274,1625,1649,71,41,30,3203,1584,1619
29,578,chamarajanagar,Urban,16,3336,1717,1619,75,42,33,3261,1675,1586
29,578,chamarajanagar,Urban,17,3334,1696,1638,89,39,50,3245,1657,1588
29,578,chamarajanagar,Urban,18,4062,2053,2009,160,79,81,3902,1974,1928
29,578,chamarajanagar,Urban,19,3275,1595,1680,154,71,83,3121,1524,1597
29,578,chamarajanagar,Urban,20-24,17300,8352,8948,1239,507,732,16061,7845,8216
29,578,chamarajanagar,Urban,25-29,16890,8032,8858,2294,906,1388,14596,7126,7470
29,578,chamarajanagar,Urban,30-34,14160,6925,7235,2560,988,1572,11600,5937,5663
29,578,chamarajanagar,Urban,35-39,14681,7145,7536,3943,1413,2530,10738,5732,5006
29,578,chamarajanagar,Urban,40-44,11666,6044,5622,3750,1511,2239,7916,4533,3383
29,578,chamarajanagar,Urban,45-49,10802,5646,5156,4009,1621,2388,6793,4025,2768
29,578,chamarajanagar,Urban,50-54,8171,4205,3966,3422,1325,2097,4749,2880,1869
29,578,chamarajanagar,Urban,55-59,6087,3240,2847,2459,947,1512,3628,2293,1335
29,578,chamarajanagar,Urban,60-64,5608,2712,2896,2984,1096,1888,2624,1616,1008
29,578,chamarajanagar,Urban,65-69,3972,1916,2056,2168,771,1397,1804,1145,659
29,578,chamarajanagar,Urban,70-74,2983,1395,1588,1784,616,1168,1199,779,420
29,578,chamarajanagar,Urban,75-79,1313,651,662,717,266,451,596,385,211
29,578,chamarajanagar,Urban,80+,1841,776,1065,1133,343,790,708,433,275
29,578,chamarajanagar,Urban,Age not stated,91,43,48,36,17,19,55,26,29
29,579,gulbarga,Total,All ages,2566326,1301755,1264571,1138958,473396,665562,1427368,828359,599009
29,579,gulbarga,Total,0-6,365372,188076,177296,365372,188076,177296,0,0,0
29,579,gulbarga,Total,7,52209,27162,25047,11447,5661,5786,40762,21501,19261
29,579,gulbarga,Total,8,56731,29440,27291,6471,2978,3493,50260,26462,23798
29,579,gulbarga,Total,9,53400,27664,25736,4559,2016,2543,48841,25648,23193
29,579,gulbarga,Total,10,64545,33520,31025,6565,2917,3648,57980,30603,27377
29,579,gulbarga,Total,11,55194,28211,26983,4343,1880,2463,50851,26331,24520
29,579,gulbarga,Total,12,62286,32079,30207,6295,2696,3599,55991,29383,26608
29,579,gulbarga,Total,13,52609,26986,25623,4925,2012,2913,47684,24974,22710
29,579,gulbarga,Total,14,57591,29941,27650,6411,2771,3640,51180,27170,24010
29,579,gulbarga,Total,15,57932,30440,27492,7942,3573,4369,49990,26867,23123
29,579,gulbarga,Total,16,59046,31071,27975,8221,3730,4491,50825,27341,23484
29,579,gulbarga,Total,17,48547,25671,22876,6647,2997,3650,41900,22674,19226
29,579,gulbarga,Total,18,71435,37971,33464,13533,5962,7571,57902,32009,25893
29,579,gulbarga,Total,19,48179,24481,23698,9050,3385,5665,39129,21096,18033
29,579,gulbarga,Total,20-24,249997,131067,118930,59984,22662,37322,190013,108405,81608
29,579,gulbarga,Total,25-29,215646,107665,107981,70816,24956,45860,144830,82709,62121
29,579,gulbarga,Total,30-34,168494,84540,83954,66503,23402,43101,101991,61138,40853
29,579,gulbarga,Total,35-39,169407,82292,87115,77859,26121,51738,91548,56171,35377
29,579,gulbarga,Total,40-44,141785,73014,68771,72285,26910,45375,69500,46104,23396
29,579,gulbarga,Total,45-49,124979,63624,61355,68630,25525,43105,56349,38099,18250
29,579,gulbarga,Total,50-54,97177,49592,47585,57867,21832,36035,39310,27760,11550
29,579,gulbarga,Total,55-59,76982,35947,41035,48115,15720,32395,28867,20227,8640
29,579,gulbarga,Total,60-64,80893,37947,42946,56385,20084,36301,24508,17863,6645
29,579,gulbarga,Total,65-69,54442,25789,28653,38349,13680,24669,16093,12109,3984
29,579,gulbarga,Total,70-74,39115,18579,20536,29530,11054,18476,9585,7525,2060
29,579,gulbarga,Total,75-79,17285,7908,9377,12895,4552,8343,4390,3356,1034
29,579,gulbarga,Total,80+,23041,9986,13055,17239,5932,11307,5802,4054,1748
29,579,gulbarga,Total,Age not stated,2007,1092,915,720,312,408,1287,780,507
29,579,gulbarga,Rural,All ages,1730775,877144,853631,873447,361794,511653,857328,515350,341978
29,579,gulbarga,Rural,0-6,254972,131174,123798,254972,131174,123798,0,0,0
29,579,gulbarga,Rural,7,35169,18299,16870,8485,4133,4352,26684,14166,12518
29,579,gulbarga,Rural,8,39355,20326,19029,4944,2249,2695,34411,18077,16334
29,579,gulbarga,Rural,9,37056,19098,17958,3382,1471,1911,33674,17627,16047
29,579,gulbarga,Rural,10,44535,22876,21659,4911,2106,2805,39624,20770,18854
29,579,gulbarga,Rural,11,37602,19176,18426,3271,1372,1899,34331,17804,16527
29,579,gulbarga,Rural,12,43074,22122,20952,4966,2083,2883,38108,20039,18069
29,579,gulbarga,Rural,13,36299,18563,17736,3932,1567,2365,32367,16996,15371
29,579,gulbarga,Rural,14,40154,21010,19144,5191,2174,3017,34963,18836,16127
29,579,gulbarga,Rural,15,40307,21383,18924,6457,2858,3599,33850,18525,15325
29,579,gulbarga,Rural,16,40733,21742,18991,6727,2995,3732,34006,18747,15259
29,579,gulbarga,Rural,17,31776,17079,14697,5260,2342,2918,26516,14737,11779
29,579,gulbarga,Rural,18,48726,26364,22362,11014,4772,6242,37712,21592,16120
29,579,gulbarga,Rural,19,30712,15907,14805,7102,2595,4507,23610,13312,10298
29,579,gulbarga,Rural,20-24,160712,86109,74603,48115,17955,30160,112597,68154,44443
29,579,gulbarga,Rural,25-29,138255,70116,68139,56901,20059,36842,81354,50057,31297
29,579,gulbarga,Rural,30-34,108272,54048,54224,53273,18728,34545,54999,35320,19679
29,579,gulbarga,Rural,35-39,110332,53006,57326,61979,21071,40908,48353,31935,16418
29,579,gulbarga,Rural,40-44,93453,47760,45693,57508,21844,35664,35945,25916,10029
29,579,gulbarga,Rural,45-49,82763,41777,40986,54334,20684,33650,28429,21093,7336
29,579,gulbarga,Rural,50-54,65356,32625,32731,46133,17818,28315,19223,14807,4416
29,579,gulbarga,Rural,55-59,53141,23976,29165,38991,13159,25832,14150,10817,3333
29,579,gulbarga,Rural,60-64,58144,26788,31356,45371,16714,28657,12773,10074,2699
29,579,gulbarga,Rural,65-69,40304,18734,21570,31633,11650,19983,8671,7084,1587
29,579,gulbarga,Rural,70-74,29188,13643,15545,24030,9309,14721,5158,4334,824
29,579,gulbarga,Rural,75-79,12661,5708,6953,10466,3854,6612,2195,1854,341
29,579,gulbarga,Rural,80+,16653,7163,9490,13675,4878,8797,2978,2285,693
29,579,gulbarga,Rural,Age not stated,1071,572,499,424,180,244,647,392,255
29,579,gulbarga,Urban,All ages,835551,424611,410940,265511,111602,153909,570040,313009,257031
29,579,gulbarga,Urban,0-6,110400,56902,53498,110400,56902,53498,0,0,0
29,579,gulbarga,Urban,7,17040,8863,8177,2962,1528,1434,14078,7335,6743
29,579,gulbarga,Urban,8,17376,9114,8262,1527,729,798,15849,8385,7464
29,579,gulbarga,Urban,9,16344,8566,7778,1177,545,632,15167,8021,7146
29,579,gulbarga,Urban,10,20010,10644,9366,1654,811,843,18356,9833,8523
29,579,gulbarga,Urban,11,17592,9035,8557,1072,508,564,16520,8527,7993
29,579,gulbarga,Urban,12,19212,9957,9255,1329,613,716,17883,9344,8539
29,579,gulbarga,Urban,13,16310,8423,7887,993,445,548,15317,7978,7339
29,579,gulbarga,Urban,14,17437,8931,8506,1220,597,623,16217,8334,7883
29,579,gulbarga,Urban,15,17625,9057,8568,1485,715,770,16140,8342,7798
29,579,gulbarga,Urban,16,18313,9329,8984,1494,735,759,16819,8594,8225
29,579,gulbarga,Urban,17,16771,8592,8179,1387,655,732,15384,7937,7447
29,579,gulbarga,Urban,18,22709,11607,11102,2519,1190,1329,20190,10417,9773
29,579,gulbarga,Urban,19,17467,8574,8893,1948,790,1158,15519,7784,7735
29,579,gulbarga,Urban,20-24,89285,44958,44327,11869,4707,7162,77416,40251,37165
29,579,gulbarga,Urban,25-29,77391,37549,39842,13915,4897,9018,63476,32652,30824
29,579,gulbarga,Urban,30-34,60222,30492,29730,13230,4674,8556,46992,25818,21174
29,579,gulbarga,Urban,35-39,59075,29286,29789,15880,5050,10830,43195,24236,18959
29,579,gulbarga,Urban,40-44,48332,25254,23078,14777,5066,9711,33555,20188,13367
29,579,gulbarga,Urban,45-49,42216,21847,20369,14296,4841,9455,27920,17006,10914
29,579,gulbarga,Urban,50-54,31821,16967,14854,11734,4014,7720,20087,12953,7134
29,579,gulbarga,Urban,55-59,23841,11971,11870,9124,2561,6563,14717,9410,5307
29,579,gulbarga,Urban,60-64,22749,11159,11590,11014,3370,7644,11735,7789,3946
29,579,gulbarga,Urban,65-69,14138,7055,7083,6716,2030,4686,7422,5025,2397
29,579,gulbarga,Urban,70-74,9927,4936,4991,5500,1745,3755,4427,3191,1236
29,579,gulbarga,Urban,75-79,4624,2200,2424,2429,698,1731,2195,1502,693
29,579,gulbarga,Urban,80+,6388,2823,3565,3564,1054,2510,2824,1769,1055
29,579,gulbarga,Urban,Age not stated,936,520,416,296,132,164,640,388,252
29,580,yadgir,Total,All ages,1174271,590329,583942,664268,283578,380690,510003,306751,203252
29,580,yadgir,Total,0-6,190279,97522,92757,190279,97522,92757,0,0,0
29,580,yadgir,Total,7,26280,13440,12840,8787,4182,4605,17493,9258,8235
29,580,yadgir,Total,8,28772,14853,13919,6121,2657,3464,22651,12196,10455
29,580,yadgir,Total,9,26869,13708,13161,4490,1911,2579,22379,11797,10582
29,580,yadgir,Total,10,33478,17167,16311,6860,2877,3983,26618,14290,12328
29,580,yadgir,Total,11,25572,13180,12392,4257,1698,2559,21315,11482,9833
29,580,yadgir,Total,12,30990,15836,15154,7095,2753,4342,23895,13083,10812
29,580,yadgir,Total,13,24061,12517,11544,5184,2028,3156,18877,10489,8388
29,580,yadgir,Total,14,26803,14045,12758,6283,2628,3655,20520,11417,9103
29,580,yadgir,Total,15,26906,14507,12399,7351,3238,4113,19555,11269,8286
29,580,yadgir,Total,16,27134,14730,12404,7831,3531,4300,19303,11199,8104
29,580,yadgir,Total,17,19471,10564,8907,5287,2350,2937,14184,8214,5970
29,580,yadgir,Total,18,32721,17885,14836,11585,5156,6429,21136,12729,8407
29,580,yadgir,Total,19,19636,10037,9599,6745,2518,4227,12891,7519,5372
29,580,yadgir,Total,20-24,104956,54143,50813,43740,16931,26809,61216,37212,24004
29,580,yadgir,Total,25-29,94523,46570,47953,48084,18191,29893,46439,28379,18060
29,580,yadgir,Total,30-34,76028,37641,38387,43066,16711,26355,32962,20930,12032
29,580,yadgir,Total,35-39,75560,36642,38918,46295,17550,28745,29265,19092,10173
29,580,yadgir,Total,40-44,61431,31859,29572,40145,17017,23128,21286,14842,6444
29,580,yadgir,Total,45-49,54203,26930,27273,36742,14798,21944,17461,12132,5329
29,580,yadgir,Total,50-54,42771,21352,21419,30391,12478,17913,12380,8874,3506
29,580,yadgir,Total,55-59,33066,14717,18349,24189,8449,15740,8877,6268,2609
29,580,yadgir,Total,60-64,35798,16121,19677,27863,10361,17502,7935,5760,2175
29,580,yadgir,Total,65-69,24263,10664,13599,18890,6739,12151,5373,3925,1448
29,580,yadgir,Total,70-74,17295,7625,9670,14211,5298,8913,3084,2327,757
29,580,yadgir,Total,75-79,6870,2803,4067,5601,1865,3736,1269,938,331
29,580,yadgir,Total,80+,8123,3043,5080,6695,2046,4649,1428,997,431
29,580,yadgir,Total,Age not stated,412,228,184,201,95,106,211,133,78
29,580,yadgir,Rural,All ages,953594,479078,474516,579350,248080,331270,374244,230998,143246
29,580,yadgir,Rural,0-6,158127,80922,77205,158127,80922,77205,0,0,0
29,580,yadgir,Rural,7,21538,10987,10551,7544,3538,4006,13994,7449,6545
29,580,yadgir,Rural,8,23679,12233,11446,5444,2328,3116,18235,9905,8330
29,580,yadgir,Rural,9,22193,11283,10910,4026,1688,2338,18167,9595,8572
29,580,yadgir,Rural,10,27590,14093,13497,6199,2579,3620,21391,11514,9877
29,580,yadgir,Rural,11,20778,10734,10044,3872,1516,2356,16906,9218,7688
29,580,yadgir,Rural,12,25382,12947,12435,6444,2459,3985,18938,10488,8450
29,580,yadgir,Rural,13,19740,10252,9488,4727,1831,2896,15013,8421,6592
29,580,yadgir,Rural,14,21883,11522,10361,5735,2386,3349,16148,9136,7012
29,580,yadgir,Rural,15,22084,11937,10147,6707,2932,3775,15377,9005,6372
29,580,yadgir,Rural,16,22045,12074,9971,7102,3179,3923,14943,8895,6048
29,580,yadgir,Rural,17,15420,8508,6912,4817,2147,2670,10603,6361,4242
29,580,yadgir,Rural,18,26557,14689,11868,10453,4621,5832,16104,10068,6036
29,580,yadgir,Rural,19,15466,7995,7471,6126,2300,3826,9340,5695,3645
29,580,yadgir,Rural,20-24,83429,43218,40211,39488,15272,24216,43941,27946,15995
29,580,yadgir,Rural,25-29,75214,37153,38061,43207,16433,26774,32007,20720,11287
29,580,yadgir,Rural,30-34,60198,29722,30476,38465,15097,23368,21733,14625,7108
29,580,yadgir,Rural,35-39,60266,29016,31250,41085,15732,25353,19181,13284,5897
29,580,yadgir,Rural,40-44,49258,25355,23903,35454,15308,20146,13804,10047,3757
29,580,yadgir,Rural,45-49,43569,21463,22106,32249,13236,19013,11320,8227,3093
29,580,yadgir,Rural,50-54,34726,17289,17437,26627,11178,15449,8099,6111,1988
29,580,yadgir,Rural,55-59,27133,11945,15188,21319,7622,13697,5814,4323,1491
29,580,yadgir,Rural,60-64,29870,13466,16404,24467,9376,15091,5403,4090,1313
29,580,yadgir,Rural,65-69,20254,8905,11349,16535,6089,10446,3719,2816,903
29,580,yadgir,Rural,70-74,14450,6369,8081,12344,4740,7604,2106,1629,477
29,580,yadgir,Rural,75-79,5632,2253,3379,4845,1653,3192,787,600,187
29,580,yadgir,Rural,80+,6732,2538,4194,5746,1824,3922,986,714,272
29,580,yadgir,Rural,Age not stated,381,210,171,196,94,102,185,116,69
29,580,yadgir,Urban,All ages,220677,111251,109426,84918,35498,49420,135759,75753,60006
29,580,yadgir,Urban,0-6,32152,16600,15552,32152,16600,15552,0,0,0
29,580,yadgir,Urban,7,4742,2453,2289,1243,644,599,3499,1809,1690
29,580,yadgir,Urban,8,5093,2620,2473,677,329,348,4416,2291,2125
29,580,yadgir,Urban,9,4676,2425,2251,464,223,241,4212,2202,2010
29,580,yadgir,Urban,10,5888,3074,2814,661,298,363,5227,2776,2451
29,580,yadgir,Urban,11,4794,2446,2348,385,182,203,4409,2264,2145
29,580,yadgir,Urban,12,5608,2889,2719,651,294,357,4957,2595,2362
29,580,yadgir,Urban,13,4321,2265,2056,457,197,260,3864,2068,1796
29,580,yadgir,Urban,14,4920,2523,2397,548,242,306,4372,2281,2091
29,580,yadgir,Urban,15,4822,2570,2252,644,306,338,4178,2264,1914
29,580,yadgir,Urban,16,5089,2656,2433,729,352,377,4360,2304,2056
29,580,yadgir,Urban,17,4051,2056,1995,470,203,267,3581,1853,1728
29,580,yadgir,Urban,18,6164,3196,2968,1132,535,597,5032,2661,2371
29,580,yadgir,Urban,19,4170,2042,2128,619,218,401,3551,1824,1727
29,580,yadgir,Urban,20-24,21527,10925,10602,4252,1659,2593,17275,9266,8009
29,580,yadgir,Urban,25-29,19309,9417,9892,4877,1758,3119,14432,7659,6773
29,580,yadgir,Urban,30-34,15830,7919,7911,4601,1614,2987,11229,6305,4924
29,580,yadgir,Urban,35-39,15294,7626,7668,5210,1818,3392,10084,5808,4276
29,580,yadgir,Urban,40-44,12173,6504,5669,4691,1709,2982,7482,4795,2687
29,580,yadgir,Urban,45-49,10634,5467,5167,4493,1562,2931,6141,3905,2236
29,580,yadgir,Urban,50-54,8045,4063,3982,3764,1300,2464,4281,2763,1518
29,580,yadgir,Urban,55-59,5933,2772,3161,2870,827,2043,3063,1945,1118
29,580,yadgir,Urban,60-64,5928,2655,3273,3396,985,2411,2532,1670,862
29,580,yadgir,Urban,65-69,4009,1759,2250,2355,650,1705,1654,1109,545
29,580,yadgir,Urban,70-74,2845,1256,1589,1867,558,1309,978,698,280
29,580,yadgir,Urban,75-79,1238,550,688,756,212,544,482,338,144
29,580,yadgir,Urban,80+,1391,505,886,949,222,727,442,283,159
29,580,yadgir,Urban,Age not stated,31,18,13,5,1,4,26,17,9
29,581,kolar,Total,All ages,1536401,776396,760005,520182,212286,307896,1016219,564110,452109
29,581,kolar,Total,0-6,170423,86845,83578,170423,86845,83578,0,0,0
29,581,kolar,Total,7,25693,13173,12520,5046,2553,2493,20647,10620,10027
29,581,kolar,Total,8,25827,13089,12738,1736,864,872,24091,12225,11866
29,581,kolar,Total,9,26373,13493,12880,963,478,485,25410,13015,12395
29,581,kolar,Total,10,30600,15653,14947,1127,539,588,29473,15114,14359
29,581,kolar,Total,11,29393,14884,14509,649,288,361,28744,14596,14148
29,581,kolar,Total,12,30667,15625,15042,743,336,407,29924,15289,14635
29,581,kolar,Total,13,29486,15042,14444,638,280,358,28848,14762,14086
29,581,kolar,Total,14,30555,15769,14786,776,367,409,29779,15402,14377
29,581,kolar,Total,15,31543,16576,14967,1038,470,568,30505,16106,14399
29,581,kolar,Total,16,30361,15602,14759,1040,474,566,29321,15128,14193
29,581,kolar,Total,17,28307,14675,13632,924,405,519,27383,14270,13113
29,581,kolar,Total,18,35599,18430,17169,1677,668,1009,33922,17762,16160
29,581,kolar,Total,19,29567,14977,14590,1450,528,922,28117,14449,13668
29,581,kolar,Total,20-24,147972,75342,72630,11658,3931,7727,136314,71411,64903
29,581,kolar,Total,25-29,139133,68857,70276,20755,6439,14316,118378,62418,55960
29,581,kolar,Total,30-34,112478,56603,55875,24555,7818,16737,87923,48785,39138
29,581,kolar,Total,35-39,120269,58550,61719,37320,11336,25984,82949,47214,35735
29,581,kolar,Total,40-44,96249,49606,46643,36786,13006,23780,59463,36600,22863
29,581,kolar,Total,45-49,90384,46808,43576,40394,15045,25349,49990,31763,18227
29,581,kolar,Total,50-54,66910,34906,32004,32468,12539,19929,34442,22367,12075
29,581,kolar,Total,55-59,52473,26302,26171,26395,9221,17174,26078,17081,8997
29,581,kolar,Total,60-64,51846,25191,26655,31116,11082,20034,20730,14109,6621
29,581,kolar,Total,65-69,39441,18717,20724,25570,9177,16393,13871,9540,4331
29,581,kolar,Total,70-74,29711,14811,14900,20591,8319,12272,9120,6492,2628
29,581,kolar,Total,75-79,14856,7558,7298,10091,4092,5999,4765,3466,1299
29,581,kolar,Total,80+,19003,8631,10372,13862,5037,8825,5141,3594,1547
29,581,kolar,Total,Age not stated,1282,681,601,391,149,242,891,532,359
29,581,kolar,Rural,All ages,1056328,535431,520897,406907,163646,243261,649421,371785,277636
29,581,kolar,Rural,0-6,116231,59459,56772,116231,59459,56772,0,0,0
29,581,kolar,Rural,7,17213,8854,8359,3353,1701,1652,13860,7153,6707
29,581,kolar,Rural,8,17508,8913,8595,1120,556,564,16388,8357,8031
29,581,kolar,Rural,9,18043,9203,8840,618,296,322,17425,8907,8518
29,581,kolar,Rural,10,20873,10590,10283,773,355,418,20100,10235,9865
29,581,kolar,Rural,11,19856,10113,9743,433,191,242,19423,9922,9501
29,581,kolar,Rural,12,21048,10667,10381,533,235,298,20515,10432,10083
29,581,kolar,Rural,13,20389,10411,9978,468,196,272,19921,10215,9706
29,581,kolar,Rural,14,21127,10933,10194,544,249,295,20583,10684,9899
29,581,kolar,Rural,15,22032,11561,10471,756,335,421,21276,11226,10050
29,581,kolar,Rural,16,20823,10751,10072,764,333,431,20059,10418,9641
29,581,kolar,Rural,17,19049,9960,9089,660,281,379,18389,9679,8710
29,581,kolar,Rural,18,24583,12933,11650,1247,477,770,23336,12456,10880
29,581,kolar,Rural,19,19679,10066,9613,1054,348,706,18625,9718,8907
29,581,kolar,Rural,20-24,98333,51360,46973,8704,2724,5980,89629,48636,40993
29,581,kolar,Rural,25-29,93470,46871,46599,16403,4731,11672,77067,42140,34927
29,581,kolar,Rural,30-34,74874,37488,37386,20049,6052,13997,54825,31436,23389
29,581,kolar,Rural,35-39,82054,39650,42404,31096,9120,21976,50958,30530,20428
29,581,kolar,Rural,40-44,66008,33968,32040,31084,10894,20190,34924,23074,11850
29,581,kolar,Rural,45-49,62105,32170,29935,34225,12805,21420,27880,19365,8515
29,581,kolar,Rural,50-54,45739,23707,22032,27533,10788,16745,18206,12919,5287
29,581,kolar,Rural,55-59,36015,17711,18304,22462,7976,14486,13553,9735,3818
29,581,kolar,Rural,60-64,37939,18110,19829,26396,9628,16768,11543,8482,3061
29,581,kolar,Rural,65-69,30494,14558,15936,22038,8158,13880,8456,6400,2056
29,581,kolar,Rural,70-74,23353,11945,11408,17737,7506,10231,5616,4439,1177
29,581,kolar,Rural,75-79,11466,5970,5496,8581,3660,4921,2885,2310,575
29,581,kolar,Rural,80+,15008,6968,8040,11721,4461,7260,3287,2507,780
29,581,kolar,Rural,Age not stated,1016,541,475,324,131,193,692,410,282
29,581,kolar,Urban,All ages,480073,240965,239108,113275,48640,64635,366798,192325,174473
29,581,kolar,Urban,0-6,54192,27386,26806,54192,27386,26806,0,0,0
29,581,kolar,Urban,7,8480,4319,4161,1693,852,841,6787,3467,3320
29,581,kolar,Urban,8,8319,4176,4143,616,308,308,7703,3868,3835
29,581,kolar,Urban,9,8330,4290,4040,345,182,163,7985,4108,3877
29,581,kolar,Urban,10,9727,5063,4664,354,184,170,9373,4879,4494
29,581,kolar,Urban,11,9537,4771,4766,216,97,119,9321,4674,4647
29,581,kolar,Urban,12,9619,4958,4661,210,101,109,9409,4857,4552
29,581,kolar,Urban,13,9097,4631,4466,170,84,86,8927,4547,4380
29,581,kolar,Urban,14,9428,4836,4592,232,118,114,9196,4718,4478
29,581,kolar,Urban,15,9511,5015,4496,282,135,147,9229,4880,4349
29,581,kolar,Urban,16,9538,4851,4687,276,141,135,9262,4710,4552
29,581,kolar,Urban,17,9258,4715,4543,264,124,140,8994,4591,4403
29,581,kolar,Urban,18,11016,5497,5519,430,191,239,10586,5306,5280
29,581,kolar,Urban,19,9888,4911,4977,396,180,216,9492,4731,4761
29,581,kolar,Urban,20-24,49639,23982,25657,2954,1207,1747,46685,22775,23910
29,581,kolar,Urban,25-29,45663,21986,23677,4352,1708,2644,41311,20278,21033
29,581,kolar,Urban,30-34,37604,19115,18489,4506,1766,2740,33098,17349,15749
29,581,kolar,Urban,35-39,38215,18900,19315,6224,2216,4008,31991,16684,15307
29,581,kolar,Urban,40-44,30241,15638,14603,5702,2112,3590,24539,13526,11013
29,581,kolar,Urban,45-49,28279,14638,13641,6169,2240,3929,22110,12398,9712
29,581,kolar,Urban,50-54,21171,11199,9972,4935,1751,3184,16236,9448,6788
29,581,kolar,Urban,55-59,16458,8591,7867,3933,1245,2688,12525,7346,5179
29,581,kolar,Urban,60-64,13907,7081,6826,4720,1454,3266,9187,5627,3560
29,581,kolar,Urban,65-69,8947,4159,4788,3532,1019,2513,5415,3140,2275
29,581,kolar,Urban,70-74,6358,2866,3492,2854,813,2041,3504,2053,1451
29,581,kolar,Urban,75-79,3390,1588,1802,1510,432,1078,1880,1156,724
29,581,kolar,Urban,80+,3995,1663,2332,2141,576,1565,1854,1087,767
29,581,kolar,Urban,Age not stated,266,140,126,67,18,49,199,122,77
29,582,chikkaballapura,Total,All ages,1255104,636437,618667,471882,194279,277603,783222,442158,341064
29,582,chikkaballapura,Total,0-6,132286,67734,64552,132286,67734,64552,0,0,0
29,582,chikkaballapura,Total,7,19800,10130,9670,3764,1934,1830,16036,8196,7840
29,582,chikkaballapura,Total,8,20520,10372,10148,1400,688,712,19120,9684,9436
29,582,chikkaballapura,Total,9,20613,10448,10165,871,439,432,19742,10009,9733
29,582,chikkaballapura,Total,10,24504,12643,11861,1134,572,562,23370,12071,11299
29,582,chikkaballapura,Total,11,23413,11865,11548,693,320,373,22720,11545,11175
29,582,chikkaballapura,Total,12,25165,12970,12195,674,301,373,24491,12669,11822
29,582,chikkaballapura,Total,13,24225,12710,11515,607,271,336,23618,12439,11179
29,582,chikkaballapura,Total,14,25118,13335,11783,757,338,419,24361,12997,11364
29,582,chikkaballapura,Total,15,25769,13901,11868,950,441,509,24819,13460,11359
29,582,chikkaballapura,Total,16,24608,13049,11559,848,362,486,23760,12687,11073
29,582,chikkaballapura,Total,17,22608,12099,10509,839,380,459,21769,11719,10050
29,582,chikkaballapura,Total,18,29327,15627,13700,1565,664,901,27762,14963,12799
29,582,chikkaballapura,Total,19,23153,11659,11494,1347,529,818,21806,11130,10676
29,582,chikkaballapura,Total,20-24,115758,59599,56159,11328,3819,7509,104430,55780,48650
29,582,chikkaballapura,Total,25-29,109584,53868,55716,19860,6157,13703,89724,47711,42013
29,582,chikkaballapura,Total,30-34,91348,45166,46182,24773,8015,16758,66575,37151,29424
29,582,chikkaballapura,Total,35-39,99508,47771,51737,37110,11706,25404,62398,36065,26333
29,582,chikkaballapura,Total,40-44,81919,42185,39734,37211,13800,23411,44708,28385,16323
29,582,chikkaballapura,Total,45-49,77524,40281,37243,40396,15764,24632,37128,24517,12611
29,582,chikkaballapura,Total,50-54,58068,29873,28195,33561,13259,20302,24507,16614,7893
29,582,chikkaballapura,Total,55-59,46215,22993,23222,27376,10274,17102,18839,12719,6120
29,582,chikkaballapura,Total,60-64,45863,22628,23235,30638,11884,18754,15225,10744,4481
29,582,chikkaballapura,Total,65-69,34962,17079,17883,24153,9450,14703,10809,7629,3180
29,582,chikkaballapura,Total,70-74,25269,12874,12395,18404,7745,10659,6865,5129,1736
29,582,chikkaballapura,Total,75-79,11648,5867,5781,8292,3385,4907,3356,2482,874
29,582,chikkaballapura,Total,80+,14839,6801,8038,10650,3896,6754,4189,2905,1284
29,582,chikkaballapura,Total,Age not stated,1490,910,580,395,152,243,1095,758,337
29,582,chikkaballapura,Rural,All ages,973985,494463,479522,393754,160123,233631,580231,334340,245891
29,582,chikkaballapura,Rural,0-6,100028,51117,48911,100028,51117,48911,0,0,0
29,582,chikkaballapura,Rural,7,14907,7613,7294,2973,1503,1470,11934,6110,5824
29,582,chikkaballapura,Rural,8,15450,7781,7669,1126,531,595,14324,7250,7074
29,582,chikkaballapura,Rural,9,15724,7996,7728,680,351,329,15044,7645,7399
29,582,chikkaballapura,Rural,10,18668,9626,9042,887,452,435,17781,9174,8607
29,582,chikkaballapura,Rural,11,17917,9152,8765,531,249,282,17386,8903,8483
29,582,chikkaballapura,Rural,12,19076,9901,9175,496,224,272,18580,9677,8903
29,582,chikkaballapura,Rural,13,18686,9854,8832,454,201,253,18232,9653,8579
29,582,chikkaballapura,Rural,14,19381,10366,9015,556,246,310,18825,10120,8705
29,582,chikkaballapura,Rural,15,19979,10936,9043,697,320,377,19282,10616,8666
29,582,chikkaballapura,Rural,16,18844,10121,8723,626,257,369,18218,9864,8354
29,582,chikkaballapura,Rural,17,16986,9211,7775,585,271,314,16401,8940,7461
29,582,chikkaballapura,Rural,18,22453,12172,10281,1141,475,666,21312,11697,9615
29,582,chikkaballapura,Rural,19,17369,8872,8497,995,368,627,16374,8504,7870
29,582,chikkaballapura,Rural,20-24,87541,46012,41529,8786,2754,6032,78755,43258,35497
29,582,chikkaballapura,Rural,25-29,83346,41273,42073,16248,4722,11526,67098,36551,30547
29,582,chikkaballapura,Rural,30-34,69311,34136,35175,20990,6533,14457,48321,27603,20718
29,582,chikkaballapura,Rural,35-39,76505,36342,40163,31860,9800,22060,44645,26542,18103
29,582,chikkaballapura,Rural,40-44,64146,32633,31513,32417,11872,20545,31729,20761,10968
29,582,chikkaballapura,Rural,45-49,61622,31729,29893,35463,13840,21623,26159,17889,8270
29,582,chikkaballapura,Rural,50-54,46639,23801,22838,29635,11786,17849,17004,12015,4989
29,582,chikkaballapura,Rural,55-59,37130,18292,18838,24137,9105,15032,12993,9187,3806
29,582,chikkaballapura,Rural,60-64,38002,18780,19222,27233,10789,16444,10769,7991,2778
29,582,chikkaballapura,Rural,65-69,29433,14450,14983,21584,8556,13028,7849,5894,1955
29,582,chikkaballapura,Rural,70-74,21453,11007,10446,16449,7062,9387,5004,3945,1059
29,582,chikkaballapura,Rural,75-79,9738,4925,4813,7359,3058,4301,2379,1867,512
29,582,chikkaballapura,Rural,80+,12552,5776,6776,9452,3539,5913,3100,2237,863
29,582,chikkaballapura,Rural,Age not stated,1099,589,510,366,142,224,733,447,286
29,582,chikkaballapura,Urban,All ages,281119,141974,139145,78128,34156,43972,202991,107818,95173
29,582,chikkaballapura,Urban,0-6,32258,16617,15641,32258,16617,15641,0,0,0
29,582,chikkaballapura,Urban,7,4893,2517,2376,791,431,360,4102,2086,2016
29,582,chikkaballapura,Urban,8,5070,2591,2479,274,157,117,4796,2434,2362
29,582,chikkaballapura,Urban,9,4889,2452,2437,191,88,103,4698,2364,2334
29,582,chikkaballapura,Urban,10,5836,3017,2819,247,120,127,5589,2897,2692
29,582,chikkaballapura,Urban,11,5496,2713,2783,162,71,91,5334,2642,2692
29,582,chikkaballapura,Urban,12,6089,3069,3020,178,77,101,5911,2992,2919
29,582,chikkaballapura,Urban,13,5539,2856,2683,153,70,83,5386,2786,2600
29,582,chikkaballapura,Urban,14,5737,2969,2768,201,92,109,5536,2877,2659
29,582,chikkaballapura,Urban,15,5790,2965,2825,253,121,132,5537,2844,2693
29,582,chikkaballapura,Urban,16,5764,2928,2836,222,105,117,5542,2823,2719
29,582,chikkaballapura,Urban,17,5622,2888,2734,254,109,145,5368,2779,2589
29,582,chikkaballapura,Urban,18,6874,3455,3419,424,189,235,6450,3266,3184
29,582,chikkaballapura,Urban,19,5784,2787,2997,352,161,191,5432,2626,2806
29,582,chikkaballapura,Urban,20-24,28217,13587,14630,2542,1065,1477,25675,12522,13153
29,582,chikkaballapura,Urban,25-29,26238,12595,13643,3612,1435,2177,22626,11160,11466
29,582,chikkaballapura,Urban,30-34,22037,11030,11007,3783,1482,2301,18254,9548,8706
29,582,chikkaballapura,Urban,35-39,23003,11429,11574,5250,1906,3344,17753,9523,8230
29,582,chikkaballapura,Urban,40-44,17773,9552,8221,4794,1928,2866,12979,7624,5355
29,582,chikkaballapura,Urban,45-49,15902,8552,7350,4933,1924,3009,10969,6628,4341
29,582,chikkaballapura,Urban,50-54,11429,6072,5357,3926,1473,2453,7503,4599,2904
29,582,chikkaballapura,Urban,55-59,9085,4701,4384,3239,1169,2070,5846,3532,2314
29,582,chikkaballapura,Urban,60-64,7861,3848,4013,3405,1095,2310,4456,2753,1703
29,582,chikkaballapura,Urban,65-69,5529,2629,2900,2569,894,1675,2960,1735,1225
29,582,chikkaballapura,Urban,70-74,3816,1867,1949,1955,683,1272,1861,1184,677
29,582,chikkaballapura,Urban,75-79,1910,942,968,933,327,606,977,615,362
29,582,chikkaballapura,Urban,80+,2287,1025,1262,1198,357,841,1089,668,421
29,582,chikkaballapura,Urban,Age not stated,391,321,70,29,10,19,362,311,51
29,583,bangalore rural,Total,All ages,990923,509172,481751,302174,123861,178313,688749,385311,303438
29,583,bangalore rural,Total,0-6,107062,54908,52154,107062,54908,52154,0,0,0
29,583,bangalore rural,Total,7,14895,7492,7403,2679,1349,1330,12216,6143,6073
29,583,bangalore rural,Total,8,14913,7662,7251,813,433,380,14100,7229,6871
29,583,bangalore rural,Total,9,15688,8003,7685,764,369,395,14924,7634,7290
29,583,bangalore rural,Total,10,18472,9585,8887,974,489,485,17498,9096,8402
29,583,bangalore rural,Total,11,17417,8899,8518,490,234,256,16927,8665,8262
29,583,bangalore rural,Total,12,17364,9061,8303,275,128,147,17089,8933,8156
29,583,bangalore rural,Total,13,16839,8708,8131,252,116,136,16587,8592,7995
29,583,bangalore rural,Total,14,17155,9063,8092,288,143,145,16867,8920,7947
29,583,bangalore rural,Total,15,17147,9172,7975,369,184,185,16778,8988,7790
29,583,bangalore rural,Total,16,16947,8704,8243,325,159,166,16622,8545,8077
29,583,bangalore rural,Total,17,16637,8675,7962,338,157,181,16299,8518,7781
29,583,bangalore rural,Total,18,21816,11327,10489,658,310,348,21158,11017,10141
29,583,bangalore rural,Total,19,19547,9737,9810,566,243,323,18981,9494,9487
29,583,bangalore rural,Total,20-24,104190,53706,50484,5126,1854,3272,99064,51852,47212
29,583,bangalore rural,Total,25-29,99676,51089,48587,9435,3128,6307,90241,47961,42280
29,583,bangalore rural,Total,30-34,78740,41352,37388,12365,4035,8330,66375,37317,29058
29,583,bangalore rural,Total,35-39,80076,40247,39829,19451,5939,13512,60625,34308,26317
29,583,bangalore rural,Total,40-44,62550,33568,28982,19835,6857,12978,42715,26711,16004
29,583,bangalore rural,Total,45-49,56787,29686,27101,22200,7789,14411,34587,21897,12690
29,583,bangalore rural,Total,50-54,42099,21565,20534,19379,6864,12515,22720,14701,8019
29,583,bangalore rural,Total,55-59,32816,16518,16298,15709,5209,10500,17107,11309,5798
29,583,bangalore rural,Total,60-64,33166,16100,17066,19059,6628,12431,14107,9472,4635
29,583,bangalore rural,Total,65-69,25782,12687,13095,15652,5610,10042,10130,7077,3053
29,583,bangalore rural,Total,70-74,19367,9890,9477,12727,5050,7677,6640,4840,1800
29,583,bangalore rural,Total,75-79,9859,5129,4730,6288,2446,3842,3571,2683,888
29,583,bangalore rural,Total,80+,12994,6143,6851,8805,3101,5704,4189,3042,1147
29,583,bangalore rural,Total,Age not stated,922,496,426,290,129,161,632,367,265
29,583,bangalore rural,Rural,All ages,722179,371369,350810,237547,95912,141635,484632,275457,209175
29,583,bangalore rural,Rural,0-6,77405,39747,37658,77405,39747,37658,0,0,0
29,583,bangalore rural,Rural,7,10564,5344,5220,1805,920,885,8759,4424,4335
29,583,bangalore rural,Rural,8,10639,5467,5172,549,288,261,10090,5179,4911
29,583,bangalore rural,Rural,9,11188,5666,5522,535,259,276,10653,5407,5246
29,583,bangalore rural,Rural,10,13215,6814,6401,743,374,369,12472,6440,6032
29,583,bangalore rural,Rural,11,12434,6358,6076,346,165,181,12088,6193,5895
29,583,bangalore rural,Rural,12,12607,6539,6068,189,80,109,12418,6459,5959
29,583,bangalore rural,Rural,13,12266,6368,5898,184,82,102,12082,6286,5796
29,583,bangalore rural,Rural,14,12559,6656,5903,206,102,104,12353,6554,5799
29,583,bangalore rural,Rural,15,12571,6688,5883,243,126,117,12328,6562,5766
29,583,bangalore rural,Rural,16,12256,6274,5982,233,112,121,12023,6162,5861
29,583,bangalore rural,Rural,17,12061,6363,5698,233,104,129,11828,6259,5569
29,583,bangalore rural,Rural,18,15761,8354,7407,439,190,249,15322,8164,7158
29,583,bangalore rural,Rural,19,13899,7088,6811,398,164,234,13501,6924,6577
29,583,bangalore rural,Rural,20-24,74879,39349,35530,3681,1255,2426,71198,38094,33104
29,583,bangalore rural,Rural,25-29,70639,36738,33901,7031,2205,4826,63608,34533,29075
29,583,bangalore rural,Rural,30-34,55152,28893,26259,9631,2971,6660,45521,25922,19599
29,583,bangalore rural,Rural,35-39,56677,28203,28474,15615,4570,11045,41062,23633,17429
29,583,bangalore rural,Rural,40-44,45312,24016,21296,16357,5536,10821,28955,18480,10475
29,583,bangalore rural,Rural,45-49,41734,21603,20131,18303,6363,11940,23431,15240,8191
29,583,bangalore rural,Rural,50-54,31406,15855,15551,16225,5740,10485,15181,10115,5066
29,583,bangalore rural,Rural,55-59,24560,12152,12408,13141,4400,8741,11419,7752,3667
29,583,bangalore rural,Rural,60-64,26063,12559,13504,16229,5716,10513,9834,6843,2991
29,583,bangalore rural,Rural,65-69,20807,10249,10558,13503,4942,8561,7304,5307,1997
29,583,bangalore rural,Rural,70-74,15910,8204,7706,11019,4457,6562,4891,3747,1144
29,583,bangalore rural,Rural,75-79,8085,4251,3834,5458,2168,3290,2627,2083,544
29,583,bangalore rural,Rural,80+,10716,5132,5584,7592,2765,4827,3124,2367,757
29,583,bangalore rural,Rural,Age not stated,814,439,375,254,111,143,560,328,232
29,583,bangalore rural,Urban,All ages,268744,137803,130941,64627,27949,36678,204117,109854,94263
29,583,bangalore rural,Urban,0-6,29657,15161,14496,29657,15161,14496,0,0,0
29,583,bangalore rural,Urban,7,4331,2148,2183,874,429,445,3457,1719,1738
29,583,bangalore rural,Urban,8,4274,2195,2079,264,145,119,4010,2050,1960
29,583,bangalore rural,Urban,9,4500,2337,2163,229,110,119,4271,2227,2044
29,583,bangalore rural,Urban,10,5257,2771,2486,231,115,116,5026,2656,2370
29,583,bangalore rural,Urban,11,4983,2541,2442,144,69,75,4839,2472,2367
29,583,bangalore rural,Urban,12,4757,2522,2235,86,48,38,4671,2474,2197
29,583,bangalore rural,Urban,13,4573,2340,2233,68,34,34,4505,2306,2199
29,583,bangalore rural,Urban,14,4596,2407,2189,82,41,41,4514,2366,2148
29,583,bangalore rural,Urban,15,4576,2484,2092,126,58,68,4450,2426,2024
29,583,bangalore rural,Urban,16,4691,2430,2261,92,47,45,4599,2383,2216
29,583,bangalore rural,Urban,17,4576,2312,2264,105,53,52,4471,2259,2212
29,583,bangalore rural,Urban,18,6055,2973,3082,219,120,99,5836,2853,2983
29,583,bangalore rural,Urban,19,5648,2649,2999,168,79,89,5480,2570,2910
29,583,bangalore rural,Urban,20-24,29311,14357,14954,1445,599,846,27866,13758,14108
29,583,bangalore rural,Urban,25-29,29037,14351,14686,2404,923,1481,26633,13428,13205
29,583,bangalore rural,Urban,30-34,23588,12459,11129,2734,1064,1670,20854,11395,9459
29,583,bangalore rural,Urban,35-39,23399,12044,11355,3836,1369,2467,19563,10675,8888
29,583,bangalore rural,Urban,40-44,17238,9552,7686,3478,1321,2157,13760,8231,5529
29,583,bangalore rural,Urban,45-49,15053,8083,6970,3897,1426,2471,11156,6657,4499
29,583,bangalore rural,Urban,50-54,10693,5710,4983,3154,1124,2030,7539,4586,2953
29,583,bangalore rural,Urban,55-59,8256,4366,3890,2568,809,1759,5688,3557,2131
29,583,bangalore rural,Urban,60-64,7103,3541,3562,2830,912,1918,4273,2629,1644
29,583,bangalore rural,Urban,65-69,4975,2438,2537,2149,668,1481,2826,1770,1056
29,583,bangalore rural,Urban,70-74,3457,1686,1771,1708,593,1115,1749,1093,656
29,583,bangalore rural,Urban,75-79,1774,878,896,830,278,552,944,600,344
29,583,bangalore rural,Urban,80+,2278,1011,1267,1213,336,877,1065,675,390
29,583,bangalore rural,Urban,Age not stated,108,57,51,36,18,18,72,39,33
29,584,ramanagara,Total,All ages,1082636,548008,534628,407878,169547,238331,674758,378461,296297
29,584,ramanagara,Total,0-6,107841,54963,52878,107841,54963,52878,0,0,0
29,584,ramanagara,Total,7,15864,8279,7585,2439,1277,1162,13425,7002,6423
29,584,ramanagara,Total,8,16270,8378,7892,732,366,366,15538,8012,7526
29,584,ramanagara,Total,9,16360,8404,7956,504,269,235,15856,8135,7721
29,584,ramanagara,Total,10,19230,9999,9231,667,367,300,18563,9632,8931
29,584,ramanagara,Total,11,18638,9566,9072,366,175,191,18272,9391,8881
29,584,ramanagara,Total,12,18848,9752,9096,349,166,183,18499,9586,8913
29,584,ramanagara,Total,13,18518,9623,8895,291,148,143,18227,9475,8752
29,584,ramanagara,Total,14,18477,9689,8788,375,191,184,18102,9498,8604
29,584,ramanagara,Total,15,19247,10276,8971,576,288,288,18671,9988,8683
29,584,ramanagara,Total,16,18548,9580,8968,500,243,257,18048,9337,8711
29,584,ramanagara,Total,17,18354,9505,8849,500,239,261,17854,9266,8588
29,584,ramanagara,Total,18,24139,12704,11435,1071,496,575,23068,12208,10860
29,584,ramanagara,Total,19,20251,10282,9969,861,353,508,19390,9929,9461
29,584,ramanagara,Total,20-24,107167,56028,51139,7982,3142,4840,99185,52886,46299
29,584,ramanagara,Total,25-29,101330,52186,49144,14695,5260,9435,86635,46926,39709
29,584,ramanagara,Total,30-34,79583,40827,38756,18876,6811,12065,60707,34016,26691
29,584,ramanagara,Total,35-39,83276,39929,43347,30156,10200,19956,53120,29729,23391
29,584,ramanagara,Total,40-44,68764,35054,33710,31686,11995,19691,37078,23059,14019
29,584,ramanagara,Total,45-49,65707,33452,32255,35173,13849,21324,30534,19603,10931
29,584,ramanagara,Total,50-54,51961,25773,26188,30982,12040,18942,20979,13733,7246
29,584,ramanagara,Total,55-59,40132,19115,21017,24389,8694,15695,15743,10421,5322
29,584,ramanagara,Total,60-64,43781,20781,23000,30410,11587,18823,13371,9194,4177
29,584,ramanagara,Total,65-69,34412,16892,17520,24546,9836,14710,9866,7056,2810
29,584,ramanagara,Total,70-74,26263,13148,13115,19986,8391,11595,6277,4757,1520
29,584,ramanagara,Total,75-79,12358,6167,6191,9118,3671,5447,3240,2496,744
29,584,ramanagara,Total,80+,15878,6851,9027,12394,4346,8048,3484,2505,979
29,584,ramanagara,Total,Age not stated,1439,805,634,413,184,229,1026,621,405
29,584,ramanagara,Rural,All ages,814877,412438,402439,333566,136568,196998,481311,275870,205441
29,584,ramanagara,Rural,0-6,77329,39425,37904,77329,39425,37904,0,0,0
29,584,ramanagara,Rural,7,11208,5877,5331,1674,885,789,9534,4992,4542
29,584,ramanagara,Rural,8,11696,6017,5679,542,267,275,11154,5750,5404
29,584,ramanagara,Rural,9,11800,6007,5793,366,188,178,11434,5819,5615
29,584,ramanagara,Rural,10,13776,7161,6615,480,271,209,13296,6890,6406
29,584,ramanagara,Rural,11,13284,6780,6504,265,129,136,13019,6651,6368
29,584,ramanagara,Rural,12,13395,6920,6475,229,101,128,13166,6819,6347
29,584,ramanagara,Rural,13,13346,6960,6386,190,91,99,13156,6869,6287
29,584,ramanagara,Rural,14,13420,7074,6346,254,124,130,13166,6950,6216
29,584,ramanagara,Rural,15,14044,7523,6521,382,184,198,13662,7339,6323
29,584,ramanagara,Rural,16,13431,6984,6447,334,141,193,13097,6843,6254
29,584,ramanagara,Rural,17,13241,6948,6293,320,152,168,12921,6796,6125
29,584,ramanagara,Rural,18,17728,9497,8231,699,311,388,17029,9186,7843
29,584,ramanagara,Rural,19,14736,7526,7210,575,199,376,14161,7327,6834
29,584,ramanagara,Rural,20-24,78554,42112,36442,5552,2042,3510,73002,40070,32932
29,584,ramanagara,Rural,25-29,74606,39230,35376,11258,3770,7488,63348,35460,27888
29,584,ramanagara,Rural,30-34,57755,29600,28155,15204,5156,10048,42551,24444,18107
29,584,ramanagara,Rural,35-39,61548,29068,32480,25015,8140,16875,36533,20928,15605
29,584,ramanagara,Rural,40-44,51977,26060,25917,27062,10088,16974,24915,15972,8943
29,584,ramanagara,Rural,45-49,50694,25574,25120,30371,12016,18355,20323,13558,6765
29,584,ramanagara,Rural,50-54,41016,20080,20936,27051,10575,16476,13965,9505,4460
29,584,ramanagara,Rural,55-59,31826,14849,16977,21386,7671,13715,10440,7178,3262
29,584,ramanagara,Rural,60-64,36266,17077,19189,26942,10386,16556,9324,6691,2633
29,584,ramanagara,Rural,65-69,29480,14502,14978,22081,8958,13123,7399,5544,1855
29,584,ramanagara,Rural,70-74,22843,11499,11344,18128,7743,10385,4715,3756,959
29,584,ramanagara,Rural,75-79,10791,5387,5404,8312,3392,4920,2479,1995,484
29,584,ramanagara,Rural,80+,13820,6004,7816,11202,4011,7191,2618,1993,625
29,584,ramanagara,Rural,Age not stated,1267,697,570,363,152,211,904,545,359
29,584,ramanagara,Urban,All ages,267759,135570,132189,74312,32979,41333,193447,102591,90856
29,584,ramanagara,Urban,0-6,30512,15538,14974,30512,15538,14974,0,0,0
29,584,ramanagara,Urban,7,4656,2402,2254,765,392,373,3891,2010,1881
29,584,ramanagara,Urban,8,4574,2361,2213,190,99,91,4384,2262,2122
29,584,ramanagara,Urban,9,4560,2397,2163,138,81,57,4422,2316,2106
29,584,ramanagara,Urban,10,5454,2838,2616,187,96,91,5267,2742,2525
29,584,ramanagara,Urban,11,5354,2786,2568,101,46,55,5253,2740,2513
29,584,ramanagara,Urban,12,5453,2832,2621,120,65,55,5333,2767,2566
29,584,ramanagara,Urban,13,5172,2663,2509,101,57,44,5071,2606,2465
29,584,ramanagara,Urban,14,5057,2615,2442,121,67,54,4936,2548,2388
29,584,ramanagara,Urban,15,5203,2753,2450,194,104,90,5009,2649,2360
29,584,ramanagara,Urban,16,5117,2596,2521,166,102,64,4951,2494,2457
29,584,ramanagara,Urban,17,5113,2557,2556,180,87,93,4933,2470,2463
29,584,ramanagara,Urban,18,6411,3207,3204,372,185,187,6039,3022,3017
29,584,ramanagara,Urban,19,5515,2756,2759,286,154,132,5229,2602,2627
29,584,ramanagara,Urban,20-24,28613,13916,14697,2430,1100,1330,26183,12816,13367
29,584,ramanagara,Urban,25-29,26724,12956,13768,3437,1490,1947,23287,11466,11821
29,584,ramanagara,Urban,30-34,21828,11227,10601,3672,1655,2017,18156,9572,8584
29,584,ramanagara,Urban,35-39,21728,10861,10867,5141,2060,3081,16587,8801,7786
29,584,ramanagara,Urban,40-44,16787,8994,7793,4624,1907,2717,12163,7087,5076
29,584,ramanagara,Urban,45-49,15013,7878,7135,4802,1833,2969,10211,6045,4166
29,584,ramanagara,Urban,50-54,10945,5693,5252,3931,1465,2466,7014,4228,2786
29,584,ramanagara,Urban,55-59,8306,4266,4040,3003,1023,1980,5303,3243,2060
29,584,ramanagara,Urban,60-64,7515,3704,3811,3468,1201,2267,4047,2503,1544
29,584,ramanagara,Urban,65-69,4932,2390,2542,2465,878,1587,2467,1512,955
29,584,ramanagara,Urban,70-74,3420,1649,1771,1858,648,1210,1562,1001,561
29,584,ramanagara,Urban,75-79,1567,780,787,806,279,527,761,501,260
29,584,ramanagara,Urban,80+,2058,847,1211,1192,335,857,866,512,354
29,584,ramanagara,Urban,Age not stated,172,108,64,50,32,18,122,76,46
35,638,nicobars,Total,All ages,36842,20727,16115,11510,5330,6180,25332,15397,9935
35,638,nicobars,Total,0-6,4389,2256,2133,4389,2256,2133,0,0,0
35,638,nicobars,Total,7,523,284,239,119,65,54,404,219,185
35,638,nicobars,Total,8,430,207,223,51,29,22,379,178,201
35,638,nicobars,Total,9,463,241,222,47,26,21,416,215,201
35,638,nicobars,Total,10,598,301,297,39,22,17,559,279,280
35,638,nicobars,Total,11,573,281,292,44,26,18,529,255,274
35,638,nicobars,Total,12,471,245,226,19,10,9,452,235,217
35,638,nicobars,Total,13,511,259,252,21,9,12,490,250,240
35,638,nicobars,Total,14,531,283,248,19,9,10,512,274,238
35,638,nicobars,Total,15,550,298,252,16,8,8,534,290,244
35,638,nicobars,Total,16,540,282,258,17,11,6,523,271,252
35,638,nicobars,Total,17,513,277,236,18,4,14,495,273,222
35,638,nicobars,Total,18,597,333,264,29,11,18,568,322,246
35,638,nicobars,Total,19,573,346,227,22,18,4,551,328,223
35,638,nicobars,Total,20-24,3544,2143,1401,310,179,131,3234,1964,1270
35,638,nicobars,Total,25-29,3980,2375,1605,387,188,199,3593,2187,1406
35,638,nicobars,Total,30-34,3491,2008,1483,448,174,274,3043,1834,1209
35,638,nicobars,Total,35-39,3332,1854,1478,657,274,383,2675,1580,1095
35,638,nicobars,Total,40-44,2791,1636,1155,824,310,514,1967,1326,641
35,638,nicobars,Total,45-49,2474,1467,1007,895,358,537,1579,1109,470
35,638,nicobars,Total,50-54,1892,1086,806,808,345,463,1084,741,343
35,638,nicobars,Total,55-59,1380,792,588,625,260,365,755,532,223
35,638,nicobars,Total,60-64,972,544,428,576,250,326,396,294,102
35,638,nicobars,Total,65-69,722,369,353,474,190,284,248,179,69
35,638,nicobars,Total,70-74,454,259,195,290,135,155,164,124,40
35,638,nicobars,Total,75-79,242,142,100,169,81,88,73,61,12
35,638,nicobars,Total,80+,260,133,127,184,76,108,76,57,19
35,638,nicobars,Total,Age not stated,46,26,20,13,6,7,33,20,13
35,638,nicobars,Rural,All ages,36842,20727,16115,11510,5330,6180,25332,15397,9935
35,638,nicobars,Rural,0-6,4389,2256,2133,4389,2256,2133,0,0,0
35,638,nicobars,Rural,7,523,284,239,119,65,54,404,219,185
35,638,nicobars,Rural,8,430,207,223,51,29,22,379,178,201
35,638,nicobars,Rural,9,463,241,222,47,26,21,416,215,201
35,638,nicobars,Rural,10,598,301,297,39,22,17,559,279,280
35,638,nicobars,Rural,11,573,281,292,44,26,18,529,255,274
35,638,nicobars,Rural,12,471,245,226,19,10,9,452,235,217
35,638,nicobars,Rural,13,511,259,252,21,9,12,490,250,240
35,638,nicobars,Rural,14,531,283,248,19,9,10,512,274,238
35,638,nicobars,Rural,15,550,298,252,16,8,8,534,290,244
35,638,nicobars,Rural,16,540,282,258,17,11,6,523,271,252
35,638,nicobars,Rural,17,513,277,236,18,4,14,495,273,222
35,638,nicobars,Rural,18,597,333,264,29,11,18,568,322,246
35,638,nicobars,Rural,19,573,346,227,22,18,4,551,328,223
35,638,nicobars,Rural,20-24,3544,2143,1401,310,179,131,3234,1964,1270
35,638,nicobars,Rural,25-29,3980,2375,1605,387,188,199,3593,2187,1406
35,638,nicobars,Rural,30-34,3491,2008,1483,448,174,274,3043,1834,1209
35,638,nicobars,Rural,35-39,3332,1854,1478,657,274,383,2675,1580,1095
35,638,nicobars,Rural,40-44,2791,1636,1155,824,310,514,1967,1326,641
35,638,nicobars,Rural,45-49,2474,1467,1007,895,358,537,1579,1109,470
35,638,nicobars,Rural,50-54,1892,1086,806,808,345,463,1084,741,343
35,638,nicobars,Rural,55-59,1380,792,588,625,260,365,755,532,223
35,638,nicobars,Rural,60-64,972,544,428,576,250,326,396,294,102
35,638,nicobars,Rural,65-69,722,369,353,474,190,284,248,179,69
35,638,nicobars,Rural,70-74,454,259,195,290,135,155,164,124,40
35,638,nicobars,Rural,75-79,242,142,100,169,81,88,73,61,12
35,638,nicobars,Rural,80+,260,133,127,184,76,108,76,57,19
35,638,nicobars,Rural,Age not stated,46,26,20,13,6,7,33,20,13
35,638,nicobars,Urban,All ages,0,0,0,0,0,0,0,0,0
35,638,nicobars,Urban,0-6,0,0,0,0,0,0,0,0,0
35,638,nicobars,Urban,7,0,0,0,0,0,0,0,0,0
35,638,nicobars,Urban,8,0,0,0,0,0,0,0,0,0
35,638,nicobars,Urban,9,0,0,0,0,0,0,0,0,0
35,638,nicobars,Urban,10,0,0,0,0,0,0,0,0,0
35,638,nicobars,Urban,11,0,0,0,0,0,0,0,0,0
35,638,nicobars,Urban,12,0,0,0,0,0,0,0,0,0
35,638,nicobars,Urban,13,0,0,0,0,0,0,0,0,0
35,638,nicobars,Urban,14,0,0,0,0,0,0,0,0,0
35,638,nicobars,Urban,15,0,0,0,0,0,0,0,0,0
35,638,nicobars,Urban,16,0,0,0,0,0,0,0,0,0
35,638,nicobars,Urban,17,0,0,0,0,0,0,0,0,0
35,638,nicobars,Urban,18,0,0,0,0,0,0,0,0,0
35,638,nicobars,Urban,19,0,0,0,0,0,0,0,0,0
35,638,nicobars,Urban,20-24,0,0,0,0,0,0,0,0,0
35,638,nicobars,Urban,25-29,0,0,0,0,0,0,0,0,0
35,638,nicobars,Urban,30-34,0,0,0,0,0,0,0,0,0
35,638,nicobars,Urban,35-39,0,0,0,0,0,0,0,0,0
35,638,nicobars,Urban,40-44,0,0,0,0,0,0,0,0,0
35,638,nicobars,Urban,45-49,0,0,0,0,0,0,0,0,0
35,638,nicobars,Urban,50-54,0,0,0,0,0,0,0,0,0
35,638,nicobars,Urban,55-59,0,0,0,0,0,0,0,0,0
35,638,nicobars,Urban,60-64,0,0,0,0,0,0,0,0,0
35,638,nicobars,Urban,65-69,0,0,0,0,0,0,0,0,0
35,638,nicobars,Urban,70-74,0,0,0,0,0,0,0,0,0
35,638,nicobars,Urban,75-79,0,0,0,0,0,0,0,0,0
35,638,nicobars,Urban,80+,0,0,0,0,0,0,0,0,0
35,638,nicobars,Urban,Age not stated,0,0,0,0,0,0,0,0,0
35,639,north  & middle andaman,Total,All ages,105597,54861,50736,26914,11675,15239,78683,43186,35497
35,639,north  & middle andaman,Total,0-6,11828,5991,5837,11828,5991,5837,0,0,0
35,639,north  & middle andaman,Total,7,1870,971,899,409,221,188,1461,750,711
35,639,north  & middle andaman,Total,8,1836,947,889,120,65,55,1716,882,834
35,639,north  & middle andaman,Total,9,1873,939,934,106,47,59,1767,892,875
35,639,north  & middle andaman,Total,10,2099,1061,1038,103,49,54,1996,1012,984
35,639,north  & middle andaman,Total,11,2169,1086,1083,68,39,29,2101,1047,1054
35,639,north  & middle andaman,Total,12,2065,1018,1047,27,13,14,2038,1005,1033
35,639,north  & middle andaman,Total,13,2105,1083,1022,21,6,15,2084,1077,1007
35,639,north  & middle andaman,Total,14,2057,1077,980,23,15,8,2034,1062,972
35,639,north  & middle andaman,Total,15,2037,1043,994,36,19,17,2001,1024,977
35,639,north  & middle andaman,Total,16,1908,1000,908,32,9,23,1876,991,885
35,639,north  & middle andaman,Total,17,1803,953,850,30,15,15,1773,938,835
35,639,north  & middle andaman,Total,18,1917,976,941,55,21,34,1862,955,907
35,639,north  & middle andaman,Total,19,1709,873,836,53,20,33,1656,853,803
35,639,north  & middle andaman,Total,20-24,9386,4504,4882,484,149,335,8902,4355,4547
35,639,north  & middle andaman,Total,25-29,10688,5435,5253,786,281,505,9902,5154,4748
35,639,north  & middle andaman,Total,30-34,9113,4763,4350,795,298,497,8318,4465,3853
35,639,north  & middle andaman,Total,35-39,8583,4321,4262,1123,360,763,7460,3961,3499
35,639,north  & middle andaman,Total,40-44,6906,3812,3094,1439,530,909,5467,3282,2185
35,639,north  & middle andaman,Total,45-49,6139,3309,2830,1684,604,1080,4455,2705,1750
35,639,north  & middle andaman,Total,50-54,4638,2536,2102,1517,538,979,3121,1998,1123
35,639,north  & middle andaman,Total,55-59,3809,2097,1712,1442,530,912,2367,1567,800
35,639,north  & middle andaman,Total,60-64,3545,1879,1666,1707,595,1112,1838,1284,554
35,639,north  & middle andaman,Total,65-69,2184,1239,945,1105,448,657,1079,791,288
35,639,north  & middle andaman,Total,70-74,1514,913,601,858,374,484,656,539,117
35,639,north  & middle andaman,Total,75-79,817,501,316,452,205,247,365,296,69
35,639,north  & middle andaman,Total,80+,957,507,450,605,230,375,352,277,75
35,639,north  & middle andaman,Total,Age not stated,42,27,15,6,3,3,36,24,12
35,639,north  & middle andaman,Rural,All ages,102856,53457,49399,26235,11401,14834,76621,42056,34565
35,639,north  & middle andaman,Rural,0-6,11579,5873,5706,11579,5873,5706,0,0,0
35,639,north  & middle andaman,Rural,7,1828,952,876,408,220,188,1420,732,688
35,639,north  & middle andaman,Rural,8,1803,932,871,119,64,55,1684,868,816
35,639,north  & middle andaman,Rural,9,1832,919,913,103,46,57,1729,873,856
35,639,north  & middle andaman,Rural,10,2054,1038,1016,102,49,53,1952,989,963
35,639,north  & middle andaman,Rural,11,2124,1061,1063,68,39,29,2056,1022,1034
35,639,north  & middle andaman,Rural,12,2029,1000,1029,26,13,13,2003,987,1016
35,639,north  & middle andaman,Rural,13,2068,1061,1007,21,6,15,2047,1055,992
35,639,north  & middle andaman,Rural,14,2027,1057,970,23,15,8,2004,1042,962
35,639,north  & middle andaman,Rural,15,1986,1022,964,34,17,17,1952,1005,947
35,639,north  & middle andaman,Rural,16,1859,973,886,31,8,23,1828,965,863
35,639,north  & middle andaman,Rural,17,1750,924,826,29,14,15,1721,910,811
35,639,north  & middle andaman,Rural,18,1879,953,926,54,21,33,1825,932,893
35,639,north  & middle andaman,Rural,19,1659,845,814,53,20,33,1606,825,781
35,639,north  & middle andaman,Rural,20-24,9083,4357,4726,471,144,327,8612,4213,4399
35,639,north  & middle andaman,Rural,25-29,10382,5285,5097,775,280,495,9607,5005,4602
35,639,north  & middle andaman,Rural,30-34,8902,4652,4250,780,294,486,8122,4358,3764
35,639,north  & middle andaman,Rural,35-39,8375,4213,4162,1097,353,744,7278,3860,3418
35,639,north  & middle andaman,Rural,40-44,6748,3744,3004,1402,524,878,5346,3220,2126
35,639,north  & middle andaman,Rural,45-49,5953,3237,2716,1622,589,1033,4331,2648,1683
35,639,north  & middle andaman,Rural,50-54,4479,2452,2027,1453,515,938,3026,1937,1089
35,639,north  & middle andaman,Rural,55-59,3684,2024,1660,1395,512,883,2289,1512,777
35,639,north  & middle andaman,Rural,60-64,3420,1803,1617,1646,569,1077,1774,1234,540
35,639,north  & middle andaman,Rural,65-69,2119,1197,922,1074,430,644,1045,767,278
35,639,north  & middle andaman,Rural,70-74,1461,875,586,832,359,473,629,516,113
35,639,north  & middle andaman,Rural,75-79,798,487,311,445,202,243,353,285,68
35,639,north  & middle andaman,Rural,80+,933,494,439,587,222,365,346,272,74
35,639,north  & middle andaman,Rural,Age not stated,42,27,15,6,3,3,36,24,12
35,639,north  & middle andaman,Urban,All ages,2741,1404,1337,679,274,405,2062,1130,932
35,639,north  & middle andaman,Urban,0-6,249,118,131,249,118,131,0,0,0
35,639,north  & middle andaman,Urban,7,42,19,23,1,1,0,41,18,23
35,639,north  & middle andaman,Urban,8,33,15,18,1,1,0,32,14,18
35,639,north  & middle andaman,Urban,9,41,20,21,3,1,2,38,19,19
35,639,north  & middle andaman,Urban,10,45,23,22,1,0,1,44,23,21
35,639,north  & middle andaman,Urban,11,45,25,20,0,0,0,45,25,20
35,639,north  & middle andaman,Urban,12,36,18,18,1,0,1,35,18,17
35,639,north  & middle andaman,Urban,13,37,22,15,0,0,0,37,22,15
35,639,north  & middle andaman,Urban,14,30,20,10,0,0,0,30,20,10
35,639,north  & middle andaman,Urban,15,51,21,30,2,2,0,49,19,30
35,639,north  & middle andaman,Urban,16,49,27,22,1,1,0,48,26,22
35,639,north  & middle andaman,Urban,17,53,29,24,1,1,0,52,28,24
35,639,north  & middle andaman,Urban,18,38,23,15,1,0,1,37,23,14
35,639,north  & middle andaman,Urban,19,50,28,22,0,0,0,50,28,22
35,639,north  & middle andaman,Urban,20-24,303,147,156,13,5,8,290,142,148
35,639,north  & middle andaman,Urban,25-29,306,150,156,11,1,10,295,149,146
35,639,north  & middle andaman,Urban,30-34,211,111,100,15,4,11,196,107,89
35,639,north  & middle andaman,Urban,35-39,208,108,100,26,7,19,182,101,81
35,639,north  & middle andaman,Urban,40-44,158,68,90,37,6,31,121,62,59
35,639,north  & middle andaman,Urban,45-49,186,72,114,62,15,47,124,57,67
35,639,north  & middle andaman,Urban,50-54,159,84,75,64,23,41,95,61,34
35,639,north  & middle andaman,Urban,55-59,125,73,52,47,18,29,78,55,23
35,639,north  & middle andaman,Urban,60-64,125,76,49,61,26,35,64,50,14
35,639,north  & middle andaman,Urban,65-69,65,42,23,31,18,13,34,24,10
35,639,north  & middle andaman,Urban,70-74,53,38,15,26,15,11,27,23,4
35,639,north  & middle andaman,Urban,75-79,19,14,5,7,3,4,12,11,1
35,639,north  & middle andaman,Urban,80+,24,13,11,18,8,10,6,5,1
35,639,north  & middle andaman,Urban,Age not stated,0,0,0,0,0,0,0,0,0
35,640,south andaman,Total,All ages,238142,127283,110859,47876,21489,26387,190266,105794,84472
35,640,south andaman,Total,0-6,24661,12523,12138,24661,12523,12138,0,0,0
35,640,south andaman,Total,7,3825,1953,1872,498,259,239,3327,1694,1633
35,640,south andaman,Total,8,3674,1918,1756,133,64,69,3541,1854,1687
35,640,south andaman,Total,9,3836,1923,1913,136,63,73,3700,1860,1840
35,640,south andaman,Total,10,4354,2246,2108,140,83,57,4214,2163,2051
35,640,south andaman,Total,11,4187,2139,2048,76,42,34,4111,2097,2014
35,640,south andaman,Total,12,3938,1998,1940,37,12,25,3901,1986,1915
35,640,south andaman,Total,13,3881,2025,1856,41,23,18,3840,2002,1838
35,640,south andaman,Total,14,3928,2016,1912,46,20,26,3882,1996,1886
35,640,south andaman,Total,15,4141,2139,2002,63,27,36,4078,2112,1966
35,640,south andaman,Total,16,4051,2115,1936,48,28,20,4003,2087,1916
35,640,south andaman,Total,17,4091,2170,1921,60,26,34,4031,2144,1887
35,640,south andaman,Total,18,4356,2278,2078,98,57,41,4258,2221,2037
35,640,south andaman,Total,19,4240,2183,2057,115,70,45,4125,2113,2012
35,640,south andaman,Total,20-24,24185,12881,11304,856,407,449,23329,12474,10855
35,640,south andaman,Total,25-29,27054,14420,12634,1446,582,864,25608,13838,11770
35,640,south andaman,Total,30-34,23119,12588,10531,1574,640,934,21545,11948,9597
35,640,south andaman,Total,35-39,20927,10995,9932,2301,811,1490,18626,10184,8442
35,640,south andaman,Total,40-44,17038,9365,7673,2588,972,1616,14450,8393,6057
35,640,south andaman,Total,45-49,15248,8494,6754,2986,1078,1908,12262,7416,4846
35,640,south andaman,Total,50-54,10766,6088,4678,2459,907,1552,8307,5181,3126
35,640,south andaman,Total,55-59,8605,4981,3624,2305,874,1431,6300,4107,2193
35,640,south andaman,Total,60-64,5859,3384,2475,1974,784,1190,3885,2600,1285
35,640,south andaman,Total,65-69,3320,1822,1498,1246,453,793,2074,1369,705
35,640,south andaman,Total,70-74,2130,1206,924,850,296,554,1280,910,370
35,640,south andaman,Total,75-79,1192,652,540,493,170,323,699,482,217
35,640,south andaman,Total,80+,1256,639,617,591,201,390,665,438,227
35,640,south andaman,Total,Age not stated,280,142,138,55,17,38,225,125,100
35,640,south andaman,Rural,All ages,97395,52103,45292,21323,9596,11727,76072,42507,33565
35,640,south andaman,Rural,0-6,10447,5241,5206,10447,5241,5206,0,0,0
35,640,south andaman,Rural,7,1568,825,743,243,126,117,1325,699,626
35,640,south andaman,Rural,8,1490,799,691,63,31,32,1427,768,659
35,640,south andaman,Rural,9,1588,789,799,59,27,32,1529,762,767
35,640,south andaman,Rural,10,1784,932,852,52,28,24,1732,904,828
35,640,south andaman,Rural,11,1677,822,855,29,15,14,1648,807,841
35,640,south andaman,Rural,12,1596,789,807,16,4,12,1580,785,795
35,640,south andaman,Rural,13,1592,795,797,15,9,6,1577,786,791
35,640,south andaman,Rural,14,1591,807,784,20,8,12,1571,799,772
35,640,south andaman,Rural,15,1633,856,777,27,15,12,1606,841,765
35,640,south andaman,Rural,16,1611,850,761,20,11,9,1591,839,752
35,640,south andaman,Rural,17,1666,873,793,36,13,23,1630,860,770
35,640,south andaman,Rural,18,1806,942,864,34,21,13,1772,921,851
35,640,south andaman,Rural,19,1747,870,877,40,26,14,1707,844,863
35,640,south andaman,Rural,20-24,9913,5154,4759,346,164,182,9567,4990,4577
35,640,south andaman,Rural,25-29,11196,6015,5181,582,214,368,10614,5801,4813
35,640,south andaman,Rural,30-34,9418,5285,4133,633,267,366,8785,5018,3767
35,640,south andaman,Rural,35-39,8095,4357,3738,933,335,598,7162,4022,3140
35,640,south andaman,Rural,40-44,6420,3541,2879,1124,441,683,5296,3100,2196
35,640,south andaman,Rural,45-49,6005,3287,2718,1404,528,876,4601,2759,1842
35,640,south andaman,Rural,50-54,4304,2449,1855,1194,467,727,3110,1982,1128
35,640,south andaman,Rural,55-59,3598,2073,1525,1192,495,697,2406,1578,828
35,640,south andaman,Rural,60-64,2710,1552,1158,1036,423,613,1674,1129,545
35,640,south andaman,Rural,65-69,1628,911,717,691,276,415,937,635,302
35,640,south andaman,Rural,70-74,990,553,437,457,171,286,533,382,151
35,640,south andaman,Rural,75-79,566,323,243,266,93,173,300,230,70
35,640,south andaman,Rural,80+,664,365,299,345,141,204,319,224,95
35,640,south andaman,Rural,Age not stated,92,48,44,19,6,13,73,42,31
35,640,south andaman,Urban,All ages,140747,75180,65567,26553,11893,14660,114194,63287,50907
35,640,south andaman,Urban,0-6,14214,7282,6932,14214,7282,6932,0,0,0
35,640,south andaman,Urban,7,2257,1128,1129,255,133,122,2002,995,1007
35,640,south andaman,Urban,8,2184,1119,1065,70,33,37,2114,1086,1028
35,640,south andaman,Urban,9,2248,1134,1114,77,36,41,2171,1098,1073
35,640,south andaman,Urban,10,2570,1314,1256,88,55,33,2482,1259,1223
35,640,south andaman,Urban,11,2510,1317,1193,47,27,20,2463,1290,1173
35,640,south andaman,Urban,12,2342,1209,1133,21,8,13,2321,1201,1120
35,640,south andaman,Urban,13,2289,1230,1059,26,14,12,2263,1216,1047
35,640,south andaman,Urban,14,2337,1209,1128,26,12,14,2311,1197,1114
35,640,south andaman,Urban,15,2508,1283,1225,36,12,24,2472,1271,1201
35,640,south andaman,Urban,16,2440,1265,1175,28,17,11,2412,1248,1164
35,640,south andaman,Urban,17,2425,1297,1128,24,13,11,2401,1284,1117
35,640,south andaman,Urban,18,2550,1336,1214,64,36,28,2486,1300,1186
35,640,south andaman,Urban,19,2493,1313,1180,75,44,31,2418,1269,1149
35,640,south andaman,Urban,20-24,14272,7727,6545,510,243,267,13762,7484,6278
35,640,south andaman,Urban,25-29,15858,8405,7453,864,368,496,14994,8037,6957
35,640,south andaman,Urban,30-34,13701,7303,6398,941,373,568,12760,6930,5830
35,640,south andaman,Urban,35-39,12832,6638,6194,1368,476,892,11464,6162,5302
35,640,south andaman,Urban,40-44,10618,5824,4794,1464,531,933,9154,5293,3861
35,640,south andaman,Urban,45-49,9243,5207,4036,1582,550,1032,7661,4657,3004
35,640,south andaman,Urban,50-54,6462,3639,2823,1265,440,825,5197,3199,1998
35,640,south andaman,Urban,55-59,5007,2908,2099,1113,379,734,3894,2529,1365
35,640,south andaman,Urban,60-64,3149,1832,1317,938,361,577,2211,1471,740
35,640,south andaman,Urban,65-69,1692,911,781,555,177,378,1137,734,403
35,640,south andaman,Urban,70-74,1140,653,487,393,125,268,747,528,219
35,640,south andaman,Urban,75-79,626,329,297,227,77,150,399,252,147
35,640,south andaman,Urban,80+,592,274,318,246,60,186,346,214,132
35,640,south andaman,Urban,Age not stated,188,94,94,36,11,25,152,83,69
02,023,chamba,Total,All ages,519080,261320,257760,195238,75256,119982,323842,186064,137778
02,023,chamba,Total,0-6,70359,36024,34335,70359,36024,34335,0,0,0
02,023,chamba,Total,7,10895,5603,5292,2498,1239,1259,8397,4364,4033
02,023,chamba,Total,8,10605,5499,5106,988,431,557,9617,5068,4549
02,023,chamba,Total,9,10567,5401,5166,584,263,321,9983,5138,4845
02,023,chamba,Total,10,11753,6019,5734,637,282,355,11116,5737,5379
02,023,chamba,Total,11,11493,5927,5566,468,180,288,11025,5747,5278
02,023,chamba,Total,12,11025,5728,5297,474,179,295,10551,5549,5002
02,023,chamba,Total,13,10937,5558,5379,481,183,298,10456,5375,5081
02,023,chamba,Total,14,11085,5511,5574,492,168,324,10593,5343,5250
02,023,chamba,Total,15,10950,5571,5379,541,220,321,10409,5351,5058
02,023,chamba,Total,16,10697,5455,5242,537,194,343,10160,5261,4899
02,023,chamba,Total,17,10344,5275,5069,519,179,340,9825,5096,4729
02,023,chamba,Total,18,11028,5617,5411,787,244,543,10241,5373,4868
02,023,chamba,Total,19,9816,4904,4912,680,187,493,9136,4717,4419
02,023,chamba,Total,20-24,51043,25190,25853,5074,1244,3830,45969,23946,22023
02,023,chamba,Total,25-29,43958,22103,21855,7887,1857,6030,36071,20246,15825
02,023,chamba,Total,30-34,38352,19480,18872,9868,2252,7616,28484,17228,11256
02,023,chamba,Total,35-39,34264,17174,17090,12041,2929,9112,22223,14245,7978
02,023,chamba,Total,40-44,31035,15241,15794,13747,3622,10125,17288,11619,5669
02,023,chamba,Total,45-49,26955,13512,13443,13502,4106,9396,13453,9406,4047
02,023,chamba,Total,50-54,22446,11151,11295,12326,3898,8428,10120,7253,2867
02,023,chamba,Total,55-59,17482,8955,8527,9925,3264,6661,7557,5691,1866
02,023,chamba,Total,60-64,14627,7221,7406,9954,3700,6254,4673,3521,1152
02,023,chamba,Total,65-69,10069,4931,5138,7140,2743,4397,2929,2188,741
02,023,chamba,Total,70-74,7706,3683,4023,5987,2367,3620,1719,1316,403
02,023,chamba,Total,75-79,4001,1946,2055,3214,1368,1846,787,578,209
02,023,chamba,Total,80+,5235,2444,2791,4418,1884,2534,817,560,257
02,023,chamba,Total,Age not stated,353,197,156,110,49,61,243,148,95
02,023,chamba,Rural,All ages,482972,241963,241009,189289,72692,116597,293683,169271,124412
02,023,chamba,Rural,0-6,67015,34286,32729,67015,34286,32729,0,0,0
02,023,chamba,Rural,7,10315,5302,5013,2426,1208,1218,7889,4094,3795
02,023,chamba,Rural,8,9994,5142,4852,969,421,548,9025,4721,4304
02,023,chamba,Rural,9,9928,5049,4879,578,260,318,9350,4789,4561
02,023,chamba,Rural,10,11018,5610,5408,622,273,349,10396,5337,5059
02,023,chamba,Rural,11,10750,5508,5242,454,171,283,10296,5337,4959
02,023,chamba,Rural,12,10270,5311,4959,461,171,290,9809,5140,4669
02,023,chamba,Rural,13,10205,5173,5032,471,177,294,9734,4996,4738
02,023,chamba,Rural,14,10323,5108,5215,485,164,321,9838,4944,4894
02,023,chamba,Rural,15,10181,5189,4992,529,215,314,9652,4974,4678
02,023,chamba,Rural,16,10041,5072,4969,523,184,339,9518,4888,4630
02,023,chamba,Rural,17,9748,4978,4770,511,173,338,9237,4805,4432
02,023,chamba,Rural,18,10460,5304,5156,773,237,536,9687,5067,4620
02,023,chamba,Rural,19,9239,4600,4639,674,182,492,8565,4418,4147
02,023,chamba,Rural,20-24,47776,23405,24371,4983,1207,3776,42793,22198,20595
02,023,chamba,Rural,25-29,40494,20171,20323,7750,1806,5944,32744,18365,14379
02,023,chamba,Rural,30-34,35086,17660,17426,9699,2195,7504,25387,15465,9922
02,023,chamba,Rural,35-39,31301,15577,15724,11843,2885,8958,19458,12692,6766
02,023,chamba,Rural,40-44,28508,13901,14607,13515,3559,9956,14993,10342,4651
02,023,chamba,Rural,45-49,24658,12277,12381,13225,4026,9199,11433,8251,3182
02,023,chamba,Rural,50-54,20673,10219,10454,12091,3827,8264,8582,6392,2190
02,023,chamba,Rural,55-59,16119,8227,7892,9732,3213,6519,6387,5014,1373
02,023,chamba,Rural,60-64,13565,6674,6891,9719,3628,6091,3846,3046,800
02,023,chamba,Rural,65-69,9311,4578,4733,6947,2695,4252,2364,1883,481
02,023,chamba,Rural,70-74,7166,3412,3754,5817,2311,3506,1349,1101,248
02,023,chamba,Rural,75-79,3639,1766,1873,3096,1324,1772,543,442,101
02,023,chamba,Rural,80+,4868,2285,2583,4274,1845,2429,594,440,154
02,023,chamba,Rural,Age not stated,321,179,142,107,49,58,214,130,84
02,023,chamba,Urban,All ages,36108,19357,16751,5949,2564,3385,30159,16793,13366
02,023,chamba,Urban,0-6,3344,1738,1606,3344,1738,1606,0,0,0
02,023,chamba,Urban,7,580,301,279,72,31,41,508,270,238
02,023,chamba,Urban,8,611,357,254,19,10,9,592,347,245
02,023,chamba,Urban,9,639,352,287,6,3,3,633,349,284
02,023,chamba,Urban,10,735,409,326,15,9,6,720,400,320
02,023,chamba,Urban,11,743,419,324,14,9,5,729,410,319
02,023,chamba,Urban,12,755,417,338,13,8,5,742,409,333
02,023,chamba,Urban,13,732,385,347,10,6,4,722,379,343
02,023,chamba,Urban,14,762,403,359,7,4,3,755,399,356
02,023,chamba,Urban,15,769,382,387,12,5,7,757,377,380
02,023,chamba,Urban,16,656,383,273,14,10,4,642,373,269
02,023,chamba,Urban,17,596,297,299,8,6,2,588,291,297
02,023,chamba,Urban,18,568,313,255,14,7,7,554,306,248
02,023,chamba,Urban,19,577,304,273,6,5,1,571,299,272
02,023,chamba,Urban,20-24,3267,1785,1482,91,37,54,3176,1748,1428
02,023,chamba,Urban,25-29,3464,1932,1532,137,51,86,3327,1881,1446
02,023,chamba,Urban,30-34,3266,1820,1446,169,57,112,3097,1763,1334
02,023,chamba,Urban,35-39,2963,1597,1366,198,44,154,2765,1553,1212
02,023,chamba,Urban,40-44,2527,1340,1187,232,63,169,2295,1277,1018
02,023,chamba,Urban,45-49,2297,1235,1062,277,80,197,2020,1155,865
02,023,chamba,Urban,50-54,1773,932,841,235,71,164,1538,861,677
02,023,chamba,Urban,55-59,1363,728,635,193,51,142,1170,677,493
02,023,chamba,Urban,60-64,1062,547,515,235,72,163,827,475,352
02,023,chamba,Urban,65-69,758,353,405,193,48,145,565,305,260
02,023,chamba,Urban,70-74,540,271,269,170,56,114,370,215,155
02,023,chamba,Urban,75-79,362,180,182,118,44,74,244,136,108
02,023,chamba,Urban,80+,367,159,208,144,39,105,223,120,103
02,023,chamba,Urban,Age not stated,32,18,14,3,0,3,29,18,11
02,024,kangra,Total,All ages,1510075,750591,759484,357435,144148,213287,1152640,606443,546197
02,024,kangra,Total,0-6,164607,87741,76866,164607,87741,76866,0,0,0
02,024,kangra,Total,7,26049,13819,12230,3531,1872,1659,22518,11947,10571
02,024,kangra,Total,8,24142,12915,11227,1001,512,489,23141,12403,10738
02,024,kangra,Total,9,25292,14026,11266,827,417,410,24465,13609,10856
02,024,kangra,Total,10,29041,15955,13086,1311,642,669,27730,15313,12417
02,024,kangra,Total,11,26402,14445,11957,725,381,344,25677,14064,11613
02,024,kangra,Total,12,26230,14310,11920,404,192,212,25826,14118,11708
02,024,kangra,Total,13,26048,14020,12028,364,174,190,25684,13846,11838
02,024,kangra,Total,14,26713,14451,12262,390,190,200,26323,14261,12062
02,024,kangra,Total,15,26971,14447,12524,514,254,260,26457,14193,12264
02,024,kangra,Total,16,27282,14583,12699,454,211,243,26828,14372,12456
02,024,kangra,Total,17,26971,14466,12505,409,213,196,26562,14253,12309
02,024,kangra,Total,18,28928,15208,13720,621,302,319,28307,14906,13401
02,024,kangra,Total,19,26328,13513,12815,509,252,257,25819,13261,12558
02,024,kangra,Total,20-24,132145,63164,68981,3524,1435,2089,128621,61729,66892
02,024,kangra,Total,25-29,123432,56597,66835,4868,1718,3150,118564,54879,63685
02,024,kangra,Total,30-34,117860,55359,62501,5920,1929,3991,111940,53430,58510
02,024,kangra,Total,35-39,112860,53559,59301,8763,2573,6190,104097,50986,53111
02,024,kangra,Total,40-44,97313,46197,51116,12230,3155,9075,85083,43042,42041
02,024,kangra,Total,45-49,91139,44165,46974,15957,4022,11935,75182,40143,35039
02,024,kangra,Total,50-54,76764,37182,39582,17590,4040,13550,59174,33142,26032
02,024,kangra,Total,55-59,65241,32270,32971,18008,4014,13994,47233,28256,18977
02,024,kangra,Total,60-64,57462,28693,28769,22946,5906,17040,34516,22787,11729
02,024,kangra,Total,65-69,40778,20268,20510,19500,5200,14300,21278,15068,6210
02,024,kangra,Total,70-74,33352,15785,17567,19651,5767,13884,13701,10018,3683
02,024,kangra,Total,75-79,19459,9180,10279,12344,3894,8450,7115,5286,1829
02,024,kangra,Total,80+,26364,11786,14578,18923,6423,12500,7441,5363,2078
02,024,kangra,Total,Age not stated,4902,2487,2415,1544,719,825,3358,1768,1590
02,024,kangra,Rural,All ages,1423794,705365,718429,341352,136801,204551,1082442,568564,513878
02,024,kangra,Rural,0-6,156586,83419,73167,156586,83419,73167,0,0,0
02,024,kangra,Rural,7,24612,13053,11559,3311,1765,1546,21301,11288,10013
02,024,kangra,Rural,8,22776,12196,10580,921,469,452,21855,11727,10128
02,024,kangra,Rural,9,23893,13275,10618,758,379,379,23135,12896,10239
02,024,kangra,Rural,10,27449,15121,12328,1200,582,618,26249,14539,11710
02,024,kangra,Rural,11,24843,13597,11246,667,352,315,24176,13245,10931
02,024,kangra,Rural,12,24749,13472,11277,368,176,192,24381,13296,11085
02,024,kangra,Rural,13,24482,13138,11344,332,160,172,24150,12978,11172
02,024,kangra,Rural,14,25214,13666,11548,356,176,180,24858,13490,11368
02,024,kangra,Rural,15,25399,13603,11796,472,229,243,24927,13374,11553
02,024,kangra,Rural,16,25682,13698,11984,400,184,216,25282,13514,11768
02,024,kangra,Rural,17,25432,13647,11785,371,194,177,25061,13453,11608
02,024,kangra,Rural,18,27286,14322,12964,559,265,294,26727,14057,12670
02,024,kangra,Rural,19,24899,12737,12162,456,226,230,24443,12511,11932
02,024,kangra,Rural,20-24,124341,59128,65213,3194,1293,1901,121147,57835,63312
02,024,kangra,Rural,25-29,115579,52480,63099,4382,1513,2869,111197,50967,60230
02,024,kangra,Rural,30-34,110437,51579,58858,5395,1727,3668,105042,49852,55190
02,024,kangra,Rural,35-39,106069,50147,55922,8123,2336,5787,97946,47811,50135
02,024,kangra,Rural,40-44,91246,43115,48131,11522,2906,8616,79724,40209,39515
02,024,kangra,Rural,45-49,85543,41277,44266,15233,3757,11476,70310,37520,32790
02,024,kangra,Rural,50-54,72108,34689,37419,16958,3829,13129,55150,30860,24290
02,024,kangra,Rural,55-59,61485,30232,31253,17439,3820,13619,44046,26412,17634
02,024,kangra,Rural,60-64,54571,27122,27449,22345,5704,16641,32226,21418,10808
02,024,kangra,Rural,65-69,38882,19299,19583,19025,5048,13977,19857,14251,5606
02,024,kangra,Rural,70-74,31766,14995,16771,19104,5590,13514,12662,9405,3257
02,024,kangra,Rural,75-79,18496,8709,9787,11945,3753,8192,6551,4956,1595
02,024,kangra,Rural,80+,25225,11243,13982,18419,6246,12173,6806,4997,1809
02,024,kangra,Rural,Age not stated,4744,2406,2338,1511,703,808,3233,1703,1530
02,024,kangra,Urban,All ages,86281,45226,41055,16083,7347,8736,70198,37879,32319
02,024,kangra,Urban,0-6,8021,4322,3699,8021,4322,3699,0,0,0
02,024,kangra,Urban,7,1437,766,671,220,107,113,1217,659,558
02,024,kangra,Urban,8,1366,719,647,80,43,37,1286,676,610
02,024,kangra,Urban,9,1399,751,648,69,38,31,1330,713,617
02,024,kangra,Urban,10,1592,834,758,111,60,51,1481,774,707
02,024,kangra,Urban,11,1559,848,711,58,29,29,1501,819,682
02,024,kangra,Urban,12,1481,838,643,36,16,20,1445,822,623
02,024,kangra,Urban,13,1566,882,684,32,14,18,1534,868,666
02,024,kangra,Urban,14,1499,785,714,34,14,20,1465,771,694
02,024,kangra,Urban,15,1572,844,728,42,25,17,1530,819,711
02,024,kangra,Urban,16,1600,885,715,54,27,27,1546,858,688
02,024,kangra,Urban,17,1539,819,720,38,19,19,1501,800,701
02,024,kangra,Urban,18,1642,886,756,62,37,25,1580,849,731
02,024,kangra,Urban,19,1429,776,653,53,26,27,1376,750,626
02,024,kangra,Urban,20-24,7804,4036,3768,330,142,188,7474,3894,3580
02,024,kangra,Urban,25-29,7853,4117,3736,486,205,281,7367,3912,3455
02,024,kangra,Urban,30-34,7423,3780,3643,525,202,323,6898,3578,3320
02,024,kangra,Urban,35-39,6791,3412,3379,640,237,403,6151,3175,2976
02,024,kangra,Urban,40-44,6067,3082,2985,708,249,459,5359,2833,2526
02,024,kangra,Urban,45-49,5596,2888,2708,724,265,459,4872,2623,2249
02,024,kangra,Urban,50-54,4656,2493,2163,632,211,421,4024,2282,1742
02,024,kangra,Urban,55-59,3756,2038,1718,569,194,375,3187,1844,1343
02,024,kangra,Urban,60-64,2891,1571,1320,601,202,399,2290,1369,921
02,024,kangra,Urban,65-69,1896,969,927,475,152,323,1421,817,604
02,024,kangra,Urban,70-74,1586,790,796,547,177,370,1039,613,426
02,024,kangra,Urban,75-79,963,471,492,399,141,258,564,330,234
02,024,kangra,Urban,80+,1139,543,596,504,177,327,635,366,269
02,024,kangra,Urban,Age not stated,158,81,77,33,16,17,125,65,60
02,025,lahul & spiti,Total,All ages,31564,16588,14976,9719,3691,6028,21845,12897,8948
02,025,lahul & spiti,Total,0-6,3125,1537,1588,3125,1537,1588,0,0,0
02,025,lahul & spiti,Total,7,491,246,245,157,74,83,334,172,162
02,025,lahul & spiti,Total,8,444,221,223,39,16,23,405,205,200
02,025,lahul & spiti,Total,9,553,291,262,20,14,6,533,277,256
02,025,lahul & spiti,Total,10,527,242,285,24,13,11,503,229,274
02,025,lahul & spiti,Total,11,509,267,242,14,10,4,495,257,238
02,025,lahul & spiti,Total,12,560,276,284,12,7,5,548,269,279
02,025,lahul & spiti,Total,13,495,230,265,9,7,2,486,223,263
02,025,lahul & spiti,Total,14,541,277,264,28,20,8,513,257,256
02,025,lahul & spiti,Total,15,601,333,268,37,29,8,564,304,260
02,025,lahul & spiti,Total,16,520,281,239,31,29,2,489,252,237
02,025,lahul & spiti,Total,17,524,279,245,34,28,6,490,251,239
02,025,lahul & spiti,Total,18,544,279,265,32,22,10,512,257,255
02,025,lahul & spiti,Total,19,520,288,232,42,35,7,478,253,225
02,025,lahul & spiti,Total,20-24,2989,1672,1317,230,138,92,2759,1534,1225
02,025,lahul & spiti,Total,25-29,2985,1637,1348,242,113,129,2743,1524,1219
02,025,lahul & spiti,Total,30-34,2712,1482,1230,312,103,209,2400,1379,1021
02,025,lahul & spiti,Total,35-39,2424,1342,1082,461,111,350,1963,1231,732
02,025,lahul & spiti,Total,40-44,2172,1213,959,610,148,462,1562,1065,497
02,025,lahul & spiti,Total,45-49,1873,1028,845,629,165,464,1244,863,381
02,025,lahul & spiti,Total,50-54,1607,813,794,680,144,536,927,669,258
02,025,lahul & spiti,Total,55-59,1294,676,618,606,153,453,688,523,165
02,025,lahul & spiti,Total,60-64,1044,515,529,606,184,422,438,331,107
02,025,lahul & spiti,Total,65-69,669,310,359,424,124,300,245,186,59
02,025,lahul & spiti,Total,70-74,591,247,344,440,127,313,151,120,31
02,025,lahul & spiti,Total,75-79,434,202,232,356,137,219,78,65,13
02,025,lahul & spiti,Total,80+,561,268,293,448,179,269,113,89,24
02,025,lahul & spiti,Total,Age not stated,255,136,119,71,24,47,184,112,72
02,025,lahul & spiti,Rural,All ages,31564,16588,14976,9719,3691,6028,21845,12897,8948
02,025,lahul & spiti,Rural,0-6,3125,1537,1588,3125,1537,1588,0,0,0
02,025,lahul & spiti,Rural,7,491,246,245,157,74,83,334,172,162
02,025,lahul & spiti,Rural,8,444,221,223,39,16,23,405,205,200
02,025,lahul & spiti,Rural,9,553,291,262,20,14,6,533,277,256
02,025,lahul & spiti,Rural,10,527,242,285,24,13,11,503,229,274
02,025,lahul & spiti,Rural,11,509,267,242,14,10,4,495,257,238
02,025,lahul & spiti,Rural,12,560,276,284,12,7,5,548,269,279
02,025,lahul & spiti,Rural,13,495,230,265,9,7,2,486,223,263
02,025,lahul & spiti,Rural,14,541,277,264,28,20,8,513,257,256
02,025,lahul & spiti,Rural,15,601,333,268,37,29,8,564,304,260
02,025,lahul & spiti,Rural,16,520,281,239,31,29,2,489,252,237
02,025,lahul & spiti,Rural,17,524,279,245,34,28,6,490,251,239
02,025,lahul & spiti,Rural,18,544,279,265,32,22,10,512,257,255
02,025,lahul & spiti,Rural,19,520,288,232,42,35,7,478,253,225
02,025,lahul & spiti,Rural,20-24,2989,1672,1317,230,138,92,2759,1534,1225
02,025,lahul & spiti,Rural,25-29,2985,1637,1348,242,113,129,2743,1524,1219
02,025,lahul & spiti,Rural,30-34,2712,1482,1230,312,103,209,2400,1379,1021
02,025,lahul & spiti,Rural,35-39,2424,1342,1082,461,111,350,1963,1231,732
02,025,lahul & spiti,Rural,40-44,2172,1213,959,610,148,462,1562,1065,497
02,025,lahul & spiti,Rural,45-49,1873,1028,845,629,165,464,1244,863,381
02,025,lahul & spiti,Rural,50-54,1607,813,794,680,144,536,927,669,258
02,025,lahul & spiti,Rural,55-59,1294,676,618,606,153,453,688,523,165
02,025,lahul & spiti,Rural,60-64,1044,515,529,606,184,422,438,331,107
02,025,lahul & spiti,Rural,65-69,669,310,359,424,124,300,245,186,59
02,025,lahul & spiti,Rural,70-74,591,247,344,440,127,313,151,120,31
02,025,lahul & spiti,Rural,75-79,434,202,232,356,137,219,78,65,13
02,025,lahul & spiti,Rural,80+,561,268,293,448,179,269,113,89,24
02,025,lahul & spiti,Rural,Age not stated,255,136,119,71,24,47,184,112,72
02,025,lahul & spiti,Urban,All ages,0,0,0,0,0,0,0,0,0
02,025,lahul & spiti,Urban,0-6,0,0,0,0,0,0,0,0,0
02,025,lahul & spiti,Urban,7,0,0,0,0,0,0,0,0,0
02,025,lahul & spiti,Urban,8,0,0,0,0,0,0,0,0,0
02,025,lahul & spiti,Urban,9,0,0,0,0,0,0,0,0,0
02,025,lahul & spiti,Urban,10,0,0,0,0,0,0,0,0,0
02,025,lahul & spiti,Urban,11,0,0,0,0,0,0,0,0,0
02,025,lahul & spiti,Urban,12,0,0,0,0,0,0,0,0,0
02,025,lahul & spiti,Urban,13,0,0,0,0,0,0,0,0,0
02,025,lahul & spiti,Urban,14,0,0,0,0,0,0,0,0,0
02,025,lahul & spiti,Urban,15,0,0,0,0,0,0,0,0,0
02,025,lahul & spiti,Urban,16,0,0,0,0,0,0,0,0,0
02,025,lahul & spiti,Urban,17,0,0,0,0,0,0,0,0,0
02,025,lahul & spiti,Urban,18,0,0,0,0,0,0,0,0,0
02,025,lahul & spiti,Urban,19,0,0,0,0,0,0,0,0,0
02,025,lahul & spiti,Urban,20-24,0,0,0,0,0,0,0,0,0
02,025,lahul & spiti,Urban,25-29,0,0,0,0,0,0,0,0,0
02,025,lahul & spiti,Urban,30-34,0,0,0,0,0,0,0,0,0
02,025,lahul & spiti,Urban,35-39,0,0,0,0,0,0,0,0,0
02,025,lahul & spiti,Urban,40-44,0,0,0,0,0,0,0,0,0
02,025,lahul & spiti,Urban,45-49,0,0,0,0,0,0,0,0,0
02,025,lahul & spiti,Urban,50-54,0,0,0,0,0,0,0,0,0
02,025,lahul & spiti,Urban,55-59,0,0,0,0,0,0,0,0,0
02,025,lahul & spiti,Urban,60-64,0,0,0,0,0,0,0,0,0
02,025,lahul & spiti,Urban,65-69,0,0,0,0,0,0,0,0,0
02,025,lahul & spiti,Urban,70-74,0,0,0,0,0,0,0,0,0
02,025,lahul & spiti,Urban,75-79,0,0,0,0,0,0,0,0,0
02,025,lahul & spiti,Urban,80+,0,0,0,0,0,0,0,0,0
02,025,lahul & spiti,Urban,Age not stated,0,0,0,0,0,0,0,0,0
02,026,kullu,Total,All ages,437903,225452,212451,130231,50902,79329,307672,174550,133122
02,026,kullu,Total,0-6,50431,25707,24724,50431,25707,24724,0,0,0
02,026,kullu,Total,7,7684,3917,3767,1470,732,738,6214,3185,3029
02,026,kullu,Total,8,7592,3827,3765,430,206,224,7162,3621,3541
02,026,kullu,Total,9,7690,3937,3753,279,133,146,7411,3804,3607
02,026,kullu,Total,10,8671,4425,4246,356,173,183,8315,4252,4063
02,026,kullu,Total,11,8347,4299,4048,220,113,107,8127,4186,3941
02,026,kullu,Total,12,8314,4214,4100,173,87,86,8141,4127,4014
02,026,kullu,Total,13,8361,4307,4054,184,94,90,8177,4213,3964
02,026,kullu,Total,14,8826,4525,4301,217,123,94,8609,4402,4207
02,026,kullu,Total,15,8592,4478,4114,226,113,113,8366,4365,4001
02,026,kullu,Total,16,8668,4506,4162,256,137,119,8412,4369,4043
02,026,kullu,Total,17,8505,4403,4102,238,120,118,8267,4283,3984
02,026,kullu,Total,18,9652,5026,4626,339,171,168,9313,4855,4458
02,026,kullu,Total,19,8400,4344,4056,275,119,156,8125,4225,3900
02,026,kullu,Total,20-24,45039,23183,21856,2202,842,1360,42837,22341,20496
02,026,kullu,Total,25-29,39955,20875,19080,3598,1113,2485,36357,19762,16595
02,026,kullu,Total,30-34,35480,18404,17076,5108,1361,3747,30372,17043,13329
02,026,kullu,Total,35-39,32940,17046,15894,7284,1700,5584,25656,15346,10310
02,026,kullu,Total,40-44,27863,14350,13513,8624,2089,6535,19239,12261,6978
02,026,kullu,Total,45-49,24227,12497,11730,9108,2511,6597,15119,9986,5133
02,026,kullu,Total,50-54,19541,10081,9460,8210,2429,5781,11331,7652,3679
02,026,kullu,Total,55-59,15647,8340,7307,6993,2120,4873,8654,6220,2434
02,026,kullu,Total,60-64,12959,6573,6386,7389,2455,4934,5570,4118,1452
02,026,kullu,Total,65-69,8519,4337,4182,5272,1894,3378,3247,2443,804
02,026,kullu,Total,70-74,6791,3375,3416,4682,1748,2934,2109,1627,482
02,026,kullu,Total,75-79,3770,1878,1892,2708,1045,1663,1062,833,229
02,026,kullu,Total,80+,5055,2388,2667,3840,1512,2328,1215,876,339
02,026,kullu,Total,Age not stated,384,210,174,119,55,64,265,155,110
02,026,kullu,Rural,All ages,396512,203269,193243,121771,47002,74769,274741,156267,118474
02,026,kullu,Rural,0-6,46400,23575,22825,46400,23575,22825,0,0,0
02,026,kullu,Rural,7,7032,3572,3460,1400,695,705,5632,2877,2755
02,026,kullu,Rural,8,6960,3502,3458,393,188,205,6567,3314,3253
02,026,kullu,Rural,9,7022,3590,3432,249,122,127,6773,3468,3305
02,026,kullu,Rural,10,7962,4042,3920,312,154,158,7650,3888,3762
02,026,kullu,Rural,11,7683,3919,3764,183,91,92,7500,3828,3672
02,026,kullu,Rural,12,7645,3852,3793,138,66,72,7507,3786,3721
02,026,kullu,Rural,13,7726,3973,3753,163,83,80,7563,3890,3673
02,026,kullu,Rural,14,8114,4149,3965,190,107,83,7924,4042,3882
02,026,kullu,Rural,15,7920,4111,3809,182,91,91,7738,4020,3718
02,026,kullu,Rural,16,7986,4115,3871,222,114,108,7764,4001,3763
02,026,kullu,Rural,17,7819,4035,3784,207,103,104,7612,3932,3680
02,026,kullu,Rural,18,8816,4563,4253,295,140,155,8521,4423,4098
02,026,kullu,Rural,19,7669,3941,3728,241,104,137,7428,3837,3591
02,026,kullu,Rural,20-24,40967,20912,20055,1927,692,1235,39040,20220,18820
02,026,kullu,Rural,25-29,35968,18755,17213,3301,976,2325,32667,17779,14888
02,026,kullu,Rural,30-34,31743,16483,15260,4768,1218,3550,26975,15265,11710
02,026,kullu,Rural,35-39,29154,15058,14096,6862,1536,5326,22292,13522,8770
02,026,kullu,Rural,40-44,24751,12660,12091,8189,1919,6270,16562,10741,5821
02,026,kullu,Rural,45-49,21624,11124,10500,8690,2370,6320,12934,8754,4180
02,026,kullu,Rural,50-54,17382,8849,8533,7833,2285,5548,9549,6564,2985
02,026,kullu,Rural,55-59,14027,7452,6575,6685,2020,4665,7342,5432,1910
02,026,kullu,Rural,60-64,11774,5964,5810,7089,2361,4728,4685,3603,1082
02,026,kullu,Rural,65-69,7742,3932,3810,5051,1825,3226,2691,2107,584
02,026,kullu,Rural,70-74,6222,3067,3155,4500,1687,2813,1722,1380,342
02,026,kullu,Rural,75-79,3410,1687,1723,2559,989,1570,851,698,153
02,026,kullu,Rural,80+,4639,2194,2445,3630,1439,2191,1009,755,254
02,026,kullu,Rural,Age not stated,355,193,162,112,52,60,243,141,102
02,026,kullu,Urban,All ages,41391,22183,19208,8460,3900,4560,32931,18283,14648
02,026,kullu,Urban,0-6,4031,2132,1899,4031,2132,1899,0,0,0
02,026,kullu,Urban,7,652,345,307,70,37,33,582,308,274
02,026,kullu,Urban,8,632,325,307,37,18,19,595,307,288
02,026,kullu,Urban,9,668,347,321,30,11,19,638,336,302
02,026,kullu,Urban,10,709,383,326,44,19,25,665,364,301
02,026,kullu,Urban,11,664,380,284,37,22,15,627,358,269
02,026,kullu,Urban,12,669,362,307,35,21,14,634,341,293
02,026,kullu,Urban,13,635,334,301,21,11,10,614,323,291
02,026,kullu,Urban,14,712,376,336,27,16,11,685,360,325
02,026,kullu,Urban,15,672,367,305,44,22,22,628,345,283
02,026,kullu,Urban,16,682,391,291,34,23,11,648,368,280
02,026,kullu,Urban,17,686,368,318,31,17,14,655,351,304
02,026,kullu,Urban,18,836,463,373,44,31,13,792,432,360
02,026,kullu,Urban,19,731,403,328,34,15,19,697,388,309
02,026,kullu,Urban,20-24,4072,2271,1801,275,150,125,3797,2121,1676
02,026,kullu,Urban,25-29,3987,2120,1867,297,137,160,3690,1983,1707
02,026,kullu,Urban,30-34,3737,1921,1816,340,143,197,3397,1778,1619
02,026,kullu,Urban,35-39,3786,1988,1798,422,164,258,3364,1824,1540
02,026,kullu,Urban,40-44,3112,1690,1422,435,170,265,2677,1520,1157
02,026,kullu,Urban,45-49,2603,1373,1230,418,141,277,2185,1232,953
02,026,kullu,Urban,50-54,2159,1232,927,377,144,233,1782,1088,694
02,026,kullu,Urban,55-59,1620,888,732,308,100,208,1312,788,524
02,026,kullu,Urban,60-64,1185,609,576,300,94,206,885,515,370
02,026,kullu,Urban,65-69,777,405,372,221,69,152,556,336,220
02,026,kullu,Urban,70-74,569,308,261,182,61,121,387,247,140
02,026,kullu,Urban,75-79,360,191,169,149,56,93,211,135,76
02,026,kullu,Urban,80+,416,194,222,210,73,137,206,121,85
02,026,kullu,Urban,Age not stated,29,17,12,7,3,4,22,14,8
02,027,mandi,Total,All ages,999777,498065,501712,276030,104396,171634,723747,393669,330078
02,027,mandi,Total,0-6,112074,58486,53588,112074,58486,53588,0,0,0
02,027,mandi,Total,7,17749,9202,8547,2349,1213,1136,15400,7989,7411
02,027,mandi,Total,8,17292,8922,8370,758,365,393,16534,8557,7977
02,027,mandi,Total,9,17350,9130,8220,491,261,230,16859,8869,7990
02,027,mandi,Total,10,19338,10194,9144,597,318,279,18741,9876,8865
02,027,mandi,Total,11,18517,9683,8834,412,216,196,18105,9467,8638
02,027,mandi,Total,12,18696,9683,9013,384,177,207,18312,9506,8806
02,027,mandi,Total,13,18249,9558,8691,338,179,159,17911,9379,8532
02,027,mandi,Total,14,19088,9820,9268,326,157,169,18762,9663,9099
02,027,mandi,Total,15,18721,9741,8980,412,190,222,18309,9551,8758
02,027,mandi,Total,16,18456,9570,8886,362,183,179,18094,9387,8707
02,027,mandi,Total,17,18135,9522,8613,384,190,194,17751,9332,8419
02,027,mandi,Total,18,19222,9964,9258,513,248,265,18709,9716,8993
02,027,mandi,Total,19,17748,8983,8765,456,197,259,17292,8786,8506
02,027,mandi,Total,20-24,89945,44215,45730,3341,1344,1997,86604,42871,43733
02,027,mandi,Total,25-29,83705,40476,43229,4776,1483,3293,78929,38993,39936
02,027,mandi,Total,30-34,81122,39763,41359,6938,1802,5136,74184,37961,36223
02,027,mandi,Total,35-39,76321,37545,38776,10858,2340,8518,65463,35205,30258
02,027,mandi,Total,40-44,64420,31165,33255,14796,3122,11674,49624,28043,21581
02,027,mandi,Total,45-49,57458,28016,29442,16654,3667,12987,40804,24349,16455
02,027,mandi,Total,50-54,49047,23876,25171,16499,3650,12849,32548,20226,12322
02,027,mandi,Total,55-59,39623,19464,20159,15424,3565,11859,24199,15899,8300
02,027,mandi,Total,60-64,34561,16931,17630,17799,4634,13165,16762,12297,4465
02,027,mandi,Total,65-69,23053,11185,11868,13376,3827,9549,9677,7358,2319
02,027,mandi,Total,70-74,19324,8980,10344,13037,4169,8868,6287,4811,1476
02,027,mandi,Total,75-79,11975,5671,6304,8650,3126,5524,3325,2545,780
02,027,mandi,Total,80+,17078,7531,9547,13611,5119,8492,3467,2412,1055
02,027,mandi,Total,Age not stated,1510,789,721,415,168,247,1095,621,474
02,027,mandi,Rural,All ages,937140,466050,471090,265552,99655,165897,671588,366395,305193
02,027,mandi,Rural,0-6,106402,55468,50934,106402,55468,50934,0,0,0
02,027,mandi,Rural,7,16898,8727,8171,2277,1168,1109,14621,7559,7062
02,027,mandi,Rural,8,16364,8417,7947,708,335,373,15656,8082,7574
02,027,mandi,Rural,9,16464,8657,7807,459,242,217,16005,8415,7590
02,027,mandi,Rural,10,18360,9652,8708,557,295,262,17803,9357,8446
02,027,mandi,Rural,11,17497,9114,8383,387,202,185,17110,8912,8198
02,027,mandi,Rural,12,17750,9158,8592,358,165,193,17392,8993,8399
02,027,mandi,Rural,13,17250,9016,8234,310,163,147,16940,8853,8087
02,027,mandi,Rural,14,18077,9268,8809,297,142,155,17780,9126,8654
02,027,mandi,Rural,15,17660,9175,8485,388,178,210,17272,8997,8275
02,027,mandi,Rural,16,17392,8992,8400,329,169,160,17063,8823,8240
02,027,mandi,Rural,17,17041,8921,8120,363,176,187,16678,8745,7933
02,027,mandi,Rural,18,17992,9266,8726,468,223,245,17524,9043,8481
02,027,mandi,Rural,19,16633,8378,8255,427,179,248,16206,8199,8007
02,027,mandi,Rural,20-24,84728,41592,43136,3102,1221,1881,81626,40371,41255
02,027,mandi,Rural,25-29,78688,38101,40587,4515,1359,3156,74173,36742,37431
02,027,mandi,Rural,30-34,75834,37195,38639,6639,1661,4978,69195,35534,33661
02,027,mandi,Rural,35-39,70980,34989,35991,10557,2224,8333,60423,32765,27658
02,027,mandi,Rural,40-44,59672,28794,30878,14452,2986,11466,45220,25808,19412
02,027,mandi,Rural,45-49,53012,25750,27262,16271,3540,12731,36741,22210,14531
02,027,mandi,Rural,50-54,45297,21878,23419,16144,3549,12595,29153,18329,10824
02,027,mandi,Rural,55-59,36598,17851,18747,15040,3445,11595,21558,14406,7152
02,027,mandi,Rural,60-64,32210,15762,16448,17360,4520,12840,14850,11242,3608
02,027,mandi,Rural,65-69,21496,10365,11131,13043,3726,9317,8453,6639,1814
02,027,mandi,Rural,70-74,18068,8351,9717,12682,4068,8614,5386,4283,1103
02,027,mandi,Rural,75-79,11192,5316,5876,8418,3078,5340,2774,2238,536
02,027,mandi,Rural,80+,16161,7151,9010,13200,5012,8188,2961,2139,822
02,027,mandi,Rural,Age not stated,1424,746,678,399,161,238,1025,585,440
02,027,mandi,Urban,All ages,62637,32015,30622,10478,4741,5737,52159,27274,24885
02,027,mandi,Urban,0-6,5672,3018,2654,5672,3018,2654,0,0,0
02,027,mandi,Urban,7,851,475,376,72,45,27,779,430,349
02,027,mandi,Urban,8,928,505,423,50,30,20,878,475,403
02,027,mandi,Urban,9,886,473,413,32,19,13,854,454,400
02,027,mandi,Urban,10,978,542,436,40,23,17,938,519,419
02,027,mandi,Urban,11,1020,569,451,25,14,11,995,555,440
02,027,mandi,Urban,12,946,525,421,26,12,14,920,513,407
02,027,mandi,Urban,13,999,542,457,28,16,12,971,526,445
02,027,mandi,Urban,14,1011,552,459,29,15,14,982,537,445
02,027,mandi,Urban,15,1061,566,495,24,12,12,1037,554,483
02,027,mandi,Urban,16,1064,578,486,33,14,19,1031,564,467
02,027,mandi,Urban,17,1094,601,493,21,14,7,1073,587,486
02,027,mandi,Urban,18,1230,698,532,45,25,20,1185,673,512
02,027,mandi,Urban,19,1115,605,510,29,18,11,1086,587,499
02,027,mandi,Urban,20-24,5217,2623,2594,239,123,116,4978,2500,2478
02,027,mandi,Urban,25-29,5017,2375,2642,261,124,137,4756,2251,2505
02,027,mandi,Urban,30-34,5288,2568,2720,299,141,158,4989,2427,2562
02,027,mandi,Urban,35-39,5341,2556,2785,301,116,185,5040,2440,2600
02,027,mandi,Urban,40-44,4748,2371,2377,344,136,208,4404,2235,2169
02,027,mandi,Urban,45-49,4446,2266,2180,383,127,256,4063,2139,1924
02,027,mandi,Urban,50-54,3750,1998,1752,355,101,254,3395,1897,1498
02,027,mandi,Urban,55-59,3025,1613,1412,384,120,264,2641,1493,1148
02,027,mandi,Urban,60-64,2351,1169,1182,439,114,325,1912,1055,857
02,027,mandi,Urban,65-69,1557,820,737,333,101,232,1224,719,505
02,027,mandi,Urban,70-74,1256,629,627,355,101,254,901,528,373
02,027,mandi,Urban,75-79,783,355,428,232,48,184,551,307,244
02,027,mandi,Urban,80+,917,380,537,411,107,304,506,273,233
02,027,mandi,Urban,Age not stated,86,43,43,16,7,9,70,36,34
02,028,hamirpur,Total,All ages,454768,217070,237698,96677,36515,60162,358091,180555,177536
02,028,hamirpur,Total,0-6,48548,25722,22826,48548,25722,22826,0,0,0
02,028,hamirpur,Total,7,7610,4065,3545,722,371,351,6888,3694,3194
02,028,hamirpur,Total,8,7522,4040,3482,213,111,102,7309,3929,3380
02,028,hamirpur,Total,9,7531,4171,3360,240,136,104,7291,4035,3256
02,028,hamirpur,Total,10,8369,4538,3831,301,158,143,8068,4380,3688
02,028,hamirpur,Total,11,8123,4426,3697,106,50,56,8017,4376,3641
02,028,hamirpur,Total,12,7664,4176,3488,82,40,42,7582,4136,3446
02,028,hamirpur,Total,13,7940,4333,3607,93,37,56,7847,4296,3551
02,028,hamirpur,Total,14,8066,4388,3678,82,44,38,7984,4344,3640
02,028,hamirpur,Total,15,8182,4451,3731,121,62,59,8061,4389,3672
02,028,hamirpur,Total,16,8111,4381,3730,90,42,48,8021,4339,3682
02,028,hamirpur,Total,17,8116,4327,3789,92,39,53,8024,4288,3736
02,028,hamirpur,Total,18,8758,4630,4128,144,80,64,8614,4550,4064
02,028,hamirpur,Total,19,7719,3935,3784,148,77,71,7571,3858,3713
02,028,hamirpur,Total,20-24,37659,17117,20542,785,362,423,36874,16755,20119
02,028,hamirpur,Total,25-29,34126,14168,19958,800,318,482,33326,13850,19476
02,028,hamirpur,Total,30-34,33924,14526,19398,896,349,547,33028,14177,18851
02,028,hamirpur,Total,35-39,33708,14885,18823,1015,368,647,32693,14517,18176
02,028,hamirpur,Total,40-44,29400,13479,15921,1138,365,773,28262,13114,15148
02,028,hamirpur,Total,45-49,26909,12307,14602,1648,354,1294,25261,11953,13308
02,028,hamirpur,Total,50-54,23523,10894,12629,2541,333,2208,20982,10561,10421
02,028,hamirpur,Total,55-59,20388,9499,10889,3760,393,3367,16628,9106,7522
02,028,hamirpur,Total,60-64,18868,9066,9802,6531,773,5758,12337,8293,4044
02,028,hamirpur,Total,65-69,13706,6619,7087,6311,1050,5261,7395,5569,1826
02,028,hamirpur,Total,70-74,11884,5207,6677,7081,1408,5673,4803,3799,1004
02,028,hamirpur,Total,75-79,6911,3091,3820,4445,1047,3398,2466,2044,422
02,028,hamirpur,Total,80+,11361,4543,6818,8723,2417,6306,2638,2126,512
02,028,hamirpur,Total,Age not stated,142,86,56,21,9,12,121,77,44
02,028,hamirpur,Rural,All ages,423338,200748,222590,91619,34265,57354,331719,166483,165236
02,028,hamirpur,Rural,0-6,45625,24189,21436,45625,24189,21436,0,0,0
02,028,hamirpur,Rural,7,7156,3808,3348,667,339,328,6489,3469,3020
02,028,hamirpur,Rural,8,7045,3757,3288,192,97,95,6853,3660,3193
02,028,hamirpur,Rural,9,7053,3906,3147,220,124,96,6833,3782,3051
02,028,hamirpur,Rural,10,7808,4212,3596,264,137,127,7544,4075,3469
02,028,hamirpur,Rural,11,7528,4046,3482,98,48,50,7430,3998,3432
02,028,hamirpur,Rural,12,7111,3844,3267,72,34,38,7039,3810,3229
02,028,hamirpur,Rural,13,7353,3955,3398,78,31,47,7275,3924,3351
02,028,hamirpur,Rural,14,7472,4015,3457,72,37,35,7400,3978,3422
02,028,hamirpur,Rural,15,7474,4016,3458,96,54,42,7378,3962,3416
02,028,hamirpur,Rural,16,7366,3927,3439,76,34,42,7290,3893,3397
02,028,hamirpur,Rural,17,7380,3898,3482,76,34,42,7304,3864,3440
02,028,hamirpur,Rural,18,8120,4280,3840,118,62,56,8002,4218,3784
02,028,hamirpur,Rural,19,7166,3657,3509,121,61,60,7045,3596,3449
02,028,hamirpur,Rural,20-24,35058,15821,19237,661,304,357,34397,15517,18880
02,028,hamirpur,Rural,25-29,31697,13011,18686,673,261,412,31024,12750,18274
02,028,hamirpur,Rural,30-34,31446,13345,18101,768,281,487,30678,13064,17614
02,028,hamirpur,Rural,35-39,31078,13714,17364,858,305,553,30220,13409,16811
02,028,hamirpur,Rural,40-44,26967,12301,14666,1023,308,715,25944,11993,13951
02,028,hamirpur,Rural,45-49,24801,11210,13591,1541,312,1229,23260,10898,12362
02,028,hamirpur,Rural,50-54,21833,10020,11813,2427,302,2125,19406,9718,9688
02,028,hamirpur,Rural,55-59,19067,8775,10292,3653,372,3281,15414,8403,7011
02,028,hamirpur,Rural,60-64,17781,8486,9295,6360,743,5617,11421,7743,3678
02,028,hamirpur,Rural,65-69,12952,6231,6721,6141,1019,5122,6811,5212,1599
02,028,hamirpur,Rural,70-74,11338,4930,6408,6894,1373,5521,4444,3557,887
02,028,hamirpur,Rural,75-79,6583,2939,3644,4315,1029,3286,2268,1910,358
02,028,hamirpur,Rural,80+,10959,4383,6576,8510,2367,6143,2449,2016,433
02,028,hamirpur,Rural,Age not stated,121,72,49,20,8,12,101,64,37
02,028,hamirpur,Urban,All ages,31430,16322,15108,5058,2250,2808,26372,14072,12300
02,028,hamirpur,Urban,0-6,2923,1533,1390,2923,1533,1390,0,0,0
02,028,hamirpur,Urban,7,454,257,197,55,32,23,399,225,174
02,028,hamirpur,Urban,8,477,283,194,21,14,7,456,269,187
02,028,hamirpur,Urban,9,478,265,213,20,12,8,458,253,205
02,028,hamirpur,Urban,10,561,326,235,37,21,16,524,305,219
02,028,hamirpur,Urban,11,595,380,215,8,2,6,587,378,209
02,028,hamirpur,Urban,12,553,332,221,10,6,4,543,326,217
02,028,hamirpur,Urban,13,587,378,209,15,6,9,572,372,200
02,028,hamirpur,Urban,14,594,373,221,10,7,3,584,366,218
02,028,hamirpur,Urban,15,708,435,273,25,8,17,683,427,256
02,028,hamirpur,Urban,16,745,454,291,14,8,6,731,446,285
02,028,hamirpur,Urban,17,736,429,307,16,5,11,720,424,296
02,028,hamirpur,Urban,18,638,350,288,26,18,8,612,332,280
02,028,hamirpur,Urban,19,553,278,275,27,16,11,526,262,264
02,028,hamirpur,Urban,20-24,2601,1296,1305,124,58,66,2477,1238,1239
02,028,hamirpur,Urban,25-29,2429,1157,1272,127,57,70,2302,1100,1202
02,028,hamirpur,Urban,30-34,2478,1181,1297,128,68,60,2350,1113,1237
02,028,hamirpur,Urban,35-39,2630,1171,1459,157,63,94,2473,1108,1365
02,028,hamirpur,Urban,40-44,2433,1178,1255,115,57,58,2318,1121,1197
02,028,hamirpur,Urban,45-49,2108,1097,1011,107,42,65,2001,1055,946
02,028,hamirpur,Urban,50-54,1690,874,816,114,31,83,1576,843,733
02,028,hamirpur,Urban,55-59,1321,724,597,107,21,86,1214,703,511
02,028,hamirpur,Urban,60-64,1087,580,507,171,30,141,916,550,366
02,028,hamirpur,Urban,65-69,754,388,366,170,31,139,584,357,227
02,028,hamirpur,Urban,70-74,546,277,269,187,35,152,359,242,117
02,028,hamirpur,Urban,75-79,328,152,176,130,18,112,198,134,64
02,028,hamirpur,Urban,80+,402,160,242,213,50,163,189,110,79
02,028,hamirpur,Urban,Age not stated,21,14,7,1,1,0,20,13,7
02,029,una,Total,All ages,521173,263692,257481,121458,50411,71047,399715,213281,186434
02,029,una,Total,0-6,59231,31591,27640,59231,31591,27640,0,0,0
02,029,una,Total,7,9341,4980,4361,1215,654,561,8126,4326,3800
02,029,una,Total,8,9029,4869,4160,504,269,235,8525,4600,3925
02,029,una,Total,9,9038,4907,4131,396,198,198,8642,4709,3933
02,029,una,Total,10,10484,5787,4697,589,305,284,9895,5482,4413
02,029,una,Total,11,9477,5181,4296,310,155,155,9167,5026,4141
02,029,una,Total,12,9602,5331,4271,321,155,166,9281,5176,4105
02,029,una,Total,13,9512,5098,4414,242,96,146,9270,5002,4268
02,029,una,Total,14,9606,5216,4390,293,137,156,9313,5079,4234
02,029,una,Total,15,10074,5374,4700,376,196,180,9698,5178,4520
02,029,una,Total,16,9797,5321,4476,274,152,122,9523,5169,4354
02,029,una,Total,17,9561,5085,4476,235,127,108,9326,4958,4368
02,029,una,Total,18,10434,5630,4804,439,258,181,9995,5372,4623
02,029,una,Total,19,9507,4997,4510,265,159,106,9242,4838,4404
02,029,una,Total,20-24,46311,23077,23234,1879,924,955,44432,22153,22279
02,029,una,Total,25-29,42219,19891,22328,2115,899,1216,40104,18992,21112
02,029,una,Total,30-34,39542,18994,20548,2427,975,1452,37115,18019,19096
02,029,una,Total,35-39,39029,19002,20027,3269,1134,2135,35760,17868,17892
02,029,una,Total,40-44,34050,17084,16966,3888,1203,2685,30162,15881,14281
02,029,una,Total,45-49,29730,14792,14938,4405,1224,3181,25325,13568,11757
02,029,una,Total,50-54,24701,12427,12274,4732,1195,3537,19969,11232,8737
02,029,una,Total,55-59,20474,10253,10221,4737,996,3741,15737,9257,6480
02,029,una,Total,60-64,18885,9403,9482,6407,1433,4974,12478,7970,4508
02,029,una,Total,65-69,13334,6536,6798,5858,1333,4525,7476,5203,2273
02,029,una,Total,70-74,11293,5230,6063,6137,1529,4608,5156,3701,1455
02,029,una,Total,75-79,6691,3202,3489,3877,1062,2815,2814,2140,674
02,029,una,Total,80+,9980,4304,5676,6979,2021,4958,3001,2283,718
02,029,una,Total,Age not stated,241,130,111,58,31,27,183,99,84
02,029,una,Rural,All ages,476260,240254,236006,111279,45778,65501,364981,194476,170505
02,029,una,Rural,0-6,54404,29061,25343,54404,29061,25343,0,0,0
02,029,una,Rural,7,8575,4579,3996,1085,580,505,7490,3999,3491
02,029,una,Rural,8,8262,4454,3808,433,237,196,7829,4217,3612
02,029,una,Rural,9,8315,4511,3804,336,164,172,7979,4347,3632
02,029,una,Rural,10,9617,5307,4310,509,261,248,9108,5046,4062
02,029,una,Rural,11,8673,4740,3933,249,118,131,8424,4622,3802
02,029,una,Rural,12,8824,4912,3912,259,122,137,8565,4790,3775
02,029,una,Rural,13,8778,4697,4081,196,76,120,8582,4621,3961
02,029,una,Rural,14,8800,4750,4050,226,105,121,8574,4645,3929
02,029,una,Rural,15,9220,4906,4314,298,153,145,8922,4753,4169
02,029,una,Rural,16,8959,4837,4122,209,112,97,8750,4725,4025
02,029,una,Rural,17,8739,4600,4139,195,100,95,8544,4500,4044
02,029,una,Rural,18,9469,5053,4416,340,199,141,9129,4854,4275
02,029,una,Rural,19,8657,4493,4164,200,111,89,8457,4382,4075
02,029,una,Rural,20-24,42057,20818,21239,1475,717,758,40582,20101,20481
02,029,una,Rural,25-29,38330,17942,20388,1723,715,1008,36607,17227,19380
02,029,una,Rural,30-34,36103,17271,18832,2062,813,1249,34041,16458,17583
02,029,una,Rural,35-39,35562,17269,18293,2856,935,1921,32706,16334,16372
02,029,una,Rural,40-44,30946,15512,15434,3517,1050,2467,27429,14462,12967
02,029,una,Rural,45-49,26913,13362,13551,4056,1082,2974,22857,12280,10577
02,029,una,Rural,50-54,22429,11242,11187,4394,1075,3319,18035,10167,7868
02,029,una,Rural,55-59,18691,9333,9358,4483,934,3549,14208,8399,5809
02,029,una,Rural,60-64,17396,8644,8752,6025,1336,4689,11371,7308,4063
02,029,una,Rural,65-69,12292,6018,6274,5548,1261,4287,6744,4757,1987
02,029,una,Rural,70-74,10459,4819,5640,5828,1459,4369,4631,3360,1271
02,029,una,Rural,75-79,6231,2976,3255,3687,1026,2661,2544,1950,594
02,029,una,Rural,80+,9357,4037,5320,6636,1948,4688,2721,2089,632
02,029,una,Rural,Age not stated,202,111,91,50,28,22,152,83,69
02,029,una,Urban,All ages,44913,23438,21475,10179,4633,5546,34734,18805,15929
02,029,una,Urban,0-6,4827,2530,2297,4827,2530,2297,0,0,0
02,029,una,Urban,7,766,401,365,130,74,56,636,327,309
02,029,una,Urban,8,767,415,352,71,32,39,696,383,313
02,029,una,Urban,9,723,396,327,60,34,26,663,362,301
02,029,una,Urban,10,867,480,387,80,44,36,787,436,351
02,029,una,Urban,11,804,441,363,61,37,24,743,404,339
02,029,una,Urban,12,778,419,359,62,33,29,716,386,330
02,029,una,Urban,13,734,401,333,46,20,26,688,381,307
02,029,una,Urban,14,806,466,340,67,32,35,739,434,305
02,029,una,Urban,15,854,468,386,78,43,35,776,425,351
02,029,una,Urban,16,838,484,354,65,40,25,773,444,329
02,029,una,Urban,17,822,485,337,40,27,13,782,458,324
02,029,una,Urban,18,965,577,388,99,59,40,866,518,348
02,029,una,Urban,19,850,504,346,65,48,17,785,456,329
02,029,una,Urban,20-24,4254,2259,1995,404,207,197,3850,2052,1798
02,029,una,Urban,25-29,3889,1949,1940,392,184,208,3497,1765,1732
02,029,una,Urban,30-34,3439,1723,1716,365,162,203,3074,1561,1513
02,029,una,Urban,35-39,3467,1733,1734,413,199,214,3054,1534,1520
02,029,una,Urban,40-44,3104,1572,1532,371,153,218,2733,1419,1314
02,029,una,Urban,45-49,2817,1430,1387,349,142,207,2468,1288,1180
02,029,una,Urban,50-54,2272,1185,1087,338,120,218,1934,1065,869
02,029,una,Urban,55-59,1783,920,863,254,62,192,1529,858,671
02,029,una,Urban,60-64,1489,759,730,382,97,285,1107,662,445
02,029,una,Urban,65-69,1042,518,524,310,72,238,732,446,286
02,029,una,Urban,70-74,834,411,423,309,70,239,525,341,184
02,029,una,Urban,75-79,460,226,234,190,36,154,270,190,80
02,029,una,Urban,80+,623,267,356,343,73,270,280,194,86
02,029,una,Urban,Age not stated,39,19,20,8,3,5,31,16,15
02,030,bilaspur,Total,All ages,381956,192764,189192,94336,37165,57171,287620,155599,132021
02,030,bilaspur,Total,0-6,41956,22084,19872,41956,22084,19872,0,0,0
02,030,bilaspur,Total,7,6462,3349,3113,678,358,320,5784,2991,2793
02,030,bilaspur,Total,8,5567,2995,2572,146,72,74,5421,2923,2498
02,030,bilaspur,Total,9,6297,3412,2885,278,143,135,6019,3269,2750
02,030,bilaspur,Total,10,7167,3829,3338,509,285,224,6658,3544,3114
02,030,bilaspur,Total,11,6868,3656,3212,305,156,149,6563,3500,3063
02,030,bilaspur,Total,12,6487,3507,2980,68,32,36,6419,3475,2944
02,030,bilaspur,Total,13,6485,3378,3107,41,20,21,6444,3358,3086
02,030,bilaspur,Total,14,6489,3438,3051,40,14,26,6449,3424,3025
02,030,bilaspur,Total,15,6595,3497,3098,73,29,44,6522,3468,3054
02,030,bilaspur,Total,16,6474,3408,3066,74,43,31,6400,3365,3035
02,030,bilaspur,Total,17,6478,3402,3076,71,36,35,6407,3366,3041
02,030,bilaspur,Total,18,7007,3698,3309,102,52,50,6905,3646,3259
02,030,bilaspur,Total,19,6774,3446,3328,89,49,40,6685,3397,3288
02,030,bilaspur,Total,20-24,34729,17468,17261,678,310,368,34051,17158,16893
02,030,bilaspur,Total,25-29,31836,15771,16065,954,355,599,30882,15416,15466
02,030,bilaspur,Total,30-34,30641,15364,15277,1288,383,905,29353,14981,14372
02,030,bilaspur,Total,35-39,29118,14541,14577,2273,515,1758,26845,14026,12819
02,030,bilaspur,Total,40-44,25102,12310,12792,3084,690,2394,22018,11620,10398
02,030,bilaspur,Total,45-49,22506,11172,11334,3925,885,3040,18581,10287,8294
02,030,bilaspur,Total,50-54,19339,9529,9810,4443,913,3530,14896,8616,6280
02,030,bilaspur,Total,55-59,15672,7915,7757,4574,864,3710,11098,7051,4047
02,030,bilaspur,Total,60-64,14090,6941,7149,6513,1516,4997,7577,5425,2152
02,030,bilaspur,Total,65-69,9421,4488,4933,5393,1464,3929,4028,3024,1004
02,030,bilaspur,Total,70-74,8306,3801,4505,5734,1780,3954,2572,2021,551
02,030,bilaspur,Total,75-79,4950,2262,2688,3700,1267,2433,1250,995,255
02,030,bilaspur,Total,80+,8719,3884,4835,7215,2782,4433,1504,1102,402
02,030,bilaspur,Total,Age not stated,421,219,202,132,68,64,289,151,138
02,030,bilaspur,Rural,All ages,356827,179653,177174,90011,35166,54845,266816,144487,122329
02,030,bilaspur,Rural,0-6,39501,20752,18749,39501,20752,18749,0,0,0
02,030,bilaspur,Rural,7,6038,3114,2924,638,337,301,5400,2777,2623
02,030,bilaspur,Rural,8,5158,2775,2383,132,66,66,5026,2709,2317
02,030,bilaspur,Rural,9,5897,3191,2706,262,135,127,5635,3056,2579
02,030,bilaspur,Rural,10,6688,3570,3118,484,273,211,6204,3297,2907
02,030,bilaspur,Rural,11,6429,3407,3022,296,154,142,6133,3253,2880
02,030,bilaspur,Rural,12,6053,3276,2777,55,26,29,5998,3250,2748
02,030,bilaspur,Rural,13,6019,3141,2878,33,16,17,5986,3125,2861
02,030,bilaspur,Rural,14,6034,3177,2857,35,13,22,5999,3164,2835
02,030,bilaspur,Rural,15,6118,3229,2889,67,27,40,6051,3202,2849
02,030,bilaspur,Rural,16,5978,3139,2839,64,37,27,5914,3102,2812
02,030,bilaspur,Rural,17,6011,3140,2871,63,29,34,5948,3111,2837
02,030,bilaspur,Rural,18,6502,3405,3097,91,45,46,6411,3360,3051
02,030,bilaspur,Rural,19,6360,3220,3140,80,43,37,6280,3177,3103
02,030,bilaspur,Rural,20-24,32474,16293,16181,576,258,318,31898,16035,15863
02,030,bilaspur,Rural,25-29,29821,14772,15049,825,295,530,28996,14477,14519
02,030,bilaspur,Rural,30-34,28552,14374,14178,1151,316,835,27401,14058,13343
02,030,bilaspur,Rural,35-39,26967,13491,13476,2143,458,1685,24824,13033,11791
02,030,bilaspur,Rural,40-44,23098,11288,11810,2968,636,2332,20130,10652,9478
02,030,bilaspur,Rural,45-49,20755,10211,10544,3802,834,2968,16953,9377,7576
02,030,bilaspur,Rural,50-54,17979,8764,9215,4323,876,3447,13656,7888,5768
02,030,bilaspur,Rural,55-59,14665,7367,7298,4454,833,3621,10211,6534,3677
02,030,bilaspur,Rural,60-64,13349,6549,6800,6369,1482,4887,6980,5067,1913
02,030,bilaspur,Rural,65-69,8961,4272,4689,5267,1439,3828,3694,2833,861
02,030,bilaspur,Rural,70-74,7898,3630,4268,5564,1744,3820,2334,1886,448
02,030,bilaspur,Rural,75-79,4724,2156,2568,3608,1246,2362,1116,910,206
02,030,bilaspur,Rural,80+,8411,3746,4665,7037,2734,4303,1374,1012,362
02,030,bilaspur,Rural,Age not stated,387,204,183,123,62,61,264,142,122
02,030,bilaspur,Urban,All ages,25129,13111,12018,4325,1999,2326,20804,11112,9692
02,030,bilaspur,Urban,0-6,2455,1332,1123,2455,1332,1123,0,0,0
02,030,bilaspur,Urban,7,424,235,189,40,21,19,384,214,170
02,030,bilaspur,Urban,8,409,220,189,14,6,8,395,214,181
02,030,bilaspur,Urban,9,400,221,179,16,8,8,384,213,171
02,030,bilaspur,Urban,10,479,259,220,25,12,13,454,247,207
02,030,bilaspur,Urban,11,439,249,190,9,2,7,430,247,183
02,030,bilaspur,Urban,12,434,231,203,13,6,7,421,225,196
02,030,bilaspur,Urban,13,466,237,229,8,4,4,458,233,225
02,030,bilaspur,Urban,14,455,261,194,5,1,4,450,260,190
02,030,bilaspur,Urban,15,477,268,209,6,2,4,471,266,205
02,030,bilaspur,Urban,16,496,269,227,10,6,4,486,263,223
02,030,bilaspur,Urban,17,467,262,205,8,7,1,459,255,204
02,030,bilaspur,Urban,18,505,293,212,11,7,4,494,286,208
02,030,bilaspur,Urban,19,414,226,188,9,6,3,405,220,185
02,030,bilaspur,Urban,20-24,2255,1175,1080,102,52,50,2153,1123,1030
02,030,bilaspur,Urban,25-29,2015,999,1016,129,60,69,1886,939,947
02,030,bilaspur,Urban,30-34,2089,990,1099,137,67,70,1952,923,1029
02,030,bilaspur,Urban,35-39,2151,1050,1101,130,57,73,2021,993,1028
02,030,bilaspur,Urban,40-44,2004,1022,982,116,54,62,1888,968,920
02,030,bilaspur,Urban,45-49,1751,961,790,123,51,72,1628,910,718
02,030,bilaspur,Urban,50-54,1360,765,595,120,37,83,1240,728,512
02,030,bilaspur,Urban,55-59,1007,548,459,120,31,89,887,517,370
02,030,bilaspur,Urban,60-64,741,392,349,144,34,110,597,358,239
02,030,bilaspur,Urban,65-69,460,216,244,126,25,101,334,191,143
02,030,bilaspur,Urban,70-74,408,171,237,170,36,134,238,135,103
02,030,bilaspur,Urban,75-79,226,106,120,92,21,71,134,85,49
02,030,bilaspur,Urban,80+,308,138,170,178,48,130,130,90,40
02,030,bilaspur,Urban,Age not stated,34,15,19,9,6,3,25,9,16
02,031,solan,Total,All ages,580320,308754,271566,151742,64382,87360,428578,244372,184206
02,031,solan,Total,0-6,68137,35884,32253,68137,35884,32253,0,0,0
02,031,solan,Total,7,10392,5390,5002,1502,774,728,8890,4616,4274
02,031,solan,Total,8,10167,5416,4751,531,257,274,9636,5159,4477
02,031,solan,Total,9,9952,5319,4633,443,225,218,9509,5094,4415
02,031,solan,Total,10,11356,6067,5289,668,369,299,10688,5698,4990
02,031,solan,Total,11,10768,5753,5015,377,186,191,10391,5567,4824
02,031,solan,Total,12,10453,5560,4893,307,158,149,10146,5402,4744
02,031,solan,Total,13,10199,5426,4773,260,119,141,9939,5307,4632
02,031,solan,Total,14,10302,5505,4797,261,143,118,10041,5362,4679
02,031,solan,Total,15,10401,5513,4888,357,170,187,10044,5343,4701
02,031,solan,Total,16,10332,5470,4862,337,180,157,9995,5290,4705
02,031,solan,Total,17,10074,5386,4688,258,146,112,9816,5240,4576
02,031,solan,Total,18,11807,6651,5156,499,307,192,11308,6344,4964
02,031,solan,Total,19,11307,6233,5074,454,242,212,10853,5991,4862
02,031,solan,Total,20-24,60096,33160,26936,3073,1492,1581,57023,31668,25355
02,031,solan,Total,25-29,55790,29770,26020,4010,1603,2407,51780,28167,23613
02,031,solan,Total,30-34,50117,26457,23660,4999,1651,3348,45118,24806,20312
02,031,solan,Total,35-39,47564,25304,22260,7158,2114,5044,40406,23190,17216
02,031,solan,Total,40-44,37808,20444,17364,8062,2451,5611,29746,17993,11753
02,031,solan,Total,45-49,31679,16699,14980,8685,2582,6103,22994,14117,8877
02,031,solan,Total,50-54,25032,13209,11823,8124,2364,5760,16908,10845,6063
02,031,solan,Total,55-59,19490,10225,9265,7214,1981,5233,12276,8244,4032
02,031,solan,Total,60-64,16196,8225,7971,7625,2280,5345,8571,5945,2626
02,031,solan,Total,65-69,10545,5330,5215,5412,1643,3769,5133,3687,1446
02,031,solan,Total,70-74,8212,4158,4054,5049,1837,3212,3163,2321,842
02,031,solan,Total,75-79,4714,2443,2271,3014,1181,1833,1700,1262,438
02,031,solan,Total,80+,6619,3309,3310,4731,1955,2776,1888,1354,534
02,031,solan,Total,Age not stated,811,448,363,195,88,107,616,360,256
02,031,solan,Rural,All ages,478173,249736,228437,132099,54525,77574,346074,195211,150863
02,031,solan,Rural,0-6,57250,30029,27221,57250,30029,27221,0,0,0
02,031,solan,Rural,7,8713,4514,4199,1230,642,588,7483,3872,3611
02,031,solan,Rural,8,8548,4535,4013,412,203,209,8136,4332,3804
02,031,solan,Rural,9,8272,4378,3894,335,172,163,7937,4206,3731
02,031,solan,Rural,10,9574,5051,4523,538,291,247,9036,4760,4276
02,031,solan,Rural,11,9071,4808,4263,291,145,146,8780,4663,4117
02,031,solan,Rural,12,8909,4685,4224,240,121,119,8669,4564,4105
02,031,solan,Rural,13,8676,4566,4110,190,80,110,8486,4486,4000
02,031,solan,Rural,14,8758,4645,4113,202,115,87,8556,4530,4026
02,031,solan,Rural,15,8818,4598,4220,260,122,138,8558,4476,4082
02,031,solan,Rural,16,8746,4569,4177,256,131,125,8490,4438,4052
02,031,solan,Rural,17,8502,4493,4009,191,98,93,8311,4395,3916
02,031,solan,Rural,18,9655,5226,4429,356,203,153,9299,5023,4276
02,031,solan,Rural,19,9099,4824,4275,311,142,169,8788,4682,4106
02,031,solan,Rural,20-24,47488,25219,22269,2285,1028,1257,45203,24191,21012
02,031,solan,Rural,25-29,43934,22742,21192,3129,1170,1959,40805,21572,19233
02,031,solan,Rural,30-34,39789,20417,19372,4164,1279,2885,35625,19138,16487
02,031,solan,Rural,35-39,38572,20149,18423,6229,1712,4517,32343,18437,13906
02,031,solan,Rural,40-44,30994,16570,14424,7257,2087,5170,23737,14483,9254
02,031,solan,Rural,45-49,26104,13510,12594,7952,2269,5683,18152,11241,6911
02,031,solan,Rural,50-54,20948,10857,10091,7544,2117,5427,13404,8740,4664
02,031,solan,Rural,55-59,16567,8526,8041,6789,1818,4971,9778,6708,3070
02,031,solan,Rural,60-64,14061,7100,6961,7228,2136,5092,6833,4964,1869
02,031,solan,Rural,65-69,9170,4605,4565,5152,1564,3588,4018,3041,977
02,031,solan,Rural,70-74,7207,3639,3568,4769,1744,3025,2438,1895,543
02,031,solan,Rural,75-79,4154,2172,1982,2857,1149,1708,1297,1023,274
02,031,solan,Rural,80+,5923,2962,2961,4502,1881,2621,1421,1081,340
02,031,solan,Rural,Age not stated,671,347,324,180,77,103,491,270,221
02,031,solan,Urban,All ages,102147,59018,43129,19643,9857,9786,82504,49161,33343
02,031,solan,Urban,0-6,10887,5855,5032,10887,5855,5032,0,0,0
02,031,solan,Urban,7,1679,876,803,272,132,140,1407,744,663
02,031,solan,Urban,8,1619,881,738,119,54,65,1500,827,673
02,031,solan,Urban,9,1680,941,739,108,53,55,1572,888,684
02,031,solan,Urban,10,1782,1016,766,130,78,52,1652,938,714
02,031,solan,Urban,11,1697,945,752,86,41,45,1611,904,707
02,031,solan,Urban,12,1544,875,669,67,37,30,1477,838,639
02,031,solan,Urban,13,1523,860,663,70,39,31,1453,821,632
02,031,solan,Urban,14,1544,860,684,59,28,31,1485,832,653
02,031,solan,Urban,15,1583,915,668,97,48,49,1486,867,619
02,031,solan,Urban,16,1586,901,685,81,49,32,1505,852,653
02,031,solan,Urban,17,1572,893,679,67,48,19,1505,845,660
02,031,solan,Urban,18,2152,1425,727,143,104,39,2009,1321,688
02,031,solan,Urban,19,2208,1409,799,143,100,43,2065,1309,756
02,031,solan,Urban,20-24,12608,7941,4667,788,464,324,11820,7477,4343
02,031,solan,Urban,25-29,11856,7028,4828,881,433,448,10975,6595,4380
02,031,solan,Urban,30-34,10328,6040,4288,835,372,463,9493,5668,3825
02,031,solan,Urban,35-39,8992,5155,3837,929,402,527,8063,4753,3310
02,031,solan,Urban,40-44,6814,3874,2940,805,364,441,6009,3510,2499
02,031,solan,Urban,45-49,5575,3189,2386,733,313,420,4842,2876,1966
02,031,solan,Urban,50-54,4084,2352,1732,580,247,333,3504,2105,1399
02,031,solan,Urban,55-59,2923,1699,1224,425,163,262,2498,1536,962
02,031,solan,Urban,60-64,2135,1125,1010,397,144,253,1738,981,757
02,031,solan,Urban,65-69,1375,725,650,260,79,181,1115,646,469
02,031,solan,Urban,70-74,1005,519,486,280,93,187,725,426,299
02,031,solan,Urban,75-79,560,271,289,157,32,125,403,239,164
02,031,solan,Urban,80+,696,347,349,229,74,155,467,273,194
02,031,solan,Urban,Age not stated,140,101,39,15,11,4,125,90,35
02,032,sirmaur,Total,All ages,529855,276289,253566,167210,70672,96538,362645,205617,157028
02,032,sirmaur,Total,0-6,69620,36107,33513,69620,36107,33513,0,0,0
02,032,sirmaur,Total,7,10686,5655,5031,1764,884,880,8922,4771,4151
02,032,sirmaur,Total,8,10252,5338,4914,671,334,337,9581,5004,4577
02,032,sirmaur,Total,9,10496,5532,4964,498,253,245,9998,5279,4719
02,032,sirmaur,Total,10,11768,6140,5628,604,296,308,11164,5844,5320
02,032,sirmaur,Total,11,10992,5810,5182,356,158,198,10636,5652,4984
02,032,sirmaur,Total,12,11046,5754,5292,222,102,120,10824,5652,5172
02,032,sirmaur,Total,13,10586,5508,5078,217,104,113,10369,5404,4965
02,032,sirmaur,Total,14,11015,5610,5405,243,91,152,10772,5519,5253
02,032,sirmaur,Total,15,11032,5822,5210,275,126,149,10757,5696,5061
02,032,sirmaur,Total,16,10613,5630,4983,266,127,139,10347,5503,4844
02,032,sirmaur,Total,17,10383,5460,4923,261,110,151,10122,5350,4772
02,032,sirmaur,Total,18,11598,6111,5487,400,178,222,11198,5933,5265
02,032,sirmaur,Total,19,10781,5532,5249,393,160,233,10388,5372,5016
02,032,sirmaur,Total,20-24,53262,27702,25560,3020,1075,1945,50242,26627,23615
02,032,sirmaur,Total,25-29,46114,23901,22213,4875,1562,3313,41239,22339,18900
02,032,sirmaur,Total,30-34,39844,20812,19032,6706,2084,4622,33138,18728,14410
02,032,sirmaur,Total,35-39,37579,19671,17908,9157,2767,6390,28422,16904,11518
02,032,sirmaur,Total,40-44,32247,16827,15420,10892,3328,7564,21355,13499,7856
02,032,sirmaur,Total,45-49,27169,14042,13127,10817,3526,7291,16352,10516,5836
02,032,sirmaur,Total,50-54,23075,12171,10904,10377,3551,6826,12698,8620,4078
02,032,sirmaur,Total,55-59,17411,9180,8231,8463,2893,5570,8948,6287,2661
02,032,sirmaur,Total,60-64,15313,7939,7374,8799,3257,5542,6514,4682,1832
02,032,sirmaur,Total,65-69,9848,5061,4787,6100,2331,3769,3748,2730,1018
02,032,sirmaur,Total,70-74,7974,4110,3864,5519,2243,3276,2455,1867,588
02,032,sirmaur,Total,75-79,3951,2069,1882,2825,1211,1614,1126,858,268
02,032,sirmaur,Total,80+,4899,2618,2281,3766,1766,2000,1133,852,281
02,032,sirmaur,Total,Age not stated,301,177,124,104,48,56,197,129,68
02,032,sirmaur,Rural,All ages,472690,246175,226515,156254,65564,90690,316436,180611,135825
02,032,sirmaur,Rural,0-6,63387,32780,30607,63387,32780,30607,0,0,0
02,032,sirmaur,Rural,7,9768,5171,4597,1655,834,821,8113,4337,3776
02,032,sirmaur,Rural,8,9296,4842,4454,631,312,319,8665,4530,4135
02,032,sirmaur,Rural,9,9515,4987,4528,459,230,229,9056,4757,4299
02,032,sirmaur,Rural,10,10660,5501,5159,555,267,288,10105,5234,4871
02,032,sirmaur,Rural,11,10001,5275,4726,334,149,185,9667,5126,4541
02,032,sirmaur,Rural,12,10036,5196,4840,199,88,111,9837,5108,4729
02,032,sirmaur,Rural,13,9637,4997,4640,191,88,103,9446,4909,4537
02,032,sirmaur,Rural,14,10049,5107,4942,218,77,141,9831,5030,4801
02,032,sirmaur,Rural,15,9978,5246,4732,245,107,138,9733,5139,4594
02,032,sirmaur,Rural,16,9601,5058,4543,244,112,132,9357,4946,4411
02,032,sirmaur,Rural,17,9394,4925,4469,236,95,141,9158,4830,4328
02,032,sirmaur,Rural,18,10478,5464,5014,348,143,205,10130,5321,4809
02,032,sirmaur,Rural,19,9742,4968,4774,361,137,224,9381,4831,4550
02,032,sirmaur,Rural,20-24,47838,24905,22933,2749,939,1810,45089,23966,21123
02,032,sirmaur,Rural,25-29,40658,21124,19534,4584,1422,3162,36074,19702,16372
02,032,sirmaur,Rural,30-34,34819,18279,16540,6353,1938,4415,28466,16341,12125
02,032,sirmaur,Rural,35-39,32634,17184,15450,8729,2611,6118,23905,14573,9332
02,032,sirmaur,Rural,40-44,28049,14575,13474,10405,3144,7261,17644,11431,6213
02,032,sirmaur,Rural,45-49,23753,12193,11560,10336,3350,6986,13417,8843,4574
02,032,sirmaur,Rural,50-54,20376,10680,9696,9987,3427,6560,10389,7253,3136
02,032,sirmaur,Rural,55-59,15415,8112,7303,8137,2797,5340,7278,5315,1963
02,032,sirmaur,Rural,60-64,13586,7075,6511,8412,3153,5259,5174,3922,1252
02,032,sirmaur,Rural,65-69,8708,4481,4227,5840,2267,3573,2868,2214,654
02,032,sirmaur,Rural,70-74,7141,3699,3442,5290,2189,3101,1851,1510,341
02,032,sirmaur,Rural,75-79,3466,1816,1650,2684,1167,1517,782,649,133
02,032,sirmaur,Rural,80+,4424,2369,2055,3584,1694,1890,840,675,165
02,032,sirmaur,Rural,Age not stated,281,166,115,101,47,54,180,119,61
02,032,sirmaur,Urban,All ages,57165,30114,27051,10956,5108,5848,46209,25006,21203
02,032,sirmaur,Urban,0-6,6233,3327,2906,6233,3327,2906,0,0,0
02,032,sirmaur,Urban,7,918,484,434,109,50,59,809,434,375
02,032,sirmaur,Urban,8,956,496,460,40,22,18,916,474,442
02,032,sirmaur,Urban,9,981,545,436,39,23,16,942,522,420
02,032,sirmaur,Urban,10,1108,639,469,49,29,20,1059,610,449
02,032,sirmaur,Urban,11,991,535,456,22,9,13,969,526,443
02,032,sirmaur,Urban,12,1010,558,452,23,14,9,987,544,443
02,032,sirmaur,Urban,13,949,511,438,26,16,10,923,495,428
02,032,sirmaur,Urban,14,966,503,463,25,14,11,941,489,452
02,032,sirmaur,Urban,15,1054,576,478,30,19,11,1024,557,467
02,032,sirmaur,Urban,16,1012,572,440,22,15,7,990,557,433
02,032,sirmaur,Urban,17,989,535,454,25,15,10,964,520,444
02,032,sirmaur,Urban,18,1120,647,473,52,35,17,1068,612,456
02,032,sirmaur,Urban,19,1039,564,475,32,23,9,1007,541,466
02,032,sirmaur,Urban,20-24,5424,2797,2627,271,136,135,5153,2661,2492
02,032,sirmaur,Urban,25-29,5456,2777,2679,291,140,151,5165,2637,2528
02,032,sirmaur,Urban,30-34,5025,2533,2492,353,146,207,4672,2387,2285
02,032,sirmaur,Urban,35-39,4945,2487,2458,428,156,272,4517,2331,2186
02,032,sirmaur,Urban,40-44,4198,2252,1946,487,184,303,3711,2068,1643
02,032,sirmaur,Urban,45-49,3416,1849,1567,481,176,305,2935,1673,1262
02,032,sirmaur,Urban,50-54,2699,1491,1208,390,124,266,2309,1367,942
02,032,sirmaur,Urban,55-59,1996,1068,928,326,96,230,1670,972,698
02,032,sirmaur,Urban,60-64,1727,864,863,387,104,283,1340,760,580
02,032,sirmaur,Urban,65-69,1140,580,560,260,64,196,880,516,364
02,032,sirmaur,Urban,70-74,833,411,422,229,54,175,604,357,247
02,032,sirmaur,Urban,75-79,485,253,232,141,44,97,344,209,135
02,032,sirmaur,Urban,80+,475,249,226,182,72,110,293,177,116
02,032,sirmaur,Urban,Age not stated,20,11,9,3,1,2,17,10,7
02,033,shimla,Total,All ages,814010,425039,388971,201368,82193,119175,612642,342846,269796
02,033,shimla,Total,0-6,81564,42376,39188,81564,42376,39188,0,0,0
02,033,shimla,Total,7,13394,6947,6447,3311,1683,1628,10083,5264,4819
02,033,shimla,Total,8,13197,6898,6299,773,367,406,12424,6531,5893
02,033,shimla,Total,9,13109,6822,6287,484,234,250,12625,6588,6037
02,033,shimla,Total,10,14717,7745,6972,539,263,276,14178,7482,6696
02,033,shimla,Total,11,14549,7558,6991,338,165,173,14211,7393,6818
02,033,shimla,Total,12,14408,7584,6824,286,142,144,14122,7442,6680
02,033,shimla,Total,13,14058,7326,6732,264,124,140,13794,7202,6592
02,033,shimla,Total,14,14206,7412,6794,287,148,139,13919,7264,6655
02,033,shimla,Total,15,14055,7397,6658,300,150,150,13755,7247,6508
02,033,shimla,Total,16,14307,7468,6839,330,182,148,13977,7286,6691
02,033,shimla,Total,17,14305,7512,6793,342,185,157,13963,7327,6636
02,033,shimla,Total,18,16383,8709,7674,569,309,260,15814,8400,7414
02,033,shimla,Total,19,15202,7981,7221,498,237,261,14704,7744,6960
02,033,shimla,Total,20-24,82123,42625,39498,4081,1695,2386,78042,40930,37112
02,033,shimla,Total,25-29,76144,39513,36631,5134,1900,3234,71010,37613,33397
02,033,shimla,Total,30-34,69102,36102,33000,6610,2157,4453,62492,33945,28547
02,033,shimla,Total,35-39,64912,33891,31021,9069,2769,6300,55843,31122,24721
02,033,shimla,Total,40-44,57809,30180,27629,11728,3320,8408,46081,26860,19221
02,033,shimla,Total,45-49,50133,26431,23702,12651,3773,8878,37482,22658,14824
02,033,shimla,Total,50-54,41667,22256,19411,12271,3543,8728,29396,18713,10683
02,033,shimla,Total,55-59,31200,16906,14294,10566,3105,7461,20634,13801,6833
02,033,shimla,Total,60-64,24820,12737,12083,11218,3377,7841,13602,9360,4242
02,033,shimla,Total,65-69,16936,8515,8421,8643,2663,5980,8293,5852,2441
02,033,shimla,Total,70-74,13670,6879,6791,8135,2859,5276,5535,4020,1515
02,033,shimla,Total,75-79,7825,4043,3782,4871,1841,3030,2954,2202,752
02,033,shimla,Total,80+,9459,4794,4665,6357,2557,3800,3102,2237,865
02,033,shimla,Total,Age not stated,756,432,324,149,69,80,607,363,244
02,033,shimla,Rural,All ages,612659,314295,298364,171947,67833,104114,440712,246462,194250
02,033,shimla,Rural,0-6,64881,33558,31323,64881,33558,31323,0,0,0
02,033,shimla,Rural,7,10301,5259,5042,2564,1286,1278,7737,3973,3764
02,033,shimla,Rural,8,10131,5222,4909,624,295,329,9507,4927,4580
02,033,shimla,Rural,9,10053,5139,4914,394,185,209,9659,4954,4705
02,033,shimla,Rural,10,11266,5838,5428,419,202,217,10847,5636,5211
02,033,shimla,Rural,11,11121,5631,5490,253,120,133,10868,5511,5357
02,033,shimla,Rural,12,10985,5666,5319,235,116,119,10750,5550,5200
02,033,shimla,Rural,13,10802,5525,5277,219,105,114,10583,5420,5163
02,033,shimla,Rural,14,10838,5545,5293,244,125,119,10594,5420,5174
02,033,shimla,Rural,15,10541,5436,5105,234,109,125,10307,5327,4980
02,033,shimla,Rural,16,10657,5473,5184,246,127,119,10411,5346,5065
02,033,shimla,Rural,17,10560,5495,5065,265,130,135,10295,5365,4930
02,033,shimla,Rural,18,11800,6101,5699,422,210,212,11378,5891,5487
02,033,shimla,Rural,19,10726,5535,5191,357,151,206,10369,5384,4985
02,033,shimla,Rural,20-24,59198,30255,28943,3061,1137,1924,56137,29118,27019
02,033,shimla,Rural,25-29,56555,28858,27697,4018,1365,2653,52537,27493,25044
02,033,shimla,Rural,30-34,51193,26677,24516,5544,1701,3843,45649,24976,20673
02,033,shimla,Rural,35-39,47287,24716,22571,7791,2178,5613,39496,22538,16958
02,033,shimla,Rural,40-44,41891,21429,20462,10437,2797,7640,31454,18632,12822
02,033,shimla,Rural,45-49,36407,18566,17841,11456,3288,8168,24951,15278,9673
02,033,shimla,Rural,50-54,30834,15646,15188,11319,3139,8180,19515,12507,7008
02,033,shimla,Rural,55-59,23227,11885,11342,9802,2824,6978,13425,9061,4364
02,033,shimla,Rural,60-64,20379,10220,10159,10608,3172,7436,9771,7048,2723
02,033,shimla,Rural,65-69,14184,7052,7132,8188,2527,5661,5996,4525,1471
02,033,shimla,Rural,70-74,11592,5797,5795,7685,2731,4954,3907,3066,841
02,033,shimla,Rural,75-79,6604,3369,3235,4588,1756,2832,2016,1613,403
02,033,shimla,Rural,80+,8108,4105,4003,5968,2445,3523,2140,1660,480
02,033,shimla,Rural,Age not stated,538,297,241,125,54,71,413,243,170
02,033,shimla,Urban,All ages,201351,110744,90607,29421,14360,15061,171930,96384,75546
02,033,shimla,Urban,0-6,16683,8818,7865,16683,8818,7865,0,0,0
02,033,shimla,Urban,7,3093,1688,1405,747,397,350,2346,1291,1055
02,033,shimla,Urban,8,3066,1676,1390,149,72,77,2917,1604,1313
02,033,shimla,Urban,9,3056,1683,1373,90,49,41,2966,1634,1332
02,033,shimla,Urban,10,3451,1907,1544,120,61,59,3331,1846,1485
02,033,shimla,Urban,11,3428,1927,1501,85,45,40,3343,1882,1461
02,033,shimla,Urban,12,3423,1918,1505,51,26,25,3372,1892,1480
02,033,shimla,Urban,13,3256,1801,1455,45,19,26,3211,1782,1429
02,033,shimla,Urban,14,3368,1867,1501,43,23,20,3325,1844,1481
02,033,shimla,Urban,15,3514,1961,1553,66,41,25,3448,1920,1528
02,033,shimla,Urban,16,3650,1995,1655,84,55,29,3566,1940,1626
02,033,shimla,Urban,17,3745,2017,1728,77,55,22,3668,1962,1706
02,033,shimla,Urban,18,4583,2608,1975,147,99,48,4436,2509,1927
02,033,shimla,Urban,19,4476,2446,2030,141,86,55,4335,2360,1975
02,033,shimla,Urban,20-24,22925,12370,10555,1020,558,462,21905,11812,10093
02,033,shimla,Urban,25-29,19589,10655,8934,1116,535,581,18473,10120,8353
02,033,shimla,Urban,30-34,17909,9425,8484,1066,456,610,16843,8969,7874
02,033,shimla,Urban,35-39,17625,9175,8450,1278,591,687,16347,8584,7763
02,033,shimla,Urban,40-44,15918,8751,7167,1291,523,768,14627,8228,6399
02,033,shimla,Urban,45-49,13726,7865,5861,1195,485,710,12531,7380,5151
02,033,shimla,Urban,50-54,10833,6610,4223,952,404,548,9881,6206,3675
02,033,shimla,Urban,55-59,7973,5021,2952,764,281,483,7209,4740,2469
02,033,shimla,Urban,60-64,4441,2517,1924,610,205,405,3831,2312,1519
02,033,shimla,Urban,65-69,2752,1463,1289,455,136,319,2297,1327,970
02,033,shimla,Urban,70-74,2078,1082,996,450,128,322,1628,954,674
02,033,shimla,Urban,75-79,1221,674,547,283,85,198,938,589,349
02,033,shimla,Urban,80+,1351,689,662,389,112,277,962,577,385
02,033,shimla,Urban,Age not stated,218,135,83,24,15,9,194,120,74
02,034,kinnaur,Total,All ages,84121,46249,37872,23422,9552,13870,60699,36697,24002
02,034,kinnaur,Total,0-6,8246,4200,4046,8246,4200,4046,0,0,0
02,034,kinnaur,Total,7,1286,669,617,288,153,135,998,516,482
02,034,kinnaur,Total,8,1315,653,662,86,43,43,1229,610,619
02,034,kinnaur,Total,9,1225,626,599,23,12,11,1202,614,588
02,034,kinnaur,Total,10,1405,706,699,40,23,17,1365,683,682
02,034,kinnaur,Total,11,1402,688,714,27,11,16,1375,677,698
02,034,kinnaur,Total,12,1345,676,669,17,7,10,1328,669,659
02,034,kinnaur,Total,13,1255,594,661,15,6,9,1240,588,652
02,034,kinnaur,Total,14,1289,612,677,10,4,6,1279,608,671
02,034,kinnaur,Total,15,1204,601,603,32,11,21,1172,590,582
02,034,kinnaur,Total,16,1153,585,568,21,15,6,1132,570,562
02,034,kinnaur,Total,17,1189,604,585,26,13,13,1163,591,572
02,034,kinnaur,Total,18,1398,742,656,68,41,27,1330,701,629
02,034,kinnaur,Total,19,1227,704,523,64,45,19,1163,659,504
02,034,kinnaur,Total,20-24,8525,5147,3378,642,397,245,7883,4750,3133
02,034,kinnaur,Total,25-29,8896,5423,3473,762,412,350,8134,5011,3123
02,034,kinnaur,Total,30-34,7661,4510,3151,723,318,405,6938,4192,2746
02,034,kinnaur,Total,35-39,7247,4270,2977,1058,393,665,6189,3877,2312
02,034,kinnaur,Total,40-44,6341,3779,2562,1339,400,939,5002,3379,1623
02,034,kinnaur,Total,45-49,5350,2981,2369,1642,498,1144,3708,2483,1225
02,034,kinnaur,Total,50-54,3945,2135,1810,1504,430,1074,2441,1705,736
02,034,kinnaur,Total,55-59,2938,1562,1376,1278,385,893,1660,1177,483
02,034,kinnaur,Total,60-64,2547,1220,1327,1356,368,988,1191,852,339
02,034,kinnaur,Total,65-69,1729,807,922,1127,351,776,602,456,146
02,034,kinnaur,Total,70-74,1484,664,820,1048,325,723,436,339,97
02,034,kinnaur,Total,75-79,1025,453,572,806,281,525,219,172,47
02,034,kinnaur,Total,80+,1407,596,811,1148,402,746,259,194,65
02,034,kinnaur,Total,Age not stated,87,42,45,26,8,18,61,34,27
02,034,kinnaur,Rural,All ages,84121,46249,37872,23422,9552,13870,60699,36697,24002
02,034,kinnaur,Rural,0-6,8246,4200,4046,8246,4200,4046,0,0,0
02,034,kinnaur,Rural,7,1286,669,617,288,153,135,998,516,482
02,034,kinnaur,Rural,8,1315,653,662,86,43,43,1229,610,619
02,034,kinnaur,Rural,9,1225,626,599,23,12,11,1202,614,588
02,034,kinnaur,Rural,10,1405,706,699,40,23,17,1365,683,682
02,034,kinnaur,Rural,11,1402,688,714,27,11,16,1375,677,698
02,034,kinnaur,Rural,12,1345,676,669,17,7,10,1328,669,659
02,034,kinnaur,Rural,13,1255,594,661,15,6,9,1240,588,652
02,034,kinnaur,Rural,14,1289,612,677,10,4,6,1279,608,671
02,034,kinnaur,Rural,15,1204,601,603,32,11,21,1172,590,582
02,034,kinnaur,Rural,16,1153,585,568,21,15,6,1132,570,562
02,034,kinnaur,Rural,17,1189,604,585,26,13,13,1163,591,572
02,034,kinnaur,Rural,18,1398,742,656,68,41,27,1330,701,629
02,034,kinnaur,Rural,19,1227,704,523,64,45,19,1163,659,504
02,034,kinnaur,Rural,20-24,8525,5147,3378,642,397,245,7883,4750,3133
02,034,kinnaur,Rural,25-29,8896,5423,3473,762,412,350,8134,5011,3123
02,034,kinnaur,Rural,30-34,7661,4510,3151,723,318,405,6938,4192,2746
02,034,kinnaur,Rural,35-39,7247,4270,2977,1058,393,665,6189,3877,2312
02,034,kinnaur,Rural,40-44,6341,3779,2562,1339,400,939,5002,3379,1623
02,034,kinnaur,Rural,45-49,5350,2981,2369,1642,498,1144,3708,2483,1225
02,034,kinnaur,Rural,50-54,3945,2135,1810,1504,430,1074,2441,1705,736
02,034,kinnaur,Rural,55-59,2938,1562,1376,1278,385,893,1660,1177,483
02,034,kinnaur,Rural,60-64,2547,1220,1327,1356,368,988,1191,852,339
02,034,kinnaur,Rural,65-69,1729,807,922,1127,351,776,602,456,146
02,034,kinnaur,Rural,70-74,1484,664,820,1048,325,723,436,339,97
02,034,kinnaur,Rural,75-79,1025,453,572,806,281,525,219,172,47
02,034,kinnaur,Rural,80+,1407,596,811,1148,402,746,259,194,65
02,034,kinnaur,Rural,Age not stated,87,42,45,26,8,18,61,34,27
02,034,kinnaur,Urban,All ages,0,0,0,0,0,0,0,0,0
02,034,kinnaur,Urban,0-6,0,0,0,0,0,0,0,0,0
02,034,kinnaur,Urban,7,0,0,0,0,0,0,0,0,0
02,034,kinnaur,Urban,8,0,0,0,0,0,0,0,0,0
02,034,kinnaur,Urban,9,0,0,0,0,0,0,0,0,0
02,034,kinnaur,Urban,10,0,0,0,0,0,0,0,0,0
02,034,kinnaur,Urban,11,0,0,0,0,0,0,0,0,0
02,034,kinnaur,Urban,12,0,0,0,0,0,0,0,0,0
02,034,kinnaur,Urban,13,0,0,0,0,0,0,0,0,0
02,034,kinnaur,Urban,14,0,0,0,0,0,0,0,0,0
02,034,kinnaur,Urban,15,0,0,0,0,0,0,0,0,0
02,034,kinnaur,Urban,16,0,0,0,0,0,0,0,0,0
02,034,kinnaur,Urban,17,0,0,0,0,0,0,0,0,0
02,034,kinnaur,Urban,18,0,0,0,0,0,0,0,0,0
02,034,kinnaur,Urban,19,0,0,0,0,0,0,0,0,0
02,034,kinnaur,Urban,20-24,0,0,0,0,0,0,0,0,0
02,034,kinnaur,Urban,25-29,0,0,0,0,0,0,0,0,0
02,034,kinnaur,Urban,30-34,0,0,0,0,0,0,0,0,0
02,034,kinnaur,Urban,35-39,0,0,0,0,0,0,0,0,0
02,034,kinnaur,Urban,40-44,0,0,0,0,0,0,0,0,0
02,034,kinnaur,Urban,45-49,0,0,0,0,0,0,0,0,0
02,034,kinnaur,Urban,50-54,0,0,0,0,0,0,0,0,0
02,034,kinnaur,Urban,55-59,0,0,0,0,0,0,0,0,0
02,034,kinnaur,Urban,60-64,0,0,0,0,0,0,0,0,0
02,034,kinnaur,Urban,65-69,0,0,0,0,0,0,0,0,0
02,034,kinnaur,Urban,70-74,0,0,0,0,0,0,0,0,0
02,034,kinnaur,Urban,75-79,0,0,0,0,0,0,0,0,0
02,034,kinnaur,Urban,80+,0,0,0,0,0,0,0,0,0
02,034,kinnaur,Urban,Age not stated,0,0,0,0,0,0,0,0,0
07,090,north west,Total,All ages,3656539,1960922,1695617,948684,418970,529714,2707855,1541952,1165903
07,090,north west,Total,0-6,449894,241169,208725,449894,241169,208725,0,0,0
07,090,north west,Total,7,69115,37113,32002,14340,7731,6609,54775,29382,25393
07,090,north west,Total,8,70399,38214,32185,6499,3445,3054,63900,34769,29131
07,090,north west,Total,9,65130,35558,29572,4601,2446,2155,60529,33112,27417
07,090,north west,Total,10,83463,46098,37365,6106,3220,2886,77357,42878,34479
07,090,north west,Total,11,70736,38614,32122,3179,1664,1515,67557,36950,30607
07,090,north west,Total,12,77156,42223,34933,3299,1771,1528,73857,40452,33405
07,090,north west,Total,13,70105,37821,32284,2627,1307,1320,67478,36514,30964
07,090,north west,Total,14,73565,39932,33633,2990,1458,1532,70575,38474,32101
07,090,north west,Total,15,76148,42120,34028,4067,2170,1897,72081,39950,32131
07,090,north west,Total,16,73939,40724,33215,3963,2091,1872,69976,38633,31343
07,090,north west,Total,17,69175,38950,30225,3722,2041,1681,65453,36909,28544
07,090,north west,Total,18,87336,50195,37141,6770,3669,3101,80566,46526,34040
07,090,north west,Total,19,68389,38657,29732,4449,2215,2234,63940,36442,27498
07,090,north west,Total,20-24,382984,206924,176060,35587,14659,20928,347397,192265,155132
07,090,north west,Total,25-29,351057,185056,166001,44181,15747,28434,306876,169309,137567
07,090,north west,Total,30-34,299952,156903,143049,48784,15436,33348,251168,141467,109701
07,090,north west,Total,35-39,280538,147110,133428,57844,18237,39607,222694,128873,93821
07,090,north west,Total,40-44,236781,126613,110168,54952,18332,36620,181829,108281,73548
07,090,north west,Total,45-49,196153,106866,89287,47194,16382,30812,148959,90484,58475
07,090,north west,Total,50-54,147333,80981,66352,34453,12071,22382,112880,68910,43970
07,090,north west,Total,55-59,108294,56878,51416,26430,7514,18916,81864,49364,32500
07,090,north west,Total,60-64,105858,53576,52282,34535,10190,24345,71323,43386,27937
07,090,north west,Total,65-69,58706,30327,28379,18019,5373,12646,40687,24954,15733
07,090,north west,Total,70-74,39977,20511,19466,13510,4001,9509,26467,16510,9957
07,090,north west,Total,75-79,20534,10333,10201,6727,1706,5021,13807,8627,5180
07,090,north west,Total,80+,22353,10653,11700,9535,2736,6799,12818,7917,4901
07,090,north west,Total,Age not stated,1469,803,666,427,189,238,1042,614,428
07,090,north west,Rural,All ages,213950,115680,98270,66623,28637,37986,147327,87043,60284
07,090,north west,Rural,0-6,28936,15894,13042,28936,15894,13042,0,0,0
07,090,north west,Rural,7,4399,2428,1971,840,468,372,3559,1960,1599
07,090,north west,Rural,8,4623,2539,2084,389,206,183,4234,2333,1901
07,090,north west,Rural,9,4129,2343,1786,265,149,116,3864,2194,1670
07,090,north west,Rural,10,5624,3090,2534,359,181,178,5265,2909,2356
07,090,north west,Rural,11,4483,2465,2018,180,85,95,4303,2380,1923
07,090,north west,Rural,12,5171,2869,2302,233,116,117,4938,2753,2185
07,090,north west,Rural,13,4495,2498,1997,138,73,65,4357,2425,1932
07,090,north west,Rural,14,4625,2441,2184,211,93,118,4414,2348,2066
07,090,north west,Rural,15,4817,2620,2197,315,146,169,4502,2474,2028
07,090,north west,Rural,16,4723,2575,2148,302,149,153,4421,2426,1995
07,090,north west,Rural,17,4307,2485,1822,288,161,127,4019,2324,1695
07,090,north west,Rural,18,5658,3274,2384,582,291,291,5076,2983,2093
07,090,north west,Rural,19,4108,2332,1776,343,147,196,3765,2185,1580
07,090,north west,Rural,20-24,22889,12488,10401,2649,1031,1618,20240,11457,8783
07,090,north west,Rural,25-29,19485,10334,9151,2975,1024,1951,16510,9310,7200
07,090,north west,Rural,30-34,16377,8391,7986,3308,956,2352,13069,7435,5634
07,090,north west,Rural,35-39,15663,8251,7412,4112,1201,2911,11551,7050,4501
07,090,north west,Rural,40-44,13210,7160,6050,4405,1460,2945,8805,5700,3105
07,090,north west,Rural,45-49,10077,5589,4488,3590,1233,2357,6487,4356,2131
07,090,north west,Rural,50-54,7435,4161,3274,2751,898,1853,4684,3263,1421
07,090,north west,Rural,55-59,5153,2680,2473,2082,543,1539,3071,2137,934
07,090,north west,Rural,60-64,5965,2929,3036,2917,768,2149,3048,2161,887
07,090,north west,Rural,65-69,3029,1562,1467,1584,439,1145,1445,1123,322
07,090,north west,Rural,70-74,2096,1084,1012,1199,353,846,897,731,166
07,090,north west,Rural,75-79,953,450,503,641,187,454,312,263,49
07,090,north west,Rural,80+,1376,669,707,991,372,619,385,297,88
07,090,north west,Rural,Age not stated,144,79,65,38,13,25,106,66,40
07,090,north west,Urban,All ages,3442589,1845242,1597347,882061,390333,491728,2560528,1454909,1105619
07,090,north west,Urban,0-6,420958,225275,195683,420958,225275,195683,0,0,0
07,090,north west,Urban,7,64716,34685,30031,13500,7263,6237,51216,27422,23794
07,090,north west,Urban,8,65776,35675,30101,6110,3239,2871,59666,32436,27230
07,090,north west,Urban,9,61001,33215,27786,4336,2297,2039,56665,30918,25747
07,090,north west,Urban,10,77839,43008,34831,5747,3039,2708,72092,39969,32123
07,090,north west,Urban,11,66253,36149,30104,2999,1579,1420,63254,34570,28684
07,090,north west,Urban,12,71985,39354,32631,3066,1655,1411,68919,37699,31220
07,090,north west,Urban,13,65610,35323,30287,2489,1234,1255,63121,34089,29032
07,090,north west,Urban,14,68940,37491,31449,2779,1365,1414,66161,36126,30035
07,090,north west,Urban,15,71331,39500,31831,3752,2024,1728,67579,37476,30103
07,090,north west,Urban,16,69216,38149,31067,3661,1942,1719,65555,36207,29348
07,090,north west,Urban,17,64868,36465,28403,3434,1880,1554,61434,34585,26849
07,090,north west,Urban,18,81678,46921,34757,6188,3378,2810,75490,43543,31947
07,090,north west,Urban,19,64281,36325,27956,4106,2068,2038,60175,34257,25918
07,090,north west,Urban,20-24,360095,194436,165659,32938,13628,19310,327157,180808,146349
07,090,north west,Urban,25-29,331572,174722,156850,41206,14723,26483,290366,159999,130367
07,090,north west,Urban,30-34,283575,148512,135063,45476,14480,30996,238099,134032,104067
07,090,north west,Urban,35-39,264875,138859,126016,53732,17036,36696,211143,121823,89320
07,090,north west,Urban,40-44,223571,119453,104118,50547,16872,33675,173024,102581,70443
07,090,north west,Urban,45-49,186076,101277,84799,43604,15149,28455,142472,86128,56344
07,090,north west,Urban,50-54,139898,76820,63078,31702,11173,20529,108196,65647,42549
07,090,north west,Urban,55-59,103141,54198,48943,24348,6971,17377,78793,47227,31566
07,090,north west,Urban,60-64,99893,50647,49246,31618,9422,22196,68275,41225,27050
07,090,north west,Urban,65-69,55677,28765,26912,16435,4934,11501,39242,23831,15411
07,090,north west,Urban,70-74,37881,19427,18454,12311,3648,8663,25570,15779,9791
07,090,north west,Urban,75-79,19581,9883,9698,6086,1519,4567,13495,8364,5131
07,090,north west,Urban,80+,20977,9984,10993,8544,2364,6180,12433,7620,4813
07,090,north west,Urban,Age not stated,1325,724,601,389,176,213,936,548,388
07,091,north,Total,All ages,887978,475002,412976,206461,93387,113074,681517,381615,299902
07,091,north,Total,0-6,103304,55155,48149,103304,55155,48149,0,0,0
07,091,north,Total,7,15917,8501,7416,3144,1674,1470,12773,6827,5946
07,091,north,Total,8,16041,8602,7439,1256,662,594,14785,7940,6845
07,091,north,Total,9,15144,8182,6962,911,491,420,14233,7691,6542
07,091,north,Total,10,18856,10206,8650,1123,645,478,17733,9561,8172
07,091,north,Total,11,16354,8847,7507,576,316,260,15778,8531,7247
07,091,north,Total,12,17420,9411,8009,546,291,255,16874,9120,7754
07,091,north,Total,13,16429,8807,7622,437,227,210,15992,8580,7412
07,091,north,Total,14,16984,9216,7768,512,263,249,16472,8953,7519
07,091,north,Total,15,17750,9598,8152,712,390,322,17038,9208,7830
07,091,north,Total,16,17439,9393,8046,713,392,321,16726,9001,7725
07,091,north,Total,17,16437,9069,7368,646,366,280,15791,8703,7088
07,091,north,Total,18,20220,11410,8810,1148,698,450,19072,10712,8360
07,091,north,Total,19,16653,9064,7589,738,386,352,15915,8678,7237
07,091,north,Total,20-24,92874,49720,43154,6445,2977,3468,86429,46743,39686
07,091,north,Total,25-29,88779,46575,42204,8510,3377,5133,80269,43198,37071
07,091,north,Total,30-34,76867,40820,36047,9934,3575,6359,66933,37245,29688
07,091,north,Total,35-39,70718,37918,32800,11497,4083,7414,59221,33835,25386
07,091,north,Total,40-44,59201,32179,27022,11036,3894,7142,48165,28285,19880
07,091,north,Total,45-49,49715,26860,22855,9845,3315,6530,39870,23545,16325
07,091,north,Total,50-54,37796,20915,16881,7730,2705,5025,30066,18210,11856
07,091,north,Total,55-59,27369,14718,12651,5925,1770,4155,21444,12948,8496
07,091,north,Total,60-64,24808,12650,12158,7492,2278,5214,17316,10372,6944
07,091,north,Total,65-69,13979,7105,6874,4471,1353,3118,9508,5752,3756
07,091,north,Total,70-74,9686,4834,4852,3471,993,2478,6215,3841,2374
07,091,north,Total,75-79,4917,2372,2545,1798,460,1338,3119,1912,1207
07,091,north,Total,80+,5958,2668,3290,2440,601,1839,3518,2067,1451
07,091,north,Total,Age not stated,363,207,156,101,50,51,262,157,105
07,091,north,Rural,All ages,17746,9546,8200,4506,1846,2660,13240,7700,5540
07,091,north,Rural,0-6,2391,1268,1123,2391,1268,1123,0,0,0
07,091,north,Rural,7,388,204,184,84,45,39,304,159,145
07,091,north,Rural,8,428,242,186,30,17,13,398,225,173
07,091,north,Rural,9,369,210,159,17,7,10,352,203,149
07,091,north,Rural,10,473,269,204,31,14,17,442,255,187
07,091,north,Rural,11,394,238,156,13,9,4,381,229,152
07,091,north,Rural,12,425,254,171,11,4,7,414,250,164
07,091,north,Rural,13,391,235,156,10,5,5,381,230,151
07,091,north,Rural,14,386,211,175,8,3,5,378,208,170
07,091,north,Rural,15,427,230,197,13,5,8,414,225,189
07,091,north,Rural,16,404,219,185,12,7,5,392,212,180
07,091,north,Rural,17,358,204,154,11,1,10,347,203,144
07,091,north,Rural,18,392,203,189,18,8,10,374,195,179
07,091,north,Rural,19,324,173,151,11,3,8,313,170,143
07,091,north,Rural,20-24,1800,942,858,125,40,85,1675,902,773
07,091,north,Rural,25-29,1734,897,837,147,35,112,1587,862,725
07,091,north,Rural,30-34,1570,784,786,203,49,154,1367,735,632
07,091,north,Rural,35-39,1431,772,659,234,60,174,1197,712,485
07,091,north,Rural,40-44,1097,608,489,242,48,194,855,560,295
07,091,north,Rural,45-49,827,476,351,204,39,165,623,437,186
07,091,north,Rural,50-54,494,279,215,151,38,113,343,241,102
07,091,north,Rural,55-59,362,174,188,123,24,99,239,150,89
07,091,north,Rural,60-64,404,213,191,179,53,126,225,160,65
07,091,north,Rural,65-69,176,95,81,71,20,51,105,75,30
07,091,north,Rural,70-74,143,73,70,68,15,53,75,58,17
07,091,north,Rural,75-79,64,31,33,40,12,28,24,19,5
07,091,north,Rural,80+,92,40,52,58,16,42,34,24,10
07,091,north,Rural,Age not stated,2,2,0,1,1,0,1,1,0
07,091,north,Urban,All ages,870232,465456,404776,201955,91541,110414,668277,373915,294362
07,091,north,Urban,0-6,100913,53887,47026,100913,53887,47026,0,0,0
07,091,north,Urban,7,15529,8297,7232,3060,1629,1431,12469,6668,5801
07,091,north,Urban,8,15613,8360,7253,1226,645,581,14387,7715,6672
07,091,north,Urban,9,14775,7972,6803,894,484,410,13881,7488,6393
07,091,north,Urban,10,18383,9937,8446,1092,631,461,17291,9306,7985
07,091,north,Urban,11,15960,8609,7351,563,307,256,15397,8302,7095
07,091,north,Urban,12,16995,9157,7838,535,287,248,16460,8870,7590
07,091,north,Urban,13,16038,8572,7466,427,222,205,15611,8350,7261
07,091,north,Urban,14,16598,9005,7593,504,260,244,16094,8745,7349
07,091,north,Urban,15,17323,9368,7955,699,385,314,16624,8983,7641
07,091,north,Urban,16,17035,9174,7861,701,385,316,16334,8789,7545
07,091,north,Urban,17,16079,8865,7214,635,365,270,15444,8500,6944
07,091,north,Urban,18,19828,11207,8621,1130,690,440,18698,10517,8181
07,091,north,Urban,19,16329,8891,7438,727,383,344,15602,8508,7094
07,091,north,Urban,20-24,91074,48778,42296,6320,2937,3383,84754,45841,38913
07,091,north,Urban,25-29,87045,45678,41367,8363,3342,5021,78682,42336,36346
07,091,north,Urban,30-34,75297,40036,35261,9731,3526,6205,65566,36510,29056
07,091,north,Urban,35-39,69287,37146,32141,11263,4023,7240,58024,33123,24901
07,091,north,Urban,40-44,58104,31571,26533,10794,3846,6948,47310,27725,19585
07,091,north,Urban,45-49,48888,26384,22504,9641,3276,6365,39247,23108,16139
07,091,north,Urban,50-54,37302,20636,16666,7579,2667,4912,29723,17969,11754
07,091,north,Urban,55-59,27007,14544,12463,5802,1746,4056,21205,12798,8407
07,091,north,Urban,60-64,24404,12437,11967,7313,2225,5088,17091,10212,6879
07,091,north,Urban,65-69,13803,7010,6793,4400,1333,3067,9403,5677,3726
07,091,north,Urban,70-74,9543,4761,4782,3403,978,2425,6140,3783,2357
07,091,north,Urban,75-79,4853,2341,2512,1758,448,1310,3095,1893,1202
07,091,north,Urban,80+,5866,2628,3238,2382,585,1797,3484,2043,1441
07,091,north,Urban,Age not stated,361,205,156,100,49,51,261,156,105
07,092,north east,Total,All ages,2241624,1188425,1053199,630036,275944,354092,1611588,912481,699107
07,092,north east,Total,0-6,301947,160583,141364,301947,160583,141364,0,0,0
07,092,north east,Total,7,45240,23984,21256,9941,5293,4648,35299,18691,16608
07,092,north east,Total,8,47886,25674,22212,4596,2531,2065,43290,23143,20147
07,092,north east,Total,9,42401,23005,19396,2782,1436,1346,39619,21569,18050
07,092,north east,Total,10,54625,29813,24812,3762,2031,1731,50863,27782,23081
07,092,north east,Total,11,45788,24790,20998,2081,1111,970,43707,23679,20028
07,092,north east,Total,12,50740,27371,23369,2286,1220,1066,48454,26151,22303
07,092,north east,Total,13,45740,24057,21683,1903,988,915,43837,23069,20768
07,092,north east,Total,14,49564,26133,23431,2389,1218,1171,47175,24915,22260
07,092,north east,Total,15,50358,26960,23398,2830,1488,1342,47528,25472,22056
07,092,north east,Total,16,50513,27010,23503,3144,1727,1417,47369,25283,22086
07,092,north east,Total,17,46381,24938,21443,2723,1413,1310,43658,23525,20133
07,092,north east,Total,18,59015,32441,26574,4802,2616,2186,54213,29825,24388
07,092,north east,Total,19,43936,23943,19993,3055,1566,1489,40881,22377,18504
07,092,north east,Total,20-24,245508,129036,116472,23931,10062,13869,221577,118974,102603
07,092,north east,Total,25-29,213436,111102,102334,27865,9850,18015,185571,101252,84319
07,092,north east,Total,30-34,176832,92506,84326,29936,9689,20247,146896,82817,64079
07,092,north east,Total,35-39,162115,84715,77400,35280,10988,24292,126835,73727,53108
07,092,north east,Total,40-44,134003,72073,61930,33644,10790,22854,100359,61283,39076
07,092,north east,Total,45-49,108066,58651,49415,29735,9280,20455,78331,49371,28960
07,092,north east,Total,50-54,77352,42688,34664,22446,6939,15507,54906,35749,19157
07,092,north east,Total,55-59,56449,29407,27042,18591,4892,13699,37858,24515,13343
07,092,north east,Total,60-64,59095,29447,29648,25695,7445,18250,33400,22002,11398
07,092,north east,Total,65-69,31386,16218,15168,13865,4267,9598,17521,11951,5570
07,092,north east,Total,70-74,20527,10616,9911,9893,3076,6817,10634,7540,3094
07,092,north east,Total,75-79,8973,4574,4399,4173,1242,2931,4800,3332,1468
07,092,north east,Total,80+,10881,5151,5730,5866,1801,4065,5015,3350,1665
07,092,north east,Total,Age not stated,2867,1539,1328,875,402,473,1992,1137,855
07,092,north east,Rural,All ages,21527,11718,9809,7062,3203,3859,14465,8515,5950
07,092,north east,Rural,0-6,3386,1839,1547,3386,1839,1547,0,0,0
07,092,north east,Rural,7,483,272,211,139,85,54,344,187,157
07,092,north east,Rural,8,584,309,275,81,42,39,503,267,236
07,092,north east,Rural,9,446,259,187,41,24,17,405,235,170
07,092,north east,Rural,10,624,357,267,74,39,35,550,318,232
07,092,north east,Rural,11,435,236,199,39,18,21,396,218,178
07,092,north east,Rural,12,535,282,253,44,16,28,491,266,225
07,092,north east,Rural,13,431,247,184,32,15,17,399,232,167
07,092,north east,Rural,14,507,272,235,43,19,24,464,253,211
07,092,north east,Rural,15,476,250,226,47,27,20,429,223,206
07,092,north east,Rural,16,514,295,219,41,27,14,473,268,205
07,092,north east,Rural,17,420,239,181,33,18,15,387,221,166
07,092,north east,Rural,18,592,346,246,77,48,29,515,298,217
07,092,north east,Rural,19,391,218,173,48,25,23,343,193,150
07,092,north east,Rural,20-24,2286,1248,1038,253,108,145,2033,1140,893
07,092,north east,Rural,25-29,1920,1008,912,343,131,212,1577,877,700
07,092,north east,Rural,30-34,1764,922,842,389,137,252,1375,785,590
07,092,north east,Rural,35-39,1590,861,729,384,133,251,1206,728,478
07,092,north east,Rural,40-44,1184,664,520,351,115,236,833,549,284
07,092,north east,Rural,45-49,885,496,389,290,81,209,595,415,180
07,092,north east,Rural,50-54,558,322,236,199,53,146,359,269,90
07,092,north east,Rural,55-59,449,226,223,176,39,137,273,187,86
07,092,north east,Rural,60-64,456,233,223,212,54,158,244,179,65
07,092,north east,Rural,65-69,258,132,126,132,36,96,126,96,30
07,092,north east,Rural,70-74,158,83,75,89,28,61,69,55,14
07,092,north east,Rural,75-79,66,31,35,44,14,30,22,17,5
07,092,north east,Rural,80+,93,49,44,58,24,34,35,25,10
07,092,north east,Rural,Age not stated,36,22,14,17,8,9,19,14,5
07,092,north east,Urban,All ages,2220097,1176707,1043390,622974,272741,350233,1597123,903966,693157
07,092,north east,Urban,0-6,298561,158744,139817,298561,158744,139817,0,0,0
07,092,north east,Urban,7,44757,23712,21045,9802,5208,4594,34955,18504,16451
07,092,north east,Urban,8,47302,25365,21937,4515,2489,2026,42787,22876,19911
07,092,north east,Urban,9,41955,22746,19209,2741,1412,1329,39214,21334,17880
07,092,north east,Urban,10,54001,29456,24545,3688,1992,1696,50313,27464,22849
07,092,north east,Urban,11,45353,24554,20799,2042,1093,949,43311,23461,19850
07,092,north east,Urban,12,50205,27089,23116,2242,1204,1038,47963,25885,22078
07,092,north east,Urban,13,45309,23810,21499,1871,973,898,43438,22837,20601
07,092,north east,Urban,14,49057,25861,23196,2346,1199,1147,46711,24662,22049
07,092,north east,Urban,15,49882,26710,23172,2783,1461,1322,47099,25249,21850
07,092,north east,Urban,16,49999,26715,23284,3103,1700,1403,46896,25015,21881
07,092,north east,Urban,17,45961,24699,21262,2690,1395,1295,43271,23304,19967
07,092,north east,Urban,18,58423,32095,26328,4725,2568,2157,53698,29527,24171
07,092,north east,Urban,19,43545,23725,19820,3007,1541,1466,40538,22184,18354
07,092,north east,Urban,20-24,243222,127788,115434,23678,9954,13724,219544,117834,101710
07,092,north east,Urban,25-29,211516,110094,101422,27522,9719,17803,183994,100375,83619
07,092,north east,Urban,30-34,175068,91584,83484,29547,9552,19995,145521,82032,63489
07,092,north east,Urban,35-39,160525,83854,76671,34896,10855,24041,125629,72999,52630
07,092,north east,Urban,40-44,132819,71409,61410,33293,10675,22618,99526,60734,38792
07,092,north east,Urban,45-49,107181,58155,49026,29445,9199,20246,77736,48956,28780
07,092,north east,Urban,50-54,76794,42366,34428,22247,6886,15361,54547,35480,19067
07,092,north east,Urban,55-59,56000,29181,26819,18415,4853,13562,37585,24328,13257
07,092,north east,Urban,60-64,58639,29214,29425,25483,7391,18092,33156,21823,11333
07,092,north east,Urban,65-69,31128,16086,15042,13733,4231,9502,17395,11855,5540
07,092,north east,Urban,70-74,20369,10533,9836,9804,3048,6756,10565,7485,3080
07,092,north east,Urban,75-79,8907,4543,4364,4129,1228,2901,4778,3315,1463
07,092,north east,Urban,80+,10788,5102,5686,5808,1777,4031,4980,3325,1655
07,092,north east,Urban,Age not stated,2831,1517,1314,858,394,464,1973,1123,850
07,093,east,Total,All ages,1709346,907500,801846,356348,159118,197230,1352998,748382,604616
07,093,east,Total,0-6,194357,103902,90455,194357,103902,90455,0,0,0
07,093,east,Total,7,29509,15876,13633,4653,2490,2163,24856,13386,11470
07,093,east,Total,8,30091,16420,13671,1873,956,917,28218,15464,12754
07,093,east,Total,9,27809,15108,12701,1235,622,613,26574,14486,12088
07,093,east,Total,10,34058,18669,15389,1600,816,784,32458,17853,14605
07,093,east,Total,11,29969,16336,13633,823,428,395,29146,15908,13238
07,093,east,Total,12,31625,17192,14433,962,477,485,30663,16715,13948
07,093,east,Total,13,29665,15942,13723,778,396,382,28887,15546,13341
07,093,east,Total,14,31331,16887,14444,1044,536,508,30287,16351,13936
07,093,east,Total,15,32073,17476,14597,1214,650,564,30859,16826,14033
07,093,east,Total,16,31198,17126,14072,1264,666,598,29934,16460,13474
07,093,east,Total,17,29932,16481,13451,1133,640,493,28799,15841,12958
07,093,east,Total,18,36431,20601,15830,2044,1191,853,34387,19410,14977
07,093,east,Total,19,30907,16997,13910,1408,726,682,29499,16271,13228
07,093,east,Total,20-24,175202,93387,81815,10712,4618,6094,164490,88769,75721
07,093,east,Total,25-29,174806,90961,83845,13651,5038,8613,161155,85923,75232
07,093,east,Total,30-34,151437,79744,71693,14815,4943,9872,136622,74801,61821
07,093,east,Total,35-39,136723,71704,65019,17236,5480,11756,119487,66224,53263
07,093,east,Total,40-44,113369,60415,52954,16562,5478,11084,96807,54937,41870
07,093,east,Total,45-49,95628,50706,44922,14896,4617,10279,80732,46089,34643
07,093,east,Total,50-54,75247,40420,34827,11662,3544,8118,63585,36876,26709
07,093,east,Total,55-59,56384,29346,27038,9652,2451,7201,46732,26895,19837
07,093,east,Total,60-64,51038,25347,25691,12426,3299,9127,38612,22048,16564
07,093,east,Total,65-69,31613,15858,15755,7503,1977,5526,24110,13881,10229
07,093,east,Total,70-74,22906,11397,11509,5837,1420,4417,17069,9977,7092
07,093,east,Total,75-79,12574,6471,6103,2902,682,2220,9672,5789,3883
07,093,east,Total,80+,12362,6089,6273,3868,962,2906,8494,5127,3367
07,093,east,Total,Age not stated,1102,642,460,238,113,125,864,529,335
07,093,east,Rural,All ages,3530,1861,1669,544,278,266,2986,1583,1403
07,093,east,Rural,0-6,374,218,156,374,218,156,0,0,0
07,093,east,Rural,7,51,26,25,5,0,5,46,26,20
07,093,east,Rural,8,55,26,29,3,2,1,52,24,28
07,093,east,Rural,9,45,32,13,2,2,0,43,30,13
07,093,east,Rural,10,53,30,23,1,0,1,52,30,22
07,093,east,Rural,11,41,20,21,1,0,1,40,20,20
07,093,east,Rural,12,46,24,22,0,0,0,46,24,22
07,093,east,Rural,13,49,24,25,1,0,1,48,24,24
07,093,east,Rural,14,43,23,20,2,1,1,41,22,19
07,093,east,Rural,15,38,27,11,3,2,1,35,25,10
07,093,east,Rural,16,56,30,26,1,1,0,55,29,26
07,093,east,Rural,17,42,24,18,3,2,1,39,22,17
07,093,east,Rural,18,45,22,23,4,1,3,41,21,20
07,093,east,Rural,19,53,32,21,3,1,2,50,31,19
07,093,east,Rural,20-24,343,166,177,14,10,4,329,156,173
07,093,east,Rural,25-29,396,196,200,13,7,6,383,189,194
07,093,east,Rural,30-34,407,224,183,8,5,3,399,219,180
07,093,east,Rural,35-39,321,166,155,11,3,8,310,163,147
07,093,east,Rural,40-44,250,143,107,15,8,7,235,135,100
07,093,east,Rural,45-49,178,101,77,7,1,6,171,100,71
07,093,east,Rural,50-54,181,79,102,10,2,8,171,77,94
07,093,east,Rural,55-59,115,67,48,9,1,8,106,66,40
07,093,east,Rural,60-64,112,53,59,14,3,11,98,50,48
07,093,east,Rural,65-69,88,35,53,11,2,9,77,33,44
07,093,east,Rural,70-74,63,29,34,14,2,12,49,27,22
07,093,east,Rural,75-79,46,22,24,6,1,5,40,21,19
07,093,east,Rural,80+,34,19,15,8,2,6,26,17,9
07,093,east,Rural,Age not stated,5,3,2,1,1,0,4,2,2
07,093,east,Urban,All ages,1705816,905639,800177,355804,158840,196964,1350012,746799,603213
07,093,east,Urban,0-6,193983,103684,90299,193983,103684,90299,0,0,0
07,093,east,Urban,7,29458,15850,13608,4648,2490,2158,24810,13360,11450
07,093,east,Urban,8,30036,16394,13642,1870,954,916,28166,15440,12726
07,093,east,Urban,9,27764,15076,12688,1233,620,613,26531,14456,12075
07,093,east,Urban,10,34005,18639,15366,1599,816,783,32406,17823,14583
07,093,east,Urban,11,29928,16316,13612,822,428,394,29106,15888,13218
07,093,east,Urban,12,31579,17168,14411,962,477,485,30617,16691,13926
07,093,east,Urban,13,29616,15918,13698,777,396,381,28839,15522,13317
07,093,east,Urban,14,31288,16864,14424,1042,535,507,30246,16329,13917
07,093,east,Urban,15,32035,17449,14586,1211,648,563,30824,16801,14023
07,093,east,Urban,16,31142,17096,14046,1263,665,598,29879,16431,13448
07,093,east,Urban,17,29890,16457,13433,1130,638,492,28760,15819,12941
07,093,east,Urban,18,36386,20579,15807,2040,1190,850,34346,19389,14957
07,093,east,Urban,19,30854,16965,13889,1405,725,680,29449,16240,13209
07,093,east,Urban,20-24,174859,93221,81638,10698,4608,6090,164161,88613,75548
07,093,east,Urban,25-29,174410,90765,83645,13638,5031,8607,160772,85734,75038
07,093,east,Urban,30-34,151030,79520,71510,14807,4938,9869,136223,74582,61641
07,093,east,Urban,35-39,136402,71538,64864,17225,5477,11748,119177,66061,53116
07,093,east,Urban,40-44,113119,60272,52847,16547,5470,11077,96572,54802,41770
07,093,east,Urban,45-49,95450,50605,44845,14889,4616,10273,80561,45989,34572
07,093,east,Urban,50-54,75066,40341,34725,11652,3542,8110,63414,36799,26615
07,093,east,Urban,55-59,56269,29279,26990,9643,2450,7193,46626,26829,19797
07,093,east,Urban,60-64,50926,25294,25632,12412,3296,9116,38514,21998,16516
07,093,east,Urban,65-69,31525,15823,15702,7492,1975,5517,24033,13848,10185
07,093,east,Urban,70-74,22843,11368,11475,5823,1418,4405,17020,9950,7070
07,093,east,Urban,75-79,12528,6449,6079,2896,681,2215,9632,5768,3864
07,093,east,Urban,80+,12328,6070,6258,3860,960,2900,8468,5110,3358
07,093,east,Urban,Age not stated,1097,639,458,237,112,125,860,527,333
07,094,new delhi,Total,All ages,142004,77942,64062,27825,12264,15561,114179,65678,48501
07,094,new delhi,Total,0-6,12760,6738,6022,12760,6738,6022,0,0,0
07,094,new delhi,Total,7,2006,1057,949,312,171,141,1694,886,808
07,094,new delhi,Total,8,2077,1066,1011,139,57,82,1938,1009,929
07,094,new delhi,Total,9,2092,1150,942,105,59,46,1987,1091,896
07,094,new delhi,Total,10,2500,1313,1187,132,62,70,2368,1251,1117
07,094,new delhi,Total,11,2375,1310,1065,86,45,41,2289,1265,1024
07,094,new delhi,Total,12,2475,1338,1137,82,36,46,2393,1302,1091
07,094,new delhi,Total,13,2411,1252,1159,55,18,37,2356,1234,1122
07,094,new delhi,Total,14,2551,1352,1199,66,38,28,2485,1314,1171
07,094,new delhi,Total,15,2716,1502,1214,84,42,42,2632,1460,1172
07,094,new delhi,Total,16,2639,1439,1200,106,57,49,2533,1382,1151
07,094,new delhi,Total,17,2674,1540,1134,100,60,40,2574,1480,1094
07,094,new delhi,Total,18,3160,1805,1355,171,103,68,2989,1702,1287
07,094,new delhi,Total,19,2975,1628,1347,134,72,62,2841,1556,1285
07,094,new delhi,Total,20-24,16611,9528,7083,959,491,468,15652,9037,6615
07,094,new delhi,Total,25-29,14054,7791,6263,1244,528,716,12810,7263,5547
07,094,new delhi,Total,30-34,11123,6097,5026,1388,529,859,9735,5568,4167
07,094,new delhi,Total,35-39,11012,5780,5232,1699,604,1095,9313,5176,4137
07,094,new delhi,Total,40-44,11160,5812,5348,1962,605,1357,9198,5207,3991
07,094,new delhi,Total,45-49,10618,5923,4695,1801,575,1226,8817,5348,3469
07,094,new delhi,Total,50-54,8628,4978,3650,1346,440,906,7282,4538,2744
07,094,new delhi,Total,55-59,6009,3876,2133,935,337,598,5074,3539,1535
07,094,new delhi,Total,60-64,2750,1594,1156,744,258,486,2006,1336,670
07,094,new delhi,Total,65-69,1414,679,735,459,123,336,955,556,399
07,094,new delhi,Total,70-74,1146,492,654,373,79,294,773,413,360
07,094,new delhi,Total,75-79,764,311,453,229,48,181,535,263,272
07,094,new delhi,Total,80+,1062,461,601,300,67,233,762,394,368
07,094,new delhi,Total,Age not stated,242,130,112,54,22,32,188,108,80
07,094,new delhi,Rural,All ages,0,0,0,0,0,0,0,0,0
07,094,new delhi,Rural,0-6,0,0,0,0,0,0,0,0,0
07,094,new delhi,Rural,7,0,0,0,0,0,0,0,0,0
07,094,new delhi,Rural,8,0,0,0,0,0,0,0,0,0
07,094,new delhi,Rural,9,0,0,0,0,0,0,0,0,0
07,094,new delhi,Rural,10,0,0,0,0,0,0,0,0,0
07,094,new delhi,Rural,11,0,0,0,0,0,0,0,0,0
07,094,new delhi,Rural,12,0,0,0,0,0,0,0,0,0
07,094,new delhi,Rural,13,0,0,0,0,0,0,0,0,0
07,094,new delhi,Rural,14,0,0,0,0,0,0,0,0,0
07,094,new delhi,Rural,15,0,0,0,0,0,0,0,0,0
07,094,new delhi,Rural,16,0,0,0,0,0,0,0,0,0
07,094,new delhi,Rural,17,0,0,0,0,0,0,0,0,0
07,094,new delhi,Rural,18,0,0,0,0,0,0,0,0,0
07,094,new delhi,Rural,19,0,0,0,0,0,0,0,0,0
07,094,new delhi,Rural,20-24,0,0,0,0,0,0,0,0,0
07,094,new delhi,Rural,25-29,0,0,0,0,0,0,0,0,0
07,094,new delhi,Rural,30-34,0,0,0,0,0,0,0,0,0
07,094,new delhi,Rural,35-39,0,0,0,0,0,0,0,0,0
07,094,new delhi,Rural,40-44,0,0,0,0,0,0,0,0,0
07,094,new delhi,Rural,45-49,0,0,0,0,0,0,0,0,0
07,094,new delhi,Rural,50-54,0,0,0,0,0,0,0,0,0
07,094,new delhi,Rural,55-59,0,0,0,0,0,0,0,0,0
07,094,new delhi,Rural,60-64,0,0,0,0,0,0,0,0,0
07,094,new delhi,Rural,65-69,0,0,0,0,0,0,0,0,0
07,094,new delhi,Rural,70-74,0,0,0,0,0,0,0,0,0
07,094,new delhi,Rural,75-79,0,0,0,0,0,0,0,0,0
07,094,new delhi,Rural,80+,0,0,0,0,0,0,0,0,0
07,094,new delhi,Rural,Age not stated,0,0,0,0,0,0,0,0,0
07,094,new delhi,Urban,All ages,142004,77942,64062,27825,12264,15561,114179,65678,48501
07,094,new delhi,Urban,0-6,12760,6738,6022,12760,6738,6022,0,0,0
07,094,new delhi,Urban,7,2006,1057,949,312,171,141,1694,886,808
07,094,new delhi,Urban,8,2077,1066,1011,139,57,82,1938,1009,929
07,094,new delhi,Urban,9,2092,1150,942,105,59,46,1987,1091,896
07,094,new delhi,Urban,10,2500,1313,1187,132,62,70,2368,1251,1117
07,094,new delhi,Urban,11,2375,1310,1065,86,45,41,2289,1265,1024
07,094,new delhi,Urban,12,2475,1338,1137,82,36,46,2393,1302,1091
07,094,new delhi,Urban,13,2411,1252,1159,55,18,37,2356,1234,1122
07,094,new delhi,Urban,14,2551,1352,1199,66,38,28,2485,1314,1171
07,094,new delhi,Urban,15,2716,1502,1214,84,42,42,2632,1460,1172
07,094,new delhi,Urban,16,2639,1439,1200,106,57,49,2533,1382,1151
07,094,new delhi,Urban,17,2674,1540,1134,100,60,40,2574,1480,1094
07,094,new delhi,Urban,18,3160,1805,1355,171,103,68,2989,1702,1287
07,094,new delhi,Urban,19,2975,1628,1347,134,72,62,2841,1556,1285
07,094,new delhi,Urban,20-24,16611,9528,7083,959,491,468,15652,9037,6615
07,094,new delhi,Urban,25-29,14054,7791,6263,1244,528,716,12810,7263,5547
07,094,new delhi,Urban,30-34,11123,6097,5026,1388,529,859,9735,5568,4167
07,094,new delhi,Urban,35-39,11012,5780,5232,1699,604,1095,9313,5176,4137
07,094,new delhi,Urban,40-44,11160,5812,5348,1962,605,1357,9198,5207,3991
07,094,new delhi,Urban,45-49,10618,5923,4695,1801,575,1226,8817,5348,3469
07,094,new delhi,Urban,50-54,8628,4978,3650,1346,440,906,7282,4538,2744
07,094,new delhi,Urban,55-59,6009,3876,2133,935,337,598,5074,3539,1535
07,094,new delhi,Urban,60-64,2750,1594,1156,744,258,486,2006,1336,670
07,094,new delhi,Urban,65-69,1414,679,735,459,123,336,955,556,399
07,094,new delhi,Urban,70-74,1146,492,654,373,79,294,773,413,360
07,094,new delhi,Urban,75-79,764,311,453,229,48,181,535,263,272
07,094,new delhi,Urban,80+,1062,461,601,300,67,233,762,394,368
07,094,new delhi,Urban,Age not stated,242,130,112,54,22,32,188,108,80
07,095,central,Total,All ages,582320,307821,274499,139960,67303,72657,442360,240518,201842
07,095,central,Total,0-6,62739,32928,29811,62739,32928,29811,0,0,0
07,095,central,Total,7,9382,4845,4537,1796,952,844,7586,3893,3693
07,095,central,Total,8,9098,4745,4353,758,412,346,8340,4333,4007
07,095,central,Total,9,9118,4769,4349,607,324,283,8511,4445,4066
07,095,central,Total,10,10926,5957,4969,790,450,340,10136,5507,4629
07,095,central,Total,11,9922,5204,4718,420,236,184,9502,4968,4534
07,095,central,Total,12,10190,5392,4798,452,278,174,9738,5114,4624
07,095,central,Total,13,9692,5148,4544,389,235,154,9303,4913,4390
07,095,central,Total,14,10005,5298,4707,459,282,177,9546,5016,4530
07,095,central,Total,15,10501,5689,4812,551,363,188,9950,5326,4624
07,095,central,Total,16,10599,5769,4830,590,386,204,10009,5383,4626
07,095,central,Total,17,10451,5687,4764,616,422,194,9835,5265,4570
07,095,central,Total,18,12787,7003,5784,1009,675,334,11778,6328,5450
07,095,central,Total,19,10906,6000,4906,744,459,285,10162,5541,4621
07,095,central,Total,20-24,62330,33308,29022,5543,3176,2367,56787,30132,26655
07,095,central,Total,25-29,59004,31008,27996,6554,3361,3193,52450,27647,24803
07,095,central,Total,30-34,50745,27061,23684,6830,3327,3503,43915,23734,20181
07,095,central,Total,35-39,45599,24157,21442,7754,3586,4168,37845,20571,17274
07,095,central,Total,40-44,39067,20886,18181,7766,3484,4282,31301,17402,13899
07,095,central,Total,45-49,34122,18170,15952,7291,3058,4233,26831,15112,11719
07,095,central,Total,50-54,27735,14945,12790,6204,2495,3709,21531,12450,9081
07,095,central,Total,55-59,20849,11141,9708,4610,1646,2964,16239,9495,6744
07,095,central,Total,60-64,18411,9371,9040,5831,1941,3890,12580,7430,5150
07,095,central,Total,65-69,10473,5173,5300,3374,1018,2356,7099,4155,2944
07,095,central,Total,70-74,7629,3550,4079,2798,798,2000,4831,2752,2079
07,095,central,Total,75-79,4319,2034,2285,1434,416,1018,2885,1618,1267
07,095,central,Total,80+,5032,2220,2812,1855,490,1365,3177,1730,1447
07,095,central,Total,Age not stated,689,363,326,196,105,91,493,258,235
07,095,central,Rural,All ages,0,0,0,0,0,0,0,0,0
07,095,central,Rural,0-6,0,0,0,0,0,0,0,0,0
07,095,central,Rural,7,0,0,0,0,0,0,0,0,0
07,095,central,Rural,8,0,0,0,0,0,0,0,0,0
07,095,central,Rural,9,0,0,0,0,0,0,0,0,0
07,095,central,Rural,10,0,0,0,0,0,0,0,0,0
07,095,central,Rural,11,0,0,0,0,0,0,0,0,0
07,095,central,Rural,12,0,0,0,0,0,0,0,0,0
07,095,central,Rural,13,0,0,0,0,0,0,0,0,0
07,095,central,Rural,14,0,0,0,0,0,0,0,0,0
07,095,central,Rural,15,0,0,0,0,0,0,0,0,0
07,095,central,Rural,16,0,0,0,0,0,0,0,0,0
07,095,central,Rural,17,0,0,0,0,0,0,0,0,0
07,095,central,Rural,18,0,0,0,0,0,0,0,0,0
07,095,central,Rural,19,0,0,0,0,0,0,0,0,0
07,095,central,Rural,20-24,0,0,0,0,0,0,0,0,0
07,095,central,Rural,25-29,0,0,0,0,0,0,0,0,0
07,095,central,Rural,30-34,0,0,0,0,0,0,0,0,0
07,095,central,Rural,35-39,0,0,0,0,0,0,0,0,0
07,095,central,Rural,40-44,0,0,0,0,0,0,0,0,0
07,095,central,Rural,45-49,0,0,0,0,0,0,0,0,0
07,095,central,Rural,50-54,0,0,0,0,0,0,0,0,0
07,095,central,Rural,55-59,0,0,0,0,0,0,0,0,0
07,095,central,Rural,60-64,0,0,0,0,0,0,0,0,0
07,095,central,Rural,65-69,0,0,0,0,0,0,0,0,0
07,095,central,Rural,70-74,0,0,0,0,0,0,0,0,0
07,095,central,Rural,75-79,0,0,0,0,0,0,0,0,0
07,095,central,Rural,80+,0,0,0,0,0,0,0,0,0
07,095,central,Rural,Age not stated,0,0,0,0,0,0,0,0,0
07,095,central,Urban,All ages,582320,307821,274499,139960,67303,72657,442360,240518,201842
07,095,central,Urban,0-6,62739,32928,29811,62739,32928,29811,0,0,0
07,095,central,Urban,7,9382,4845,4537,1796,952,844,7586,3893,3693
07,095,central,Urban,8,9098,4745,4353,758,412,346,8340,4333,4007
07,095,central,Urban,9,9118,4769,4349,607,324,283,8511,4445,4066
07,095,central,Urban,10,10926,5957,4969,790,450,340,10136,5507,4629
07,095,central,Urban,11,9922,5204,4718,420,236,184,9502,4968,4534
07,095,central,Urban,12,10190,5392,4798,452,278,174,9738,5114,4624
07,095,central,Urban,13,9692,5148,4544,389,235,154,9303,4913,4390
07,095,central,Urban,14,10005,5298,4707,459,282,177,9546,5016,4530
07,095,central,Urban,15,10501,5689,4812,551,363,188,9950,5326,4624
07,095,central,Urban,16,10599,5769,4830,590,386,204,10009,5383,4626
07,095,central,Urban,17,10451,5687,4764,616,422,194,9835,5265,4570
07,095,central,Urban,18,12787,7003,5784,1009,675,334,11778,6328,5450
07,095,central,Urban,19,10906,6000,4906,744,459,285,10162,5541,4621
07,095,central,Urban,20-24,62330,33308,29022,5543,3176,2367,56787,30132,26655
07,095,central,Urban,25-29,59004,31008,27996,6554,3361,3193,52450,27647,24803
07,095,central,Urban,30-34,50745,27061,23684,6830,3327,3503,43915,23734,20181
07,095,central,Urban,35-39,45599,24157,21442,7754,3586,4168,37845,20571,17274
07,095,central,Urban,40-44,39067,20886,18181,7766,3484,4282,31301,17402,13899
07,095,central,Urban,45-49,34122,18170,15952,7291,3058,4233,26831,15112,11719
07,095,central,Urban,50-54,27735,14945,12790,6204,2495,3709,21531,12450,9081
07,095,central,Urban,55-59,20849,11141,9708,4610,1646,2964,16239,9495,6744
07,095,central,Urban,60-64,18411,9371,9040,5831,1941,3890,12580,7430,5150
07,095,central,Urban,65-69,10473,5173,5300,3374,1018,2356,7099,4155,2944
07,095,central,Urban,70-74,7629,3550,4079,2798,798,2000,4831,2752,2079
07,095,central,Urban,75-79,4319,2034,2285,1434,416,1018,2885,1618,1267
07,095,central,Urban,80+,5032,2220,2812,1855,490,1365,3177,1730,1447
07,095,central,Urban,Age not stated,689,363,326,196,105,91,493,258,235
07,096,west,Total,All ages,2543243,1356240,1187003,582064,262307,319757,1961179,1093933,867246
07,096,west,Total,0-6,288421,154088,134333,288421,154088,134333,0,0,0
07,096,west,Total,7,44253,23628,20625,9267,4873,4394,34986,18755,16231
07,096,west,Total,8,43093,23369,19724,3878,1994,1884,39215,21375,17840
07,096,west,Total,9,41869,22919,18950,2917,1532,1385,38952,21387,17565
07,096,west,Total,10,52226,28853,23373,4042,2075,1967,48184,26778,21406
07,096,west,Total,11,45326,24689,20637,2290,1136,1154,43036,23553,19483
07,096,west,Total,12,47411,26091,21320,2144,1093,1051,45267,24998,20269
07,096,west,Total,13,44654,24131,20523,1802,838,964,42852,23293,19559
07,096,west,Total,14,45803,24886,20917,1956,954,1002,43847,23932,19915
07,096,west,Total,15,47906,26475,21431,2708,1409,1299,45198,25066,20132
07,096,west,Total,16,46258,25537,20721,2617,1386,1231,43641,24151,19490
07,096,west,Total,17,44405,24667,19738,2270,1186,1084,42135,23481,18654
07,096,west,Total,18,54681,31291,23390,4275,2418,1857,50406,28873,21533
07,096,west,Total,19,45339,25476,19863,2758,1399,1359,42581,24077,18504
07,096,west,Total,20-24,257209,139715,117494,22248,9902,12346,234961,129813,105148
07,096,west,Total,25-29,250311,131549,118762,27335,10403,16932,222976,121146,101830
07,096,west,Total,30-34,218338,114672,103666,29016,9940,19076,189322,104732,84590
07,096,west,Total,35-39,202223,106792,95431,32981,11086,21895,169242,95706,73536
07,096,west,Total,40-44,168417,90195,78222,30068,10650,19418,138349,79545,58804
07,096,west,Total,45-49,143537,76689,66848,25207,9165,16042,118330,67524,50806
07,096,west,Total,50-54,112391,59900,52491,18423,6551,11872,93968,53349,40619
07,096,west,Total,55-59,86508,44411,42097,14342,4149,10193,72166,40262,31904
07,096,west,Total,60-64,82435,40676,41759,19267,5519,13748,63168,35157,28011
07,096,west,Total,65-69,50769,25731,25038,11018,3045,7973,39751,22686,17065
07,096,west,Total,70-74,35989,17992,17997,8850,2420,6430,27139,15572,11567
07,096,west,Total,75-79,20006,10201,9805,4647,1111,3536,15359,9090,6269
07,096,west,Total,80+,20855,10194,10661,6533,1629,4904,14322,8565,5757
07,096,west,Total,Age not stated,2610,1423,1187,784,356,428,1826,1067,759
07,096,west,Rural,All ages,6420,3355,3065,1972,792,1180,4448,2563,1885
07,096,west,Rural,0-6,931,521,410,931,521,410,0,0,0
07,096,west,Rural,7,128,64,64,18,10,8,110,54,56
07,096,west,Rural,8,118,65,53,12,4,8,106,61,45
07,096,west,Rural,9,121,68,53,6,2,4,115,66,49
07,096,west,Rural,10,147,86,61,10,5,5,137,81,56
07,096,west,Rural,11,103,61,42,8,4,4,95,57,38
07,096,west,Rural,12,126,66,60,9,5,4,117,61,56
07,096,west,Rural,13,137,75,62,4,1,3,133,74,59
07,096,west,Rural,14,118,68,50,4,2,2,114,66,48
07,096,west,Rural,15,136,79,57,11,6,5,125,73,52
07,096,west,Rural,16,120,62,58,11,7,4,109,55,54
07,096,west,Rural,17,109,66,43,6,3,3,103,63,40
07,096,west,Rural,18,143,74,69,12,4,8,131,70,61
07,096,west,Rural,19,113,61,52,11,7,4,102,54,48
07,096,west,Rural,20-24,668,312,356,55,15,40,613,297,316
07,096,west,Rural,25-29,639,325,314,78,23,55,561,302,259
07,096,west,Rural,30-34,577,292,285,81,19,62,496,273,223
07,096,west,Rural,35-39,461,245,216,90,21,69,371,224,147
07,096,west,Rural,40-44,370,191,179,90,23,67,280,168,112
07,096,west,Rural,45-49,274,159,115,85,26,59,189,133,56
07,096,west,Rural,50-54,214,110,104,82,18,64,132,92,40
07,096,west,Rural,55-59,163,83,80,70,15,55,93,68,25
07,096,west,Rural,60-64,230,105,125,115,16,99,115,89,26
07,096,west,Rural,65-69,126,50,76,76,11,65,50,39,11
07,096,west,Rural,70-74,59,32,27,30,6,24,29,26,3
07,096,west,Rural,75-79,28,8,20,20,2,18,8,6,2
07,096,west,Rural,80+,61,27,34,47,16,31,14,11,3
07,096,west,Rural,Age not stated,0,0,0,0,0,0,0,0,0
07,096,west,Urban,All ages,2536823,1352885,1183938,580092,261515,318577,1956731,1091370,865361
07,096,west,Urban,0-6,287490,153567,133923,287490,153567,133923,0,0,0
07,096,west,Urban,7,44125,23564,20561,9249,4863,4386,34876,18701,16175
07,096,west,Urban,8,42975,23304,19671,3866,1990,1876,39109,21314,17795
07,096,west,Urban,9,41748,22851,18897,2911,1530,1381,38837,21321,17516
07,096,west,Urban,10,52079,28767,23312,4032,2070,1962,48047,26697,21350
07,096,west,Urban,11,45223,24628,20595,2282,1132,1150,42941,23496,19445
07,096,west,Urban,12,47285,26025,21260,2135,1088,1047,45150,24937,20213
07,096,west,Urban,13,44517,24056,20461,1798,837,961,42719,23219,19500
07,096,west,Urban,14,45685,24818,20867,1952,952,1000,43733,23866,19867
07,096,west,Urban,15,47770,26396,21374,2697,1403,1294,45073,24993,20080
07,096,west,Urban,16,46138,25475,20663,2606,1379,1227,43532,24096,19436
07,096,west,Urban,17,44296,24601,19695,2264,1183,1081,42032,23418,18614
07,096,west,Urban,18,54538,31217,23321,4263,2414,1849,50275,28803,21472
07,096,west,Urban,19,45226,25415,19811,2747,1392,1355,42479,24023,18456
07,096,west,Urban,20-24,256541,139403,117138,22193,9887,12306,234348,129516,104832
07,096,west,Urban,25-29,249672,131224,118448,27257,10380,16877,222415,120844,101571
07,096,west,Urban,30-34,217761,114380,103381,28935,9921,19014,188826,104459,84367
07,096,west,Urban,35-39,201762,106547,95215,32891,11065,21826,168871,95482,73389
07,096,west,Urban,40-44,168047,90004,78043,29978,10627,19351,138069,79377,58692
07,096,west,Urban,45-49,143263,76530,66733,25122,9139,15983,118141,67391,50750
07,096,west,Urban,50-54,112177,59790,52387,18341,6533,11808,93836,53257,40579
07,096,west,Urban,55-59,86345,44328,42017,14272,4134,10138,72073,40194,31879
07,096,west,Urban,60-64,82205,40571,41634,19152,5503,13649,63053,35068,27985
07,096,west,Urban,65-69,50643,25681,24962,10942,3034,7908,39701,22647,17054
07,096,west,Urban,70-74,35930,17960,17970,8820,2414,6406,27110,15546,11564
07,096,west,Urban,75-79,19978,10193,9785,4627,1109,3518,15351,9084,6267
07,096,west,Urban,80+,20794,10167,10627,6486,1613,4873,14308,8554,5754
07,096,west,Urban,Age not stated,2610,1423,1187,784,356,428,1826,1067,759
07,097,south west,Total,All ages,2292958,1246046,1046912,505269,220785,284484,1787689,1025261,762428
07,097,south west,Total,0-6,267989,145285,122704,267989,145285,122704,0,0,0
07,097,south west,Total,7,40340,21914,18426,7371,3865,3506,32969,18049,14920
07,097,south west,Total,8,37643,20664,16979,2684,1484,1200,34959,19180,15779
07,097,south west,Total,9,38827,21611,17216,2555,1338,1217,36272,20273,15999
07,097,south west,Total,10,47002,26041,20961,3504,1861,1643,43498,24180,19318
07,097,south west,Total,11,41497,22918,18579,1940,1007,933,39557,21911,17646
07,097,south west,Total,12,42693,23607,19086,1243,640,603,41450,22967,18483
07,097,south west,Total,13,40389,22058,18331,1028,477,551,39361,21581,17780
07,097,south west,Total,14,41607,22848,18759,1113,527,586,40494,22321,18173
07,097,south west,Total,15,42488,23497,18991,1544,752,792,40944,22745,18199
07,097,south west,Total,16,41459,23117,18342,1396,735,661,40063,22382,17681
07,097,south west,Total,17,39993,22622,17371,1424,733,691,38569,21889,16680
07,097,south west,Total,18,47436,27404,20032,2486,1308,1178,44950,26096,18854
07,097,south west,Total,19,42040,23802,18238,1809,854,955,40231,22948,17283
07,097,south west,Total,20-24,243304,133568,109736,15260,5934,9326,228044,127634,100410
07,097,south west,Total,25-29,242248,129198,113050,20342,6766,13576,221906,122432,99474
07,097,south west,Total,30-34,211004,113160,97844,22160,6834,15326,188844,106326,82518
07,097,south west,Total,35-39,189213,101889,87324,25821,7687,18134,163392,94202,69190
07,097,south west,Total,40-44,155963,84826,71137,25248,7444,17804,130715,77382,53333
07,097,south west,Total,45-49,127029,70319,56710,22424,6599,15825,104605,63720,40885
07,097,south west,Total,50-54,94277,52045,42232,17156,4735,12421,77121,47310,29811
07,097,south west,Total,55-59,69127,37545,31582,13461,3049,10412,55666,34496,21170
07,097,south west,Total,60-64,59849,30625,29224,16698,3842,12856,43151,26783,16368
07,097,south west,Total,65-69,34456,17950,16506,9756,2097,7659,24700,15853,8847
07,097,south west,Total,70-74,23175,11733,11442,7527,1709,5818,15648,10024,5624
07,097,south west,Total,75-79,12582,6267,6315,4059,967,3092,8523,5300,3223
07,097,south west,Total,80+,15209,7237,7972,6125,1682,4443,9084,5555,3529
07,097,south west,Total,Age not stated,4119,2296,1823,1146,574,572,2973,1722,1251
07,097,south west,Rural,All ages,143676,77342,66334,37678,15455,22223,105998,61887,44111
07,097,south west,Rural,0-6,18901,10587,8314,18901,10587,8314,0,0,0
07,097,south west,Rural,7,2789,1569,1220,479,251,228,2310,1318,992
07,097,south west,Rural,8,2482,1396,1086,168,99,69,2314,1297,1017
07,097,south west,Rural,9,2623,1485,1138,166,88,78,2457,1397,1060
07,097,south west,Rural,10,3234,1813,1421,229,120,109,3005,1693,1312
07,097,south west,Rural,11,2851,1615,1236,127,60,67,2724,1555,1169
07,097,south west,Rural,12,2870,1610,1260,73,34,39,2797,1576,1221
07,097,south west,Rural,13,2865,1613,1252,67,27,40,2798,1586,1212
07,097,south west,Rural,14,2852,1630,1222,69,37,32,2783,1593,1190
07,097,south west,Rural,15,2911,1632,1279,91,35,56,2820,1597,1223
07,097,south west,Rural,16,2849,1617,1232,68,27,41,2781,1590,1191
07,097,south west,Rural,17,2715,1525,1190,81,38,43,2634,1487,1147
07,097,south west,Rural,18,3010,1666,1344,113,44,69,2897,1622,1275
07,097,south west,Rural,19,2712,1477,1235,97,40,57,2615,1437,1178
07,097,south west,Rural,20-24,15171,7931,7240,837,258,579,14334,7673,6661
07,097,south west,Rural,25-29,13917,7193,6724,1157,314,843,12760,6879,5881
07,097,south west,Rural,30-34,12129,6274,5855,1399,354,1045,10730,5920,4810
07,097,south west,Rural,35-39,11226,5903,5323,1762,415,1347,9464,5488,3976
07,097,south west,Rural,40-44,9134,4984,4150,1830,439,1391,7304,4545,2759
07,097,south west,Rural,45-49,6936,3860,3076,1686,360,1326,5250,3500,1750
07,097,south west,Rural,50-54,5073,2728,2345,1461,254,1207,3612,2474,1138
07,097,south west,Rural,55-59,3787,1985,1802,1252,202,1050,2535,1783,752
07,097,south west,Rural,60-64,4180,2026,2154,1879,340,1539,2301,1686,615
07,097,south west,Rural,65-69,2312,1173,1139,1123,216,907,1189,957,232
07,097,south west,Rural,70-74,1694,817,877,981,228,753,713,589,124
07,097,south west,Rural,75-79,856,419,437,556,159,397,300,260,40
07,097,south west,Rural,80+,1285,653,632,917,368,549,368,285,83
07,097,south west,Rural,Age not stated,312,161,151,109,61,48,203,100,103
07,097,south west,Urban,All ages,2149282,1168704,980578,467591,205330,262261,1681691,963374,718317
07,097,south west,Urban,0-6,249088,134698,114390,249088,134698,114390,0,0,0
07,097,south west,Urban,7,37551,20345,17206,6892,3614,3278,30659,16731,13928
07,097,south west,Urban,8,35161,19268,15893,2516,1385,1131,32645,17883,14762
07,097,south west,Urban,9,36204,20126,16078,2389,1250,1139,33815,18876,14939
07,097,south west,Urban,10,43768,24228,19540,3275,1741,1534,40493,22487,18006
07,097,south west,Urban,11,38646,21303,17343,1813,947,866,36833,20356,16477
07,097,south west,Urban,12,39823,21997,17826,1170,606,564,38653,21391,17262
07,097,south west,Urban,13,37524,20445,17079,961,450,511,36563,19995,16568
07,097,south west,Urban,14,38755,21218,17537,1044,490,554,37711,20728,16983
07,097,south west,Urban,15,39577,21865,17712,1453,717,736,38124,21148,16976
07,097,south west,Urban,16,38610,21500,17110,1328,708,620,37282,20792,16490
07,097,south west,Urban,17,37278,21097,16181,1343,695,648,35935,20402,15533
07,097,south west,Urban,18,44426,25738,18688,2373,1264,1109,42053,24474,17579
07,097,south west,Urban,19,39328,22325,17003,1712,814,898,37616,21511,16105
07,097,south west,Urban,20-24,228133,125637,102496,14423,5676,8747,213710,119961,93749
07,097,south west,Urban,25-29,228331,122005,106326,19185,6452,12733,209146,115553,93593
07,097,south west,Urban,30-34,198875,106886,91989,20761,6480,14281,178114,100406,77708
07,097,south west,Urban,35-39,177987,95986,82001,24059,7272,16787,153928,88714,65214
07,097,south west,Urban,40-44,146829,79842,66987,23418,7005,16413,123411,72837,50574
07,097,south west,Urban,45-49,120093,66459,53634,20738,6239,14499,99355,60220,39135
07,097,south west,Urban,50-54,89204,49317,39887,15695,4481,11214,73509,44836,28673
07,097,south west,Urban,55-59,65340,35560,29780,12209,2847,9362,53131,32713,20418
07,097,south west,Urban,60-64,55669,28599,27070,14819,3502,11317,40850,25097,15753
07,097,south west,Urban,65-69,32144,16777,15367,8633,1881,6752,23511,14896,8615
07,097,south west,Urban,70-74,21481,10916,10565,6546,1481,5065,14935,9435,5500
07,097,south west,Urban,75-79,11726,5848,5878,3503,808,2695,8223,5040,3183
07,097,south west,Urban,80+,13924,6584,7340,5208,1314,3894,8716,5270,3446
07,097,south west,Urban,Age not stated,3807,2135,1672,1037,513,524,2770,1622,1148
07,098,south,Total,All ages,2731929,1467428,1264501,653527,282392,371135,2078402,1185036,893366
07,098,south,Total,0-6,331043,175592,155451,331043,175592,155451,0,0,0
07,098,south,Total,7,50537,26851,23686,10315,5383,4932,40222,21468,18754
07,098,south,Total,8,52061,28000,24061,4540,2304,2236,47521,25696,21825
07,098,south,Total,9,47640,25558,22082,2847,1445,1402,44793,24113,20680
07,098,south,Total,10,59884,32801,27083,3633,1843,1790,56251,30958,25293
07,098,south,Total,11,51771,28072,23699,2014,1002,1012,49757,27070,22687
07,098,south,Total,12,55873,30412,25461,2102,988,1114,53771,29424,24347
07,098,south,Total,13,51161,27351,23810,1704,806,898,49457,26545,22912
07,098,south,Total,14,53630,28759,24871,1828,810,1018,51802,27949,23853
07,098,south,Total,15,54682,29701,24981,2474,1236,1238,52208,28465,23743
07,098,south,Total,16,53507,29049,24458,2360,1141,1219,51147,27908,23239
07,098,south,Total,17,50238,27629,22609,2232,1097,1135,48006,26532,21474
07,098,south,Total,18,63106,35758,27348,3936,1995,1941,59170,33763,25407
07,098,south,Total,19,50199,27878,22321,2747,1296,1451,47452,26582,20870
07,098,south,Total,20-24,288038,156225,131813,22140,8525,13615,265898,147700,118198
07,098,south,Total,25-29,274631,144956,129675,28749,9199,19550,245882,135757,110125
07,098,south,Total,30-34,238401,126492,111909,32603,9573,23030,205798,116919,88879
07,098,south,Total,35-39,221103,118390,102713,38856,11272,27584,182247,107118,75129
07,098,south,Total,40-44,179236,97859,81377,36265,10779,25486,142971,87080,55891
07,098,south,Total,45-49,146345,81043,65302,31441,9871,21570,114904,71172,43732
07,098,south,Total,50-54,106710,59350,47360,22537,7087,15450,84173,52263,31910
07,098,south,Total,55-59,77903,41863,36040,17083,4745,12338,60820,37118,23702
07,098,south,Total,60-64,67775,34817,32958,19698,5814,13884,48077,29003,19074
07,098,south,Total,65-69,39656,20357,19299,10996,3177,7819,28660,17180,11480
07,098,south,Total,70-74,28215,13822,14393,8387,2301,6086,19828,11521,8307
07,098,south,Total,75-79,16024,7883,8141,4170,1120,3050,11854,6763,5091
07,098,south,Total,80+,19319,9188,10131,6013,1615,4398,13306,7573,5733
07,098,south,Total,Age not stated,3241,1772,1469,814,376,438,2427,1396,1031
07,098,south,Rural,All ages,12193,6819,5374,4057,1783,2274,8136,5036,3100
07,098,south,Rural,0-6,1797,932,865,1797,932,865,0,0,0
07,098,south,Rural,7,276,147,129,78,39,39,198,108,90
07,098,south,Rural,8,244,128,116,36,12,24,208,116,92
07,098,south,Rural,9,222,108,114,10,5,5,212,103,109
07,098,south,Rural,10,316,178,138,34,24,10,282,154,128
07,098,south,Rural,11,255,135,120,20,10,10,235,125,110
07,098,south,Rural,12,250,135,115,18,4,14,232,131,101
07,098,south,Rural,13,249,143,106,16,6,10,233,137,96
07,098,south,Rural,14,279,166,113,19,6,13,260,160,100
07,098,south,Rural,15,273,158,115,15,5,10,258,153,105
07,098,south,Rural,16,323,190,133,21,8,13,302,182,120
07,098,south,Rural,17,260,164,96,21,9,12,239,155,84
07,098,south,Rural,18,329,217,112,28,13,15,301,204,97
07,098,south,Rural,19,219,130,89,25,11,14,194,119,75
07,098,south,Rural,20-24,1250,718,532,182,65,117,1068,653,415
07,098,south,Rural,25-29,1159,631,528,239,70,169,920,561,359
07,098,south,Rural,30-34,1009,544,465,275,84,191,734,460,274
07,098,south,Rural,35-39,956,540,416,295,101,194,661,439,222
07,098,south,Rural,40-44,717,430,287,260,103,157,457,327,130
07,098,south,Rural,45-49,499,300,199,179,82,97,320,218,102
07,098,south,Rural,50-54,392,238,154,116,49,67,276,189,87
07,098,south,Rural,55-59,270,157,113,97,43,54,173,114,59
07,098,south,Rural,60-64,277,141,136,116,41,75,161,100,61
07,098,south,Rural,65-69,134,78,56,63,26,37,71,52,19
07,098,south,Rural,70-74,105,53,52,48,18,30,57,35,22
07,098,south,Rural,75-79,34,19,15,5,1,4,29,18,11
07,098,south,Rural,80+,81,25,56,35,9,26,46,16,30
07,098,south,Rural,Age not stated,18,14,4,9,7,2,9,7,2
07,098,south,Urban,All ages,2719736,1460609,1259127,649470,280609,368861,2070266,1180000,890266
07,098,south,Urban,0-6,329246,174660,154586,329246,174660,154586,0,0,0
07,098,south,Urban,7,50261,26704,23557,10237,5344,4893,40024,21360,18664
07,098,south,Urban,8,51817,27872,23945,4504,2292,2212,47313,25580,21733
07,098,south,Urban,9,47418,25450,21968,2837,1440,1397,44581,24010,20571
07,098,south,Urban,10,59568,32623,26945,3599,1819,1780,55969,30804,25165
07,098,south,Urban,11,51516,27937,23579,1994,992,1002,49522,26945,22577
07,098,south,Urban,12,55623,30277,25346,2084,984,1100,53539,29293,24246
07,098,south,Urban,13,50912,27208,23704,1688,800,888,49224,26408,22816
07,098,south,Urban,14,53351,28593,24758,1809,804,1005,51542,27789,23753
07,098,south,Urban,15,54409,29543,24866,2459,1231,1228,51950,28312,23638
07,098,south,Urban,16,53184,28859,24325,2339,1133,1206,50845,27726,23119
07,098,south,Urban,17,49978,27465,22513,2211,1088,1123,47767,26377,21390
07,098,south,Urban,18,62777,35541,27236,3908,1982,1926,58869,33559,25310
07,098,south,Urban,19,49980,27748,22232,2722,1285,1437,47258,26463,20795
07,098,south,Urban,20-24,286788,155507,131281,21958,8460,13498,264830,147047,117783
07,098,south,Urban,25-29,273472,144325,129147,28510,9129,19381,244962,135196,109766
07,098,south,Urban,30-34,237392,125948,111444,32328,9489,22839,205064,116459,88605
07,098,south,Urban,35-39,220147,117850,102297,38561,11171,27390,181586,106679,74907
07,098,south,Urban,40-44,178519,97429,81090,36005,10676,25329,142514,86753,55761
07,098,south,Urban,45-49,145846,80743,65103,31262,9789,21473,114584,70954,43630
07,098,south,Urban,50-54,106318,59112,47206,22421,7038,15383,83897,52074,31823
07,098,south,Urban,55-59,77633,41706,35927,16986,4702,12284,60647,37004,23643
07,098,south,Urban,60-64,67498,34676,32822,19582,5773,13809,47916,28903,19013
07,098,south,Urban,65-69,39522,20279,19243,10933,3151,7782,28589,17128,11461
07,098,south,Urban,70-74,28110,13769,14341,8339,2283,6056,19771,11486,8285
07,098,south,Urban,75-79,15990,7864,8126,4165,1119,3046,11825,6745,5080
07,098,south,Urban,80+,19238,9163,10075,5978,1606,4372,13260,7557,5703
07,098,south,Urban,Age not stated,3223,1758,1465,805,369,436,2418,1389,1029
30,585,north goa,Total,All ages,818008,416677,401331,154948,64939,90009,663060,351738,311322
30,585,north goa,Total,0-6,77705,40081,37624,77705,40081,37624,0,0,0
30,585,north goa,Total,7,11403,5939,5464,1916,1015,901,9487,4924,4563
30,585,north goa,Total,8,10918,5661,5257,579,272,307,10339,5389,4950
30,585,north goa,Total,9,11322,5754,5568,418,195,223,10904,5559,5345
30,585,north goa,Total,10,13033,6787,6246,518,252,266,12515,6535,5980
30,585,north goa,Total,11,12391,6364,6027,344,156,188,12047,6208,5839
30,585,north goa,Total,12,11705,6113,5592,261,115,146,11444,5998,5446
30,585,north goa,Total,13,11602,5980,5622,218,99,119,11384,5881,5503
30,585,north goa,Total,14,11931,6169,5762,237,105,132,11694,6064,5630
30,585,north goa,Total,15,11814,6217,5597,268,118,150,11546,6099,5447
30,585,north goa,Total,16,11500,6038,5462,266,129,137,11234,5909,5325
30,585,north goa,Total,17,11562,5972,5590,286,139,147,11276,5833,5443
30,585,north goa,Total,18,13556,7265,6291,490,244,246,13066,7021,6045
30,585,north goa,Total,19,13690,7409,6281,442,213,229,13248,7196,6052
30,585,north goa,Total,20-24,72667,39675,32992,3293,1597,1696,69374,38078,31296
30,585,north goa,Total,25-29,74127,38299,35828,4130,1729,2401,69997,36570,33427
30,585,north goa,Total,30-34,71992,36543,35449,4229,1747,2482,67763,34796,32967
30,585,north goa,Total,35-39,72517,36705,35812,5165,1986,3179,67352,34719,32633
30,585,north goa,Total,40-44,61970,31786,30184,5565,1936,3629,56405,29850,26555
30,585,north goa,Total,45-49,54054,27461,26593,6220,1964,4256,47834,25497,22337
30,585,north goa,Total,50-54,43781,22457,21324,6065,1712,4353,37716,20745,16971
30,585,north goa,Total,55-59,37319,18264,19055,6636,1537,5099,30683,16727,13956
30,585,north goa,Total,60-64,34703,16579,18124,9351,2337,7014,25352,14242,11110
30,585,north goa,Total,65-69,23821,11074,12747,7627,1948,5679,16194,9126,7068
30,585,north goa,Total,70-74,16837,7503,9334,6056,1602,4454,10781,5901,4880
30,585,north goa,Total,75-79,9393,4188,5205,3023,799,2224,6370,3389,2981
30,585,north goa,Total,80+,9181,3607,5574,3372,817,2555,5809,2790,3019
30,585,north goa,Total,Age not stated,1514,787,727,268,95,173,1246,692,554
30,585,north goa,Rural,All ages,324927,163908,161019,66300,26323,39977,258627,137585,121042
30,585,north goa,Rural,0-6,30735,15880,14855,30735,15880,14855,0,0,0
30,585,north goa,Rural,7,4570,2365,2205,757,409,348,3813,1956,1857
30,585,north goa,Rural,8,4226,2170,2056,204,94,110,4022,2076,1946
30,585,north goa,Rural,9,4433,2237,2196,114,55,59,4319,2182,2137
30,585,north goa,Rural,10,5206,2658,2548,158,81,77,5048,2577,2471
30,585,north goa,Rural,11,4833,2466,2367,113,55,58,4720,2411,2309
30,585,north goa,Rural,12,4587,2450,2137,82,39,43,4505,2411,2094
30,585,north goa,Rural,13,4669,2445,2224,77,36,41,4592,2409,2183
30,585,north goa,Rural,14,4830,2494,2336,82,31,51,4748,2463,2285
30,585,north goa,Rural,15,4644,2396,2248,86,40,46,4558,2356,2202
30,585,north goa,Rural,16,4558,2396,2162,90,47,43,4468,2349,2119
30,585,north goa,Rural,17,4725,2456,2269,106,57,49,4619,2399,2220
30,585,north goa,Rural,18,5303,2770,2533,166,80,86,5137,2690,2447
30,585,north goa,Rural,19,5205,2720,2485,157,76,81,5048,2644,2404
30,585,north goa,Rural,20-24,27678,14470,13208,1072,494,578,26606,13976,12630
30,585,north goa,Rural,25-29,29719,15295,14424,1374,573,801,28345,14722,13623
30,585,north goa,Rural,30-34,29351,14922,14429,1476,582,894,27875,14340,13535
30,585,north goa,Rural,35-39,29341,14783,14558,2035,689,1346,27306,14094,13212
30,585,north goa,Rural,40-44,24452,12628,11824,2425,724,1701,22027,11904,10123
30,585,north goa,Rural,45-49,21233,10753,10480,2870,765,2105,18363,9988,8375
30,585,north goa,Rural,50-54,17081,8614,8467,3034,737,2297,14047,7877,6170
30,585,north goa,Rural,55-59,14539,7044,7495,3387,698,2689,11152,6346,4806
30,585,north goa,Rural,60-64,14170,6582,7588,5026,1206,3820,9144,5376,3768
30,585,north goa,Rural,65-69,9981,4503,5478,4153,1101,3052,5828,3402,2426
30,585,north goa,Rural,70-74,7010,3024,3986,3247,889,2358,3763,2135,1628
30,585,north goa,Rural,75-79,3610,1610,2000,1519,416,1103,2091,1194,897
30,585,north goa,Rural,80+,3521,1398,2123,1633,426,1207,1888,972,916
30,585,north goa,Rural,Age not stated,717,379,338,122,43,79,595,336,259
30,585,north goa,Urban,All ages,493081,252769,240312,88648,38616,50032,404433,214153,190280
30,585,north goa,Urban,0-6,46970,24201,22769,46970,24201,22769,0,0,0
30,585,north goa,Urban,7,6833,3574,3259,1159,606,553,5674,2968,2706
30,585,north goa,Urban,8,6692,3491,3201,375,178,197,6317,3313,3004
30,585,north goa,Urban,9,6889,3517,3372,304,140,164,6585,3377,3208
30,585,north goa,Urban,10,7827,4129,3698,360,171,189,7467,3958,3509
30,585,north goa,Urban,11,7558,3898,3660,231,101,130,7327,3797,3530
30,585,north goa,Urban,12,7118,3663,3455,179,76,103,6939,3587,3352
30,585,north goa,Urban,13,6933,3535,3398,141,63,78,6792,3472,3320
30,585,north goa,Urban,14,7101,3675,3426,155,74,81,6946,3601,3345
30,585,north goa,Urban,15,7170,3821,3349,182,78,104,6988,3743,3245
30,585,north goa,Urban,16,6942,3642,3300,176,82,94,6766,3560,3206
30,585,north goa,Urban,17,6837,3516,3321,180,82,98,6657,3434,3223
30,585,north goa,Urban,18,8253,4495,3758,324,164,160,7929,4331,3598
30,585,north goa,Urban,19,8485,4689,3796,285,137,148,8200,4552,3648
30,585,north goa,Urban,20-24,44989,25205,19784,2221,1103,1118,42768,24102,18666
30,585,north goa,Urban,25-29,44408,23004,21404,2756,1156,1600,41652,21848,19804
30,585,north goa,Urban,30-34,42641,21621,21020,2753,1165,1588,39888,20456,19432
30,585,north goa,Urban,35-39,43176,21922,21254,3130,1297,1833,40046,20625,19421
30,585,north goa,Urban,40-44,37518,19158,18360,3140,1212,1928,34378,17946,16432
30,585,north goa,Urban,45-49,32821,16708,16113,3350,1199,2151,29471,15509,13962
30,585,north goa,Urban,50-54,26700,13843,12857,3031,975,2056,23669,12868,10801
30,585,north goa,Urban,55-59,22780,11220,11560,3249,839,2410,19531,10381,9150
30,585,north goa,Urban,60-64,20533,9997,10536,4325,1131,3194,16208,8866,7342
30,585,north goa,Urban,65-69,13840,6571,7269,3474,847,2627,10366,5724,4642
30,585,north goa,Urban,70-74,9827,4479,5348,2809,713,2096,7018,3766,3252
30,585,north goa,Urban,75-79,5783,2578,3205,1504,383,1121,4279,2195,2084
30,585,north goa,Urban,80+,5660,2209,3451,1739,391,1348,3921,1818,2103
30,585,north goa,Urban,Age not stated,797,408,389,146,52,94,651,356,295
30,586,south goa,Total,All ages,640537,322463,318074,138110,58378,79732,502427,264085,238342
30,586,south goa,Total,0-6,66906,34379,32527,66906,34379,32527,0,0,0
30,586,south goa,Total,7,9962,5129,4833,1679,867,812,8283,4262,4021
30,586,south goa,Total,8,9343,4854,4489,553,285,268,8790,4569,4221
30,586,south goa,Total,9,9612,4892,4720,397,196,201,9215,4696,4519
30,586,south goa,Total,10,10731,5478,5253,402,189,213,10329,5289,5040
30,586,south goa,Total,11,10430,5457,4973,273,125,148,10157,5332,4825
30,586,south goa,Total,12,9629,5058,4571,213,91,122,9416,4967,4449
30,586,south goa,Total,13,9856,5022,4834,226,98,128,9630,4924,4706
30,586,south goa,Total,14,9681,4989,4692,216,97,119,9465,4892,4573
30,586,south goa,Total,15,10045,5126,4919,249,102,147,9796,5024,4772
30,586,south goa,Total,16,9541,4967,4574,229,97,132,9312,4870,4442
30,586,south goa,Total,17,9475,4872,4603,246,119,127,9229,4753,4476
30,586,south goa,Total,18,11320,6098,5222,394,186,208,10926,5912,5014
30,586,south goa,Total,19,11372,6111,5261,430,224,206,10942,5887,5055
30,586,south goa,Total,20-24,58078,30941,27137,2831,1214,1617,55247,29727,25520
30,586,south goa,Total,25-29,58499,29445,29054,3887,1474,2413,54612,27971,26641
30,586,south goa,Total,30-34,53867,26928,26939,4156,1489,2667,49711,25439,24272
30,586,south goa,Total,35-39,53781,26836,26945,5519,1897,3622,48262,24939,23323
30,586,south goa,Total,40-44,46542,23718,22824,6193,2099,4094,40349,21619,18730
30,586,south goa,Total,45-49,40682,20406,20276,6859,2303,4556,33823,18103,15720
30,586,south goa,Total,50-54,32811,16325,16486,6440,2031,4409,26371,14294,12077
30,586,south goa,Total,55-59,28234,13757,14477,6202,1936,4266,22032,11821,10211
30,586,south goa,Total,60-64,26401,12521,13880,7819,2381,5438,18582,10140,8442
30,586,south goa,Total,65-69,17198,7931,9267,5725,1767,3958,11473,6164,5309
30,586,south goa,Total,70-74,12218,5387,6831,4603,1325,3278,7615,4062,3553
30,586,south goa,Total,75-79,7143,3040,4103,2585,688,1897,4558,2352,2206
30,586,south goa,Total,80+,6600,2485,4115,2740,666,2074,3860,1819,2041
30,586,south goa,Total,Age not stated,580,311,269,138,53,85,442,258,184
30,586,south goa,Rural,All ages,226804,111528,115276,54160,21970,32190,172644,89558,83086
30,586,south goa,Rural,0-6,23279,11892,11387,23279,11892,11387,0,0,0
30,586,south goa,Rural,7,3376,1728,1648,600,303,297,2776,1425,1351
30,586,south goa,Rural,8,3242,1651,1591,180,100,80,3062,1551,1511
30,586,south goa,Rural,9,3342,1674,1668,120,59,61,3222,1615,1607
30,586,south goa,Rural,10,3728,1851,1877,125,63,62,3603,1788,1815
30,586,south goa,Rural,11,3671,1823,1848,76,32,44,3595,1791,1804
30,586,south goa,Rural,12,3345,1696,1649,68,25,43,3277,1671,1606
30,586,south goa,Rural,13,3422,1722,1700,75,32,43,3347,1690,1657
30,586,south goa,Rural,14,3375,1699,1676,70,31,39,3305,1668,1637
30,586,south goa,Rural,15,3479,1737,1742,71,28,43,3408,1709,1699
30,586,south goa,Rural,16,3354,1733,1621,76,34,42,3278,1699,1579
30,586,south goa,Rural,17,3333,1689,1644,71,34,37,3262,1655,1607
30,586,south goa,Rural,18,3813,2045,1768,113,50,63,3700,1995,1705
30,586,south goa,Rural,19,3957,2058,1899,150,80,70,3807,1978,1829
30,586,south goa,Rural,20-24,19612,10120,9492,817,337,480,18795,9783,9012
30,586,south goa,Rural,25-29,20198,9955,10243,1220,411,809,18978,9544,9434
30,586,south goa,Rural,30-34,18913,9288,9625,1457,462,995,17456,8826,8630
30,586,south goa,Rural,35-39,19045,9485,9560,2153,652,1501,16892,8833,8059
30,586,south goa,Rural,40-44,15930,7934,7996,2669,848,1821,13261,7086,6175
30,586,south goa,Rural,45-49,14374,7041,7333,3225,1018,2207,11149,6023,5126
30,586,south goa,Rural,50-54,11775,5633,6142,3092,978,2114,8683,4655,4028
30,586,south goa,Rural,55-59,10545,5000,5545,3010,933,2077,7535,4067,3468
30,586,south goa,Rural,60-64,10126,4698,5428,3689,1185,2504,6437,3513,2924
30,586,south goa,Rural,65-69,6909,3124,3785,2836,979,1857,4073,2145,1928
30,586,south goa,Rural,70-74,4823,2000,2823,2258,675,1583,2565,1325,1240
30,586,south goa,Rural,75-79,2826,1132,1694,1270,346,924,1556,786,770
30,586,south goa,Rural,80+,2811,1015,1796,1337,364,973,1474,651,823
30,586,south goa,Rural,Age not stated,201,105,96,53,19,34,148,86,62
30,586,south goa,Urban,All ages,413733,210935,202798,83950,36408,47542,329783,174527,155256
30,586,south goa,Urban,0-6,43627,22487,21140,43627,22487,21140,0,0,0
30,586,south goa,Urban,7,6586,3401,3185,1079,564,515,5507,2837,2670
30,586,south goa,Urban,8,6101,3203,2898,373,185,188,5728,3018,2710
30,586,south goa,Urban,9,6270,3218,3052,277,137,140,5993,3081,2912
30,586,south goa,Urban,10,7003,3627,3376,277,126,151,6726,3501,3225
30,586,south goa,Urban,11,6759,3634,3125,197,93,104,6562,3541,3021
30,586,south goa,Urban,12,6284,3362,2922,145,66,79,6139,3296,2843
30,586,south goa,Urban,13,6434,3300,3134,151,66,85,6283,3234,3049
30,586,south goa,Urban,14,6306,3290,3016,146,66,80,6160,3224,2936
30,586,south goa,Urban,15,6566,3389,3177,178,74,104,6388,3315,3073
30,586,south goa,Urban,16,6187,3234,2953,153,63,90,6034,3171,2863
30,586,south goa,Urban,17,6142,3183,2959,175,85,90,5967,3098,2869
30,586,south goa,Urban,18,7507,4053,3454,281,136,145,7226,3917,3309
30,586,south goa,Urban,19,7415,4053,3362,280,144,136,7135,3909,3226
30,586,south goa,Urban,20-24,38466,20821,17645,2014,877,1137,36452,19944,16508
30,586,south goa,Urban,25-29,38301,19490,18811,2667,1063,1604,35634,18427,17207
30,586,south goa,Urban,30-34,34954,17640,17314,2699,1027,1672,32255,16613,15642
30,586,south goa,Urban,35-39,34736,17351,17385,3366,1245,2121,31370,16106,15264
30,586,south goa,Urban,40-44,30612,15784,14828,3524,1251,2273,27088,14533,12555
30,586,south goa,Urban,45-49,26308,13365,12943,3634,1285,2349,22674,12080,10594
30,586,south goa,Urban,50-54,21036,10692,10344,3348,1053,2295,17688,9639,8049
30,586,south goa,Urban,55-59,17689,8757,8932,3192,1003,2189,14497,7754,6743
30,586,south goa,Urban,60-64,16275,7823,8452,4130,1196,2934,12145,6627,5518
30,586,south goa,Urban,65-69,10289,4807,5482,2889,788,2101,7400,4019,3381
30,586,south goa,Urban,70-74,7395,3387,4008,2345,650,1695,5050,2737,2313
30,586,south goa,Urban,75-79,4317,1908,2409,1315,342,973,3002,1566,1436
30,586,south goa,Urban,80+,3789,1470,2319,1403,302,1101,2386,1168,1218
30,586,south goa,Urban,Age not stated,379,206,173,85,34,51,294,172,122
21,370,bargarh,Total,All ages,1481255,749161,732094,497472,191944,305528,983783,557217,426566
21,370,bargarh,Total,0-6,162922,83267,79655,162922,83267,79655,0,0,0
21,370,bargarh,Total,7,23447,11887,11560,6226,3128,3098,17221,8759,8462
21,370,bargarh,Total,8,21857,11174,10683,2262,1132,1130,19595,10042,9553
21,370,bargarh,Total,9,23177,11737,11440,1604,776,828,21573,10961,10612
21,370,bargarh,Total,10,26378,13675,12703,1897,928,969,24481,12747,11734
21,370,bargarh,Total,11,27150,13704,13446,1143,577,566,26007,13127,12880
21,370,bargarh,Total,12,30214,15328,14886,1066,517,549,29148,14811,14337
21,370,bargarh,Total,13,28691,14288,14403,837,386,451,27854,13902,13952
21,370,bargarh,Total,14,29575,14613,14962,1043,423,620,28532,14190,14342
21,370,bargarh,Total,15,31734,15692,16042,1484,602,882,30250,15090,15160
21,370,bargarh,Total,16,29789,14707,15082,1452,555,897,28337,14152,14185
21,370,bargarh,Total,17,28611,14017,14594,1539,534,1005,27072,13483,13589
21,370,bargarh,Total,18,33988,17262,16726,2354,788,1566,31634,16474,15160
21,370,bargarh,Total,19,26197,13126,13071,1688,527,1161,24509,12599,11910
21,370,bargarh,Total,20-24,138061,69354,68707,13315,3807,9508,124746,65547,59199
21,370,bargarh,Total,25-29,125242,63413,61829,18135,5366,12769,107107,58047,49060
21,370,bargarh,Total,30-34,111936,56423,55513,23254,6707,16547,88682,49716,38966
21,370,bargarh,Total,35-39,111463,56444,55019,31224,9199,22025,80239,47245,32994
21,370,bargarh,Total,40-44,100145,51366,48779,35642,11128,24514,64503,40238,24265
21,370,bargarh,Total,45-49,86461,44661,41800,35465,11698,23767,50996,32963,18033
21,370,bargarh,Total,50-54,70225,36305,33920,31070,10285,20785,39155,26020,13135
21,370,bargarh,Total,55-59,57034,28656,28378,26877,7923,18954,30157,20733,9424
21,370,bargarh,Total,60-64,56442,28386,28056,31502,10211,21291,24940,18175,6765
21,370,bargarh,Total,65-69,39567,19341,20226,23826,7541,16285,15741,11800,3941
21,370,bargarh,Total,70-74,30962,15465,15497,20285,7096,13189,10677,8369,2308
21,370,bargarh,Total,75-79,13564,6417,7147,9011,2892,6119,4553,3525,1028
21,370,bargarh,Total,80+,14628,7502,7126,9730,3692,6038,4898,3810,1088
21,370,bargarh,Total,Age not stated,1795,951,844,619,259,360,1176,692,484
21,370,bargarh,Rural,All ages,1331145,672603,658542,461973,177616,284357,869172,494987,374185
21,370,bargarh,Rural,0-6,146333,74709,71624,146333,74709,71624,0,0,0
21,370,bargarh,Rural,7,20807,10514,10293,5733,2869,2864,15074,7645,7429
21,370,bargarh,Rural,8,19449,9882,9567,2085,1036,1049,17364,8846,8518
21,370,bargarh,Rural,9,20742,10513,10229,1445,694,751,19297,9819,9478
21,370,bargarh,Rural,10,23671,12260,11411,1763,856,907,21908,11404,10504
21,370,bargarh,Rural,11,24550,12406,12144,1052,537,515,23498,11869,11629
21,370,bargarh,Rural,12,27329,13837,13492,978,472,506,26351,13365,12986
21,370,bargarh,Rural,13,25908,12904,13004,769,356,413,25139,12548,12591
21,370,bargarh,Rural,14,26817,13238,13579,956,386,570,25861,12852,13009
21,370,bargarh,Rural,15,28727,14141,14586,1377,550,827,27350,13591,13759
21,370,bargarh,Rural,16,27074,13359,13715,1327,505,822,25747,12854,12893
21,370,bargarh,Rural,17,25935,12623,13312,1435,487,948,24500,12136,12364
21,370,bargarh,Rural,18,30742,15629,15113,2187,731,1456,28555,14898,13657
21,370,bargarh,Rural,19,23384,11735,11649,1571,484,1087,21813,11251,10562
21,370,bargarh,Rural,20-24,123138,62053,61085,12376,3512,8864,110762,58541,52221
21,370,bargarh,Rural,25-29,111054,56368,54686,16977,5010,11967,94077,51358,42719
21,370,bargarh,Rural,30-34,99258,50114,49144,21857,6349,15508,77401,43765,33636
21,370,bargarh,Rural,35-39,99385,50180,49205,29464,8700,20764,69921,41480,28441
21,370,bargarh,Rural,40-44,89819,46000,43819,33651,10548,23103,56168,35452,20716
21,370,bargarh,Rural,45-49,77426,39862,37564,33536,11104,22432,43890,28758,15132
21,370,bargarh,Rural,50-54,63059,32466,30593,29330,9797,19533,33729,22669,11060
21,370,bargarh,Rural,55-59,51776,25892,25884,25524,7563,17961,26252,18329,7923
21,370,bargarh,Rural,60-64,51735,25974,25761,29830,9745,20085,21905,16229,5676
21,370,bargarh,Rural,65-69,36635,17852,18783,22709,7232,15477,13926,10620,3306
21,370,bargarh,Rural,70-74,28753,14373,14380,19303,6803,12500,9450,7570,1880
21,370,bargarh,Rural,75-79,12534,5919,6615,8602,2786,5816,3932,3133,799
21,370,bargarh,Rural,80+,13453,6922,6531,9217,3548,5669,4236,3374,862
21,370,bargarh,Rural,Age not stated,1652,878,774,586,247,339,1066,631,435
21,370,bargarh,Urban,All ages,150110,76558,73552,35499,14328,21171,114611,62230,52381
21,370,bargarh,Urban,0-6,16589,8558,8031,16589,8558,8031,0,0,0
21,370,bargarh,Urban,7,2640,1373,1267,493,259,234,2147,1114,1033
21,370,bargarh,Urban,8,2408,1292,1116,177,96,81,2231,1196,1035
21,370,bargarh,Urban,9,2435,1224,1211,159,82,77,2276,1142,1134
21,370,bargarh,Urban,10,2707,1415,1292,134,72,62,2573,1343,1230
21,370,bargarh,Urban,11,2600,1298,1302,91,40,51,2509,1258,1251
21,370,bargarh,Urban,12,2885,1491,1394,88,45,43,2797,1446,1351
21,370,bargarh,Urban,13,2783,1384,1399,68,30,38,2715,1354,1361
21,370,bargarh,Urban,14,2758,1375,1383,87,37,50,2671,1338,1333
21,370,bargarh,Urban,15,3007,1551,1456,107,52,55,2900,1499,1401
21,370,bargarh,Urban,16,2715,1348,1367,125,50,75,2590,1298,1292
21,370,bargarh,Urban,17,2676,1394,1282,104,47,57,2572,1347,1225
21,370,bargarh,Urban,18,3246,1633,1613,167,57,110,3079,1576,1503
21,370,bargarh,Urban,19,2813,1391,1422,117,43,74,2696,1348,1348
21,370,bargarh,Urban,20-24,14923,7301,7622,939,295,644,13984,7006,6978
21,370,bargarh,Urban,25-29,14188,7045,7143,1158,356,802,13030,6689,6341
21,370,bargarh,Urban,30-34,12678,6309,6369,1397,358,1039,11281,5951,5330
21,370,bargarh,Urban,35-39,12078,6264,5814,1760,499,1261,10318,5765,4553
21,370,bargarh,Urban,40-44,10326,5366,4960,1991,580,1411,8335,4786,3549
21,370,bargarh,Urban,45-49,9035,4799,4236,1929,594,1335,7106,4205,2901
21,370,bargarh,Urban,50-54,7166,3839,3327,1740,488,1252,5426,3351,2075
21,370,bargarh,Urban,55-59,5258,2764,2494,1353,360,993,3905,2404,1501
21,370,bargarh,Urban,60-64,4707,2412,2295,1672,466,1206,3035,1946,1089
21,370,bargarh,Urban,65-69,2932,1489,1443,1117,309,808,1815,1180,635
21,370,bargarh,Urban,70-74,2209,1092,1117,982,293,689,1227,799,428
21,370,bargarh,Urban,75-79,1030,498,532,409,106,303,621,392,229
21,370,bargarh,Urban,80+,1175,580,595,513,144,369,662,436,226
21,370,bargarh,Urban,Age not stated,143,73,70,33,12,21,110,61,49
21,371,jharsuguda,Total,All ages,579505,296690,282815,173626,68598,105028,405879,228092,177787
21,371,jharsuguda,Total,0-6,64794,33341,31453,64794,33341,31453,0,0,0
21,371,jharsuguda,Total,7,9636,4850,4786,2106,1046,1060,7530,3804,3726
21,371,jharsuguda,Total,8,9674,4849,4825,831,406,425,8843,4443,4400
21,371,jharsuguda,Total,9,9204,4661,4543,419,197,222,8785,4464,4321
21,371,jharsuguda,Total,10,10665,5411,5254,568,267,301,10097,5144,4953
21,371,jharsuguda,Total,11,10571,5290,5281,329,174,155,10242,5116,5126
21,371,jharsuguda,Total,12,11533,5868,5665,421,195,226,11112,5673,5439
21,371,jharsuguda,Total,13,11740,5905,5835,342,152,190,11398,5753,5645
21,371,jharsuguda,Total,14,11347,5645,5702,422,168,254,10925,5477,5448
21,371,jharsuguda,Total,15,11603,5870,5733,544,242,302,11059,5628,5431
21,371,jharsuguda,Total,16,11415,5682,5733,538,225,313,10877,5457,5420
21,371,jharsuguda,Total,17,10766,5300,5466,550,222,328,10216,5078,5138
21,371,jharsuguda,Total,18,13511,7046,6465,890,347,543,12621,6699,5922
21,371,jharsuguda,Total,19,10911,5456,5455,699,250,449,10212,5206,5006
21,371,jharsuguda,Total,20-24,59195,30234,28961,5334,1759,3575,53861,28475,25386
21,371,jharsuguda,Total,25-29,53591,27662,25929,6917,2199,4718,46674,25463,21211
21,371,jharsuguda,Total,30-34,45174,23242,21932,8129,2457,5672,37045,20785,16260
21,371,jharsuguda,Total,35-39,43248,22268,20980,10158,3086,7072,33090,19182,13908
21,371,jharsuguda,Total,40-44,37874,19636,18238,11173,3450,7723,26701,16186,10515
21,371,jharsuguda,Total,45-49,33181,17301,15880,11587,3679,7908,21594,13622,7972
21,371,jharsuguda,Total,50-54,25892,13568,12324,9637,3033,6604,16255,10535,5720
21,371,jharsuguda,Total,55-59,20440,10752,9688,8153,2373,5780,12287,8379,3908
21,371,jharsuguda,Total,60-64,19060,9570,9490,9533,2884,6649,9527,6686,2841
21,371,jharsuguda,Total,65-69,13039,6574,6465,7068,2177,4891,5971,4397,1574
21,371,jharsuguda,Total,70-74,9758,4865,4893,5916,1994,3922,3842,2871,971
21,371,jharsuguda,Total,75-79,4859,2313,2546,2928,906,2022,1931,1407,524
21,371,jharsuguda,Total,80+,5507,2842,2665,3302,1221,2081,2205,1621,584
21,371,jharsuguda,Total,Age not stated,1317,689,628,338,148,190,979,541,438
21,371,jharsuguda,Rural,All ages,348340,176162,172178,113378,43714,69664,234962,132448,102514
21,371,jharsuguda,Rural,0-6,37295,19023,18272,37295,19023,18272,0,0,0
21,371,jharsuguda,Rural,7,5452,2741,2711,1277,634,643,4175,2107,2068
21,371,jharsuguda,Rural,8,5598,2792,2806,462,233,229,5136,2559,2577
21,371,jharsuguda,Rural,9,5488,2694,2794,214,93,121,5274,2601,2673
21,371,jharsuguda,Rural,10,6124,3035,3089,281,128,153,5843,2907,2936
21,371,jharsuguda,Rural,11,6455,3196,3259,180,99,81,6275,3097,3178
21,371,jharsuguda,Rural,12,7155,3607,3548,228,93,135,6927,3514,3413
21,371,jharsuguda,Rural,13,7525,3743,3782,184,79,105,7341,3664,3677
21,371,jharsuguda,Rural,14,7149,3491,3658,233,89,144,6916,3402,3514
21,371,jharsuguda,Rural,15,7157,3595,3562,332,153,179,6825,3442,3383
21,371,jharsuguda,Rural,16,7051,3456,3595,302,123,179,6749,3333,3416
21,371,jharsuguda,Rural,17,6624,3176,3448,320,118,202,6304,3058,3246
21,371,jharsuguda,Rural,18,8181,4189,3992,548,200,348,7633,3989,3644
21,371,jharsuguda,Rural,19,6503,3231,3272,413,132,281,6090,3099,2991
21,371,jharsuguda,Rural,20-24,34681,17623,17058,3216,1009,2207,31465,16614,14851
21,371,jharsuguda,Rural,25-29,30271,15677,14594,4377,1381,2996,25894,14296,11598
21,371,jharsuguda,Rural,30-34,25690,12983,12707,5419,1639,3780,20271,11344,8927
21,371,jharsuguda,Rural,35-39,25546,12976,12570,7108,2137,4971,18438,10839,7599
21,371,jharsuguda,Rural,40-44,22672,11626,11046,7925,2496,5429,14747,9130,5617
21,371,jharsuguda,Rural,45-49,19714,10182,9532,8110,2693,5417,11604,7489,4115
21,371,jharsuguda,Rural,50-54,15530,7955,7575,6660,2167,4493,8870,5788,3082
21,371,jharsuguda,Rural,55-59,12853,6462,6391,5836,1667,4169,7017,4795,2222
21,371,jharsuguda,Rural,60-64,13077,6390,6687,7186,2157,5029,5891,4233,1658
21,371,jharsuguda,Rural,65-69,9422,4764,4658,5538,1756,3782,3884,3008,876
21,371,jharsuguda,Rural,70-74,7076,3494,3582,4675,1606,3069,2401,1888,513
21,371,jharsuguda,Rural,75-79,3541,1699,1842,2330,750,1580,1211,949,262
21,371,jharsuguda,Rural,80+,3936,2062,1874,2546,984,1562,1390,1078,312
21,371,jharsuguda,Rural,Age not stated,574,300,274,183,75,108,391,225,166
21,371,jharsuguda,Urban,All ages,231165,120528,110637,60248,24884,35364,170917,95644,75273
21,371,jharsuguda,Urban,0-6,27499,14318,13181,27499,14318,13181,0,0,0
21,371,jharsuguda,Urban,7,4184,2109,2075,829,412,417,3355,1697,1658
21,371,jharsuguda,Urban,8,4076,2057,2019,369,173,196,3707,1884,1823
21,371,jharsuguda,Urban,9,3716,1967,1749,205,104,101,3511,1863,1648
21,371,jharsuguda,Urban,10,4541,2376,2165,287,139,148,4254,2237,2017
21,371,jharsuguda,Urban,11,4116,2094,2022,149,75,74,3967,2019,1948
21,371,jharsuguda,Urban,12,4378,2261,2117,193,102,91,4185,2159,2026
21,371,jharsuguda,Urban,13,4215,2162,2053,158,73,85,4057,2089,1968
21,371,jharsuguda,Urban,14,4198,2154,2044,189,79,110,4009,2075,1934
21,371,jharsuguda,Urban,15,4446,2275,2171,212,89,123,4234,2186,2048
21,371,jharsuguda,Urban,16,4364,2226,2138,236,102,134,4128,2124,2004
21,371,jharsuguda,Urban,17,4142,2124,2018,230,104,126,3912,2020,1892
21,371,jharsuguda,Urban,18,5330,2857,2473,342,147,195,4988,2710,2278
21,371,jharsuguda,Urban,19,4408,2225,2183,286,118,168,4122,2107,2015
21,371,jharsuguda,Urban,20-24,24514,12611,11903,2118,750,1368,22396,11861,10535
21,371,jharsuguda,Urban,25-29,23320,11985,11335,2540,818,1722,20780,11167,9613
21,371,jharsuguda,Urban,30-34,19484,10259,9225,2710,818,1892,16774,9441,7333
21,371,jharsuguda,Urban,35-39,17702,9292,8410,3050,949,2101,14652,8343,6309
21,371,jharsuguda,Urban,40-44,15202,8010,7192,3248,954,2294,11954,7056,4898
21,371,jharsuguda,Urban,45-49,13467,7119,6348,3477,986,2491,9990,6133,3857
21,371,jharsuguda,Urban,50-54,10362,5613,4749,2977,866,2111,7385,4747,2638
21,371,jharsuguda,Urban,55-59,7587,4290,3297,2317,706,1611,5270,3584,1686
21,371,jharsuguda,Urban,60-64,5983,3180,2803,2347,727,1620,3636,2453,1183
21,371,jharsuguda,Urban,65-69,3617,1810,1807,1530,421,1109,2087,1389,698
21,371,jharsuguda,Urban,70-74,2682,1371,1311,1241,388,853,1441,983,458
21,371,jharsuguda,Urban,75-79,1318,614,704,598,156,442,720,458,262
21,371,jharsuguda,Urban,80+,1571,780,791,756,237,519,815,543,272
21,371,jharsuguda,Urban,Age not stated,743,389,354,155,73,82,588,316,272
21,372,sambalpur,Total,All ages,1041099,526877,514222,337408,133685,203723,703691,393192,310499
21,372,sambalpur,Total,0-6,117848,60744,57104,117848,60744,57104,0,0,0
21,372,sambalpur,Total,7,17846,9098,8748,4274,2175,2099,13572,6923,6649
21,372,sambalpur,Total,8,17406,8910,8496,1776,871,905,15630,8039,7591
21,372,sambalpur,Total,9,17579,9039,8540,1124,528,596,16455,8511,7944
21,372,sambalpur,Total,10,19778,10242,9536,1426,723,703,18352,9519,8833
21,372,sambalpur,Total,11,19501,9985,9516,879,421,458,18622,9564,9058
21,372,sambalpur,Total,12,20922,10592,10330,892,408,484,20030,10184,9846
21,372,sambalpur,Total,13,20262,10193,10069,784,364,420,19478,9829,9649
21,372,sambalpur,Total,14,20531,10177,10354,891,425,466,19640,9752,9888
21,372,sambalpur,Total,15,21327,10748,10579,1219,550,669,20108,10198,9910
21,372,sambalpur,Total,16,20043,10037,10006,1126,460,666,18917,9577,9340
21,372,sambalpur,Total,17,19117,9344,9773,1164,426,738,17953,8918,9035
21,372,sambalpur,Total,18,23865,12121,11744,1932,751,1181,21933,11370,10563
21,372,sambalpur,Total,19,18293,9143,9150,1370,498,872,16923,8645,8278
21,372,sambalpur,Total,20-24,99995,49111,50884,11131,3589,7542,88864,45522,43342
21,372,sambalpur,Total,25-29,91387,45568,45819,14762,4631,10131,76625,40937,35688
21,372,sambalpur,Total,30-34,78573,39339,39234,16921,5133,11788,61652,34206,27446
21,372,sambalpur,Total,35-39,77162,38733,38429,21372,6475,14897,55790,32258,23532
21,372,sambalpur,Total,40-44,69582,35547,34035,23257,7347,15910,46325,28200,18125
21,372,sambalpur,Total,45-49,61258,31721,29537,23250,7891,15359,38008,23830,14178
21,372,sambalpur,Total,50-54,48818,25175,23643,19441,6460,12981,29377,18715,10662
21,372,sambalpur,Total,55-59,39086,19944,19142,16480,4901,11579,22606,15043,7563
21,372,sambalpur,Total,60-64,37418,19228,18190,18929,6159,12770,18489,13069,5420
21,372,sambalpur,Total,65-69,24440,12405,12035,13084,4159,8925,11356,8246,3110
21,372,sambalpur,Total,70-74,18843,9411,9432,11251,3840,7411,7592,5571,2021
21,372,sambalpur,Total,75-79,8668,4427,4241,4820,1595,3225,3848,2832,1016
21,372,sambalpur,Total,80+,9453,4795,4658,5388,1905,3483,4065,2890,1175
21,372,sambalpur,Total,Age not stated,2098,1100,998,617,256,361,1481,844,637
21,372,sambalpur,Rural,All ages,733006,368692,364314,262109,102464,159645,470897,266228,204669
21,372,sambalpur,Rural,0-6,84408,43170,41238,84408,43170,41238,0,0,0
21,372,sambalpur,Rural,7,12732,6428,6304,3259,1658,1601,9473,4770,4703
21,372,sambalpur,Rural,8,12591,6394,6197,1357,648,709,11234,5746,5488
21,372,sambalpur,Rural,9,12682,6541,6141,788,381,407,11894,6160,5734
21,372,sambalpur,Rural,10,14112,7231,6881,1000,506,494,13112,6725,6387
21,372,sambalpur,Rural,11,14200,7195,7005,649,307,342,13551,6888,6663
21,372,sambalpur,Rural,12,15280,7724,7556,645,296,349,14635,7428,7207
21,372,sambalpur,Rural,13,14893,7477,7416,578,266,312,14315,7211,7104
21,372,sambalpur,Rural,14,15143,7452,7691,660,313,347,14483,7139,7344
21,372,sambalpur,Rural,15,15494,7766,7728,925,401,524,14569,7365,7204
21,372,sambalpur,Rural,16,14427,7154,7273,841,345,496,13586,6809,6777
21,372,sambalpur,Rural,17,13605,6540,7065,915,322,593,12690,6218,6472
21,372,sambalpur,Rural,18,16778,8524,8254,1452,559,893,15326,7965,7361
21,372,sambalpur,Rural,19,12528,6241,6287,995,362,633,11533,5879,5654
21,372,sambalpur,Rural,20-24,68488,33781,34707,8583,2700,5883,59905,31081,28824
21,372,sambalpur,Rural,25-29,61983,30979,31004,11540,3608,7932,50443,27371,23072
21,372,sambalpur,Rural,30-34,52771,26278,26493,13441,4052,9389,39330,22226,17104
21,372,sambalpur,Rural,35-39,52845,26446,26399,17175,5224,11951,35670,21222,14448
21,372,sambalpur,Rural,40-44,47961,24188,23773,18980,6020,12960,28981,18168,10813
21,372,sambalpur,Rural,45-49,42454,21814,20640,19155,6628,12527,23299,15186,8113
21,372,sambalpur,Rural,50-54,33756,17105,16651,15864,5328,10536,17892,11777,6115
21,372,sambalpur,Rural,55-59,28113,13945,14168,13789,4141,9648,14324,9804,4520
21,372,sambalpur,Rural,60-64,27964,14266,13698,15721,5188,10533,12243,9078,3165
21,372,sambalpur,Rural,65-69,18626,9342,9284,11089,3578,7511,7537,5764,1773
21,372,sambalpur,Rural,70-74,14312,7121,7191,9364,3264,6100,4948,3857,1091
21,372,sambalpur,Rural,75-79,6481,3290,3191,4072,1390,2682,2409,1900,509
21,372,sambalpur,Rural,80+,6928,3553,3375,4393,1619,2774,2535,1934,601
21,372,sambalpur,Rural,Age not stated,1451,747,704,471,190,281,980,557,423
21,372,sambalpur,Urban,All ages,308093,158185,149908,75299,31221,44078,232794,126964,105830
21,372,sambalpur,Urban,0-6,33440,17574,15866,33440,17574,15866,0,0,0
21,372,sambalpur,Urban,7,5114,2670,2444,1015,517,498,4099,2153,1946
21,372,sambalpur,Urban,8,4815,2516,2299,419,223,196,4396,2293,2103
21,372,sambalpur,Urban,9,4897,2498,2399,336,147,189,4561,2351,2210
21,372,sambalpur,Urban,10,5666,3011,2655,426,217,209,5240,2794,2446
21,372,sambalpur,Urban,11,5301,2790,2511,230,114,116,5071,2676,2395
21,372,sambalpur,Urban,12,5642,2868,2774,247,112,135,5395,2756,2639
21,372,sambalpur,Urban,13,5369,2716,2653,206,98,108,5163,2618,2545
21,372,sambalpur,Urban,14,5388,2725,2663,231,112,119,5157,2613,2544
21,372,sambalpur,Urban,15,5833,2982,2851,294,149,145,5539,2833,2706
21,372,sambalpur,Urban,16,5616,2883,2733,285,115,170,5331,2768,2563
21,372,sambalpur,Urban,17,5512,2804,2708,249,104,145,5263,2700,2563
21,372,sambalpur,Urban,18,7087,3597,3490,480,192,288,6607,3405,3202
21,372,sambalpur,Urban,19,5765,2902,2863,375,136,239,5390,2766,2624
21,372,sambalpur,Urban,20-24,31507,15330,16177,2548,889,1659,28959,14441,14518
21,372,sambalpur,Urban,25-29,29404,14589,14815,3222,1023,2199,26182,13566,12616
21,372,sambalpur,Urban,30-34,25802,13061,12741,3480,1081,2399,22322,11980,10342
21,372,sambalpur,Urban,35-39,24317,12287,12030,4197,1251,2946,20120,11036,9084
21,372,sambalpur,Urban,40-44,21621,11359,10262,4277,1327,2950,17344,10032,7312
21,372,sambalpur,Urban,45-49,18804,9907,8897,4095,1263,2832,14709,8644,6065
21,372,sambalpur,Urban,50-54,15062,8070,6992,3577,1132,2445,11485,6938,4547
21,372,sambalpur,Urban,55-59,10973,5999,4974,2691,760,1931,8282,5239,3043
21,372,sambalpur,Urban,60-64,9454,4962,4492,3208,971,2237,6246,3991,2255
21,372,sambalpur,Urban,65-69,5814,3063,2751,1995,581,1414,3819,2482,1337
21,372,sambalpur,Urban,70-74,4531,2290,2241,1887,576,1311,2644,1714,930
21,372,sambalpur,Urban,75-79,2187,1137,1050,748,205,543,1439,932,507
21,372,sambalpur,Urban,80+,2525,1242,1283,995,286,709,1530,956,574
21,372,sambalpur,Urban,Age not stated,647,353,294,146,66,80,501,287,214
21,373,debagarh,Total,All ages,312520,158230,154290,114701,45581,69120,197819,112649,85170
21,373,debagarh,Total,0-6,39917,20718,19199,39917,20718,19199,0,0,0
21,373,debagarh,Total,7,5967,3092,2875,1856,950,906,4111,2142,1969
21,373,debagarh,Total,8,6025,3124,2901,917,463,454,5108,2661,2447
21,373,debagarh,Total,9,5704,2910,2794,548,275,273,5156,2635,2521
21,373,debagarh,Total,10,6892,3521,3371,696,350,346,6196,3171,3025
21,373,debagarh,Total,11,6437,3343,3094,337,179,158,6100,3164,2936
21,373,debagarh,Total,12,7370,3746,3624,396,185,211,6974,3561,3413
21,373,debagarh,Total,13,7017,3635,3382,279,115,164,6738,3520,3218
21,373,debagarh,Total,14,6621,3278,3343,338,121,217,6283,3157,3126
21,373,debagarh,Total,15,6661,3311,3350,499,188,311,6162,3123,3039
21,373,debagarh,Total,16,5777,2794,2983,447,157,290,5330,2637,2693
21,373,debagarh,Total,17,5216,2566,2650,474,170,304,4742,2396,2346
21,373,debagarh,Total,18,6976,3509,3467,800,289,511,6176,3220,2956
21,373,debagarh,Total,19,5153,2612,2541,545,195,350,4608,2417,2191
21,373,debagarh,Total,20-24,27793,13407,14386,4141,1224,2917,23652,12183,11469
21,373,debagarh,Total,25-29,26536,13055,13481,5567,1679,3888,20969,11376,9593
21,373,debagarh,Total,30-34,23066,11463,11603,6337,1950,4387,16729,9513,7216
21,373,debagarh,Total,35-39,22295,11265,11030,7240,2345,4895,15055,8920,6135
21,373,debagarh,Total,40-44,19509,10109,9400,7484,2508,4976,12025,7601,4424
21,373,debagarh,Total,45-49,16919,8782,8137,7211,2414,4797,9708,6368,3340
21,373,debagarh,Total,50-54,13680,6924,6756,6264,2022,4242,7416,4902,2514
21,373,debagarh,Total,55-59,11512,5872,5640,5300,1515,3785,6212,4357,1855
21,373,debagarh,Total,60-64,11426,5905,5521,6222,1933,4289,5204,3972,1232
21,373,debagarh,Total,65-69,7041,3570,3471,4146,1274,2872,2895,2296,599
21,373,debagarh,Total,70-74,5505,2797,2708,3506,1193,2313,1999,1604,395
21,373,debagarh,Total,75-79,2279,1183,1096,1395,452,943,884,731,153
21,373,debagarh,Total,80+,2546,1389,1157,1590,612,978,956,777,179
21,373,debagarh,Total,Age not stated,680,350,330,249,105,144,431,245,186
21,373,debagarh,Rural,All ages,290130,146666,143464,108830,43130,65700,181300,103536,77764
21,373,debagarh,Rural,0-6,37332,19378,17954,37332,19378,17954,0,0,0
21,373,debagarh,Rural,7,5578,2873,2705,1749,891,858,3829,1982,1847
21,373,debagarh,Rural,8,5546,2869,2677,860,433,427,4686,2436,2250
21,373,debagarh,Rural,9,5342,2732,2610,523,264,259,4819,2468,2351
21,373,debagarh,Rural,10,6376,3263,3113,668,336,332,5708,2927,2781
21,373,debagarh,Rural,11,5940,3080,2860,323,174,149,5617,2906,2711
21,373,debagarh,Rural,12,6903,3494,3409,381,180,201,6522,3314,3208
21,373,debagarh,Rural,13,6594,3404,3190,266,109,157,6328,3295,3033
21,373,debagarh,Rural,14,6178,3047,3131,315,111,204,5863,2936,2927
21,373,debagarh,Rural,15,6258,3115,3143,468,174,294,5790,2941,2849
21,373,debagarh,Rural,16,5398,2607,2791,413,144,269,4985,2463,2522
21,373,debagarh,Rural,17,4862,2376,2486,451,156,295,4411,2220,2191
21,373,debagarh,Rural,18,6526,3297,3229,755,271,484,5771,3026,2745
21,373,debagarh,Rural,19,4768,2413,2355,517,182,335,4251,2231,2020
21,373,debagarh,Rural,20-24,25720,12381,13339,3905,1143,2762,21815,11238,10577
21,373,debagarh,Rural,25-29,24481,12033,12448,5313,1595,3718,19168,10438,8730
21,373,debagarh,Rural,30-34,21286,10571,10715,6079,1859,4220,15207,8712,6495
21,373,debagarh,Rural,35-39,20537,10379,10158,6949,2248,4701,13588,8131,5457
21,373,debagarh,Rural,40-44,17970,9275,8695,7177,2411,4766,10793,6864,3929
21,373,debagarh,Rural,45-49,15576,8052,7524,6932,2311,4621,8644,5741,2903
21,373,debagarh,Rural,50-54,12641,6354,6287,6012,1941,4071,6629,4413,2216
21,373,debagarh,Rural,55-59,10716,5411,5305,5106,1457,3649,5610,3954,1656
21,373,debagarh,Rural,60-64,10763,5559,5204,5968,1859,4109,4795,3700,1095
21,373,debagarh,Rural,65-69,6639,3386,3253,3974,1234,2740,2665,2152,513
21,373,debagarh,Rural,70-74,5110,2614,2496,3318,1142,2176,1792,1472,320
21,373,debagarh,Rural,75-79,2104,1098,1006,1330,441,889,774,657,117
21,373,debagarh,Rural,80+,2342,1278,1064,1503,582,921,839,696,143
21,373,debagarh,Rural,Age not stated,644,327,317,243,104,139,401,223,178
21,373,debagarh,Urban,All ages,22390,11564,10826,5871,2451,3420,16519,9113,7406
21,373,debagarh,Urban,0-6,2585,1340,1245,2585,1340,1245,0,0,0
21,373,debagarh,Urban,7,389,219,170,107,59,48,282,160,122
21,373,debagarh,Urban,8,479,255,224,57,30,27,422,225,197
21,373,debagarh,Urban,9,362,178,184,25,11,14,337,167,170
21,373,debagarh,Urban,10,516,258,258,28,14,14,488,244,244
21,373,debagarh,Urban,11,497,263,234,14,5,9,483,258,225
21,373,debagarh,Urban,12,467,252,215,15,5,10,452,247,205
21,373,debagarh,Urban,13,423,231,192,13,6,7,410,225,185
21,373,debagarh,Urban,14,443,231,212,23,10,13,420,221,199
21,373,debagarh,Urban,15,403,196,207,31,14,17,372,182,190
21,373,debagarh,Urban,16,379,187,192,34,13,21,345,174,171
21,373,debagarh,Urban,17,354,190,164,23,14,9,331,176,155
21,373,debagarh,Urban,18,450,212,238,45,18,27,405,194,211
21,373,debagarh,Urban,19,385,199,186,28,13,15,357,186,171
21,373,debagarh,Urban,20-24,2073,1026,1047,236,81,155,1837,945,892
21,373,debagarh,Urban,25-29,2055,1022,1033,254,84,170,1801,938,863
21,373,debagarh,Urban,30-34,1780,892,888,258,91,167,1522,801,721
21,373,debagarh,Urban,35-39,1758,886,872,291,97,194,1467,789,678
21,373,debagarh,Urban,40-44,1539,834,705,307,97,210,1232,737,495
21,373,debagarh,Urban,45-49,1343,730,613,279,103,176,1064,627,437
21,373,debagarh,Urban,50-54,1039,570,469,252,81,171,787,489,298
21,373,debagarh,Urban,55-59,796,461,335,194,58,136,602,403,199
21,373,debagarh,Urban,60-64,663,346,317,254,74,180,409,272,137
21,373,debagarh,Urban,65-69,402,184,218,172,40,132,230,144,86
21,373,debagarh,Urban,70-74,395,183,212,188,51,137,207,132,75
21,373,debagarh,Urban,75-79,175,85,90,65,11,54,110,74,36
21,373,debagarh,Urban,80+,204,111,93,87,30,57,117,81,36
21,373,debagarh,Urban,Age not stated,36,23,13,6,1,5,30,22,8
21,374,sundargarh,Total,All ages,2093437,1061147,1032290,751115,311000,440115,1342322,750147,592175
21,374,sundargarh,Total,0-6,263160,135204,127956,263160,135204,127956,0,0,0
21,374,sundargarh,Total,7,42260,21297,20963,11651,5801,5850,30609,15496,15113
21,374,sundargarh,Total,8,42630,21642,20988,5915,2983,2932,36715,18659,18056
21,374,sundargarh,Total,9,39436,20078,19358,3493,1688,1805,35943,18390,17553
21,374,sundargarh,Total,10,45372,23162,22210,4253,2099,2154,41119,21063,20056
21,374,sundargarh,Total,11,42326,21292,21034,2577,1221,1356,39749,20071,19678
21,374,sundargarh,Total,12,45149,22830,22319,3228,1489,1739,41921,21341,20580
21,374,sundargarh,Total,13,42769,21173,21596,2741,1227,1514,40028,19946,20082
21,374,sundargarh,Total,14,42901,21459,21442,3006,1274,1732,39895,20185,19710
21,374,sundargarh,Total,15,44055,22089,21966,4008,1804,2204,40047,20285,19762
21,374,sundargarh,Total,16,39925,20011,19914,3754,1549,2205,36171,18462,17709
21,374,sundargarh,Total,17,36223,18579,17644,3688,1513,2175,32535,17066,15469
21,374,sundargarh,Total,18,46432,24026,22406,6122,2385,3737,40310,21641,18669
21,374,sundargarh,Total,19,36481,18461,18020,4469,1597,2872,32012,16864,15148
21,374,sundargarh,Total,20-24,196990,97842,99148,31189,10370,20819,165801,87472,78329
21,374,sundargarh,Total,25-29,182809,91140,91669,37439,12714,24725,145370,78426,66944
21,374,sundargarh,Total,30-34,158628,78433,80195,40684,13264,27420,117944,65169,52775
21,374,sundargarh,Total,35-39,156796,79446,77350,48294,16252,32042,108502,63194,45308
21,374,sundargarh,Total,40-44,137793,71043,66750,50586,17568,33018,87207,53475,33732
21,374,sundargarh,Total,45-49,120021,63463,56558,49182,18242,30940,70839,45221,25618
21,374,sundargarh,Total,50-54,90022,47118,42904,40266,14744,25522,49756,32374,17382
21,374,sundargarh,Total,55-59,70444,36714,33730,32976,11197,21779,37468,25517,11951
21,374,sundargarh,Total,60-64,64229,31502,32727,36153,12502,23651,28076,19000,9076
21,374,sundargarh,Total,65-69,42442,20759,21683,24907,8579,16328,17535,12180,5355
21,374,sundargarh,Total,70-74,30573,15454,15119,19058,6955,12103,11515,8499,3016
21,374,sundargarh,Total,75-79,13114,6433,6681,8000,2716,5284,5114,3717,1397
21,374,sundargarh,Total,80+,13612,7015,6597,8261,3244,5017,5351,3771,1580
21,374,sundargarh,Total,Age not stated,6845,3482,3363,2055,819,1236,4790,2663,2127
21,374,sundargarh,Rural,All ages,1355340,676068,679272,573193,234575,338618,782147,441493,340654
21,374,sundargarh,Rural,0-6,181482,92292,89190,181482,92292,89190,0,0,0
21,374,sundargarh,Rural,7,28938,14456,14482,8853,4400,4453,20085,10056,10029
21,374,sundargarh,Rural,8,29897,14976,14921,4702,2361,2341,25195,12615,12580
21,374,sundargarh,Rural,9,27634,13762,13872,2781,1308,1473,24853,12454,12399
21,374,sundargarh,Rural,10,31052,15664,15388,3270,1604,1666,27782,14060,13722
21,374,sundargarh,Rural,11,29422,14587,14835,1990,927,1063,27432,13660,13772
21,374,sundargarh,Rural,12,31143,15618,15525,2541,1155,1386,28602,14463,14139
21,374,sundargarh,Rural,13,29248,14378,14870,2131,927,1204,27117,13451,13666
21,374,sundargarh,Rural,14,29257,14600,14657,2403,998,1405,26854,13602,13252
21,374,sundargarh,Rural,15,29931,14945,14986,3194,1377,1817,26737,13568,13169
21,374,sundargarh,Rural,16,26150,12951,13199,2989,1192,1797,23161,11759,11402
21,374,sundargarh,Rural,17,23085,11778,11307,2912,1162,1750,20173,10616,9557
21,374,sundargarh,Rural,18,29650,15044,14606,4815,1820,2995,24835,13224,11611
21,374,sundargarh,Rural,19,22439,11037,11402,3517,1214,2303,18922,9823,9099
21,374,sundargarh,Rural,20-24,121788,59020,62768,24588,7952,16636,97200,51068,46132
21,374,sundargarh,Rural,25-29,112206,55757,56449,29414,9887,19527,82792,45870,36922
21,374,sundargarh,Rural,30-34,96366,47383,48983,32322,10420,21902,64044,36963,27081
21,374,sundargarh,Rural,35-39,94933,47592,47341,38663,13037,25626,56270,34555,21715
21,374,sundargarh,Rural,40-44,85221,42579,42642,40990,14370,26620,44231,28209,16022
21,374,sundargarh,Rural,45-49,74912,39054,35858,39709,15121,24588,35203,23933,11270
21,374,sundargarh,Rural,50-54,57080,28829,28251,32512,12148,20364,24568,16681,7887
21,374,sundargarh,Rural,55-59,45857,22662,23195,26990,9457,17533,18867,13205,5662
21,374,sundargarh,Rural,60-64,44779,21652,23127,29817,10662,19155,14962,10990,3972
21,374,sundargarh,Rural,65-69,30056,14462,15594,20718,7405,13313,9338,7057,2281
21,374,sundargarh,Rural,70-74,21349,10406,10943,15541,5845,9696,5808,4561,1247
21,374,sundargarh,Rural,75-79,9045,4225,4820,6569,2309,4260,2476,1916,560
21,374,sundargarh,Rural,80+,9139,4731,4408,6492,2712,3780,2647,2019,628
21,374,sundargarh,Rural,Age not stated,3281,1628,1653,1288,513,775,1993,1115,878
21,374,sundargarh,Urban,All ages,738097,385079,353018,177922,76425,101497,560175,308654,251521
21,374,sundargarh,Urban,0-6,81678,42912,38766,81678,42912,38766,0,0,0
21,374,sundargarh,Urban,7,13322,6841,6481,2798,1401,1397,10524,5440,5084
21,374,sundargarh,Urban,8,12733,6666,6067,1213,622,591,11520,6044,5476
21,374,sundargarh,Urban,9,11802,6316,5486,712,380,332,11090,5936,5154
21,374,sundargarh,Urban,10,14320,7498,6822,983,495,488,13337,7003,6334
21,374,sundargarh,Urban,11,12904,6705,6199,587,294,293,12317,6411,5906
21,374,sundargarh,Urban,12,14006,7212,6794,687,334,353,13319,6878,6441
21,374,sundargarh,Urban,13,13521,6795,6726,610,300,310,12911,6495,6416
21,374,sundargarh,Urban,14,13644,6859,6785,603,276,327,13041,6583,6458
21,374,sundargarh,Urban,15,14124,7144,6980,814,427,387,13310,6717,6593
21,374,sundargarh,Urban,16,13775,7060,6715,765,357,408,13010,6703,6307
21,374,sundargarh,Urban,17,13138,6801,6337,776,351,425,12362,6450,5912
21,374,sundargarh,Urban,18,16782,8982,7800,1307,565,742,15475,8417,7058
21,374,sundargarh,Urban,19,14042,7424,6618,952,383,569,13090,7041,6049
21,374,sundargarh,Urban,20-24,75202,38822,36380,6601,2418,4183,68601,36404,32197
21,374,sundargarh,Urban,25-29,70603,35383,35220,8025,2827,5198,62578,32556,30022
21,374,sundargarh,Urban,30-34,62262,31050,31212,8362,2844,5518,53900,28206,25694
21,374,sundargarh,Urban,35-39,61863,31854,30009,9631,3215,6416,52232,28639,23593
21,374,sundargarh,Urban,40-44,52572,28464,24108,9596,3198,6398,42976,25266,17710
21,374,sundargarh,Urban,45-49,45109,24409,20700,9473,3121,6352,35636,21288,14348
21,374,sundargarh,Urban,50-54,32942,18289,14653,7754,2596,5158,25188,15693,9495
21,374,sundargarh,Urban,55-59,24587,14052,10535,5986,1740,4246,18601,12312,6289
21,374,sundargarh,Urban,60-64,19450,9850,9600,6336,1840,4496,13114,8010,5104
21,374,sundargarh,Urban,65-69,12386,6297,6089,4189,1174,3015,8197,5123,3074
21,374,sundargarh,Urban,70-74,9224,5048,4176,3517,1110,2407,5707,3938,1769
21,374,sundargarh,Urban,75-79,4069,2208,1861,1431,407,1024,2638,1801,837
21,374,sundargarh,Urban,80+,4473,2284,2189,1769,532,1237,2704,1752,952
21,374,sundargarh,Urban,Age not stated,3564,1854,1710,767,306,461,2797,1548,1249
21,375,kendujhar,Total,All ages,1801733,906487,895246,749215,301368,447847,1052518,605119,447399
21,375,kendujhar,Total,0-6,259403,131885,127518,259403,131885,127518,0,0,0
21,375,kendujhar,Total,7,40648,20254,20394,15469,7413,8056,25179,12841,12338
21,375,kendujhar,Total,8,38902,19600,19302,8191,3923,4268,30711,15677,15034
21,375,kendujhar,Total,9,35775,18095,17680,5300,2538,2762,30475,15557,14918
21,375,kendujhar,Total,10,41853,21321,20532,6715,3156,3559,35138,18165,16973
21,375,kendujhar,Total,11,35711,18283,17428,3962,1866,2096,31749,16417,15332
21,375,kendujhar,Total,12,39787,20487,19300,5191,2265,2926,34596,18222,16374
21,375,kendujhar,Total,13,34920,17495,17425,3987,1688,2299,30933,15807,15126
21,375,kendujhar,Total,14,34675,17255,17420,4083,1643,2440,30592,15612,14980
21,375,kendujhar,Total,15,36053,18170,17883,5436,2233,3203,30617,15937,14680
21,375,kendujhar,Total,16,32700,16236,16464,5014,1953,3061,27686,14283,13403
21,375,kendujhar,Total,17,27962,13825,14137,4108,1439,2669,23854,12386,11468
21,375,kendujhar,Total,18,37534,18766,18768,7242,2504,4738,30292,16262,14030
21,375,kendujhar,Total,19,28005,13657,14348,5008,1520,3488,22997,12137,10860
21,375,kendujhar,Total,20-24,161187,77061,84126,34834,10375,24459,126353,66686,59667
21,375,kendujhar,Total,25-29,153775,76406,77369,39296,12639,26657,114479,63767,50712
21,375,kendujhar,Total,30-34,132107,66521,65586,38921,12815,26106,93186,53706,39480
21,375,kendujhar,Total,35-39,127006,64181,62825,44329,14375,29954,82677,49806,32871
21,375,kendujhar,Total,40-44,113969,58366,55603,47131,15814,31317,66838,42552,24286
21,375,kendujhar,Total,45-49,99826,52321,47505,45748,16276,29472,54078,36045,18033
21,375,kendujhar,Total,50-54,77714,40348,37366,37798,13232,24566,39916,27116,12800
21,375,kendujhar,Total,55-59,61065,30827,30238,30844,9548,21296,30221,21279,8942
21,375,kendujhar,Total,60-64,58644,29340,29304,34463,11314,23149,24181,18026,6155
21,375,kendujhar,Total,65-69,35730,18019,17711,21327,7001,14326,14403,11018,3385
21,375,kendujhar,Total,70-74,26247,12612,13635,17076,5501,11575,9171,7111,2060
21,375,kendujhar,Total,75-79,11396,5486,5910,7261,2253,5008,4135,3233,902
21,375,kendujhar,Total,80+,11955,6049,5906,7726,2682,5044,4229,3367,862
21,375,kendujhar,Total,Age not stated,7184,3621,3563,3352,1517,1835,3832,2104,1728
21,375,kendujhar,Rural,All ages,1548674,774667,774007,667985,267351,400634,880689,507316,373373
21,375,kendujhar,Rural,0-6,224941,114111,110830,224941,114111,110830,0,0,0
21,375,kendujhar,Rural,7,35557,17646,17911,13829,6644,7185,21728,11002,10726
21,375,kendujhar,Rural,8,34144,17164,16980,7267,3490,3777,26877,13674,13203
21,375,kendujhar,Rural,9,31395,15779,15616,4671,2225,2446,26724,13554,13170
21,375,kendujhar,Rural,10,36286,18431,17855,5746,2716,3030,30540,15715,14825
21,375,kendujhar,Rural,11,31016,15835,15181,3443,1610,1833,27573,14225,13348
21,375,kendujhar,Rural,12,34539,17782,16757,4557,1971,2586,29982,15811,14171
21,375,kendujhar,Rural,13,30102,15009,15093,3493,1465,2028,26609,13544,13065
21,375,kendujhar,Rural,14,30004,14883,15121,3619,1451,2168,26385,13432,12953
21,375,kendujhar,Rural,15,31159,15703,15456,4828,1960,2868,26331,13743,12588
21,375,kendujhar,Rural,16,28088,13919,14169,4429,1716,2713,23659,12203,11456
21,375,kendujhar,Rural,17,24012,11855,12157,3696,1278,2418,20316,10577,9739
21,375,kendujhar,Rural,18,32245,16004,16241,6500,2202,4298,25745,13802,11943
21,375,kendujhar,Rural,19,23729,11463,12266,4449,1325,3124,19280,10138,9142
21,375,kendujhar,Rural,20-24,136860,65017,71843,30791,9068,21723,106069,55949,50120
21,375,kendujhar,Rural,25-29,129389,63973,65416,34603,11020,23583,94786,52953,41833
21,375,kendujhar,Rural,30-34,110858,55355,55503,34786,11332,23454,76072,44023,32049
21,375,kendujhar,Rural,35-39,107090,53798,53292,40106,12989,27117,66984,40809,26175
21,375,kendujhar,Rural,40-44,96958,49172,47786,43016,14471,28545,53942,34701,19241
21,375,kendujhar,Rural,45-49,85279,44194,41085,41864,14935,26929,43415,29259,14156
21,375,kendujhar,Rural,50-54,67023,34463,32560,34623,12271,22352,32400,22192,10208
21,375,kendujhar,Rural,55-59,53298,26461,26837,28572,8918,19654,24726,17543,7183
21,375,kendujhar,Rural,60-64,52558,26212,26346,31965,10591,21374,20593,15621,4972
21,375,kendujhar,Rural,65-69,32000,16099,15901,19813,6592,13221,12187,9507,2680
21,375,kendujhar,Rural,70-74,23406,11163,12243,15733,5109,10624,7673,6054,1619
21,375,kendujhar,Rural,75-79,10122,4842,5280,6699,2110,4589,3423,2732,691
21,375,kendujhar,Rural,80+,10519,5307,5212,7059,2489,4570,3460,2818,642
21,375,kendujhar,Rural,Age not stated,6097,3027,3070,2887,1292,1595,3210,1735,1475
21,375,kendujhar,Urban,All ages,253059,131820,121239,81230,34017,47213,171829,97803,74026
21,375,kendujhar,Urban,0-6,34462,17774,16688,34462,17774,16688,0,0,0
21,375,kendujhar,Urban,7,5091,2608,2483,1640,769,871,3451,1839,1612
21,375,kendujhar,Urban,8,4758,2436,2322,924,433,491,3834,2003,1831
21,375,kendujhar,Urban,9,4380,2316,2064,629,313,316,3751,2003,1748
21,375,kendujhar,Urban,10,5567,2890,2677,969,440,529,4598,2450,2148
21,375,kendujhar,Urban,11,4695,2448,2247,519,256,263,4176,2192,1984
21,375,kendujhar,Urban,12,5248,2705,2543,634,294,340,4614,2411,2203
21,375,kendujhar,Urban,13,4818,2486,2332,494,223,271,4324,2263,2061
21,375,kendujhar,Urban,14,4671,2372,2299,464,192,272,4207,2180,2027
21,375,kendujhar,Urban,15,4894,2467,2427,608,273,335,4286,2194,2092
21,375,kendujhar,Urban,16,4612,2317,2295,585,237,348,4027,2080,1947
21,375,kendujhar,Urban,17,3950,1970,1980,412,161,251,3538,1809,1729
21,375,kendujhar,Urban,18,5289,2762,2527,742,302,440,4547,2460,2087
21,375,kendujhar,Urban,19,4276,2194,2082,559,195,364,3717,1999,1718
21,375,kendujhar,Urban,20-24,24327,12044,12283,4043,1307,2736,20284,10737,9547
21,375,kendujhar,Urban,25-29,24386,12433,11953,4693,1619,3074,19693,10814,8879
21,375,kendujhar,Urban,30-34,21249,11166,10083,4135,1483,2652,17114,9683,7431
21,375,kendujhar,Urban,35-39,19916,10383,9533,4223,1386,2837,15693,8997,6696
21,375,kendujhar,Urban,40-44,17011,9194,7817,4115,1343,2772,12896,7851,5045
21,375,kendujhar,Urban,45-49,14547,8127,6420,3884,1341,2543,10663,6786,3877
21,375,kendujhar,Urban,50-54,10691,5885,4806,3175,961,2214,7516,4924,2592
21,375,kendujhar,Urban,55-59,7767,4366,3401,2272,630,1642,5495,3736,1759
21,375,kendujhar,Urban,60-64,6086,3128,2958,2498,723,1775,3588,2405,1183
21,375,kendujhar,Urban,65-69,3730,1920,1810,1514,409,1105,2216,1511,705
21,375,kendujhar,Urban,70-74,2841,1449,1392,1343,392,951,1498,1057,441
21,375,kendujhar,Urban,75-79,1274,644,630,562,143,419,712,501,211
21,375,kendujhar,Urban,80+,1436,742,694,667,193,474,769,549,220
21,375,kendujhar,Urban,Age not stated,1087,594,493,465,225,240,622,369,253
21,376,mayurbhanj,Total,All ages,2519738,1256213,1263525,1150341,462042,688299,1369397,794171,575226
21,376,mayurbhanj,Total,0-6,351834,179536,172298,351834,179536,172298,0,0,0
21,376,mayurbhanj,Total,7,56201,28517,27684,21425,10511,10914,34776,18006,16770
21,376,mayurbhanj,Total,8,60005,30706,29299,13640,6649,6991,46365,24057,22308
21,376,mayurbhanj,Total,9,52801,26768,26033,7795,3681,4114,45006,23087,21919
21,376,mayurbhanj,Total,10,61989,31865,30124,9439,4478,4961,52550,27387,25163
21,376,mayurbhanj,Total,11,54737,27715,27022,5767,2498,3269,48970,25217,23753
21,376,mayurbhanj,Total,12,62842,31813,31029,8029,3502,4527,54813,28311,26502
21,376,mayurbhanj,Total,13,54248,26738,27510,6077,2444,3633,48171,24294,23877
21,376,mayurbhanj,Total,14,52542,26290,26252,6514,2505,4009,46028,23785,22243
21,376,mayurbhanj,Total,15,53839,27359,26480,8767,3440,5327,45072,23919,21153
21,376,mayurbhanj,Total,16,45259,23204,22055,8059,3028,5031,37200,20176,17024
21,376,mayurbhanj,Total,17,38164,20061,18103,6585,2410,4175,31579,17651,13928
21,376,mayurbhanj,Total,18,53973,27597,26376,12451,4252,8199,41522,23345,18177
21,376,mayurbhanj,Total,19,38591,18744,19847,8426,2520,5906,30165,16224,13941
21,376,mayurbhanj,Total,20-24,212210,102128,110082,55147,16794,38353,157063,85334,71729
21,376,mayurbhanj,Total,25-29,200494,98063,102431,61386,19916,41470,139108,78147,60961
21,376,mayurbhanj,Total,30-34,171826,83652,88174,61180,19708,41472,110646,63944,46702
21,376,mayurbhanj,Total,35-39,174957,84987,89970,73756,23381,50375,101201,61606,39595
21,376,mayurbhanj,Total,40-44,160485,80167,80318,79249,27253,51996,81236,52914,28322
21,376,mayurbhanj,Total,45-49,142867,72850,70017,78510,29092,49418,64357,43758,20599
21,376,mayurbhanj,Total,50-54,112812,57411,55401,66076,24770,41306,46736,32641,14095
21,376,mayurbhanj,Total,55-59,88348,43972,44376,52682,18338,34344,35666,25634,10032
21,376,mayurbhanj,Total,60-64,84912,41832,43080,56387,20153,36234,28525,21679,6846
21,376,mayurbhanj,Total,65-69,53895,26394,27501,36457,12530,23927,17438,13864,3574
21,376,mayurbhanj,Total,70-74,39165,18352,20813,28162,9571,18591,11003,8781,2222
21,376,mayurbhanj,Total,75-79,17282,8028,9254,12053,3898,8155,5229,4130,1099
21,376,mayurbhanj,Total,80+,17662,8579,9083,12262,4366,7896,5400,4213,1187
21,376,mayurbhanj,Total,Age not stated,5798,2885,2913,2226,818,1408,3572,2067,1505
21,376,mayurbhanj,Rural,All ages,2326842,1157576,1169266,1106414,443663,662751,1220428,713913,506515
21,376,mayurbhanj,Rural,0-6,332377,169322,163055,332377,169322,163055,0,0,0
21,376,mayurbhanj,Rural,7,53117,26905,26212,20826,10206,10620,32291,16699,15592
21,376,mayurbhanj,Rural,8,56777,29014,27763,13334,6502,6832,43443,22512,20931
21,376,mayurbhanj,Rural,9,49728,25231,24497,7603,3583,4020,42125,21648,20477
21,376,mayurbhanj,Rural,10,58422,30036,28386,9239,4377,4862,49183,25659,23524
21,376,mayurbhanj,Rural,11,51247,25974,25273,5614,2425,3189,45633,23549,22084
21,376,mayurbhanj,Rural,12,58968,29884,29084,7840,3410,4430,51128,26474,24654
21,376,mayurbhanj,Rural,13,50340,24868,25472,5928,2369,3559,44412,22499,21913
21,376,mayurbhanj,Rural,14,48694,24432,24262,6333,2434,3899,42361,21998,20363
21,376,mayurbhanj,Rural,15,49829,25419,24410,8565,3335,5230,41264,22084,19180
21,376,mayurbhanj,Rural,16,41389,21229,20160,7856,2942,4914,33533,18287,15246
21,376,mayurbhanj,Rural,17,34243,17957,16286,6391,2324,4067,27852,15633,12219
21,376,mayurbhanj,Rural,18,49140,24899,24241,12146,4117,8029,36994,20782,16212
21,376,mayurbhanj,Rural,19,34710,16695,18015,8192,2419,5773,26518,14276,12242
21,376,mayurbhanj,Rural,20-24,194052,93078,100974,53654,16274,37380,140398,76804,63594
21,376,mayurbhanj,Rural,25-29,183935,89992,93943,59711,19306,40405,124224,70686,53538
21,376,mayurbhanj,Rural,30-34,156772,76170,80602,59437,19103,40334,97335,57067,40268
21,376,mayurbhanj,Rural,35-39,159726,77600,82126,71595,22705,48890,88131,54895,33236
21,376,mayurbhanj,Rural,40-44,146371,72953,73418,76790,26442,50348,69581,46511,23070
21,376,mayurbhanj,Rural,45-49,130264,66180,64084,76008,28283,47725,54256,37897,16359
21,376,mayurbhanj,Rural,50-54,102867,51936,50931,63895,24067,39828,38972,27869,11103
21,376,mayurbhanj,Rural,55-59,80925,39916,41009,50987,17856,33131,29938,22060,7878
21,376,mayurbhanj,Rural,60-64,79007,38723,40284,54461,19579,34882,24546,19144,5402
21,376,mayurbhanj,Rural,65-69,50139,24369,25770,35230,12213,23017,14909,12156,2753
21,376,mayurbhanj,Rural,70-74,36330,16959,19371,27054,9295,17759,9276,7664,1612
21,376,mayurbhanj,Rural,75-79,15875,7298,8577,11550,3768,7782,4325,3530,795
21,376,mayurbhanj,Rural,80+,16100,7821,8279,11626,4210,7416,4474,3611,863
21,376,mayurbhanj,Rural,Age not stated,5498,2716,2782,2172,797,1375,3326,1919,1407
21,376,mayurbhanj,Urban,All ages,192896,98637,94259,43927,18379,25548,148969,80258,68711
21,376,mayurbhanj,Urban,0-6,19457,10214,9243,19457,10214,9243,0,0,0
21,376,mayurbhanj,Urban,7,3084,1612,1472,599,305,294,2485,1307,1178
21,376,mayurbhanj,Urban,8,3228,1692,1536,306,147,159,2922,1545,1377
21,376,mayurbhanj,Urban,9,3073,1537,1536,192,98,94,2881,1439,1442
21,376,mayurbhanj,Urban,10,3567,1829,1738,200,101,99,3367,1728,1639
21,376,mayurbhanj,Urban,11,3490,1741,1749,153,73,80,3337,1668,1669
21,376,mayurbhanj,Urban,12,3874,1929,1945,189,92,97,3685,1837,1848
21,376,mayurbhanj,Urban,13,3908,1870,2038,149,75,74,3759,1795,1964
21,376,mayurbhanj,Urban,14,3848,1858,1990,181,71,110,3667,1787,1880
21,376,mayurbhanj,Urban,15,4010,1940,2070,202,105,97,3808,1835,1973
21,376,mayurbhanj,Urban,16,3870,1975,1895,203,86,117,3667,1889,1778
21,376,mayurbhanj,Urban,17,3921,2104,1817,194,86,108,3727,2018,1709
21,376,mayurbhanj,Urban,18,4833,2698,2135,305,135,170,4528,2563,1965
21,376,mayurbhanj,Urban,19,3881,2049,1832,234,101,133,3647,1948,1699
21,376,mayurbhanj,Urban,20-24,18158,9050,9108,1493,520,973,16665,8530,8135
21,376,mayurbhanj,Urban,25-29,16559,8071,8488,1675,610,1065,14884,7461,7423
21,376,mayurbhanj,Urban,30-34,15054,7482,7572,1743,605,1138,13311,6877,6434
21,376,mayurbhanj,Urban,35-39,15231,7387,7844,2161,676,1485,13070,6711,6359
21,376,mayurbhanj,Urban,40-44,14114,7214,6900,2459,811,1648,11655,6403,5252
21,376,mayurbhanj,Urban,45-49,12603,6670,5933,2502,809,1693,10101,5861,4240
21,376,mayurbhanj,Urban,50-54,9945,5475,4470,2181,703,1478,7764,4772,2992
21,376,mayurbhanj,Urban,55-59,7423,4056,3367,1695,482,1213,5728,3574,2154
21,376,mayurbhanj,Urban,60-64,5905,3109,2796,1926,574,1352,3979,2535,1444
21,376,mayurbhanj,Urban,65-69,3756,2025,1731,1227,317,910,2529,1708,821
21,376,mayurbhanj,Urban,70-74,2835,1393,1442,1108,276,832,1727,1117,610
21,376,mayurbhanj,Urban,75-79,1407,730,677,503,130,373,904,600,304
21,376,mayurbhanj,Urban,80+,1562,758,804,636,156,480,926,602,324
21,376,mayurbhanj,Urban,Age not stated,300,169,131,54,21,33,246,148,98
21,377,baleshwar,Total,All ages,2320529,1185787,1134742,699297,283428,415869,1621232,902359,718873
21,377,baleshwar,Total,0-6,288672,148565,140107,288672,148565,140107,0,0,0
21,377,baleshwar,Total,7,46124,23345,22779,10451,5228,5223,35673,18117,17556
21,377,baleshwar,Total,8,48235,24673,23562,5737,2814,2923,42498,21859,20639
21,377,baleshwar,Total,9,42319,21485,20834,3096,1426,1670,39223,20059,19164
21,377,baleshwar,Total,10,50728,26292,24436,4142,1960,2182,46586,24332,22254
21,377,baleshwar,Total,11,46145,23761,22384,2357,1061,1296,43788,22700,21088
21,377,baleshwar,Total,12,51421,26350,25071,3142,1412,1730,48279,24938,23341
21,377,baleshwar,Total,13,48059,24072,23987,2488,1045,1443,45571,23027,22544
21,377,baleshwar,Total,14,47087,23536,23551,2773,1129,1644,44314,22407,21907
21,377,baleshwar,Total,15,48206,24222,23984,3660,1479,2181,44546,22743,21803
21,377,baleshwar,Total,16,42739,21747,20992,3420,1310,2110,39319,20437,18882
21,377,baleshwar,Total,17,37632,19305,18327,2891,1095,1796,34741,18210,16531
21,377,baleshwar,Total,18,48346,25183,23163,4974,1789,3185,43372,23394,19978
21,377,baleshwar,Total,19,37791,19178,18613,3439,1161,2278,34352,18017,16335
21,377,baleshwar,Total,20-24,209861,105710,104151,24053,7843,16210,185808,97867,87941
21,377,baleshwar,Total,25-29,210463,104886,105577,29139,9375,19764,181324,95511,85813
21,377,baleshwar,Total,30-34,178885,90986,87899,29847,9684,20163,149038,81302,67736
21,377,baleshwar,Total,35-39,170873,87203,83670,36600,11623,24977,134273,75580,58693
21,377,baleshwar,Total,40-44,145554,76152,69402,38149,12521,25628,107405,63631,43774
21,377,baleshwar,Total,45-49,127263,66773,60490,38320,12800,25520,88943,53973,34970
21,377,baleshwar,Total,50-54,100352,52800,47552,32064,10463,21601,68288,42337,25951
21,377,baleshwar,Total,55-59,77071,39371,37700,26619,7567,19052,50452,31804,18648
21,377,baleshwar,Total,60-64,73505,37263,36242,31232,8945,22287,42273,28318,13955
21,377,baleshwar,Total,65-69,52635,27044,25591,24249,6763,17486,28386,20281,8105
21,377,baleshwar,Total,70-74,41805,20971,20834,22054,6389,15665,19751,14582,5169
21,377,baleshwar,Total,75-79,21662,11137,10525,11496,3438,8058,10166,7699,2467
21,377,baleshwar,Total,80+,23581,12022,11559,13172,4144,9028,10409,7878,2531
21,377,baleshwar,Total,Age not stated,3515,1755,1760,1061,399,662,2454,1356,1098
21,377,baleshwar,Rural,All ages,2067236,1056466,1010770,636895,256584,380311,1430341,799882,630459
21,377,baleshwar,Rural,0-6,260819,134260,126559,260819,134260,126559,0,0,0
21,377,baleshwar,Rural,7,41633,21075,20558,9559,4792,4767,32074,16283,15791
21,377,baleshwar,Rural,8,43736,22276,21460,5232,2566,2666,38504,19710,18794
21,377,baleshwar,Rural,9,38208,19380,18828,2780,1268,1512,35428,18112,17316
21,377,baleshwar,Rural,10,45876,23725,22151,3723,1767,1956,42153,21958,20195
21,377,baleshwar,Rural,11,41654,21426,20228,2121,944,1177,39533,20482,19051
21,377,baleshwar,Rural,12,46315,23673,22642,2792,1228,1564,43523,22445,21078
21,377,baleshwar,Rural,13,43378,21716,21662,2224,924,1300,41154,20792,20362
21,377,baleshwar,Rural,14,42330,21168,21162,2472,1001,1471,39858,20167,19691
21,377,baleshwar,Rural,15,43245,21686,21559,3292,1313,1979,39953,20373,19580
21,377,baleshwar,Rural,16,38181,19416,18765,3080,1161,1919,35101,18255,16846
21,377,baleshwar,Rural,17,33330,17158,16172,2582,960,1622,30748,16198,14550
21,377,baleshwar,Rural,18,42994,22389,20605,4503,1602,2901,38491,20787,17704
21,377,baleshwar,Rural,19,33390,16945,16445,3086,1012,2074,30304,15933,14371
21,377,baleshwar,Rural,20-24,185849,93842,92007,21718,6966,14752,164131,86876,77255
21,377,baleshwar,Rural,25-29,187223,93628,93595,26434,8353,18081,160789,85275,75514
21,377,baleshwar,Rural,30-34,158039,80673,77366,27257,8704,18553,130782,71969,58813
21,377,baleshwar,Rural,35-39,150514,77029,73485,33539,10574,22965,116975,66455,50520
21,377,baleshwar,Rural,40-44,127768,66856,60912,34889,11368,23521,92879,55488,37391
21,377,baleshwar,Rural,45-49,111582,58392,53190,35162,11660,23502,76420,46732,29688
21,377,baleshwar,Rural,50-54,88055,46178,41877,29430,9545,19885,58625,36633,21992
21,377,baleshwar,Rural,55-59,67884,34359,33525,24555,6899,17656,43329,27460,15869
21,377,baleshwar,Rural,60-64,65951,33274,32677,28913,8177,20736,37038,25097,11941
21,377,baleshwar,Rural,65-69,47870,24527,23343,22710,6290,16420,25160,18237,6923
21,377,baleshwar,Rural,70-74,37802,19011,18791,20410,5924,14486,17392,13087,4305
21,377,baleshwar,Rural,75-79,19467,10022,9445,10628,3162,7466,8839,6860,1979
21,377,baleshwar,Rural,80+,21039,10829,10210,12012,3801,8211,9027,7028,1999
21,377,baleshwar,Rural,Age not stated,3104,1553,1551,973,363,610,2131,1190,941
21,377,baleshwar,Urban,All ages,253293,129321,123972,62402,26844,35558,190891,102477,88414
21,377,baleshwar,Urban,0-6,27853,14305,13548,27853,14305,13548,0,0,0
21,377,baleshwar,Urban,7,4491,2270,2221,892,436,456,3599,1834,1765
21,377,baleshwar,Urban,8,4499,2397,2102,505,248,257,3994,2149,1845
21,377,baleshwar,Urban,9,4111,2105,2006,316,158,158,3795,1947,1848
21,377,baleshwar,Urban,10,4852,2567,2285,419,193,226,4433,2374,2059
21,377,baleshwar,Urban,11,4491,2335,2156,236,117,119,4255,2218,2037
21,377,baleshwar,Urban,12,5106,2677,2429,350,184,166,4756,2493,2263
21,377,baleshwar,Urban,13,4681,2356,2325,264,121,143,4417,2235,2182
21,377,baleshwar,Urban,14,4757,2368,2389,301,128,173,4456,2240,2216
21,377,baleshwar,Urban,15,4961,2536,2425,368,166,202,4593,2370,2223
21,377,baleshwar,Urban,16,4558,2331,2227,340,149,191,4218,2182,2036
21,377,baleshwar,Urban,17,4302,2147,2155,309,135,174,3993,2012,1981
21,377,baleshwar,Urban,18,5352,2794,2558,471,187,284,4881,2607,2274
21,377,baleshwar,Urban,19,4401,2233,2168,353,149,204,4048,2084,1964
21,377,baleshwar,Urban,20-24,24012,11868,12144,2335,877,1458,21677,10991,10686
21,377,baleshwar,Urban,25-29,23240,11258,11982,2705,1022,1683,20535,10236,10299
21,377,baleshwar,Urban,30-34,20846,10313,10533,2590,980,1610,18256,9333,8923
21,377,baleshwar,Urban,35-39,20359,10174,10185,3061,1049,2012,17298,9125,8173
21,377,baleshwar,Urban,40-44,17786,9296,8490,3260,1153,2107,14526,8143,6383
21,377,baleshwar,Urban,45-49,15681,8381,7300,3158,1140,2018,12523,7241,5282
21,377,baleshwar,Urban,50-54,12297,6622,5675,2634,918,1716,9663,5704,3959
21,377,baleshwar,Urban,55-59,9187,5012,4175,2064,668,1396,7123,4344,2779
21,377,baleshwar,Urban,60-64,7554,3989,3565,2319,768,1551,5235,3221,2014
21,377,baleshwar,Urban,65-69,4765,2517,2248,1539,473,1066,3226,2044,1182
21,377,baleshwar,Urban,70-74,4003,1960,2043,1644,465,1179,2359,1495,864
21,377,baleshwar,Urban,75-79,2195,1115,1080,868,276,592,1327,839,488
21,377,baleshwar,Urban,80+,2542,1193,1349,1160,343,817,1382,850,532
21,377,baleshwar,Urban,Age not stated,411,202,209,88,36,52,323,166,157
21,378,bhadrak,Total,All ages,1506337,760260,746077,412197,163991,248206,1094140,596269,497871
21,378,bhadrak,Total,0-6,184560,95048,89512,184560,95048,89512,0,0,0
21,378,bhadrak,Total,7,28347,14271,14076,5848,2894,2954,22499,11377,11122
21,378,bhadrak,Total,8,28007,14369,13638,2564,1275,1289,25443,13094,12349
21,378,bhadrak,Total,9,26943,13910,13033,1782,879,903,25161,13031,12130
21,378,bhadrak,Total,10,32862,16896,15966,2468,1196,1272,30394,15700,14694
21,378,bhadrak,Total,11,31665,16270,15395,1419,684,735,30246,15586,14660
21,378,bhadrak,Total,12,34175,17399,16776,1246,575,671,32929,16824,16105
21,378,bhadrak,Total,13,31685,15783,15902,1062,451,611,30623,15332,15291
21,378,bhadrak,Total,14,32067,15810,16257,1237,536,701,30830,15274,15556
21,378,bhadrak,Total,15,32175,15982,16193,1614,670,944,30561,15312,15249
21,378,bhadrak,Total,16,29809,14727,15082,1705,640,1065,28104,14087,14017
21,378,bhadrak,Total,17,26499,13105,13394,1582,581,1001,24917,12524,12393
21,378,bhadrak,Total,18,32569,16252,16317,2361,863,1498,30208,15389,14819
21,378,bhadrak,Total,19,26457,13151,13306,1909,624,1285,24548,12527,12021
21,378,bhadrak,Total,20-24,140434,69202,71232,12074,3938,8136,128360,65264,63096
21,378,bhadrak,Total,25-29,130406,64008,66398,14441,4407,10034,115965,59601,56364
21,378,bhadrak,Total,30-34,111249,55418,55831,15452,4514,10938,95797,50904,44893
21,378,bhadrak,Total,35-39,106288,52997,53291,20152,5715,14437,86136,47282,38854
21,378,bhadrak,Total,40-44,93693,48032,45661,21433,6427,15006,72260,41605,30655
21,378,bhadrak,Total,45-49,82399,42142,40257,21651,6578,15073,60748,35564,25184
21,378,bhadrak,Total,50-54,67111,35380,31731,17780,5182,12598,49331,30198,19133
21,378,bhadrak,Total,55-59,50226,25525,24701,14491,3457,11034,35735,22068,13667
21,378,bhadrak,Total,60-64,45959,23542,22417,16575,4059,12516,29384,19483,9901
21,378,bhadrak,Total,65-69,33684,16983,16701,13792,3378,10414,19892,13605,6287
21,378,bhadrak,Total,70-74,31040,15502,15538,15264,4087,11177,15776,11415,4361
21,378,bhadrak,Total,75-79,15626,8092,7534,7781,2203,5578,7845,5889,1956
21,378,bhadrak,Total,80+,16840,8704,8136,8854,2667,6187,7986,6037,1949
21,378,bhadrak,Total,Age not stated,3562,1760,1802,1100,463,637,2462,1297,1165
21,378,bhadrak,Rural,All ages,1320499,665255,655244,355786,139536,216250,964713,525719,438994
21,378,bhadrak,Rural,0-6,161574,83188,78386,161574,83188,78386,0,0,0
21,378,bhadrak,Rural,7,24718,12420,12298,5114,2535,2579,19604,9885,9719
21,378,bhadrak,Rural,8,24450,12536,11914,2144,1065,1079,22306,11471,10835
21,378,bhadrak,Rural,9,23612,12169,11443,1468,725,743,22144,11444,10700
21,378,bhadrak,Rural,10,28876,14805,14071,2037,969,1068,26839,13836,13003
21,378,bhadrak,Rural,11,27971,14368,13603,1101,506,595,26870,13862,13008
21,378,bhadrak,Rural,12,30176,15363,14813,901,392,509,29275,14971,14304
21,378,bhadrak,Rural,13,27852,13879,13973,767,307,460,27085,13572,13513
21,378,bhadrak,Rural,14,28245,13895,14350,926,379,547,27319,13516,13803
21,378,bhadrak,Rural,15,28114,13942,14172,1161,457,704,26953,13485,13468
21,378,bhadrak,Rural,16,25927,12768,13159,1230,416,814,24697,12352,12345
21,378,bhadrak,Rural,17,22865,11271,11594,1190,424,766,21675,10847,10828
21,378,bhadrak,Rural,18,28215,14051,14164,1735,586,1149,26480,13465,13015
21,378,bhadrak,Rural,19,23021,11438,11583,1424,426,998,21597,11012,10585
21,378,bhadrak,Rural,20-24,122217,60120,62097,9373,2857,6516,112844,57263,55581
21,378,bhadrak,Rural,25-29,114050,55839,58211,11618,3307,8311,102432,52532,49900
21,378,bhadrak,Rural,30-34,97076,48228,48848,12728,3479,9249,84348,44749,39599
21,378,bhadrak,Rural,35-39,92787,46123,46664,17017,4584,12433,75770,41539,34231
21,378,bhadrak,Rural,40-44,81865,41980,39885,18379,5329,13050,63486,36651,26835
21,378,bhadrak,Rural,45-49,72236,36730,35506,18845,5510,13335,53391,31220,22171
21,378,bhadrak,Rural,50-54,58978,31009,27969,15532,4390,11142,43446,26619,16827
21,378,bhadrak,Rural,55-59,44428,22433,21995,12777,2924,9853,31651,19509,12142
21,378,bhadrak,Rural,60-64,40887,20935,19952,14624,3483,11141,26263,17452,8811
21,378,bhadrak,Rural,65-69,30213,15197,15016,12365,2925,9440,17848,12272,5576
21,378,bhadrak,Rural,70-74,27967,13928,14039,13786,3616,10170,14181,10312,3869
21,378,bhadrak,Rural,75-79,14131,7333,6798,7080,1989,5091,7051,5344,1707
21,378,bhadrak,Rural,80+,15018,7801,7217,7940,2366,5574,7078,5435,1643
21,378,bhadrak,Rural,Age not stated,3030,1506,1524,950,402,548,2080,1104,976
21,378,bhadrak,Urban,All ages,185838,95005,90833,56411,24455,31956,129427,70550,58877
21,378,bhadrak,Urban,0-6,22986,11860,11126,22986,11860,11126,0,0,0
21,378,bhadrak,Urban,7,3629,1851,1778,734,359,375,2895,1492,1403
21,378,bhadrak,Urban,8,3557,1833,1724,420,210,210,3137,1623,1514
21,378,bhadrak,Urban,9,3331,1741,1590,314,154,160,3017,1587,1430
21,378,bhadrak,Urban,10,3986,2091,1895,431,227,204,3555,1864,1691
21,378,bhadrak,Urban,11,3694,1902,1792,318,178,140,3376,1724,1652
21,378,bhadrak,Urban,12,3999,2036,1963,345,183,162,3654,1853,1801
21,378,bhadrak,Urban,13,3833,1904,1929,295,144,151,3538,1760,1778
21,378,bhadrak,Urban,14,3822,1915,1907,311,157,154,3511,1758,1753
21,378,bhadrak,Urban,15,4061,2040,2021,453,213,240,3608,1827,1781
21,378,bhadrak,Urban,16,3882,1959,1923,475,224,251,3407,1735,1672
21,378,bhadrak,Urban,17,3634,1834,1800,392,157,235,3242,1677,1565
21,378,bhadrak,Urban,18,4354,2201,2153,626,277,349,3728,1924,1804
21,378,bhadrak,Urban,19,3436,1713,1723,485,198,287,2951,1515,1436
21,378,bhadrak,Urban,20-24,18217,9082,9135,2701,1081,1620,15516,8001,7515
21,378,bhadrak,Urban,25-29,16356,8169,8187,2823,1100,1723,13533,7069,6464
21,378,bhadrak,Urban,30-34,14173,7190,6983,2724,1035,1689,11449,6155,5294
21,378,bhadrak,Urban,35-39,13501,6874,6627,3135,1131,2004,10366,5743,4623
21,378,bhadrak,Urban,40-44,11828,6052,5776,3054,1098,1956,8774,4954,3820
21,378,bhadrak,Urban,45-49,10163,5412,4751,2806,1068,1738,7357,4344,3013
21,378,bhadrak,Urban,50-54,8133,4371,3762,2248,792,1456,5885,3579,2306
21,378,bhadrak,Urban,55-59,5798,3092,2706,1714,533,1181,4084,2559,1525
21,378,bhadrak,Urban,60-64,5072,2607,2465,1951,576,1375,3121,2031,1090
21,378,bhadrak,Urban,65-69,3471,1786,1685,1427,453,974,2044,1333,711
21,378,bhadrak,Urban,70-74,3073,1574,1499,1478,471,1007,1595,1103,492
21,378,bhadrak,Urban,75-79,1495,759,736,701,214,487,794,545,249
21,378,bhadrak,Urban,80+,1822,903,919,914,301,613,908,602,306
21,378,bhadrak,Urban,Age not stated,532,254,278,150,61,89,382,193,189
21,379,kendrapara,Total,All ages,1440361,717814,722547,351096,137844,213252,1089265,579970,509295
21,379,kendrapara,Total,0-6,161159,83654,77505,161159,83654,77505,0,0,0
21,379,kendrapara,Total,7,25399,12831,12568,4232,2074,2158,21167,10757,10410
21,379,kendrapara,Total,8,25864,13278,12586,1745,869,876,24119,12409,11710
21,379,kendrapara,Total,9,23460,12194,11266,873,448,425,22587,11746,10841
21,379,kendrapara,Total,10,28417,14647,13770,1063,522,541,27354,14125,13229
21,379,kendrapara,Total,11,28532,14570,13962,648,344,304,27884,14226,13658
21,379,kendrapara,Total,12,29835,15387,14448,677,335,342,29158,15052,14106
21,379,kendrapara,Total,13,29491,14708,14783,632,301,331,28859,14407,14452
21,379,kendrapara,Total,14,29985,14789,15196,672,297,375,29313,14492,14821
21,379,kendrapara,Total,15,30299,15017,15282,853,357,496,29446,14660,14786
21,379,kendrapara,Total,16,26582,12986,13596,838,324,514,25744,12662,13082
21,379,kendrapara,Total,17,24244,11822,12422,816,295,521,23428,11527,11901
21,379,kendrapara,Total,18,29678,14715,14963,1250,447,803,28428,14268,14160
21,379,kendrapara,Total,19,24697,12055,12642,886,323,563,23811,11732,12079
21,379,kendrapara,Total,20-24,130371,62335,68036,6705,2093,4612,123666,60242,63424
21,379,kendrapara,Total,25-29,123271,58591,64680,9066,2695,6371,114205,55896,58309
21,379,kendrapara,Total,30-34,104557,50744,53813,10653,2982,7671,93904,47762,46142
21,379,kendrapara,Total,35-39,100528,48940,51588,14235,4037,10198,86293,44903,41390
21,379,kendrapara,Total,40-44,89502,45188,44314,16265,4774,11491,73237,40414,32823
21,379,kendrapara,Total,45-49,79972,39980,39992,17589,5126,12463,62383,34854,27529
21,379,kendrapara,Total,50-54,66529,33669,32860,15607,4279,11328,50922,29390,21532
21,379,kendrapara,Total,55-59,55056,27353,27703,14100,3211,10889,40956,24142,16814
21,379,kendrapara,Total,60-64,53511,27390,26121,17207,3892,13315,36304,23498,12806
21,379,kendrapara,Total,65-69,39772,20124,19648,15277,3571,11706,24495,16553,7942
21,379,kendrapara,Total,70-74,35477,17716,17761,16420,4120,12300,19057,13596,5461
21,379,kendrapara,Total,75-79,20388,10660,9728,9926,2778,7148,10462,7882,2580
21,379,kendrapara,Total,80+,20161,10612,9549,10886,3388,7498,9275,7224,2051
21,379,kendrapara,Total,Age not stated,3624,1859,1765,816,308,508,2808,1551,1257
21,379,kendrapara,Rural,All ages,1356827,675053,681774,333342,130294,203048,1023485,544759,478726
21,379,kendrapara,Rural,0-6,152138,78899,73239,152138,78899,73239,0,0,0
21,379,kendrapara,Rural,7,23834,12013,11821,3999,1946,2053,19835,10067,9768
21,379,kendrapara,Rural,8,24384,12516,11868,1651,815,836,22733,11701,11032
21,379,kendrapara,Rural,9,22179,11527,10652,842,428,414,21337,11099,10238
21,379,kendrapara,Rural,10,26881,13843,13038,1000,488,512,25881,13355,12526
21,379,kendrapara,Rural,11,27077,13828,13249,604,318,286,26473,13510,12963
21,379,kendrapara,Rural,12,28189,14492,13697,618,304,314,27571,14188,13383
21,379,kendrapara,Rural,13,27926,13873,14053,591,277,314,27335,13596,13739
21,379,kendrapara,Rural,14,28318,13923,14395,610,265,345,27708,13658,14050
21,379,kendrapara,Rural,15,28522,14132,14390,781,328,453,27741,13804,13937
21,379,kendrapara,Rural,16,24883,12130,12753,769,294,475,24114,11836,12278
21,379,kendrapara,Rural,17,22633,11035,11598,754,268,486,21879,10767,11112
21,379,kendrapara,Rural,18,27634,13649,13985,1129,390,739,26505,13259,13246
21,379,kendrapara,Rural,19,23078,11255,11823,829,297,532,22249,10958,11291
21,379,kendrapara,Rural,20-24,122417,58365,64052,6253,1917,4336,116164,56448,59716
21,379,kendrapara,Rural,25-29,115638,54835,60803,8504,2509,5995,107134,52326,54808
21,379,kendrapara,Rural,30-34,98129,47406,50723,10084,2782,7302,88045,44624,43421
21,379,kendrapara,Rural,35-39,94442,45901,48541,13535,3799,9736,80907,42102,38805
21,379,kendrapara,Rural,40-44,84146,42403,41743,15515,4530,10985,68631,37873,30758
21,379,kendrapara,Rural,45-49,75159,37509,37650,16866,4894,11972,58293,32615,25678
21,379,kendrapara,Rural,50-54,62622,31628,30994,14927,4093,10834,47695,27535,20160
21,379,kendrapara,Rural,55-59,51978,25736,26242,13516,3061,10455,38462,22675,15787
21,379,kendrapara,Rural,60-64,50884,25994,24890,16560,3734,12826,34324,22260,12064
21,379,kendrapara,Rural,65-69,37878,19183,18695,14672,3420,11252,23206,15763,7443
21,379,kendrapara,Rural,70-74,33816,16895,16921,15815,3981,11834,18001,12914,5087
21,379,kendrapara,Rural,75-79,19510,10215,9295,9574,2689,6885,9936,7526,2410
21,379,kendrapara,Rural,80+,19227,10181,9046,10463,3292,7171,8764,6889,1875
21,379,kendrapara,Rural,Age not stated,3305,1687,1618,743,276,467,2562,1411,1151
21,379,kendrapara,Urban,All ages,83534,42761,40773,17754,7550,10204,65780,35211,30569
21,379,kendrapara,Urban,0-6,9021,4755,4266,9021,4755,4266,0,0,0
21,379,kendrapara,Urban,7,1565,818,747,233,128,105,1332,690,642
21,379,kendrapara,Urban,8,1480,762,718,94,54,40,1386,708,678
21,379,kendrapara,Urban,9,1281,667,614,31,20,11,1250,647,603
21,379,kendrapara,Urban,10,1536,804,732,63,34,29,1473,770,703
21,379,kendrapara,Urban,11,1455,742,713,44,26,18,1411,716,695
21,379,kendrapara,Urban,12,1646,895,751,59,31,28,1587,864,723
21,379,kendrapara,Urban,13,1565,835,730,41,24,17,1524,811,713
21,379,kendrapara,Urban,14,1667,866,801,62,32,30,1605,834,771
21,379,kendrapara,Urban,15,1777,885,892,72,29,43,1705,856,849
21,379,kendrapara,Urban,16,1699,856,843,69,30,39,1630,826,804
21,379,kendrapara,Urban,17,1611,787,824,62,27,35,1549,760,789
21,379,kendrapara,Urban,18,2044,1066,978,121,57,64,1923,1009,914
21,379,kendrapara,Urban,19,1619,800,819,57,26,31,1562,774,788
21,379,kendrapara,Urban,20-24,7954,3970,3984,452,176,276,7502,3794,3708
21,379,kendrapara,Urban,25-29,7633,3756,3877,562,186,376,7071,3570,3501
21,379,kendrapara,Urban,30-34,6428,3338,3090,569,200,369,5859,3138,2721
21,379,kendrapara,Urban,35-39,6086,3039,3047,700,238,462,5386,2801,2585
21,379,kendrapara,Urban,40-44,5356,2785,2571,750,244,506,4606,2541,2065
21,379,kendrapara,Urban,45-49,4813,2471,2342,723,232,491,4090,2239,1851
21,379,kendrapara,Urban,50-54,3907,2041,1866,680,186,494,3227,1855,1372
21,379,kendrapara,Urban,55-59,3078,1617,1461,584,150,434,2494,1467,1027
21,379,kendrapara,Urban,60-64,2627,1396,1231,647,158,489,1980,1238,742
21,379,kendrapara,Urban,65-69,1894,941,953,605,151,454,1289,790,499
21,379,kendrapara,Urban,70-74,1661,821,840,605,139,466,1056,682,374
21,379,kendrapara,Urban,75-79,878,445,433,352,89,263,526,356,170
21,379,kendrapara,Urban,80+,934,431,503,423,96,327,511,335,176
21,379,kendrapara,Urban,Age not stated,319,172,147,73,32,41,246,140,106
21,380,jagatsinghapur,Total,All ages,1136971,577865,559106,247944,96816,151128,889027,481049,407978
21,380,jagatsinghapur,Total,0-6,110249,57155,53094,110249,57155,53094,0,0,0
21,380,jagatsinghapur,Total,7,17464,8932,8532,2082,1045,1037,15382,7887,7495
21,380,jagatsinghapur,Total,8,17845,9288,8557,789,425,364,17056,8863,8193
21,380,jagatsinghapur,Total,9,17059,8821,8238,466,231,235,16593,8590,8003
21,380,jagatsinghapur,Total,10,19639,10255,9384,643,333,310,18996,9922,9074
21,380,jagatsinghapur,Total,11,20151,10532,9619,439,208,231,19712,10324,9388
21,380,jagatsinghapur,Total,12,20163,10433,9730,417,194,223,19746,10239,9507
21,380,jagatsinghapur,Total,13,20844,10544,10300,382,200,182,20462,10344,10118
21,380,jagatsinghapur,Total,14,21376,10709,10667,369,177,192,21007,10532,10475
21,380,jagatsinghapur,Total,15,21861,10912,10949,556,238,318,21305,10674,10631
21,380,jagatsinghapur,Total,16,19316,9812,9504,456,197,259,18860,9615,9245
21,380,jagatsinghapur,Total,17,18450,9172,9278,466,197,269,17984,8975,9009
21,380,jagatsinghapur,Total,18,22422,11429,10993,722,295,427,21700,11134,10566
21,380,jagatsinghapur,Total,19,19315,9733,9582,586,210,376,18729,9523,9206
21,380,jagatsinghapur,Total,20-24,105529,52109,53420,4205,1383,2822,101324,50726,50598
21,380,jagatsinghapur,Total,25-29,106213,52282,53931,5831,1741,4090,100382,50541,49841
21,380,jagatsinghapur,Total,30-34,88679,44766,43913,6719,1921,4798,81960,42845,39115
21,380,jagatsinghapur,Total,35-39,84503,42512,41991,9335,2545,6790,75168,39967,35201
21,380,jagatsinghapur,Total,40-44,76789,39605,37184,11118,3104,8014,65671,36501,29170
21,380,jagatsinghapur,Total,45-49,67177,34471,32706,12360,3462,8898,54817,31009,23808
21,380,jagatsinghapur,Total,50-54,56592,29214,27378,11214,2942,8272,45378,26272,19106
21,380,jagatsinghapur,Total,55-59,46260,23567,22693,11022,2486,8536,35238,21081,14157
21,380,jagatsinghapur,Total,60-64,42737,22269,20468,13713,3431,10282,29024,18838,10186
21,380,jagatsinghapur,Total,65-69,30726,15513,15213,11943,2942,9001,18783,12571,6212
21,380,jagatsinghapur,Total,70-74,28691,14274,14417,13692,3802,9890,14999,10472,4527
21,380,jagatsinghapur,Total,75-79,16368,8629,7739,8035,2428,5607,8333,6201,2132
21,380,jagatsinghapur,Total,80+,17379,9362,8017,9459,3272,6187,7920,6090,1830
21,380,jagatsinghapur,Total,Age not stated,3174,1565,1609,676,252,424,2498,1313,1185
21,380,jagatsinghapur,Rural,All ages,1020991,516813,504178,222789,85854,136935,798202,430959,367243
21,380,jagatsinghapur,Rural,0-6,98291,50857,47434,98291,50857,47434,0,0,0
21,380,jagatsinghapur,Rural,7,15494,7934,7560,1815,910,905,13679,7024,6655
21,380,jagatsinghapur,Rural,8,15788,8249,7539,642,351,291,15146,7898,7248
21,380,jagatsinghapur,Rural,9,15243,7886,7357,377,188,189,14866,7698,7168
21,380,jagatsinghapur,Rural,10,17465,9129,8336,531,280,251,16934,8849,8085
21,380,jagatsinghapur,Rural,11,17928,9345,8583,346,158,188,17582,9187,8395
21,380,jagatsinghapur,Rural,12,17964,9271,8693,308,141,167,17656,9130,8526
21,380,jagatsinghapur,Rural,13,18613,9382,9231,295,152,143,18318,9230,9088
21,380,jagatsinghapur,Rural,14,19169,9572,9597,289,137,152,18880,9435,9445
21,380,jagatsinghapur,Rural,15,19405,9658,9747,419,169,250,18986,9489,9497
21,380,jagatsinghapur,Rural,16,17052,8614,8438,355,153,202,16697,8461,8236
21,380,jagatsinghapur,Rural,17,16266,8039,8227,370,146,224,15896,7893,8003
21,380,jagatsinghapur,Rural,18,19820,10059,9761,550,210,340,19270,9849,9421
21,380,jagatsinghapur,Rural,19,17075,8596,8479,457,153,304,16618,8443,8175
21,380,jagatsinghapur,Rural,20-24,93487,45864,47623,3435,1085,2350,90052,44779,45273
21,380,jagatsinghapur,Rural,25-29,95011,46383,48628,4810,1399,3411,90201,44984,45217
21,380,jagatsinghapur,Rural,30-34,79525,40088,39437,5704,1521,4183,73821,38567,35254
21,380,jagatsinghapur,Rural,35-39,75428,37890,37538,8049,2143,5906,67379,35747,31632
21,380,jagatsinghapur,Rural,40-44,68468,35293,33175,9785,2664,7121,58683,32629,26054
21,380,jagatsinghapur,Rural,45-49,59570,30598,28972,10980,3022,7958,48590,27576,21014
21,380,jagatsinghapur,Rural,50-54,50247,25490,24757,10087,2561,7526,40160,22929,17231
21,380,jagatsinghapur,Rural,55-59,41831,20795,21036,10145,2182,7963,31686,18613,13073
21,380,jagatsinghapur,Rural,60-64,40094,20720,19374,12901,3144,9757,27193,17576,9617
21,380,jagatsinghapur,Rural,65-69,29230,14721,14509,11410,2778,8632,17820,11943,5877
21,380,jagatsinghapur,Rural,70-74,27396,13672,13724,13090,3635,9455,14306,10037,4269
21,380,jagatsinghapur,Rural,75-79,15618,8273,7345,7699,2343,5356,7919,5930,1989
21,380,jagatsinghapur,Rural,80+,16482,8939,7543,9000,3128,5872,7482,5811,1671
21,380,jagatsinghapur,Rural,Age not stated,3031,1496,1535,649,244,405,2382,1252,1130
21,380,jagatsinghapur,Urban,All ages,115980,61052,54928,25155,10962,14193,90825,50090,40735
21,380,jagatsinghapur,Urban,0-6,11958,6298,5660,11958,6298,5660,0,0,0
21,380,jagatsinghapur,Urban,7,1970,998,972,267,135,132,1703,863,840
21,380,jagatsinghapur,Urban,8,2057,1039,1018,147,74,73,1910,965,945
21,380,jagatsinghapur,Urban,9,1816,935,881,89,43,46,1727,892,835
21,380,jagatsinghapur,Urban,10,2174,1126,1048,112,53,59,2062,1073,989
21,380,jagatsinghapur,Urban,11,2223,1187,1036,93,50,43,2130,1137,993
21,380,jagatsinghapur,Urban,12,2199,1162,1037,109,53,56,2090,1109,981
21,380,jagatsinghapur,Urban,13,2231,1162,1069,87,48,39,2144,1114,1030
21,380,jagatsinghapur,Urban,14,2207,1137,1070,80,40,40,2127,1097,1030
21,380,jagatsinghapur,Urban,15,2456,1254,1202,137,69,68,2319,1185,1134
21,380,jagatsinghapur,Urban,16,2264,1198,1066,101,44,57,2163,1154,1009
21,380,jagatsinghapur,Urban,17,2184,1133,1051,96,51,45,2088,1082,1006
21,380,jagatsinghapur,Urban,18,2602,1370,1232,172,85,87,2430,1285,1145
21,380,jagatsinghapur,Urban,19,2240,1137,1103,129,57,72,2111,1080,1031
21,380,jagatsinghapur,Urban,20-24,12042,6245,5797,770,298,472,11272,5947,5325
21,380,jagatsinghapur,Urban,25-29,11202,5899,5303,1021,342,679,10181,5557,4624
21,380,jagatsinghapur,Urban,30-34,9154,4678,4476,1015,400,615,8139,4278,3861
21,380,jagatsinghapur,Urban,35-39,9075,4622,4453,1286,402,884,7789,4220,3569
21,380,jagatsinghapur,Urban,40-44,8321,4312,4009,1333,440,893,6988,3872,3116
21,380,jagatsinghapur,Urban,45-49,7607,3873,3734,1380,440,940,6227,3433,2794
21,380,jagatsinghapur,Urban,50-54,6345,3724,2621,1127,381,746,5218,3343,1875
21,380,jagatsinghapur,Urban,55-59,4429,2772,1657,877,304,573,3552,2468,1084
21,380,jagatsinghapur,Urban,60-64,2643,1549,1094,812,287,525,1831,1262,569
21,380,jagatsinghapur,Urban,65-69,1496,792,704,533,164,369,963,628,335
21,380,jagatsinghapur,Urban,70-74,1295,602,693,602,167,435,693,435,258
21,380,jagatsinghapur,Urban,75-79,750,356,394,336,85,251,414,271,143
21,380,jagatsinghapur,Urban,80+,897,423,474,459,144,315,438,279,159
21,380,jagatsinghapur,Urban,Age not stated,143,69,74,27,8,19,116,61,55
21,381,cuttack,Total,All ages,2624470,1352760,1271710,613001,249727,363274,2011469,1103033,908436
21,381,cuttack,Total,0-6,271816,142037,129779,271816,142037,129779,0,0,0
21,381,cuttack,Total,7,42201,21524,20677,7604,3801,3803,34597,17723,16874
21,381,cuttack,Total,8,42750,22179,20571,3113,1525,1588,39637,20654,18983
21,381,cuttack,Total,9,39650,20648,19002,1682,865,817,37968,19783,18185
21,381,cuttack,Total,10,46100,23852,22248,2267,1126,1141,43833,22726,21107
21,381,cuttack,Total,11,46629,24159,22470,1377,699,678,45252,23460,21792
21,381,cuttack,Total,12,49245,24892,24353,1522,721,801,47723,24171,23552
21,381,cuttack,Total,13,47664,24095,23569,1278,587,691,46386,23508,22878
21,381,cuttack,Total,14,49004,24603,24401,1445,662,783,47559,23941,23618
21,381,cuttack,Total,15,51204,25673,25531,1878,758,1120,49326,24915,24411
21,381,cuttack,Total,16,46933,23572,23361,1852,740,1112,45081,22832,22249
21,381,cuttack,Total,17,44848,22768,22080,1683,668,1015,43165,22100,21065
21,381,cuttack,Total,18,56859,29649,27210,2783,1092,1691,54076,28557,25519
21,381,cuttack,Total,19,46022,23712,22310,1990,767,1223,44032,22945,21087
21,381,cuttack,Total,20-24,250178,126966,123212,13792,4929,8863,236386,122037,114349
21,381,cuttack,Total,25-29,241198,120569,120629,18064,6006,12058,223134,114563,108571
21,381,cuttack,Total,30-34,207895,105428,102467,20884,6513,14371,187011,98915,88096
21,381,cuttack,Total,35-39,202998,103529,99469,28697,9036,19661,174301,94493,79808
21,381,cuttack,Total,40-44,177848,94759,83089,31012,10136,20876,146836,84623,62213
21,381,cuttack,Total,45-49,154349,81924,72425,31156,9895,21261,123193,72029,51164
21,381,cuttack,Total,50-54,121868,64478,57390,27275,7959,19316,94593,56519,38074
21,381,cuttack,Total,55-59,99347,52222,47125,24719,6379,18340,74628,45843,28785
21,381,cuttack,Total,60-64,92341,48203,44138,30908,8203,22705,61433,40000,21433
21,381,cuttack,Total,65-69,65001,33244,31757,25335,6669,18666,39666,26575,13091
21,381,cuttack,Total,70-74,56032,28601,27431,25953,7396,18557,30079,21205,8874
21,381,cuttack,Total,75-79,31244,16466,14778,14397,4319,10078,16847,12147,4700
21,381,cuttack,Total,80+,34062,18033,16029,16755,5561,11194,17307,12472,4835
21,381,cuttack,Total,Age not stated,9184,4975,4209,1764,678,1086,7420,4297,3123
21,381,cuttack,Rural,All ages,1888423,970885,917538,480445,190863,289582,1407978,780022,627956
21,381,cuttack,Rural,0-6,201598,105054,96544,201598,105054,96544,0,0,0
21,381,cuttack,Rural,7,31252,15885,15367,6068,3012,3056,25184,12873,12311
21,381,cuttack,Rural,8,32063,16606,15457,2381,1158,1223,29682,15448,14234
21,381,cuttack,Rural,9,29581,15224,14357,1219,629,590,28362,14595,13767
21,381,cuttack,Rural,10,33927,17591,16336,1521,753,768,32406,16838,15568
21,381,cuttack,Rural,11,34557,18021,16536,870,431,439,33687,17590,16097
21,381,cuttack,Rural,12,36859,18752,18107,1054,485,569,35805,18267,17538
21,381,cuttack,Rural,13,35639,18075,17564,864,390,474,34775,17685,17090
21,381,cuttack,Rural,14,36716,18473,18243,1014,449,565,35702,18024,17678
21,381,cuttack,Rural,15,37429,18775,18654,1338,524,814,36091,18251,17840
21,381,cuttack,Rural,16,33044,16609,16435,1302,476,826,31742,16133,15609
21,381,cuttack,Rural,17,31143,15580,15563,1153,431,722,29990,15149,14841
21,381,cuttack,Rural,18,39475,20488,18987,1999,740,1259,37476,19748,17728
21,381,cuttack,Rural,19,31252,16164,15088,1366,478,888,29886,15686,14200
21,381,cuttack,Rural,20-24,171693,87192,84501,9923,3330,6593,161770,83862,77908
21,381,cuttack,Rural,25-29,170332,85115,85217,13669,4296,9373,156663,80819,75844
21,381,cuttack,Rural,30-34,145497,73907,71590,16307,4873,11434,129190,69034,60156
21,381,cuttack,Rural,35-39,142412,72763,69649,22988,7033,15955,119424,65730,53694
21,381,cuttack,Rural,40-44,124760,66320,58440,25417,8097,17320,99343,58223,41120
21,381,cuttack,Rural,45-49,108985,57494,51491,25863,8097,17766,83122,49397,33725
21,381,cuttack,Rural,50-54,86526,44974,41552,22681,6465,16216,63845,38509,25336
21,381,cuttack,Rural,55-59,72586,37369,35217,21026,5260,15766,51560,32109,19451
21,381,cuttack,Rural,60-64,70411,36318,34093,26323,6850,19473,44088,29468,14620
21,381,cuttack,Rural,65-69,50909,25846,25063,22120,5827,16293,28789,20019,8770
21,381,cuttack,Rural,70-74,44338,22670,21668,22417,6508,15909,21921,16162,5759
21,381,cuttack,Rural,75-79,24807,13105,11702,12617,3861,8756,12190,9244,2946
21,381,cuttack,Rural,80+,25957,14025,11932,14208,4904,9304,11749,9121,2628
21,381,cuttack,Rural,Age not stated,4675,2490,2185,1139,452,687,3536,2038,1498
21,381,cuttack,Urban,All ages,736047,381875,354172,132556,58864,73692,603491,323011,280480
21,381,cuttack,Urban,0-6,70218,36983,33235,70218,36983,33235,0,0,0
21,381,cuttack,Urban,7,10949,5639,5310,1536,789,747,9413,4850,4563
21,381,cuttack,Urban,8,10687,5573,5114,732,367,365,9955,5206,4749
21,381,cuttack,Urban,9,10069,5424,4645,463,236,227,9606,5188,4418
21,381,cuttack,Urban,10,12173,6261,5912,746,373,373,11427,5888,5539
21,381,cuttack,Urban,11,12072,6138,5934,507,268,239,11565,5870,5695
21,381,cuttack,Urban,12,12386,6140,6246,468,236,232,11918,5904,6014
21,381,cuttack,Urban,13,12025,6020,6005,414,197,217,11611,5823,5788
21,381,cuttack,Urban,14,12288,6130,6158,431,213,218,11857,5917,5940
21,381,cuttack,Urban,15,13775,6898,6877,540,234,306,13235,6664,6571
21,381,cuttack,Urban,16,13889,6963,6926,550,264,286,13339,6699,6640
21,381,cuttack,Urban,17,13705,7188,6517,530,237,293,13175,6951,6224
21,381,cuttack,Urban,18,17384,9161,8223,784,352,432,16600,8809,7791
21,381,cuttack,Urban,19,14770,7548,7222,624,289,335,14146,7259,6887
21,381,cuttack,Urban,20-24,78485,39774,38711,3869,1599,2270,74616,38175,36441
21,381,cuttack,Urban,25-29,70866,35454,35412,4395,1710,2685,66471,33744,32727
21,381,cuttack,Urban,30-34,62398,31521,30877,4577,1640,2937,57821,29881,27940
21,381,cuttack,Urban,35-39,60586,30766,29820,5709,2003,3706,54877,28763,26114
21,381,cuttack,Urban,40-44,53088,28439,24649,5595,2039,3556,47493,26400,21093
21,381,cuttack,Urban,45-49,45364,24430,20934,5293,1798,3495,40071,22632,17439
21,381,cuttack,Urban,50-54,35342,19504,15838,4594,1494,3100,30748,18010,12738
21,381,cuttack,Urban,55-59,26761,14853,11908,3693,1119,2574,23068,13734,9334
21,381,cuttack,Urban,60-64,21930,11885,10045,4585,1353,3232,17345,10532,6813
21,381,cuttack,Urban,65-69,14092,7398,6694,3215,842,2373,10877,6556,4321
21,381,cuttack,Urban,70-74,11694,5931,5763,3536,888,2648,8158,5043,3115
21,381,cuttack,Urban,75-79,6437,3361,3076,1780,458,1322,4657,2903,1754
21,381,cuttack,Urban,80+,8105,4008,4097,2547,657,1890,5558,3351,2207
21,381,cuttack,Urban,Age not stated,4509,2485,2024,625,226,399,3884,2259,1625
21,382,jajapur,Total,All ages,1827192,926034,901158,536737,219638,317099,1290455,706396,584059
21,382,jajapur,Total,0-6,216804,112558,104246,216804,112558,104246,0,0,0
21,382,jajapur,Total,7,32509,16473,16036,7293,3654,3639,25216,12819,12397
21,382,jajapur,Total,8,34371,17678,16693,3681,1816,1865,30690,15862,14828
21,382,jajapur,Total,9,29416,15200,14216,2039,981,1058,27377,14219,13158
21,382,jajapur,Total,10,37156,19346,17810,2833,1377,1456,34323,17969,16354
21,382,jajapur,Total,11,33898,17515,16383,1633,764,869,32265,16751,15514
21,382,jajapur,Total,12,38565,19834,18731,2135,992,1143,36430,18842,17588
21,382,jajapur,Total,13,35528,17859,17669,1603,723,880,33925,17136,16789
21,382,jajapur,Total,14,36660,18367,18293,1961,834,1127,34699,17533,17166
21,382,jajapur,Total,15,37802,18916,18886,2603,1097,1506,35199,17819,17380
21,382,jajapur,Total,16,34544,17194,17350,2640,1031,1609,31904,16163,15741
21,382,jajapur,Total,17,30726,15156,15570,2248,811,1437,28478,14345,14133
21,382,jajapur,Total,18,40502,20461,20041,3812,1407,2405,36690,19054,17636
21,382,jajapur,Total,19,30742,15166,15576,2637,877,1760,28105,14289,13816
21,382,jajapur,Total,20-24,177973,87903,90070,18712,6305,12407,159261,81598,77663
21,382,jajapur,Total,25-29,162951,80830,82121,21105,7188,13917,141846,73642,68204
21,382,jajapur,Total,30-34,135998,68143,67855,22028,7179,14849,113970,60964,53006
21,382,jajapur,Total,35-39,130723,65762,64961,27645,9110,18535,103078,56652,46426
21,382,jajapur,Total,40-44,113190,58550,54640,29194,10005,19189,83996,48545,35451
21,382,jajapur,Total,45-49,99481,50696,48785,29151,9840,19311,70330,40856,29474
21,382,jajapur,Total,50-54,80799,41446,39353,24657,7860,16797,56142,33586,22556
21,382,jajapur,Total,55-59,66424,32774,33650,22189,6028,16161,44235,26746,17489
21,382,jajapur,Total,60-64,63848,32999,30849,25939,7780,18159,37909,25219,12690
21,382,jajapur,Total,65-69,43101,21822,21279,19520,5610,13910,23581,16212,7369
21,382,jajapur,Total,70-74,37772,19229,18543,19480,5964,13516,18292,13265,5027
21,382,jajapur,Total,75-79,19611,10249,9362,10173,3240,6933,9438,7009,2429
21,382,jajapur,Total,80+,21151,11343,9808,11629,4056,7573,9522,7287,2235
21,382,jajapur,Total,Age not stated,4947,2565,2382,1393,551,842,3554,2014,1540
21,382,jajapur,Rural,All ages,1692095,856539,835556,503612,205386,298226,1188483,651153,537330
21,382,jajapur,Rural,0-6,200284,104000,96284,200284,104000,96284,0,0,0
21,382,jajapur,Rural,7,30006,15219,14787,6834,3421,3413,23172,11798,11374
21,382,jajapur,Rural,8,31839,16350,15489,3420,1686,1734,28419,14664,13755
21,382,jajapur,Rural,9,27309,14144,13165,1889,918,971,25420,13226,12194
21,382,jajapur,Rural,10,34409,17877,16532,2666,1305,1361,31743,16572,15171
21,382,jajapur,Rural,11,31456,16236,15220,1528,715,813,29928,15521,14407
21,382,jajapur,Rural,12,35792,18343,17449,1994,924,1070,33798,17419,16379
21,382,jajapur,Rural,13,33056,16580,16476,1500,671,829,31556,15909,15647
21,382,jajapur,Rural,14,34055,17038,17017,1838,797,1041,32217,16241,15976
21,382,jajapur,Rural,15,35166,17540,17626,2420,1008,1412,32746,16532,16214
21,382,jajapur,Rural,16,32080,15962,16118,2493,963,1530,29587,14999,14588
21,382,jajapur,Rural,17,28563,14109,14454,2114,761,1353,26449,13348,13101
21,382,jajapur,Rural,18,37563,18962,18601,3569,1311,2258,33994,17651,16343
21,382,jajapur,Rural,19,28508,14073,14435,2469,831,1638,26039,13242,12797
21,382,jajapur,Rural,20-24,164766,81329,83437,17586,5927,11659,147180,75402,71778
21,382,jajapur,Rural,25-29,150353,74667,75686,19787,6733,13054,130566,67934,62632
21,382,jajapur,Rural,30-34,124984,62586,62398,20785,6751,14034,104199,55835,48364
21,382,jajapur,Rural,35-39,120124,60305,59819,26225,8622,17603,93899,51683,42216
21,382,jajapur,Rural,40-44,104177,53725,50452,27721,9460,18261,76456,44265,32191
21,382,jajapur,Rural,45-49,91903,46696,45207,27705,9381,18324,64198,37315,26883
21,382,jajapur,Rural,50-54,74804,38275,36529,23416,7475,15941,51388,30800,20588
21,382,jajapur,Rural,55-59,61820,30240,31580,21162,5728,15434,40658,24512,16146
21,382,jajapur,Rural,60-64,60035,30969,29066,24816,7430,17386,35219,23539,11680
21,382,jajapur,Rural,65-69,40643,20500,20143,18703,5361,13342,21940,15139,6801
21,382,jajapur,Rural,70-74,35686,18185,17501,18620,5729,12891,17066,12456,4610
21,382,jajapur,Rural,75-79,18586,9743,8843,9749,3131,6618,8837,6612,2225
21,382,jajapur,Rural,80+,19987,10761,9226,11123,3903,7220,8864,6858,2006
21,382,jajapur,Rural,Age not stated,4141,2125,2016,1196,444,752,2945,1681,1264
21,382,jajapur,Urban,All ages,135097,69495,65602,33125,14252,18873,101972,55243,46729
21,382,jajapur,Urban,0-6,16520,8558,7962,16520,8558,7962,0,0,0
21,382,jajapur,Urban,7,2503,1254,1249,459,233,226,2044,1021,1023
21,382,jajapur,Urban,8,2532,1328,1204,261,130,131,2271,1198,1073
21,382,jajapur,Urban,9,2107,1056,1051,150,63,87,1957,993,964
21,382,jajapur,Urban,10,2747,1469,1278,167,72,95,2580,1397,1183
21,382,jajapur,Urban,11,2442,1279,1163,105,49,56,2337,1230,1107
21,382,jajapur,Urban,12,2773,1491,1282,141,68,73,2632,1423,1209
21,382,jajapur,Urban,13,2472,1279,1193,103,52,51,2369,1227,1142
21,382,jajapur,Urban,14,2605,1329,1276,123,37,86,2482,1292,1190
21,382,jajapur,Urban,15,2636,1376,1260,183,89,94,2453,1287,1166
21,382,jajapur,Urban,16,2464,1232,1232,147,68,79,2317,1164,1153
21,382,jajapur,Urban,17,2163,1047,1116,134,50,84,2029,997,1032
21,382,jajapur,Urban,18,2939,1499,1440,243,96,147,2696,1403,1293
21,382,jajapur,Urban,19,2234,1093,1141,168,46,122,2066,1047,1019
21,382,jajapur,Urban,20-24,13207,6574,6633,1126,378,748,12081,6196,5885
21,382,jajapur,Urban,25-29,12598,6163,6435,1318,455,863,11280,5708,5572
21,382,jajapur,Urban,30-34,11014,5557,5457,1243,428,815,9771,5129,4642
21,382,jajapur,Urban,35-39,10599,5457,5142,1420,488,932,9179,4969,4210
21,382,jajapur,Urban,40-44,9013,4825,4188,1473,545,928,7540,4280,3260
21,382,jajapur,Urban,45-49,7578,4000,3578,1446,459,987,6132,3541,2591
21,382,jajapur,Urban,50-54,5995,3171,2824,1241,385,856,4754,2786,1968
21,382,jajapur,Urban,55-59,4604,2534,2070,1027,300,727,3577,2234,1343
21,382,jajapur,Urban,60-64,3813,2030,1783,1123,350,773,2690,1680,1010
21,382,jajapur,Urban,65-69,2458,1322,1136,817,249,568,1641,1073,568
21,382,jajapur,Urban,70-74,2086,1044,1042,860,235,625,1226,809,417
21,382,jajapur,Urban,75-79,1025,506,519,424,109,315,601,397,204
21,382,jajapur,Urban,80+,1164,582,582,506,153,353,658,429,229
21,382,jajapur,Urban,Age not stated,806,440,366,197,107,90,609,333,276
21,383,dhenkanal,Total,All ages,1192811,612593,580218,362901,148500,214401,829910,464093,365817
21,383,dhenkanal,Total,0-6,139096,74093,65003,139096,74093,65003,0,0,0
21,383,dhenkanal,Total,7,21006,10838,10168,5265,2628,2637,15741,8210,7531
21,383,dhenkanal,Total,8,21678,11145,10533,2182,1071,1111,19496,10074,9422
21,383,dhenkanal,Total,9,20461,10357,10104,1042,538,504,19419,9819,9600
21,383,dhenkanal,Total,10,23775,12253,11522,1289,628,661,22486,11625,10861
21,383,dhenkanal,Total,11,22310,11544,10766,809,387,422,21501,11157,10344
21,383,dhenkanal,Total,12,23853,12223,11630,945,438,507,22908,11785,11123
21,383,dhenkanal,Total,13,23121,11537,11584,860,351,509,22261,11186,11075
21,383,dhenkanal,Total,14,23574,12001,11573,941,361,580,22633,11640,10993
21,383,dhenkanal,Total,15,24697,12597,12100,1250,548,702,23447,12049,11398
21,383,dhenkanal,Total,16,22117,11133,10984,1215,449,766,20902,10684,10218
21,383,dhenkanal,Total,17,19435,9949,9486,1055,387,668,18380,9562,8818
21,383,dhenkanal,Total,18,25938,13517,12421,1961,734,1227,23977,12783,11194
21,383,dhenkanal,Total,19,19541,9976,9565,1216,420,796,18325,9556,8769
21,383,dhenkanal,Total,20-24,108215,53578,54637,9993,3182,6811,98222,50396,47826
21,383,dhenkanal,Total,25-29,102880,50673,52207,13515,4261,9254,89365,46412,42953
21,383,dhenkanal,Total,30-34,92312,46279,46033,15921,4905,11016,76391,41374,35017
21,383,dhenkanal,Total,35-39,90208,46575,43633,20379,6685,13694,69829,39890,29939
21,383,dhenkanal,Total,40-44,77290,40490,36800,21681,7233,14448,55609,33257,22352
21,383,dhenkanal,Total,45-49,66423,34507,31916,21557,7201,14356,44866,27306,17560
21,383,dhenkanal,Total,50-54,54310,27906,26404,19408,6137,13271,34902,21769,13133
21,383,dhenkanal,Total,55-59,45895,23357,22538,17451,4838,12613,28444,18519,9925
21,383,dhenkanal,Total,60-64,45442,23638,21804,21475,6576,14899,23967,17062,6905
21,383,dhenkanal,Total,65-69,29920,15637,14283,15252,4786,10466,14668,10851,3817
21,383,dhenkanal,Total,70-74,23931,12758,11173,13622,4740,8882,10309,8018,2291
21,383,dhenkanal,Total,75-79,11128,6032,5096,6162,2077,4085,4966,3955,1011
21,383,dhenkanal,Total,80+,11772,6629,5143,6692,2579,4113,5080,4050,1030
21,383,dhenkanal,Total,Age not stated,2483,1371,1112,667,267,400,1816,1104,712
21,383,dhenkanal,Rural,All ages,1075305,551326,523979,339782,138559,201223,735523,412767,322756
21,383,dhenkanal,Rural,0-6,127334,67847,59487,127334,67847,59487,0,0,0
21,383,dhenkanal,Rural,7,19133,9827,9306,4891,2426,2465,14242,7401,6841
21,383,dhenkanal,Rural,8,19763,10142,9621,2054,1004,1050,17709,9138,8571
21,383,dhenkanal,Rural,9,18652,9460,9192,975,498,477,17677,8962,8715
21,383,dhenkanal,Rural,10,21720,11205,10515,1199,580,619,20521,10625,9896
21,383,dhenkanal,Rural,11,20278,10451,9827,757,361,396,19521,10090,9431
21,383,dhenkanal,Rural,12,21846,11165,10681,890,407,483,20956,10758,10198
21,383,dhenkanal,Rural,13,21148,10555,10593,819,329,490,20329,10226,10103
21,383,dhenkanal,Rural,14,21548,10933,10615,887,343,544,20661,10590,10071
21,383,dhenkanal,Rural,15,22264,11309,10955,1178,509,669,21086,10800,10286
21,383,dhenkanal,Rural,16,19824,9934,9890,1153,428,725,18671,9506,9165
21,383,dhenkanal,Rural,17,17261,8813,8448,995,366,629,16266,8447,7819
21,383,dhenkanal,Rural,18,23214,12051,11163,1848,687,1161,21366,11364,10002
21,383,dhenkanal,Rural,19,17335,8862,8473,1152,393,759,16183,8469,7714
21,383,dhenkanal,Rural,20-24,96649,47679,48970,9510,3003,6507,87139,44676,42463
21,383,dhenkanal,Rural,25-29,92407,45560,46847,12887,4050,8837,79520,41510,38010
21,383,dhenkanal,Rural,30-34,82676,41408,41268,15179,4668,10511,67497,36740,30757
21,383,dhenkanal,Rural,35-39,80806,41742,39064,19434,6378,13056,61372,35364,26008
21,383,dhenkanal,Rural,40-44,68929,36070,32859,20652,6883,13769,48277,29187,19090
21,383,dhenkanal,Rural,45-49,59166,30593,28573,20514,6865,13649,38652,23728,14924
21,383,dhenkanal,Rural,50-54,48392,24800,23592,18437,5871,12566,29955,18929,11026
21,383,dhenkanal,Rural,55-59,41077,20672,20405,16629,4616,12013,24448,16056,8392
21,383,dhenkanal,Rural,60-64,41407,21420,19987,20378,6252,14126,21029,15168,5861
21,383,dhenkanal,Rural,65-69,27491,14382,13109,14515,4613,9902,12976,9769,3207
21,383,dhenkanal,Rural,70-74,21941,11686,10255,12872,4513,8359,9069,7173,1896
21,383,dhenkanal,Rural,75-79,10070,5452,4618,5783,1978,3805,4287,3474,813
21,383,dhenkanal,Rural,80+,10652,6030,4622,6223,2437,3786,4429,3593,836
21,383,dhenkanal,Rural,Age not stated,2322,1278,1044,637,254,383,1685,1024,661
21,383,dhenkanal,Urban,All ages,117506,61267,56239,23119,9941,13178,94387,51326,43061
21,383,dhenkanal,Urban,0-6,11762,6246,5516,11762,6246,5516,0,0,0
21,383,dhenkanal,Urban,7,1873,1011,862,374,202,172,1499,809,690
21,383,dhenkanal,Urban,8,1915,1003,912,128,67,61,1787,936,851
21,383,dhenkanal,Urban,9,1809,897,912,67,40,27,1742,857,885
21,383,dhenkanal,Urban,10,2055,1048,1007,90,48,42,1965,1000,965
21,383,dhenkanal,Urban,11,2032,1093,939,52,26,26,1980,1067,913
21,383,dhenkanal,Urban,12,2007,1058,949,55,31,24,1952,1027,925
21,383,dhenkanal,Urban,13,1973,982,991,41,22,19,1932,960,972
21,383,dhenkanal,Urban,14,2026,1068,958,54,18,36,1972,1050,922
21,383,dhenkanal,Urban,15,2433,1288,1145,72,39,33,2361,1249,1112
21,383,dhenkanal,Urban,16,2293,1199,1094,62,21,41,2231,1178,1053
21,383,dhenkanal,Urban,17,2174,1136,1038,60,21,39,2114,1115,999
21,383,dhenkanal,Urban,18,2724,1466,1258,113,47,66,2611,1419,1192
21,383,dhenkanal,Urban,19,2206,1114,1092,64,27,37,2142,1087,1055
21,383,dhenkanal,Urban,20-24,11566,5899,5667,483,179,304,11083,5720,5363
21,383,dhenkanal,Urban,25-29,10473,5113,5360,628,211,417,9845,4902,4943
21,383,dhenkanal,Urban,30-34,9636,4871,4765,742,237,505,8894,4634,4260
21,383,dhenkanal,Urban,35-39,9402,4833,4569,945,307,638,8457,4526,3931
21,383,dhenkanal,Urban,40-44,8361,4420,3941,1029,350,679,7332,4070,3262
21,383,dhenkanal,Urban,45-49,7257,3914,3343,1043,336,707,6214,3578,2636
21,383,dhenkanal,Urban,50-54,5918,3106,2812,971,266,705,4947,2840,2107
21,383,dhenkanal,Urban,55-59,4818,2685,2133,822,222,600,3996,2463,1533
21,383,dhenkanal,Urban,60-64,4035,2218,1817,1097,324,773,2938,1894,1044
21,383,dhenkanal,Urban,65-69,2429,1255,1174,737,173,564,1692,1082,610
21,383,dhenkanal,Urban,70-74,1990,1072,918,750,227,523,1240,845,395
21,383,dhenkanal,Urban,75-79,1058,580,478,379,99,280,679,481,198
21,383,dhenkanal,Urban,80+,1120,599,521,469,142,327,651,457,194
21,383,dhenkanal,Urban,Age not stated,161,93,68,30,13,17,131,80,51
21,384,anugul,Total,All ages,1273821,655718,618103,404365,161293,243072,869456,494425,375031
21,384,anugul,Total,0-6,152403,80666,71737,152403,80666,71737,0,0,0
21,384,anugul,Total,7,24036,12440,11596,5877,2962,2915,18159,9478,8681
21,384,anugul,Total,8,23636,12296,11340,2524,1277,1247,21112,11019,10093
21,384,anugul,Total,9,22230,11588,10642,1330,626,704,20900,10962,9938
21,384,anugul,Total,10,26129,13710,12419,1795,889,906,24334,12821,11513
21,384,anugul,Total,11,25871,13378,12493,1084,511,573,24787,12867,11920
21,384,anugul,Total,12,28534,14634,13900,1281,521,760,27253,14113,13140
21,384,anugul,Total,13,27429,13759,13670,994,427,567,26435,13332,13103
21,384,anugul,Total,14,26252,13215,13037,1192,497,695,25060,12718,12342
21,384,anugul,Total,15,26344,13248,13096,1590,631,959,24754,12617,12137
21,384,anugul,Total,16,23286,11617,11669,1458,561,897,21828,11056,10772
21,384,anugul,Total,17,21999,10872,11127,1501,516,985,20498,10356,10142
21,384,anugul,Total,18,28832,14745,14087,2627,946,1681,26205,13799,12406
21,384,anugul,Total,19,21577,10782,10795,1691,563,1128,19886,10219,9667
21,384,anugul,Total,20-24,119804,59356,60448,13249,4026,9223,106555,55330,51225
21,384,anugul,Total,25-29,110131,55035,55096,17318,5136,12182,92813,49899,42914
21,384,anugul,Total,30-34,99475,50103,49372,20679,6160,14519,78796,43943,34853
21,384,anugul,Total,35-39,95845,49031,46814,25211,7870,17341,70634,41161,29473
21,384,anugul,Total,40-44,82456,43405,39051,25651,8183,17468,56805,35222,21583
21,384,anugul,Total,45-49,69745,37090,32655,24125,7720,16405,45620,29370,16250
21,384,anugul,Total,50-54,54889,29096,25793,20682,6224,14458,34207,22872,11335
21,384,anugul,Total,55-59,44169,22977,21192,17804,4686,13118,26365,18291,8074
21,384,anugul,Total,60-64,43348,22364,20984,21624,6210,15414,21724,16154,5570
21,384,anugul,Total,65-69,27676,14542,13134,14635,4371,10264,13041,10171,2870
21,384,anugul,Total,70-74,22100,11806,10294,12859,4400,8459,9241,7406,1835
21,384,anugul,Total,75-79,9784,5210,4574,5439,1760,3679,4345,3450,895
21,384,anugul,Total,80+,11551,6492,5059,6351,2422,3929,5200,4070,1130
21,384,anugul,Total,Age not stated,4290,2261,2029,1391,532,859,2899,1729,1170
21,384,anugul,Rural,All ages,1067275,546385,520890,358206,141613,216593,709069,404772,304297
21,384,anugul,Rural,0-6,130583,68785,61798,130583,68785,61798,0,0,0
21,384,anugul,Rural,7,20588,10651,9937,5146,2584,2562,15442,8067,7375
21,384,anugul,Rural,8,20195,10492,9703,2165,1094,1071,18030,9398,8632
21,384,anugul,Rural,9,18999,9878,9121,1149,536,613,17850,9342,8508
21,384,anugul,Rural,10,22254,11625,10629,1561,776,785,20693,10849,9844
21,384,anugul,Rural,11,22184,11437,10747,936,437,499,21248,11000,10248
21,384,anugul,Rural,12,24465,12461,12004,1105,449,656,23360,12012,11348
21,384,anugul,Rural,13,23433,11634,11799,871,372,499,22562,11262,11300
21,384,anugul,Rural,14,22262,11134,11128,1019,415,604,21243,10719,10524
21,384,anugul,Rural,15,22090,11028,11062,1411,560,851,20679,10468,10211
21,384,anugul,Rural,16,19356,9604,9752,1285,482,803,18071,9122,8949
21,384,anugul,Rural,17,18081,8875,9206,1350,465,885,16731,8410,8321
21,384,anugul,Rural,18,24060,12283,11777,2319,817,1502,21741,11466,10275
21,384,anugul,Rural,19,17749,8849,8900,1504,498,1006,16245,8351,7894
21,384,anugul,Rural,20-24,99199,48827,50372,11757,3543,8214,87442,45284,42158
21,384,anugul,Rural,25-29,91193,45372,45821,15430,4533,10897,75763,40839,34924
21,384,anugul,Rural,30-34,82277,41363,40914,18704,5530,13174,63573,35833,27740
21,384,anugul,Rural,35-39,78671,40538,38133,22891,7157,15734,55780,33381,22399
21,384,anugul,Rural,40-44,66776,35138,31638,23218,7401,15817,43558,27737,15821
21,384,anugul,Rural,45-49,55827,29254,26573,21869,7037,14832,33958,22217,11741
21,384,anugul,Rural,50-54,44907,23092,21815,18830,5697,13133,26077,17395,8682
21,384,anugul,Rural,55-59,37184,18639,18545,16253,4274,11979,20931,14365,6566
21,384,anugul,Rural,60-64,38462,19789,18673,19851,5744,14107,18611,14045,4566
21,384,anugul,Rural,65-69,24643,12962,11681,13498,4094,9404,11145,8868,2277
21,384,anugul,Rural,70-74,19509,10433,9076,11674,4023,7651,7835,6410,1425
21,384,anugul,Rural,75-79,8519,4586,3933,4904,1627,3277,3615,2959,656
21,384,anugul,Rural,80+,9900,5614,4286,5619,2186,3433,4281,3428,853
21,384,anugul,Rural,Age not stated,3909,2042,1867,1304,497,807,2605,1545,1060
21,384,anugul,Urban,All ages,206546,109333,97213,46159,19680,26479,160387,89653,70734
21,384,anugul,Urban,0-6,21820,11881,9939,21820,11881,9939,0,0,0
21,384,anugul,Urban,7,3448,1789,1659,731,378,353,2717,1411,1306
21,384,anugul,Urban,8,3441,1804,1637,359,183,176,3082,1621,1461
21,384,anugul,Urban,9,3231,1710,1521,181,90,91,3050,1620,1430
21,384,anugul,Urban,10,3875,2085,1790,234,113,121,3641,1972,1669
21,384,anugul,Urban,11,3687,1941,1746,148,74,74,3539,1867,1672
21,384,anugul,Urban,12,4069,2173,1896,176,72,104,3893,2101,1792
21,384,anugul,Urban,13,3996,2125,1871,123,55,68,3873,2070,1803
21,384,anugul,Urban,14,3990,2081,1909,173,82,91,3817,1999,1818
21,384,anugul,Urban,15,4254,2220,2034,179,71,108,4075,2149,1926
21,384,anugul,Urban,16,3930,2013,1917,173,79,94,3757,1934,1823
21,384,anugul,Urban,17,3918,1997,1921,151,51,100,3767,1946,1821
21,384,anugul,Urban,18,4772,2462,2310,308,129,179,4464,2333,2131
21,384,anugul,Urban,19,3828,1933,1895,187,65,122,3641,1868,1773
21,384,anugul,Urban,20-24,20605,10529,10076,1492,483,1009,19113,10046,9067
21,384,anugul,Urban,25-29,18938,9663,9275,1888,603,1285,17050,9060,7990
21,384,anugul,Urban,30-34,17198,8740,8458,1975,630,1345,15223,8110,7113
21,384,anugul,Urban,35-39,17174,8493,8681,2320,713,1607,14854,7780,7074
21,384,anugul,Urban,40-44,15680,8267,7413,2433,782,1651,13247,7485,5762
21,384,anugul,Urban,45-49,13918,7836,6082,2256,683,1573,11662,7153,4509
21,384,anugul,Urban,50-54,9982,6004,3978,1852,527,1325,8130,5477,2653
21,384,anugul,Urban,55-59,6985,4338,2647,1551,412,1139,5434,3926,1508
21,384,anugul,Urban,60-64,4886,2575,2311,1773,466,1307,3113,2109,1004
21,384,anugul,Urban,65-69,3033,1580,1453,1137,277,860,1896,1303,593
21,384,anugul,Urban,70-74,2591,1373,1218,1185,377,808,1406,996,410
21,384,anugul,Urban,75-79,1265,624,641,535,133,402,730,491,239
21,384,anugul,Urban,80+,1651,878,773,732,236,496,919,642,277
21,384,anugul,Urban,Age not stated,381,219,162,87,35,52,294,184,110
21,385,nayagarh,Total,All ages,962789,502636,460153,274427,110303,164124,688362,392333,296029
21,385,nayagarh,Total,0-6,106871,57599,49272,106871,57599,49272,0,0,0
21,385,nayagarh,Total,7,17283,9072,8211,3939,2047,1892,13344,7025,6319
21,385,nayagarh,Total,8,17903,9484,8419,1536,824,712,16367,8660,7707
21,385,nayagarh,Total,9,15904,8419,7485,680,343,337,15224,8076,7148
21,385,nayagarh,Total,10,19101,9986,9115,878,445,433,18223,9541,8682
21,385,nayagarh,Total,11,17956,9351,8605,461,236,225,17495,9115,8380
21,385,nayagarh,Total,12,19767,10192,9575,476,201,275,19291,9991,9300
21,385,nayagarh,Total,13,18397,9415,8982,402,181,221,17995,9234,8761
21,385,nayagarh,Total,14,19061,9672,9389,473,204,269,18588,9468,9120
21,385,nayagarh,Total,15,18901,9904,8997,627,265,362,18274,9639,8635
21,385,nayagarh,Total,16,16082,8295,7787,595,254,341,15487,8041,7446
21,385,nayagarh,Total,17,15514,8006,7508,637,220,417,14877,7786,7091
21,385,nayagarh,Total,18,20387,10927,9460,923,374,549,19464,10553,8911
21,385,nayagarh,Total,19,14225,7323,6902,652,243,409,13573,7080,6493
21,385,nayagarh,Total,20-24,81985,42577,39408,5389,1835,3554,76596,40742,35854
21,385,nayagarh,Total,25-29,82799,41703,41096,8298,2584,5714,74501,39119,35382
21,385,nayagarh,Total,30-34,73111,36653,36458,10485,3193,7292,62626,33460,29166
21,385,nayagarh,Total,35-39,73146,37882,35264,14795,4589,10206,58351,33293,25058
21,385,nayagarh,Total,40-44,61786,33093,28693,15599,5095,10504,46187,27998,18189
21,385,nayagarh,Total,45-49,54043,28678,25365,15568,4855,10713,38475,23823,14652
21,385,nayagarh,Total,50-54,43784,22315,21469,14636,4003,10633,29148,18312,10836
21,385,nayagarh,Total,55-59,39508,20133,19375,14497,3683,10814,25011,16450,8561
21,385,nayagarh,Total,60-64,40711,21632,19079,17831,5004,12827,22880,16628,6252
21,385,nayagarh,Total,65-69,26779,14158,12621,13042,3776,9266,13737,10382,3355
21,385,nayagarh,Total,70-74,21699,11589,10110,11763,3663,8100,9936,7926,2010
21,385,nayagarh,Total,75-79,11191,6104,5087,5790,1798,3992,5401,4306,1095
21,385,nayagarh,Total,80+,13322,7606,5716,7150,2624,4526,6172,4982,1190
21,385,nayagarh,Total,Age not stated,1573,868,705,434,165,269,1139,703,436
21,385,nayagarh,Rural,All ages,883051,461019,422032,257706,103332,154374,625345,357687,267658
21,385,nayagarh,Rural,0-6,98936,53275,45661,98936,53275,45661,0,0,0
21,385,nayagarh,Rural,7,15943,8357,7586,3671,1903,1768,12272,6454,5818
21,385,nayagarh,Rural,8,16550,8763,7787,1447,774,673,15103,7989,7114
21,385,nayagarh,Rural,9,14664,7772,6892,629,318,311,14035,7454,6581
21,385,nayagarh,Rural,10,17649,9239,8410,822,420,402,16827,8819,8008
21,385,nayagarh,Rural,11,16594,8631,7963,428,218,210,16166,8413,7753
21,385,nayagarh,Rural,12,18298,9418,8880,436,177,259,17862,9241,8621
21,385,nayagarh,Rural,13,16952,8668,8284,376,169,207,16576,8499,8077
21,385,nayagarh,Rural,14,17558,8872,8686,447,190,257,17111,8682,8429
21,385,nayagarh,Rural,15,17393,9069,8324,601,253,348,16792,8816,7976
21,385,nayagarh,Rural,16,14712,7590,7122,559,237,322,14153,7353,6800
21,385,nayagarh,Rural,17,14167,7289,6878,610,208,402,13557,7081,6476
21,385,nayagarh,Rural,18,18729,10068,8661,874,357,517,17855,9711,8144
21,385,nayagarh,Rural,19,12896,6686,6210,623,227,396,12273,6459,5814
21,385,nayagarh,Rural,20-24,74799,38913,35886,5115,1739,3376,69684,37174,32510
21,385,nayagarh,Rural,25-29,75760,38133,37627,7918,2480,5438,67842,35653,32189
21,385,nayagarh,Rural,30-34,66592,33426,33166,9955,3049,6906,56637,30377,26260
21,385,nayagarh,Rural,35-39,66811,34708,32103,14032,4373,9659,52779,30335,22444
21,385,nayagarh,Rural,40-44,56079,30078,26001,14786,4845,9941,41293,25233,16060
21,385,nayagarh,Rural,45-49,49063,26007,23056,14785,4612,10173,34278,21395,12883
21,385,nayagarh,Rural,50-54,39966,20312,19654,13928,3828,10100,26038,16484,9554
21,385,nayagarh,Rural,55-59,36191,18298,17893,13799,3511,10288,22392,14787,7605
21,385,nayagarh,Rural,60-64,37810,20133,17677,16937,4775,12162,20873,15358,5515
21,385,nayagarh,Rural,65-69,24775,13098,11677,12321,3576,8745,12454,9522,2932
21,385,nayagarh,Rural,70-74,20143,10771,9372,11114,3488,7626,9029,7283,1746
21,385,nayagarh,Rural,75-79,10289,5609,4680,5447,1692,3755,4842,3917,925
21,385,nayagarh,Rural,80+,12277,7038,5239,6706,2489,4217,5571,4549,1022
21,385,nayagarh,Rural,Age not stated,1455,798,657,404,149,255,1051,649,402
21,385,nayagarh,Urban,All ages,79738,41617,38121,16721,6971,9750,63017,34646,28371
21,385,nayagarh,Urban,0-6,7935,4324,3611,7935,4324,3611,0,0,0
21,385,nayagarh,Urban,7,1340,715,625,268,144,124,1072,571,501
21,385,nayagarh,Urban,8,1353,721,632,89,50,39,1264,671,593
21,385,nayagarh,Urban,9,1240,647,593,51,25,26,1189,622,567
21,385,nayagarh,Urban,10,1452,747,705,56,25,31,1396,722,674
21,385,nayagarh,Urban,11,1362,720,642,33,18,15,1329,702,627
21,385,nayagarh,Urban,12,1469,774,695,40,24,16,1429,750,679
21,385,nayagarh,Urban,13,1445,747,698,26,12,14,1419,735,684
21,385,nayagarh,Urban,14,1503,800,703,26,14,12,1477,786,691
21,385,nayagarh,Urban,15,1508,835,673,26,12,14,1482,823,659
21,385,nayagarh,Urban,16,1370,705,665,36,17,19,1334,688,646
21,385,nayagarh,Urban,17,1347,717,630,27,12,15,1320,705,615
21,385,nayagarh,Urban,18,1658,859,799,49,17,32,1609,842,767
21,385,nayagarh,Urban,19,1329,637,692,29,16,13,1300,621,679
21,385,nayagarh,Urban,20-24,7186,3664,3522,274,96,178,6912,3568,3344
21,385,nayagarh,Urban,25-29,7039,3570,3469,380,104,276,6659,3466,3193
21,385,nayagarh,Urban,30-34,6519,3227,3292,530,144,386,5989,3083,2906
21,385,nayagarh,Urban,35-39,6335,3174,3161,763,216,547,5572,2958,2614
21,385,nayagarh,Urban,40-44,5707,3015,2692,813,250,563,4894,2765,2129
21,385,nayagarh,Urban,45-49,4980,2671,2309,783,243,540,4197,2428,1769
21,385,nayagarh,Urban,50-54,3818,2003,1815,708,175,533,3110,1828,1282
21,385,nayagarh,Urban,55-59,3317,1835,1482,698,172,526,2619,1663,956
21,385,nayagarh,Urban,60-64,2901,1499,1402,894,229,665,2007,1270,737
21,385,nayagarh,Urban,65-69,2004,1060,944,721,200,521,1283,860,423
21,385,nayagarh,Urban,70-74,1556,818,738,649,175,474,907,643,264
21,385,nayagarh,Urban,75-79,902,495,407,343,106,237,559,389,170
21,385,nayagarh,Urban,80+,1045,568,477,444,135,309,601,433,168
21,385,nayagarh,Urban,Age not stated,118,70,48,30,16,14,88,54,34
21,386,khordha,Total,All ages,2251673,1167137,1084536,501737,209622,292115,1749936,957515,792421
21,386,khordha,Total,0-6,237394,123879,113515,237394,123879,113515,0,0,0
21,386,khordha,Total,7,38702,20068,18634,6847,3479,3368,31855,16589,15266
21,386,khordha,Total,8,38660,20035,18625,2845,1409,1436,35815,18626,17189
21,386,khordha,Total,9,35977,18658,17319,1641,799,842,34336,17859,16477
21,386,khordha,Total,10,41257,21657,19600,2199,1094,1105,39058,20563,18495
21,386,khordha,Total,11,40231,21071,19160,1347,660,687,38884,20411,18473
21,386,khordha,Total,12,42701,22187,20514,1500,715,785,41201,21472,19729
21,386,khordha,Total,13,39349,20013,19336,1138,486,652,38211,19527,18684
21,386,khordha,Total,14,40577,21107,19470,1296,541,755,39281,20566,18715
21,386,khordha,Total,15,41848,21755,20093,1666,711,955,40182,21044,19138
21,386,khordha,Total,16,38428,19933,18495,1628,663,965,36800,19270,17530
21,386,khordha,Total,17,38257,19773,18484,1588,642,946,36669,19131,17538
21,386,khordha,Total,18,50474,26827,23647,2454,967,1487,48020,25860,22160
21,386,khordha,Total,19,42250,22093,20157,1835,690,1145,40415,21403,19012
21,386,khordha,Total,20-24,223140,113883,109257,12328,4320,8008,210812,109563,101249
21,386,khordha,Total,25-29,210276,103760,106516,15795,4983,10812,194481,98777,95704
21,386,khordha,Total,30-34,185882,94100,91782,18208,5628,12580,167674,88472,79202
21,386,khordha,Total,35-39,180906,92103,88803,24256,7390,16866,156650,84713,71937
21,386,khordha,Total,40-44,154168,81980,72188,24650,8124,16526,129518,73856,55662
21,386,khordha,Total,45-49,132390,70228,62162,24015,7645,16370,108375,62583,45792
21,386,khordha,Total,50-54,103621,55509,48112,20912,6220,14692,82709,49289,33420
21,386,khordha,Total,55-59,83235,44008,39227,18991,5027,13964,64244,38981,25263
21,386,khordha,Total,60-64,72841,38763,34078,22843,6498,16345,49998,32265,17733
21,386,khordha,Total,65-69,47729,25430,22299,16821,4849,11972,30908,20581,10327
21,386,khordha,Total,70-74,39128,20490,18638,16605,5156,11449,22523,15334,7189
21,386,khordha,Total,75-79,20426,10782,9644,8427,2554,5873,11999,8228,3771
21,386,khordha,Total,80+,24721,13182,11539,11189,3924,7265,13532,9258,4274
21,386,khordha,Total,Age not stated,7105,3863,3242,1319,569,750,5786,3294,2492
21,386,khordha,Rural,All ages,1167357,595809,571548,307677,124120,183557,859680,471689,387991
21,386,khordha,Rural,0-6,130977,68059,62918,130977,68059,62918,0,0,0
21,386,khordha,Rural,7,20703,10617,10086,4152,2112,2040,16551,8505,8046
21,386,khordha,Rural,8,21200,10906,10294,1675,855,820,19525,10051,9474
21,386,khordha,Rural,9,19706,10122,9584,882,413,469,18824,9709,9115
21,386,khordha,Rural,10,22483,11606,10877,1130,576,554,21353,11030,10323
21,386,khordha,Rural,11,22028,11268,10760,734,350,384,21294,10918,10376
21,386,khordha,Rural,12,23887,12229,11658,761,360,401,23126,11869,11257
21,386,khordha,Rural,13,21955,10961,10994,588,249,339,21367,10712,10655
21,386,khordha,Rural,14,22357,11380,10977,665,294,371,21692,11086,10606
21,386,khordha,Rural,15,22813,11593,11220,889,381,508,21924,11212,10712
21,386,khordha,Rural,16,20177,10098,10079,864,335,529,19313,9763,9550
21,386,khordha,Rural,17,19633,9683,9950,858,313,545,18775,9370,9405
21,386,khordha,Rural,18,25653,13148,12505,1372,512,860,24281,12636,11645
21,386,khordha,Rural,19,19580,9887,9693,960,344,616,18620,9543,9077
21,386,khordha,Rural,20-24,109241,55165,54076,6737,2335,4402,102504,52830,49674
21,386,khordha,Rural,25-29,105248,51873,53375,8987,2727,6260,96261,49146,47115
21,386,khordha,Rural,30-34,90710,45471,45239,11052,3302,7750,79658,42169,37489
21,386,khordha,Rural,35-39,89042,45068,43974,15599,4683,10916,73443,40385,33058
21,386,khordha,Rural,40-44,74973,39725,35248,16351,5273,11078,58622,34452,24170
21,386,khordha,Rural,45-49,64479,33480,30999,16199,5048,11151,48280,28432,19848
21,386,khordha,Rural,50-54,50758,25910,24848,14421,4111,10310,36337,21799,14538
21,386,khordha,Rural,55-59,43523,21637,21886,13836,3517,10319,29687,18120,11567
21,386,khordha,Rural,60-64,42801,22068,20733,17182,4813,12369,25619,17255,8364
21,386,khordha,Rural,65-69,29001,14889,14112,13082,3817,9265,15919,11072,4847
21,386,khordha,Rural,70-74,24641,12778,11863,12651,4042,8609,11990,8736,3254
21,386,khordha,Rural,75-79,12585,6716,5869,6410,2036,4374,6175,4680,1495
21,386,khordha,Rural,80+,14746,8171,6575,8022,3010,5012,6724,5161,1563
21,386,khordha,Rural,Age not stated,2457,1301,1156,641,253,388,1816,1048,768
21,386,khordha,Urban,All ages,1084316,571328,512988,194060,85502,108558,890256,485826,404430
21,386,khordha,Urban,0-6,106417,55820,50597,106417,55820,50597,0,0,0
21,386,khordha,Urban,7,17999,9451,8548,2695,1367,1328,15304,8084,7220
21,386,khordha,Urban,8,17460,9129,8331,1170,554,616,16290,8575,7715
21,386,khordha,Urban,9,16271,8536,7735,759,386,373,15512,8150,7362
21,386,khordha,Urban,10,18774,10051,8723,1069,518,551,17705,9533,8172
21,386,khordha,Urban,11,18203,9803,8400,613,310,303,17590,9493,8097
21,386,khordha,Urban,12,18814,9958,8856,739,355,384,18075,9603,8472
21,386,khordha,Urban,13,17394,9052,8342,550,237,313,16844,8815,8029
21,386,khordha,Urban,14,18220,9727,8493,631,247,384,17589,9480,8109
21,386,khordha,Urban,15,19035,10162,8873,777,330,447,18258,9832,8426
21,386,khordha,Urban,16,18251,9835,8416,764,328,436,17487,9507,7980
21,386,khordha,Urban,17,18624,10090,8534,730,329,401,17894,9761,8133
21,386,khordha,Urban,18,24821,13679,11142,1082,455,627,23739,13224,10515
21,386,khordha,Urban,19,22670,12206,10464,875,346,529,21795,11860,9935
21,386,khordha,Urban,20-24,113899,58718,55181,5591,1985,3606,108308,56733,51575
21,386,khordha,Urban,25-29,105028,51887,53141,6808,2256,4552,98220,49631,48589
21,386,khordha,Urban,30-34,95172,48629,46543,7156,2326,4830,88016,46303,41713
21,386,khordha,Urban,35-39,91864,47035,44829,8657,2707,5950,83207,44328,38879
21,386,khordha,Urban,40-44,79195,42255,36940,8299,2851,5448,70896,39404,31492
21,386,khordha,Urban,45-49,67911,36748,31163,7816,2597,5219,60095,34151,25944
21,386,khordha,Urban,50-54,52863,29599,23264,6491,2109,4382,46372,27490,18882
21,386,khordha,Urban,55-59,39712,22371,17341,5155,1510,3645,34557,20861,13696
21,386,khordha,Urban,60-64,30040,16695,13345,5661,1685,3976,24379,15010,9369
21,386,khordha,Urban,65-69,18728,10541,8187,3739,1032,2707,14989,9509,5480
21,386,khordha,Urban,70-74,14487,7712,6775,3954,1114,2840,10533,6598,3935
21,386,khordha,Urban,75-79,7841,4066,3775,2017,518,1499,5824,3548,2276
21,386,khordha,Urban,80+,9975,5011,4964,3167,914,2253,6808,4097,2711
21,386,khordha,Urban,Age not stated,4648,2562,2086,678,316,362,3970,2246,1724
21,387,puri,Total,All ages,1698730,865380,833350,406791,160523,246268,1291939,704857,587082
21,387,puri,Total,0-6,172888,89496,83392,172888,89496,83392,0,0,0
21,387,puri,Total,7,27615,14113,13502,5702,2903,2799,21913,11210,10703
21,387,puri,Total,8,29577,15430,14147,2187,1139,1048,27390,14291,13099
21,387,puri,Total,9,27393,14200,13193,1077,551,526,26316,13649,12667
21,387,puri,Total,10,31353,16382,14971,1151,601,550,30202,15781,14421
21,387,puri,Total,11,32186,16656,15530,733,338,395,31453,16318,15135
21,387,puri,Total,12,33876,17346,16530,810,399,411,33066,16947,16119
21,387,puri,Total,13,31706,15921,15785,644,292,352,31062,15629,15433
21,387,puri,Total,14,32294,16209,16085,698,300,398,31596,15909,15687
21,387,puri,Total,15,33136,16634,16502,872,403,469,32264,16231,16033
21,387,puri,Total,16,29211,14694,14517,830,386,444,28381,14308,14073
21,387,puri,Total,17,27525,13597,13928,832,375,457,26693,13222,13471
21,387,puri,Total,18,36020,18680,17340,1254,554,700,34766,18126,16640
21,387,puri,Total,19,28404,14411,13993,909,352,557,27495,14059,13436
21,387,puri,Total,20-24,162387,81343,81044,7211,2376,4835,155176,78967,76209
21,387,puri,Total,25-29,152563,75504,77059,9965,2988,6977,142598,72516,70082
21,387,puri,Total,30-34,130744,65564,65180,12931,3661,9270,117813,61903,55910
21,387,puri,Total,35-39,129725,65258,64467,18911,5182,13729,110814,60076,50738
21,387,puri,Total,40-44,115983,60325,55658,21677,6451,15226,94306,53874,40432
21,387,puri,Total,45-49,100978,52654,48324,22414,6583,15831,78564,46071,32493
21,387,puri,Total,50-54,79797,41910,37887,19597,5436,14161,60200,36474,23726
21,387,puri,Total,55-59,63293,31775,31518,17971,4328,13643,45322,27447,17875
21,387,puri,Total,60-64,60986,31570,29416,22470,5919,16551,38516,25651,12865
21,387,puri,Total,65-69,44254,22217,22037,19292,5139,14153,24962,17078,7884
21,387,puri,Total,70-74,37998,19202,18796,19461,5966,13495,18537,13236,5301
21,387,puri,Total,75-79,20319,10565,9754,10749,3543,7206,9570,7022,2548
21,387,puri,Total,80+,22019,11536,10483,12393,4442,7951,9626,7094,2532
21,387,puri,Total,Age not stated,4500,2188,2312,1162,420,742,3338,1768,1570
21,387,puri,Rural,All ages,1433800,728213,705587,351598,136363,215235,1082202,591850,490352
21,387,puri,Rural,0-6,147983,76563,71420,147983,76563,71420,0,0,0
21,387,puri,Rural,7,23099,11777,11322,4916,2497,2419,18183,9280,8903
21,387,puri,Rural,8,24970,12971,11999,1799,944,855,23171,12027,11144
21,387,puri,Rural,9,23441,12134,11307,840,446,394,22601,11688,10913
21,387,puri,Rural,10,26706,13922,12784,873,447,426,25833,13475,12358
21,387,puri,Rural,11,27774,14327,13447,524,247,277,27250,14080,13170
21,387,puri,Rural,12,29009,14852,14157,528,256,272,28481,14596,13885
21,387,puri,Rural,13,27453,13737,13716,447,194,253,27006,13543,13463
21,387,puri,Rural,14,27761,13865,13896,469,192,277,27292,13673,13619
21,387,puri,Rural,15,28250,14029,14221,568,237,331,27682,13792,13890
21,387,puri,Rural,16,24671,12294,12377,561,242,319,24110,12052,12058
21,387,puri,Rural,17,23102,11289,11813,548,225,323,22554,11064,11490
21,387,puri,Rural,18,30430,15625,14805,850,320,530,29580,15305,14275
21,387,puri,Rural,19,23700,11974,11726,600,216,384,23100,11758,11342
21,387,puri,Rural,20-24,135100,67595,67505,5026,1580,3446,130074,66015,64059
21,387,puri,Rural,25-29,127117,62960,64157,7616,2095,5521,119501,60865,58636
21,387,puri,Rural,30-34,108134,54045,54089,10408,2675,7733,97726,51370,46356
21,387,puri,Rural,35-39,107685,53991,53694,16101,4129,11972,91584,49862,41722
21,387,puri,Rural,40-44,96820,49986,46834,18915,5373,13542,77905,44613,33292
21,387,puri,Rural,45-49,84621,44019,40602,19888,5657,14231,64733,38362,26371
21,387,puri,Rural,50-54,67007,35062,31945,17394,4655,12739,49613,30407,19206
21,387,puri,Rural,55-59,53637,26633,27004,16296,3793,12503,37341,22840,14501
21,387,puri,Rural,60-64,52434,27146,25288,20297,5272,15025,32137,21874,10263
21,387,puri,Rural,65-69,38773,19349,19424,17929,4766,13163,20844,14583,6261
21,387,puri,Rural,70-74,33166,16731,16435,17888,5493,12395,15278,11238,4040
21,387,puri,Rural,75-79,17797,9275,8522,9954,3333,6621,7843,5942,1901
21,387,puri,Rural,80+,19042,10072,8970,11299,4128,7171,7743,5944,1799
21,387,puri,Rural,Age not stated,4118,1990,2128,1081,388,693,3037,1602,1435
21,387,puri,Urban,All ages,264930,137167,127763,55193,24160,31033,209737,113007,96730
21,387,puri,Urban,0-6,24905,12933,11972,24905,12933,11972,0,0,0
21,387,puri,Urban,7,4516,2336,2180,786,406,380,3730,1930,1800
21,387,puri,Urban,8,4607,2459,2148,388,195,193,4219,2264,1955
21,387,puri,Urban,9,3952,2066,1886,237,105,132,3715,1961,1754
21,387,puri,Urban,10,4647,2460,2187,278,154,124,4369,2306,2063
21,387,puri,Urban,11,4412,2329,2083,209,91,118,4203,2238,1965
21,387,puri,Urban,12,4867,2494,2373,282,143,139,4585,2351,2234
21,387,puri,Urban,13,4253,2184,2069,197,98,99,4056,2086,1970
21,387,puri,Urban,14,4533,2344,2189,229,108,121,4304,2236,2068
21,387,puri,Urban,15,4886,2605,2281,304,166,138,4582,2439,2143
21,387,puri,Urban,16,4540,2400,2140,269,144,125,4271,2256,2015
21,387,puri,Urban,17,4423,2308,2115,284,150,134,4139,2158,1981
21,387,puri,Urban,18,5590,3055,2535,404,234,170,5186,2821,2365
21,387,puri,Urban,19,4704,2437,2267,309,136,173,4395,2301,2094
21,387,puri,Urban,20-24,27287,13748,13539,2185,796,1389,25102,12952,12150
21,387,puri,Urban,25-29,25446,12544,12902,2349,893,1456,23097,11651,11446
21,387,puri,Urban,30-34,22610,11519,11091,2523,986,1537,20087,10533,9554
21,387,puri,Urban,35-39,22040,11267,10773,2810,1053,1757,19230,10214,9016
21,387,puri,Urban,40-44,19163,10339,8824,2762,1078,1684,16401,9261,7140
21,387,puri,Urban,45-49,16357,8635,7722,2526,926,1600,13831,7709,6122
21,387,puri,Urban,50-54,12790,6848,5942,2203,781,1422,10587,6067,4520
21,387,puri,Urban,55-59,9656,5142,4514,1675,535,1140,7981,4607,3374
21,387,puri,Urban,60-64,8552,4424,4128,2173,647,1526,6379,3777,2602
21,387,puri,Urban,65-69,5481,2868,2613,1363,373,990,4118,2495,1623
21,387,puri,Urban,70-74,4832,2471,2361,1573,473,1100,3259,1998,1261
21,387,puri,Urban,75-79,2522,1290,1232,795,210,585,1727,1080,647
21,387,puri,Urban,80+,2977,1464,1513,1094,314,780,1883,1150,733
21,387,puri,Urban,Age not stated,382,198,184,81,32,49,301,166,135
21,388,ganjam,Total,All ages,3529031,1779218,1749813,1318981,516566,802415,2210050,1262652,947398
21,388,ganjam,Total,0-6,420158,220159,199999,420158,220159,199999,0,0,0
21,388,ganjam,Total,7,69589,35613,33976,20635,10426,10209,48954,25187,23767
21,388,ganjam,Total,8,72926,37579,35347,10014,4961,5053,62912,32618,30294
21,388,ganjam,Total,9,66609,34046,32563,5342,2498,2844,61267,31548,29719
21,388,ganjam,Total,10,80007,41077,38930,6757,3247,3510,73250,37830,35420
21,388,ganjam,Total,11,75197,38006,37191,4329,1942,2387,70868,36064,34804
21,388,ganjam,Total,12,82181,41474,40707,5523,2340,3183,76658,39134,37524
21,388,ganjam,Total,13,73967,36550,37417,4648,1872,2776,69319,34678,34641
21,388,ganjam,Total,14,76597,37447,39150,5536,2108,3428,71061,35339,35722
21,388,ganjam,Total,15,78727,38639,40088,7790,2867,4923,70937,35772,35165
21,388,ganjam,Total,16,71672,35547,36125,8054,2822,5232,63618,32725,30893
21,388,ganjam,Total,17,61952,30892,31060,6932,2358,4574,55020,28534,26486
21,388,ganjam,Total,18,82001,42203,39798,11314,3947,7367,70687,38256,32431
21,388,ganjam,Total,19,57688,29685,28003,7413,2430,4983,50275,27255,23020
21,388,ganjam,Total,20-24,319599,162910,156689,54500,17070,37430,265099,145840,119259
21,388,ganjam,Total,25-29,291362,144184,147178,66994,20091,46903,224368,124093,100275
21,388,ganjam,Total,30-34,256254,123501,132753,75004,21460,53544,181250,102041,79209
21,388,ganjam,Total,35-39,253926,123112,130814,91692,27213,64479,162234,95899,66335
21,388,ganjam,Total,40-44,225241,115127,110114,91611,30182,61429,133630,84945,48685
21,388,ganjam,Total,45-49,189335,98706,90629,81912,28046,53866,107423,70660,36763
21,388,ganjam,Total,50-54,151588,76524,75064,71264,23069,48195,80324,53455,26869
21,388,ganjam,Total,55-59,121201,59861,61340,58692,17405,41287,62509,42456,20053
21,388,ganjam,Total,60-64,123636,60743,62893,68587,21442,47145,55049,39301,15748
21,388,ganjam,Total,65-69,81729,41144,40585,46359,14903,31456,35370,26241,9129
21,388,ganjam,Total,70-74,68639,34262,34377,43192,14959,28233,25447,19303,6144
21,388,ganjam,Total,75-79,31108,16246,14862,18656,6715,11941,12452,9531,2921
21,388,ganjam,Total,80+,35348,18452,16896,22242,8577,13665,13106,9875,3231
21,388,ganjam,Total,Age not stated,10794,5529,5265,3831,1457,2374,6963,4072,2891
21,388,ganjam,Rural,All ages,2761030,1383636,1377394,1125880,437924,687956,1635150,945712,689438
21,388,ganjam,Rural,0-6,342463,179550,162913,342463,179550,162913,0,0,0
21,388,ganjam,Rural,7,57049,29167,27882,17835,8992,8843,39214,20175,19039
21,388,ganjam,Rural,8,60188,30960,29228,8759,4345,4414,51429,26615,24814
21,388,ganjam,Rural,9,54955,27948,27007,4570,2143,2427,50385,25805,24580
21,388,ganjam,Rural,10,65759,33601,32158,5697,2727,2970,60062,30874,29188
21,388,ganjam,Rural,11,61684,31061,30623,3655,1606,2049,58029,29455,28574
21,388,ganjam,Rural,12,67210,33834,33376,4650,1961,2689,62560,31873,30687
21,388,ganjam,Rural,13,59980,29484,30496,3967,1564,2403,56013,27920,28093
21,388,ganjam,Rural,14,61884,30030,31854,4676,1769,2907,57208,28261,28947
21,388,ganjam,Rural,15,62367,30208,32159,6665,2437,4228,55702,27771,27931
21,388,ganjam,Rural,16,56055,27307,28748,6930,2379,4551,49125,24928,24197
21,388,ganjam,Rural,17,47245,23234,24011,5914,1981,3933,41331,21253,20078
21,388,ganjam,Rural,18,62640,31766,30874,9697,3309,6388,52943,28457,24486
21,388,ganjam,Rural,19,42768,21749,21019,6363,2045,4318,36405,19704,16701
21,388,ganjam,Rural,20-24,241508,122325,119183,47232,14496,32736,194276,107829,86447
21,388,ganjam,Rural,25-29,222144,109577,112567,58546,17351,41195,163598,92226,71372
21,388,ganjam,Rural,30-34,194930,92451,102479,66031,18570,47461,128899,73881,55018
21,388,ganjam,Rural,35-39,195105,93743,101362,80598,23838,56760,114507,69905,44602
21,388,ganjam,Rural,40-44,172291,87795,84496,80157,26333,53824,92134,61462,30672
21,388,ganjam,Rural,45-49,143605,74370,69235,71522,24500,47022,72083,49870,22213
21,388,ganjam,Rural,50-54,115240,57294,57946,61973,20156,41817,53267,37138,16129
21,388,ganjam,Rural,55-59,93275,45136,48139,51575,15343,36232,41700,29793,11907
21,388,ganjam,Rural,60-64,98074,47848,50226,59897,18944,40953,38177,28904,9273
21,388,ganjam,Rural,65-69,65682,32871,32811,40773,13314,27459,24909,19557,5352
21,388,ganjam,Rural,70-74,55332,27753,27579,37409,13347,24062,17923,14406,3517
21,388,ganjam,Rural,75-79,24574,13002,11572,16053,5990,10063,8521,7012,1509
21,388,ganjam,Rural,80+,28008,14998,13010,18811,7610,11201,9197,7388,1809
21,388,ganjam,Rural,Age not stated,9015,4574,4441,3462,1324,2138,5553,3250,2303
21,388,ganjam,Urban,All ages,768001,395582,372419,193101,78642,114459,574900,316940,257960
21,388,ganjam,Urban,0-6,77695,40609,37086,77695,40609,37086,0,0,0
21,388,ganjam,Urban,7,12540,6446,6094,2800,1434,1366,9740,5012,4728
21,388,ganjam,Urban,8,12738,6619,6119,1255,616,639,11483,6003,5480
21,388,ganjam,Urban,9,11654,6098,5556,772,355,417,10882,5743,5139
21,388,ganjam,Urban,10,14248,7476,6772,1060,520,540,13188,6956,6232
21,388,ganjam,Urban,11,13513,6945,6568,674,336,338,12839,6609,6230
21,388,ganjam,Urban,12,14971,7640,7331,873,379,494,14098,7261,6837
21,388,ganjam,Urban,13,13987,7066,6921,681,308,373,13306,6758,6548
21,388,ganjam,Urban,14,14713,7417,7296,860,339,521,13853,7078,6775
21,388,ganjam,Urban,15,16360,8431,7929,1125,430,695,15235,8001,7234
21,388,ganjam,Urban,16,15617,8240,7377,1124,443,681,14493,7797,6696
21,388,ganjam,Urban,17,14707,7658,7049,1018,377,641,13689,7281,6408
21,388,ganjam,Urban,18,19361,10437,8924,1617,638,979,17744,9799,7945
21,388,ganjam,Urban,19,14920,7936,6984,1050,385,665,13870,7551,6319
21,388,ganjam,Urban,20-24,78091,40585,37506,7268,2574,4694,70823,38011,32812
21,388,ganjam,Urban,25-29,69218,34607,34611,8448,2740,5708,60770,31867,28903
21,388,ganjam,Urban,30-34,61324,31050,30274,8973,2890,6083,52351,28160,24191
21,388,ganjam,Urban,35-39,58821,29369,29452,11094,3375,7719,47727,25994,21733
21,388,ganjam,Urban,40-44,52950,27332,25618,11454,3849,7605,41496,23483,18013
21,388,ganjam,Urban,45-49,45730,24336,21394,10390,3546,6844,35340,20790,14550
21,388,ganjam,Urban,50-54,36348,19230,17118,9291,2913,6378,27057,16317,10740
21,388,ganjam,Urban,55-59,27926,14725,13201,7117,2062,5055,20809,12663,8146
21,388,ganjam,Urban,60-64,25562,12895,12667,8690,2498,6192,16872,10397,6475
21,388,ganjam,Urban,65-69,16047,8273,7774,5586,1589,3997,10461,6684,3777
21,388,ganjam,Urban,70-74,13307,6509,6798,5783,1612,4171,7524,4897,2627
21,388,ganjam,Urban,75-79,6534,3244,3290,2603,725,1878,3931,2519,1412
21,388,ganjam,Urban,80+,7340,3454,3886,3431,967,2464,3909,2487,1422
21,388,ganjam,Urban,Age not stated,1779,955,824,369,133,236,1410,822,588
21,389,gajapati,Total,All ages,577817,282882,294935,315280,129219,186061,262537,153663,108874
21,389,gajapati,Total,0-6,86984,44212,42772,86984,44212,42772,0,0,0
21,389,gajapati,Total,7,14792,7394,7398,6876,3317,3559,7916,4077,3839
21,389,gajapati,Total,8,14982,7655,7327,4340,2107,2233,10642,5548,5094
21,389,gajapati,Total,9,13680,6810,6870,2727,1244,1483,10953,5566,5387
21,389,gajapati,Total,10,15478,7839,7639,3077,1397,1680,12401,6442,5959
21,389,gajapati,Total,11,13218,6648,6570,2050,852,1198,11168,5796,5372
21,389,gajapati,Total,12,14153,7058,7095,2400,976,1424,11753,6082,5671
21,389,gajapati,Total,13,12089,5983,6106,1893,716,1177,10196,5267,4929
21,389,gajapati,Total,14,11816,5927,5889,1924,697,1227,9892,5230,4662
21,389,gajapati,Total,15,12619,6392,6227,2736,968,1768,9883,5424,4459
21,389,gajapati,Total,16,11274,5608,5666,2560,894,1666,8714,4714,4000
21,389,gajapati,Total,17,9301,4747,4554,2144,780,1364,7157,3967,3190
21,389,gajapati,Total,18,12554,6166,6388,3639,1169,2470,8915,4997,3918
21,389,gajapati,Total,19,8956,4239,4717,2711,796,1915,6245,3443,2802
21,389,gajapati,Total,20-24,48534,22921,25613,17843,5268,12575,30691,17653,13038
21,389,gajapati,Total,25-29,44957,21860,23097,20423,6937,13486,24534,14923,9611
21,389,gajapati,Total,30-34,39002,18510,20492,20316,6968,13348,18686,11542,7144
21,389,gajapati,Total,35-39,39873,19093,20780,23255,8288,14967,16618,10805,5813
21,389,gajapati,Total,40-44,35398,17572,17826,22528,8830,13698,12870,8742,4128
21,389,gajapati,Total,45-49,29770,15310,14460,19752,8211,11541,10018,7099,2919
21,389,gajapati,Total,50-54,22857,11246,11611,15947,6454,9493,6910,4792,2118
21,389,gajapati,Total,55-59,17958,8334,9624,12910,4774,8136,5048,3560,1488
21,389,gajapati,Total,60-64,19286,8638,10648,14987,5585,9402,4299,3053,1246
21,389,gajapati,Total,65-69,11182,4986,6196,8686,3148,5538,2496,1838,658
21,389,gajapati,Total,70-74,7838,3460,4378,6207,2270,3937,1631,1190,441
21,389,gajapati,Total,75-79,2921,1312,1609,2273,826,1447,648,486,162
21,389,gajapati,Total,80+,3030,1333,1697,2296,819,1477,734,514,220
21,389,gajapati,Total,Age not stated,3315,1629,1686,1796,716,1080,1519,913,606
21,389,gajapati,Rural,All ages,507151,247655,259496,293991,120721,173270,213160,126934,86226
21,389,gajapati,Rural,0-6,79684,40387,39297,79684,40387,39297,0,0,0
21,389,gajapati,Rural,7,13590,6774,6816,6570,3154,3416,7020,3620,3400
21,389,gajapati,Rural,8,13688,7006,6682,4183,2025,2158,9505,4981,4524
21,389,gajapati,Rural,9,12457,6149,6308,2654,1203,1451,9803,4946,4857
21,389,gajapati,Rural,10,14011,7039,6972,2951,1323,1628,11060,5716,5344
21,389,gajapati,Rural,11,11773,5891,5882,1979,817,1162,9794,5074,4720
21,389,gajapati,Rural,12,12625,6295,6330,2308,933,1375,10317,5362,4955
21,389,gajapati,Rural,13,10638,5301,5337,1813,680,1133,8825,4621,4204
21,389,gajapati,Rural,14,10312,5179,5133,1832,659,1173,8480,4520,3960
21,389,gajapati,Rural,15,11157,5606,5551,2632,918,1714,8525,4688,3837
21,389,gajapati,Rural,16,9834,4879,4955,2445,848,1597,7389,4031,3358
21,389,gajapati,Rural,17,8085,4119,3966,2040,733,1307,6045,3386,2659
21,389,gajapati,Rural,18,10885,5327,5558,3443,1088,2355,7442,4239,3203
21,389,gajapati,Rural,19,7701,3615,4086,2574,738,1836,5127,2877,2250
21,389,gajapati,Rural,20-24,41989,19682,22307,16891,4912,11979,25098,14770,10328
21,389,gajapati,Rural,25-29,38814,18898,19916,19215,6519,12696,19599,12379,7220
21,389,gajapati,Rural,30-34,33348,15759,17589,19100,6562,12538,14248,9197,5051
21,389,gajapati,Rural,35-39,34283,16321,17962,21836,7820,14016,12447,8501,3946
21,389,gajapati,Rural,40-44,30502,15040,15462,21177,8362,12815,9325,6678,2647
21,389,gajapati,Rural,45-49,25553,13149,12404,18452,7784,10668,7101,5365,1736
21,389,gajapati,Rural,50-54,19533,9620,9913,14819,6127,8692,4714,3493,1221
21,389,gajapati,Rural,55-59,15353,7040,8313,12037,4536,7501,3316,2504,812
21,389,gajapati,Rural,60-64,16837,7546,9291,13865,5277,8588,2972,2269,703
21,389,gajapati,Rural,65-69,9729,4337,5392,8022,2980,5042,1707,1357,350
21,389,gajapati,Rural,70-74,6691,2964,3727,5656,2132,3524,1035,832,203
21,389,gajapati,Rural,75-79,2432,1083,1349,2038,763,1275,394,320,74
21,389,gajapati,Rural,80+,2515,1119,1396,2035,750,1285,480,369,111
21,389,gajapati,Rural,Age not stated,3132,1530,1602,1740,691,1049,1392,839,553
21,389,gajapati,Urban,All ages,70666,35227,35439,21289,8498,12791,49377,26729,22648
21,389,gajapati,Urban,0-6,7300,3825,3475,7300,3825,3475,0,0,0
21,389,gajapati,Urban,7,1202,620,582,306,163,143,896,457,439
21,389,gajapati,Urban,8,1294,649,645,157,82,75,1137,567,570
21,389,gajapati,Urban,9,1223,661,562,73,41,32,1150,620,530
21,389,gajapati,Urban,10,1467,800,667,126,74,52,1341,726,615
21,389,gajapati,Urban,11,1445,757,688,71,35,36,1374,722,652
21,389,gajapati,Urban,12,1528,763,765,92,43,49,1436,720,716
21,389,gajapati,Urban,13,1451,682,769,80,36,44,1371,646,725
21,389,gajapati,Urban,14,1504,748,756,92,38,54,1412,710,702
21,389,gajapati,Urban,15,1462,786,676,104,50,54,1358,736,622
21,389,gajapati,Urban,16,1440,729,711,115,46,69,1325,683,642
21,389,gajapati,Urban,17,1216,628,588,104,47,57,1112,581,531
21,389,gajapati,Urban,18,1669,839,830,196,81,115,1473,758,715
21,389,gajapati,Urban,19,1255,624,631,137,58,79,1118,566,552
21,389,gajapati,Urban,20-24,6545,3239,3306,952,356,596,5593,2883,2710
21,389,gajapati,Urban,25-29,6143,2962,3181,1208,418,790,4935,2544,2391
21,389,gajapati,Urban,30-34,5654,2751,2903,1216,406,810,4438,2345,2093
21,389,gajapati,Urban,35-39,5590,2772,2818,1419,468,951,4171,2304,1867
21,389,gajapati,Urban,40-44,4896,2532,2364,1351,468,883,3545,2064,1481
21,389,gajapati,Urban,45-49,4217,2161,2056,1300,427,873,2917,1734,1183
21,389,gajapati,Urban,50-54,3324,1626,1698,1128,327,801,2196,1299,897
21,389,gajapati,Urban,55-59,2605,1294,1311,873,238,635,1732,1056,676
21,389,gajapati,Urban,60-64,2449,1092,1357,1122,308,814,1327,784,543
21,389,gajapati,Urban,65-69,1453,649,804,664,168,496,789,481,308
21,389,gajapati,Urban,70-74,1147,496,651,551,138,413,596,358,238
21,389,gajapati,Urban,75-79,489,229,260,235,63,172,254,166,88
21,389,gajapati,Urban,80+,515,214,301,261,69,192,254,145,109
21,389,gajapati,Urban,Age not stated,183,99,84,56,25,31,127,74,53
21,390,kandhamal,Total,All ages,733110,359945,373165,333324,126045,207279,399786,233900,165886
21,390,kandhamal,Total,0-6,109709,55915,53794,109709,55915,53794,0,0,0
21,390,kandhamal,Total,7,18721,9325,9396,6621,3244,3377,12100,6081,6019
21,390,kandhamal,Total,8,20033,9986,10047,3695,1775,1920,16338,8211,8127
21,390,kandhamal,Total,9,17201,8499,8702,1851,845,1006,15350,7654,7696
21,390,kandhamal,Total,10,20475,10367,10108,2245,998,1247,18230,9369,8861
21,390,kandhamal,Total,11,17522,8726,8796,1406,607,799,16116,8119,7997
21,390,kandhamal,Total,12,18474,9332,9142,1654,625,1029,16820,8707,8113
21,390,kandhamal,Total,13,15413,7630,7783,1321,467,854,14092,7163,6929
21,390,kandhamal,Total,14,14514,7176,7338,1372,457,915,13142,6719,6423
21,390,kandhamal,Total,15,15342,7605,7737,2113,688,1425,13229,6917,6312
21,390,kandhamal,Total,16,13041,6321,6720,1882,527,1355,11159,5794,5365
21,390,kandhamal,Total,17,10375,4988,5387,1508,389,1119,8867,4599,4268
21,390,kandhamal,Total,18,15376,7307,8069,3070,776,2294,12306,6531,5775
21,390,kandhamal,Total,19,10316,4697,5619,1881,418,1463,8435,4279,4156
21,390,kandhamal,Total,20-24,62252,28684,33568,14508,3246,11262,47744,25438,22306
21,390,kandhamal,Total,25-29,57861,28180,29681,17214,4278,12936,40647,23902,16745
21,390,kandhamal,Total,30-34,47309,23021,24288,17705,4616,13089,29604,18405,11199
21,390,kandhamal,Total,35-39,48044,23247,24797,21581,5975,15606,26463,17272,9191
21,390,kandhamal,Total,40-44,44376,22289,22087,22576,6995,15581,21800,15294,6506
21,390,kandhamal,Total,45-49,37742,19360,18382,20659,7017,13642,17083,12343,4740
21,390,kandhamal,Total,50-54,29740,15018,14722,17557,6063,11494,12183,8955,3228
21,390,kandhamal,Total,55-59,24594,11567,13027,15305,4576,10729,9289,6991,2298
21,390,kandhamal,Total,60-64,29055,14110,14945,20237,6985,13252,8818,7125,1693
21,390,kandhamal,Total,65-69,15757,7626,8131,11197,3867,7330,4560,3759,801
21,390,kandhamal,Total,70-74,10288,4605,5683,7802,2532,5270,2486,2073,413
21,390,kandhamal,Total,75-79,4186,1909,2277,3088,996,2092,1098,913,185
21,390,kandhamal,Total,80+,4157,1852,2305,3058,997,2061,1099,855,244
21,390,kandhamal,Total,Age not stated,1237,603,634,509,171,338,728,432,296
21,390,kandhamal,Rural,All ages,660831,323523,337308,316938,119726,197212,343893,203797,140096
21,390,kandhamal,Rural,0-6,101816,51758,50058,101816,51758,50058,0,0,0
21,390,kandhamal,Rural,7,17290,8574,8716,6322,3093,3229,10968,5481,5487
21,390,kandhamal,Rural,8,18576,9259,9317,3593,1718,1875,14983,7541,7442
21,390,kandhamal,Rural,9,15857,7831,8026,1820,830,990,14037,7001,7036
21,390,kandhamal,Rural,10,18787,9572,9215,2184,968,1216,16603,8604,7999
21,390,kandhamal,Rural,11,15953,7966,7987,1380,595,785,14573,7371,7202
21,390,kandhamal,Rural,12,16782,8521,8261,1629,615,1014,15153,7906,7247
21,390,kandhamal,Rural,13,13831,6894,6937,1287,452,835,12544,6442,6102
21,390,kandhamal,Rural,14,12935,6478,6457,1341,446,895,11594,6032,5562
21,390,kandhamal,Rural,15,13801,6874,6927,2073,675,1398,11728,6199,5529
21,390,kandhamal,Rural,16,11714,5684,6030,1841,514,1327,9873,5170,4703
21,390,kandhamal,Rural,17,9166,4375,4791,1472,374,1098,7694,4001,3693
21,390,kandhamal,Rural,18,13867,6529,7338,2987,751,2236,10880,5778,5102
21,390,kandhamal,Rural,19,9036,4071,4965,1825,403,1422,7211,3668,3543
21,390,kandhamal,Rural,20-24,55378,25268,30110,14102,3153,10949,41276,22115,19161
21,390,kandhamal,Rural,25-29,51564,25116,26448,16699,4167,12532,34865,20949,13916
21,390,kandhamal,Rural,30-34,41658,20200,21458,17070,4472,12598,24588,15728,8860
21,390,kandhamal,Rural,35-39,42501,20552,21949,20787,5809,14978,21714,14743,6971
21,390,kandhamal,Rural,40-44,39249,19654,19595,21651,6782,14869,17598,12872,4726
21,390,kandhamal,Rural,45-49,33130,16889,16241,19796,6803,12993,13334,10086,3248
21,390,kandhamal,Rural,50-54,26335,13110,13225,16846,5876,10970,9489,7234,2255
21,390,kandhamal,Rural,55-59,22151,10233,11918,14724,4460,10264,7427,5773,1654
21,390,kandhamal,Rural,60-64,26957,13033,13924,19439,6782,12657,7518,6251,1267
21,390,kandhamal,Rural,65-69,14506,6968,7538,10704,3723,6981,3802,3245,557
21,390,kandhamal,Rural,70-74,9367,4203,5164,7325,2443,4882,2042,1760,282
21,390,kandhamal,Rural,75-79,3759,1701,2058,2888,950,1938,871,751,120
21,390,kandhamal,Rural,80+,3698,1644,2054,2847,951,1896,851,693,158
21,390,kandhamal,Rural,Age not stated,1167,566,601,490,163,327,677,403,274
21,390,kandhamal,Urban,All ages,72279,36422,35857,16386,6319,10067,55893,30103,25790
21,390,kandhamal,Urban,0-6,7893,4157,3736,7893,4157,3736,0,0,0
21,390,kandhamal,Urban,7,1431,751,680,299,151,148,1132,600,532
21,390,kandhamal,Urban,8,1457,727,730,102,57,45,1355,670,685
21,390,kandhamal,Urban,9,1344,668,676,31,15,16,1313,653,660
21,390,kandhamal,Urban,10,1688,795,893,61,30,31,1627,765,862
21,390,kandhamal,Urban,11,1569,760,809,26,12,14,1543,748,795
21,390,kandhamal,Urban,12,1692,811,881,25,10,15,1667,801,866
21,390,kandhamal,Urban,13,1582,736,846,34,15,19,1548,721,827
21,390,kandhamal,Urban,14,1579,698,881,31,11,20,1548,687,861
21,390,kandhamal,Urban,15,1541,731,810,40,13,27,1501,718,783
21,390,kandhamal,Urban,16,1327,637,690,41,13,28,1286,624,662
21,390,kandhamal,Urban,17,1209,613,596,36,15,21,1173,598,575
21,390,kandhamal,Urban,18,1509,778,731,83,25,58,1426,753,673
21,390,kandhamal,Urban,19,1280,626,654,56,15,41,1224,611,613
21,390,kandhamal,Urban,20-24,6874,3416,3458,406,93,313,6468,3323,3145
21,390,kandhamal,Urban,25-29,6297,3064,3233,515,111,404,5782,2953,2829
21,390,kandhamal,Urban,30-34,5651,2821,2830,635,144,491,5016,2677,2339
21,390,kandhamal,Urban,35-39,5543,2695,2848,794,166,628,4749,2529,2220
21,390,kandhamal,Urban,40-44,5127,2635,2492,925,213,712,4202,2422,1780
21,390,kandhamal,Urban,45-49,4612,2471,2141,863,214,649,3749,2257,1492
21,390,kandhamal,Urban,50-54,3405,1908,1497,711,187,524,2694,1721,973
21,390,kandhamal,Urban,55-59,2443,1334,1109,581,116,465,1862,1218,644
21,390,kandhamal,Urban,60-64,2098,1077,1021,798,203,595,1300,874,426
21,390,kandhamal,Urban,65-69,1251,658,593,493,144,349,758,514,244
21,390,kandhamal,Urban,70-74,921,402,519,477,89,388,444,313,131
21,390,kandhamal,Urban,75-79,427,208,219,200,46,154,227,162,65
21,390,kandhamal,Urban,80+,459,208,251,211,46,165,248,162,86
21,390,kandhamal,Urban,Age not stated,70,37,33,19,8,11,51,29,22
21,391,baudh,Total,All ages,441162,221625,219537,169550,62977,106573,271612,158648,112964
21,391,baudh,Total,0-6,61847,31260,30587,61847,31260,30587,0,0,0
21,391,baudh,Total,7,8878,4457,4421,2429,1210,1219,6449,3247,3202
21,391,baudh,Total,8,9367,4742,4625,1028,504,524,8339,4238,4101
21,391,baudh,Total,9,9478,4749,4729,561,276,285,8917,4473,4444
21,391,baudh,Total,10,10546,5435,5111,555,276,279,9991,5159,4832
21,391,baudh,Total,11,10401,5213,5188,327,148,179,10074,5065,5009
21,391,baudh,Total,12,11097,5741,5356,383,183,200,10714,5558,5156
21,391,baudh,Total,13,10364,5162,5202,339,137,202,10025,5025,5000
21,391,baudh,Total,14,9913,4919,4994,413,156,257,9500,4763,4737
21,391,baudh,Total,15,9560,4816,4744,577,219,358,8983,4597,4386
21,391,baudh,Total,16,8106,4001,4105,589,202,387,7517,3799,3718
21,391,baudh,Total,17,7476,3653,3823,636,186,450,6840,3467,3373
21,391,baudh,Total,18,9080,4560,4520,978,262,716,8102,4298,3804
21,391,baudh,Total,19,6314,3158,3156,658,166,492,5656,2992,2664
21,391,baudh,Total,20-24,36141,17655,18486,5572,1323,4249,30569,16332,14237
21,391,baudh,Total,25-29,34899,17324,17575,7892,1995,5897,27007,15329,11678
21,391,baudh,Total,30-34,31066,14994,16072,9367,2300,7067,21699,12694,9005
21,391,baudh,Total,35-39,31226,15506,15720,11255,2976,8279,19971,12530,7441
21,391,baudh,Total,40-44,26610,13837,12773,10818,3128,7690,15792,10709,5083
21,391,baudh,Total,45-49,22669,11796,10873,10286,2992,7294,12383,8804,3579
21,391,baudh,Total,50-54,17993,9185,8808,8932,2622,6310,9061,6563,2498
21,391,baudh,Total,55-59,15656,7691,7965,8220,2143,6077,7436,5548,1888
21,391,baudh,Total,60-64,16934,8714,8220,9888,3058,6830,7046,5656,1390
21,391,baudh,Total,65-69,10322,5277,5045,6473,2078,4395,3849,3199,650
21,391,baudh,Total,70-74,7733,3933,3800,5069,1687,3382,2664,2246,418
21,391,baudh,Total,75-79,3124,1566,1558,1982,607,1375,1142,959,183
21,391,baudh,Total,80+,3284,1723,1561,2094,739,1355,1190,984,206
21,391,baudh,Total,Age not stated,1078,558,520,382,144,238,696,414,282
21,391,baudh,Rural,All ages,420738,211133,209605,165022,61269,103753,255716,149864,105852
21,391,baudh,Rural,0-6,59737,30184,29553,59737,30184,29553,0,0,0
21,391,baudh,Rural,7,8530,4272,4258,2361,1166,1195,6169,3106,3063
21,391,baudh,Rural,8,8997,4549,4448,1000,489,511,7997,4060,3937
21,391,baudh,Rural,9,9145,4568,4577,552,271,281,8593,4297,4296
21,391,baudh,Rural,10,10135,5229,4906,535,267,268,9600,4962,4638
21,391,baudh,Rural,11,9957,4975,4982,321,143,178,9636,4832,4804
21,391,baudh,Rural,12,10672,5500,5172,370,175,195,10302,5325,4977
21,391,baudh,Rural,13,9951,4954,4997,330,133,197,9621,4821,4800
21,391,baudh,Rural,14,9459,4704,4755,403,151,252,9056,4553,4503
21,391,baudh,Rural,15,9117,4588,4529,568,216,352,8549,4372,4177
21,391,baudh,Rural,16,7707,3799,3908,582,199,383,7125,3600,3525
21,391,baudh,Rural,17,7109,3465,3644,628,182,446,6481,3283,3198
21,391,baudh,Rural,18,8613,4338,4275,955,255,700,7658,4083,3575
21,391,baudh,Rural,19,5978,3002,2976,644,161,483,5334,2841,2493
21,391,baudh,Rural,20-24,34315,16754,17561,5462,1300,4162,28853,15454,13399
21,391,baudh,Rural,25-29,33107,16416,16691,7751,1948,5803,25356,14468,10888
21,391,baudh,Rural,30-34,29406,14190,15216,9196,2258,6938,20210,11932,8278
21,391,baudh,Rural,35-39,29631,14697,14934,11028,2931,8097,18603,11766,6837
21,391,baudh,Rural,40-44,25195,13074,12121,10609,3075,7534,14586,9999,4587
21,391,baudh,Rural,45-49,21402,11108,10294,10047,2929,7118,11355,8179,3176
21,391,baudh,Rural,50-54,17070,8669,8401,8723,2572,6151,8347,6097,2250
21,391,baudh,Rural,55-59,14906,7270,7636,8045,2112,5933,6861,5158,1703
21,391,baudh,Rural,60-64,16249,8387,7862,9638,3005,6633,6611,5382,1229
21,391,baudh,Rural,65-69,9881,5057,4824,6294,2036,4258,3587,3021,566
21,391,baudh,Rural,70-74,7386,3765,3621,4925,1657,3268,2461,2108,353
21,391,baudh,Rural,75-79,2946,1461,1485,1922,591,1331,1024,870,154
21,391,baudh,Rural,80+,3103,1624,1479,2021,721,1300,1082,903,179
21,391,baudh,Rural,Age not stated,1034,534,500,375,142,233,659,392,267
21,391,baudh,Urban,All ages,20424,10492,9932,4528,1708,2820,15896,8784,7112
21,391,baudh,Urban,0-6,2110,1076,1034,2110,1076,1034,0,0,0
21,391,baudh,Urban,7,348,185,163,68,44,24,280,141,139
21,391,baudh,Urban,8,370,193,177,28,15,13,342,178,164
21,391,baudh,Urban,9,333,181,152,9,5,4,324,176,148
21,391,baudh,Urban,10,411,206,205,20,9,11,391,197,194
21,391,baudh,Urban,11,444,238,206,6,5,1,438,233,205
21,391,baudh,Urban,12,425,241,184,13,8,5,412,233,179
21,391,baudh,Urban,13,413,208,205,9,4,5,404,204,200
21,391,baudh,Urban,14,454,215,239,10,5,5,444,210,234
21,391,baudh,Urban,15,443,228,215,9,3,6,434,225,209
21,391,baudh,Urban,16,399,202,197,7,3,4,392,199,193
21,391,baudh,Urban,17,367,188,179,8,4,4,359,184,175
21,391,baudh,Urban,18,467,222,245,23,7,16,444,215,229
21,391,baudh,Urban,19,336,156,180,14,5,9,322,151,171
21,391,baudh,Urban,20-24,1826,901,925,110,23,87,1716,878,838
21,391,baudh,Urban,25-29,1792,908,884,141,47,94,1651,861,790
21,391,baudh,Urban,30-34,1660,804,856,171,42,129,1489,762,727
21,391,baudh,Urban,35-39,1595,809,786,227,45,182,1368,764,604
21,391,baudh,Urban,40-44,1415,763,652,209,53,156,1206,710,496
21,391,baudh,Urban,45-49,1267,688,579,239,63,176,1028,625,403
21,391,baudh,Urban,50-54,923,516,407,209,50,159,714,466,248
21,391,baudh,Urban,55-59,750,421,329,175,31,144,575,390,185
21,391,baudh,Urban,60-64,685,327,358,250,53,197,435,274,161
21,391,baudh,Urban,65-69,441,220,221,179,42,137,262,178,84
21,391,baudh,Urban,70-74,347,168,179,144,30,114,203,138,65
21,391,baudh,Urban,75-79,178,105,73,60,16,44,118,89,29
21,391,baudh,Urban,80+,181,99,82,73,18,55,108,81,27
21,391,baudh,Urban,Age not stated,44,24,20,7,2,5,37,22,15
21,392,subarnapur,Total,All ages,610183,311312,298871,211762,80919,130843,398421,230393,168028
21,392,subarnapur,Total,0-6,74821,38335,36486,74821,38335,36486,0,0,0
21,392,subarnapur,Total,7,10645,5421,5224,2930,1475,1455,7715,3946,3769
21,392,subarnapur,Total,8,10735,5373,5362,1139,536,603,9596,4837,4759
21,392,subarnapur,Total,9,10607,5408,5199,566,288,278,10041,5120,4921
21,392,subarnapur,Total,10,11895,6038,5857,677,345,332,11218,5693,5525
21,392,subarnapur,Total,11,11748,5968,5780,390,190,200,11358,5778,5580
21,392,subarnapur,Total,12,12899,6518,6381,428,181,247,12471,6337,6134
21,392,subarnapur,Total,13,12711,6315,6396,363,163,200,12348,6152,6196
21,392,subarnapur,Total,14,13691,6645,7046,472,210,262,13219,6435,6784
21,392,subarnapur,Total,15,14317,7206,7111,639,270,369,13678,6936,6742
21,392,subarnapur,Total,16,12593,6158,6435,666,247,419,11927,5911,6016
21,392,subarnapur,Total,17,12174,5934,6240,703,218,485,11471,5716,5755
21,392,subarnapur,Total,18,14830,7533,7297,1143,359,784,13687,7174,6513
21,392,subarnapur,Total,19,10717,5490,5227,788,243,545,9929,5247,4682
21,392,subarnapur,Total,20-24,56706,29379,27327,5719,1624,4095,50987,27755,23232
21,392,subarnapur,Total,25-29,50472,26164,24308,7858,2120,5738,42614,24044,18570
21,392,subarnapur,Total,30-34,43522,22179,21343,9801,2572,7229,33721,19607,14114
21,392,subarnapur,Total,35-39,42307,21848,20459,12510,3496,9014,29797,18352,11445
21,392,subarnapur,Total,40-44,36718,18987,17731,13164,3775,9389,23554,15212,8342
21,392,subarnapur,Total,45-49,31213,16217,14996,12911,3878,9033,18302,12339,5963
21,392,subarnapur,Total,50-54,25991,13259,12732,11927,3596,8331,14064,9663,4401
21,392,subarnapur,Total,55-59,22573,10945,11628,11371,2968,8403,11202,7977,3225
21,392,subarnapur,Total,60-64,24743,12595,12148,14284,4541,9743,10459,8054,2405
21,392,subarnapur,Total,65-69,16690,8644,8046,10381,3505,6876,6309,5139,1170
21,392,subarnapur,Total,70-74,12140,6266,5874,8106,2913,5193,4034,3353,681
21,392,subarnapur,Total,75-79,5177,2578,2599,3475,1214,2261,1702,1364,338
21,392,subarnapur,Total,80+,6136,3137,2999,4051,1465,2586,2085,1672,413
21,392,subarnapur,Total,Age not stated,1412,772,640,479,192,287,933,580,353
21,392,subarnapur,Rural,All ages,560242,285634,274608,198744,75968,122776,361498,209666,151832
21,392,subarnapur,Rural,0-6,69350,35506,33844,69350,35506,33844,0,0,0
21,392,subarnapur,Rural,7,9762,4954,4808,2764,1385,1379,6998,3569,3429
21,392,subarnapur,Rural,8,9919,4973,4946,1077,513,564,8842,4460,4382
21,392,subarnapur,Rural,9,9834,5024,4810,546,277,269,9288,4747,4541
21,392,subarnapur,Rural,10,10979,5551,5428,634,319,315,10345,5232,5113
21,392,subarnapur,Rural,11,10850,5505,5345,364,179,185,10486,5326,5160
21,392,subarnapur,Rural,12,11934,6009,5925,399,167,232,11535,5842,5693
21,392,subarnapur,Rural,13,11777,5863,5914,330,152,178,11447,5711,5736
21,392,subarnapur,Rural,14,12748,6188,6560,448,193,255,12300,5995,6305
21,392,subarnapur,Rural,15,13210,6634,6576,594,250,344,12616,6384,6232
21,392,subarnapur,Rural,16,11650,5677,5973,621,230,391,11029,5447,5582
21,392,subarnapur,Rural,17,11193,5426,5767,652,199,453,10541,5227,5314
21,392,subarnapur,Rural,18,13709,6947,6762,1068,337,731,12641,6610,6031
21,392,subarnapur,Rural,19,9781,5025,4756,728,224,504,9053,4801,4252
21,392,subarnapur,Rural,20-24,51888,26877,25011,5393,1518,3875,46495,25359,21136
21,392,subarnapur,Rural,25-29,46019,23917,22102,7401,2010,5391,38618,21907,16711
21,392,subarnapur,Rural,30-34,39494,20117,19377,9258,2436,6822,30236,17681,12555
21,392,subarnapur,Rural,35-39,38542,19921,18621,11829,3323,8506,26713,16598,10115
21,392,subarnapur,Rural,40-44,33427,17281,16146,12495,3605,8890,20932,13676,7256
21,392,subarnapur,Rural,45-49,28401,14746,13655,12230,3717,8513,16171,11029,5142
21,392,subarnapur,Rural,50-54,23553,12015,11538,11221,3416,7805,12332,8599,3733
21,392,subarnapur,Rural,55-59,20658,9945,10713,10772,2842,7930,9886,7103,2783
21,392,subarnapur,Rural,60-64,22948,11647,11301,13537,4336,9201,9411,7311,2100
21,392,subarnapur,Rural,65-69,15586,8071,7515,9855,3350,6505,5731,4721,1010
21,392,subarnapur,Rural,70-74,11303,5845,5458,7660,2765,4895,3643,3080,563
21,392,subarnapur,Rural,75-79,4744,2351,2393,3268,1151,2117,1476,1200,276
21,392,subarnapur,Rural,80+,5621,2880,2741,3788,1387,2401,1833,1493,340
21,392,subarnapur,Rural,Age not stated,1362,739,623,462,181,281,900,558,342
21,392,subarnapur,Urban,All ages,49941,25678,24263,13018,4951,8067,36923,20727,16196
21,392,subarnapur,Urban,0-6,5471,2829,2642,5471,2829,2642,0,0,0
21,392,subarnapur,Urban,7,883,467,416,166,90,76,717,377,340
21,392,subarnapur,Urban,8,816,400,416,62,23,39,754,377,377
21,392,subarnapur,Urban,9,773,384,389,20,11,9,753,373,380
21,392,subarnapur,Urban,10,916,487,429,43,26,17,873,461,412
21,392,subarnapur,Urban,11,898,463,435,26,11,15,872,452,420
21,392,subarnapur,Urban,12,965,509,456,29,14,15,936,495,441
21,392,subarnapur,Urban,13,934,452,482,33,11,22,901,441,460
21,392,subarnapur,Urban,14,943,457,486,24,17,7,919,440,479
21,392,subarnapur,Urban,15,1107,572,535,45,20,25,1062,552,510
21,392,subarnapur,Urban,16,943,481,462,45,17,28,898,464,434
21,392,subarnapur,Urban,17,981,508,473,51,19,32,930,489,441
21,392,subarnapur,Urban,18,1121,586,535,75,22,53,1046,564,482
21,392,subarnapur,Urban,19,936,465,471,60,19,41,876,446,430
21,392,subarnapur,Urban,20-24,4818,2502,2316,326,106,220,4492,2396,2096
21,392,subarnapur,Urban,25-29,4453,2247,2206,457,110,347,3996,2137,1859
21,392,subarnapur,Urban,30-34,4028,2062,1966,543,136,407,3485,1926,1559
21,392,subarnapur,Urban,35-39,3765,1927,1838,681,173,508,3084,1754,1330
21,392,subarnapur,Urban,40-44,3291,1706,1585,669,170,499,2622,1536,1086
21,392,subarnapur,Urban,45-49,2812,1471,1341,681,161,520,2131,1310,821
21,392,subarnapur,Urban,50-54,2438,1244,1194,706,180,526,1732,1064,668
21,392,subarnapur,Urban,55-59,1915,1000,915,599,126,473,1316,874,442
21,392,subarnapur,Urban,60-64,1795,948,847,747,205,542,1048,743,305
21,392,subarnapur,Urban,65-69,1104,573,531,526,155,371,578,418,160
21,392,subarnapur,Urban,70-74,837,421,416,446,148,298,391,273,118
21,392,subarnapur,Urban,75-79,433,227,206,207,63,144,226,164,62
21,392,subarnapur,Urban,80+,515,257,258,263,78,185,252,179,73
21,392,subarnapur,Urban,Age not stated,50,33,17,17,11,6,33,22,11
21,393,balangir,Total,All ages,1648997,830097,818900,721737,284425,437312,927260,545672,381588
21,393,balangir,Total,0-6,216320,110658,105662,216320,110658,105662,0,0,0
21,393,balangir,Total,7,30849,15510,15339,11547,5644,5903,19302,9866,9436
21,393,balangir,Total,8,31922,16026,15896,6075,2832,3243,25847,13194,12653
21,393,balangir,Total,9,30090,15071,15019,3279,1490,1789,26811,13581,13230
21,393,balangir,Total,10,34607,17447,17160,3820,1747,2073,30787,15700,15087
21,393,balangir,Total,11,31856,16020,15836,2354,1004,1350,29502,15016,14486
21,393,balangir,Total,12,35690,18124,17566,3092,1308,1784,32598,16816,15782
21,393,balangir,Total,13,32527,16217,16310,2489,908,1581,30038,15309,14729
21,393,balangir,Total,14,33554,16766,16788,2875,1071,1804,30679,15695,14984
21,393,balangir,Total,15,34199,17217,16982,4047,1473,2574,30152,15744,14408
21,393,balangir,Total,16,31438,15600,15838,4082,1397,2685,27356,14203,13153
21,393,balangir,Total,17,28796,14035,14761,3870,1237,2633,24926,12798,12128
21,393,balangir,Total,18,37030,18755,18275,6012,1933,4079,31018,16822,14196
21,393,balangir,Total,19,26045,13426,12619,4073,1317,2756,21972,12109,9863
21,393,balangir,Total,20-24,139994,70971,69023,27922,8414,19508,112072,62557,49515
21,393,balangir,Total,25-29,129109,64195,64914,34956,10408,24548,94153,53787,40366
21,393,balangir,Total,30-34,117099,57808,59291,40260,12149,28111,76839,45659,31180
21,393,balangir,Total,35-39,116820,59200,57620,48058,15532,32526,68762,43668,25094
21,393,balangir,Total,40-44,105269,53684,51585,50071,16925,33146,55198,36759,18439
21,393,balangir,Total,45-49,90823,47008,43815,47021,16668,30353,43802,30340,13462
21,393,balangir,Total,50-54,73178,38023,35155,40441,14851,25590,32737,23172,9565
21,393,balangir,Total,55-59,61736,30037,31699,36061,11503,24558,25675,18534,7141
21,393,balangir,Total,60-64,66720,33140,33580,44079,15715,28364,22641,17425,5216
21,393,balangir,Total,65-69,44485,21732,22753,30889,10911,19978,13596,10821,2775
21,393,balangir,Total,70-74,33268,16441,16827,24032,8921,15111,9236,7520,1716
21,393,balangir,Total,75-79,14475,6677,7798,10298,3369,6929,4177,3308,869
21,393,balangir,Total,80+,17014,8190,8824,12056,4424,7632,4958,3766,1192
21,393,balangir,Total,Age not stated,4084,2119,1965,1658,616,1042,2426,1503,923
21,393,balangir,Rural,All ages,1451616,728770,722846,670959,263888,407071,780657,464882,315775
21,393,balangir,Rural,0-6,194634,99273,95361,194634,99273,95361,0,0,0
21,393,balangir,Rural,7,27538,13794,13744,10822,5278,5544,16716,8516,8200
21,393,balangir,Rural,8,28572,14253,14319,5735,2674,3061,22837,11579,11258
21,393,balangir,Rural,9,26985,13451,13534,3085,1406,1679,23900,12045,11855
21,393,balangir,Rural,10,30961,15574,15387,3564,1630,1934,27397,13944,13453
21,393,balangir,Rural,11,28418,14226,14192,2192,929,1263,26226,13297,12929
21,393,balangir,Rural,12,31930,16166,15764,2942,1242,1700,28988,14924,14064
21,393,balangir,Rural,13,29043,14439,14604,2347,844,1503,26696,13595,13101
21,393,balangir,Rural,14,30029,14987,15042,2761,1020,1741,27268,13967,13301
21,393,balangir,Rural,15,30549,15322,15227,3839,1381,2458,26710,13941,12769
21,393,balangir,Rural,16,27947,13812,14135,3896,1326,2570,24051,12486,11565
21,393,balangir,Rural,17,25282,12307,12975,3661,1159,2502,21621,11148,10473
21,393,balangir,Rural,18,32630,16503,16127,5711,1831,3880,26919,14672,12247
21,393,balangir,Rural,19,22573,11638,10935,3857,1240,2617,18716,10398,8318
21,393,balangir,Rural,20-24,121325,61585,59740,26358,7856,18502,94967,53729,41238
21,393,balangir,Rural,25-29,111481,55582,55899,33037,9842,23195,78444,45740,32704
21,393,balangir,Rural,30-34,100332,49472,50860,37988,11474,26514,62344,37998,24346
21,393,balangir,Rural,35-39,101092,51114,49978,45400,14745,30655,55692,36369,19323
21,393,balangir,Rural,40-44,91234,46248,44986,47224,16048,31176,44010,30200,13810
21,393,balangir,Rural,45-49,78846,40646,38200,44357,15893,28464,34489,24753,9736
21,393,balangir,Rural,50-54,63426,32728,30698,37928,14090,23838,25498,18638,6860
21,393,balangir,Rural,55-59,54510,26247,28263,33999,10958,23041,20511,15289,5222
21,393,balangir,Rural,60-64,60131,29789,30342,41424,14895,26529,18707,14894,3813
21,393,balangir,Rural,65-69,40377,19684,20693,29156,10409,18747,11221,9275,1946
21,393,balangir,Rural,70-74,30104,14833,15271,22596,8463,14133,7508,6370,1138
21,393,balangir,Rural,75-79,12943,5972,6971,9650,3222,6428,3293,2750,543
21,393,balangir,Rural,80+,15093,7264,7829,11230,4177,7053,3863,3087,776
21,393,balangir,Rural,Age not stated,3631,1861,1770,1566,583,983,2065,1278,787
21,393,balangir,Urban,All ages,197381,101327,96054,50778,20537,30241,146603,80790,65813
21,393,balangir,Urban,0-6,21686,11385,10301,21686,11385,10301,0,0,0
21,393,balangir,Urban,7,3311,1716,1595,725,366,359,2586,1350,1236
21,393,balangir,Urban,8,3350,1773,1577,340,158,182,3010,1615,1395
21,393,balangir,Urban,9,3105,1620,1485,194,84,110,2911,1536,1375
21,393,balangir,Urban,10,3646,1873,1773,256,117,139,3390,1756,1634
21,393,balangir,Urban,11,3438,1794,1644,162,75,87,3276,1719,1557
21,393,balangir,Urban,12,3760,1958,1802,150,66,84,3610,1892,1718
21,393,balangir,Urban,13,3484,1778,1706,142,64,78,3342,1714,1628
21,393,balangir,Urban,14,3525,1779,1746,114,51,63,3411,1728,1683
21,393,balangir,Urban,15,3650,1895,1755,208,92,116,3442,1803,1639
21,393,balangir,Urban,16,3491,1788,1703,186,71,115,3305,1717,1588
21,393,balangir,Urban,17,3514,1728,1786,209,78,131,3305,1650,1655
21,393,balangir,Urban,18,4400,2252,2148,301,102,199,4099,2150,1949
21,393,balangir,Urban,19,3472,1788,1684,216,77,139,3256,1711,1545
21,393,balangir,Urban,20-24,18669,9386,9283,1564,558,1006,17105,8828,8277
21,393,balangir,Urban,25-29,17628,8613,9015,1919,566,1353,15709,8047,7662
21,393,balangir,Urban,30-34,16767,8336,8431,2272,675,1597,14495,7661,6834
21,393,balangir,Urban,35-39,15728,8086,7642,2658,787,1871,13070,7299,5771
21,393,balangir,Urban,40-44,14035,7436,6599,2847,877,1970,11188,6559,4629
21,393,balangir,Urban,45-49,11977,6362,5615,2664,775,1889,9313,5587,3726
21,393,balangir,Urban,50-54,9752,5295,4457,2513,761,1752,7239,4534,2705
21,393,balangir,Urban,55-59,7226,3790,3436,2062,545,1517,5164,3245,1919
21,393,balangir,Urban,60-64,6589,3351,3238,2655,820,1835,3934,2531,1403
21,393,balangir,Urban,65-69,4108,2048,2060,1733,502,1231,2375,1546,829
21,393,balangir,Urban,70-74,3164,1608,1556,1436,458,978,1728,1150,578
21,393,balangir,Urban,75-79,1532,705,827,648,147,501,884,558,326
21,393,balangir,Urban,80+,1921,926,995,826,247,579,1095,679,416
21,393,balangir,Urban,Age not stated,453,258,195,92,33,59,361,225,136
21,394,nuapada,Total,All ages,610382,301962,308420,310999,121059,189940,299383,180903,118480
21,394,nuapada,Total,0-6,88344,44600,43744,88344,44600,43744,0,0,0
21,394,nuapada,Total,7,13033,6353,6680,4869,2256,2613,8164,4097,4067
21,394,nuapada,Total,8,13422,6600,6822,2362,1037,1325,11060,5563,5497
21,394,nuapada,Total,9,12517,6297,6220,1348,594,754,11169,5703,5466
21,394,nuapada,Total,10,15105,7539,7566,1721,726,995,13384,6813,6571
21,394,nuapada,Total,11,13222,6588,6634,1074,433,641,12148,6155,5993
21,394,nuapada,Total,12,14559,7414,7145,1531,628,903,13028,6786,6242
21,394,nuapada,Total,13,13243,6588,6655,1285,459,826,11958,6129,5829
21,394,nuapada,Total,14,12086,6141,5945,1350,459,891,10736,5682,5054
21,394,nuapada,Total,15,12594,6262,6332,1941,661,1280,10653,5601,5052
21,394,nuapada,Total,16,11026,5442,5584,1942,595,1347,9084,4847,4237
21,394,nuapada,Total,17,9380,4697,4683,1668,485,1183,7712,4212,3500
21,394,nuapada,Total,18,12357,6073,6284,2831,738,2093,9526,5335,4191
21,394,nuapada,Total,19,8439,4178,4261,1857,451,1406,6582,3727,2855
21,394,nuapada,Total,20-24,48760,23638,25122,14384,3755,10629,34376,19883,14493
21,394,nuapada,Total,25-29,45988,22870,23118,17421,5084,12337,28567,17786,10781
21,394,nuapada,Total,30-34,41977,20363,21614,19161,5765,13396,22816,14598,8218
21,394,nuapada,Total,35-39,40876,20445,20431,21347,7063,14284,19529,13382,6147
21,394,nuapada,Total,40-44,37156,18571,18585,21657,7475,14182,15499,11096,4403
21,394,nuapada,Total,45-49,32672,16870,15802,20233,7603,12630,12439,9267,3172
21,394,nuapada,Total,50-54,25932,13075,12857,17020,6453,10567,8912,6622,2290
21,394,nuapada,Total,55-59,21844,10310,11534,14937,4943,9994,6907,5367,1540
21,394,nuapada,Total,60-64,26875,13034,13841,20230,7631,12599,6645,5403,1242
21,394,nuapada,Total,65-69,16115,7666,8449,12449,4638,7811,3666,3028,638
21,394,nuapada,Total,70-74,11194,5204,5990,9064,3396,5668,2130,1808,322
21,394,nuapada,Total,75-79,4777,1978,2799,3903,1274,2629,874,704,170
21,394,nuapada,Total,80+,5588,2453,3135,4478,1599,2879,1110,854,256
21,394,nuapada,Total,Age not stated,1301,713,588,592,258,334,709,455,254
21,394,nuapada,Rural,All ages,576328,284792,291536,300464,116855,183609,275864,167937,107927
21,394,nuapada,Rural,0-6,84066,42394,41672,84066,42394,41672,0,0,0
21,394,nuapada,Rural,7,12415,6036,6379,4748,2195,2553,7667,3841,3826
21,394,nuapada,Rural,8,12712,6239,6473,2303,1009,1294,10409,5230,5179
21,394,nuapada,Rural,9,11933,5994,5939,1321,579,742,10612,5415,5197
21,394,nuapada,Rural,10,14412,7159,7253,1666,698,968,12746,6461,6285
21,394,nuapada,Rural,11,12591,6270,6321,1047,420,627,11544,5850,5694
21,394,nuapada,Rural,12,13894,7084,6810,1484,606,878,12410,6478,5932
21,394,nuapada,Rural,13,12588,6261,6327,1256,446,810,11332,5815,5517
21,394,nuapada,Rural,14,11463,5811,5652,1314,445,869,10149,5366,4783
21,394,nuapada,Rural,15,11893,5922,5971,1897,634,1263,9996,5288,4708
21,394,nuapada,Rural,16,10399,5138,5261,1881,570,1311,8518,4568,3950
21,394,nuapada,Rural,17,8747,4374,4373,1619,468,1151,7128,3906,3222
21,394,nuapada,Rural,18,11590,5661,5929,2742,708,2034,8848,4953,3895
21,394,nuapada,Rural,19,7866,3885,3981,1821,440,1381,6045,3445,2600
21,394,nuapada,Rural,20-24,45521,22003,23518,14030,3630,10400,31491,18373,13118
21,394,nuapada,Rural,25-29,42999,21360,21639,16930,4934,11996,26069,16426,9643
21,394,nuapada,Rural,30-34,39296,19055,20241,18657,5614,13043,20639,13441,7198
21,394,nuapada,Rural,35-39,38326,19154,19172,20737,6878,13859,17589,12276,5313
21,394,nuapada,Rural,40-44,34873,17411,17462,21033,7283,13750,13840,10128,3712
21,394,nuapada,Rural,45-49,30620,15820,14800,19608,7410,12198,11012,8410,2602
21,394,nuapada,Rural,50-54,24313,12258,12055,16487,6291,10196,7826,5967,1859
21,394,nuapada,Rural,55-59,20672,9689,10983,14503,4817,9686,6169,4872,1297
21,394,nuapada,Rural,60-64,25765,12508,13257,19680,7454,12226,6085,5054,1031
21,394,nuapada,Rural,65-69,15488,7376,8112,12124,4543,7581,3364,2833,531
21,394,nuapada,Rural,70-74,10689,4984,5705,8775,3317,5458,1914,1667,247
21,394,nuapada,Rural,75-79,4575,1884,2691,3807,1249,2558,768,635,133
21,394,nuapada,Rural,80+,5342,2362,2980,4344,1570,2774,998,792,206
21,394,nuapada,Rural,Age not stated,1280,700,580,584,253,331,696,447,249
21,394,nuapada,Urban,All ages,34054,17170,16884,10535,4204,6331,23519,12966,10553
21,394,nuapada,Urban,0-6,4278,2206,2072,4278,2206,2072,0,0,0
21,394,nuapada,Urban,7,618,317,301,121,61,60,497,256,241
21,394,nuapada,Urban,8,710,361,349,59,28,31,651,333,318
21,394,nuapada,Urban,9,584,303,281,27,15,12,557,288,269
21,394,nuapada,Urban,10,693,380,313,55,28,27,638,352,286
21,394,nuapada,Urban,11,631,318,313,27,13,14,604,305,299
21,394,nuapada,Urban,12,665,330,335,47,22,25,618,308,310
21,394,nuapada,Urban,13,655,327,328,29,13,16,626,314,312
21,394,nuapada,Urban,14,623,330,293,36,14,22,587,316,271
21,394,nuapada,Urban,15,701,340,361,44,27,17,657,313,344
21,394,nuapada,Urban,16,627,304,323,61,25,36,566,279,287
21,394,nuapada,Urban,17,633,323,310,49,17,32,584,306,278
21,394,nuapada,Urban,18,767,412,355,89,30,59,678,382,296
21,394,nuapada,Urban,19,573,293,280,36,11,25,537,282,255
21,394,nuapada,Urban,20-24,3239,1635,1604,354,125,229,2885,1510,1375
21,394,nuapada,Urban,25-29,2989,1510,1479,491,150,341,2498,1360,1138
21,394,nuapada,Urban,30-34,2681,1308,1373,504,151,353,2177,1157,1020
21,394,nuapada,Urban,35-39,2550,1291,1259,610,185,425,1940,1106,834
21,394,nuapada,Urban,40-44,2283,1160,1123,624,192,432,1659,968,691
21,394,nuapada,Urban,45-49,2052,1050,1002,625,193,432,1427,857,570
21,394,nuapada,Urban,50-54,1619,817,802,533,162,371,1086,655,431
21,394,nuapada,Urban,55-59,1172,621,551,434,126,308,738,495,243
21,394,nuapada,Urban,60-64,1110,526,584,550,177,373,560,349,211
21,394,nuapada,Urban,65-69,627,290,337,325,95,230,302,195,107
21,394,nuapada,Urban,70-74,505,220,285,289,79,210,216,141,75
21,394,nuapada,Urban,75-79,202,94,108,96,25,71,106,69,37
21,394,nuapada,Urban,80+,246,91,155,134,29,105,112,62,50
21,394,nuapada,Urban,Age not stated,21,13,8,8,5,3,13,8,5
21,395,kalahandi,Total,All ages,1576869,787101,789768,774833,302924,471909,802036,484177,317859
21,395,kalahandi,Total,0-6,222570,113726,108844,222570,113726,108844,0,0,0
21,395,kalahandi,Total,7,34043,16989,17054,12440,5925,6515,21603,11064,10539
21,395,kalahandi,Total,8,35036,17701,17335,7136,3281,3855,27900,14420,13480
21,395,kalahandi,Total,9,32367,16345,16022,4273,1884,2389,28094,14461,13633
21,395,kalahandi,Total,10,39708,20035,19673,5644,2358,3286,34064,17677,16387
21,395,kalahandi,Total,11,33011,16769,16242,3453,1392,2061,29558,15377,14181
21,395,kalahandi,Total,12,37428,18733,18695,4697,1716,2981,32731,17017,15714
21,395,kalahandi,Total,13,33299,16695,16604,3766,1297,2469,29533,15398,14135
21,395,kalahandi,Total,14,31624,15916,15708,4051,1296,2755,27573,14620,12953
21,395,kalahandi,Total,15,32989,16605,16384,5519,1821,3698,27470,14784,12686
21,395,kalahandi,Total,16,28671,14295,14376,4916,1512,3404,23755,12783,10972
21,395,kalahandi,Total,17,23537,11755,11782,4085,1223,2862,19452,10532,8920
21,395,kalahandi,Total,18,30760,15502,15258,6763,1982,4781,23997,13520,10477
21,395,kalahandi,Total,19,21485,10648,10837,4484,1210,3274,17001,9438,7563
21,395,kalahandi,Total,20-24,123931,60492,63439,33112,8609,24503,90819,51883,38936
21,395,kalahandi,Total,25-29,119701,59277,60424,41416,11934,29482,78285,47343,30942
21,395,kalahandi,Total,30-34,112693,54774,57919,48501,14445,34056,64192,40329,23863
21,395,kalahandi,Total,35-39,114453,57527,56926,56470,18579,37891,57983,38948,19035
21,395,kalahandi,Total,40-44,101317,51762,49555,56065,19984,36081,45252,31778,13474
21,395,kalahandi,Total,45-49,87315,44819,42496,51713,18920,32793,35602,25899,9703
21,395,kalahandi,Total,50-54,69364,35935,33429,43515,16858,26657,25849,19077,6772
21,395,kalahandi,Total,55-59,56553,26953,29600,37184,12427,24757,19369,14526,4843
21,395,kalahandi,Total,60-64,60233,29471,30762,43346,15960,27386,16887,13511,3376
21,395,kalahandi,Total,65-69,37809,18045,19764,28159,10170,17989,9650,7875,1775
21,395,kalahandi,Total,70-74,27280,12509,14771,21033,7409,13624,6247,5100,1147
21,395,kalahandi,Total,75-79,11751,5095,6656,8887,2738,6149,2864,2357,507
21,395,kalahandi,Total,80+,12543,5857,6686,9302,3320,5982,3241,2537,704
21,395,kalahandi,Total,Age not stated,5398,2871,2527,2333,948,1385,3065,1923,1142
21,395,kalahandi,Rural,All ages,1454882,724646,730236,741120,289316,451804,713762,435330,278432
21,395,kalahandi,Rural,0-6,208763,106543,102220,208763,106543,102220,0,0,0
21,395,kalahandi,Rural,7,31767,15809,15958,11952,5673,6279,19815,10136,9679
21,395,kalahandi,Rural,8,32780,16528,16252,6921,3175,3746,25859,13353,12506
21,395,kalahandi,Rural,9,30251,15259,14992,4152,1829,2323,26099,13430,12669
21,395,kalahandi,Rural,10,37162,18758,18404,5471,2276,3195,31691,16482,15209
21,395,kalahandi,Rural,11,30624,15569,15055,3359,1345,2014,27265,14224,13041
21,395,kalahandi,Rural,12,34800,17420,17380,4583,1668,2915,30217,15752,14465
21,395,kalahandi,Rural,13,30869,15436,15433,3681,1253,2428,27188,14183,13005
21,395,kalahandi,Rural,14,29142,14662,14480,3947,1252,2695,25195,13410,11785
21,395,kalahandi,Rural,15,30432,15300,15132,5374,1762,3612,25058,13538,11520
21,395,kalahandi,Rural,16,26282,13104,13178,4804,1472,3332,21478,11632,9846
21,395,kalahandi,Rural,17,21452,10697,10755,3949,1164,2785,17503,9533,7970
21,395,kalahandi,Rural,18,28123,14149,13974,6584,1921,4663,21539,12228,9311
21,395,kalahandi,Rural,19,19361,9586,9775,4348,1167,3181,15013,8419,6594
21,395,kalahandi,Rural,20-24,112850,54929,57921,32092,8283,23809,80758,46646,34112
21,395,kalahandi,Rural,25-29,109034,54031,55003,40026,11523,28503,69008,42508,26500
21,395,kalahandi,Rural,30-34,102750,49810,52940,46797,13922,32875,55953,35888,20065
21,395,kalahandi,Rural,35-39,104703,52597,52106,54391,17948,36443,50312,34649,15663
21,395,kalahandi,Rural,40-44,92536,47133,45403,53944,19308,34636,38592,27825,10767
21,395,kalahandi,Rural,45-49,79764,40731,39033,49652,18299,31353,30112,22432,7680
21,395,kalahandi,Rural,50-54,63634,32831,30803,41803,16304,25499,21831,16527,5304
21,395,kalahandi,Rural,55-59,52312,24651,27661,35774,12008,23766,16538,12643,3895
21,395,kalahandi,Rural,60-64,56592,27610,28982,41700,15437,26263,14892,12173,2719
21,395,kalahandi,Rural,65-69,35665,16968,18697,27169,9866,17303,8496,7102,1394
21,395,kalahandi,Rural,70-74,25645,11733,13912,20198,7159,13039,5447,4574,873
21,395,kalahandi,Rural,75-79,11054,4748,6306,8584,2657,5927,2470,2091,379
21,395,kalahandi,Rural,80+,11683,5460,6223,8891,3208,5683,2792,2252,540
21,395,kalahandi,Rural,Age not stated,4852,2594,2258,2211,894,1317,2641,1700,941
21,395,kalahandi,Urban,All ages,121987,62455,59532,33713,13608,20105,88274,48847,39427
21,395,kalahandi,Urban,0-6,13807,7183,6624,13807,7183,6624,0,0,0
21,395,kalahandi,Urban,7,2276,1180,1096,488,252,236,1788,928,860
21,395,kalahandi,Urban,8,2256,1173,1083,215,106,109,2041,1067,974
21,395,kalahandi,Urban,9,2116,1086,1030,121,55,66,1995,1031,964
21,395,kalahandi,Urban,10,2546,1277,1269,173,82,91,2373,1195,1178
21,395,kalahandi,Urban,11,2387,1200,1187,94,47,47,2293,1153,1140
21,395,kalahandi,Urban,12,2628,1313,1315,114,48,66,2514,1265,1249
21,395,kalahandi,Urban,13,2430,1259,1171,85,44,41,2345,1215,1130
21,395,kalahandi,Urban,14,2482,1254,1228,104,44,60,2378,1210,1168
21,395,kalahandi,Urban,15,2557,1305,1252,145,59,86,2412,1246,1166
21,395,kalahandi,Urban,16,2389,1191,1198,112,40,72,2277,1151,1126
21,395,kalahandi,Urban,17,2085,1058,1027,136,59,77,1949,999,950
21,395,kalahandi,Urban,18,2637,1353,1284,179,61,118,2458,1292,1166
21,395,kalahandi,Urban,19,2124,1062,1062,136,43,93,1988,1019,969
21,395,kalahandi,Urban,20-24,11081,5563,5518,1020,326,694,10061,5237,4824
21,395,kalahandi,Urban,25-29,10667,5246,5421,1390,411,979,9277,4835,4442
21,395,kalahandi,Urban,30-34,9943,4964,4979,1704,523,1181,8239,4441,3798
21,395,kalahandi,Urban,35-39,9750,4930,4820,2079,631,1448,7671,4299,3372
21,395,kalahandi,Urban,40-44,8781,4629,4152,2121,676,1445,6660,3953,2707
21,395,kalahandi,Urban,45-49,7551,4088,3463,2061,621,1440,5490,3467,2023
21,395,kalahandi,Urban,50-54,5730,3104,2626,1712,554,1158,4018,2550,1468
21,395,kalahandi,Urban,55-59,4241,2302,1939,1410,419,991,2831,1883,948
21,395,kalahandi,Urban,60-64,3641,1861,1780,1646,523,1123,1995,1338,657
21,395,kalahandi,Urban,65-69,2144,1077,1067,990,304,686,1154,773,381
21,395,kalahandi,Urban,70-74,1635,776,859,835,250,585,800,526,274
21,395,kalahandi,Urban,75-79,697,347,350,303,81,222,394,266,128
21,395,kalahandi,Urban,80+,860,397,463,411,112,299,449,285,164
21,395,kalahandi,Urban,Age not stated,546,277,269,122,54,68,424,223,201
21,396,rayagada,Total,All ages,967911,471960,495951,560176,230001,330175,407735,241959,165776
21,396,rayagada,Total,0-6,148522,75598,72924,148522,75598,72924,0,0,0
21,396,rayagada,Total,7,25751,13273,12478,11282,5554,5728,14469,7719,6750
21,396,rayagada,Total,8,27619,13815,13804,8073,3757,4316,19546,10058,9488
21,396,rayagada,Total,9,23433,11513,11920,4978,2272,2706,18455,9241,9214
21,396,rayagada,Total,10,27100,13604,13496,6421,2819,3602,20679,10785,9894
21,396,rayagada,Total,11,21395,10849,10546,3961,1635,2326,17434,9214,8220
21,396,rayagada,Total,12,22980,11695,11285,5277,2160,3117,17703,9535,8168
21,396,rayagada,Total,13,18840,9635,9205,3892,1569,2323,14948,8066,6882
21,396,rayagada,Total,14,18230,9017,9213,3979,1520,2459,14251,7497,6754
21,396,rayagada,Total,15,20710,10247,10463,5971,2178,3793,14739,8069,6670
21,396,rayagada,Total,16,17438,8685,8753,5209,1877,3332,12229,6808,5421
21,396,rayagada,Total,17,14012,6977,7035,4197,1399,2798,9815,5578,4237
21,396,rayagada,Total,18,20352,9743,10609,7773,2464,5309,12579,7279,5300
21,396,rayagada,Total,19,14084,6488,7596,5296,1547,3749,8788,4941,3847
21,396,rayagada,Total,20-24,80515,37629,42886,34845,10557,24288,45670,27072,18598
21,396,rayagada,Total,25-29,76588,37396,39192,38639,13592,25047,37949,23804,14145
21,396,rayagada,Total,30-34,65878,31622,34256,36651,13097,23554,29227,18525,10702
21,396,rayagada,Total,35-39,67090,32181,34909,40961,15200,25761,26129,16981,9148
21,396,rayagada,Total,40-44,60863,30375,30488,39598,15841,23757,21265,14534,6731
21,396,rayagada,Total,45-49,51935,26311,25624,35292,14812,20480,16643,11499,5144
21,396,rayagada,Total,50-54,39560,20032,19528,28065,11937,16128,11495,8095,3400
21,396,rayagada,Total,55-59,28658,13424,15234,20576,7770,12806,8082,5654,2428
21,396,rayagada,Total,60-64,31655,13173,18482,25577,8809,16768,6078,4364,1714
21,396,rayagada,Total,65-69,20477,8523,11954,16856,5867,10989,3621,2656,965
21,396,rayagada,Total,70-74,12297,4904,7393,10280,3453,6827,2017,1451,566
21,396,rayagada,Total,75-79,3941,1566,2375,3095,963,2132,846,603,243
21,396,rayagada,Total,80+,4237,1753,2484,3187,1039,2148,1050,714,336
21,396,rayagada,Total,Age not stated,3751,1932,1819,1723,715,1008,2028,1217,811
21,396,rayagada,Rural,All ages,820945,397774,423171,515187,212144,303043,305758,185630,120128
21,396,rayagada,Rural,0-6,132230,67245,64985,132230,67245,64985,0,0,0
21,396,rayagada,Rural,7,23187,11939,11248,10616,5224,5392,12571,6715,5856
21,396,rayagada,Rural,8,25038,12505,12533,7746,3600,4146,17292,8905,8387
21,396,rayagada,Rural,9,20972,10198,10774,4749,2167,2582,16223,8031,8192
21,396,rayagada,Rural,10,24243,12142,12101,6154,2691,3463,18089,9451,8638
21,396,rayagada,Rural,11,18717,9503,9214,3799,1554,2245,14918,7949,6969
21,396,rayagada,Rural,12,19963,10124,9839,5052,2059,2993,14911,8065,6846
21,396,rayagada,Rural,13,16054,8140,7914,3724,1496,2228,12330,6644,5686
21,396,rayagada,Rural,14,15400,7594,7806,3786,1448,2338,11614,6146,5468
21,396,rayagada,Rural,15,17667,8661,9006,5730,2086,3644,11937,6575,5362
21,396,rayagada,Rural,16,14745,7269,7476,4965,1772,3193,9780,5497,4283
21,396,rayagada,Rural,17,11464,5669,5795,3975,1314,2661,7489,4355,3134
21,396,rayagada,Rural,18,17121,8143,8978,7377,2302,5075,9744,5841,3903
21,396,rayagada,Rural,19,11470,5205,6265,4978,1445,3533,6492,3760,2732
21,396,rayagada,Rural,20-24,66113,30536,35577,32674,9839,22835,33439,20697,12742
21,396,rayagada,Rural,25-29,63102,30803,32299,36089,12704,23385,27013,18099,8914
21,396,rayagada,Rural,30-34,53717,25507,28210,34098,12243,21855,19619,13264,6355
21,396,rayagada,Rural,35-39,55216,26300,28916,37847,14208,23639,17369,12092,5277
21,396,rayagada,Rural,40-44,50337,24929,25408,36672,14837,21835,13665,10092,3573
21,396,rayagada,Rural,45-49,42906,21649,21257,32602,13879,18723,10304,7770,2534
21,396,rayagada,Rural,50-54,32455,16352,16103,25716,11235,14481,6739,5117,1622
21,396,rayagada,Rural,55-59,23458,10694,12764,18870,7248,11622,4588,3446,1142
21,396,rayagada,Rural,60-64,27105,10930,16175,23557,8240,15317,3548,2690,858
21,396,rayagada,Rural,65-69,18010,7350,10660,15744,5591,10153,2266,1759,507
21,396,rayagada,Rural,70-74,10553,4152,6401,9351,3240,6111,1202,912,290
21,396,rayagada,Rural,75-79,3212,1240,1972,2762,886,1876,450,354,96
21,396,rayagada,Rural,80+,3377,1387,1990,2767,938,1829,610,449,161
21,396,rayagada,Rural,Age not stated,3113,1608,1505,1557,653,904,1556,955,601
21,396,rayagada,Urban,All ages,146966,74186,72780,44989,17857,27132,101977,56329,45648
21,396,rayagada,Urban,0-6,16292,8353,7939,16292,8353,7939,0,0,0
21,396,rayagada,Urban,7,2564,1334,1230,666,330,336,1898,1004,894
21,396,rayagada,Urban,8,2581,1310,1271,327,157,170,2254,1153,1101
21,396,rayagada,Urban,9,2461,1315,1146,229,105,124,2232,1210,1022
21,396,rayagada,Urban,10,2857,1462,1395,267,128,139,2590,1334,1256
21,396,rayagada,Urban,11,2678,1346,1332,162,81,81,2516,1265,1251
21,396,rayagada,Urban,12,3017,1571,1446,225,101,124,2792,1470,1322
21,396,rayagada,Urban,13,2786,1495,1291,168,73,95,2618,1422,1196
21,396,rayagada,Urban,14,2830,1423,1407,193,72,121,2637,1351,1286
21,396,rayagada,Urban,15,3043,1586,1457,241,92,149,2802,1494,1308
21,396,rayagada,Urban,16,2693,1416,1277,244,105,139,2449,1311,1138
21,396,rayagada,Urban,17,2548,1308,1240,222,85,137,2326,1223,1103
21,396,rayagada,Urban,18,3231,1600,1631,396,162,234,2835,1438,1397
21,396,rayagada,Urban,19,2614,1283,1331,318,102,216,2296,1181,1115
21,396,rayagada,Urban,20-24,14402,7093,7309,2171,718,1453,12231,6375,5856
21,396,rayagada,Urban,25-29,13486,6593,6893,2550,888,1662,10936,5705,5231
21,396,rayagada,Urban,30-34,12161,6115,6046,2553,854,1699,9608,5261,4347
21,396,rayagada,Urban,35-39,11874,5881,5993,3114,992,2122,8760,4889,3871
21,396,rayagada,Urban,40-44,10526,5446,5080,2926,1004,1922,7600,4442,3158
21,396,rayagada,Urban,45-49,9029,4662,4367,2690,933,1757,6339,3729,2610
21,396,rayagada,Urban,50-54,7105,3680,3425,2349,702,1647,4756,2978,1778
21,396,rayagada,Urban,55-59,5200,2730,2470,1706,522,1184,3494,2208,1286
21,396,rayagada,Urban,60-64,4550,2243,2307,2020,569,1451,2530,1674,856
21,396,rayagada,Urban,65-69,2467,1173,1294,1112,276,836,1355,897,458
21,396,rayagada,Urban,70-74,1744,752,992,929,213,716,815,539,276
21,396,rayagada,Urban,75-79,729,326,403,333,77,256,396,249,147
21,396,rayagada,Urban,80+,860,366,494,420,101,319,440,265,175
21,396,rayagada,Urban,Age not stated,638,324,314,166,62,104,472,262,210
21,397,nabarangapur,Total,All ages,1220946,604812,616134,750567,317828,432739,470379,286984,183395
21,397,nabarangapur,Total,0-6,207911,104077,103834,207911,104077,103834,0,0,0
21,397,nabarangapur,Total,7,32204,15747,16457,13508,6428,7080,18696,9319,9377
21,397,nabarangapur,Total,8,33329,16667,16662,9326,4511,4815,24003,12156,11847
21,397,nabarangapur,Total,9,28898,14105,14793,6253,2882,3371,22645,11223,11422
21,397,nabarangapur,Total,10,34639,17328,17311,8448,3985,4463,26191,13343,12848
21,397,nabarangapur,Total,11,27736,13923,13813,5564,2486,3078,22172,11437,10735
21,397,nabarangapur,Total,12,30326,15433,14893,6855,2969,3886,23471,12464,11007
21,397,nabarangapur,Total,13,25609,12858,12751,5380,2241,3139,20229,10617,9612
21,397,nabarangapur,Total,14,24187,12168,12019,5677,2259,3418,18510,9909,8601
21,397,nabarangapur,Total,15,26125,13291,12834,8057,3252,4805,18068,10039,8029
21,397,nabarangapur,Total,16,21800,11107,10693,6912,2591,4321,14888,8516,6372
21,397,nabarangapur,Total,17,16941,8546,8395,5871,2040,3831,11070,6506,4564
21,397,nabarangapur,Total,18,23954,11592,12362,9914,3147,6767,14040,8445,5595
21,397,nabarangapur,Total,19,16471,7541,8930,6843,1937,4906,9628,5604,4024
21,397,nabarangapur,Total,20-24,97925,45842,52083,47766,14788,32978,50159,31054,19105
21,397,nabarangapur,Total,25-29,97151,48797,48354,53971,19636,34335,43180,29161,14019
21,397,nabarangapur,Total,30-34,82874,40975,41899,51029,19019,32010,31845,21956,9889
21,397,nabarangapur,Total,35-39,82924,41492,41432,55037,21521,33516,27887,19971,7916
21,397,nabarangapur,Total,40-44,69905,35970,33935,49016,20514,28502,20889,15456,5433
21,397,nabarangapur,Total,45-49,61849,31778,30071,45360,19446,25914,16489,12332,4157
21,397,nabarangapur,Total,50-54,46104,24273,21831,35090,15871,19219,11014,8402,2612
21,397,nabarangapur,Total,55-59,35985,17229,18756,28182,11274,16908,7803,5955,1848
21,397,nabarangapur,Total,60-64,37515,17575,19940,31102,12578,18524,6413,4997,1416
21,397,nabarangapur,Total,65-69,24210,10967,13243,20349,7940,12409,3861,3027,834
21,397,nabarangapur,Total,70-74,15826,7100,8726,13491,5245,8246,2335,1855,480
21,397,nabarangapur,Total,75-79,5922,2561,3361,4949,1785,3164,973,776,197
21,397,nabarangapur,Total,80+,6199,2763,3436,4931,1828,3103,1268,935,333
21,397,nabarangapur,Total,Age not stated,6427,3107,3320,3775,1578,2197,2652,1529,1123
21,397,nabarangapur,Rural,All ages,1133321,560771,572550,722786,306550,416236,410535,254221,156314
21,397,nabarangapur,Rural,0-6,197140,98612,98528,197140,98612,98528,0,0,0
21,397,nabarangapur,Rural,7,30425,14851,15574,13131,6229,6902,17294,8622,8672
21,397,nabarangapur,Rural,8,31538,15687,15851,9144,4424,4720,22394,11263,11131
21,397,nabarangapur,Rural,9,27131,13233,13898,6143,2835,3308,20988,10398,10590
21,397,nabarangapur,Rural,10,32628,16303,16325,8300,3908,4392,24328,12395,11933
21,397,nabarangapur,Rural,11,25760,12951,12809,5477,2448,3029,20283,10503,9780
21,397,nabarangapur,Rural,12,28237,14374,13863,6703,2903,3800,21534,11471,10063
21,397,nabarangapur,Rural,13,23621,11908,11713,5279,2199,3080,18342,9709,8633
21,397,nabarangapur,Rural,14,22322,11243,11079,5571,2207,3364,16751,9036,7715
21,397,nabarangapur,Rural,15,24282,12347,11935,7895,3175,4720,16387,9172,7215
21,397,nabarangapur,Rural,16,20109,10223,9886,6788,2534,4254,13321,7689,5632
21,397,nabarangapur,Rural,17,15394,7760,7634,5706,1976,3730,9688,5784,3904
21,397,nabarangapur,Rural,18,22102,10625,11477,9695,3067,6628,12407,7558,4849
21,397,nabarangapur,Rural,19,14957,6804,8153,6664,1887,4777,8293,4917,3376
21,397,nabarangapur,Rural,20-24,89837,41820,48017,46513,14409,32104,43324,27411,15913
21,397,nabarangapur,Rural,25-29,89573,45045,44528,52460,19117,33343,37113,25928,11185
21,397,nabarangapur,Rural,30-34,76068,37659,38409,49463,18487,30976,26605,19172,7433
21,397,nabarangapur,Rural,35-39,76278,38166,38112,53315,20935,32380,22963,17231,5732
21,397,nabarangapur,Rural,40-44,63885,32877,31008,47314,19949,27365,16571,12928,3643
21,397,nabarangapur,Rural,45-49,56631,29054,27577,43767,18881,24886,12864,10173,2691
21,397,nabarangapur,Rural,50-54,42269,22271,19998,33753,15439,18314,8516,6832,1684
21,397,nabarangapur,Rural,55-59,33238,15769,17469,27152,10943,16209,6086,4826,1260
21,397,nabarangapur,Rural,60-64,35105,16437,18668,29819,12191,17628,5286,4246,1040
21,397,nabarangapur,Rural,65-69,22846,10328,12518,19634,7710,11924,3212,2618,594
21,397,nabarangapur,Rural,70-74,14795,6632,8163,12916,5083,7833,1879,1549,330
21,397,nabarangapur,Rural,75-79,5482,2347,3135,4733,1712,3021,749,635,114
21,397,nabarangapur,Rural,80+,5688,2554,3134,4663,1763,2900,1025,791,234
21,397,nabarangapur,Rural,Age not stated,5980,2891,3089,3648,1527,2121,2332,1364,968
21,397,nabarangapur,Urban,All ages,87625,44041,43584,27781,11278,16503,59844,32763,27081
21,397,nabarangapur,Urban,0-6,10771,5465,5306,10771,5465,5306,0,0,0
21,397,nabarangapur,Urban,7,1779,896,883,377,199,178,1402,697,705
21,397,nabarangapur,Urban,8,1791,980,811,182,87,95,1609,893,716
21,397,nabarangapur,Urban,9,1767,872,895,110,47,63,1657,825,832
21,397,nabarangapur,Urban,10,2011,1025,986,148,77,71,1863,948,915
21,397,nabarangapur,Urban,11,1976,972,1004,87,38,49,1889,934,955
21,397,nabarangapur,Urban,12,2089,1059,1030,152,66,86,1937,993,944
21,397,nabarangapur,Urban,13,1988,950,1038,101,42,59,1887,908,979
21,397,nabarangapur,Urban,14,1865,925,940,106,52,54,1759,873,886
21,397,nabarangapur,Urban,15,1843,944,899,162,77,85,1681,867,814
21,397,nabarangapur,Urban,16,1691,884,807,124,57,67,1567,827,740
21,397,nabarangapur,Urban,17,1547,786,761,165,64,101,1382,722,660
21,397,nabarangapur,Urban,18,1852,967,885,219,80,139,1633,887,746
21,397,nabarangapur,Urban,19,1514,737,777,179,50,129,1335,687,648
21,397,nabarangapur,Urban,20-24,8088,4022,4066,1253,379,874,6835,3643,3192
21,397,nabarangapur,Urban,25-29,7578,3752,3826,1511,519,992,6067,3233,2834
21,397,nabarangapur,Urban,30-34,6806,3316,3490,1566,532,1034,5240,2784,2456
21,397,nabarangapur,Urban,35-39,6646,3326,3320,1722,586,1136,4924,2740,2184
21,397,nabarangapur,Urban,40-44,6020,3093,2927,1702,565,1137,4318,2528,1790
21,397,nabarangapur,Urban,45-49,5218,2724,2494,1593,565,1028,3625,2159,1466
21,397,nabarangapur,Urban,50-54,3835,2002,1833,1337,432,905,2498,1570,928
21,397,nabarangapur,Urban,55-59,2747,1460,1287,1030,331,699,1717,1129,588
21,397,nabarangapur,Urban,60-64,2410,1138,1272,1283,387,896,1127,751,376
21,397,nabarangapur,Urban,65-69,1364,639,725,715,230,485,649,409,240
21,397,nabarangapur,Urban,70-74,1031,468,563,575,162,413,456,306,150
21,397,nabarangapur,Urban,75-79,440,214,226,216,73,143,224,141,83
21,397,nabarangapur,Urban,80+,511,209,302,268,65,203,243,144,99
21,397,nabarangapur,Urban,Age not stated,447,216,231,127,51,76,320,165,155
21,398,koraput,Total,All ages,1379647,678809,700838,811557,337966,473591,568090,340843,227247
21,398,koraput,Total,0-6,225126,113742,111384,225126,113742,111384,0,0,0
21,398,koraput,Total,7,35767,17810,17957,15019,7204,7815,20748,10606,10142
21,398,koraput,Total,8,37329,18301,19028,9839,4596,5243,27490,13705,13785
21,398,koraput,Total,9,32162,15439,16723,6028,2713,3315,26134,12726,13408
21,398,koraput,Total,10,36654,18211,18443,7976,3535,4441,28678,14676,14002
21,398,koraput,Total,11,29382,14880,14502,5124,2161,2963,24258,12719,11539
21,398,koraput,Total,12,31953,16140,15813,6815,2786,4029,25138,13354,11784
21,398,koraput,Total,13,26391,13288,13103,5289,2077,3212,21102,11211,9891
21,398,koraput,Total,14,25121,12600,12521,5639,2107,3532,19482,10493,8989
21,398,koraput,Total,15,28115,14252,13863,8162,3076,5086,19953,11176,8777
21,398,koraput,Total,16,23631,11857,11774,7251,2519,4732,16380,9338,7042
21,398,koraput,Total,17,19166,9500,9666,6067,1896,4171,13099,7604,5495
21,398,koraput,Total,18,27132,12497,14635,10930,3062,7868,16202,9435,6767
21,398,koraput,Total,19,19103,8574,10529,7577,1982,5595,11526,6592,4934
21,398,koraput,Total,20-24,113428,53033,60395,51987,15275,36712,61441,37758,23683
21,398,koraput,Total,25-29,108118,53841,54277,54908,19190,35718,53210,34651,18559
21,398,koraput,Total,30-34,93375,46063,47312,52165,18797,33368,41210,27266,13944
21,398,koraput,Total,35-39,94713,45951,48762,57623,21570,36053,37090,24381,12709
21,398,koraput,Total,40-44,85709,43268,42441,55690,23015,32675,30019,20253,9766
21,398,koraput,Total,45-49,75006,38753,36253,50006,21240,28766,25000,17513,7487
21,398,koraput,Total,50-54,55549,29119,26430,39001,17472,21529,16548,11647,4901
21,398,koraput,Total,55-59,42901,20694,22207,31206,12377,18829,11695,8317,3378
21,398,koraput,Total,60-64,49684,22171,27513,40846,15730,25116,8838,6441,2397
21,398,koraput,Total,65-69,30614,13859,16755,25610,10173,15437,5004,3686,1318
21,398,koraput,Total,70-74,17083,7525,9558,14250,5496,8754,2833,2029,804
21,398,koraput,Total,75-79,5832,2438,3394,4632,1623,3009,1200,815,385
21,398,koraput,Total,80+,5543,2419,3124,4202,1498,2704,1341,921,420
21,398,koraput,Total,Age not stated,5060,2584,2476,2589,1054,1535,2471,1530,941
21,398,koraput,Rural,All ages,1153478,563771,589707,749053,312845,436208,404425,250926,153499
21,398,koraput,Rural,0-6,199037,100325,98712,199037,100325,98712,0,0,0
21,398,koraput,Rural,7,31355,15528,15827,14109,6743,7366,17246,8785,8461
21,398,koraput,Rural,8,33182,16180,17002,9394,4372,5022,23788,11808,11980
21,398,koraput,Rural,9,28239,13413,14826,5748,2573,3175,22491,10840,11651
21,398,koraput,Rural,10,32134,15898,16236,7649,3389,4260,24485,12509,11976
21,398,koraput,Rural,11,24888,12571,12317,4887,2061,2826,20001,10510,9491
21,398,koraput,Rural,12,27542,13877,13665,6565,2678,3887,20977,11199,9778
21,398,koraput,Rural,13,21961,11059,10902,5045,1981,3064,16916,9078,7838
21,398,koraput,Rural,14,20754,10427,10327,5365,2013,3352,15389,8414,6975
21,398,koraput,Rural,15,23414,11858,11556,7793,2938,4855,15621,8920,6701
21,398,koraput,Rural,16,19353,9668,9685,6884,2387,4497,12469,7281,5188
21,398,koraput,Rural,17,15263,7496,7767,5720,1780,3940,9543,5716,3827
21,398,koraput,Rural,18,22387,10118,12269,10359,2886,7473,12028,7232,4796
21,398,koraput,Rural,19,15107,6630,8477,7193,1883,5310,7914,4747,3167
21,398,koraput,Rural,20-24,92102,42559,49543,48932,14399,34533,43170,28160,15010
21,398,koraput,Rural,25-29,87393,43381,44012,51575,18101,33474,35818,25280,10538
21,398,koraput,Rural,30-34,74843,36605,38238,49021,17744,31277,25822,18861,6961
21,398,koraput,Rural,35-39,76482,37085,39397,53981,20468,33513,22501,16617,5884
21,398,koraput,Rural,40-44,69179,34908,34271,51969,21782,30187,17210,13126,4084
21,398,koraput,Rural,45-49,60103,30648,29455,46538,20100,26438,13565,10548,3017
21,398,koraput,Rural,50-54,44794,23319,21475,36172,16561,19611,8622,6758,1864
21,398,koraput,Rural,55-59,35165,16454,18711,29070,11714,17356,6095,4740,1355
21,398,koraput,Rural,60-64,43575,19149,24426,38415,15056,23359,5160,4093,1067
21,398,koraput,Rural,65-69,27026,12095,14931,24143,9782,14361,2883,2313,570
21,398,koraput,Rural,70-74,14722,6442,8280,13183,5216,7967,1539,1226,313
21,398,koraput,Rural,75-79,4789,1989,2800,4216,1544,2672,573,445,128
21,398,koraput,Rural,80+,4366,1894,2472,3688,1387,2301,678,507,171
21,398,koraput,Rural,Age not stated,4323,2195,2128,2402,982,1420,1921,1213,708
21,398,koraput,Urban,All ages,226169,115038,111131,62504,25121,37383,163665,89917,73748
21,398,koraput,Urban,0-6,26089,13417,12672,26089,13417,12672,0,0,0
21,398,koraput,Urban,7,4412,2282,2130,910,461,449,3502,1821,1681
21,398,koraput,Urban,8,4147,2121,2026,445,224,221,3702,1897,1805
21,398,koraput,Urban,9,3923,2026,1897,280,140,140,3643,1886,1757
21,398,koraput,Urban,10,4520,2313,2207,327,146,181,4193,2167,2026
21,398,koraput,Urban,11,4494,2309,2185,237,100,137,4257,2209,2048
21,398,koraput,Urban,12,4411,2263,2148,250,108,142,4161,2155,2006
21,398,koraput,Urban,13,4430,2229,2201,244,96,148,4186,2133,2053
21,398,koraput,Urban,14,4367,2173,2194,274,94,180,4093,2079,2014
21,398,koraput,Urban,15,4701,2394,2307,369,138,231,4332,2256,2076
21,398,koraput,Urban,16,4278,2189,2089,367,132,235,3911,2057,1854
21,398,koraput,Urban,17,3903,2004,1899,347,116,231,3556,1888,1668
21,398,koraput,Urban,18,4745,2379,2366,571,176,395,4174,2203,1971
21,398,koraput,Urban,19,3996,1944,2052,384,99,285,3612,1845,1767
21,398,koraput,Urban,20-24,21326,10474,10852,3055,876,2179,18271,9598,8673
21,398,koraput,Urban,25-29,20725,10460,10265,3333,1089,2244,17392,9371,8021
21,398,koraput,Urban,30-34,18532,9458,9074,3144,1053,2091,15388,8405,6983
21,398,koraput,Urban,35-39,18231,8866,9365,3642,1102,2540,14589,7764,6825
21,398,koraput,Urban,40-44,16530,8360,8170,3721,1233,2488,12809,7127,5682
21,398,koraput,Urban,45-49,14903,8105,6798,3468,1140,2328,11435,6965,4470
21,398,koraput,Urban,50-54,10755,5800,4955,2829,911,1918,7926,4889,3037
21,398,koraput,Urban,55-59,7736,4240,3496,2136,663,1473,5600,3577,2023
21,398,koraput,Urban,60-64,6109,3022,3087,2431,674,1757,3678,2348,1330
21,398,koraput,Urban,65-69,3588,1764,1824,1467,391,1076,2121,1373,748
21,398,koraput,Urban,70-74,2361,1083,1278,1067,280,787,1294,803,491
21,398,koraput,Urban,75-79,1043,449,594,416,79,337,627,370,257
21,398,koraput,Urban,80+,1177,525,652,514,111,403,663,414,249
21,398,koraput,Urban,Age not stated,737,389,348,187,72,115,550,317,233
21,399,malkangiri,Total,All ages,613192,303624,309568,368486,156623,211863,244706,147001,97705
21,399,malkangiri,Total,0-6,109092,54770,54322,109092,54770,54322,0,0,0
21,399,malkangiri,Total,7,17161,8497,8664,6841,3329,3512,10320,5168,5152
21,399,malkangiri,Total,8,18639,9205,9434,4709,2222,2487,13930,6983,6947
21,399,malkangiri,Total,9,14585,7118,7467,2482,1114,1368,12103,6004,6099
21,399,malkangiri,Total,10,17948,8821,9127,3984,1784,2200,13964,7037,6927
21,399,malkangiri,Total,11,13238,6703,6535,2217,968,1249,11021,5735,5286
21,399,malkangiri,Total,12,15107,7900,7207,3241,1419,1822,11866,6481,5385
21,399,malkangiri,Total,13,12100,6183,5917,2305,891,1414,9795,5292,4503
21,399,malkangiri,Total,14,11352,5812,5540,2525,988,1537,8827,4824,4003
21,399,malkangiri,Total,15,12544,6252,6292,3861,1518,2343,8683,4734,3949
21,399,malkangiri,Total,16,10407,5033,5374,3361,1207,2154,7046,3826,3220
21,399,malkangiri,Total,17,7748,3798,3950,2609,926,1683,5139,2872,2267
21,399,malkangiri,Total,18,12684,5855,6829,5387,1663,3724,7297,4192,3105
21,399,malkangiri,Total,19,8028,3626,4402,3320,966,2354,4708,2660,2048
21,399,malkangiri,Total,20-24,50434,23686,26748,23829,7774,16055,26605,15912,10693
21,399,malkangiri,Total,25-29,50846,25640,25206,27347,10277,17070,23499,15363,8136
21,399,malkangiri,Total,30-34,41845,21166,20679,24898,9686,15212,16947,11480,5467
21,399,malkangiri,Total,35-39,40266,19967,20299,26081,10307,15774,14185,9660,4525
21,399,malkangiri,Total,40-44,35296,18665,16631,23656,10333,13323,11640,8332,3308
21,399,malkangiri,Total,45-49,28948,15196,13752,20185,8805,11380,8763,6391,2372
21,399,malkangiri,Total,50-54,21141,11263,9878,15355,6862,8493,5786,4401,1385
21,399,malkangiri,Total,55-59,15648,7447,8201,11738,4489,7249,3910,2958,952
21,399,malkangiri,Total,60-64,20365,8875,11490,16785,6107,10678,3580,2768,812
21,399,malkangiri,Total,65-69,12704,5604,7100,10590,3909,6681,2114,1695,419
21,399,malkangiri,Total,70-74,7758,3332,4426,6545,2372,4173,1213,960,253
21,399,malkangiri,Total,75-79,2677,1155,1522,2154,740,1414,523,415,108
21,399,malkangiri,Total,80+,2991,1233,1758,2428,800,1628,563,433,130
21,399,malkangiri,Total,Age not stated,1640,822,818,961,397,564,679,425,254
21,399,malkangiri,Rural,All ages,563664,277901,285763,350783,149428,201355,212881,128473,84408
21,399,malkangiri,Rural,0-6,102265,51263,51002,102265,51263,51002,0,0,0
21,399,malkangiri,Rural,7,16099,7933,8166,6538,3180,3358,9561,4753,4808
21,399,malkangiri,Rural,8,17526,8608,8918,4534,2142,2392,12992,6466,6526
21,399,malkangiri,Rural,9,13630,6620,7010,2406,1080,1326,11224,5540,5684
21,399,malkangiri,Rural,10,16784,8217,8567,3855,1725,2130,12929,6492,6437
21,399,malkangiri,Rural,11,12196,6164,6032,2152,935,1217,10044,5229,4815
21,399,malkangiri,Rural,12,14000,7330,6670,3134,1371,1763,10866,5959,4907
21,399,malkangiri,Rural,13,11005,5660,5345,2213,862,1351,8792,4798,3994
21,399,malkangiri,Rural,14,10322,5310,5012,2434,956,1478,7888,4354,3534
21,399,malkangiri,Rural,15,11523,5714,5809,3733,1459,2274,7790,4255,3535
21,399,malkangiri,Rural,16,9523,4598,4925,3243,1158,2085,6280,3440,2840
21,399,malkangiri,Rural,17,7005,3434,3571,2494,876,1618,4511,2558,1953
21,399,malkangiri,Rural,18,11668,5364,6304,5169,1592,3577,6499,3772,2727
21,399,malkangiri,Rural,19,7269,3273,3996,3197,920,2277,4072,2353,1719
21,399,malkangiri,Rural,20-24,45877,21481,24396,22912,7493,15419,22965,13988,8977
21,399,malkangiri,Rural,25-29,46109,23114,22995,26322,9950,16372,19787,13164,6623
21,399,malkangiri,Rural,30-34,37707,18923,18784,23946,9383,14563,13761,9540,4221
21,399,malkangiri,Rural,35-39,36448,17913,18535,25043,9959,15084,11405,7954,3451
21,399,malkangiri,Rural,40-44,31872,16667,15205,22643,9956,12687,9229,6711,2518
21,399,malkangiri,Rural,45-49,26422,13817,12605,19309,8517,10792,7113,5300,1813
21,399,malkangiri,Rural,50-54,19222,10224,8998,14551,6571,7980,4671,3653,1018
21,399,malkangiri,Rural,55-59,14255,6723,7532,11135,4318,6817,3120,2405,715
21,399,malkangiri,Rural,60-64,19047,8266,10781,16011,5882,10129,3036,2384,652
21,399,malkangiri,Rural,65-69,11931,5246,6685,10136,3778,6358,1795,1468,327
21,399,malkangiri,Rural,70-74,7191,3069,4122,6184,2262,3922,1007,807,200
21,399,malkangiri,Rural,75-79,2486,1074,1412,2047,711,1336,439,363,76
21,399,malkangiri,Rural,80+,2705,1107,1598,2235,739,1496,470,368,102
21,399,malkangiri,Rural,Age not stated,1577,789,788,942,390,552,635,399,236
21,399,malkangiri,Urban,All ages,49528,25723,23805,17703,7195,10508,31825,18528,13297
21,399,malkangiri,Urban,0-6,6827,3507,3320,6827,3507,3320,0,0,0
21,399,malkangiri,Urban,7,1062,564,498,303,149,154,759,415,344
21,399,malkangiri,Urban,8,1113,597,516,175,80,95,938,517,421
21,399,malkangiri,Urban,9,955,498,457,76,34,42,879,464,415
21,399,malkangiri,Urban,10,1164,604,560,129,59,70,1035,545,490
21,399,malkangiri,Urban,11,1042,539,503,65,33,32,977,506,471
21,399,malkangiri,Urban,12,1107,570,537,107,48,59,1000,522,478
21,399,malkangiri,Urban,13,1095,523,572,92,29,63,1003,494,509
21,399,malkangiri,Urban,14,1030,502,528,91,32,59,939,470,469
21,399,malkangiri,Urban,15,1021,538,483,128,59,69,893,479,414
21,399,malkangiri,Urban,16,884,435,449,118,49,69,766,386,380
21,399,malkangiri,Urban,17,743,364,379,115,50,65,628,314,314
21,399,malkangiri,Urban,18,1016,491,525,218,71,147,798,420,378
21,399,malkangiri,Urban,19,759,353,406,123,46,77,636,307,329
21,399,malkangiri,Urban,20-24,4557,2205,2352,917,281,636,3640,1924,1716
21,399,malkangiri,Urban,25-29,4737,2526,2211,1025,327,698,3712,2199,1513
21,399,malkangiri,Urban,30-34,4138,2243,1895,952,303,649,3186,1940,1246
21,399,malkangiri,Urban,35-39,3818,2054,1764,1038,348,690,2780,1706,1074
21,399,malkangiri,Urban,40-44,3424,1998,1426,1013,377,636,2411,1621,790
21,399,malkangiri,Urban,45-49,2526,1379,1147,876,288,588,1650,1091,559
21,399,malkangiri,Urban,50-54,1919,1039,880,804,291,513,1115,748,367
21,399,malkangiri,Urban,55-59,1393,724,669,603,171,432,790,553,237
21,399,malkangiri,Urban,60-64,1318,609,709,774,225,549,544,384,160
21,399,malkangiri,Urban,65-69,773,358,415,454,131,323,319,227,92
21,399,malkangiri,Urban,70-74,567,263,304,361,110,251,206,153,53
21,399,malkangiri,Urban,75-79,191,81,110,107,29,78,84,52,32
21,399,malkangiri,Urban,80+,286,126,160,193,61,132,93,65,28
21,399,malkangiri,Urban,Age not stated,63,33,30,19,7,12,44,26,18
16,289,west tripura,Total,All ages,1725739,879428,846311,364385,156430,207955,1361354,722998,638356
16,289,west tripura,Total,0-6,190850,97787,93063,190850,97787,93063,0,0,0
16,289,west tripura,Total,7,28080,14256,13824,4892,2438,2454,23188,11818,11370
16,289,west tripura,Total,8,28786,14849,13937,1622,833,789,27164,14016,13148
16,289,west tripura,Total,9,28739,14516,14223,1040,530,510,27699,13986,13713
16,289,west tripura,Total,10,31493,16197,15296,1304,650,654,30189,15547,14642
16,289,west tripura,Total,11,30818,15651,15167,741,358,383,30077,15293,14784
16,289,west tripura,Total,12,31818,16306,15512,795,386,409,31023,15920,15103
16,289,west tripura,Total,13,30128,15335,14793,603,300,303,29525,15035,14490
16,289,west tripura,Total,14,31193,15955,15238,726,349,377,30467,15606,14861
16,289,west tripura,Total,15,32316,16414,15902,929,405,524,31387,16009,15378
16,289,west tripura,Total,16,33250,17107,16143,955,411,544,32295,16696,15599
16,289,west tripura,Total,17,31613,16545,15068,957,420,537,30656,16125,14531
16,289,west tripura,Total,18,36541,18304,18237,1610,619,991,34931,17685,17246
16,289,west tripura,Total,19,33366,16324,17042,1260,457,803,32106,15867,16239
16,289,west tripura,Total,20-24,176431,87398,89033,8041,2995,5046,168390,84403,83987
16,289,west tripura,Total,25-29,165002,83840,81162,9713,3660,6053,155289,80180,75109
16,289,west tripura,Total,30-34,140470,73022,67448,9982,3572,6410,130488,69450,61038
16,289,west tripura,Total,35-39,136860,69503,67357,13728,4425,9303,123132,65078,58054
16,289,west tripura,Total,40-44,119308,61525,57783,16751,5590,11161,102557,55935,46622
16,289,west tripura,Total,45-49,103081,53235,49846,17606,6028,11578,85475,47207,38268
16,289,west tripura,Total,50-54,82128,43784,38344,16095,5730,10365,66033,38054,27979
16,289,west tripura,Total,55-59,59265,31507,27758,12776,3967,8809,46489,27540,18949
16,289,west tripura,Total,60-64,48093,24633,23460,13749,4151,9598,34344,20482,13862
16,289,west tripura,Total,65-69,34226,16917,17309,11478,3267,8211,22748,13650,9098
16,289,west tripura,Total,70-74,25947,12403,13544,10219,2846,7373,15728,9557,6171
16,289,west tripura,Total,75-79,15196,7127,8069,6194,1667,4527,9002,5460,3542
16,289,west tripura,Total,80+,19782,8470,11312,9564,2493,7071,10218,5977,4241
16,289,west tripura,Total,Age not stated,959,518,441,205,96,109,754,422,332
16,289,west tripura,Rural,All ages,1048101,536720,511381,259099,109139,149960,789002,427581,361421
16,289,west tripura,Rural,0-6,127118,65022,62096,127118,65022,62096,0,0,0
16,289,west tripura,Rural,7,18281,9298,8983,3664,1812,1852,14617,7486,7131
16,289,west tripura,Rural,8,18672,9633,9039,1308,659,649,17364,8974,8390
16,289,west tripura,Rural,9,18673,9386,9287,822,408,414,17851,8978,8873
16,289,west tripura,Rural,10,21028,10816,10212,984,482,502,20044,10334,9710
16,289,west tripura,Rural,11,20286,10258,10028,547,260,287,19739,9998,9741
16,289,west tripura,Rural,12,21544,11068,10476,622,290,332,20922,10778,10144
16,289,west tripura,Rural,13,20281,10382,9899,456,219,237,19825,10163,9662
16,289,west tripura,Rural,14,20690,10575,10115,528,243,285,20162,10332,9830
16,289,west tripura,Rural,15,21494,10928,10566,709,292,417,20785,10636,10149
16,289,west tripura,Rural,16,21878,11310,10568,737,314,423,21141,10996,10145
16,289,west tripura,Rural,17,20415,10888,9527,714,301,413,19701,10587,9114
16,289,west tripura,Rural,18,23909,11967,11942,1220,427,793,22689,11540,11149
16,289,west tripura,Rural,19,20978,10313,10665,957,319,638,20021,9994,10027
16,289,west tripura,Rural,20-24,111283,55426,55857,6207,2232,3975,105076,53194,51882
16,289,west tripura,Rural,25-29,100207,51537,48670,7539,2779,4760,92668,48758,43910
16,289,west tripura,Rural,30-34,82217,43621,38596,7710,2689,5021,74507,40932,33575
16,289,west tripura,Rural,35-39,78118,40396,37722,10493,3272,7221,67625,37124,30501
16,289,west tripura,Rural,40-44,66467,34489,31978,12776,4146,8630,53691,30343,23348
16,289,west tripura,Rural,45-49,56136,29082,27054,13463,4475,8988,42673,24607,18066
16,289,west tripura,Rural,50-54,43532,23302,20230,12258,4304,7954,31274,18998,12276
16,289,west tripura,Rural,55-59,30806,15907,14899,9822,2959,6863,20984,12948,8036
16,289,west tripura,Rural,60-64,26724,13520,13204,10408,3167,7241,16316,10353,5963
16,289,west tripura,Rural,65-69,20043,9880,10163,8712,2540,6172,11331,7340,3991
16,289,west tripura,Rural,70-74,15525,7530,7995,7629,2203,5426,7896,5327,2569
16,289,west tripura,Rural,75-79,8799,4273,4526,4458,1271,3187,4341,3002,1339
16,289,west tripura,Rural,80+,12488,5626,6862,7108,1989,5119,5380,3637,1743
16,289,west tripura,Rural,Age not stated,509,287,222,130,65,65,379,222,157
16,289,west tripura,Urban,All ages,677638,342708,334930,105286,47291,57995,572352,295417,276935
16,289,west tripura,Urban,0-6,63732,32765,30967,63732,32765,30967,0,0,0
16,289,west tripura,Urban,7,9799,4958,4841,1228,626,602,8571,4332,4239
16,289,west tripura,Urban,8,10114,5216,4898,314,174,140,9800,5042,4758
16,289,west tripura,Urban,9,10066,5130,4936,218,122,96,9848,5008,4840
16,289,west tripura,Urban,10,10465,5381,5084,320,168,152,10145,5213,4932
16,289,west tripura,Urban,11,10532,5393,5139,194,98,96,10338,5295,5043
16,289,west tripura,Urban,12,10274,5238,5036,173,96,77,10101,5142,4959
16,289,west tripura,Urban,13,9847,4953,4894,147,81,66,9700,4872,4828
16,289,west tripura,Urban,14,10503,5380,5123,198,106,92,10305,5274,5031
16,289,west tripura,Urban,15,10822,5486,5336,220,113,107,10602,5373,5229
16,289,west tripura,Urban,16,11372,5797,5575,218,97,121,11154,5700,5454
16,289,west tripura,Urban,17,11198,5657,5541,243,119,124,10955,5538,5417
16,289,west tripura,Urban,18,12632,6337,6295,390,192,198,12242,6145,6097
16,289,west tripura,Urban,19,12388,6011,6377,303,138,165,12085,5873,6212
16,289,west tripura,Urban,20-24,65148,31972,33176,1834,763,1071,63314,31209,32105
16,289,west tripura,Urban,25-29,64795,32303,32492,2174,881,1293,62621,31422,31199
16,289,west tripura,Urban,30-34,58253,29401,28852,2272,883,1389,55981,28518,27463
16,289,west tripura,Urban,35-39,58742,29107,29635,3235,1153,2082,55507,27954,27553
16,289,west tripura,Urban,40-44,52841,27036,25805,3975,1444,2531,48866,25592,23274
16,289,west tripura,Urban,45-49,46945,24153,22792,4143,1553,2590,42802,22600,20202
16,289,west tripura,Urban,50-54,38596,20482,18114,3837,1426,2411,34759,19056,15703
16,289,west tripura,Urban,55-59,28459,15600,12859,2954,1008,1946,25505,14592,10913
16,289,west tripura,Urban,60-64,21369,11113,10256,3341,984,2357,18028,10129,7899
16,289,west tripura,Urban,65-69,14183,7037,7146,2766,727,2039,11417,6310,5107
16,289,west tripura,Urban,70-74,10422,4873,5549,2590,643,1947,7832,4230,3602
16,289,west tripura,Urban,75-79,6397,2854,3543,1736,396,1340,4661,2458,2203
16,289,west tripura,Urban,80+,7294,2844,4450,2456,504,1952,4838,2340,2498
16,289,west tripura,Urban,Age not stated,450,231,219,75,31,44,375,200,175
16,290,south tripura,Total,All ages,876001,447544,428457,229191,96462,132729,646810,351082,295728
16,290,south tripura,Total,0-6,111949,57382,54567,111949,57382,54567,0,0,0
16,290,south tripura,Total,7,16261,8425,7836,2970,1548,1422,13291,6877,6414
16,290,south tripura,Total,8,17256,8736,8520,1270,621,649,15986,8115,7871
16,290,south tripura,Total,9,16754,8505,8249,808,378,430,15946,8127,7819
16,290,south tripura,Total,10,18949,9741,9208,968,461,507,17981,9280,8701
16,290,south tripura,Total,11,17032,8793,8239,581,293,288,16451,8500,7951
16,290,south tripura,Total,12,18602,9502,9100,596,234,362,18006,9268,8738
16,290,south tripura,Total,13,17593,8951,8642,477,189,288,17116,8762,8354
16,290,south tripura,Total,14,17177,8797,8380,552,198,354,16625,8599,8026
16,290,south tripura,Total,15,17212,8847,8365,752,264,488,16460,8583,7877
16,290,south tripura,Total,16,17227,8953,8274,821,300,521,16406,8653,7753
16,290,south tripura,Total,17,15804,8442,7362,807,280,527,14997,8162,6835
16,290,south tripura,Total,18,17848,8750,9098,1255,391,864,16593,8359,8234
16,290,south tripura,Total,19,16692,7878,8814,1097,301,796,15595,7577,8018
16,290,south tripura,Total,20-24,87795,43132,44663,6927,2060,4867,80868,41072,39796
16,290,south tripura,Total,25-29,81407,41694,39713,8452,2781,5671,72955,38913,34042
16,290,south tripura,Total,30-34,67247,35231,32016,7909,2584,5325,59338,32647,26691
16,290,south tripura,Total,35-39,66082,34051,32031,10168,3157,7011,55914,30894,25020
16,290,south tripura,Total,40-44,55378,28938,26440,10833,3569,7264,44545,25369,19176
16,290,south tripura,Total,45-49,47969,24921,23048,11479,3938,7541,36490,20983,15507
16,290,south tripura,Total,50-54,37193,19999,17194,9650,3520,6130,27543,16479,11064
16,290,south tripura,Total,55-59,27100,14174,12926,8017,2634,5383,19083,11540,7543
16,290,south tripura,Total,60-64,22350,11334,11016,8271,2616,5655,14079,8718,5361
16,290,south tripura,Total,65-69,17172,8443,8729,7190,2179,5011,9982,6264,3718
16,290,south tripura,Total,70-74,12379,5957,6422,5952,1841,4111,6427,4116,2311
16,290,south tripura,Total,75-79,7356,3365,3991,3829,1104,2725,3527,2261,1266
16,290,south tripura,Total,80+,9874,4434,5440,5519,1610,3909,4355,2824,1531
16,290,south tripura,Total,Age not stated,343,169,174,92,29,63,251,140,111
16,290,south tripura,Rural,All ages,752970,384787,368183,210084,87967,122117,542886,296820,246066
16,290,south tripura,Rural,0-6,100135,51240,48895,100135,51240,48895,0,0,0
16,290,south tripura,Rural,7,14541,7559,6982,2804,1466,1338,11737,6093,5644
16,290,south tripura,Rural,8,15479,7826,7653,1224,596,628,14255,7230,7025
16,290,south tripura,Rural,9,14901,7534,7367,769,358,411,14132,7176,6956
16,290,south tripura,Rural,10,16990,8733,8257,923,436,487,16067,8297,7770
16,290,south tripura,Rural,11,15168,7822,7346,549,275,274,14619,7547,7072
16,290,south tripura,Rural,12,16689,8512,8177,571,217,354,16118,8295,7823
16,290,south tripura,Rural,13,15671,8008,7663,459,176,283,15212,7832,7380
16,290,south tripura,Rural,14,15260,7850,7410,529,189,340,14731,7661,7070
16,290,south tripura,Rural,15,15347,7896,7451,723,249,474,14624,7647,6977
16,290,south tripura,Rural,16,15109,7905,7204,785,283,502,14324,7622,6702
16,290,south tripura,Rural,17,13732,7365,6367,773,262,511,12959,7103,5856
16,290,south tripura,Rural,18,15671,7657,8014,1205,376,829,14466,7281,7185
16,290,south tripura,Rural,19,14410,6747,7663,1050,284,766,13360,6463,6897
16,290,south tripura,Rural,20-24,75867,37287,38580,6627,1930,4697,69240,35357,33883
16,290,south tripura,Rural,25-29,69805,35715,34090,8074,2623,5451,61731,33092,28639
16,290,south tripura,Rural,30-34,56975,29989,26986,7576,2457,5119,49399,27532,21867
16,290,south tripura,Rural,35-39,55232,28601,26631,9619,2987,6632,45613,25614,19999
16,290,south tripura,Rural,40-44,45775,24001,21774,10219,3357,6862,35556,20644,14912
16,290,south tripura,Rural,45-49,39318,20499,18819,10763,3693,7070,28555,16806,11749
16,290,south tripura,Rural,50-54,30284,16260,14024,8994,3285,5709,21290,12975,8315
16,290,south tripura,Rural,55-59,21898,11339,10559,7418,2455,4963,14480,8884,5596
16,290,south tripura,Rural,60-64,18698,9339,9359,7697,2452,5245,11001,6887,4114
16,290,south tripura,Rural,65-69,14566,7132,7434,6629,2030,4599,7937,5102,2835
16,290,south tripura,Rural,70-74,10538,5093,5445,5467,1730,3737,5071,3363,1708
16,290,south tripura,Rural,75-79,6225,2869,3356,3470,1023,2447,2755,1846,909
16,290,south tripura,Rural,80+,8417,3873,4544,4952,1512,3440,3465,2361,1104
16,290,south tripura,Rural,Age not stated,269,136,133,80,26,54,189,110,79
16,290,south tripura,Urban,All ages,123031,62757,60274,19107,8495,10612,103924,54262,49662
16,290,south tripura,Urban,0-6,11814,6142,5672,11814,6142,5672,0,0,0
16,290,south tripura,Urban,7,1720,866,854,166,82,84,1554,784,770
16,290,south tripura,Urban,8,1777,910,867,46,25,21,1731,885,846
16,290,south tripura,Urban,9,1853,971,882,39,20,19,1814,951,863
16,290,south tripura,Urban,10,1959,1008,951,45,25,20,1914,983,931
16,290,south tripura,Urban,11,1864,971,893,32,18,14,1832,953,879
16,290,south tripura,Urban,12,1913,990,923,25,17,8,1888,973,915
16,290,south tripura,Urban,13,1922,943,979,18,13,5,1904,930,974
16,290,south tripura,Urban,14,1917,947,970,23,9,14,1894,938,956
16,290,south tripura,Urban,15,1865,951,914,29,15,14,1836,936,900
16,290,south tripura,Urban,16,2118,1048,1070,36,17,19,2082,1031,1051
16,290,south tripura,Urban,17,2072,1077,995,34,18,16,2038,1059,979
16,290,south tripura,Urban,18,2177,1093,1084,50,15,35,2127,1078,1049
16,290,south tripura,Urban,19,2282,1131,1151,47,17,30,2235,1114,1121
16,290,south tripura,Urban,20-24,11928,5845,6083,300,130,170,11628,5715,5913
16,290,south tripura,Urban,25-29,11602,5979,5623,378,158,220,11224,5821,5403
16,290,south tripura,Urban,30-34,10272,5242,5030,333,127,206,9939,5115,4824
16,290,south tripura,Urban,35-39,10850,5450,5400,549,170,379,10301,5280,5021
16,290,south tripura,Urban,40-44,9603,4937,4666,614,212,402,8989,4725,4264
16,290,south tripura,Urban,45-49,8651,4422,4229,716,245,471,7935,4177,3758
16,290,south tripura,Urban,50-54,6909,3739,3170,656,235,421,6253,3504,2749
16,290,south tripura,Urban,55-59,5202,2835,2367,599,179,420,4603,2656,1947
16,290,south tripura,Urban,60-64,3652,1995,1657,574,164,410,3078,1831,1247
16,290,south tripura,Urban,65-69,2606,1311,1295,561,149,412,2045,1162,883
16,290,south tripura,Urban,70-74,1841,864,977,485,111,374,1356,753,603
16,290,south tripura,Urban,75-79,1131,496,635,359,81,278,772,415,357
16,290,south tripura,Urban,80+,1457,561,896,567,98,469,890,463,427
16,290,south tripura,Urban,Age not stated,74,33,41,12,3,9,62,30,32
16,291,dhalai,Total,All ages,378230,194544,183686,102013,42901,59112,276217,151643,124574
16,291,dhalai,Total,0-6,56011,28460,27551,56011,28460,27551,0,0,0
16,291,dhalai,Total,7,8382,4306,4076,1434,709,725,6948,3597,3351
16,291,dhalai,Total,8,8487,4287,4200,676,325,351,7811,3962,3849
16,291,dhalai,Total,9,8051,4080,3971,506,210,296,7545,3870,3675
16,291,dhalai,Total,10,8867,4508,4359,632,268,364,8235,4240,3995
16,291,dhalai,Total,11,8162,4234,3928,431,149,282,7731,4085,3646
16,291,dhalai,Total,12,8511,4413,4098,421,156,265,8090,4257,3833
16,291,dhalai,Total,13,7905,4127,3778,349,123,226,7556,4004,3552
16,291,dhalai,Total,14,7479,3871,3608,354,122,232,7125,3749,3376
16,291,dhalai,Total,15,7803,4063,3740,435,142,293,7368,3921,3447
16,291,dhalai,Total,16,7391,3913,3478,408,102,306,6983,3811,3172
16,291,dhalai,Total,17,6946,3636,3310,470,142,328,6476,3494,2982
16,291,dhalai,Total,18,8074,3953,4121,675,158,517,7399,3795,3604
16,291,dhalai,Total,19,7137,3299,3838,605,141,464,6532,3158,3374
16,291,dhalai,Total,20-24,37906,18533,19373,3664,872,2792,34242,17661,16581
16,291,dhalai,Total,25-29,35174,18107,17067,4148,1136,3012,31026,16971,14055
16,291,dhalai,Total,30-34,28117,14815,13302,3421,985,2436,24696,13830,10866
16,291,dhalai,Total,35-39,27011,14301,12710,3647,1083,2564,23364,13218,10146
16,291,dhalai,Total,40-44,21904,11835,10069,3479,1061,2418,18425,10774,7651
16,291,dhalai,Total,45-49,18516,9718,8798,3539,1096,2443,14977,8622,6355
16,291,dhalai,Total,50-54,13895,7410,6485,3284,1107,2177,10611,6303,4308
16,291,dhalai,Total,55-59,9972,5245,4727,2765,904,1861,7207,4341,2866
16,291,dhalai,Total,60-64,9033,4571,4462,3204,1013,2191,5829,3558,2271
16,291,dhalai,Total,65-69,6600,3368,3232,2567,833,1734,4033,2535,1498
16,291,dhalai,Total,70-74,4663,2415,2248,1973,667,1306,2690,1748,942
16,291,dhalai,Total,75-79,2568,1281,1287,1150,350,800,1418,931,487
16,291,dhalai,Total,80+,3538,1720,1818,1730,568,1162,1808,1152,656
16,291,dhalai,Total,Age not stated,127,75,52,35,19,16,92,56,36
16,291,dhalai,Rural,All ages,337731,173773,163958,95913,40133,55780,241818,133640,108178
16,291,dhalai,Rural,0-6,51571,26196,25375,51571,26196,25375,0,0,0
16,291,dhalai,Rural,7,7673,3940,3733,1377,681,696,6296,3259,3037
16,291,dhalai,Rural,8,7731,3901,3830,652,312,340,7079,3589,3490
16,291,dhalai,Rural,9,7399,3756,3643,488,201,287,6911,3555,3356
16,291,dhalai,Rural,10,8188,4154,4034,615,260,355,7573,3894,3679
16,291,dhalai,Rural,11,7451,3870,3581,418,145,273,7033,3725,3308
16,291,dhalai,Rural,12,7821,4088,3733,409,149,260,7412,3939,3473
16,291,dhalai,Rural,13,7252,3789,3463,346,121,225,6906,3668,3238
16,291,dhalai,Rural,14,6838,3530,3308,347,116,231,6491,3414,3077
16,291,dhalai,Rural,15,7162,3757,3405,427,140,287,6735,3617,3118
16,291,dhalai,Rural,16,6719,3581,3138,401,100,301,6318,3481,2837
16,291,dhalai,Rural,17,6241,3273,2968,460,138,322,5781,3135,2646
16,291,dhalai,Rural,18,7290,3570,3720,662,154,508,6628,3416,3212
16,291,dhalai,Rural,19,6368,2925,3443,596,136,460,5772,2789,2983
16,291,dhalai,Rural,20-24,33957,16604,17353,3609,854,2755,30348,15750,14598
16,291,dhalai,Rural,25-29,31182,16119,15063,4047,1099,2948,27135,15020,12115
16,291,dhalai,Rural,30-34,24585,13015,11570,3339,959,2380,21246,12056,9190
16,291,dhalai,Rural,35-39,23447,12430,11017,3542,1051,2491,19905,11379,8526
16,291,dhalai,Rural,40-44,18887,10108,8779,3366,1024,2342,15521,9084,6437
16,291,dhalai,Rural,45-49,16013,8445,7568,3401,1049,2352,12612,7396,5216
16,291,dhalai,Rural,50-54,11947,6356,5591,3147,1075,2072,8800,5281,3519
16,291,dhalai,Rural,55-59,8613,4480,4133,2657,874,1783,5956,3606,2350
16,291,dhalai,Rural,60-64,7958,4005,3953,3049,968,2081,4909,3037,1872
16,291,dhalai,Rural,65-69,5874,3012,2862,2453,803,1650,3421,2209,1212
16,291,dhalai,Rural,70-74,4128,2155,1973,1846,638,1208,2282,1517,765
16,291,dhalai,Rural,75-79,2239,1126,1113,1077,336,741,1162,790,372
16,291,dhalai,Rural,80+,3079,1516,1563,1576,535,1041,1503,981,522
16,291,dhalai,Rural,Age not stated,118,72,46,35,19,16,83,53,30
16,291,dhalai,Urban,All ages,40499,20771,19728,6100,2768,3332,34399,18003,16396
16,291,dhalai,Urban,0-6,4440,2264,2176,4440,2264,2176,0,0,0
16,291,dhalai,Urban,7,709,366,343,57,28,29,652,338,314
16,291,dhalai,Urban,8,756,386,370,24,13,11,732,373,359
16,291,dhalai,Urban,9,652,324,328,18,9,9,634,315,319
16,291,dhalai,Urban,10,679,354,325,17,8,9,662,346,316
16,291,dhalai,Urban,11,711,364,347,13,4,9,698,360,338
16,291,dhalai,Urban,12,690,325,365,12,7,5,678,318,360
16,291,dhalai,Urban,13,653,338,315,3,2,1,650,336,314
16,291,dhalai,Urban,14,641,341,300,7,6,1,634,335,299
16,291,dhalai,Urban,15,641,306,335,8,2,6,633,304,329
16,291,dhalai,Urban,16,672,332,340,7,2,5,665,330,335
16,291,dhalai,Urban,17,705,363,342,10,4,6,695,359,336
16,291,dhalai,Urban,18,784,383,401,13,4,9,771,379,392
16,291,dhalai,Urban,19,769,374,395,9,5,4,760,369,391
16,291,dhalai,Urban,20-24,3949,1929,2020,55,18,37,3894,1911,1983
16,291,dhalai,Urban,25-29,3992,1988,2004,101,37,64,3891,1951,1940
16,291,dhalai,Urban,30-34,3532,1800,1732,82,26,56,3450,1774,1676
16,291,dhalai,Urban,35-39,3564,1871,1693,105,32,73,3459,1839,1620
16,291,dhalai,Urban,40-44,3017,1727,1290,113,37,76,2904,1690,1214
16,291,dhalai,Urban,45-49,2503,1273,1230,138,47,91,2365,1226,1139
16,291,dhalai,Urban,50-54,1948,1054,894,137,32,105,1811,1022,789
16,291,dhalai,Urban,55-59,1359,765,594,108,30,78,1251,735,516
16,291,dhalai,Urban,60-64,1075,566,509,155,45,110,920,521,399
16,291,dhalai,Urban,65-69,726,356,370,114,30,84,612,326,286
16,291,dhalai,Urban,70-74,535,260,275,127,29,98,408,231,177
16,291,dhalai,Urban,75-79,329,155,174,73,14,59,256,141,115
16,291,dhalai,Urban,80+,459,204,255,154,33,121,305,171,134
16,291,dhalai,Urban,Age not stated,9,3,6,0,0,0,9,3,6
16,292,north tripura,Total,All ages,693947,352860,341087,173545,77214,96331,520402,275646,244756
16,292,north tripura,Total,0-6,99204,50379,48825,99204,50379,48825,0,0,0
16,292,north tripura,Total,7,13707,6931,6776,2658,1334,1324,11049,5597,5452
16,292,north tripura,Total,8,13920,7096,6824,1239,603,636,12681,6493,6188
16,292,north tripura,Total,9,13864,7051,6813,875,431,444,12989,6620,6369
16,292,north tripura,Total,10,15137,7798,7339,1011,501,510,14126,7297,6829
16,292,north tripura,Total,11,14142,7152,6990,634,293,341,13508,6859,6649
16,292,north tripura,Total,12,15303,7824,7479,682,303,379,14621,7521,7100
16,292,north tripura,Total,13,13748,6962,6786,576,256,320,13172,6706,6466
16,292,north tripura,Total,14,13633,6884,6749,638,299,339,12995,6585,6410
16,292,north tripura,Total,15,13689,6974,6715,815,325,490,12874,6649,6225
16,292,north tripura,Total,16,13666,6928,6738,760,316,444,12906,6612,6294
16,292,north tripura,Total,17,13099,6993,6106,689,280,409,12410,6713,5697
16,292,north tripura,Total,18,15072,7557,7515,1127,394,733,13945,7163,6782
16,292,north tripura,Total,19,13083,6256,6827,886,264,622,12197,5992,6205
16,292,north tripura,Total,20-24,71045,34716,36329,5714,1974,3740,65331,32742,32589
16,292,north tripura,Total,25-29,62566,31418,31148,5984,2048,3936,56582,29370,27212
16,292,north tripura,Total,30-34,51155,26163,24992,5204,1888,3316,45951,24275,21676
16,292,north tripura,Total,35-39,49389,25196,24193,5884,2075,3809,43505,23121,20384
16,292,north tripura,Total,40-44,42161,21795,20366,6060,2060,4000,36101,19735,16366
16,292,north tripura,Total,45-49,35903,18843,17060,6071,2240,3831,29832,16603,13229
16,292,north tripura,Total,50-54,28970,15434,13536,5814,2166,3648,23156,13268,9888
16,292,north tripura,Total,55-59,20537,10923,9614,4576,1651,2925,15961,9272,6689
16,292,north tripura,Total,60-64,17653,9073,8580,4870,1605,3265,12783,7468,5315
16,292,north tripura,Total,65-69,12482,6316,6166,3743,1139,2604,8739,5177,3562
16,292,north tripura,Total,70-74,9335,4760,4575,3275,1046,2229,6060,3714,2346
16,292,north tripura,Total,75-79,4966,2486,2480,1772,533,1239,3194,1953,1241
16,292,north tripura,Total,80+,6331,2847,3484,2733,785,1948,3598,2062,1536
16,292,north tripura,Total,Age not stated,187,105,82,51,26,25,136,79,57
16,292,north tripura,Rural,All ages,573662,291893,281769,154595,68431,86164,419067,223462,195605
16,292,north tripura,Rural,0-6,86485,43942,42543,86485,43942,42543,0,0,0
16,292,north tripura,Rural,7,11836,5969,5867,2389,1197,1192,9447,4772,4675
16,292,north tripura,Rural,8,11989,6132,5857,1171,577,594,10818,5555,5263
16,292,north tripura,Rural,9,11966,6099,5867,825,405,420,11141,5694,5447
16,292,north tripura,Rural,10,13031,6712,6319,951,467,484,12080,6245,5835
16,292,north tripura,Rural,11,12113,6126,5987,612,280,332,11501,5846,5655
16,292,north tripura,Rural,12,13239,6744,6495,643,284,359,12596,6460,6136
16,292,north tripura,Rural,13,11794,5985,5809,552,244,308,11242,5741,5501
16,292,north tripura,Rural,14,11660,5882,5778,615,286,329,11045,5596,5449
16,292,north tripura,Rural,15,11640,5895,5745,777,312,465,10863,5583,5280
16,292,north tripura,Rural,16,11639,5870,5769,725,301,424,10914,5569,5345
16,292,north tripura,Rural,17,11015,5898,5117,640,258,382,10375,5640,4735
16,292,north tripura,Rural,18,12899,6432,6467,1074,371,703,11825,6061,5764
16,292,north tripura,Rural,19,10972,5200,5772,836,247,589,10136,4953,5183
16,292,north tripura,Rural,20-24,59769,29149,30620,5357,1818,3539,54412,27331,27081
16,292,north tripura,Rural,25-29,51666,26018,25648,5591,1869,3722,46075,24149,21926
16,292,north tripura,Rural,30-34,41091,21106,19985,4828,1718,3110,36263,19388,16875
16,292,north tripura,Rural,35-39,39332,20231,19101,5428,1874,3554,33904,18357,15547
16,292,north tripura,Rural,40-44,32926,16995,15931,5510,1836,3674,27416,15159,12257
16,292,north tripura,Rural,45-49,27830,14637,13193,5480,2010,3470,22350,12627,9723
16,292,north tripura,Rural,50-54,22539,12064,10475,5265,1964,3301,17274,10100,7174
16,292,north tripura,Rural,55-59,15630,8340,7290,4110,1481,2629,11520,6859,4661
16,292,north tripura,Rural,60-64,13915,7076,6839,4414,1467,2947,9501,5609,3892
16,292,north tripura,Rural,65-69,9943,5043,4900,3393,1046,2347,6550,3997,2553
16,292,north tripura,Rural,70-74,7573,3920,3653,2914,960,1954,4659,2960,1699
16,292,north tripura,Rural,75-79,3902,1990,1912,1559,485,1074,2343,1505,838
16,292,north tripura,Rural,80+,5129,2365,2764,2406,710,1696,2723,1655,1068
16,292,north tripura,Rural,Age not stated,139,73,66,45,22,23,94,51,43
16,292,north tripura,Urban,All ages,120285,60967,59318,18950,8783,10167,101335,52184,49151
16,292,north tripura,Urban,0-6,12719,6437,6282,12719,6437,6282,0,0,0
16,292,north tripura,Urban,7,1871,962,909,269,137,132,1602,825,777
16,292,north tripura,Urban,8,1931,964,967,68,26,42,1863,938,925
16,292,north tripura,Urban,9,1898,952,946,50,26,24,1848,926,922
16,292,north tripura,Urban,10,2106,1086,1020,60,34,26,2046,1052,994
16,292,north tripura,Urban,11,2029,1026,1003,22,13,9,2007,1013,994
16,292,north tripura,Urban,12,2064,1080,984,39,19,20,2025,1061,964
16,292,north tripura,Urban,13,1954,977,977,24,12,12,1930,965,965
16,292,north tripura,Urban,14,1973,1002,971,23,13,10,1950,989,961
16,292,north tripura,Urban,15,2049,1079,970,38,13,25,2011,1066,945
16,292,north tripura,Urban,16,2027,1058,969,35,15,20,1992,1043,949
16,292,north tripura,Urban,17,2084,1095,989,49,22,27,2035,1073,962
16,292,north tripura,Urban,18,2173,1125,1048,53,23,30,2120,1102,1018
16,292,north tripura,Urban,19,2111,1056,1055,50,17,33,2061,1039,1022
16,292,north tripura,Urban,20-24,11276,5567,5709,357,156,201,10919,5411,5508
16,292,north tripura,Urban,25-29,10900,5400,5500,393,179,214,10507,5221,5286
16,292,north tripura,Urban,30-34,10064,5057,5007,376,170,206,9688,4887,4801
16,292,north tripura,Urban,35-39,10057,4965,5092,456,201,255,9601,4764,4837
16,292,north tripura,Urban,40-44,9235,4800,4435,550,224,326,8685,4576,4109
16,292,north tripura,Urban,45-49,8073,4206,3867,591,230,361,7482,3976,3506
16,292,north tripura,Urban,50-54,6431,3370,3061,549,202,347,5882,3168,2714
16,292,north tripura,Urban,55-59,4907,2583,2324,466,170,296,4441,2413,2028
16,292,north tripura,Urban,60-64,3738,1997,1741,456,138,318,3282,1859,1423
16,292,north tripura,Urban,65-69,2539,1273,1266,350,93,257,2189,1180,1009
16,292,north tripura,Urban,70-74,1762,840,922,361,86,275,1401,754,647
16,292,north tripura,Urban,75-79,1064,496,568,213,48,165,851,448,403
16,292,north tripura,Urban,80+,1202,482,720,327,75,252,875,407,468
16,292,north tripura,Urban,Age not stated,48,32,16,6,4,2,42,28,14
26,496,dadra & nagar haveli,Total,All ages,343709,193760,149949,120479,51239,69240,223230,142521,80709
26,496,dadra & nagar haveli,Total,0-6,50895,26431,24464,50895,26431,24464,0,0,0
26,496,dadra & nagar haveli,Total,7,7493,3977,3516,1210,626,584,6283,3351,2932
26,496,dadra & nagar haveli,Total,8,7482,3905,3577,475,224,251,7007,3681,3326
26,496,dadra & nagar haveli,Total,9,6940,3648,3292,324,135,189,6616,3513,3103
26,496,dadra & nagar haveli,Total,10,7835,4051,3784,438,193,245,7397,3858,3539
26,496,dadra & nagar haveli,Total,11,7397,3895,3502,261,98,163,7136,3797,3339
26,496,dadra & nagar haveli,Total,12,6853,3559,3294,301,89,212,6552,3470,3082
26,496,dadra & nagar haveli,Total,13,6728,3573,3155,289,84,205,6439,3489,2950
26,496,dadra & nagar haveli,Total,14,6190,3307,2883,339,97,242,5851,3210,2641
26,496,dadra & nagar haveli,Total,15,6048,3280,2768,460,138,322,5588,3142,2446
26,496,dadra & nagar haveli,Total,16,5665,3087,2578,589,168,421,5076,2919,2157
26,496,dadra & nagar haveli,Total,17,5682,3386,2296,573,187,386,5109,3199,1910
26,496,dadra & nagar haveli,Total,18,8075,5218,2857,1037,377,660,7038,4841,2197
26,496,dadra & nagar haveli,Total,19,7634,5008,2626,880,317,563,6754,4691,2063
26,496,dadra & nagar haveli,Total,20-24,44301,27595,16706,6695,1993,4702,37606,25602,12004
26,496,dadra & nagar haveli,Total,25-29,39885,23496,16389,7825,2481,5344,32060,21015,11045
26,496,dadra & nagar haveli,Total,30-34,30641,17957,12684,7286,2431,4855,23355,15526,7829
26,496,dadra & nagar haveli,Total,35-39,25277,14862,10415,7608,2711,4897,17669,12151,5518
26,496,dadra & nagar haveli,Total,40-44,18181,10554,7627,7343,2750,4593,10838,7804,3034
26,496,dadra & nagar haveli,Total,45-49,13789,7671,6118,6634,2552,4082,7155,5119,2036
26,496,dadra & nagar haveli,Total,50-54,9503,5215,4288,5125,2065,3060,4378,3150,1228
26,496,dadra & nagar haveli,Total,55-59,6951,3526,3425,4119,1550,2569,2832,1976,856
26,496,dadra & nagar haveli,Total,60-64,5831,2794,3037,3910,1454,2456,1921,1340,581
26,496,dadra & nagar haveli,Total,65-69,3716,1755,1961,2589,984,1605,1127,771,356
26,496,dadra & nagar haveli,Total,70-74,2309,973,1336,1766,606,1160,543,367,176
26,496,dadra & nagar haveli,Total,75-79,958,394,564,687,233,454,271,161,110
26,496,dadra & nagar haveli,Total,80+,1078,443,635,688,215,473,390,228,162
26,496,dadra & nagar haveli,Total,Age not stated,372,200,172,133,50,83,239,150,89
26,496,dadra & nagar haveli,Rural,All ages,183114,98305,84809,83972,34255,49717,99142,64050,35092
26,496,dadra & nagar haveli,Rural,0-6,28504,14467,14037,28504,14467,14037,0,0,0
26,496,dadra & nagar haveli,Rural,7,4290,2227,2063,671,330,341,3619,1897,1722
26,496,dadra & nagar haveli,Rural,8,4605,2371,2234,286,125,161,4319,2246,2073
26,496,dadra & nagar haveli,Rural,9,4242,2139,2103,217,86,131,4025,2053,1972
26,496,dadra & nagar haveli,Rural,10,4945,2539,2406,297,122,175,4648,2417,2231
26,496,dadra & nagar haveli,Rural,11,4789,2486,2303,187,61,126,4602,2425,2177
26,496,dadra & nagar haveli,Rural,12,4381,2226,2155,243,65,178,4138,2161,1977
26,496,dadra & nagar haveli,Rural,13,4358,2266,2092,236,58,178,4122,2208,1914
26,496,dadra & nagar haveli,Rural,14,3879,2047,1832,268,64,204,3611,1983,1628
26,496,dadra & nagar haveli,Rural,15,3786,1993,1793,395,105,290,3391,1888,1503
26,496,dadra & nagar haveli,Rural,16,3517,1840,1677,500,120,380,3017,1720,1297
26,496,dadra & nagar haveli,Rural,17,3287,1882,1405,484,134,350,2803,1748,1055
26,496,dadra & nagar haveli,Rural,18,4404,2609,1795,830,241,589,3574,2368,1206
26,496,dadra & nagar haveli,Rural,19,4019,2451,1568,654,181,473,3365,2270,1095
26,496,dadra & nagar haveli,Rural,20-24,21932,13066,8866,5330,1388,3942,16602,11678,4924
26,496,dadra & nagar haveli,Rural,25-29,17657,10255,7402,6062,1893,4169,11595,8362,3233
26,496,dadra & nagar haveli,Rural,30-34,13100,7322,5778,5760,1960,3800,7340,5362,1978
26,496,dadra & nagar haveli,Rural,35-39,11438,6209,5229,6193,2225,3968,5245,3984,1261
26,496,dadra & nagar haveli,Rural,40-44,9353,4938,4415,6084,2374,3710,3269,2564,705
26,496,dadra & nagar haveli,Rural,45-49,7831,4059,3772,5512,2199,3313,2319,1860,459
26,496,dadra & nagar haveli,Rural,50-54,5728,3014,2714,4305,1833,2472,1423,1181,242
26,496,dadra & nagar haveli,Rural,55-59,4211,2036,2175,3342,1339,2003,869,697,172
26,496,dadra & nagar haveli,Rural,60-64,3716,1690,2026,3156,1229,1927,560,461,99
26,496,dadra & nagar haveli,Rural,65-69,2361,1067,1294,2028,807,1221,333,260,73
26,496,dadra & nagar haveli,Rural,70-74,1485,587,898,1364,481,883,121,106,15
26,496,dadra & nagar haveli,Rural,75-79,559,208,351,516,183,333,43,25,18
26,496,dadra & nagar haveli,Rural,80+,517,198,319,442,145,297,75,53,22
26,496,dadra & nagar haveli,Rural,Age not stated,220,113,107,106,40,66,114,73,41
26,496,dadra & nagar haveli,Urban,All ages,160595,95455,65140,36507,16984,19523,124088,78471,45617
26,496,dadra & nagar haveli,Urban,0-6,22391,11964,10427,22391,11964,10427,0,0,0
26,496,dadra & nagar haveli,Urban,7,3203,1750,1453,539,296,243,2664,1454,1210
26,496,dadra & nagar haveli,Urban,8,2877,1534,1343,189,99,90,2688,1435,1253
26,496,dadra & nagar haveli,Urban,9,2698,1509,1189,107,49,58,2591,1460,1131
26,496,dadra & nagar haveli,Urban,10,2890,1512,1378,141,71,70,2749,1441,1308
26,496,dadra & nagar haveli,Urban,11,2608,1409,1199,74,37,37,2534,1372,1162
26,496,dadra & nagar haveli,Urban,12,2472,1333,1139,58,24,34,2414,1309,1105
26,496,dadra & nagar haveli,Urban,13,2370,1307,1063,53,26,27,2317,1281,1036
26,496,dadra & nagar haveli,Urban,14,2311,1260,1051,71,33,38,2240,1227,1013
26,496,dadra & nagar haveli,Urban,15,2262,1287,975,65,33,32,2197,1254,943
26,496,dadra & nagar haveli,Urban,16,2148,1247,901,89,48,41,2059,1199,860
26,496,dadra & nagar haveli,Urban,17,2395,1504,891,89,53,36,2306,1451,855
26,496,dadra & nagar haveli,Urban,18,3671,2609,1062,207,136,71,3464,2473,991
26,496,dadra & nagar haveli,Urban,19,3615,2557,1058,226,136,90,3389,2421,968
26,496,dadra & nagar haveli,Urban,20-24,22369,14529,7840,1365,605,760,21004,13924,7080
26,496,dadra & nagar haveli,Urban,25-29,22228,13241,8987,1763,588,1175,20465,12653,7812
26,496,dadra & nagar haveli,Urban,30-34,17541,10635,6906,1526,471,1055,16015,10164,5851
26,496,dadra & nagar haveli,Urban,35-39,13839,8653,5186,1415,486,929,12424,8167,4257
26,496,dadra & nagar haveli,Urban,40-44,8828,5616,3212,1259,376,883,7569,5240,2329
26,496,dadra & nagar haveli,Urban,45-49,5958,3612,2346,1122,353,769,4836,3259,1577
26,496,dadra & nagar haveli,Urban,50-54,3775,2201,1574,820,232,588,2955,1969,986
26,496,dadra & nagar haveli,Urban,55-59,2740,1490,1250,777,211,566,1963,1279,684
26,496,dadra & nagar haveli,Urban,60-64,2115,1104,1011,754,225,529,1361,879,482
26,496,dadra & nagar haveli,Urban,65-69,1355,688,667,561,177,384,794,511,283
26,496,dadra & nagar haveli,Urban,70-74,824,386,438,402,125,277,422,261,161
26,496,dadra & nagar haveli,Urban,75-79,399,186,213,171,50,121,228,136,92
26,496,dadra & nagar haveli,Urban,80+,561,245,316,246,70,176,315,175,140
26,496,dadra & nagar haveli,Urban,Age not stated,152,87,65,27,10,17,125,77,48
11,241,north  district,Total,All ages,43709,24730,18979,13259,6151,7108,30450,18579,11871
11,241,north  district,Total,0-6,4677,2425,2252,4677,2425,2252,0,0,0
11,241,north  district,Total,7,849,426,423,294,149,145,555,277,278
11,241,north  district,Total,8,828,391,437,133,70,63,695,321,374
11,241,north  district,Total,9,883,418,465,112,55,57,771,363,408
11,241,north  district,Total,10,927,468,459,88,44,44,839,424,415
11,241,north  district,Total,11,903,458,445,69,36,33,834,422,412
11,241,north  district,Total,12,1021,507,514,54,27,27,967,480,487
11,241,north  district,Total,13,1064,509,555,42,25,17,1022,484,538
11,241,north  district,Total,14,1037,513,524,45,23,22,992,490,502
11,241,north  district,Total,15,996,534,462,69,39,30,927,495,432
11,241,north  district,Total,16,1009,497,512,57,26,31,952,471,481
11,241,north  district,Total,17,879,458,421,62,34,28,817,424,393
11,241,north  district,Total,18,1063,597,466,95,55,40,968,542,426
11,241,north  district,Total,19,894,495,399,91,53,38,803,442,361
11,241,north  district,Total,20-24,4983,2918,2065,557,278,279,4426,2640,1786
11,241,north  district,Total,25-29,5086,3089,1997,698,303,395,4388,2786,1602
11,241,north  district,Total,30-34,3794,2446,1348,652,284,368,3142,2162,980
11,241,north  district,Total,35-39,3257,1964,1293,778,284,494,2479,1680,799
11,241,north  district,Total,40-44,2674,1649,1025,855,320,535,1819,1329,490
11,241,north  district,Total,45-49,1949,1144,805,839,322,517,1110,822,288
11,241,north  district,Total,50-54,1565,904,661,816,322,494,749,582,167
11,241,north  district,Total,55-59,1056,618,438,622,278,344,434,340,94
11,241,north  district,Total,60-64,772,407,365,510,199,311,262,208,54
11,241,north  district,Total,65-69,549,307,242,374,168,206,175,139,36
11,241,north  district,Total,70-74,388,216,172,291,139,152,97,77,20
11,241,north  district,Total,75-79,258,145,113,195,92,103,63,53,10
11,241,north  district,Total,80+,299,200,99,172,94,78,127,106,21
11,241,north  district,Total,Age not stated,49,27,22,12,7,5,37,20,17
11,241,north  district,Rural,All ages,39065,22274,16791,12017,5580,6437,27048,16694,10354
11,241,north  district,Rural,0-6,4092,2116,1976,4092,2116,1976,0,0,0
11,241,north  district,Rural,7,739,365,374,257,133,124,482,232,250
11,241,north  district,Rural,8,716,332,384,115,61,54,601,271,330
11,241,north  district,Rural,9,768,367,401,98,51,47,670,316,354
11,241,north  district,Rural,10,810,399,411,73,36,37,737,363,374
11,241,north  district,Rural,11,785,392,393,56,30,26,729,362,367
11,241,north  district,Rural,12,880,440,440,46,22,24,834,418,416
11,241,north  district,Rural,13,941,455,486,37,23,14,904,432,472
11,241,north  district,Rural,14,905,448,457,42,23,19,863,425,438
11,241,north  district,Rural,15,874,457,417,63,37,26,811,420,391
11,241,north  district,Rural,16,869,433,436,49,23,26,820,410,410
11,241,north  district,Rural,17,762,398,364,57,34,23,705,364,341
11,241,north  district,Rural,18,931,530,401,80,47,33,851,483,368
11,241,north  district,Rural,19,798,443,355,83,47,36,715,396,319
11,241,north  district,Rural,20-24,4521,2676,1845,500,247,253,4021,2429,1592
11,241,north  district,Rural,25-29,4649,2882,1767,641,280,361,4008,2602,1406
11,241,north  district,Rural,30-34,3437,2251,1186,597,268,329,2840,1983,857
11,241,north  district,Rural,35-39,2894,1782,1112,707,265,442,2187,1517,670
11,241,north  district,Rural,40-44,2400,1489,911,796,296,500,1604,1193,411
11,241,north  district,Rural,45-49,1756,1029,727,793,305,488,963,724,239
11,241,north  district,Rural,50-54,1412,810,602,763,304,459,649,506,143
11,241,north  district,Rural,55-59,964,555,409,587,259,328,377,296,81
11,241,north  district,Rural,60-64,720,381,339,486,191,295,234,190,44
11,241,north  district,Rural,65-69,510,285,225,359,161,198,151,124,27
11,241,north  district,Rural,70-74,364,202,162,278,133,145,86,69,17
11,241,north  district,Rural,75-79,240,136,104,186,89,97,54,47,7
11,241,north  district,Rural,80+,285,195,90,165,92,73,120,103,17
11,241,north  district,Rural,Age not stated,43,26,17,11,7,4,32,19,13
11,241,north  district,Urban,All ages,4644,2456,2188,1242,571,671,3402,1885,1517
11,241,north  district,Urban,0-6,585,309,276,585,309,276,0,0,0
11,241,north  district,Urban,7,110,61,49,37,16,21,73,45,28
11,241,north  district,Urban,8,112,59,53,18,9,9,94,50,44
11,241,north  district,Urban,9,115,51,64,14,4,10,101,47,54
11,241,north  district,Urban,10,117,69,48,15,8,7,102,61,41
11,241,north  district,Urban,11,118,66,52,13,6,7,105,60,45
11,241,north  district,Urban,12,141,67,74,8,5,3,133,62,71
11,241,north  district,Urban,13,123,54,69,5,2,3,118,52,66
11,241,north  district,Urban,14,132,65,67,3,0,3,129,65,64
11,241,north  district,Urban,15,122,77,45,6,2,4,116,75,41
11,241,north  district,Urban,16,140,64,76,8,3,5,132,61,71
11,241,north  district,Urban,17,117,60,57,5,0,5,112,60,52
11,241,north  district,Urban,18,132,67,65,15,8,7,117,59,58
11,241,north  district,Urban,19,96,52,44,8,6,2,88,46,42
11,241,north  district,Urban,20-24,462,242,220,57,31,26,405,211,194
11,241,north  district,Urban,25-29,437,207,230,57,23,34,380,184,196
11,241,north  district,Urban,30-34,357,195,162,55,16,39,302,179,123
11,241,north  district,Urban,35-39,363,182,181,71,19,52,292,163,129
11,241,north  district,Urban,40-44,274,160,114,59,24,35,215,136,79
11,241,north  district,Urban,45-49,193,115,78,46,17,29,147,98,49
11,241,north  district,Urban,50-54,153,94,59,53,18,35,100,76,24
11,241,north  district,Urban,55-59,92,63,29,35,19,16,57,44,13
11,241,north  district,Urban,60-64,52,26,26,24,8,16,28,18,10
11,241,north  district,Urban,65-69,39,22,17,15,7,8,24,15,9
11,241,north  district,Urban,70-74,24,14,10,13,6,7,11,8,3
11,241,north  district,Urban,75-79,18,9,9,9,3,6,9,6,3
11,241,north  district,Urban,80+,14,5,9,7,2,5,7,3,4
11,241,north  district,Urban,Age not stated,6,1,5,1,0,1,5,1,4
11,242,west district,Total,All ages,136435,70238,66197,43003,18250,24753,93432,51988,41444
11,242,west district,Total,0-6,15706,7996,7710,15706,7996,7710,0,0,0
11,242,west district,Total,7,3014,1561,1453,764,385,379,2250,1176,1074
11,242,west district,Total,8,2777,1380,1397,361,189,172,2416,1191,1225
11,242,west district,Total,9,3057,1572,1485,304,163,141,2753,1409,1344
11,242,west district,Total,10,3421,1738,1683,289,159,130,3132,1579,1553
11,242,west district,Total,11,3316,1683,1633,158,80,78,3158,1603,1555
11,242,west district,Total,12,3410,1732,1678,110,60,50,3300,1672,1628
11,242,west district,Total,13,3328,1721,1607,125,69,56,3203,1652,1551
11,242,west district,Total,14,3388,1696,1692,105,60,45,3283,1636,1647
11,242,west district,Total,15,3188,1617,1571,116,64,52,3072,1553,1519
11,242,west district,Total,16,3157,1612,1545,124,61,63,3033,1551,1482
11,242,west district,Total,17,3067,1580,1487,148,78,70,2919,1502,1417
11,242,west district,Total,18,3246,1635,1611,166,87,79,3080,1548,1532
11,242,west district,Total,19,2878,1472,1406,148,61,87,2730,1411,1319
11,242,west district,Total,20-24,14336,7169,7167,1141,411,730,13195,6758,6437
11,242,west district,Total,25-29,12920,6525,6395,1678,554,1124,11242,5971,5271
11,242,west district,Total,30-34,10370,5215,5155,1844,580,1264,8526,4635,3891
11,242,west district,Total,35-39,8615,4393,4222,2113,623,1490,6502,3770,2732
11,242,west district,Total,40-44,7372,3877,3495,2491,706,1785,4881,3171,1710
11,242,west district,Total,45-49,6163,3277,2886,2808,908,1900,3355,2369,986
11,242,west district,Total,50-54,5415,2956,2459,2921,1046,1875,2494,1910,584
11,242,west district,Total,55-59,4058,2211,1847,2435,913,1522,1623,1298,325
11,242,west district,Total,60-64,3445,1861,1584,2283,920,1363,1162,941,221
11,242,west district,Total,65-69,2465,1331,1134,1584,634,950,881,697,184
11,242,west district,Total,70-74,1899,1089,810,1373,647,726,526,442,84
11,242,west district,Total,75-79,1080,611,469,827,388,439,253,223,30
11,242,west district,Total,80+,1038,574,464,788,367,421,250,207,43
11,242,west district,Total,Age not stated,306,154,152,93,41,52,213,113,100
11,242,west district,Rural,All ages,131187,67528,63659,41962,17817,24145,89225,49711,39514
11,242,west district,Rural,0-6,15167,7722,7445,15167,7722,7445,0,0,0
11,242,west district,Rural,7,2903,1500,1403,757,383,374,2146,1117,1029
11,242,west district,Rural,8,2686,1337,1349,355,187,168,2331,1150,1181
11,242,west district,Rural,9,2961,1527,1434,299,160,139,2662,1367,1295
11,242,west district,Rural,10,3327,1690,1637,287,158,129,3040,1532,1508
11,242,west district,Rural,11,3196,1621,1575,156,78,78,3040,1543,1497
11,242,west district,Rural,12,3293,1680,1613,109,59,50,3184,1621,1563
11,242,west district,Rural,13,3225,1671,1554,119,67,52,3106,1604,1502
11,242,west district,Rural,14,3264,1637,1627,102,59,43,3162,1578,1584
11,242,west district,Rural,15,3069,1558,1511,114,64,50,2955,1494,1461
11,242,west district,Rural,16,3023,1549,1474,121,60,61,2902,1489,1413
11,242,west district,Rural,17,2956,1524,1432,144,77,67,2812,1447,1365
11,242,west district,Rural,18,3120,1571,1549,160,85,75,2960,1486,1474
11,242,west district,Rural,19,2750,1406,1344,142,60,82,2608,1346,1262
11,242,west district,Rural,20-24,13746,6872,6874,1120,401,719,12626,6471,6155
11,242,west district,Rural,25-29,12342,6257,6085,1630,539,1091,10712,5718,4994
11,242,west district,Rural,30-34,9916,4982,4934,1799,567,1232,8117,4415,3702
11,242,west district,Rural,35-39,8256,4198,4058,2076,609,1467,6180,3589,2591
11,242,west district,Rural,40-44,7050,3710,3340,2450,691,1759,4600,3019,1581
11,242,west district,Rural,45-49,5881,3105,2776,2754,890,1864,3127,2215,912
11,242,west district,Rural,50-54,5202,2824,2378,2882,1033,1849,2320,1791,529
11,242,west district,Rural,55-59,3905,2116,1789,2392,902,1490,1513,1214,299
11,242,west district,Rural,60-64,3364,1823,1541,2251,914,1337,1113,909,204
11,242,west district,Rural,65-69,2394,1295,1099,1553,626,927,841,669,172
11,242,west district,Rural,70-74,1839,1053,786,1348,638,710,491,415,76
11,242,west district,Rural,75-79,1059,600,459,818,386,432,241,214,27
11,242,west district,Rural,80+,996,550,446,768,363,405,228,187,41
11,242,west district,Rural,Age not stated,297,150,147,89,39,50,208,111,97
11,242,west district,Urban,All ages,5248,2710,2538,1041,433,608,4207,2277,1930
11,242,west district,Urban,0-6,539,274,265,539,274,265,0,0,0
11,242,west district,Urban,7,111,61,50,7,2,5,104,59,45
11,242,west district,Urban,8,91,43,48,6,2,4,85,41,44
11,242,west district,Urban,9,96,45,51,5,3,2,91,42,49
11,242,west district,Urban,10,94,48,46,2,1,1,92,47,45
11,242,west district,Urban,11,120,62,58,2,2,0,118,60,58
11,242,west district,Urban,12,117,52,65,1,1,0,116,51,65
11,242,west district,Urban,13,103,50,53,6,2,4,97,48,49
11,242,west district,Urban,14,124,59,65,3,1,2,121,58,63
11,242,west district,Urban,15,119,59,60,2,0,2,117,59,58
11,242,west district,Urban,16,134,63,71,3,1,2,131,62,69
11,242,west district,Urban,17,111,56,55,4,1,3,107,55,52
11,242,west district,Urban,18,126,64,62,6,2,4,120,62,58
11,242,west district,Urban,19,128,66,62,6,1,5,122,65,57
11,242,west district,Urban,20-24,590,297,293,21,10,11,569,287,282
11,242,west district,Urban,25-29,578,268,310,48,15,33,530,253,277
11,242,west district,Urban,30-34,454,233,221,45,13,32,409,220,189
11,242,west district,Urban,35-39,359,195,164,37,14,23,322,181,141
11,242,west district,Urban,40-44,322,167,155,41,15,26,281,152,129
11,242,west district,Urban,45-49,282,172,110,54,18,36,228,154,74
11,242,west district,Urban,50-54,213,132,81,39,13,26,174,119,55
11,242,west district,Urban,55-59,153,95,58,43,11,32,110,84,26
11,242,west district,Urban,60-64,81,38,43,32,6,26,49,32,17
11,242,west district,Urban,65-69,71,36,35,31,8,23,40,28,12
11,242,west district,Urban,70-74,60,36,24,25,9,16,35,27,8
11,242,west district,Urban,75-79,21,11,10,9,2,7,12,9,3
11,242,west district,Urban,80+,42,24,18,20,4,16,22,20,2
11,242,west district,Urban,Age not stated,9,4,5,4,2,2,5,2,3
11,243,south district,Total,All ages,146850,76670,70180,40109,17313,22796,106741,59357,47384
11,243,south district,Total,0-6,15744,8063,7681,15744,8063,7681,0,0,0
11,243,south district,Total,7,3062,1520,1542,508,249,259,2554,1271,1283
11,243,south district,Total,8,2730,1378,1352,177,93,84,2553,1285,1268
11,243,south district,Total,9,3163,1623,1540,221,116,105,2942,1507,1435
11,243,south district,Total,10,3529,1803,1726,266,133,133,3263,1670,1593
11,243,south district,Total,11,3283,1607,1676,153,81,72,3130,1526,1604
11,243,south district,Total,12,3357,1774,1583,72,30,42,3285,1744,1541
11,243,south district,Total,13,3313,1675,1638,83,38,45,3230,1637,1593
11,243,south district,Total,14,3355,1698,1657,85,39,46,3270,1659,1611
11,243,south district,Total,15,3267,1668,1599,118,58,60,3149,1610,1539
11,243,south district,Total,16,3312,1646,1666,108,55,53,3204,1591,1613
11,243,south district,Total,17,3257,1667,1590,93,37,56,3164,1630,1534
11,243,south district,Total,18,3473,1791,1682,146,75,71,3327,1716,1611
11,243,south district,Total,19,3103,1538,1565,131,57,74,2972,1481,1491
11,243,south district,Total,20-24,15829,8291,7538,930,403,527,14899,7888,7011
11,243,south district,Total,25-29,14205,7236,6969,1322,512,810,12883,6724,6159
11,243,south district,Total,30-34,11780,6154,5626,1533,508,1025,10247,5646,4601
11,243,south district,Total,35-39,10039,5132,4907,1953,592,1361,8086,4540,3546
11,243,south district,Total,40-44,8481,4595,3886,2381,724,1657,6100,3871,2229
11,243,south district,Total,45-49,7018,3769,3249,2616,885,1731,4402,2884,1518
11,243,south district,Total,50-54,5930,3316,2614,2619,969,1650,3311,2347,964
11,243,south district,Total,55-59,4314,2436,1878,2136,790,1346,2178,1646,532
11,243,south district,Total,60-64,3573,1983,1590,1969,770,1199,1604,1213,391
11,243,south district,Total,65-69,2788,1517,1271,1685,673,1012,1103,844,259
11,243,south district,Total,70-74,1960,1135,825,1257,555,702,703,580,123
11,243,south district,Total,75-79,1197,681,516,828,365,463,369,316,53
11,243,south district,Total,80+,1220,664,556,832,371,461,388,293,95
11,243,south district,Total,Age not stated,568,310,258,143,72,71,425,238,187
11,243,south district,Rural,All ages,125651,65848,59803,35885,15509,20376,89766,50339,39427
11,243,south district,Rural,0-6,13736,7024,6712,13736,7024,6712,0,0,0
11,243,south district,Rural,7,2698,1342,1356,439,215,224,2259,1127,1132
11,243,south district,Rural,8,2375,1189,1186,147,77,70,2228,1112,1116
11,243,south district,Rural,9,2757,1423,1334,189,104,85,2568,1319,1249
11,243,south district,Rural,10,3106,1588,1518,231,117,114,2875,1471,1404
11,243,south district,Rural,11,2855,1395,1460,125,69,56,2730,1326,1404
11,243,south district,Rural,12,2918,1548,1370,58,26,32,2860,1522,1338
11,243,south district,Rural,13,2833,1410,1423,59,28,31,2774,1382,1392
11,243,south district,Rural,14,2895,1468,1427,69,37,32,2826,1431,1395
11,243,south district,Rural,15,2806,1446,1360,93,49,44,2713,1397,1316
11,243,south district,Rural,16,2866,1420,1446,89,48,41,2777,1372,1405
11,243,south district,Rural,17,2770,1429,1341,71,30,41,2699,1399,1300
11,243,south district,Rural,18,2987,1543,1444,119,58,61,2868,1485,1383
11,243,south district,Rural,19,2658,1286,1372,110,47,63,2548,1239,1309
11,243,south district,Rural,20-24,13481,7135,6346,789,345,444,12692,6790,5902
11,243,south district,Rural,25-29,11931,6162,5769,1166,451,715,10765,5711,5054
11,243,south district,Rural,30-34,9788,5182,4606,1380,459,921,8408,4723,3685
11,243,south district,Rural,35-39,8336,4293,4043,1764,540,1224,6572,3753,2819
11,243,south district,Rural,40-44,7041,3845,3196,2133,639,1494,4908,3206,1702
11,243,south district,Rural,45-49,5847,3111,2736,2402,804,1598,3445,2307,1138
11,243,south district,Rural,50-54,5036,2816,2220,2436,916,1520,2600,1900,700
11,243,south district,Rural,55-59,3715,2086,1629,1986,746,1240,1729,1340,389
11,243,south district,Rural,60-64,3173,1768,1405,1842,741,1101,1331,1027,304
11,243,south district,Rural,65-69,2519,1366,1153,1582,640,942,937,726,211
11,243,south district,Rural,70-74,1812,1055,757,1196,536,660,616,519,97
11,243,south district,Rural,75-79,1094,627,467,769,343,426,325,284,41
11,243,south district,Rural,80+,1112,612,500,774,353,421,338,259,79
11,243,south district,Rural,Age not stated,506,279,227,131,67,64,375,212,163
11,243,south district,Urban,All ages,21199,10822,10377,4224,1804,2420,16975,9018,7957
11,243,south district,Urban,0-6,2008,1039,969,2008,1039,969,0,0,0
11,243,south district,Urban,7,364,178,186,69,34,35,295,144,151
11,243,south district,Urban,8,355,189,166,30,16,14,325,173,152
11,243,south district,Urban,9,406,200,206,32,12,20,374,188,186
11,243,south district,Urban,10,423,215,208,35,16,19,388,199,189
11,243,south district,Urban,11,428,212,216,28,12,16,400,200,200
11,243,south district,Urban,12,439,226,213,14,4,10,425,222,203
11,243,south district,Urban,13,480,265,215,24,10,14,456,255,201
11,243,south district,Urban,14,460,230,230,16,2,14,444,228,216
11,243,south district,Urban,15,461,222,239,25,9,16,436,213,223
11,243,south district,Urban,16,446,226,220,19,7,12,427,219,208
11,243,south district,Urban,17,487,238,249,22,7,15,465,231,234
11,243,south district,Urban,18,486,248,238,27,17,10,459,231,228
11,243,south district,Urban,19,445,252,193,21,10,11,424,242,182
11,243,south district,Urban,20-24,2348,1156,1192,141,58,83,2207,1098,1109
11,243,south district,Urban,25-29,2274,1074,1200,156,61,95,2118,1013,1105
11,243,south district,Urban,30-34,1992,972,1020,153,49,104,1839,923,916
11,243,south district,Urban,35-39,1703,839,864,189,52,137,1514,787,727
11,243,south district,Urban,40-44,1440,750,690,248,85,163,1192,665,527
11,243,south district,Urban,45-49,1171,658,513,214,81,133,957,577,380
11,243,south district,Urban,50-54,894,500,394,183,53,130,711,447,264
11,243,south district,Urban,55-59,599,350,249,150,44,106,449,306,143
11,243,south district,Urban,60-64,400,215,185,127,29,98,273,186,87
11,243,south district,Urban,65-69,269,151,118,103,33,70,166,118,48
11,243,south district,Urban,70-74,148,80,68,61,19,42,87,61,26
11,243,south district,Urban,75-79,103,54,49,59,22,37,44,32,12
11,243,south district,Urban,80+,108,52,56,58,18,40,50,34,16
11,243,south district,Urban,Age not stated,62,31,31,12,5,7,50,26,24
11,244,east district,Total,All ages,283583,151432,132151,69254,30087,39167,214329,121345,92984
11,244,east district,Total,0-6,27984,14277,13707,27984,14277,13707,0,0,0
11,244,east district,Total,7,4803,2444,2359,998,521,477,3805,1923,1882
11,244,east district,Total,8,4687,2376,2311,476,247,229,4211,2129,2082
11,244,east district,Total,9,5050,2523,2527,541,270,271,4509,2253,2256
11,244,east district,Total,10,5666,2920,2746,466,215,251,5200,2705,2495
11,244,east district,Total,11,5663,2936,2727,283,150,133,5380,2786,2594
11,244,east district,Total,12,5612,2833,2779,238,119,119,5374,2714,2660
11,244,east district,Total,13,5607,2817,2790,220,102,118,5387,2715,2672
11,244,east district,Total,14,5723,2877,2846,262,110,152,5461,2767,2694
11,244,east district,Total,15,5872,2896,2976,322,131,191,5550,2765,2785
11,244,east district,Total,16,5950,2912,3038,320,140,180,5630,2772,2858
11,244,east district,Total,17,5941,3079,2862,307,141,166,5634,2938,2696
11,244,east district,Total,18,6472,3324,3148,384,176,208,6088,3148,2940
11,244,east district,Total,19,5913,2980,2933,291,131,160,5622,2849,2773
11,244,east district,Total,20-24,32149,16768,15381,1855,818,1037,30294,15950,14344
11,244,east district,Total,25-29,32428,17850,14578,2471,980,1491,29957,16870,13087
11,244,east district,Total,30-34,26281,14747,11534,2701,933,1768,23580,13814,9766
11,244,east district,Total,35-39,21716,11907,9809,3280,1036,2244,18436,10871,7565
11,244,east district,Total,40-44,18025,10049,7976,3823,1198,2625,14202,8851,5351
11,244,east district,Total,45-49,14332,7924,6408,4130,1315,2815,10202,6609,3593
11,244,east district,Total,50-54,11522,6448,5074,4084,1480,2604,7438,4968,2470
11,244,east district,Total,55-59,8113,4648,3465,3294,1221,2073,4819,3427,1392
11,244,east district,Total,60-64,5760,3190,2570,3023,1207,1816,2737,1983,754
11,244,east district,Total,65-69,4681,2438,2243,2688,1019,1669,1993,1419,574
11,244,east district,Total,70-74,3314,1864,1450,2095,907,1188,1219,957,262
11,244,east district,Total,75-79,1981,1119,862,1324,621,703,657,498,159
11,244,east district,Total,80+,2085,1140,945,1340,596,744,745,544,201
11,244,east district,Total,Age not stated,253,146,107,54,26,28,199,120,79
11,244,east district,Rural,All ages,161096,87147,73949,45205,19646,25559,115891,67501,48390
11,244,east district,Rural,0-6,16223,8199,8024,16223,8199,8024,0,0,0
11,244,east district,Rural,7,2868,1466,1402,646,345,301,2222,1121,1101
11,244,east district,Rural,8,2779,1424,1355,353,186,167,2426,1238,1188
11,244,east district,Rural,9,3072,1542,1530,375,188,187,2697,1354,1343
11,244,east district,Rural,10,3401,1767,1634,290,135,155,3111,1632,1479
11,244,east district,Rural,11,3445,1819,1626,197,104,93,3248,1715,1533
11,244,east district,Rural,12,3335,1725,1610,145,79,66,3190,1646,1544
11,244,east district,Rural,13,3350,1721,1629,127,71,56,3223,1650,1573
11,244,east district,Rural,14,3427,1714,1713,155,78,77,3272,1636,1636
11,244,east district,Rural,15,3451,1745,1706,174,82,92,3277,1663,1614
11,244,east district,Rural,16,3469,1713,1756,173,93,80,3296,1620,1676
11,244,east district,Rural,17,3468,1823,1645,166,97,69,3302,1726,1576
11,244,east district,Rural,18,3733,1949,1784,230,121,109,3503,1828,1675
11,244,east district,Rural,19,3399,1720,1679,169,79,90,3230,1641,1589
11,244,east district,Rural,20-24,18091,9618,8473,1133,514,619,16958,9104,7854
11,244,east district,Rural,25-29,17706,10174,7532,1608,681,927,16098,9493,6605
11,244,east district,Rural,30-34,14271,8373,5898,1772,642,1130,12499,7731,4768
11,244,east district,Rural,35-39,11442,6340,5102,2222,693,1529,9220,5647,3573
11,244,east district,Rural,40-44,9620,5358,4262,2721,811,1910,6899,4547,2352
11,244,east district,Rural,45-49,7620,4149,3471,2931,925,2006,4689,3224,1465
11,244,east district,Rural,50-54,6431,3571,2860,3038,1110,1928,3393,2461,932
11,244,east district,Rural,55-59,4635,2633,2002,2439,955,1484,2196,1678,518
11,244,east district,Rural,60-64,3618,1999,1619,2245,917,1328,1373,1082,291
11,244,east district,Rural,65-69,3109,1638,1471,2068,810,1258,1041,828,213
11,244,east district,Rural,70-74,2265,1314,951,1605,753,852,660,561,99
11,244,east district,Rural,75-79,1343,787,556,985,490,495,358,297,61
11,244,east district,Rural,80+,1384,790,594,981,472,509,403,318,85
11,244,east district,Rural,Age not stated,141,76,65,34,16,18,107,60,47
11,244,east district,Urban,All ages,122487,64285,58202,24049,10441,13608,98438,53844,44594
11,244,east district,Urban,0-6,11761,6078,5683,11761,6078,5683,0,0,0
11,244,east district,Urban,7,1935,978,957,352,176,176,1583,802,781
11,244,east district,Urban,8,1908,952,956,123,61,62,1785,891,894
11,244,east district,Urban,9,1978,981,997,166,82,84,1812,899,913
11,244,east district,Urban,10,2265,1153,1112,176,80,96,2089,1073,1016
11,244,east district,Urban,11,2218,1117,1101,86,46,40,2132,1071,1061
11,244,east district,Urban,12,2277,1108,1169,93,40,53,2184,1068,1116
11,244,east district,Urban,13,2257,1096,1161,93,31,62,2164,1065,1099
11,244,east district,Urban,14,2296,1163,1133,107,32,75,2189,1131,1058
11,244,east district,Urban,15,2421,1151,1270,148,49,99,2273,1102,1171
11,244,east district,Urban,16,2481,1199,1282,147,47,100,2334,1152,1182
11,244,east district,Urban,17,2473,1256,1217,141,44,97,2332,1212,1120
11,244,east district,Urban,18,2739,1375,1364,154,55,99,2585,1320,1265
11,244,east district,Urban,19,2514,1260,1254,122,52,70,2392,1208,1184
11,244,east district,Urban,20-24,14058,7150,6908,722,304,418,13336,6846,6490
11,244,east district,Urban,25-29,14722,7676,7046,863,299,564,13859,7377,6482
11,244,east district,Urban,30-34,12010,6374,5636,929,291,638,11081,6083,4998
11,244,east district,Urban,35-39,10274,5567,4707,1058,343,715,9216,5224,3992
11,244,east district,Urban,40-44,8405,4691,3714,1102,387,715,7303,4304,2999
11,244,east district,Urban,45-49,6712,3775,2937,1199,390,809,5513,3385,2128
11,244,east district,Urban,50-54,5091,2877,2214,1046,370,676,4045,2507,1538
11,244,east district,Urban,55-59,3478,2015,1463,855,266,589,2623,1749,874
11,244,east district,Urban,60-64,2142,1191,951,778,290,488,1364,901,463
11,244,east district,Urban,65-69,1572,800,772,620,209,411,952,591,361
11,244,east district,Urban,70-74,1049,550,499,490,154,336,559,396,163
11,244,east district,Urban,75-79,638,332,306,339,131,208,299,201,98
11,244,east district,Urban,80+,701,350,351,359,124,235,342,226,116
11,244,east district,Urban,Age not stated,112,70,42,20,10,10,92,60,32
32,588,kasaragod,Total,All ages,1307375,628613,678762,269883,112137,157746,1037492,516476,521016
32,588,kasaragod,Total,0-6,155807,79460,76347,155807,79460,76347,0,0,0
32,588,kasaragod,Total,7,21880,11257,10623,3465,1807,1658,18415,9450,8965
32,588,kasaragod,Total,8,20557,10379,10178,742,378,364,19815,10001,9814
32,588,kasaragod,Total,9,22581,11629,10952,590,312,278,21991,11317,10674
32,588,kasaragod,Total,10,25323,13009,12314,771,382,389,24552,12627,11925
32,588,kasaragod,Total,11,24425,12449,11976,408,221,187,24017,12228,11789
32,588,kasaragod,Total,12,23099,11805,11294,190,90,100,22909,11715,11194
32,588,kasaragod,Total,13,25405,12889,12516,193,99,94,25212,12790,12422
32,588,kasaragod,Total,14,23619,12189,11430,200,112,88,23419,12077,11342
32,588,kasaragod,Total,15,22922,11564,11358,190,91,99,22732,11473,11259
32,588,kasaragod,Total,16,22139,11154,10985,179,81,98,21960,11073,10887
32,588,kasaragod,Total,17,22855,11583,11272,161,78,83,22694,11505,11189
32,588,kasaragod,Total,18,23773,12083,11690,229,93,136,23544,11990,11554
32,588,kasaragod,Total,19,22784,11381,11403,201,101,100,22583,11280,11303
32,588,kasaragod,Total,20-24,117636,55642,61994,1484,634,850,116152,55008,61144
32,588,kasaragod,Total,25-29,113958,51448,62510,2203,824,1379,111755,50624,61131
32,588,kasaragod,Total,30-34,102124,46516,55608,3170,1007,2163,98954,45509,53445
32,588,kasaragod,Total,35-39,99852,45539,54313,5924,1524,4400,93928,44015,49913
32,588,kasaragod,Total,40-44,85207,39985,45222,7807,1956,5851,77400,38029,39371
32,588,kasaragod,Total,45-49,82700,39615,43085,11746,3145,8601,70954,36470,34484
32,588,kasaragod,Total,50-54,64216,31483,32733,11447,2959,8488,52769,28524,24245
32,588,kasaragod,Total,55-59,54945,27166,27779,12482,3174,9308,42463,23992,18471
32,588,kasaragod,Total,60-64,44336,21606,22730,13370,3618,9752,30966,17988,12978
32,588,kasaragod,Total,65-69,32464,14340,18124,12490,3256,9234,19974,11084,8890
32,588,kasaragod,Total,70-74,22162,9802,12360,9505,2582,6923,12657,7220,5437
32,588,kasaragod,Total,75-79,14054,5958,8096,6503,1823,4680,7551,4135,3416
32,588,kasaragod,Total,80+,14798,5745,9053,7889,2071,5818,6909,3674,3235
32,588,kasaragod,Total,Age not stated,1754,937,817,537,259,278,1217,678,539
32,588,kasaragod,Rural,All ages,798328,387716,410612,170296,70026,100270,628032,317690,310342
32,588,kasaragod,Rural,0-6,91832,46719,45113,91832,46719,45113,0,0,0
32,588,kasaragod,Rural,7,13313,6881,6432,2193,1145,1048,11120,5736,5384
32,588,kasaragod,Rural,8,12142,6122,6020,429,222,207,11713,5900,5813
32,588,kasaragod,Rural,9,13712,7097,6615,405,217,188,13307,6880,6427
32,588,kasaragod,Rural,10,15396,7855,7541,527,257,270,14869,7598,7271
32,588,kasaragod,Rural,11,14991,7668,7323,267,151,116,14724,7517,7207
32,588,kasaragod,Rural,12,14140,7217,6923,117,55,62,14023,7162,6861
32,588,kasaragod,Rural,13,15499,7851,7648,117,59,58,15382,7792,7590
32,588,kasaragod,Rural,14,14400,7417,6983,128,73,55,14272,7344,6928
32,588,kasaragod,Rural,15,14004,7074,6930,110,45,65,13894,7029,6865
32,588,kasaragod,Rural,16,13512,6833,6679,101,46,55,13411,6787,6624
32,588,kasaragod,Rural,17,13788,7030,6758,97,48,49,13691,6982,6709
32,588,kasaragod,Rural,18,14332,7338,6994,135,56,79,14197,7282,6915
32,588,kasaragod,Rural,19,13675,6962,6713,127,63,64,13548,6899,6649
32,588,kasaragod,Rural,20-24,71161,34345,36816,966,420,546,70195,33925,36270
32,588,kasaragod,Rural,25-29,70247,32364,37883,1565,565,1000,68682,31799,36883
32,588,kasaragod,Rural,30-34,62015,28754,33261,2261,678,1583,59754,28076,31678
32,588,kasaragod,Rural,35-39,61669,28447,33222,4466,1126,3340,57203,27321,29882
32,588,kasaragod,Rural,40-44,52712,24974,27738,5742,1398,4344,46970,23576,23394
32,588,kasaragod,Rural,45-49,51925,25247,26678,8637,2377,6260,43288,22870,20418
32,588,kasaragod,Rural,50-54,39819,19811,20008,8073,2186,5887,31746,17625,14121
32,588,kasaragod,Rural,55-59,33841,16856,16985,8613,2311,6302,25228,14545,10683
32,588,kasaragod,Rural,60-64,26928,13258,13670,8898,2564,6334,18030,10694,7336
32,588,kasaragod,Rural,65-69,20099,8986,11113,8394,2382,6012,11705,6604,5101
32,588,kasaragod,Rural,70-74,13800,6275,7525,6337,1869,4468,7463,4406,3057
32,588,kasaragod,Rural,75-79,8936,3932,5004,4352,1342,3010,4584,2590,1994
32,588,kasaragod,Rural,80+,9649,3980,5669,5198,1559,3639,4451,2421,2030
32,588,kasaragod,Rural,Age not stated,791,423,368,209,93,116,582,330,252
32,588,kasaragod,Urban,All ages,509047,240897,268150,99587,42111,57476,409460,198786,210674
32,588,kasaragod,Urban,0-6,63975,32741,31234,63975,32741,31234,0,0,0
32,588,kasaragod,Urban,7,8567,4376,4191,1272,662,610,7295,3714,3581
32,588,kasaragod,Urban,8,8415,4257,4158,313,156,157,8102,4101,4001
32,588,kasaragod,Urban,9,8869,4532,4337,185,95,90,8684,4437,4247
32,588,kasaragod,Urban,10,9927,5154,4773,244,125,119,9683,5029,4654
32,588,kasaragod,Urban,11,9434,4781,4653,141,70,71,9293,4711,4582
32,588,kasaragod,Urban,12,8959,4588,4371,73,35,38,8886,4553,4333
32,588,kasaragod,Urban,13,9906,5038,4868,76,40,36,9830,4998,4832
32,588,kasaragod,Urban,14,9219,4772,4447,72,39,33,9147,4733,4414
32,588,kasaragod,Urban,15,8918,4490,4428,80,46,34,8838,4444,4394
32,588,kasaragod,Urban,16,8627,4321,4306,78,35,43,8549,4286,4263
32,588,kasaragod,Urban,17,9067,4553,4514,64,30,34,9003,4523,4480
32,588,kasaragod,Urban,18,9441,4745,4696,94,37,57,9347,4708,4639
32,588,kasaragod,Urban,19,9109,4419,4690,74,38,36,9035,4381,4654
32,588,kasaragod,Urban,20-24,46475,21297,25178,518,214,304,45957,21083,24874
32,588,kasaragod,Urban,25-29,43711,19084,24627,638,259,379,43073,18825,24248
32,588,kasaragod,Urban,30-34,40109,17762,22347,909,329,580,39200,17433,21767
32,588,kasaragod,Urban,35-39,38183,17092,21091,1458,398,1060,36725,16694,20031
32,588,kasaragod,Urban,40-44,32495,15011,17484,2065,558,1507,30430,14453,15977
32,588,kasaragod,Urban,45-49,30775,14368,16407,3109,768,2341,27666,13600,14066
32,588,kasaragod,Urban,50-54,24397,11672,12725,3374,773,2601,21023,10899,10124
32,588,kasaragod,Urban,55-59,21104,10310,10794,3869,863,3006,17235,9447,7788
32,588,kasaragod,Urban,60-64,17408,8348,9060,4472,1054,3418,12936,7294,5642
32,588,kasaragod,Urban,65-69,12365,5354,7011,4096,874,3222,8269,4480,3789
32,588,kasaragod,Urban,70-74,8362,3527,4835,3168,713,2455,5194,2814,2380
32,588,kasaragod,Urban,75-79,5118,2026,3092,2151,481,1670,2967,1545,1422
32,588,kasaragod,Urban,80+,5149,1765,3384,2691,512,2179,2458,1253,1205
32,588,kasaragod,Urban,Age not stated,963,514,449,328,166,162,635,348,287
32,589,kannur,Total,All ages,2523003,1181446,1341557,384569,168490,216079,2138434,1012956,1125478
32,589,kannur,Total,0-6,274318,139159,135159,274318,139159,135159,0,0,0
32,589,kannur,Total,7,38153,19509,18644,5131,2660,2471,33022,16849,16173
32,589,kannur,Total,8,35315,17959,17356,946,488,458,34369,17471,16898
32,589,kannur,Total,9,38637,19411,19226,892,439,453,37745,18972,18773
32,589,kannur,Total,10,44152,22625,21527,1421,739,682,42731,21886,20845
32,589,kannur,Total,11,41868,21500,20368,771,405,366,41097,21095,20002
32,589,kannur,Total,12,39128,20060,19068,330,176,154,38798,19884,18914
32,589,kannur,Total,13,42093,21208,20885,325,158,167,41768,21050,20718
32,589,kannur,Total,14,40747,20833,19914,302,147,155,40445,20686,19759
32,589,kannur,Total,15,40076,20403,19673,351,176,175,39725,20227,19498
32,589,kannur,Total,16,38904,19686,19218,287,149,138,38617,19537,19080
32,589,kannur,Total,17,39165,19886,19279,250,111,139,38915,19775,19140
32,589,kannur,Total,18,39372,19948,19424,354,180,174,39018,19768,19250
32,589,kannur,Total,19,37983,19303,18680,324,184,140,37659,19119,18540
32,589,kannur,Total,20-24,199663,94983,104680,2137,1100,1037,197526,93883,103643
32,589,kannur,Total,25-29,197603,86704,110899,2434,1214,1220,195169,85490,109679
32,589,kannur,Total,30-34,195261,85303,109958,2509,1105,1404,192752,84198,108554
32,589,kannur,Total,35-39,194385,84138,110247,3317,1265,2052,191068,82873,108195
32,589,kannur,Total,40-44,179536,80011,99525,4335,1391,2944,175201,78620,96581
32,589,kannur,Total,45-49,172802,78840,93962,6665,1826,4839,166137,77014,89123
32,589,kannur,Total,50-54,142427,66823,75604,7972,1842,6130,134455,64981,69474
32,589,kannur,Total,55-59,129416,62516,66900,9901,2126,7775,119515,60390,59125
32,589,kannur,Total,60-64,108136,51107,57029,12038,2390,9648,96098,48717,47381
32,589,kannur,Total,65-69,73238,32424,40814,11951,2158,9793,61287,30266,31021
32,589,kannur,Total,70-74,55799,24181,31618,11564,2097,9467,44235,22084,22151
32,589,kannur,Total,75-79,38295,15248,23047,9493,1729,7764,28802,13519,15283
32,589,kannur,Total,80+,40770,14743,26027,12416,2175,10241,28354,12568,15786
32,589,kannur,Total,Age not stated,5761,2935,2826,1835,901,934,3926,2034,1892
32,589,kannur,Rural,All ages,882017,425682,456335,145050,62652,82398,736967,363030,373937
32,589,kannur,Rural,0-6,95223,48428,46795,95223,48428,46795,0,0,0
32,589,kannur,Rural,7,13121,6700,6421,1955,1060,895,11166,5640,5526
32,589,kannur,Rural,8,12305,6210,6095,355,183,172,11950,6027,5923
32,589,kannur,Rural,9,13828,6878,6950,353,176,177,13475,6702,6773
32,589,kannur,Rural,10,15600,8055,7545,562,287,275,15038,7768,7270
32,589,kannur,Rural,11,14886,7690,7196,286,141,145,14600,7549,7051
32,589,kannur,Rural,12,14126,7254,6872,148,74,74,13978,7180,6798
32,589,kannur,Rural,13,15257,7708,7549,139,70,69,15118,7638,7480
32,589,kannur,Rural,14,14685,7500,7185,123,58,65,14562,7442,7120
32,589,kannur,Rural,15,14345,7217,7128,133,64,69,14212,7153,7059
32,589,kannur,Rural,16,14015,7050,6965,110,55,55,13905,6995,6910
32,589,kannur,Rural,17,13811,6970,6841,97,45,52,13714,6925,6789
32,589,kannur,Rural,18,13407,7003,6404,142,76,66,13265,6927,6338
32,589,kannur,Rural,19,12778,6750,6028,140,92,48,12638,6658,5980
32,589,kannur,Rural,20-24,68881,34344,34537,945,507,438,67936,33837,34099
32,589,kannur,Rural,25-29,70857,33185,37672,1115,569,546,69742,32616,37126
32,589,kannur,Rural,30-34,68587,31770,36817,1179,529,650,67408,31241,36167
32,589,kannur,Rural,35-39,68951,31383,37568,1638,587,1051,67313,30796,36517
32,589,kannur,Rural,40-44,63850,29983,33867,2098,655,1443,61752,29328,32424
32,589,kannur,Rural,45-49,61167,28951,32216,3436,949,2487,57731,28002,29729
32,589,kannur,Rural,50-54,50694,24680,26014,4077,1005,3072,46617,23675,22942
32,589,kannur,Rural,55-59,44490,22161,22329,4904,1151,3753,39586,21010,18576
32,589,kannur,Rural,60-64,34671,16716,17955,5455,1254,4201,29216,15462,13754
32,589,kannur,Rural,65-69,24000,10734,13266,5258,1123,4135,18742,9611,9131
32,589,kannur,Rural,70-74,17949,7902,10047,4914,1095,3819,13035,6807,6228
32,589,kannur,Rural,75-79,13174,5365,7809,4178,923,3255,8996,4442,4554
32,589,kannur,Rural,80+,15502,6159,9343,5475,1210,4265,10027,4949,5078
32,589,kannur,Rural,Age not stated,1857,936,921,612,286,326,1245,650,595
32,589,kannur,Urban,All ages,1640986,755764,885222,239519,105838,133681,1401467,649926,751541
32,589,kannur,Urban,0-6,179095,90731,88364,179095,90731,88364,0,0,0
32,589,kannur,Urban,7,25032,12809,12223,3176,1600,1576,21856,11209,10647
32,589,kannur,Urban,8,23010,11749,11261,591,305,286,22419,11444,10975
32,589,kannur,Urban,9,24809,12533,12276,539,263,276,24270,12270,12000
32,589,kannur,Urban,10,28552,14570,13982,859,452,407,27693,14118,13575
32,589,kannur,Urban,11,26982,13810,13172,485,264,221,26497,13546,12951
32,589,kannur,Urban,12,25002,12806,12196,182,102,80,24820,12704,12116
32,589,kannur,Urban,13,26836,13500,13336,186,88,98,26650,13412,13238
32,589,kannur,Urban,14,26062,13333,12729,179,89,90,25883,13244,12639
32,589,kannur,Urban,15,25731,13186,12545,218,112,106,25513,13074,12439
32,589,kannur,Urban,16,24889,12636,12253,177,94,83,24712,12542,12170
32,589,kannur,Urban,17,25354,12916,12438,153,66,87,25201,12850,12351
32,589,kannur,Urban,18,25965,12945,13020,212,104,108,25753,12841,12912
32,589,kannur,Urban,19,25205,12553,12652,184,92,92,25021,12461,12560
32,589,kannur,Urban,20-24,130782,60639,70143,1192,593,599,129590,60046,69544
32,589,kannur,Urban,25-29,126746,53519,73227,1319,645,674,125427,52874,72553
32,589,kannur,Urban,30-34,126674,53533,73141,1330,576,754,125344,52957,72387
32,589,kannur,Urban,35-39,125434,52755,72679,1679,678,1001,123755,52077,71678
32,589,kannur,Urban,40-44,115686,50028,65658,2237,736,1501,113449,49292,64157
32,589,kannur,Urban,45-49,111635,49889,61746,3229,877,2352,108406,49012,59394
32,589,kannur,Urban,50-54,91733,42143,49590,3895,837,3058,87838,41306,46532
32,589,kannur,Urban,55-59,84926,40355,44571,4997,975,4022,79929,39380,40549
32,589,kannur,Urban,60-64,73465,34391,39074,6583,1136,5447,66882,33255,33627
32,589,kannur,Urban,65-69,49238,21690,27548,6693,1035,5658,42545,20655,21890
32,589,kannur,Urban,70-74,37850,16279,21571,6650,1002,5648,31200,15277,15923
32,589,kannur,Urban,75-79,25121,9883,15238,5315,806,4509,19806,9077,10729
32,589,kannur,Urban,80+,25268,8584,16684,6941,965,5976,18327,7619,10708
32,589,kannur,Urban,Age not stated,3904,1999,1905,1223,615,608,2681,1384,1297
32,590,wayanad,Total,All ages,817420,401684,415736,171835,73548,98287,645585,328136,317449
32,590,wayanad,Total,0-6,92324,46994,45330,92324,46994,45330,0,0,0
32,590,wayanad,Total,7,13961,7119,6842,2724,1431,1293,11237,5688,5549
32,590,wayanad,Total,8,14260,7256,7004,749,390,359,13511,6866,6645
32,590,wayanad,Total,9,14283,7349,6934,363,202,161,13920,7147,6773
32,590,wayanad,Total,10,16612,8609,8003,462,231,231,16150,8378,7772
32,590,wayanad,Total,11,15719,8016,7703,254,121,133,15465,7895,7570
32,590,wayanad,Total,12,15101,7633,7468,190,98,92,14911,7535,7376
32,590,wayanad,Total,13,15530,7885,7645,184,97,87,15346,7788,7558
32,590,wayanad,Total,14,14456,7338,7118,169,97,72,14287,7241,7046
32,590,wayanad,Total,15,13698,6998,6700,180,93,87,13518,6905,6613
32,590,wayanad,Total,16,12961,6569,6392,167,87,80,12794,6482,6312
32,590,wayanad,Total,17,12132,6254,5878,132,74,58,12000,6180,5820
32,590,wayanad,Total,18,12770,6445,6325,237,97,140,12533,6348,6185
32,590,wayanad,Total,19,12358,6158,6200,220,86,134,12138,6072,6066
32,590,wayanad,Total,20-24,66417,31936,34481,1824,674,1150,64593,31262,33331
32,590,wayanad,Total,25-29,70224,33366,36858,2958,1099,1859,67266,32267,34999
32,590,wayanad,Total,30-34,65644,31334,34310,3576,1320,2256,62068,30014,32054
32,590,wayanad,Total,35-39,67856,32250,35606,6106,1995,4111,61750,30255,31495
32,590,wayanad,Total,40-44,57693,28496,29197,6612,2267,4345,51081,26229,24852
32,590,wayanad,Total,45-49,55397,27117,28280,8943,2924,6019,46454,24193,22261
32,590,wayanad,Total,50-54,42987,21742,21245,7715,2461,5254,35272,19281,15991
32,590,wayanad,Total,55-59,36277,18451,17826,7993,2427,5566,28284,16024,12260
32,590,wayanad,Total,60-64,28307,14181,14126,8136,2557,5579,20171,11624,8547
32,590,wayanad,Total,65-69,19045,8801,10244,7040,2111,4929,12005,6690,5315
32,590,wayanad,Total,70-74,12686,5737,6949,4818,1479,3339,7868,4258,3610
32,590,wayanad,Total,75-79,8542,3524,5018,3368,932,2436,5174,2592,2582
32,590,wayanad,Total,80+,9482,3741,5741,4201,1104,3097,5281,2637,2644
32,590,wayanad,Total,Age not stated,698,385,313,190,100,90,508,285,223
32,590,wayanad,Rural,All ages,785840,386283,399557,165770,70916,94854,620070,315367,304703
32,590,wayanad,Rural,0-6,88727,45158,43569,88727,45158,43569,0,0,0
32,590,wayanad,Rural,7,13435,6842,6593,2653,1393,1260,10782,5449,5333
32,590,wayanad,Rural,8,13726,6986,6740,735,384,351,12991,6602,6389
32,590,wayanad,Rural,9,13722,7087,6635,357,199,158,13365,6888,6477
32,590,wayanad,Rural,10,15963,8276,7687,443,220,223,15520,8056,7464
32,590,wayanad,Rural,11,15112,7730,7382,250,119,131,14862,7611,7251
32,590,wayanad,Rural,12,14554,7379,7175,190,98,92,14364,7281,7083
32,590,wayanad,Rural,13,14953,7595,7358,177,94,83,14776,7501,7275
32,590,wayanad,Rural,14,13886,7064,6822,165,96,69,13721,6968,6753
32,590,wayanad,Rural,15,13182,6762,6420,177,92,85,13005,6670,6335
32,590,wayanad,Rural,16,12451,6301,6150,163,86,77,12288,6215,6073
32,590,wayanad,Rural,17,11681,6035,5646,130,73,57,11551,5962,5589
32,590,wayanad,Rural,18,12290,6188,6102,224,93,131,12066,6095,5971
32,590,wayanad,Rural,19,11876,5900,5976,207,80,127,11669,5820,5849
32,590,wayanad,Rural,20-24,63802,30722,33080,1760,643,1117,62042,30079,31963
32,590,wayanad,Rural,25-29,67639,32134,35505,2880,1068,1812,64759,31066,33693
32,590,wayanad,Rural,30-34,63056,30153,32903,3478,1280,2198,59578,28873,30705
32,590,wayanad,Rural,35-39,65154,31007,34147,5924,1928,3996,59230,29079,30151
32,590,wayanad,Rural,40-44,55323,27310,28013,6416,2215,4201,48907,25095,23812
32,590,wayanad,Rural,45-49,53099,25982,27117,8674,2844,5830,44425,23138,21287
32,590,wayanad,Rural,50-54,41320,20890,20430,7447,2383,5064,33873,18507,15366
32,590,wayanad,Rural,55-59,34796,17676,17120,7715,2342,5373,27081,15334,11747
32,590,wayanad,Rural,60-64,27267,13633,13634,7876,2476,5400,19391,11157,8234
32,590,wayanad,Rural,65-69,18346,8470,9876,6779,2034,4745,11567,6436,5131
32,590,wayanad,Rural,70-74,12283,5566,6717,4675,1435,3240,7608,4131,3477
32,590,wayanad,Rural,75-79,8293,3425,4868,3271,909,2362,5022,2516,2506
32,590,wayanad,Rural,80+,9230,3643,5587,4090,1076,3014,5140,2567,2573
32,590,wayanad,Rural,Age not stated,674,369,305,187,98,89,487,271,216
32,590,wayanad,Urban,All ages,31580,15401,16179,6065,2632,3433,25515,12769,12746
32,590,wayanad,Urban,0-6,3597,1836,1761,3597,1836,1761,0,0,0
32,590,wayanad,Urban,7,526,277,249,71,38,33,455,239,216
32,590,wayanad,Urban,8,534,270,264,14,6,8,520,264,256
32,590,wayanad,Urban,9,561,262,299,6,3,3,555,259,296
32,590,wayanad,Urban,10,649,333,316,19,11,8,630,322,308
32,590,wayanad,Urban,11,607,286,321,4,2,2,603,284,319
32,590,wayanad,Urban,12,547,254,293,0,0,0,547,254,293
32,590,wayanad,Urban,13,577,290,287,7,3,4,570,287,283
32,590,wayanad,Urban,14,570,274,296,4,1,3,566,273,293
32,590,wayanad,Urban,15,516,236,280,3,1,2,513,235,278
32,590,wayanad,Urban,16,510,268,242,4,1,3,506,267,239
32,590,wayanad,Urban,17,451,219,232,2,1,1,449,218,231
32,590,wayanad,Urban,18,480,257,223,13,4,9,467,253,214
32,590,wayanad,Urban,19,482,258,224,13,6,7,469,252,217
32,590,wayanad,Urban,20-24,2615,1214,1401,64,31,33,2551,1183,1368
32,590,wayanad,Urban,25-29,2585,1232,1353,78,31,47,2507,1201,1306
32,590,wayanad,Urban,30-34,2588,1181,1407,98,40,58,2490,1141,1349
32,590,wayanad,Urban,35-39,2702,1243,1459,182,67,115,2520,1176,1344
32,590,wayanad,Urban,40-44,2370,1186,1184,196,52,144,2174,1134,1040
32,590,wayanad,Urban,45-49,2298,1135,1163,269,80,189,2029,1055,974
32,590,wayanad,Urban,50-54,1667,852,815,268,78,190,1399,774,625
32,590,wayanad,Urban,55-59,1481,775,706,278,85,193,1203,690,513
32,590,wayanad,Urban,60-64,1040,548,492,260,81,179,780,467,313
32,590,wayanad,Urban,65-69,699,331,368,261,77,184,438,254,184
32,590,wayanad,Urban,70-74,403,171,232,143,44,99,260,127,133
32,590,wayanad,Urban,75-79,249,99,150,97,23,74,152,76,76
32,590,wayanad,Urban,80+,252,98,154,111,28,83,141,70,71
32,590,wayanad,Urban,Age not stated,24,16,8,3,2,1,21,14,7
32,591,kozhikode,Total,All ages,3086293,1470942,1615351,470850,204003,266847,2615443,1266939,1348504
32,591,kozhikode,Total,0-6,335645,170429,165216,335645,170429,165216,0,0,0
32,591,kozhikode,Total,7,49456,25308,24148,6493,3346,3147,42963,21962,21001
32,591,kozhikode,Total,8,48777,24748,24029,1273,637,636,47504,24111,23393
32,591,kozhikode,Total,9,49707,25445,24262,774,390,384,48933,25055,23878
32,591,kozhikode,Total,10,56405,29045,27360,1157,579,578,55248,28466,26782
32,591,kozhikode,Total,11,55063,28153,26910,607,305,302,54456,27848,26608
32,591,kozhikode,Total,12,49622,25470,24152,349,178,171,49273,25292,23981
32,591,kozhikode,Total,13,53940,27488,26452,394,203,191,53546,27285,26261
32,591,kozhikode,Total,14,51077,25955,25122,378,204,174,50699,25751,24948
32,591,kozhikode,Total,15,50329,25971,24358,414,220,194,49915,25751,24164
32,591,kozhikode,Total,16,48049,24416,23633,342,159,183,47707,24257,23450
32,591,kozhikode,Total,17,49030,25068,23962,301,156,145,48729,24912,23817
32,591,kozhikode,Total,18,49552,25359,24193,314,152,162,49238,25207,24031
32,591,kozhikode,Total,19,48587,24353,24234,289,141,148,48298,24212,24086
32,591,kozhikode,Total,20-24,246515,116838,129677,1879,937,942,244636,115901,128735
32,591,kozhikode,Total,25-29,245890,109469,136421,2179,1027,1152,243711,108442,135269
32,591,kozhikode,Total,30-34,234874,104571,130303,2330,973,1357,232544,103598,128946
32,591,kozhikode,Total,35-39,242221,106829,135392,3528,1365,2163,238693,105464,133229
32,591,kozhikode,Total,40-44,222484,102379,120105,4798,1547,3251,217686,100832,116854
32,591,kozhikode,Total,45-49,210002,98203,111799,8039,2000,6039,201963,96203,105760
32,591,kozhikode,Total,50-54,170780,82899,87881,9979,2072,7907,160801,80827,79974
32,591,kozhikode,Total,55-59,154449,77249,77200,13693,2741,10952,140756,74508,66248
32,591,kozhikode,Total,60-64,127863,63245,64618,15999,2994,13005,111864,60251,51613
32,591,kozhikode,Total,65-69,86813,39360,47453,17191,3074,14117,69622,36286,33336
32,591,kozhikode,Total,70-74,60549,27251,33298,14427,2739,11688,46122,24512,21610
32,591,kozhikode,Total,75-79,41629,17021,24608,12131,2354,9777,29498,14667,14831
32,591,kozhikode,Total,80+,44026,16860,27166,15543,2906,12637,28483,13954,14529
32,591,kozhikode,Total,Age not stated,2959,1560,1399,404,175,229,2555,1385,1170
32,591,kozhikode,Rural,All ages,1013721,484784,528937,164343,70388,93955,849378,414396,434982
32,591,kozhikode,Rural,0-6,114602,58254,56348,114602,58254,56348,0,0,0
32,591,kozhikode,Rural,7,16595,8487,8108,2203,1112,1091,14392,7375,7017
32,591,kozhikode,Rural,8,16573,8396,8177,469,232,237,16104,8164,7940
32,591,kozhikode,Rural,9,16739,8634,8105,267,132,135,16472,8502,7970
32,591,kozhikode,Rural,10,19016,9835,9181,410,205,205,18606,9630,8976
32,591,kozhikode,Rural,11,18571,9539,9032,219,123,96,18352,9416,8936
32,591,kozhikode,Rural,12,16799,8651,8148,134,65,69,16665,8586,8079
32,591,kozhikode,Rural,13,18007,9112,8895,145,74,71,17862,9038,8824
32,591,kozhikode,Rural,14,17067,8609,8458,121,62,59,16946,8547,8399
32,591,kozhikode,Rural,15,16689,8634,8055,140,77,63,16549,8557,7992
32,591,kozhikode,Rural,16,15957,8114,7843,127,58,69,15830,8056,7774
32,591,kozhikode,Rural,17,16446,8395,8051,100,46,54,16346,8349,7997
32,591,kozhikode,Rural,18,16579,8461,8118,108,54,54,16471,8407,8064
32,591,kozhikode,Rural,19,16446,8433,8013,90,48,42,16356,8385,7971
32,591,kozhikode,Rural,20-24,81059,38966,42093,681,330,351,80378,38636,41742
32,591,kozhikode,Rural,25-29,80920,36261,44659,742,324,418,80178,35937,44241
32,591,kozhikode,Rural,30-34,76750,34100,42650,795,332,463,75955,33768,42187
32,591,kozhikode,Rural,35-39,78717,34467,44250,1193,428,765,77524,34039,43485
32,591,kozhikode,Rural,40-44,71506,32582,38924,1709,489,1220,69797,32093,37704
32,591,kozhikode,Rural,45-49,67758,31392,36366,2982,629,2353,64776,30763,34013
32,591,kozhikode,Rural,50-54,54915,27069,27846,3730,749,2981,51185,26320,24865
32,591,kozhikode,Rural,55-59,49704,25111,24593,5145,1000,4145,44559,24111,20448
32,591,kozhikode,Rural,60-64,39254,19533,19721,5851,1082,4769,33403,18451,14952
32,591,kozhikode,Rural,65-69,27708,12516,15192,6451,1162,5289,21257,11354,9903
32,591,kozhikode,Rural,70-74,19153,8752,10401,5291,1059,4232,13862,7693,6169
32,591,kozhikode,Rural,75-79,13806,5709,8097,4580,930,3650,9226,4779,4447
32,591,kozhikode,Rural,80+,15432,6288,9144,5949,1289,4660,9483,4999,4484
32,591,kozhikode,Rural,Age not stated,953,484,469,109,43,66,844,441,403
32,591,kozhikode,Urban,All ages,2072572,986158,1086414,306507,133615,172892,1766065,852543,913522
32,591,kozhikode,Urban,0-6,221043,112175,108868,221043,112175,108868,0,0,0
32,591,kozhikode,Urban,7,32861,16821,16040,4290,2234,2056,28571,14587,13984
32,591,kozhikode,Urban,8,32204,16352,15852,804,405,399,31400,15947,15453
32,591,kozhikode,Urban,9,32968,16811,16157,507,258,249,32461,16553,15908
32,591,kozhikode,Urban,10,37389,19210,18179,747,374,373,36642,18836,17806
32,591,kozhikode,Urban,11,36492,18614,17878,388,182,206,36104,18432,17672
32,591,kozhikode,Urban,12,32823,16819,16004,215,113,102,32608,16706,15902
32,591,kozhikode,Urban,13,35933,18376,17557,249,129,120,35684,18247,17437
32,591,kozhikode,Urban,14,34010,17346,16664,257,142,115,33753,17204,16549
32,591,kozhikode,Urban,15,33640,17337,16303,274,143,131,33366,17194,16172
32,591,kozhikode,Urban,16,32092,16302,15790,215,101,114,31877,16201,15676
32,591,kozhikode,Urban,17,32584,16673,15911,201,110,91,32383,16563,15820
32,591,kozhikode,Urban,18,32973,16898,16075,206,98,108,32767,16800,15967
32,591,kozhikode,Urban,19,32141,15920,16221,199,93,106,31942,15827,16115
32,591,kozhikode,Urban,20-24,165456,77872,87584,1198,607,591,164258,77265,86993
32,591,kozhikode,Urban,25-29,164970,73208,91762,1437,703,734,163533,72505,91028
32,591,kozhikode,Urban,30-34,158124,70471,87653,1535,641,894,156589,69830,86759
32,591,kozhikode,Urban,35-39,163504,72362,91142,2335,937,1398,161169,71425,89744
32,591,kozhikode,Urban,40-44,150978,69797,81181,3089,1058,2031,147889,68739,79150
32,591,kozhikode,Urban,45-49,142244,66811,75433,5057,1371,3686,137187,65440,71747
32,591,kozhikode,Urban,50-54,115865,55830,60035,6249,1323,4926,109616,54507,55109
32,591,kozhikode,Urban,55-59,104745,52138,52607,8548,1741,6807,96197,50397,45800
32,591,kozhikode,Urban,60-64,88609,43712,44897,10148,1912,8236,78461,41800,36661
32,591,kozhikode,Urban,65-69,59105,26844,32261,10740,1912,8828,48365,24932,23433
32,591,kozhikode,Urban,70-74,41396,18499,22897,9136,1680,7456,32260,16819,15441
32,591,kozhikode,Urban,75-79,27823,11312,16511,7551,1424,6127,20272,9888,10384
32,591,kozhikode,Urban,80+,28594,10572,18022,9594,1617,7977,19000,8955,10045
32,591,kozhikode,Urban,Age not stated,2006,1076,930,295,132,163,1711,944,767
32,592,malappuram,Total,All ages,4112920,1960328,2152592,801605,362924,438681,3311315,1597404,1713911
32,592,malappuram,Total,0-6,574041,292132,281909,574041,292132,281909,0,0,0
32,592,malappuram,Total,7,81294,41531,39763,12777,6560,6217,68517,34971,33546
32,592,malappuram,Total,8,81095,41320,39775,2992,1546,1446,78103,39774,38329
32,592,malappuram,Total,9,81030,41346,39684,1404,761,643,79626,40585,39041
32,592,malappuram,Total,10,90504,46182,44322,1760,937,823,88744,45245,43499
32,592,malappuram,Total,11,85998,43728,42270,970,526,444,85028,43202,41826
32,592,malappuram,Total,12,80602,41232,39370,667,360,307,79935,40872,39063
32,592,malappuram,Total,13,85479,43703,41776,662,323,339,84817,43380,41437
32,592,malappuram,Total,14,81448,41566,39882,659,345,314,80789,41221,39568
32,592,malappuram,Total,15,80137,40927,39210,644,328,316,79493,40599,38894
32,592,malappuram,Total,16,76164,38781,37383,552,290,262,75612,38491,37121
32,592,malappuram,Total,17,76357,38755,37602,546,297,249,75811,38458,37353
32,592,malappuram,Total,18,81812,41029,40783,622,343,279,81190,40686,40504
32,592,malappuram,Total,19,78539,38960,39579,622,330,292,77917,38630,39287
32,592,malappuram,Total,20-24,406877,194357,212520,3904,1936,1968,402973,192421,210552
32,592,malappuram,Total,25-29,364628,164498,200130,4141,1908,2233,360487,162590,197897
32,592,malappuram,Total,30-34,300552,132859,167693,4496,1865,2631,296056,130994,165062
32,592,malappuram,Total,35-39,281541,121166,160375,7206,2410,4796,274335,118756,155579
32,592,malappuram,Total,40-44,241469,106628,134841,10896,3286,7610,230573,103342,127231
32,592,malappuram,Total,45-49,217799,98035,119764,17099,4735,12364,200700,93300,107400
32,592,malappuram,Total,50-54,172496,82690,89806,20179,5321,14858,152317,77369,74948
32,592,malappuram,Total,55-59,148036,73341,74695,23904,6372,17532,124132,66969,57163
32,592,malappuram,Total,60-64,124191,60432,63759,29227,8061,21166,94964,52371,42593
32,592,malappuram,Total,65-69,87856,39659,48197,28138,7437,20701,59718,32222,27496
32,592,malappuram,Total,70-74,57916,25771,32145,21445,6050,15395,36471,19721,16750
32,592,malappuram,Total,75-79,36779,15070,21709,15208,4155,11053,21571,10915,10656
32,592,malappuram,Total,80+,35037,13043,21994,16255,4063,12192,18782,8980,9802
32,592,malappuram,Total,Age not stated,3243,1587,1656,589,247,342,2654,1340,1314
32,592,malappuram,Rural,All ages,2295709,1095308,1200401,457201,206577,250624,1838508,888731,949777
32,592,malappuram,Rural,0-6,320051,162918,157133,320051,162918,157133,0,0,0
32,592,malappuram,Rural,7,45172,22932,22240,7690,3909,3781,37482,19023,18459
32,592,malappuram,Rural,8,45763,23251,22512,1873,985,888,43890,22266,21624
32,592,malappuram,Rural,9,45096,23060,22036,857,468,389,44239,22592,21647
32,592,malappuram,Rural,10,51274,26076,25198,995,535,460,50279,25541,24738
32,592,malappuram,Rural,11,48434,24650,23784,584,313,271,47850,24337,23513
32,592,malappuram,Rural,12,45650,23395,22255,405,222,183,45245,23173,22072
32,592,malappuram,Rural,13,48070,24527,23543,385,192,193,47685,24335,23350
32,592,malappuram,Rural,14,45723,23269,22454,381,202,179,45342,23067,22275
32,592,malappuram,Rural,15,44572,22692,21880,378,199,179,44194,22493,21701
32,592,malappuram,Rural,16,41974,21422,20552,307,163,144,41667,21259,20408
32,592,malappuram,Rural,17,42122,21408,20714,324,175,149,41798,21233,20565
32,592,malappuram,Rural,18,45025,22594,22431,369,198,171,44656,22396,22260
32,592,malappuram,Rural,19,43275,21390,21885,349,180,169,42926,21210,21716
32,592,malappuram,Rural,20-24,224543,107212,117331,2147,1044,1103,222396,106168,116228
32,592,malappuram,Rural,25-29,204112,92356,111756,2380,1076,1304,201732,91280,110452
32,592,malappuram,Rural,30-34,167871,74180,93691,2660,1047,1613,165211,73133,92078
32,592,malappuram,Rural,35-39,158755,68673,90082,4569,1498,3071,154186,67175,87011
32,592,malappuram,Rural,40-44,134940,59919,75021,6978,2074,4904,127962,57845,70117
32,592,malappuram,Rural,45-49,122113,55438,66675,10833,3112,7721,111280,52326,58954
32,592,malappuram,Rural,50-54,95965,46116,49849,12631,3503,9128,83334,42613,40721
32,592,malappuram,Rural,55-59,82199,40567,41632,14553,4053,10500,67646,36514,31132
32,592,malappuram,Rural,60-64,68777,33487,35290,17481,5024,12457,51296,28463,22833
32,592,malappuram,Rural,65-69,49360,22347,27013,16767,4646,12121,32593,17701,14892
32,592,malappuram,Rural,70-74,32335,14482,17853,12511,3705,8806,19824,10777,9047
32,592,malappuram,Rural,75-79,20831,8602,12229,8899,2520,6379,11932,6082,5850
32,592,malappuram,Rural,80+,19732,7361,12371,9481,2458,7023,10251,4903,5348
32,592,malappuram,Rural,Age not stated,1975,984,991,363,158,205,1612,826,786
32,592,malappuram,Urban,All ages,1817211,865020,952191,344404,156347,188057,1472807,708673,764134
32,592,malappuram,Urban,0-6,253990,129214,124776,253990,129214,124776,0,0,0
32,592,malappuram,Urban,7,36122,18599,17523,5087,2651,2436,31035,15948,15087
32,592,malappuram,Urban,8,35332,18069,17263,1119,561,558,34213,17508,16705
32,592,malappuram,Urban,9,35934,18286,17648,547,293,254,35387,17993,17394
32,592,malappuram,Urban,10,39230,20106,19124,765,402,363,38465,19704,18761
32,592,malappuram,Urban,11,37564,19078,18486,386,213,173,37178,18865,18313
32,592,malappuram,Urban,12,34952,17837,17115,262,138,124,34690,17699,16991
32,592,malappuram,Urban,13,37409,19176,18233,277,131,146,37132,19045,18087
32,592,malappuram,Urban,14,35725,18297,17428,278,143,135,35447,18154,17293
32,592,malappuram,Urban,15,35565,18235,17330,266,129,137,35299,18106,17193
32,592,malappuram,Urban,16,34190,17359,16831,245,127,118,33945,17232,16713
32,592,malappuram,Urban,17,34235,17347,16888,222,122,100,34013,17225,16788
32,592,malappuram,Urban,18,36787,18435,18352,253,145,108,36534,18290,18244
32,592,malappuram,Urban,19,35264,17570,17694,273,150,123,34991,17420,17571
32,592,malappuram,Urban,20-24,182334,87145,95189,1757,892,865,180577,86253,94324
32,592,malappuram,Urban,25-29,160516,72142,88374,1761,832,929,158755,71310,87445
32,592,malappuram,Urban,30-34,132681,58679,74002,1836,818,1018,130845,57861,72984
32,592,malappuram,Urban,35-39,122786,52493,70293,2637,912,1725,120149,51581,68568
32,592,malappuram,Urban,40-44,106529,46709,59820,3918,1212,2706,102611,45497,57114
32,592,malappuram,Urban,45-49,95686,42597,53089,6266,1623,4643,89420,40974,48446
32,592,malappuram,Urban,50-54,76531,36574,39957,7548,1818,5730,68983,34756,34227
32,592,malappuram,Urban,55-59,65837,32774,33063,9351,2319,7032,56486,30455,26031
32,592,malappuram,Urban,60-64,55414,26945,28469,11746,3037,8709,43668,23908,19760
32,592,malappuram,Urban,65-69,38496,17312,21184,11371,2791,8580,27125,14521,12604
32,592,malappuram,Urban,70-74,25581,11289,14292,8934,2345,6589,16647,8944,7703
32,592,malappuram,Urban,75-79,15948,6468,9480,6309,1635,4674,9639,4833,4806
32,592,malappuram,Urban,80+,15305,5682,9623,6774,1605,5169,8531,4077,4454
32,592,malappuram,Urban,Age not stated,1268,603,665,226,89,137,1042,514,528
32,593,palakkad,Total,All ages,2809934,1359478,1450456,570442,236878,333564,2239492,1122600,1116892
32,593,palakkad,Total,0-6,302297,153696,148601,302297,153696,148601,0,0,0
32,593,palakkad,Total,7,44356,22747,21609,6346,3274,3072,38010,19473,18537
32,593,palakkad,Total,8,43074,21904,21170,1451,724,727,41623,21180,20443
32,593,palakkad,Total,9,44337,22432,21905,845,443,402,43492,21989,21503
32,593,palakkad,Total,10,49566,25269,24297,1028,553,475,48538,24716,23822
32,593,palakkad,Total,11,48374,24503,23871,579,304,275,47795,24199,23596
32,593,palakkad,Total,12,47616,24268,23348,376,200,176,47240,24068,23172
32,593,palakkad,Total,13,50133,25144,24989,403,184,219,49730,24960,24770
32,593,palakkad,Total,14,48439,24804,23635,404,210,194,48035,24594,23441
32,593,palakkad,Total,15,47001,24197,22804,427,229,198,46574,23968,22606
32,593,palakkad,Total,16,44608,22773,21835,356,172,184,44252,22601,21651
32,593,palakkad,Total,17,44375,22508,21867,356,167,189,44019,22341,21678
32,593,palakkad,Total,18,46832,23598,23234,479,233,246,46353,23365,22988
32,593,palakkad,Total,19,45655,22672,22983,412,180,232,45243,22492,22751
32,593,palakkad,Total,20-24,246144,119819,126325,3373,1464,1909,242771,118355,124416
32,593,palakkad,Total,25-29,242415,116092,126323,5562,2222,3340,236853,113870,122983
32,593,palakkad,Total,30-34,211243,100653,110590,7175,2554,4621,204068,98099,105969
32,593,palakkad,Total,35-39,217268,99958,117310,14273,4249,10024,202995,95709,107286
32,593,palakkad,Total,40-44,188881,89633,99248,17723,5535,12188,171158,84098,87060
32,593,palakkad,Total,45-49,185219,89055,96164,26337,7964,18373,158882,81091,77791
32,593,palakkad,Total,50-54,145372,71048,74324,24722,7286,17436,120650,63762,56888
32,593,palakkad,Total,55-59,130083,63772,66311,29969,8940,21029,100114,54832,45282
32,593,palakkad,Total,60-64,113415,53287,60128,34029,9930,24099,79386,43357,36029
32,593,palakkad,Total,65-69,81894,37059,44835,30746,9129,21617,51148,27930,23218
32,593,palakkad,Total,70-74,59901,26530,33371,24268,7127,17141,35633,19403,16230
32,593,palakkad,Total,75-79,39364,16215,23149,17024,4865,12159,22340,11350,10990
32,593,palakkad,Total,80+,38937,14287,24650,18569,4644,13925,20368,9643,10725
32,593,palakkad,Total,Age not stated,3135,1555,1580,913,400,513,2222,1155,1067
32,593,palakkad,Rural,All ages,2133124,1031466,1101658,454229,187611,266618,1678895,843855,835040
32,593,palakkad,Rural,0-6,231892,117763,114129,231892,117763,114129,0,0,0
32,593,palakkad,Rural,7,33824,17320,16504,5027,2612,2415,28797,14708,14089
32,593,palakkad,Rural,8,32694,16672,16022,1146,585,561,31548,16087,15461
32,593,palakkad,Rural,9,34005,17168,16837,682,348,334,33323,16820,16503
32,593,palakkad,Rural,10,38228,19540,18688,803,431,372,37425,19109,18316
32,593,palakkad,Rural,11,37162,18719,18443,452,230,222,36710,18489,18221
32,593,palakkad,Rural,12,36719,18654,18065,304,162,142,36415,18492,17923
32,593,palakkad,Rural,13,38365,19168,19197,295,139,156,38070,19029,19041
32,593,palakkad,Rural,14,37001,18939,18062,323,175,148,36678,18764,17914
32,593,palakkad,Rural,15,35908,18572,17336,335,181,154,35573,18391,17182
32,593,palakkad,Rural,16,34129,17470,16659,281,125,156,33848,17345,16503
32,593,palakkad,Rural,17,33815,17190,16625,274,127,147,33541,17063,16478
32,593,palakkad,Rural,18,35760,18149,17611,386,196,190,35374,17953,17421
32,593,palakkad,Rural,19,34769,17264,17505,320,131,189,34449,17133,17316
32,593,palakkad,Rural,20-24,187845,91589,96256,2690,1146,1544,185155,90443,94712
32,593,palakkad,Rural,25-29,186254,89352,96902,4610,1825,2785,181644,87527,94117
32,593,palakkad,Rural,30-34,160568,76650,83918,5969,2091,3878,154599,74559,80040
32,593,palakkad,Rural,35-39,164827,75667,89160,12110,3592,8518,152717,72075,80642
32,593,palakkad,Rural,40-44,140962,66934,74028,14948,4702,10246,126014,62232,63782
32,593,palakkad,Rural,45-49,139348,66776,72572,22323,6797,15526,117025,59979,57046
32,593,palakkad,Rural,50-54,108171,52740,55431,20551,6131,14420,87620,46609,41011
32,593,palakkad,Rural,55-59,97019,47418,49601,25083,7635,17448,71936,39783,32153
32,593,palakkad,Rural,60-64,85099,39805,45294,28255,8421,19834,56844,31384,25460
32,593,palakkad,Rural,65-69,62022,27790,34232,25486,7705,17781,36536,20085,16451
32,593,palakkad,Rural,70-74,45045,19835,25210,19888,6013,13875,25157,13822,11335
32,593,palakkad,Rural,75-79,29619,12227,17392,13910,4089,9821,15709,8138,7571
32,593,palakkad,Rural,80+,29472,10803,18669,15084,3908,11176,14388,6895,7493
32,593,palakkad,Rural,Age not stated,2602,1292,1310,802,351,451,1800,941,859
32,593,palakkad,Urban,All ages,676810,328012,348798,116213,49267,66946,560597,278745,281852
32,593,palakkad,Urban,0-6,70405,35933,34472,70405,35933,34472,0,0,0
32,593,palakkad,Urban,7,10532,5427,5105,1319,662,657,9213,4765,4448
32,593,palakkad,Urban,8,10380,5232,5148,305,139,166,10075,5093,4982
32,593,palakkad,Urban,9,10332,5264,5068,163,95,68,10169,5169,5000
32,593,palakkad,Urban,10,11338,5729,5609,225,122,103,11113,5607,5506
32,593,palakkad,Urban,11,11212,5784,5428,127,74,53,11085,5710,5375
32,593,palakkad,Urban,12,10897,5614,5283,72,38,34,10825,5576,5249
32,593,palakkad,Urban,13,11768,5976,5792,108,45,63,11660,5931,5729
32,593,palakkad,Urban,14,11438,5865,5573,81,35,46,11357,5830,5527
32,593,palakkad,Urban,15,11093,5625,5468,92,48,44,11001,5577,5424
32,593,palakkad,Urban,16,10479,5303,5176,75,47,28,10404,5256,5148
32,593,palakkad,Urban,17,10560,5318,5242,82,40,42,10478,5278,5200
32,593,palakkad,Urban,18,11072,5449,5623,93,37,56,10979,5412,5567
32,593,palakkad,Urban,19,10886,5408,5478,92,49,43,10794,5359,5435
32,593,palakkad,Urban,20-24,58299,28230,30069,683,318,365,57616,27912,29704
32,593,palakkad,Urban,25-29,56161,26740,29421,952,397,555,55209,26343,28866
32,593,palakkad,Urban,30-34,50675,24003,26672,1206,463,743,49469,23540,25929
32,593,palakkad,Urban,35-39,52441,24291,28150,2163,657,1506,50278,23634,26644
32,593,palakkad,Urban,40-44,47919,22699,25220,2775,833,1942,45144,21866,23278
32,593,palakkad,Urban,45-49,45871,22279,23592,4014,1167,2847,41857,21112,20745
32,593,palakkad,Urban,50-54,37201,18308,18893,4171,1155,3016,33030,17153,15877
32,593,palakkad,Urban,55-59,33064,16354,16710,4886,1305,3581,28178,15049,13129
32,593,palakkad,Urban,60-64,28316,13482,14834,5774,1509,4265,22542,11973,10569
32,593,palakkad,Urban,65-69,19872,9269,10603,5260,1424,3836,14612,7845,6767
32,593,palakkad,Urban,70-74,14856,6695,8161,4380,1114,3266,10476,5581,4895
32,593,palakkad,Urban,75-79,9745,3988,5757,3114,776,2338,6631,3212,3419
32,593,palakkad,Urban,80+,9465,3484,5981,3485,736,2749,5980,2748,3232
32,593,palakkad,Urban,Age not stated,533,263,270,111,49,62,422,214,208
32,594,thrissur,Total,All ages,3121200,1480763,1640437,442652,198502,244150,2678548,1282261,1396287
32,594,thrissur,Total,0-6,303950,155862,148088,303950,155862,148088,0,0,0
32,594,thrissur,Total,7,44469,22809,21660,5022,2607,2415,39447,20202,19245
32,594,thrissur,Total,8,44346,22635,21711,988,513,475,43358,22122,21236
32,594,thrissur,Total,9,45127,22966,22161,550,270,280,44577,22696,21881
32,594,thrissur,Total,10,50634,25691,24943,711,350,361,49923,25341,24582
32,594,thrissur,Total,11,50009,25505,24504,423,223,200,49586,25282,24304
32,594,thrissur,Total,12,47670,24356,23314,305,154,151,47365,24202,23163
32,594,thrissur,Total,13,51716,26176,25540,310,148,162,51406,26028,25378
32,594,thrissur,Total,14,50671,26045,24626,331,177,154,50340,25868,24472
32,594,thrissur,Total,15,49643,25120,24523,381,190,191,49262,24930,24332
32,594,thrissur,Total,16,47690,24427,23263,311,147,164,47379,24280,23099
32,594,thrissur,Total,17,48251,24473,23778,310,155,155,47941,24318,23623
32,594,thrissur,Total,18,47712,24299,23413,373,212,161,47339,24087,23252
32,594,thrissur,Total,19,46537,23556,22981,348,180,168,46189,23376,22813
32,594,thrissur,Total,20-24,239355,116293,123062,1982,1118,864,237373,115175,122198
32,594,thrissur,Total,25-29,226434,103198,123236,2221,1090,1131,224213,102108,122105
32,594,thrissur,Total,30-34,217204,97933,119271,2685,1212,1473,214519,96721,117798
32,594,thrissur,Total,35-39,242166,106832,135334,4439,1694,2745,237727,105138,132589
32,594,thrissur,Total,40-44,239311,110044,129267,6393,2347,4046,232918,107697,125221
32,594,thrissur,Total,45-49,233160,109457,123703,9695,3437,6258,223465,106020,117445
32,594,thrissur,Total,50-54,194664,92929,101735,10543,3438,7105,184121,89491,94630
32,594,thrissur,Total,55-59,168923,82900,86023,12775,3844,8931,156148,79056,77092
32,594,thrissur,Total,60-64,142384,67432,74952,15565,4296,11269,126819,63136,63683
32,594,thrissur,Total,65-69,99052,44405,54647,16693,4156,12537,82359,40249,42110
32,594,thrissur,Total,70-74,77623,32997,44626,15474,3764,11710,62149,29233,32916
32,594,thrissur,Total,75-79,53997,21454,32543,13146,3266,9880,40851,18188,22663
32,594,thrissur,Total,80+,55539,19501,36038,16243,3397,12846,39296,16104,23192
32,594,thrissur,Total,Age not stated,2963,1468,1495,485,255,230,2478,1213,1265
32,594,thrissur,Rural,All ages,1024794,488303,536491,159323,69683,89640,865471,418620,446851
32,594,thrissur,Rural,0-6,100977,51631,49346,100977,51631,49346,0,0,0
32,594,thrissur,Rural,7,14611,7536,7075,1797,943,854,12814,6593,6221
32,594,thrissur,Rural,8,14541,7426,7115,357,178,179,14184,7248,6936
32,594,thrissur,Rural,9,14994,7652,7342,193,109,84,14801,7543,7258
32,594,thrissur,Rural,10,16763,8479,8284,234,113,121,16529,8366,8163
32,594,thrissur,Rural,11,16418,8368,8050,140,81,59,16278,8287,7991
32,594,thrissur,Rural,12,15627,7918,7709,89,49,40,15538,7869,7669
32,594,thrissur,Rural,13,16917,8541,8376,92,43,49,16825,8498,8327
32,594,thrissur,Rural,14,16706,8607,8099,112,58,54,16594,8549,8045
32,594,thrissur,Rural,15,16413,8261,8152,109,48,61,16304,8213,8091
32,594,thrissur,Rural,16,15555,8076,7479,92,42,50,15463,8034,7429
32,594,thrissur,Rural,17,15423,7828,7595,112,57,55,15311,7771,7540
32,594,thrissur,Rural,18,15403,7853,7550,120,72,48,15283,7781,7502
32,594,thrissur,Rural,19,14939,7604,7335,98,44,54,14841,7560,7281
32,594,thrissur,Rural,20-24,77464,38022,39442,636,334,302,76828,37688,39140
32,594,thrissur,Rural,25-29,75457,34839,40618,786,382,404,74671,34457,40214
32,594,thrissur,Rural,30-34,72136,33290,38846,1013,442,571,71123,32848,38275
32,594,thrissur,Rural,35-39,79798,35713,44085,1849,695,1154,77949,35018,42931
32,594,thrissur,Rural,40-44,78526,36357,42169,2873,966,1907,75653,35391,40262
32,594,thrissur,Rural,45-49,76856,36167,40689,4461,1556,2905,72395,34611,37784
32,594,thrissur,Rural,50-54,63669,30675,32994,4842,1593,3249,58827,29082,29745
32,594,thrissur,Rural,55-59,54772,26844,27928,5798,1785,4013,48974,25059,23915
32,594,thrissur,Rural,60-64,45835,21367,24468,6735,1904,4831,39100,19463,19637
32,594,thrissur,Rural,65-69,32443,14456,17987,7112,1864,5248,25331,12592,12739
32,594,thrissur,Rural,70-74,25089,10545,14544,6415,1652,4763,18674,8893,9781
32,594,thrissur,Rural,75-79,17771,7044,10727,5452,1445,4007,12319,5599,6720
32,594,thrissur,Rural,80+,18778,6768,12010,6707,1555,5152,12071,5213,6858
32,594,thrissur,Rural,Age not stated,913,436,477,122,42,80,791,394,397
32,594,thrissur,Urban,All ages,2096406,992460,1103946,283329,128819,154510,1813077,863641,949436
32,594,thrissur,Urban,0-6,202973,104231,98742,202973,104231,98742,0,0,0
32,594,thrissur,Urban,7,29858,15273,14585,3225,1664,1561,26633,13609,13024
32,594,thrissur,Urban,8,29805,15209,14596,631,335,296,29174,14874,14300
32,594,thrissur,Urban,9,30133,15314,14819,357,161,196,29776,15153,14623
32,594,thrissur,Urban,10,33871,17212,16659,477,237,240,33394,16975,16419
32,594,thrissur,Urban,11,33591,17137,16454,283,142,141,33308,16995,16313
32,594,thrissur,Urban,12,32043,16438,15605,216,105,111,31827,16333,15494
32,594,thrissur,Urban,13,34799,17635,17164,218,105,113,34581,17530,17051
32,594,thrissur,Urban,14,33965,17438,16527,219,119,100,33746,17319,16427
32,594,thrissur,Urban,15,33230,16859,16371,272,142,130,32958,16717,16241
32,594,thrissur,Urban,16,32135,16351,15784,219,105,114,31916,16246,15670
32,594,thrissur,Urban,17,32828,16645,16183,198,98,100,32630,16547,16083
32,594,thrissur,Urban,18,32309,16446,15863,253,140,113,32056,16306,15750
32,594,thrissur,Urban,19,31598,15952,15646,250,136,114,31348,15816,15532
32,594,thrissur,Urban,20-24,161891,78271,83620,1346,784,562,160545,77487,83058
32,594,thrissur,Urban,25-29,150977,68359,82618,1435,708,727,149542,67651,81891
32,594,thrissur,Urban,30-34,145068,64643,80425,1672,770,902,143396,63873,79523
32,594,thrissur,Urban,35-39,162368,71119,91249,2590,999,1591,159778,70120,89658
32,594,thrissur,Urban,40-44,160785,73687,87098,3520,1381,2139,157265,72306,84959
32,594,thrissur,Urban,45-49,156304,73290,83014,5234,1881,3353,151070,71409,79661
32,594,thrissur,Urban,50-54,130995,62254,68741,5701,1845,3856,125294,60409,64885
32,594,thrissur,Urban,55-59,114151,56056,58095,6977,2059,4918,107174,53997,53177
32,594,thrissur,Urban,60-64,96549,46065,50484,8830,2392,6438,87719,43673,44046
32,594,thrissur,Urban,65-69,66609,29949,36660,9581,2292,7289,57028,27657,29371
32,594,thrissur,Urban,70-74,52534,22452,30082,9059,2112,6947,43475,20340,23135
32,594,thrissur,Urban,75-79,36226,14410,21816,7694,1821,5873,28532,12589,15943
32,594,thrissur,Urban,80+,36761,12733,24028,9536,1842,7694,27225,10891,16334
32,594,thrissur,Urban,Age not stated,2050,1032,1018,363,213,150,1687,819,868
32,595,ernakulam,Total,All ages,3282388,1619557,1662831,426712,193834,232878,2855676,1425723,1429953
32,595,ernakulam,Total,0-6,304242,155182,149060,304242,155182,149060,0,0,0
32,595,ernakulam,Total,7,44908,22872,22036,5248,2654,2594,39660,20218,19442
32,595,ernakulam,Total,8,45250,23070,22180,1117,584,533,44133,22486,21647
32,595,ernakulam,Total,9,46606,23777,22829,568,288,280,46038,23489,22549
32,595,ernakulam,Total,10,51310,26162,25148,767,404,363,50543,25758,24785
32,595,ernakulam,Total,11,50979,25971,25008,456,232,224,50523,25739,24784
32,595,ernakulam,Total,12,47982,24693,23289,348,175,173,47634,24518,23116
32,595,ernakulam,Total,13,52207,26576,25631,360,168,192,51847,26408,25439
32,595,ernakulam,Total,14,49731,25340,24391,367,192,175,49364,25148,24216
32,595,ernakulam,Total,15,48667,24870,23797,369,174,195,48298,24696,23602
32,595,ernakulam,Total,16,45523,23313,22210,336,151,185,45187,23162,22025
32,595,ernakulam,Total,17,45114,23138,21976,290,156,134,44824,22982,21842
32,595,ernakulam,Total,18,45572,23727,21845,399,237,162,45173,23490,21683
32,595,ernakulam,Total,19,44697,23529,21168,371,228,143,44326,23301,21025
32,595,ernakulam,Total,20-24,235855,121109,114746,2491,1440,1051,233364,119669,113695
32,595,ernakulam,Total,25-29,238325,116775,121550,2617,1323,1294,235708,115452,120256
32,595,ernakulam,Total,30-34,239287,116713,122574,2817,1352,1465,236470,115361,121109
32,595,ernakulam,Total,35-39,262692,124545,138147,4011,1757,2254,258681,122788,135893
32,595,ernakulam,Total,40-44,266293,130357,135936,5115,2118,2997,261178,128239,132939
32,595,ernakulam,Total,45-49,256448,126876,129572,7079,2549,4530,249369,124327,125042
32,595,ernakulam,Total,50-54,215067,107761,107306,8044,2695,5349,207023,105066,101957
32,595,ernakulam,Total,55-59,192149,97746,94403,10183,2949,7234,181966,94797,87169
32,595,ernakulam,Total,60-64,149443,73548,75895,12607,3337,9270,136836,70211,66625
32,595,ernakulam,Total,65-69,103428,48357,55071,13941,3348,10593,89487,45009,44478
32,595,ernakulam,Total,70-74,79552,35457,44095,13807,3348,10459,65745,32109,33636
32,595,ernakulam,Total,75-79,55915,23493,32422,11843,2903,8940,44072,20590,23482
32,595,ernakulam,Total,80+,62456,23351,39105,16647,3803,12844,45809,19548,26261
32,595,ernakulam,Total,Age not stated,2690,1249,1441,272,87,185,2418,1162,1256
32,595,ernakulam,Rural,All ages,1048025,518510,529515,139617,62540,77077,908408,455970,452438
32,595,ernakulam,Rural,0-6,93614,47778,45836,93614,47778,45836,0,0,0
32,595,ernakulam,Rural,7,14160,7190,6970,1815,946,869,12345,6244,6101
32,595,ernakulam,Rural,8,14158,7129,7029,390,214,176,13768,6915,6853
32,595,ernakulam,Rural,9,14794,7558,7236,186,100,86,14608,7458,7150
32,595,ernakulam,Rural,10,16376,8307,8069,223,111,112,16153,8196,7957
32,595,ernakulam,Rural,11,16126,8156,7970,152,75,77,15974,8081,7893
32,595,ernakulam,Rural,12,15325,7832,7493,114,54,60,15211,7778,7433
32,595,ernakulam,Rural,13,16802,8571,8231,116,57,59,16686,8514,8172
32,595,ernakulam,Rural,14,16143,8202,7941,125,70,55,16018,8132,7886
32,595,ernakulam,Rural,15,15675,8041,7634,111,48,63,15564,7993,7571
32,595,ernakulam,Rural,16,14651,7445,7206,107,50,57,14544,7395,7149
32,595,ernakulam,Rural,17,14561,7493,7068,77,44,33,14484,7449,7035
32,595,ernakulam,Rural,18,14345,7571,6774,128,71,57,14217,7500,6717
32,595,ernakulam,Rural,19,13928,7477,6451,113,64,49,13815,7413,6402
32,595,ernakulam,Rural,20-24,72376,37765,34611,851,504,347,71525,37261,34264
32,595,ernakulam,Rural,25-29,72432,35680,36752,924,476,448,71508,35204,36304
32,595,ernakulam,Rural,30-34,72699,36008,36691,935,470,465,71764,35538,36226
32,595,ernakulam,Rural,35-39,81192,38594,42598,1199,547,652,79993,38047,41946
32,595,ernakulam,Rural,40-44,84149,41040,43109,1584,690,894,82565,40350,42215
32,595,ernakulam,Rural,45-49,84173,41648,42525,2390,846,1544,81783,40802,40981
32,595,ernakulam,Rural,50-54,69898,34978,34920,2785,914,1871,67113,34064,33049
32,595,ernakulam,Rural,55-59,62842,32142,30700,3600,1051,2549,59242,31091,28151
32,595,ernakulam,Rural,60-64,48277,23915,24362,4589,1286,3303,43688,22629,21059
32,595,ernakulam,Rural,65-69,34930,16317,18613,5317,1323,3994,29613,14994,14619
32,595,ernakulam,Rural,70-74,27797,12421,15376,5588,1471,4117,22209,10950,11259
32,595,ernakulam,Rural,75-79,20752,8903,11849,5042,1359,3683,15710,7544,8166
32,595,ernakulam,Rural,80+,25116,10030,15086,7438,1896,5542,17678,8134,9544
32,595,ernakulam,Rural,Age not stated,734,319,415,104,25,79,630,294,336
32,595,ernakulam,Urban,All ages,2234363,1101047,1133316,287095,131294,155801,1947268,969753,977515
32,595,ernakulam,Urban,0-6,210628,107404,103224,210628,107404,103224,0,0,0
32,595,ernakulam,Urban,7,30748,15682,15066,3433,1708,1725,27315,13974,13341
32,595,ernakulam,Urban,8,31092,15941,15151,727,370,357,30365,15571,14794
32,595,ernakulam,Urban,9,31812,16219,15593,382,188,194,31430,16031,15399
32,595,ernakulam,Urban,10,34934,17855,17079,544,293,251,34390,17562,16828
32,595,ernakulam,Urban,11,34853,17815,17038,304,157,147,34549,17658,16891
32,595,ernakulam,Urban,12,32657,16861,15796,234,121,113,32423,16740,15683
32,595,ernakulam,Urban,13,35405,18005,17400,244,111,133,35161,17894,17267
32,595,ernakulam,Urban,14,33588,17138,16450,242,122,120,33346,17016,16330
32,595,ernakulam,Urban,15,32992,16829,16163,258,126,132,32734,16703,16031
32,595,ernakulam,Urban,16,30872,15868,15004,229,101,128,30643,15767,14876
32,595,ernakulam,Urban,17,30553,15645,14908,213,112,101,30340,15533,14807
32,595,ernakulam,Urban,18,31227,16156,15071,271,166,105,30956,15990,14966
32,595,ernakulam,Urban,19,30769,16052,14717,258,164,94,30511,15888,14623
32,595,ernakulam,Urban,20-24,163479,83344,80135,1640,936,704,161839,82408,79431
32,595,ernakulam,Urban,25-29,165893,81095,84798,1693,847,846,164200,80248,83952
32,595,ernakulam,Urban,30-34,166588,80705,85883,1882,882,1000,164706,79823,84883
32,595,ernakulam,Urban,35-39,181500,85951,95549,2812,1210,1602,178688,84741,93947
32,595,ernakulam,Urban,40-44,182144,89317,92827,3531,1428,2103,178613,87889,90724
32,595,ernakulam,Urban,45-49,172275,85228,87047,4689,1703,2986,167586,83525,84061
32,595,ernakulam,Urban,50-54,145169,72783,72386,5259,1781,3478,139910,71002,68908
32,595,ernakulam,Urban,55-59,129307,65604,63703,6583,1898,4685,122724,63706,59018
32,595,ernakulam,Urban,60-64,101166,49633,51533,8018,2051,5967,93148,47582,45566
32,595,ernakulam,Urban,65-69,68498,32040,36458,8624,2025,6599,59874,30015,29859
32,595,ernakulam,Urban,70-74,51755,23036,28719,8219,1877,6342,43536,21159,22377
32,595,ernakulam,Urban,75-79,35163,14590,20573,6801,1544,5257,28362,13046,15316
32,595,ernakulam,Urban,80+,37340,13321,24019,9209,1907,7302,28131,11414,16717
32,595,ernakulam,Urban,Age not stated,1956,930,1026,168,62,106,1788,868,920
32,596,idukki,Total,All ages,1108974,552808,556166,185964,80927,105037,923010,471881,451129
32,596,idukki,Total,0-6,105641,53785,51856,105641,53785,51856,0,0,0
32,596,idukki,Total,7,16560,8442,8118,2385,1221,1164,14175,7221,6954
32,596,idukki,Total,8,16269,8380,7889,605,324,281,15664,8056,7608
32,596,idukki,Total,9,17010,8576,8434,335,174,161,16675,8402,8273
32,596,idukki,Total,10,19175,9794,9381,418,213,205,18757,9581,9176
32,596,idukki,Total,11,18426,9332,9094,249,128,121,18177,9204,8973
32,596,idukki,Total,12,17996,9223,8773,183,87,96,17813,9136,8677
32,596,idukki,Total,13,18482,9359,9123,154,83,71,18328,9276,9052
32,596,idukki,Total,14,17779,9055,8724,172,65,107,17607,8990,8617
32,596,idukki,Total,15,17154,8733,8421,211,103,108,16943,8630,8313
32,596,idukki,Total,16,16158,8247,7911,185,94,91,15973,8153,7820
32,596,idukki,Total,17,15263,7765,7498,168,69,99,15095,7696,7399
32,596,idukki,Total,18,15847,8201,7646,267,101,166,15580,8100,7480
32,596,idukki,Total,19,15282,7997,7285,258,94,164,15024,7903,7121
32,596,idukki,Total,20-24,81667,41758,39909,2006,727,1279,79661,41031,38630
32,596,idukki,Total,25-29,85747,43333,42414,2843,1027,1816,82904,42306,40598
32,596,idukki,Total,30-34,83361,41198,42163,3343,1129,2214,80018,40069,39949
32,596,idukki,Total,35-39,94420,45273,49147,5932,1901,4031,88488,43372,45116
32,596,idukki,Total,40-44,88118,43562,44556,6815,2298,4517,81303,41264,40039
32,596,idukki,Total,45-49,86264,42405,43859,9235,3069,6166,77029,39336,37693
32,596,idukki,Total,50-54,72116,36153,35963,8354,2844,5510,63762,33309,30453
32,596,idukki,Total,55-59,60796,31521,29275,8409,2968,5441,52387,28553,23834
32,596,idukki,Total,60-64,42600,21778,20822,6722,2286,4436,35878,19492,16386
32,596,idukki,Total,65-69,30790,14248,16542,6543,1903,4640,24247,12345,11902
32,596,idukki,Total,70-74,22129,10163,11966,5038,1511,3527,17091,8652,8439
32,596,idukki,Total,75-79,15168,6518,8650,3986,1124,2862,11182,5394,5788
32,596,idukki,Total,80+,17872,7510,10362,5366,1520,3846,12506,5990,6516
32,596,idukki,Total,Age not stated,884,499,385,141,79,62,743,420,323
32,596,idukki,Rural,All ages,1056929,527245,529684,178718,77603,101115,878211,449642,428569
32,596,idukki,Rural,0-6,100459,51160,49299,100459,51160,49299,0,0,0
32,596,idukki,Rural,7,15787,8049,7738,2279,1170,1109,13508,6879,6629
32,596,idukki,Rural,8,15414,7929,7485,584,312,272,14830,7617,7213
32,596,idukki,Rural,9,16191,8165,8026,323,169,154,15868,7996,7872
32,596,idukki,Rural,10,18309,9340,8969,404,207,197,17905,9133,8772
32,596,idukki,Rural,11,17598,8924,8674,239,125,114,17359,8799,8560
32,596,idukki,Rural,12,17122,8790,8332,177,85,92,16945,8705,8240
32,596,idukki,Rural,13,17605,8908,8697,152,82,70,17453,8826,8627
32,596,idukki,Rural,14,16910,8622,8288,167,65,102,16743,8557,8186
32,596,idukki,Rural,15,16336,8344,7992,206,100,106,16130,8244,7886
32,596,idukki,Rural,16,15392,7849,7543,183,94,89,15209,7755,7454
32,596,idukki,Rural,17,14512,7367,7145,163,66,97,14349,7301,7048
32,596,idukki,Rural,18,15025,7793,7232,262,97,165,14763,7696,7067
32,596,idukki,Rural,19,14564,7637,6927,255,91,164,14309,7546,6763
32,596,idukki,Rural,20-24,77806,39782,38024,1950,686,1264,75856,39096,36760
32,596,idukki,Rural,25-29,82003,41514,40489,2799,1003,1796,79204,40511,38693
32,596,idukki,Rural,30-34,79769,39545,40224,3298,1111,2187,76471,38434,38037
32,596,idukki,Rural,35-39,90169,43257,46912,5866,1875,3991,84303,41382,42921
32,596,idukki,Rural,40-44,84155,41627,42528,6718,2251,4467,77437,39376,38061
32,596,idukki,Rural,45-49,82413,40467,41946,9115,3021,6094,73298,37446,35852
32,596,idukki,Rural,50-54,68821,34555,34266,8217,2793,5424,60604,31762,28842
32,596,idukki,Rural,55-59,57849,30006,27843,8227,2922,5305,49622,27084,22538
32,596,idukki,Rural,60-64,40426,20693,19733,6507,2226,4281,33919,18467,15452
32,596,idukki,Rural,65-69,29261,13527,15734,6302,1846,4456,22959,11681,11278
32,596,idukki,Rural,70-74,20955,9623,11332,4824,1450,3374,16131,8173,7958
32,596,idukki,Rural,75-79,14347,6189,8158,3797,1069,2728,10550,5120,5430
32,596,idukki,Rural,80+,16911,7115,9796,5114,1452,3662,11797,5663,6134
32,596,idukki,Rural,Age not stated,820,468,352,131,75,56,689,393,296
32,596,idukki,Urban,All ages,52045,25563,26482,7246,3324,3922,44799,22239,22560
32,596,idukki,Urban,0-6,5182,2625,2557,5182,2625,2557,0,0,0
32,596,idukki,Urban,7,773,393,380,106,51,55,667,342,325
32,596,idukki,Urban,8,855,451,404,21,12,9,834,439,395
32,596,idukki,Urban,9,819,411,408,12,5,7,807,406,401
32,596,idukki,Urban,10,866,454,412,14,6,8,852,448,404
32,596,idukki,Urban,11,828,408,420,10,3,7,818,405,413
32,596,idukki,Urban,12,874,433,441,6,2,4,868,431,437
32,596,idukki,Urban,13,877,451,426,2,1,1,875,450,425
32,596,idukki,Urban,14,869,433,436,5,0,5,864,433,431
32,596,idukki,Urban,15,818,389,429,5,3,2,813,386,427
32,596,idukki,Urban,16,766,398,368,2,0,2,764,398,366
32,596,idukki,Urban,17,751,398,353,5,3,2,746,395,351
32,596,idukki,Urban,18,822,408,414,5,4,1,817,404,413
32,596,idukki,Urban,19,718,360,358,3,3,0,715,357,358
32,596,idukki,Urban,20-24,3861,1976,1885,56,41,15,3805,1935,1870
32,596,idukki,Urban,25-29,3744,1819,1925,44,24,20,3700,1795,1905
32,596,idukki,Urban,30-34,3592,1653,1939,45,18,27,3547,1635,1912
32,596,idukki,Urban,35-39,4251,2016,2235,66,26,40,4185,1990,2195
32,596,idukki,Urban,40-44,3963,1935,2028,97,47,50,3866,1888,1978
32,596,idukki,Urban,45-49,3851,1938,1913,120,48,72,3731,1890,1841
32,596,idukki,Urban,50-54,3295,1598,1697,137,51,86,3158,1547,1611
32,596,idukki,Urban,55-59,2947,1515,1432,182,46,136,2765,1469,1296
32,596,idukki,Urban,60-64,2174,1085,1089,215,60,155,1959,1025,934
32,596,idukki,Urban,65-69,1529,721,808,241,57,184,1288,664,624
32,596,idukki,Urban,70-74,1174,540,634,214,61,153,960,479,481
32,596,idukki,Urban,75-79,821,329,492,189,55,134,632,274,358
32,596,idukki,Urban,80+,961,395,566,252,68,184,709,327,382
32,596,idukki,Urban,Age not stated,64,31,33,10,4,6,54,27,27
32,597,kottayam,Total,All ages,1974551,968289,1006262,224753,106697,118056,1749798,861592,888206
32,597,kottayam,Total,0-6,174486,88823,85663,174486,88823,85663,0,0,0
32,597,kottayam,Total,7,27460,13895,13565,3065,1575,1490,24395,12320,12075
32,597,kottayam,Total,8,27603,14165,13438,597,309,288,27006,13856,13150
32,597,kottayam,Total,9,28385,14489,13896,362,184,178,28023,14305,13718
32,597,kottayam,Total,10,31189,15856,15333,518,258,260,30671,15598,15073
32,597,kottayam,Total,11,31275,15827,15448,322,180,142,30953,15647,15306
32,597,kottayam,Total,12,29981,15314,14667,229,107,122,29752,15207,14545
32,597,kottayam,Total,13,32232,16189,16043,251,139,112,31981,16050,15931
32,597,kottayam,Total,14,31238,15927,15311,235,120,115,31003,15807,15196
32,597,kottayam,Total,15,30275,15386,14889,268,127,141,30007,15259,14748
32,597,kottayam,Total,16,28402,14546,13856,213,106,107,28189,14440,13749
32,597,kottayam,Total,17,28074,14401,13673,180,91,89,27894,14310,13584
32,597,kottayam,Total,18,26919,14265,12654,234,125,109,26685,14140,12545
32,597,kottayam,Total,19,25026,13501,11525,208,119,89,24818,13382,11436
32,597,kottayam,Total,20-24,129329,68170,61159,1297,761,536,128032,67409,60623
32,597,kottayam,Total,25-29,129779,63724,66055,1412,768,644,128367,62956,65411
32,597,kottayam,Total,30-34,132945,63546,69399,1483,749,734,131462,62797,68665
32,597,kottayam,Total,35-39,152837,71558,81279,1991,941,1050,150846,70617,80229
32,597,kottayam,Total,40-44,156328,75162,81166,2487,1130,1357,153841,74032,79809
32,597,kottayam,Total,45-49,154192,74632,79560,3231,1341,1890,150961,73291,77670
32,597,kottayam,Total,50-54,132330,65223,67107,3132,1250,1882,129198,63973,65225
32,597,kottayam,Total,55-59,120629,60260,60369,3641,1351,2290,116988,58909,58079
32,597,kottayam,Total,60-64,97534,47795,49739,4123,1256,2867,93411,46539,46872
32,597,kottayam,Total,65-69,70803,33301,37502,4970,1258,3712,65833,32043,33790
32,597,kottayam,Total,70-74,54951,25011,29940,4766,1183,3583,50185,23828,26357
32,597,kottayam,Total,75-79,40020,17062,22958,4352,1033,3319,35668,16029,19639
32,597,kottayam,Total,80+,48781,19500,29281,6558,1358,5200,42223,18142,24081
32,597,kottayam,Total,Age not stated,1548,761,787,142,55,87,1406,706,700
32,597,kottayam,Rural,All ages,1409158,692673,716485,162383,77222,85161,1246775,615451,631324
32,597,kottayam,Rural,0-6,125143,63745,61398,125143,63745,61398,0,0,0
32,597,kottayam,Rural,7,19685,9885,9800,2278,1182,1096,17407,8703,8704
32,597,kottayam,Rural,8,19670,10128,9542,453,237,216,19217,9891,9326
32,597,kottayam,Rural,9,20002,10183,9819,262,142,120,19740,10041,9699
32,597,kottayam,Rural,10,22254,11305,10949,364,182,182,21890,11123,10767
32,597,kottayam,Rural,11,22084,11237,10847,232,127,105,21852,11110,10742
32,597,kottayam,Rural,12,21187,10871,10316,170,84,86,21017,10787,10230
32,597,kottayam,Rural,13,22869,11381,11488,164,90,74,22705,11291,11414
32,597,kottayam,Rural,14,22251,11327,10924,174,84,90,22077,11243,10834
32,597,kottayam,Rural,15,21325,10859,10466,215,105,110,21110,10754,10356
32,597,kottayam,Rural,16,19875,10202,9673,149,77,72,19726,10125,9601
32,597,kottayam,Rural,17,19509,10026,9483,131,61,70,19378,9965,9413
32,597,kottayam,Rural,18,18728,9933,8795,178,102,76,18550,9831,8719
32,597,kottayam,Rural,19,17472,9502,7970,159,98,61,17313,9404,7909
32,597,kottayam,Rural,20-24,90309,47903,42406,939,575,364,89370,47328,42042
32,597,kottayam,Rural,25-29,92322,45383,46939,1037,590,447,91285,44793,46492
32,597,kottayam,Rural,30-34,95685,46113,49572,1078,556,522,94607,45557,49050
32,597,kottayam,Rural,35-39,109779,51617,58162,1480,718,762,108299,50899,57400
32,597,kottayam,Rural,40-44,111916,54106,57810,1825,857,968,110091,53249,56842
32,597,kottayam,Rural,45-49,110776,53629,57147,2402,1018,1384,108374,52611,55763
32,597,kottayam,Rural,50-54,94819,46814,48005,2292,936,1356,92527,45878,46649
32,597,kottayam,Rural,55-59,86563,43249,43314,2706,1019,1687,83857,42230,41627
32,597,kottayam,Rural,60-64,69435,34139,35296,2998,935,2063,66437,33204,33233
32,597,kottayam,Rural,65-69,50343,23889,26454,3643,951,2692,46700,22938,23762
32,597,kottayam,Rural,70-74,39287,17879,21408,3528,890,2638,35759,16989,18770
32,597,kottayam,Rural,75-79,28857,12321,16536,3247,755,2492,25610,11566,14044
32,597,kottayam,Rural,80+,35992,14536,21456,5030,1063,3967,30962,13473,17489
32,597,kottayam,Rural,Age not stated,1021,511,510,106,43,63,915,468,447
32,597,kottayam,Urban,All ages,565393,275616,289777,62370,29475,32895,503023,246141,256882
32,597,kottayam,Urban,0-6,49343,25078,24265,49343,25078,24265,0,0,0
32,597,kottayam,Urban,7,7775,4010,3765,787,393,394,6988,3617,3371
32,597,kottayam,Urban,8,7933,4037,3896,144,72,72,7789,3965,3824
32,597,kottayam,Urban,9,8383,4306,4077,100,42,58,8283,4264,4019
32,597,kottayam,Urban,10,8935,4551,4384,154,76,78,8781,4475,4306
32,597,kottayam,Urban,11,9191,4590,4601,90,53,37,9101,4537,4564
32,597,kottayam,Urban,12,8794,4443,4351,59,23,36,8735,4420,4315
32,597,kottayam,Urban,13,9363,4808,4555,87,49,38,9276,4759,4517
32,597,kottayam,Urban,14,8987,4600,4387,61,36,25,8926,4564,4362
32,597,kottayam,Urban,15,8950,4527,4423,53,22,31,8897,4505,4392
32,597,kottayam,Urban,16,8527,4344,4183,64,29,35,8463,4315,4148
32,597,kottayam,Urban,17,8565,4375,4190,49,30,19,8516,4345,4171
32,597,kottayam,Urban,18,8191,4332,3859,56,23,33,8135,4309,3826
32,597,kottayam,Urban,19,7554,3999,3555,49,21,28,7505,3978,3527
32,597,kottayam,Urban,20-24,39020,20267,18753,358,186,172,38662,20081,18581
32,597,kottayam,Urban,25-29,37457,18341,19116,375,178,197,37082,18163,18919
32,597,kottayam,Urban,30-34,37260,17433,19827,405,193,212,36855,17240,19615
32,597,kottayam,Urban,35-39,43058,19941,23117,511,223,288,42547,19718,22829
32,597,kottayam,Urban,40-44,44412,21056,23356,662,273,389,43750,20783,22967
32,597,kottayam,Urban,45-49,43416,21003,22413,829,323,506,42587,20680,21907
32,597,kottayam,Urban,50-54,37511,18409,19102,840,314,526,36671,18095,18576
32,597,kottayam,Urban,55-59,34066,17011,17055,935,332,603,33131,16679,16452
32,597,kottayam,Urban,60-64,28099,13656,14443,1125,321,804,26974,13335,13639
32,597,kottayam,Urban,65-69,20460,9412,11048,1327,307,1020,19133,9105,10028
32,597,kottayam,Urban,70-74,15664,7132,8532,1238,293,945,14426,6839,7587
32,597,kottayam,Urban,75-79,11163,4741,6422,1105,278,827,10058,4463,5595
32,597,kottayam,Urban,80+,12789,4964,7825,1528,295,1233,11261,4669,6592
32,597,kottayam,Urban,Age not stated,527,250,277,36,12,24,491,238,253
32,598,alappuzha,Total,All ages,2127789,1013142,1114647,274992,122590,152402,1852797,890552,962245
32,598,alappuzha,Total,0-6,192046,98444,93602,192046,98444,93602,0,0,0
32,598,alappuzha,Total,7,29106,14932,14174,3276,1716,1560,25830,13216,12614
32,598,alappuzha,Total,8,29529,15076,14453,666,339,327,28863,14737,14126
32,598,alappuzha,Total,9,30051,15259,14792,388,189,199,29663,15070,14593
32,598,alappuzha,Total,10,33669,17125,16544,601,315,286,33068,16810,16258
32,598,alappuzha,Total,11,33758,16992,16766,347,168,179,33411,16824,16587
32,598,alappuzha,Total,12,31878,16226,15652,261,118,143,31617,16108,15509
32,598,alappuzha,Total,13,33741,17130,16611,268,135,133,33473,16995,16478
32,598,alappuzha,Total,14,32501,16806,15695,266,138,128,32235,16668,15567
32,598,alappuzha,Total,15,30913,15742,15171,237,116,121,30676,15626,15050
32,598,alappuzha,Total,16,29366,15015,14351,232,134,98,29134,14881,14253
32,598,alappuzha,Total,17,29890,15235,14655,209,104,105,29681,15131,14550
32,598,alappuzha,Total,18,29373,15265,14108,215,124,91,29158,15141,14017
32,598,alappuzha,Total,19,27966,14295,13671,212,114,98,27754,14181,13573
32,598,alappuzha,Total,20-24,146758,72479,74279,1249,625,624,145509,71854,73655
32,598,alappuzha,Total,25-29,150967,69517,81450,1505,733,772,149462,68784,80678
32,598,alappuzha,Total,30-34,153465,70438,83027,1814,827,987,151651,69611,82040
32,598,alappuzha,Total,35-39,168866,75029,93837,2601,974,1627,166265,74055,92210
32,598,alappuzha,Total,40-44,163706,74902,88804,3757,1383,2374,159949,73519,86430
32,598,alappuzha,Total,45-49,162485,75544,86941,5715,1971,3744,156770,73573,83197
32,598,alappuzha,Total,50-54,134926,63861,71065,6022,1896,4126,128904,61965,66939
32,598,alappuzha,Total,55-59,128419,62876,65543,7405,2142,5263,121014,60734,60280
32,598,alappuzha,Total,60-64,107060,51767,55293,8831,2251,6580,98229,49516,48713
32,598,alappuzha,Total,65-69,73923,34042,39881,9679,2189,7490,64244,31853,32391
32,598,alappuzha,Total,70-74,56333,24960,31373,9188,1927,7261,47145,23033,24112
32,598,alappuzha,Total,75-79,39785,16557,23228,7508,1593,5915,32277,14964,17313
32,598,alappuzha,Total,80+,45145,16581,28564,10267,1838,8429,34878,14743,20135
32,598,alappuzha,Total,Age not stated,2164,1047,1117,227,87,140,1937,960,977
32,598,alappuzha,Rural,All ages,979643,464713,514930,127173,57300,69873,852470,407413,445057
32,598,alappuzha,Rural,0-6,89414,45728,43686,89414,45728,43686,0,0,0
32,598,alappuzha,Rural,7,13471,6873,6598,1434,752,682,12037,6121,5916
32,598,alappuzha,Rural,8,13514,6883,6631,328,177,151,13186,6706,6480
32,598,alappuzha,Rural,9,13696,6923,6773,151,69,82,13545,6854,6691
32,598,alappuzha,Rural,10,15398,7860,7538,281,146,135,15117,7714,7403
32,598,alappuzha,Rural,11,15307,7672,7635,174,86,88,15133,7586,7547
32,598,alappuzha,Rural,12,14629,7482,7147,112,50,62,14517,7432,7085
32,598,alappuzha,Rural,13,15515,7821,7694,120,64,56,15395,7757,7638
32,598,alappuzha,Rural,14,14945,7750,7195,134,79,55,14811,7671,7140
32,598,alappuzha,Rural,15,14186,7182,7004,117,63,54,14069,7119,6950
32,598,alappuzha,Rural,16,13633,6996,6637,115,67,48,13518,6929,6589
32,598,alappuzha,Rural,17,13638,6972,6666,98,52,46,13540,6920,6620
32,598,alappuzha,Rural,18,13326,6932,6394,99,55,44,13227,6877,6350
32,598,alappuzha,Rural,19,12657,6480,6177,100,50,50,12557,6430,6127
32,598,alappuzha,Rural,20-24,66024,32797,33227,578,299,279,65446,32498,32948
32,598,alappuzha,Rural,25-29,68401,30811,37590,724,348,376,67677,30463,37214
32,598,alappuzha,Rural,30-34,70407,32173,38234,869,412,457,69538,31761,37777
32,598,alappuzha,Rural,35-39,76655,33788,42867,1180,463,717,75475,33325,42150
32,598,alappuzha,Rural,40-44,74248,33787,40461,1734,670,1064,72514,33117,39397
32,598,alappuzha,Rural,45-49,74469,34478,39991,2591,963,1628,71878,33515,38363
32,598,alappuzha,Rural,50-54,61638,28953,32685,2727,914,1813,58911,28039,30872
32,598,alappuzha,Rural,55-59,59360,28900,30460,3284,1002,2282,56076,27898,28178
32,598,alappuzha,Rural,60-64,50245,24201,26044,3908,1051,2857,46337,23150,23187
32,598,alappuzha,Rural,65-69,35201,16358,18843,4373,1090,3283,30828,15268,15560
32,598,alappuzha,Rural,70-74,26762,11943,14819,4097,919,3178,22665,11024,11641
32,598,alappuzha,Rural,75-79,19352,8092,11260,3513,769,2744,15839,7323,8516
32,598,alappuzha,Rural,80+,22317,8290,14027,4815,925,3890,17502,7365,10137
32,598,alappuzha,Rural,Age not stated,1235,588,647,103,37,66,1132,551,581
32,598,alappuzha,Urban,All ages,1148146,548429,599717,147819,65290,82529,1000327,483139,517188
32,598,alappuzha,Urban,0-6,102632,52716,49916,102632,52716,49916,0,0,0
32,598,alappuzha,Urban,7,15635,8059,7576,1842,964,878,13793,7095,6698
32,598,alappuzha,Urban,8,16015,8193,7822,338,162,176,15677,8031,7646
32,598,alappuzha,Urban,9,16355,8336,8019,237,120,117,16118,8216,7902
32,598,alappuzha,Urban,10,18271,9265,9006,320,169,151,17951,9096,8855
32,598,alappuzha,Urban,11,18451,9320,9131,173,82,91,18278,9238,9040
32,598,alappuzha,Urban,12,17249,8744,8505,149,68,81,17100,8676,8424
32,598,alappuzha,Urban,13,18226,9309,8917,148,71,77,18078,9238,8840
32,598,alappuzha,Urban,14,17556,9056,8500,132,59,73,17424,8997,8427
32,598,alappuzha,Urban,15,16727,8560,8167,120,53,67,16607,8507,8100
32,598,alappuzha,Urban,16,15733,8019,7714,117,67,50,15616,7952,7664
32,598,alappuzha,Urban,17,16252,8263,7989,111,52,59,16141,8211,7930
32,598,alappuzha,Urban,18,16047,8333,7714,116,69,47,15931,8264,7667
32,598,alappuzha,Urban,19,15309,7815,7494,112,64,48,15197,7751,7446
32,598,alappuzha,Urban,20-24,80734,39682,41052,671,326,345,80063,39356,40707
32,598,alappuzha,Urban,25-29,82566,38706,43860,781,385,396,81785,38321,43464
32,598,alappuzha,Urban,30-34,83058,38265,44793,945,415,530,82113,37850,44263
32,598,alappuzha,Urban,35-39,92211,41241,50970,1421,511,910,90790,40730,50060
32,598,alappuzha,Urban,40-44,89458,41115,48343,2023,713,1310,87435,40402,47033
32,598,alappuzha,Urban,45-49,88016,41066,46950,3124,1008,2116,84892,40058,44834
32,598,alappuzha,Urban,50-54,73288,34908,38380,3295,982,2313,69993,33926,36067
32,598,alappuzha,Urban,55-59,69059,33976,35083,4121,1140,2981,64938,32836,32102
32,598,alappuzha,Urban,60-64,56815,27566,29249,4923,1200,3723,51892,26366,25526
32,598,alappuzha,Urban,65-69,38722,17684,21038,5306,1099,4207,33416,16585,16831
32,598,alappuzha,Urban,70-74,29571,13017,16554,5091,1008,4083,24480,12009,12471
32,598,alappuzha,Urban,75-79,20433,8465,11968,3995,824,3171,16438,7641,8797
32,598,alappuzha,Urban,80+,22828,8291,14537,5452,913,4539,17376,7378,9998
32,598,alappuzha,Urban,Age not stated,929,459,470,124,50,74,805,409,396
32,599,pathanamthitta,Total,All ages,1197412,561716,635696,134859,62535,72324,1062553,499181,563372
32,599,pathanamthitta,Total,0-6,96837,49002,47835,96837,49002,47835,0,0,0
32,599,pathanamthitta,Total,7,15295,7793,7502,1481,783,698,13814,7010,6804
32,599,pathanamthitta,Total,8,15260,7847,7413,313,173,140,14947,7674,7273
32,599,pathanamthitta,Total,9,15963,8243,7720,201,109,92,15762,8134,7628
32,599,pathanamthitta,Total,10,17604,8929,8675,304,165,139,17300,8764,8536
32,599,pathanamthitta,Total,11,17566,8918,8648,190,103,87,17376,8815,8561
32,599,pathanamthitta,Total,12,17360,8839,8521,161,77,84,17199,8762,8437
32,599,pathanamthitta,Total,13,18718,9456,9262,152,73,79,18566,9383,9183
32,599,pathanamthitta,Total,14,18067,9153,8914,144,72,72,17923,9081,8842
32,599,pathanamthitta,Total,15,17969,9122,8847,157,92,65,17812,9030,8782
32,599,pathanamthitta,Total,16,17203,8628,8575,135,70,65,17068,8558,8510
32,599,pathanamthitta,Total,17,17267,8734,8533,123,65,58,17144,8669,8475
32,599,pathanamthitta,Total,18,16211,8497,7714,138,73,65,16073,8424,7649
32,599,pathanamthitta,Total,19,15859,8407,7452,128,76,52,15731,8331,7400
32,599,pathanamthitta,Total,20-24,82770,41860,40910,827,414,413,81943,41446,40497
32,599,pathanamthitta,Total,25-29,79258,36071,43187,1030,508,522,78228,35563,42665
32,599,pathanamthitta,Total,30-34,78280,34401,43879,1175,545,630,77105,33856,43249
32,599,pathanamthitta,Total,35-39,87475,37466,50009,1779,747,1032,85696,36719,48977
32,599,pathanamthitta,Total,40-44,88083,38251,49832,2084,846,1238,85999,37405,48594
32,599,pathanamthitta,Total,45-49,92323,41026,51297,2919,1126,1793,89404,39900,49504
32,599,pathanamthitta,Total,50-54,79426,36511,42915,2795,1083,1712,76631,35428,41203
32,599,pathanamthitta,Total,55-59,78078,37255,40823,3191,1184,2007,74887,36071,38816
32,599,pathanamthitta,Total,60-64,64733,31189,33544,3384,1148,2236,61349,30041,31308
32,599,pathanamthitta,Total,65-69,48508,22448,26060,3795,1091,2704,44713,21357,23356
32,599,pathanamthitta,Total,70-74,37326,17014,20312,3441,938,2503,33885,16076,17809
32,599,pathanamthitta,Total,75-79,28439,12294,16145,3045,797,2248,25394,11497,13897
32,599,pathanamthitta,Total,80+,34377,13761,20616,4805,1110,3695,29572,12651,16921
32,599,pathanamthitta,Total,Age not stated,1157,601,556,125,65,60,1032,536,496
32,599,pathanamthitta,Rural,All ages,1065799,499820,565979,120448,55798,64650,945351,444022,501329
32,599,pathanamthitta,Rural,0-6,86181,43601,42580,86181,43601,42580,0,0,0
32,599,pathanamthitta,Rural,7,13651,6953,6698,1331,707,624,12320,6246,6074
32,599,pathanamthitta,Rural,8,13459,6920,6539,280,154,126,13179,6766,6413
32,599,pathanamthitta,Rural,9,14187,7307,6880,177,100,77,14010,7207,6803
32,599,pathanamthitta,Rural,10,15637,7930,7707,274,148,126,15363,7782,7581
32,599,pathanamthitta,Rural,11,15600,7945,7655,169,96,73,15431,7849,7582
32,599,pathanamthitta,Rural,12,15442,7870,7572,146,70,76,15296,7800,7496
32,599,pathanamthitta,Rural,13,16728,8468,8260,137,66,71,16591,8402,8189
32,599,pathanamthitta,Rural,14,16002,8087,7915,129,65,64,15873,8022,7851
32,599,pathanamthitta,Rural,15,15990,8118,7872,142,86,56,15848,8032,7816
32,599,pathanamthitta,Rural,16,15327,7672,7655,123,60,63,15204,7612,7592
32,599,pathanamthitta,Rural,17,15373,7792,7581,103,55,48,15270,7737,7533
32,599,pathanamthitta,Rural,18,14418,7548,6870,117,61,56,14301,7487,6814
32,599,pathanamthitta,Rural,19,14054,7479,6575,112,67,45,13942,7412,6530
32,599,pathanamthitta,Rural,20-24,73313,37182,36131,727,357,370,72586,36825,35761
32,599,pathanamthitta,Rural,25-29,70534,32092,38442,914,459,455,69620,31633,37987
32,599,pathanamthitta,Rural,30-34,69511,30511,39000,1014,466,548,68497,30045,38452
32,599,pathanamthitta,Rural,35-39,77761,33280,44481,1587,671,916,76174,32609,43565
32,599,pathanamthitta,Rural,40-44,78534,33971,44563,1877,764,1113,76657,33207,43450
32,599,pathanamthitta,Rural,45-49,82568,36622,45946,2631,1018,1613,79937,35604,44333
32,599,pathanamthitta,Rural,50-54,70874,32577,38297,2528,971,1557,68346,31606,36740
32,599,pathanamthitta,Rural,55-59,69688,33238,36450,2884,1064,1820,66804,32174,34630
32,599,pathanamthitta,Rural,60-64,57689,27841,29848,3076,1069,2007,54613,26772,27841
32,599,pathanamthitta,Rural,65-69,43148,19972,23176,3421,979,2442,39727,18993,20734
32,599,pathanamthitta,Rural,70-74,33081,15038,18043,3113,848,2265,29968,14190,15778
32,599,pathanamthitta,Rural,75-79,25320,10994,14326,2761,740,2021,22559,10254,12305
32,599,pathanamthitta,Rural,80+,30726,12300,18426,4398,1011,3387,26328,11289,15039
32,599,pathanamthitta,Rural,Age not stated,1003,512,491,96,45,51,907,467,440
32,599,pathanamthitta,Urban,All ages,131613,61896,69717,14411,6737,7674,117202,55159,62043
32,599,pathanamthitta,Urban,0-6,10656,5401,5255,10656,5401,5255,0,0,0
32,599,pathanamthitta,Urban,7,1644,840,804,150,76,74,1494,764,730
32,599,pathanamthitta,Urban,8,1801,927,874,33,19,14,1768,908,860
32,599,pathanamthitta,Urban,9,1776,936,840,24,9,15,1752,927,825
32,599,pathanamthitta,Urban,10,1967,999,968,30,17,13,1937,982,955
32,599,pathanamthitta,Urban,11,1966,973,993,21,7,14,1945,966,979
32,599,pathanamthitta,Urban,12,1918,969,949,15,7,8,1903,962,941
32,599,pathanamthitta,Urban,13,1990,988,1002,15,7,8,1975,981,994
32,599,pathanamthitta,Urban,14,2065,1066,999,15,7,8,2050,1059,991
32,599,pathanamthitta,Urban,15,1979,1004,975,15,6,9,1964,998,966
32,599,pathanamthitta,Urban,16,1876,956,920,12,10,2,1864,946,918
32,599,pathanamthitta,Urban,17,1894,942,952,20,10,10,1874,932,942
32,599,pathanamthitta,Urban,18,1793,949,844,21,12,9,1772,937,835
32,599,pathanamthitta,Urban,19,1805,928,877,16,9,7,1789,919,870
32,599,pathanamthitta,Urban,20-24,9457,4678,4779,100,57,43,9357,4621,4736
32,599,pathanamthitta,Urban,25-29,8724,3979,4745,116,49,67,8608,3930,4678
32,599,pathanamthitta,Urban,30-34,8769,3890,4879,161,79,82,8608,3811,4797
32,599,pathanamthitta,Urban,35-39,9714,4186,5528,192,76,116,9522,4110,5412
32,599,pathanamthitta,Urban,40-44,9549,4280,5269,207,82,125,9342,4198,5144
32,599,pathanamthitta,Urban,45-49,9755,4404,5351,288,108,180,9467,4296,5171
32,599,pathanamthitta,Urban,50-54,8552,3934,4618,267,112,155,8285,3822,4463
32,599,pathanamthitta,Urban,55-59,8390,4017,4373,307,120,187,8083,3897,4186
32,599,pathanamthitta,Urban,60-64,7044,3348,3696,308,79,229,6736,3269,3467
32,599,pathanamthitta,Urban,65-69,5360,2476,2884,374,112,262,4986,2364,2622
32,599,pathanamthitta,Urban,70-74,4245,1976,2269,328,90,238,3917,1886,2031
32,599,pathanamthitta,Urban,75-79,3119,1300,1819,284,57,227,2835,1243,1592
32,599,pathanamthitta,Urban,80+,3651,1461,2190,407,99,308,3244,1362,1882
32,599,pathanamthitta,Urban,Age not stated,154,89,65,29,20,9,125,69,56
32,600,kollam,Total,All ages,2635375,1246968,1388407,395102,172623,222479,2240273,1074345,1165928
32,600,kollam,Total,0-6,254260,128899,125361,254260,128899,125361,0,0,0
32,600,kollam,Total,7,38640,19686,18954,5024,2613,2411,33616,17073,16543
32,600,kollam,Total,8,38500,19630,18870,1162,618,544,37338,19012,18326
32,600,kollam,Total,9,39186,19892,19294,681,348,333,38505,19544,18961
32,600,kollam,Total,10,42844,21893,20951,779,413,366,42065,21480,20585
32,600,kollam,Total,11,41977,21445,20532,414,214,200,41563,21231,20332
32,600,kollam,Total,12,41795,21376,20419,385,189,196,41410,21187,20223
32,600,kollam,Total,13,44364,22564,21800,379,179,200,43985,22385,21600
32,600,kollam,Total,14,41457,21110,20347,359,188,171,41098,20922,20176
32,600,kollam,Total,15,40933,20742,20191,358,198,160,40575,20544,20031
32,600,kollam,Total,16,38057,19069,18988,308,136,172,37749,18933,18816
32,600,kollam,Total,17,38840,19673,19167,299,146,153,38541,19527,19014
32,600,kollam,Total,18,39094,19997,19097,329,170,159,38765,19827,18938
32,600,kollam,Total,19,37573,18914,18659,283,153,130,37290,18761,18529
32,600,kollam,Total,20-24,199854,95208,104646,2065,1021,1044,197789,94187,103602
32,600,kollam,Total,25-29,199985,89590,110395,2908,1369,1539,197077,88221,108856
32,600,kollam,Total,30-34,195866,88041,107825,3635,1631,2004,192231,86410,105821
32,600,kollam,Total,35-39,210925,93671,117254,6048,2341,3707,204877,91330,113547
32,600,kollam,Total,40-44,194318,87448,106870,8142,2850,5292,186176,84598,101578
32,600,kollam,Total,45-49,194136,89847,104289,12099,4113,7986,182037,85734,96303
32,600,kollam,Total,50-54,159033,75188,83845,11804,3740,8064,147229,71448,75781
32,600,kollam,Total,55-59,151920,74390,77530,14732,4409,10323,137188,69981,67207
32,600,kollam,Total,60-64,117038,56968,60070,15208,4186,11022,101830,52782,49048
32,600,kollam,Total,65-69,85527,39780,45747,15551,3929,11622,69976,35851,34125
32,600,kollam,Total,70-74,61775,27341,34434,13560,3314,10246,48215,24027,24188
32,600,kollam,Total,75-79,40849,17021,23828,10262,2311,7951,30587,14710,15877
32,600,kollam,Total,80+,44823,16696,28127,13819,2853,10966,31004,13843,17161
32,600,kollam,Total,Age not stated,1806,889,917,249,92,157,1557,797,760
32,600,kollam,Rural,All ages,1448217,680687,767530,214855,93300,121555,1233362,587387,645975
32,600,kollam,Rural,0-6,137559,69705,67854,137559,69705,67854,0,0,0
32,600,kollam,Rural,7,21052,10664,10388,2605,1372,1233,18447,9292,9155
32,600,kollam,Rural,8,20725,10616,10109,587,321,266,20138,10295,9843
32,600,kollam,Rural,9,21282,10759,10523,341,182,159,20941,10577,10364
32,600,kollam,Rural,10,23247,11846,11401,411,216,195,22836,11630,11206
32,600,kollam,Rural,11,22826,11648,11178,212,110,102,22614,11538,11076
32,600,kollam,Rural,12,22776,11669,11107,230,119,111,22546,11550,10996
32,600,kollam,Rural,13,24378,12321,12057,180,75,105,24198,12246,11952
32,600,kollam,Rural,14,22795,11530,11265,187,94,93,22608,11436,11172
32,600,kollam,Rural,15,22404,11327,11077,182,91,91,22222,11236,10986
32,600,kollam,Rural,16,20770,10333,10437,167,72,95,20603,10261,10342
32,600,kollam,Rural,17,21228,10812,10416,175,84,91,21053,10728,10325
32,600,kollam,Rural,18,21207,10850,10357,172,85,87,21035,10765,10270
32,600,kollam,Rural,19,20007,10065,9942,143,74,69,19864,9991,9873
32,600,kollam,Rural,20-24,107485,51140,56345,1119,531,588,106366,50609,55757
32,600,kollam,Rural,25-29,107535,47774,59761,1512,692,820,106023,47082,58941
32,600,kollam,Rural,30-34,105385,46897,58488,1861,814,1047,103524,46083,57441
32,600,kollam,Rural,35-39,114328,50125,64203,3192,1163,2029,111136,48962,62174
32,600,kollam,Rural,40-44,106818,47316,59502,4280,1462,2818,102538,45854,56684
32,600,kollam,Rural,45-49,108666,49841,58825,6643,2199,4444,102023,47642,54381
32,600,kollam,Rural,50-54,88917,41693,47224,6324,1976,4348,82593,39717,42876
32,600,kollam,Rural,55-59,85327,41420,43907,7988,2435,5553,77339,38985,38354
32,600,kollam,Rural,60-64,65555,31806,33749,8136,2237,5899,57419,29569,27850
32,600,kollam,Rural,65-69,48926,22496,26430,8626,2189,6437,40300,20307,19993
32,600,kollam,Rural,70-74,35428,15633,19795,7575,1867,5708,27853,13766,14087
32,600,kollam,Rural,75-79,23841,9897,13944,5941,1326,4615,17900,8571,9329
32,600,kollam,Rural,80+,26752,10029,16723,8360,1758,6602,18392,8271,10121
32,600,kollam,Rural,Age not stated,998,475,523,147,51,96,851,424,427
32,600,kollam,Urban,All ages,1187158,566281,620877,180247,79323,100924,1006911,486958,519953
32,600,kollam,Urban,0-6,116701,59194,57507,116701,59194,57507,0,0,0
32,600,kollam,Urban,7,17588,9022,8566,2419,1241,1178,15169,7781,7388
32,600,kollam,Urban,8,17775,9014,8761,575,297,278,17200,8717,8483
32,600,kollam,Urban,9,17904,9133,8771,340,166,174,17564,8967,8597
32,600,kollam,Urban,10,19597,10047,9550,368,197,171,19229,9850,9379
32,600,kollam,Urban,11,19151,9797,9354,202,104,98,18949,9693,9256
32,600,kollam,Urban,12,19019,9707,9312,155,70,85,18864,9637,9227
32,600,kollam,Urban,13,19986,10243,9743,199,104,95,19787,10139,9648
32,600,kollam,Urban,14,18662,9580,9082,172,94,78,18490,9486,9004
32,600,kollam,Urban,15,18529,9415,9114,176,107,69,18353,9308,9045
32,600,kollam,Urban,16,17287,8736,8551,141,64,77,17146,8672,8474
32,600,kollam,Urban,17,17612,8861,8751,124,62,62,17488,8799,8689
32,600,kollam,Urban,18,17887,9147,8740,157,85,72,17730,9062,8668
32,600,kollam,Urban,19,17566,8849,8717,140,79,61,17426,8770,8656
32,600,kollam,Urban,20-24,92369,44068,48301,946,490,456,91423,43578,47845
32,600,kollam,Urban,25-29,92450,41816,50634,1396,677,719,91054,41139,49915
32,600,kollam,Urban,30-34,90481,41144,49337,1774,817,957,88707,40327,48380
32,600,kollam,Urban,35-39,96597,43546,53051,2856,1178,1678,93741,42368,51373
32,600,kollam,Urban,40-44,87500,40132,47368,3862,1388,2474,83638,38744,44894
32,600,kollam,Urban,45-49,85470,40006,45464,5456,1914,3542,80014,38092,41922
32,600,kollam,Urban,50-54,70116,33495,36621,5480,1764,3716,64636,31731,32905
32,600,kollam,Urban,55-59,66593,32970,33623,6744,1974,4770,59849,30996,28853
32,600,kollam,Urban,60-64,51483,25162,26321,7072,1949,5123,44411,23213,21198
32,600,kollam,Urban,65-69,36601,17284,19317,6925,1740,5185,29676,15544,14132
32,600,kollam,Urban,70-74,26347,11708,14639,5985,1447,4538,20362,10261,10101
32,600,kollam,Urban,75-79,17008,7124,9884,4321,985,3336,12687,6139,6548
32,600,kollam,Urban,80+,18071,6667,11404,5459,1095,4364,12612,5572,7040
32,600,kollam,Urban,Age not stated,808,414,394,102,41,61,706,373,333
32,601,thiruvananthapuram,Total,All ages,3301427,1581678,1719749,516019,226821,289198,2785408,1354857,1430551
32,601,thiruvananthapuram,Total,0-6,307061,156377,150684,307061,156377,150684,0,0,0
32,601,thiruvananthapuram,Total,7,44969,22763,22206,6281,3164,3117,38688,19599,19089
32,601,thiruvananthapuram,Total,8,45217,22820,22397,1691,902,789,43526,21918,21608
32,601,thiruvananthapuram,Total,9,46787,23814,22973,982,505,477,45805,23309,22496
32,601,thiruvananthapuram,Total,10,51693,26496,25197,1239,614,625,50454,25882,24572
32,601,thiruvananthapuram,Total,11,52583,26801,25782,710,347,363,51873,26454,25419
32,601,thiruvananthapuram,Total,12,51954,26457,25497,481,217,264,51473,26240,25233
32,601,thiruvananthapuram,Total,13,54666,27711,26955,471,218,253,54195,27493,26702
32,601,thiruvananthapuram,Total,14,52350,26541,25809,495,253,242,51855,26288,25567
32,601,thiruvananthapuram,Total,15,51983,26348,25635,476,245,231,51507,26103,25404
32,601,thiruvananthapuram,Total,16,49935,25030,24905,440,221,219,49495,24809,24686
32,601,thiruvananthapuram,Total,17,50712,25624,25088,426,188,238,50286,25436,24850
32,601,thiruvananthapuram,Total,18,52758,26809,25949,455,238,217,52303,26571,25732
32,601,thiruvananthapuram,Total,19,49925,24877,25048,440,221,219,49485,24656,24829
32,601,thiruvananthapuram,Total,20-24,266969,128374,138595,2960,1524,1436,264009,126850,137159
32,601,thiruvananthapuram,Total,25-29,258879,120193,138686,4548,2215,2333,254331,117978,136353
32,601,thiruvananthapuram,Total,30-34,245395,114711,130684,5997,2808,3189,239398,111903,127495
32,601,thiruvananthapuram,Total,35-39,257169,117565,139604,9782,4056,5726,247387,113509,133878
32,601,thiruvananthapuram,Total,40-44,241071,110566,130505,13412,5025,8387,227659,105541,122118
32,601,thiruvananthapuram,Total,45-49,245603,114946,130657,19718,7107,12611,225885,107839,118046
32,601,thiruvananthapuram,Total,50-54,202305,96880,105425,19174,6635,12539,183131,90245,92886
32,601,thiruvananthapuram,Total,55-59,188288,92084,96204,22843,7519,15324,165445,84565,80880
32,601,thiruvananthapuram,Total,60-64,147631,70801,76830,23206,7066,16140,124425,63735,60690
32,601,thiruvananthapuram,Total,65-69,108793,51008,57785,22823,6615,16208,85970,44393,41577
32,601,thiruvananthapuram,Total,70-74,74670,34347,40323,18405,5011,13394,56265,29336,26929
32,601,thiruvananthapuram,Total,75-79,48531,20882,27649,13639,3515,10124,34892,17367,17525
32,601,thiruvananthapuram,Total,80+,49806,19029,30777,17322,3809,13513,32484,15220,17264
32,601,thiruvananthapuram,Total,Age not stated,3724,1824,1900,542,206,336,3182,1618,1564
32,601,thiruvananthapuram,Rural,All ages,1529831,724864,804967,262409,114008,148401,1267422,610856,656566
32,601,thiruvananthapuram,Rural,0-6,147990,75300,72690,147990,75300,72690,0,0,0
32,601,thiruvananthapuram,Rural,7,21806,11069,10737,3164,1620,1544,18642,9449,9193
32,601,thiruvananthapuram,Rural,8,21780,10980,10800,857,467,390,20923,10513,10410
32,601,thiruvananthapuram,Rural,9,22485,11498,10987,449,241,208,22036,11257,10779
32,601,thiruvananthapuram,Rural,10,25156,12845,12311,591,284,307,24565,12561,12004
32,601,thiruvananthapuram,Rural,11,25471,12906,12565,347,170,177,25124,12736,12388
32,601,thiruvananthapuram,Rural,12,25200,12717,12483,248,105,143,24952,12612,12340
32,601,thiruvananthapuram,Rural,13,26173,13258,12915,233,112,121,25940,13146,12794
32,601,thiruvananthapuram,Rural,14,25187,12644,12543,251,129,122,24936,12515,12421
32,601,thiruvananthapuram,Rural,15,24858,12513,12345,247,134,113,24611,12379,12232
32,601,thiruvananthapuram,Rural,16,23881,11853,12028,232,113,119,23649,11740,11909
32,601,thiruvananthapuram,Rural,17,23819,11998,11821,227,100,127,23592,11898,11694
32,601,thiruvananthapuram,Rural,18,25145,12783,12362,233,131,102,24912,12652,12260
32,601,thiruvananthapuram,Rural,19,23648,11737,11911,234,109,125,23414,11628,11786
32,601,thiruvananthapuram,Rural,20-24,123993,58514,65479,1495,745,750,122498,57769,64729
32,601,thiruvananthapuram,Rural,25-29,120323,55294,65029,2444,1145,1299,117879,54149,63730
32,601,thiruvananthapuram,Rural,30-34,113821,52830,60991,3324,1503,1821,110497,51327,59170
32,601,thiruvananthapuram,Rural,35-39,116874,52323,64551,5367,2267,3100,111507,50056,61451
32,601,thiruvananthapuram,Rural,40-44,108499,48311,60188,7256,2694,4562,101243,45617,55626
32,601,thiruvananthapuram,Rural,45-49,112551,51799,60752,10905,3977,6928,101646,47822,53824
32,601,thiruvananthapuram,Rural,50-54,91642,43366,48276,10406,3611,6795,81236,39755,41481
32,601,thiruvananthapuram,Rural,55-59,84933,41272,43661,12574,4179,8395,72359,37093,35266
32,601,thiruvananthapuram,Rural,60-64,65489,30983,34506,12925,4025,8900,52564,26958,25606
32,601,thiruvananthapuram,Rural,65-69,49478,22679,26799,12677,3729,8948,36801,18950,17851
32,601,thiruvananthapuram,Rural,70-74,33022,14779,18243,10154,2801,7353,22868,11978,10890
32,601,thiruvananthapuram,Rural,75-79,21768,9052,12716,7549,1957,5592,14219,7095,7124
32,601,thiruvananthapuram,Rural,80+,23078,8679,14399,9787,2256,7531,13291,6423,6868
32,601,thiruvananthapuram,Rural,Age not stated,1761,882,879,243,104,139,1518,778,740
32,601,thiruvananthapuram,Urban,All ages,1771596,856814,914782,253610,112813,140797,1517986,744001,773985
32,601,thiruvananthapuram,Urban,0-6,159071,81077,77994,159071,81077,77994,0,0,0
32,601,thiruvananthapuram,Urban,7,23163,11694,11469,3117,1544,1573,20046,10150,9896
32,601,thiruvananthapuram,Urban,8,23437,11840,11597,834,435,399,22603,11405,11198
32,601,thiruvananthapuram,Urban,9,24302,12316,11986,533,264,269,23769,12052,11717
32,601,thiruvananthapuram,Urban,10,26537,13651,12886,648,330,318,25889,13321,12568
32,601,thiruvananthapuram,Urban,11,27112,13895,13217,363,177,186,26749,13718,13031
32,601,thiruvananthapuram,Urban,12,26754,13740,13014,233,112,121,26521,13628,12893
32,601,thiruvananthapuram,Urban,13,28493,14453,14040,238,106,132,28255,14347,13908
32,601,thiruvananthapuram,Urban,14,27163,13897,13266,244,124,120,26919,13773,13146
32,601,thiruvananthapuram,Urban,15,27125,13835,13290,229,111,118,26896,13724,13172
32,601,thiruvananthapuram,Urban,16,26054,13177,12877,208,108,100,25846,13069,12777
32,601,thiruvananthapuram,Urban,17,26893,13626,13267,199,88,111,26694,13538,13156
32,601,thiruvananthapuram,Urban,18,27613,14026,13587,222,107,115,27391,13919,13472
32,601,thiruvananthapuram,Urban,19,26277,13140,13137,206,112,94,26071,13028,13043
32,601,thiruvananthapuram,Urban,20-24,142976,69860,73116,1465,779,686,141511,69081,72430
32,601,thiruvananthapuram,Urban,25-29,138556,64899,73657,2104,1070,1034,136452,63829,72623
32,601,thiruvananthapuram,Urban,30-34,131574,61881,69693,2673,1305,1368,128901,60576,68325
32,601,thiruvananthapuram,Urban,35-39,140295,65242,75053,4415,1789,2626,135880,63453,72427
32,601,thiruvananthapuram,Urban,40-44,132572,62255,70317,6156,2331,3825,126416,59924,66492
32,601,thiruvananthapuram,Urban,45-49,133052,63147,69905,8813,3130,5683,124239,60017,64222
32,601,thiruvananthapuram,Urban,50-54,110663,53514,57149,8768,3024,5744,101895,50490,51405
32,601,thiruvananthapuram,Urban,55-59,103355,50812,52543,10269,3340,6929,93086,47472,45614
32,601,thiruvananthapuram,Urban,60-64,82142,39818,42324,10281,3041,7240,71861,36777,35084
32,601,thiruvananthapuram,Urban,65-69,59315,28329,30986,10146,2886,7260,49169,25443,23726
32,601,thiruvananthapuram,Urban,70-74,41648,19568,22080,8251,2210,6041,33397,17358,16039
32,601,thiruvananthapuram,Urban,75-79,26763,11830,14933,6090,1558,4532,20673,10272,10401
32,601,thiruvananthapuram,Urban,80+,26728,10350,16378,7535,1553,5982,19193,8797,10396
32,601,thiruvananthapuram,Urban,Age not stated,1963,942,1021,299,102,197,1664,840,824
05,056,uttarkashi,Total,All ages,330086,168597,161489,114960,40360,74600,215126,128237,86889
05,056,uttarkashi,Total,0-6,46307,24165,22142,46307,24165,22142,0,0,0
05,056,uttarkashi,Total,7,7315,3789,3526,1987,987,1000,5328,2802,2526
05,056,uttarkashi,Total,8,7589,3913,3676,744,371,373,6845,3542,3303
05,056,uttarkashi,Total,9,7229,3743,3486,460,217,243,6769,3526,3243
05,056,uttarkashi,Total,10,8505,4458,4047,523,262,261,7982,4196,3786
05,056,uttarkashi,Total,11,7817,4017,3800,214,88,126,7603,3929,3674
05,056,uttarkashi,Total,12,8726,4636,4090,193,58,135,8533,4578,3955
05,056,uttarkashi,Total,13,7747,3948,3799,138,52,86,7609,3896,3713
05,056,uttarkashi,Total,14,8077,4106,3971,147,46,101,7930,4060,3870
05,056,uttarkashi,Total,15,8262,4253,4009,176,63,113,8086,4190,3896
05,056,uttarkashi,Total,16,7512,3921,3591,178,50,128,7334,3871,3463
05,056,uttarkashi,Total,17,6556,3430,3126,182,55,127,6374,3375,2999
05,056,uttarkashi,Total,18,7597,3971,3626,333,75,258,7264,3896,3368
05,056,uttarkashi,Total,19,6246,3186,3060,354,72,282,5892,3114,2778
05,056,uttarkashi,Total,20-24,31081,15614,15467,3007,542,2465,28074,15072,13002
05,056,uttarkashi,Total,25-29,25860,13012,12848,4421,722,3699,21439,12290,9149
05,056,uttarkashi,Total,30-34,22029,11161,10868,5376,809,4567,16653,10352,6301
05,056,uttarkashi,Total,35-39,20941,10508,10433,6639,1000,5639,14302,9508,4794
05,056,uttarkashi,Total,40-44,17754,9024,8730,6769,1119,5650,10985,7905,3080
05,056,uttarkashi,Total,45-49,15273,7770,7503,6702,1358,5344,8571,6412,2159
05,056,uttarkashi,Total,50-54,12832,6652,6180,6197,1365,4832,6635,5287,1348
05,056,uttarkashi,Total,55-59,9958,5048,4910,5278,1215,4063,4680,3833,847
05,056,uttarkashi,Total,60-64,11509,5621,5888,7259,2036,5223,4250,3585,665
05,056,uttarkashi,Total,65-69,6805,3365,3440,4409,1332,3077,2396,2033,363
05,056,uttarkashi,Total,70-74,4978,2472,2506,3340,1066,2274,1638,1406,232
05,056,uttarkashi,Total,75-79,2509,1289,1220,1687,560,1127,822,729,93
05,056,uttarkashi,Total,80+,2654,1291,1363,1819,626,1193,835,665,170
05,056,uttarkashi,Total,Age not stated,418,234,184,121,49,72,297,185,112
05,056,uttarkashi,Rural,All ages,305781,155375,150406,109872,38280,71592,195909,117095,78814
05,056,uttarkashi,Rural,0-6,43663,22691,20972,43663,22691,20972,0,0,0
05,056,uttarkashi,Rural,7,6855,3540,3315,1866,917,949,4989,2623,2366
05,056,uttarkashi,Rural,8,7127,3678,3449,729,362,367,6398,3316,3082
05,056,uttarkashi,Rural,9,6738,3473,3265,455,215,240,6283,3258,3025
05,056,uttarkashi,Rural,10,7950,4129,3821,502,251,251,7448,3878,3570
05,056,uttarkashi,Rural,11,7279,3719,3560,210,86,124,7069,3633,3436
05,056,uttarkashi,Rural,12,8181,4326,3855,187,55,132,7994,4271,3723
05,056,uttarkashi,Rural,13,7182,3645,3537,133,50,83,7049,3595,3454
05,056,uttarkashi,Rural,14,7485,3766,3719,139,43,96,7346,3723,3623
05,056,uttarkashi,Rural,15,7689,3947,3742,169,59,110,7520,3888,3632
05,056,uttarkashi,Rural,16,6969,3630,3339,172,50,122,6797,3580,3217
05,056,uttarkashi,Rural,17,6009,3128,2881,172,50,122,5837,3078,2759
05,056,uttarkashi,Rural,18,7030,3675,3355,319,71,248,6711,3604,3107
05,056,uttarkashi,Rural,19,5692,2891,2801,340,68,272,5352,2823,2529
05,056,uttarkashi,Rural,20-24,28783,14350,14433,2909,501,2408,25874,13849,12025
05,056,uttarkashi,Rural,25-29,23751,11976,11775,4280,680,3600,19471,11296,8175
05,056,uttarkashi,Rural,30-34,20013,10109,9904,5195,760,4435,14818,9349,5469
05,056,uttarkashi,Rural,35-39,19085,9559,9526,6404,953,5451,12681,8606,4075
05,056,uttarkashi,Rural,40-44,16152,8136,8016,6516,1076,5440,9636,7060,2576
05,056,uttarkashi,Rural,45-49,13842,6957,6885,6410,1290,5120,7432,5667,1765
05,056,uttarkashi,Rural,50-54,11708,5985,5723,5947,1312,4635,5761,4673,1088
05,056,uttarkashi,Rural,55-59,9243,4582,4661,5129,1190,3939,4114,3392,722
05,056,uttarkashi,Rural,60-64,11005,5368,5637,7066,2008,5058,3939,3360,579
05,056,uttarkashi,Rural,65-69,6474,3207,3267,4263,1305,2958,2211,1902,309
05,056,uttarkashi,Rural,70-74,4692,2315,2377,3228,1039,2189,1464,1276,188
05,056,uttarkashi,Rural,75-79,2362,1215,1147,1615,547,1068,747,668,79
05,056,uttarkashi,Rural,80+,2466,1182,1284,1743,605,1138,723,577,146
05,056,uttarkashi,Rural,Age not stated,356,196,160,111,46,65,245,150,95
05,056,uttarkashi,Urban,All ages,24305,13222,11083,5088,2080,3008,19217,11142,8075
05,056,uttarkashi,Urban,0-6,2644,1474,1170,2644,1474,1170,0,0,0
05,056,uttarkashi,Urban,7,460,249,211,121,70,51,339,179,160
05,056,uttarkashi,Urban,8,462,235,227,15,9,6,447,226,221
05,056,uttarkashi,Urban,9,491,270,221,5,2,3,486,268,218
05,056,uttarkashi,Urban,10,555,329,226,21,11,10,534,318,216
05,056,uttarkashi,Urban,11,538,298,240,4,2,2,534,296,238
05,056,uttarkashi,Urban,12,545,310,235,6,3,3,539,307,232
05,056,uttarkashi,Urban,13,565,303,262,5,2,3,560,301,259
05,056,uttarkashi,Urban,14,592,340,252,8,3,5,584,337,247
05,056,uttarkashi,Urban,15,573,306,267,7,4,3,566,302,264
05,056,uttarkashi,Urban,16,543,291,252,6,0,6,537,291,246
05,056,uttarkashi,Urban,17,547,302,245,10,5,5,537,297,240
05,056,uttarkashi,Urban,18,567,296,271,14,4,10,553,292,261
05,056,uttarkashi,Urban,19,554,295,259,14,4,10,540,291,249
05,056,uttarkashi,Urban,20-24,2298,1264,1034,98,41,57,2200,1223,977
05,056,uttarkashi,Urban,25-29,2109,1036,1073,141,42,99,1968,994,974
05,056,uttarkashi,Urban,30-34,2016,1052,964,181,49,132,1835,1003,832
05,056,uttarkashi,Urban,35-39,1856,949,907,235,47,188,1621,902,719
05,056,uttarkashi,Urban,40-44,1602,888,714,253,43,210,1349,845,504
05,056,uttarkashi,Urban,45-49,1431,813,618,292,68,224,1139,745,394
05,056,uttarkashi,Urban,50-54,1124,667,457,250,53,197,874,614,260
05,056,uttarkashi,Urban,55-59,715,466,249,149,25,124,566,441,125
05,056,uttarkashi,Urban,60-64,504,253,251,193,28,165,311,225,86
05,056,uttarkashi,Urban,65-69,331,158,173,146,27,119,185,131,54
05,056,uttarkashi,Urban,70-74,286,157,129,112,27,85,174,130,44
05,056,uttarkashi,Urban,75-79,147,74,73,72,13,59,75,61,14
05,056,uttarkashi,Urban,80+,188,109,79,76,21,55,112,88,24
05,056,uttarkashi,Urban,Age not stated,62,38,24,10,3,7,52,35,17
05,057,chamoli,Total,All ages,391605,193991,197614,111049,38596,72453,280556,155395,125161
05,057,chamoli,Total,0-6,52161,27609,24552,52161,27609,24552,0,0,0
05,057,chamoli,Total,7,8205,4222,3983,1293,670,623,6912,3552,3360
05,057,chamoli,Total,8,7799,4083,3716,402,193,209,7397,3890,3507
05,057,chamoli,Total,9,7956,4066,3890,241,106,135,7715,3960,3755
05,057,chamoli,Total,10,9063,4789,4274,332,170,162,8731,4619,4112
05,057,chamoli,Total,11,9002,4562,4440,140,66,74,8862,4496,4366
05,057,chamoli,Total,12,9123,4613,4510,81,34,47,9042,4579,4463
05,057,chamoli,Total,13,8098,4098,4000,71,31,40,8027,4067,3960
05,057,chamoli,Total,14,8918,4562,4356,89,36,53,8829,4526,4303
05,057,chamoli,Total,15,8665,4488,4177,98,42,56,8567,4446,4121
05,057,chamoli,Total,16,8569,4402,4167,80,38,42,8489,4364,4125
05,057,chamoli,Total,17,7925,4027,3898,115,55,60,7810,3972,3838
05,057,chamoli,Total,18,8787,4431,4356,167,75,92,8620,4356,4264
05,057,chamoli,Total,19,7347,3655,3692,163,72,91,7184,3583,3601
05,057,chamoli,Total,20-24,36521,16964,19557,1277,476,801,35244,16488,18756
05,057,chamoli,Total,25-29,31576,14798,16778,2002,473,1529,29574,14325,15249
05,057,chamoli,Total,30-34,26701,13077,13624,2942,466,2476,23759,12611,11148
05,057,chamoli,Total,35-39,24664,12221,12443,4274,595,3679,20390,11626,8764
05,057,chamoli,Total,40-44,22196,10980,11216,5559,777,4782,16637,10203,6434
05,057,chamoli,Total,45-49,19621,9629,9992,6265,878,5387,13356,8751,4605
05,057,chamoli,Total,50-54,16848,8184,8664,6446,919,5527,10402,7265,3137
05,057,chamoli,Total,55-59,13083,6113,6970,5666,754,4912,7417,5359,2058
05,057,chamoli,Total,60-64,13218,6387,6831,6693,1209,5484,6525,5178,1347
05,057,chamoli,Total,65-69,9289,4390,4899,5032,889,4143,4257,3501,756
05,057,chamoli,Total,70-74,7317,3465,3852,4177,782,3395,3140,2683,457
05,057,chamoli,Total,75-79,3880,1829,2051,2335,478,1857,1545,1351,194
05,057,chamoli,Total,80+,4238,1842,2396,2771,636,2135,1467,1206,261
05,057,chamoli,Total,Age not stated,835,505,330,177,67,110,658,438,220
05,057,chamoli,Rural,All ages,332209,160369,171840,99906,33498,66408,232303,126871,105432
05,057,chamoli,Rural,0-6,45217,23813,21404,45217,23813,21404,0,0,0
05,057,chamoli,Rural,7,7022,3570,3452,1145,590,555,5877,2980,2897
05,057,chamoli,Rural,8,6633,3406,3227,351,171,180,6282,3235,3047
05,057,chamoli,Rural,9,6861,3463,3398,209,93,116,6652,3370,3282
05,057,chamoli,Rural,10,7771,4045,3726,299,150,149,7472,3895,3577
05,057,chamoli,Rural,11,7788,3893,3895,119,55,64,7669,3838,3831
05,057,chamoli,Rural,12,7887,3932,3955,74,28,46,7813,3904,3909
05,057,chamoli,Rural,13,7023,3515,3508,63,26,37,6960,3489,3471
05,057,chamoli,Rural,14,7692,3886,3806,69,27,42,7623,3859,3764
05,057,chamoli,Rural,15,7447,3786,3661,81,32,49,7366,3754,3612
05,057,chamoli,Rural,16,7383,3757,3626,64,27,37,7319,3730,3589
05,057,chamoli,Rural,17,6760,3341,3419,94,47,47,6666,3294,3372
05,057,chamoli,Rural,18,7477,3677,3800,131,52,79,7346,3625,3721
05,057,chamoli,Rural,19,6169,2964,3205,131,49,82,6038,2915,3123
05,057,chamoli,Rural,20-24,30607,13621,16986,1082,366,716,29525,13255,16270
05,057,chamoli,Rural,25-29,25478,11447,14031,1729,349,1380,23749,11098,12651
05,057,chamoli,Rural,30-34,21450,10129,11321,2643,357,2286,18807,9772,9035
05,057,chamoli,Rural,35-39,19956,9567,10389,3905,462,3443,16051,9105,6946
05,057,chamoli,Rural,40-44,18182,8543,9639,5167,643,4524,13015,7900,5115
05,057,chamoli,Rural,45-49,16294,7615,8679,5876,774,5102,10418,6841,3577
05,057,chamoli,Rural,50-54,14365,6694,7671,6074,818,5256,8291,5876,2415
05,057,chamoli,Rural,55-59,11409,5083,6326,5385,700,4685,6024,4383,1641
05,057,chamoli,Rural,60-64,12009,5733,6276,6337,1146,5191,5672,4587,1085
05,057,chamoli,Rural,65-69,8493,3984,4509,4765,847,3918,3728,3137,591
05,057,chamoli,Rural,70-74,6718,3162,3556,3959,750,3209,2759,2412,347
05,057,chamoli,Rural,75-79,3570,1675,1895,2200,456,1744,1370,1219,151
05,057,chamoli,Rural,80+,3830,1660,2170,2570,609,1961,1260,1051,209
05,057,chamoli,Rural,Age not stated,718,408,310,167,61,106,551,347,204
05,057,chamoli,Urban,All ages,59396,33622,25774,11143,5098,6045,48253,28524,19729
05,057,chamoli,Urban,0-6,6944,3796,3148,6944,3796,3148,0,0,0
05,057,chamoli,Urban,7,1183,652,531,148,80,68,1035,572,463
05,057,chamoli,Urban,8,1166,677,489,51,22,29,1115,655,460
05,057,chamoli,Urban,9,1095,603,492,32,13,19,1063,590,473
05,057,chamoli,Urban,10,1292,744,548,33,20,13,1259,724,535
05,057,chamoli,Urban,11,1214,669,545,21,11,10,1193,658,535
05,057,chamoli,Urban,12,1236,681,555,7,6,1,1229,675,554
05,057,chamoli,Urban,13,1075,583,492,8,5,3,1067,578,489
05,057,chamoli,Urban,14,1226,676,550,20,9,11,1206,667,539
05,057,chamoli,Urban,15,1218,702,516,17,10,7,1201,692,509
05,057,chamoli,Urban,16,1186,645,541,16,11,5,1170,634,536
05,057,chamoli,Urban,17,1165,686,479,21,8,13,1144,678,466
05,057,chamoli,Urban,18,1310,754,556,36,23,13,1274,731,543
05,057,chamoli,Urban,19,1178,691,487,32,23,9,1146,668,478
05,057,chamoli,Urban,20-24,5914,3343,2571,195,110,85,5719,3233,2486
05,057,chamoli,Urban,25-29,6098,3351,2747,273,124,149,5825,3227,2598
05,057,chamoli,Urban,30-34,5251,2948,2303,299,109,190,4952,2839,2113
05,057,chamoli,Urban,35-39,4708,2654,2054,369,133,236,4339,2521,1818
05,057,chamoli,Urban,40-44,4014,2437,1577,392,134,258,3622,2303,1319
05,057,chamoli,Urban,45-49,3327,2014,1313,389,104,285,2938,1910,1028
05,057,chamoli,Urban,50-54,2483,1490,993,372,101,271,2111,1389,722
05,057,chamoli,Urban,55-59,1674,1030,644,281,54,227,1393,976,417
05,057,chamoli,Urban,60-64,1209,654,555,356,63,293,853,591,262
05,057,chamoli,Urban,65-69,796,406,390,267,42,225,529,364,165
05,057,chamoli,Urban,70-74,599,303,296,218,32,186,381,271,110
05,057,chamoli,Urban,75-79,310,154,156,135,22,113,175,132,43
05,057,chamoli,Urban,80+,408,182,226,201,27,174,207,155,52
05,057,chamoli,Urban,Age not stated,117,97,20,10,6,4,107,91,16
05,058,rudraprayag,Total,All ages,242285,114589,127696,71352,22786,48566,170933,91803,79130
05,058,rudraprayag,Total,0-6,32046,16823,15223,32046,16823,15223,0,0,0
05,058,rudraprayag,Total,7,5323,2756,2567,852,429,423,4471,2327,2144
05,058,rudraprayag,Total,8,5169,2742,2427,297,139,158,4872,2603,2269
05,058,rudraprayag,Total,9,4977,2602,2375,197,104,93,4780,2498,2282
05,058,rudraprayag,Total,10,5936,3054,2882,288,144,144,5648,2910,2738
05,058,rudraprayag,Total,11,5680,2931,2749,135,60,75,5545,2871,2674
05,058,rudraprayag,Total,12,5871,2965,2906,76,30,46,5795,2935,2860
05,058,rudraprayag,Total,13,5367,2712,2655,53,17,36,5314,2695,2619
05,058,rudraprayag,Total,14,5665,2892,2773,60,24,36,5605,2868,2737
05,058,rudraprayag,Total,15,5489,2819,2670,63,22,41,5426,2797,2629
05,058,rudraprayag,Total,16,5362,2712,2650,52,23,29,5310,2689,2621
05,058,rudraprayag,Total,17,5160,2628,2532,57,28,29,5103,2600,2503
05,058,rudraprayag,Total,18,5412,2629,2783,78,34,44,5334,2595,2739
05,058,rudraprayag,Total,19,4482,2110,2372,81,36,45,4401,2074,2327
05,058,rudraprayag,Total,20-24,21601,9163,12438,663,170,493,20938,8993,11945
05,058,rudraprayag,Total,25-29,18308,7942,10366,1105,192,913,17203,7750,9453
05,058,rudraprayag,Total,30-34,15629,7055,8574,1851,193,1658,13778,6862,6916
05,058,rudraprayag,Total,35-39,15035,6791,8244,2836,266,2570,12199,6525,5674
05,058,rudraprayag,Total,40-44,12917,5980,6937,3418,310,3108,9499,5670,3829
05,058,rudraprayag,Total,45-49,11398,5129,6269,3897,374,3523,7501,4755,2746
05,058,rudraprayag,Total,50-54,10138,4504,5634,4117,397,3720,6021,4107,1914
05,058,rudraprayag,Total,55-59,8142,3404,4738,3799,381,3418,4343,3023,1320
05,058,rudraprayag,Total,60-64,9379,4271,5108,4946,723,4223,4433,3548,885
05,058,rudraprayag,Total,65-69,6537,2908,3629,3661,574,3087,2876,2334,542
05,058,rudraprayag,Total,70-74,5165,2304,2861,3073,514,2559,2092,1790,302
05,058,rudraprayag,Total,75-79,2677,1223,1454,1680,326,1354,997,897,100
05,058,rudraprayag,Total,80+,2948,1292,1656,1874,421,1453,1074,871,203
05,058,rudraprayag,Total,Age not stated,472,248,224,97,32,65,375,216,159
05,058,rudraprayag,Rural,All ages,232360,108740,123620,69416,21887,47529,162944,86853,76091
05,058,rudraprayag,Rural,0-6,30995,16240,14755,30995,16240,14755,0,0,0
05,058,rudraprayag,Rural,7,5115,2635,2480,819,410,409,4296,2225,2071
05,058,rudraprayag,Rural,8,5004,2639,2365,285,133,152,4719,2506,2213
05,058,rudraprayag,Rural,9,4800,2498,2302,189,98,91,4611,2400,2211
05,058,rudraprayag,Rural,10,5722,2943,2779,275,141,134,5447,2802,2645
05,058,rudraprayag,Rural,11,5477,2828,2649,128,54,74,5349,2774,2575
05,058,rudraprayag,Rural,12,5685,2865,2820,75,29,46,5610,2836,2774
05,058,rudraprayag,Rural,13,5182,2607,2575,48,14,34,5134,2593,2541
05,058,rudraprayag,Rural,14,5460,2779,2681,60,24,36,5400,2755,2645
05,058,rudraprayag,Rural,15,5294,2699,2595,57,19,38,5237,2680,2557
05,058,rudraprayag,Rural,16,5169,2606,2563,44,18,26,5125,2588,2537
05,058,rudraprayag,Rural,17,4973,2520,2453,50,22,28,4923,2498,2425
05,058,rudraprayag,Rural,18,5203,2518,2685,69,27,42,5134,2491,2643
05,058,rudraprayag,Rural,19,4278,1975,2303,73,30,43,4205,1945,2260
05,058,rudraprayag,Rural,20-24,20653,8594,12059,611,138,473,20042,8456,11586
05,058,rudraprayag,Rural,25-29,17281,7338,9943,1040,155,885,16241,7183,9058
05,058,rudraprayag,Rural,30-34,14730,6507,8223,1787,164,1623,12943,6343,6600
05,058,rudraprayag,Rural,35-39,14230,6325,7905,2773,239,2534,11457,6086,5371
05,058,rudraprayag,Rural,40-44,12231,5552,6679,3329,288,3041,8902,5264,3638
05,058,rudraprayag,Rural,45-49,10789,4756,6033,3808,350,3458,6981,4406,2575
05,058,rudraprayag,Rural,50-54,9664,4198,5466,4048,380,3668,5616,3818,1798
05,058,rudraprayag,Rural,55-59,7869,3215,4654,3749,369,3380,4120,2846,1274
05,058,rudraprayag,Rural,60-64,9177,4149,5028,4887,709,4178,4290,3440,850
05,058,rudraprayag,Rural,65-69,6398,2832,3566,3615,567,3048,2783,2265,518
05,058,rudraprayag,Rural,70-74,5073,2260,2813,3031,511,2520,2042,1749,293
05,058,rudraprayag,Rural,75-79,2621,1190,1431,1658,320,1338,963,870,93
05,058,rudraprayag,Rural,80+,2841,1240,1601,1822,409,1413,1019,831,188
05,058,rudraprayag,Rural,Age not stated,446,232,214,91,29,62,355,203,152
05,058,rudraprayag,Urban,All ages,9925,5849,4076,1936,899,1037,7989,4950,3039
05,058,rudraprayag,Urban,0-6,1051,583,468,1051,583,468,0,0,0
05,058,rudraprayag,Urban,7,208,121,87,33,19,14,175,102,73
05,058,rudraprayag,Urban,8,165,103,62,12,6,6,153,97,56
05,058,rudraprayag,Urban,9,177,104,73,8,6,2,169,98,71
05,058,rudraprayag,Urban,10,214,111,103,13,3,10,201,108,93
05,058,rudraprayag,Urban,11,203,103,100,7,6,1,196,97,99
05,058,rudraprayag,Urban,12,186,100,86,1,1,0,185,99,86
05,058,rudraprayag,Urban,13,185,105,80,5,3,2,180,102,78
05,058,rudraprayag,Urban,14,205,113,92,0,0,0,205,113,92
05,058,rudraprayag,Urban,15,195,120,75,6,3,3,189,117,72
05,058,rudraprayag,Urban,16,193,106,87,8,5,3,185,101,84
05,058,rudraprayag,Urban,17,187,108,79,7,6,1,180,102,78
05,058,rudraprayag,Urban,18,209,111,98,9,7,2,200,104,96
05,058,rudraprayag,Urban,19,204,135,69,8,6,2,196,129,67
05,058,rudraprayag,Urban,20-24,948,569,379,52,32,20,896,537,359
05,058,rudraprayag,Urban,25-29,1027,604,423,65,37,28,962,567,395
05,058,rudraprayag,Urban,30-34,899,548,351,64,29,35,835,519,316
05,058,rudraprayag,Urban,35-39,805,466,339,63,27,36,742,439,303
05,058,rudraprayag,Urban,40-44,686,428,258,89,22,67,597,406,191
05,058,rudraprayag,Urban,45-49,609,373,236,89,24,65,520,349,171
05,058,rudraprayag,Urban,50-54,474,306,168,69,17,52,405,289,116
05,058,rudraprayag,Urban,55-59,273,189,84,50,12,38,223,177,46
05,058,rudraprayag,Urban,60-64,202,122,80,59,14,45,143,108,35
05,058,rudraprayag,Urban,65-69,139,76,63,46,7,39,93,69,24
05,058,rudraprayag,Urban,70-74,92,44,48,42,3,39,50,41,9
05,058,rudraprayag,Urban,75-79,56,33,23,22,6,16,34,27,7
05,058,rudraprayag,Urban,80+,107,52,55,52,12,40,55,40,15
05,058,rudraprayag,Urban,Age not stated,26,16,10,6,3,3,20,13,7
05,059,tehri garhwal,Total,All ages,618931,297986,320945,210937,70580,140357,407994,227406,180588
05,059,tehri garhwal,Total,0-6,84657,44634,40023,84657,44634,40023,0,0,0
05,059,tehri garhwal,Total,7,13492,7097,6395,2580,1283,1297,10912,5814,5098
05,059,tehri garhwal,Total,8,13799,7172,6627,749,349,400,13050,6823,6227
05,059,tehri garhwal,Total,9,13227,7007,6220,491,231,260,12736,6776,5960
05,059,tehri garhwal,Total,10,15396,8100,7296,621,315,306,14775,7785,6990
05,059,tehri garhwal,Total,11,14508,7427,7081,285,129,156,14223,7298,6925
05,059,tehri garhwal,Total,12,15651,8033,7618,172,79,93,15479,7954,7525
05,059,tehri garhwal,Total,13,14419,7408,7011,181,62,119,14238,7346,6892
05,059,tehri garhwal,Total,14,15164,7692,7472,189,81,108,14975,7611,7364
05,059,tehri garhwal,Total,15,15455,7778,7677,289,106,183,15166,7672,7494
05,059,tehri garhwal,Total,16,14623,7337,7286,239,82,157,14384,7255,7129
05,059,tehri garhwal,Total,17,12808,6411,6397,254,92,162,12554,6319,6235
05,059,tehri garhwal,Total,18,14408,7120,7288,435,173,262,13973,6947,7026
05,059,tehri garhwal,Total,19,11555,5359,6196,430,156,274,11125,5203,5922
05,059,tehri garhwal,Total,20-24,53782,23593,30189,3704,910,2794,50078,22683,27395
05,059,tehri garhwal,Total,25-29,45380,20172,25208,6632,994,5638,38748,19178,19570
05,059,tehri garhwal,Total,30-34,39339,18048,21291,8744,1151,7593,30595,16897,13698
05,059,tehri garhwal,Total,35-39,37698,17590,20108,11304,1529,9775,26394,16061,10333
05,059,tehri garhwal,Total,40-44,33401,15749,17652,12412,1832,10580,20989,13917,7072
05,059,tehri garhwal,Total,45-49,28933,13695,15238,12444,1991,10453,16489,11704,4785
05,059,tehri garhwal,Total,50-54,25379,11878,13501,12437,2244,10193,12942,9634,3308
05,059,tehri garhwal,Total,55-59,19904,8914,10990,10698,1932,8766,9206,6982,2224
05,059,tehri garhwal,Total,60-64,22682,10160,12522,13554,3009,10545,9128,7151,1977
05,059,tehri garhwal,Total,65-69,15661,7081,8580,9673,2323,7350,5988,4758,1230
05,059,tehri garhwal,Total,70-74,12581,5640,6941,8228,2127,6101,4353,3513,840
05,059,tehri garhwal,Total,75-79,6942,3230,3712,4539,1290,3249,2403,1940,463
05,059,tehri garhwal,Total,80+,6849,3033,3816,4612,1348,3264,2237,1685,552
05,059,tehri garhwal,Total,Age not stated,1238,628,610,384,128,256,854,500,354
05,059,tehri garhwal,Rural,All ages,548792,259381,289411,196016,64025,131991,352776,195356,157420
05,059,tehri garhwal,Rural,0-6,76718,40333,36385,76718,40333,36385,0,0,0
05,059,tehri garhwal,Rural,7,12114,6373,5741,2413,1194,1219,9701,5179,4522
05,059,tehri garhwal,Rural,8,12400,6372,6028,706,326,380,11694,6046,5648
05,059,tehri garhwal,Rural,9,11793,6185,5608,448,208,240,11345,5977,5368
05,059,tehri garhwal,Rural,10,13755,7152,6603,578,291,287,13177,6861,6316
05,059,tehri garhwal,Rural,11,13018,6622,6396,260,116,144,12758,6506,6252
05,059,tehri garhwal,Rural,12,14056,7135,6921,153,68,85,13903,7067,6836
05,059,tehri garhwal,Rural,13,12930,6576,6354,167,54,113,12763,6522,6241
05,059,tehri garhwal,Rural,14,13656,6866,6790,173,74,99,13483,6792,6691
05,059,tehri garhwal,Rural,15,13943,6946,6997,264,89,175,13679,6857,6822
05,059,tehri garhwal,Rural,16,13084,6456,6628,219,67,152,12865,6389,6476
05,059,tehri garhwal,Rural,17,11446,5661,5785,227,76,151,11219,5585,5634
05,059,tehri garhwal,Rural,18,12761,6157,6604,383,129,254,12378,6028,6350
05,059,tehri garhwal,Rural,19,10206,4571,5635,369,112,257,9837,4459,5378
05,059,tehri garhwal,Rural,20-24,46801,19705,27096,3289,652,2637,43512,19053,24459
05,059,tehri garhwal,Rural,25-29,39167,16943,22224,6124,764,5360,33043,16179,16864
05,059,tehri garhwal,Rural,30-34,33389,15067,18322,8128,932,7196,25261,14135,11126
05,059,tehri garhwal,Rural,35-39,31774,14399,17375,10523,1270,9253,21251,13129,8122
05,059,tehri garhwal,Rural,40-44,28446,12945,15501,11621,1601,10020,16825,11344,5481
05,059,tehri garhwal,Rural,45-49,24945,11345,13600,11697,1816,9881,13248,9529,3719
05,059,tehri garhwal,Rural,50-54,22422,10099,12323,11784,2094,9690,10638,8005,2633
05,059,tehri garhwal,Rural,55-59,17896,7671,10225,10240,1820,8420,7656,5851,1805
05,059,tehri garhwal,Rural,60-64,21382,9457,11925,13132,2913,10219,8250,6544,1706
05,059,tehri garhwal,Rural,65-69,14749,6612,8137,9328,2253,7075,5421,4359,1062
05,059,tehri garhwal,Rural,70-74,11943,5334,6609,7957,2086,5871,3986,3248,738
05,059,tehri garhwal,Rural,75-79,6528,3033,3495,4353,1260,3093,2175,1773,402
05,059,tehri garhwal,Rural,80+,6375,2816,3559,4396,1307,3089,1979,1509,470
05,059,tehri garhwal,Rural,Age not stated,1095,550,545,366,120,246,729,430,299
05,059,tehri garhwal,Urban,All ages,70139,38605,31534,14921,6555,8366,55218,32050,23168
05,059,tehri garhwal,Urban,0-6,7939,4301,3638,7939,4301,3638,0,0,0
05,059,tehri garhwal,Urban,7,1378,724,654,167,89,78,1211,635,576
05,059,tehri garhwal,Urban,8,1399,800,599,43,23,20,1356,777,579
05,059,tehri garhwal,Urban,9,1434,822,612,43,23,20,1391,799,592
05,059,tehri garhwal,Urban,10,1641,948,693,43,24,19,1598,924,674
05,059,tehri garhwal,Urban,11,1490,805,685,25,13,12,1465,792,673
05,059,tehri garhwal,Urban,12,1595,898,697,19,11,8,1576,887,689
05,059,tehri garhwal,Urban,13,1489,832,657,14,8,6,1475,824,651
05,059,tehri garhwal,Urban,14,1508,826,682,16,7,9,1492,819,673
05,059,tehri garhwal,Urban,15,1512,832,680,25,17,8,1487,815,672
05,059,tehri garhwal,Urban,16,1539,881,658,20,15,5,1519,866,653
05,059,tehri garhwal,Urban,17,1362,750,612,27,16,11,1335,734,601
05,059,tehri garhwal,Urban,18,1647,963,684,52,44,8,1595,919,676
05,059,tehri garhwal,Urban,19,1349,788,561,61,44,17,1288,744,544
05,059,tehri garhwal,Urban,20-24,6981,3888,3093,415,258,157,6566,3630,2936
05,059,tehri garhwal,Urban,25-29,6213,3229,2984,508,230,278,5705,2999,2706
05,059,tehri garhwal,Urban,30-34,5950,2981,2969,616,219,397,5334,2762,2572
05,059,tehri garhwal,Urban,35-39,5924,3191,2733,781,259,522,5143,2932,2211
05,059,tehri garhwal,Urban,40-44,4955,2804,2151,791,231,560,4164,2573,1591
05,059,tehri garhwal,Urban,45-49,3988,2350,1638,747,175,572,3241,2175,1066
05,059,tehri garhwal,Urban,50-54,2957,1779,1178,653,150,503,2304,1629,675
05,059,tehri garhwal,Urban,55-59,2008,1243,765,458,112,346,1550,1131,419
05,059,tehri garhwal,Urban,60-64,1300,703,597,422,96,326,878,607,271
05,059,tehri garhwal,Urban,65-69,912,469,443,345,70,275,567,399,168
05,059,tehri garhwal,Urban,70-74,638,306,332,271,41,230,367,265,102
05,059,tehri garhwal,Urban,75-79,414,197,217,186,30,156,228,167,61
05,059,tehri garhwal,Urban,80+,474,217,257,216,41,175,258,176,82
05,059,tehri garhwal,Urban,Age not stated,143,78,65,18,8,10,125,70,55
05,060,dehradun,Total,All ages,1696694,892199,804495,437188,189983,247205,1259506,702216,557290
05,060,dehradun,Total,0-6,201652,106746,94906,201652,106746,94906,0,0,0
05,060,dehradun,Total,7,31552,16857,14695,5540,2901,2639,26012,13956,12056
05,060,dehradun,Total,8,31668,16992,14676,2497,1298,1199,29171,15694,13477
05,060,dehradun,Total,9,29835,16136,13699,1781,914,867,28054,15222,12832
05,060,dehradun,Total,10,36638,19896,16742,2580,1286,1294,34058,18610,15448
05,060,dehradun,Total,11,32550,17717,14833,1433,746,687,31117,16971,14146
05,060,dehradun,Total,12,33519,18042,15477,1177,577,600,32342,17465,14877
05,060,dehradun,Total,13,31690,16912,14778,993,469,524,30697,16443,14254
05,060,dehradun,Total,14,33485,17929,15556,1082,517,565,32403,17412,14991
05,060,dehradun,Total,15,34655,18609,16046,1498,754,744,33157,17855,15302
05,060,dehradun,Total,16,34588,18694,15894,1462,739,723,33126,17955,15171
05,060,dehradun,Total,17,33112,18009,15103,1416,703,713,31696,17306,14390
05,060,dehradun,Total,18,40067,22365,17702,2359,1263,1096,37708,21102,16606
05,060,dehradun,Total,19,33261,18076,15185,1812,883,929,31449,17193,14256
05,060,dehradun,Total,20-24,175063,91310,83753,13737,5581,8156,161326,85729,75597
05,060,dehradun,Total,25-29,155182,79238,75944,17913,6441,11472,137269,72797,64472
05,060,dehradun,Total,30-34,132014,68397,63617,19545,6712,12833,112469,61685,50784
05,060,dehradun,Total,35-39,122004,62487,59517,23110,7912,15198,98894,54575,44319
05,060,dehradun,Total,40-44,102221,52977,49244,21810,7413,14397,80411,45564,34847
05,060,dehradun,Total,45-49,89807,47175,42632,21092,7092,14000,68715,40083,28632
05,060,dehradun,Total,50-54,71671,38141,33530,17986,5818,12168,53685,32323,21362
05,060,dehradun,Total,55-59,56734,28750,27984,15990,4355,11635,40744,24395,16349
05,060,dehradun,Total,60-64,54482,28365,26117,19706,6299,13407,34776,22066,12710
05,060,dehradun,Total,65-69,36156,19567,16589,13007,4271,8736,23149,15296,7853
05,060,dehradun,Total,70-74,25919,14004,11915,10653,3509,7144,15266,10495,4771
05,060,dehradun,Total,75-79,13761,7087,6674,5748,1753,3995,8013,5334,2679
05,060,dehradun,Total,80+,17557,8406,9151,8240,2409,5831,9317,5997,3320
05,060,dehradun,Total,Age not stated,5851,3315,2536,1369,622,747,4482,2693,1789
05,060,dehradun,Rural,All ages,754753,392891,361862,236917,100509,136408,517836,292382,225454
05,060,dehradun,Rural,0-6,99957,52203,47754,99957,52203,47754,0,0,0
05,060,dehradun,Rural,7,15321,8040,7281,2801,1465,1336,12520,6575,5945
05,060,dehradun,Rural,8,15724,8364,7360,1254,642,612,14470,7722,6748
05,060,dehradun,Rural,9,14645,7719,6926,860,416,444,13785,7303,6482
05,060,dehradun,Rural,10,17887,9634,8253,1310,639,671,16577,8995,7582
05,060,dehradun,Rural,11,15635,8383,7252,705,352,353,14930,8031,6899
05,060,dehradun,Rural,12,16526,8671,7855,553,270,283,15973,8401,7572
05,060,dehradun,Rural,13,15114,7846,7268,459,209,250,14655,7637,7018
05,060,dehradun,Rural,14,15840,8349,7491,533,235,298,15307,8114,7193
05,060,dehradun,Rural,15,16203,8485,7718,736,338,398,15467,8147,7320
05,060,dehradun,Rural,16,16079,8444,7635,747,344,403,15332,8100,7232
05,060,dehradun,Rural,17,15006,8063,6943,713,324,389,14293,7739,6554
05,060,dehradun,Rural,18,18724,10325,8399,1228,579,649,17496,9746,7750
05,060,dehradun,Rural,19,14931,7994,6937,957,398,559,13974,7596,6378
05,060,dehradun,Rural,20-24,77328,39440,37888,7581,2824,4757,69747,36616,33131
05,060,dehradun,Rural,25-29,65856,33162,32694,10044,3417,6627,55812,29745,26067
05,060,dehradun,Rural,30-34,55641,28429,27212,11198,3718,7480,44443,24711,19732
05,060,dehradun,Rural,35-39,50997,26171,24826,13331,4514,8817,37666,21657,16009
05,060,dehradun,Rural,40-44,41302,21679,19623,12507,4290,8217,28795,17389,11406
05,060,dehradun,Rural,45-49,36059,18843,17216,12204,4136,8068,23855,14707,9148
05,060,dehradun,Rural,50-54,28615,15002,13613,10714,3522,7192,17901,11480,6421
05,060,dehradun,Rural,55-59,23501,11641,11860,9968,2800,7168,13533,8841,4692
05,060,dehradun,Rural,60-64,25366,13306,12060,13082,4437,8645,12284,8869,3415
05,060,dehradun,Rural,65-69,15864,8748,7116,8302,3013,5289,7562,5735,1827
05,060,dehradun,Rural,70-74,11316,6072,5244,6580,2389,4191,4736,3683,1053
05,060,dehradun,Rural,75-79,5649,2976,2673,3344,1175,2169,2305,1801,504
05,060,dehradun,Rural,80+,7487,3680,3807,4668,1596,3072,2819,2084,735
05,060,dehradun,Rural,Age not stated,2180,1222,958,581,264,317,1599,958,641
05,060,dehradun,Urban,All ages,941941,499308,442633,200271,89474,110797,741670,409834,331836
05,060,dehradun,Urban,0-6,101695,54543,47152,101695,54543,47152,0,0,0
05,060,dehradun,Urban,7,16231,8817,7414,2739,1436,1303,13492,7381,6111
05,060,dehradun,Urban,8,15944,8628,7316,1243,656,587,14701,7972,6729
05,060,dehradun,Urban,9,15190,8417,6773,921,498,423,14269,7919,6350
05,060,dehradun,Urban,10,18751,10262,8489,1270,647,623,17481,9615,7866
05,060,dehradun,Urban,11,16915,9334,7581,728,394,334,16187,8940,7247
05,060,dehradun,Urban,12,16993,9371,7622,624,307,317,16369,9064,7305
05,060,dehradun,Urban,13,16576,9066,7510,534,260,274,16042,8806,7236
05,060,dehradun,Urban,14,17645,9580,8065,549,282,267,17096,9298,7798
05,060,dehradun,Urban,15,18452,10124,8328,762,416,346,17690,9708,7982
05,060,dehradun,Urban,16,18509,10250,8259,715,395,320,17794,9855,7939
05,060,dehradun,Urban,17,18106,9946,8160,703,379,324,17403,9567,7836
05,060,dehradun,Urban,18,21343,12040,9303,1131,684,447,20212,11356,8856
05,060,dehradun,Urban,19,18330,10082,8248,855,485,370,17475,9597,7878
05,060,dehradun,Urban,20-24,97735,51870,45865,6156,2757,3399,91579,49113,42466
05,060,dehradun,Urban,25-29,89326,46076,43250,7869,3024,4845,81457,43052,38405
05,060,dehradun,Urban,30-34,76373,39968,36405,8347,2994,5353,68026,36974,31052
05,060,dehradun,Urban,35-39,71007,36316,34691,9779,3398,6381,61228,32918,28310
05,060,dehradun,Urban,40-44,60919,31298,29621,9303,3123,6180,51616,28175,23441
05,060,dehradun,Urban,45-49,53748,28332,25416,8888,2956,5932,44860,25376,19484
05,060,dehradun,Urban,50-54,43056,23139,19917,7272,2296,4976,35784,20843,14941
05,060,dehradun,Urban,55-59,33233,17109,16124,6022,1555,4467,27211,15554,11657
05,060,dehradun,Urban,60-64,29116,15059,14057,6624,1862,4762,22492,13197,9295
05,060,dehradun,Urban,65-69,20292,10819,9473,4705,1258,3447,15587,9561,6026
05,060,dehradun,Urban,70-74,14603,7932,6671,4073,1120,2953,10530,6812,3718
05,060,dehradun,Urban,75-79,8112,4111,4001,2404,578,1826,5708,3533,2175
05,060,dehradun,Urban,80+,10070,4726,5344,3572,813,2759,6498,3913,2585
05,060,dehradun,Urban,Age not stated,3671,2093,1578,788,358,430,2883,1735,1148
05,061,garhwal,Total,All ages,687271,326829,360442,192382,64681,127701,494889,262148,232741
05,061,garhwal,Total,0-6,83901,44055,39846,83901,44055,39846,0,0,0
05,061,garhwal,Total,7,13672,7042,6630,2146,1080,1066,11526,5962,5564
05,061,garhwal,Total,8,13401,6971,6430,745,387,358,12656,6584,6072
05,061,garhwal,Total,9,13647,7136,6511,616,322,294,13031,6814,6217
05,061,garhwal,Total,10,15748,8205,7543,804,419,385,14944,7786,7158
05,061,garhwal,Total,11,14709,7553,7156,377,198,179,14332,7355,6977
05,061,garhwal,Total,12,15595,8110,7485,231,104,127,15364,8006,7358
05,061,garhwal,Total,13,14993,7551,7442,183,80,103,14810,7471,7339
05,061,garhwal,Total,14,15530,7901,7629,227,112,115,15303,7789,7514
05,061,garhwal,Total,15,15635,7972,7663,304,144,160,15331,7828,7503
05,061,garhwal,Total,16,15233,7811,7422,245,121,124,14988,7690,7298
05,061,garhwal,Total,17,14357,7376,6981,279,149,130,14078,7227,6851
05,061,garhwal,Total,18,15721,7861,7860,397,221,176,15324,7640,7684
05,061,garhwal,Total,19,13320,6449,6871,315,146,169,13005,6303,6702
05,061,garhwal,Total,20-24,58033,25524,32509,2419,950,1469,55614,24574,31040
05,061,garhwal,Total,25-29,47270,20116,27154,3225,1002,2223,44045,19114,24931
05,061,garhwal,Total,30-34,43999,19830,24169,4534,1061,3473,39465,18769,20696
05,061,garhwal,Total,35-39,42649,19548,23101,6270,1226,5044,36379,18322,18057
05,061,garhwal,Total,40-44,38575,17698,20877,8335,1407,6928,30240,16291,13949
05,061,garhwal,Total,45-49,34960,16207,18753,9392,1583,7809,25568,14624,10944
05,061,garhwal,Total,50-54,32338,14827,17511,10226,1450,8776,22112,13377,8735
05,061,garhwal,Total,55-59,26888,12047,14841,10158,1116,9042,16730,10931,5799
05,061,garhwal,Total,60-64,27603,12765,14838,13043,1809,11234,14560,10956,3604
05,061,garhwal,Total,65-69,20626,9414,11212,10671,1465,9206,9955,7949,2006
05,061,garhwal,Total,70-74,17114,7481,9633,9895,1496,8399,7219,5985,1234
05,061,garhwal,Total,75-79,9828,4250,5578,6021,1032,4989,3807,3218,589
05,061,garhwal,Total,80+,11048,4658,6390,7228,1478,5750,3820,3180,640
05,061,garhwal,Total,Age not stated,878,471,407,195,68,127,683,403,280
05,061,garhwal,Rural,All ages,574568,268029,306539,170010,54674,115336,404558,213355,191203
05,061,garhwal,Rural,0-6,71170,37212,33958,71170,37212,33958,0,0,0
05,061,garhwal,Rural,7,11476,5864,5612,1808,893,915,9668,4971,4697
05,061,garhwal,Rural,8,11331,5815,5516,643,324,319,10688,5491,5197
05,061,garhwal,Rural,9,11537,5971,5566,544,279,265,10993,5692,5301
05,061,garhwal,Rural,10,13273,6833,6440,680,356,324,12593,6477,6116
05,061,garhwal,Rural,11,12415,6283,6132,327,167,160,12088,6116,5972
05,061,garhwal,Rural,12,13245,6785,6460,201,85,116,13044,6700,6344
05,061,garhwal,Rural,13,12748,6321,6427,145,59,86,12603,6262,6341
05,061,garhwal,Rural,14,13188,6645,6543,188,92,96,13000,6553,6447
05,061,garhwal,Rural,15,13190,6590,6600,245,110,135,12945,6480,6465
05,061,garhwal,Rural,16,12777,6461,6316,188,94,94,12589,6367,6222
05,061,garhwal,Rural,17,12055,6100,5955,205,97,108,11850,6003,5847
05,061,garhwal,Rural,18,13105,6413,6692,299,155,144,12806,6258,6548
05,061,garhwal,Rural,19,10960,5101,5859,250,109,141,10710,4992,5718
05,061,garhwal,Rural,20-24,46746,19534,27212,1895,689,1206,44851,18845,26006
05,061,garhwal,Rural,25-29,37810,15641,22169,2651,758,1893,35159,14883,20276
05,061,garhwal,Rural,30-34,35104,15623,19481,3900,819,3081,31204,14804,16400
05,061,garhwal,Rural,35-39,34280,15494,18786,5449,919,4530,28831,14575,14256
05,061,garhwal,Rural,40-44,31222,13983,17239,7445,1105,6340,23777,12878,10899
05,061,garhwal,Rural,45-49,28575,12851,15724,8540,1282,7258,20035,11569,8466
05,061,garhwal,Rural,50-54,27031,12021,15010,9436,1246,8190,17595,10775,6820
05,061,garhwal,Rural,55-59,22901,9852,13049,9497,970,8527,13404,8882,4522
05,061,garhwal,Rural,60-64,24600,11138,13462,12284,1633,10651,12316,9505,2811
05,061,garhwal,Rural,65-69,18624,8356,10268,10102,1364,8738,8522,6992,1530
05,061,garhwal,Rural,70-74,15618,6742,8876,9377,1422,7955,6241,5320,921
05,061,garhwal,Rural,75-79,8921,3832,5089,5679,983,4696,3242,2849,393
05,061,garhwal,Rural,80+,9929,4173,5756,6697,1396,5301,3232,2777,455
05,061,garhwal,Rural,Age not stated,737,395,342,165,56,109,572,339,233
05,061,garhwal,Urban,All ages,112703,58800,53903,22372,10007,12365,90331,48793,41538
05,061,garhwal,Urban,0-6,12731,6843,5888,12731,6843,5888,0,0,0
05,061,garhwal,Urban,7,2196,1178,1018,338,187,151,1858,991,867
05,061,garhwal,Urban,8,2070,1156,914,102,63,39,1968,1093,875
05,061,garhwal,Urban,9,2110,1165,945,72,43,29,2038,1122,916
05,061,garhwal,Urban,10,2475,1372,1103,124,63,61,2351,1309,1042
05,061,garhwal,Urban,11,2294,1270,1024,50,31,19,2244,1239,1005
05,061,garhwal,Urban,12,2350,1325,1025,30,19,11,2320,1306,1014
05,061,garhwal,Urban,13,2245,1230,1015,38,21,17,2207,1209,998
05,061,garhwal,Urban,14,2342,1256,1086,39,20,19,2303,1236,1067
05,061,garhwal,Urban,15,2445,1382,1063,59,34,25,2386,1348,1038
05,061,garhwal,Urban,16,2456,1350,1106,57,27,30,2399,1323,1076
05,061,garhwal,Urban,17,2302,1276,1026,74,52,22,2228,1224,1004
05,061,garhwal,Urban,18,2616,1448,1168,98,66,32,2518,1382,1136
05,061,garhwal,Urban,19,2360,1348,1012,65,37,28,2295,1311,984
05,061,garhwal,Urban,20-24,11287,5990,5297,524,261,263,10763,5729,5034
05,061,garhwal,Urban,25-29,9460,4475,4985,574,244,330,8886,4231,4655
05,061,garhwal,Urban,30-34,8895,4207,4688,634,242,392,8261,3965,4296
05,061,garhwal,Urban,35-39,8369,4054,4315,821,307,514,7548,3747,3801
05,061,garhwal,Urban,40-44,7353,3715,3638,890,302,588,6463,3413,3050
05,061,garhwal,Urban,45-49,6385,3356,3029,852,301,551,5533,3055,2478
05,061,garhwal,Urban,50-54,5307,2806,2501,790,204,586,4517,2602,1915
05,061,garhwal,Urban,55-59,3987,2195,1792,661,146,515,3326,2049,1277
05,061,garhwal,Urban,60-64,3003,1627,1376,759,176,583,2244,1451,793
05,061,garhwal,Urban,65-69,2002,1058,944,569,101,468,1433,957,476
05,061,garhwal,Urban,70-74,1496,739,757,518,74,444,978,665,313
05,061,garhwal,Urban,75-79,907,418,489,342,49,293,565,369,196
05,061,garhwal,Urban,80+,1119,485,634,531,82,449,588,403,185
05,061,garhwal,Urban,Age not stated,141,76,65,30,12,18,111,64,47
05,062,pithoragarh,Total,All ages,483439,239306,244133,137889,49683,88206,345550,189623,155927
05,062,pithoragarh,Total,0-6,63293,34853,28440,63293,34853,28440,0,0,0
05,062,pithoragarh,Total,7,9744,5183,4561,1711,895,816,8033,4288,3745
05,062,pithoragarh,Total,8,9790,5196,4594,449,222,227,9341,4974,4367
05,062,pithoragarh,Total,9,9658,5184,4474,329,165,164,9329,5019,4310
05,062,pithoragarh,Total,10,10689,5719,4970,488,264,224,10201,5455,4746
05,062,pithoragarh,Total,11,10305,5462,4843,237,119,118,10068,5343,4725
05,062,pithoragarh,Total,12,11003,5656,5347,134,45,89,10869,5611,5258
05,062,pithoragarh,Total,13,10265,5292,4973,102,41,61,10163,5251,4912
05,062,pithoragarh,Total,14,10644,5575,5069,110,50,60,10534,5525,5009
05,062,pithoragarh,Total,15,10831,5616,5215,158,55,103,10673,5561,5112
05,062,pithoragarh,Total,16,10371,5470,4901,132,60,72,10239,5410,4829
05,062,pithoragarh,Total,17,9121,4844,4277,146,60,86,8975,4784,4191
05,062,pithoragarh,Total,18,10363,5329,5034,308,158,150,10055,5171,4884
05,062,pithoragarh,Total,19,8594,4223,4371,221,85,136,8373,4138,4235
05,062,pithoragarh,Total,20-24,41913,19430,22483,1975,628,1347,39938,18802,21136
05,062,pithoragarh,Total,25-29,36910,17133,19777,2920,730,2190,33990,16403,17587
05,062,pithoragarh,Total,30-34,32813,15593,17220,3787,693,3094,29026,14900,14126
05,062,pithoragarh,Total,35-39,30470,14323,16147,5216,812,4404,25254,13511,11743
05,062,pithoragarh,Total,40-44,28291,13446,14845,6608,1036,5572,21683,12410,9273
05,062,pithoragarh,Total,45-49,25175,11887,13288,7068,1082,5986,18107,10805,7302
05,062,pithoragarh,Total,50-54,22604,10943,11661,7354,1071,6283,15250,9872,5378
05,062,pithoragarh,Total,55-59,17793,8197,9596,6775,893,5882,11018,7304,3714
05,062,pithoragarh,Total,60-64,18099,8599,9500,8686,1501,7185,9413,7098,2315
05,062,pithoragarh,Total,65-69,12442,6017,6425,6311,1198,5113,6131,4819,1312
05,062,pithoragarh,Total,70-74,9851,4571,5280,5718,1170,4548,4133,3401,732
05,062,pithoragarh,Total,75-79,5512,2538,2974,3345,733,2612,2167,1805,362
05,062,pithoragarh,Total,80+,6216,2654,3562,4176,1020,3156,2040,1634,406
05,062,pithoragarh,Total,Age not stated,679,373,306,132,44,88,547,329,218
05,062,pithoragarh,Rural,All ages,413834,202930,210904,124578,43201,81377,289256,159729,129527
05,062,pithoragarh,Rural,0-6,54900,29986,24914,54900,29986,24914,0,0,0
05,062,pithoragarh,Rural,7,8240,4343,3897,1521,789,732,6719,3554,3165
05,062,pithoragarh,Rural,8,8381,4389,3992,403,199,204,7978,4190,3788
05,062,pithoragarh,Rural,9,8213,4348,3865,299,153,146,7914,4195,3719
05,062,pithoragarh,Rural,10,9037,4756,4281,431,236,195,8606,4520,4086
05,062,pithoragarh,Rural,11,8810,4595,4215,214,105,109,8596,4490,4106
05,062,pithoragarh,Rural,12,9475,4813,4662,117,40,77,9358,4773,4585
05,062,pithoragarh,Rural,13,8829,4493,4336,92,36,56,8737,4457,4280
05,062,pithoragarh,Rural,14,9079,4688,4391,93,40,53,8986,4648,4338
05,062,pithoragarh,Rural,15,9174,4681,4493,135,41,94,9039,4640,4399
05,062,pithoragarh,Rural,16,8782,4550,4232,111,46,65,8671,4504,4167
05,062,pithoragarh,Rural,17,7605,3991,3614,117,39,78,7488,3952,3536
05,062,pithoragarh,Rural,18,8655,4362,4293,224,92,132,8431,4270,4161
05,062,pithoragarh,Rural,19,7227,3484,3743,177,55,122,7050,3429,3621
05,062,pithoragarh,Rural,20-24,35297,16045,19252,1667,427,1240,33630,15618,18012
05,062,pithoragarh,Rural,25-29,30773,14356,16417,2522,507,2015,28251,13849,14402
05,062,pithoragarh,Rural,30-34,27173,12953,14220,3463,540,2923,23710,12413,11297
05,062,pithoragarh,Rural,35-39,25386,11908,13478,4808,654,4154,20578,11254,9324
05,062,pithoragarh,Rural,40-44,24014,11380,12634,6197,913,5284,17817,10467,7350
05,062,pithoragarh,Rural,45-49,21422,9977,11445,6686,986,5700,14736,8991,5745
05,062,pithoragarh,Rural,50-54,19549,9279,10270,6990,995,5995,12559,8284,4275
05,062,pithoragarh,Rural,55-59,15580,7008,8572,6439,837,5602,9141,6171,2970
05,062,pithoragarh,Rural,60-64,16536,7817,8719,8314,1444,6870,8222,6373,1849
05,062,pithoragarh,Rural,65-69,11326,5446,5880,6018,1163,4855,5308,4283,1025
05,062,pithoragarh,Rural,70-74,9042,4186,4856,5425,1133,4292,3617,3053,564
05,062,pithoragarh,Rural,75-79,5035,2313,2722,3166,719,2447,1869,1594,275
05,062,pithoragarh,Rural,80+,5700,2453,3247,3928,987,2941,1772,1466,306
05,062,pithoragarh,Rural,Age not stated,594,330,264,121,39,82,473,291,182
05,062,pithoragarh,Urban,All ages,69605,36376,33229,13311,6482,6829,56294,29894,26400
05,062,pithoragarh,Urban,0-6,8393,4867,3526,8393,4867,3526,0,0,0
05,062,pithoragarh,Urban,7,1504,840,664,190,106,84,1314,734,580
05,062,pithoragarh,Urban,8,1409,807,602,46,23,23,1363,784,579
05,062,pithoragarh,Urban,9,1445,836,609,30,12,18,1415,824,591
05,062,pithoragarh,Urban,10,1652,963,689,57,28,29,1595,935,660
05,062,pithoragarh,Urban,11,1495,867,628,23,14,9,1472,853,619
05,062,pithoragarh,Urban,12,1528,843,685,17,5,12,1511,838,673
05,062,pithoragarh,Urban,13,1436,799,637,10,5,5,1426,794,632
05,062,pithoragarh,Urban,14,1565,887,678,17,10,7,1548,877,671
05,062,pithoragarh,Urban,15,1657,935,722,23,14,9,1634,921,713
05,062,pithoragarh,Urban,16,1589,920,669,21,14,7,1568,906,662
05,062,pithoragarh,Urban,17,1516,853,663,29,21,8,1487,832,655
05,062,pithoragarh,Urban,18,1708,967,741,84,66,18,1624,901,723
05,062,pithoragarh,Urban,19,1367,739,628,44,30,14,1323,709,614
05,062,pithoragarh,Urban,20-24,6616,3385,3231,308,201,107,6308,3184,3124
05,062,pithoragarh,Urban,25-29,6137,2777,3360,398,223,175,5739,2554,3185
05,062,pithoragarh,Urban,30-34,5640,2640,3000,324,153,171,5316,2487,2829
05,062,pithoragarh,Urban,35-39,5084,2415,2669,408,158,250,4676,2257,2419
05,062,pithoragarh,Urban,40-44,4277,2066,2211,411,123,288,3866,1943,1923
05,062,pithoragarh,Urban,45-49,3753,1910,1843,382,96,286,3371,1814,1557
05,062,pithoragarh,Urban,50-54,3055,1664,1391,364,76,288,2691,1588,1103
05,062,pithoragarh,Urban,55-59,2213,1189,1024,336,56,280,1877,1133,744
05,062,pithoragarh,Urban,60-64,1563,782,781,372,57,315,1191,725,466
05,062,pithoragarh,Urban,65-69,1116,571,545,293,35,258,823,536,287
05,062,pithoragarh,Urban,70-74,809,385,424,293,37,256,516,348,168
05,062,pithoragarh,Urban,75-79,477,225,252,179,14,165,298,211,87
05,062,pithoragarh,Urban,80+,516,201,315,248,33,215,268,168,100
05,062,pithoragarh,Urban,Age not stated,85,43,42,11,5,6,74,38,36
05,063,bageshwar,Total,All ages,259898,124326,135572,80415,26780,53635,179483,97546,81937
05,063,bageshwar,Total,0-6,35560,18679,16881,35560,18679,16881,0,0,0
05,063,bageshwar,Total,7,5228,2619,2609,1067,533,534,4161,2086,2075
05,063,bageshwar,Total,8,5530,2836,2694,371,169,202,5159,2667,2492
05,063,bageshwar,Total,9,5264,2737,2527,177,86,91,5087,2651,2436
05,063,bageshwar,Total,10,6023,3139,2884,156,71,85,5867,3068,2799
05,063,bageshwar,Total,11,5686,2938,2748,74,33,41,5612,2905,2707
05,063,bageshwar,Total,12,6070,3079,2991,70,17,53,6000,3062,2938
05,063,bageshwar,Total,13,5495,2709,2786,68,27,41,5427,2682,2745
05,063,bageshwar,Total,14,5818,2912,2906,83,30,53,5735,2882,2853
05,063,bageshwar,Total,15,5970,3057,2913,77,31,46,5893,3026,2867
05,063,bageshwar,Total,16,5710,2928,2782,89,37,52,5621,2891,2730
05,063,bageshwar,Total,17,5088,2661,2427,79,27,52,5009,2634,2375
05,063,bageshwar,Total,18,5706,2916,2790,112,45,67,5594,2871,2723
05,063,bageshwar,Total,19,4487,2152,2335,108,31,77,4379,2121,2258
05,063,bageshwar,Total,20-24,21272,9294,11978,815,189,626,20457,9105,11352
05,063,bageshwar,Total,25-29,18581,7954,10627,1576,273,1303,17005,7681,9324
05,063,bageshwar,Total,30-34,16589,7444,9145,2301,324,1977,14288,7120,7168
05,063,bageshwar,Total,35-39,16260,7311,8949,3534,429,3105,12726,6882,5844
05,063,bageshwar,Total,40-44,14482,6591,7891,4281,544,3737,10201,6047,4154
05,063,bageshwar,Total,45-49,13238,6173,7065,4533,638,3895,8705,5535,3170
05,063,bageshwar,Total,50-54,11653,5480,6173,4367,646,3721,7286,4834,2452
05,063,bageshwar,Total,55-59,9839,4422,5417,4189,511,3678,5650,3911,1739
05,063,bageshwar,Total,60-64,11028,5205,5823,5476,940,4536,5552,4265,1287
05,063,bageshwar,Total,65-69,7216,3471,3745,3893,773,3120,3323,2698,625
05,063,bageshwar,Total,70-74,5514,2590,2924,3209,670,2539,2305,1920,385
05,063,bageshwar,Total,75-79,3025,1427,1598,1842,416,1426,1183,1011,172
05,063,bageshwar,Total,80+,3397,1518,1879,2250,586,1664,1147,932,215
05,063,bageshwar,Total,Age not stated,169,84,85,58,25,33,111,59,52
05,063,bageshwar,Rural,All ages,250819,119615,131204,78653,26027,52626,172166,93588,78578
05,063,bageshwar,Rural,0-6,34545,18129,16416,34545,18129,16416,0,0,0
05,063,bageshwar,Rural,7,5070,2541,2529,1032,520,512,4038,2021,2017
05,063,bageshwar,Rural,8,5361,2739,2622,353,161,192,5008,2578,2430
05,063,bageshwar,Rural,9,5090,2639,2451,172,83,89,4918,2556,2362
05,063,bageshwar,Rural,10,5840,3025,2815,154,70,84,5686,2955,2731
05,063,bageshwar,Rural,11,5502,2838,2664,70,31,39,5432,2807,2625
05,063,bageshwar,Rural,12,5900,2992,2908,67,16,51,5833,2976,2857
05,063,bageshwar,Rural,13,5307,2615,2692,62,25,37,5245,2590,2655
05,063,bageshwar,Rural,14,5619,2797,2822,81,29,52,5538,2768,2770
05,063,bageshwar,Rural,15,5767,2947,2820,72,30,42,5695,2917,2778
05,063,bageshwar,Rural,16,5502,2816,2686,86,35,51,5416,2781,2635
05,063,bageshwar,Rural,17,4899,2550,2349,74,25,49,4825,2525,2300
05,063,bageshwar,Rural,18,5489,2789,2700,107,41,66,5382,2748,2634
05,063,bageshwar,Rural,19,4295,2044,2251,101,27,74,4194,2017,2177
05,063,bageshwar,Rural,20-24,20411,8870,11541,783,174,609,19628,8696,10932
05,063,bageshwar,Rural,25-29,17810,7593,10217,1531,258,1273,16279,7335,8944
05,063,bageshwar,Rural,30-34,15824,7057,8767,2257,306,1951,13567,6751,6816
05,063,bageshwar,Rural,35-39,15567,6982,8585,3470,418,3052,12097,6564,5533
05,063,bageshwar,Rural,40-44,13865,6287,7578,4213,525,3688,9652,5762,3890
05,063,bageshwar,Rural,45-49,12726,5902,6824,4471,627,3844,8255,5275,2980
05,063,bageshwar,Rural,50-54,11215,5216,5999,4307,632,3675,6908,4584,2324
05,063,bageshwar,Rural,55-59,9552,4275,5277,4143,503,3640,5409,3772,1637
05,063,bageshwar,Rural,60-64,10778,5078,5700,5407,923,4484,5371,4155,1216
05,063,bageshwar,Rural,65-69,7056,3396,3660,3836,762,3074,3220,2634,586
05,063,bageshwar,Rural,70-74,5384,2539,2845,3160,657,2503,2224,1882,342
05,063,bageshwar,Rural,75-79,2953,1389,1564,1817,411,1406,1136,978,158
05,063,bageshwar,Rural,80+,3324,1486,1838,2224,584,1640,1100,902,198
05,063,bageshwar,Rural,Age not stated,168,84,84,58,25,33,110,59,51
05,063,bageshwar,Urban,All ages,9079,4711,4368,1762,753,1009,7317,3958,3359
05,063,bageshwar,Urban,0-6,1015,550,465,1015,550,465,0,0,0
05,063,bageshwar,Urban,7,158,78,80,35,13,22,123,65,58
05,063,bageshwar,Urban,8,169,97,72,18,8,10,151,89,62
05,063,bageshwar,Urban,9,174,98,76,5,3,2,169,95,74
05,063,bageshwar,Urban,10,183,114,69,2,1,1,181,113,68
05,063,bageshwar,Urban,11,184,100,84,4,2,2,180,98,82
05,063,bageshwar,Urban,12,170,87,83,3,1,2,167,86,81
05,063,bageshwar,Urban,13,188,94,94,6,2,4,182,92,90
05,063,bageshwar,Urban,14,199,115,84,2,1,1,197,114,83
05,063,bageshwar,Urban,15,203,110,93,5,1,4,198,109,89
05,063,bageshwar,Urban,16,208,112,96,3,2,1,205,110,95
05,063,bageshwar,Urban,17,189,111,78,5,2,3,184,109,75
05,063,bageshwar,Urban,18,217,127,90,5,4,1,212,123,89
05,063,bageshwar,Urban,19,192,108,84,7,4,3,185,104,81
05,063,bageshwar,Urban,20-24,861,424,437,32,15,17,829,409,420
05,063,bageshwar,Urban,25-29,771,361,410,45,15,30,726,346,380
05,063,bageshwar,Urban,30-34,765,387,378,44,18,26,721,369,352
05,063,bageshwar,Urban,35-39,693,329,364,64,11,53,629,318,311
05,063,bageshwar,Urban,40-44,617,304,313,68,19,49,549,285,264
05,063,bageshwar,Urban,45-49,512,271,241,62,11,51,450,260,190
05,063,bageshwar,Urban,50-54,438,264,174,60,14,46,378,250,128
05,063,bageshwar,Urban,55-59,287,147,140,46,8,38,241,139,102
05,063,bageshwar,Urban,60-64,250,127,123,69,17,52,181,110,71
05,063,bageshwar,Urban,65-69,160,75,85,57,11,46,103,64,39
05,063,bageshwar,Urban,70-74,130,51,79,49,13,36,81,38,43
05,063,bageshwar,Urban,75-79,72,38,34,25,5,20,47,33,14
05,063,bageshwar,Urban,80+,73,32,41,26,2,24,47,30,17
05,063,bageshwar,Urban,Age not stated,1,0,1,0,0,0,1,0,1
05,064,almora,Total,All ages,622506,291081,331425,186009,59477,126532,436497,231604,204893
05,064,almora,Total,0-6,80082,41672,38410,80082,41672,38410,0,0,0
05,064,almora,Total,7,12493,6306,6187,2115,1074,1041,10378,5232,5146
05,064,almora,Total,8,12799,6479,6320,633,312,321,12166,6167,5999
05,064,almora,Total,9,12382,6280,6102,385,183,202,11997,6097,5900
05,064,almora,Total,10,14450,7513,6937,418,222,196,14032,7291,6741
05,064,almora,Total,11,13695,7061,6634,206,100,106,13489,6961,6528
05,064,almora,Total,12,14725,7453,7272,120,54,66,14605,7399,7206
05,064,almora,Total,13,13741,6861,6880,108,37,71,13633,6824,6809
05,064,almora,Total,14,14160,7085,7075,130,54,76,14030,7031,6999
05,064,almora,Total,15,14666,7289,7377,204,57,147,14462,7232,7230
05,064,almora,Total,16,14294,6922,7372,143,61,82,14151,6861,7290
05,064,almora,Total,17,13572,6620,6952,159,51,108,13413,6569,6844
05,064,almora,Total,18,14771,7153,7618,211,87,124,14560,7066,7494
05,064,almora,Total,19,12014,5700,6314,203,75,128,11811,5625,6186
05,064,almora,Total,20-24,52038,22527,29511,1541,393,1148,50497,22134,28363
05,064,almora,Total,25-29,41713,17646,24067,2766,472,2294,38947,17174,21773
05,064,almora,Total,30-34,37950,16806,21144,4419,572,3847,33531,16234,17297
05,064,almora,Total,35-39,37658,16824,20834,7048,807,6241,30610,16017,14593
05,064,almora,Total,40-44,34611,15659,18952,9187,1045,8142,25424,14614,10810
05,064,almora,Total,45-49,31019,13859,17160,10127,1225,8902,20892,12634,8258
05,064,almora,Total,50-54,28559,12986,15573,10794,1424,9370,17765,11562,6203
05,064,almora,Total,55-59,23982,10384,13598,10473,1214,9259,13509,9170,4339
05,064,almora,Total,60-64,27017,11905,15112,14285,2253,12032,12732,9652,3080
05,064,almora,Total,65-69,18455,8153,10302,10499,1815,8684,7956,6338,1618
05,064,almora,Total,70-74,14385,6536,7849,8697,1740,6957,5688,4796,892
05,064,almora,Total,75-79,7692,3400,4292,4823,1014,3809,2869,2386,483
05,064,almora,Total,80+,8904,3597,5307,6106,1425,4681,2798,2172,626
05,064,almora,Total,Age not stated,679,405,274,127,39,88,552,366,186
05,064,almora,Rural,All ages,560192,257359,302833,177103,55540,121563,383089,201819,181270
05,064,almora,Rural,0-6,74375,38605,35770,74375,38605,35770,0,0,0
05,064,almora,Rural,7,11518,5786,5732,2002,1016,986,9516,4770,4746
05,064,almora,Rural,8,11863,5980,5883,594,284,310,11269,5696,5573
05,064,almora,Rural,9,11387,5734,5653,347,164,183,11040,5570,5470
05,064,almora,Rural,10,13307,6887,6420,389,207,182,12918,6680,6238
05,064,almora,Rural,11,12657,6478,6179,193,94,99,12464,6384,6080
05,064,almora,Rural,12,13643,6891,6752,114,50,64,13529,6841,6688
05,064,almora,Rural,13,12728,6304,6424,103,34,69,12625,6270,6355
05,064,almora,Rural,14,13002,6457,6545,120,49,71,12882,6408,6474
05,064,almora,Rural,15,13491,6668,6823,195,53,142,13296,6615,6681
05,064,almora,Rural,16,13091,6308,6783,128,52,76,12963,6256,6707
05,064,almora,Rural,17,12280,5922,6358,143,43,100,12137,5879,6258
05,064,almora,Rural,18,13303,6323,6980,199,80,119,13104,6243,6861
05,064,almora,Rural,19,10543,4794,5749,184,66,118,10359,4728,5631
05,064,almora,Rural,20-24,44942,18374,26568,1396,322,1074,43546,18052,25494
05,064,almora,Rural,25-29,35930,14530,21400,2614,411,2203,33316,14119,19197
05,064,almora,Rural,30-34,32610,13905,18705,4222,491,3731,28388,13414,14974
05,064,almora,Rural,35-39,32692,14221,18471,6779,725,6054,25913,13496,12417
05,064,almora,Rural,40-44,30214,13295,16919,8902,972,7930,21312,12323,8989
05,064,almora,Rural,45-49,27237,11895,15342,9797,1153,8644,17440,10742,6698
05,064,almora,Rural,50-54,25478,11282,14196,10510,1356,9154,14968,9926,5042
05,064,almora,Rural,55-59,21698,9146,12552,10235,1173,9062,11463,7973,3490
05,064,almora,Rural,60-64,25320,11049,14271,14024,2214,11810,11296,8835,2461
05,064,almora,Rural,65-69,17326,7603,9723,10284,1782,8502,7042,5821,1221
05,064,almora,Rural,70-74,13599,6144,7455,8521,1707,6814,5078,4437,641
05,064,almora,Rural,75-79,7207,3177,4030,4709,995,3714,2498,2182,316
05,064,almora,Rural,80+,8225,3322,4903,5904,1407,4497,2321,1915,406
05,064,almora,Rural,Age not stated,526,279,247,120,35,85,406,244,162
05,064,almora,Urban,All ages,62314,33722,28592,8906,3937,4969,53408,29785,23623
05,064,almora,Urban,0-6,5707,3067,2640,5707,3067,2640,0,0,0
05,064,almora,Urban,7,975,520,455,113,58,55,862,462,400
05,064,almora,Urban,8,936,499,437,39,28,11,897,471,426
05,064,almora,Urban,9,995,546,449,38,19,19,957,527,430
05,064,almora,Urban,10,1143,626,517,29,15,14,1114,611,503
05,064,almora,Urban,11,1038,583,455,13,6,7,1025,577,448
05,064,almora,Urban,12,1082,562,520,6,4,2,1076,558,518
05,064,almora,Urban,13,1013,557,456,5,3,2,1008,554,454
05,064,almora,Urban,14,1158,628,530,10,5,5,1148,623,525
05,064,almora,Urban,15,1175,621,554,9,4,5,1166,617,549
05,064,almora,Urban,16,1203,614,589,15,9,6,1188,605,583
05,064,almora,Urban,17,1292,698,594,16,8,8,1276,690,586
05,064,almora,Urban,18,1468,830,638,12,7,5,1456,823,633
05,064,almora,Urban,19,1471,906,565,19,9,10,1452,897,555
05,064,almora,Urban,20-24,7096,4153,2943,145,71,74,6951,4082,2869
05,064,almora,Urban,25-29,5783,3116,2667,152,61,91,5631,3055,2576
05,064,almora,Urban,30-34,5340,2901,2439,197,81,116,5143,2820,2323
05,064,almora,Urban,35-39,4966,2603,2363,269,82,187,4697,2521,2176
05,064,almora,Urban,40-44,4397,2364,2033,285,73,212,4112,2291,1821
05,064,almora,Urban,45-49,3782,1964,1818,330,72,258,3452,1892,1560
05,064,almora,Urban,50-54,3081,1704,1377,284,68,216,2797,1636,1161
05,064,almora,Urban,55-59,2284,1238,1046,238,41,197,2046,1197,849
05,064,almora,Urban,60-64,1697,856,841,261,39,222,1436,817,619
05,064,almora,Urban,65-69,1129,550,579,215,33,182,914,517,397
05,064,almora,Urban,70-74,786,392,394,176,33,143,610,359,251
05,064,almora,Urban,75-79,485,223,262,114,19,95,371,204,167
05,064,almora,Urban,80+,679,275,404,202,18,184,477,257,220
05,064,almora,Urban,Age not stated,153,126,27,7,4,3,146,122,24
05,065,champawat,Total,All ages,259648,131125,128523,81922,29110,52812,177726,102015,75711
05,065,champawat,Total,0-6,37028,19766,17262,37028,19766,17262,0,0,0
05,065,champawat,Total,7,5946,3109,2837,1026,488,538,4920,2621,2299
05,065,champawat,Total,8,5967,3136,2831,369,179,190,5598,2957,2641
05,065,champawat,Total,9,5958,3102,2856,312,146,166,5646,2956,2690
05,065,champawat,Total,10,6882,3571,3311,371,186,185,6511,3385,3126
05,065,champawat,Total,11,6106,3167,2939,121,58,63,5985,3109,2876
05,065,champawat,Total,12,6670,3471,3199,93,38,55,6577,3433,3144
05,065,champawat,Total,13,5984,3002,2982,90,37,53,5894,2965,2929
05,065,champawat,Total,14,6206,3120,3086,111,49,62,6095,3071,3024
05,065,champawat,Total,15,6274,3271,3003,132,48,84,6142,3223,2919
05,065,champawat,Total,16,5824,2989,2835,132,48,84,5692,2941,2751
05,065,champawat,Total,17,5040,2674,2366,112,34,78,4928,2640,2288
05,065,champawat,Total,18,5790,3047,2743,200,68,132,5590,2979,2611
05,065,champawat,Total,19,4675,2402,2273,178,67,111,4497,2335,2162
05,065,champawat,Total,20-24,22473,11235,11238,1477,337,1140,20996,10898,10098
05,065,champawat,Total,25-29,20093,9676,10417,2459,400,2059,17634,9276,8358
05,065,champawat,Total,30-34,17166,8496,8670,3203,485,2718,13963,8011,5952
05,065,champawat,Total,35-39,16667,7942,8725,4317,638,3679,12350,7304,5046
05,065,champawat,Total,40-44,14364,7240,7124,4342,735,3607,10022,6505,3517
05,065,champawat,Total,45-49,12525,6351,6174,4370,781,3589,8155,5570,2585
05,065,champawat,Total,50-54,10088,5042,5046,3960,721,3239,6128,4321,1807
05,065,champawat,Total,55-59,8361,3887,4474,3864,604,3260,4497,3283,1214
05,065,champawat,Total,60-64,9190,4597,4593,4902,1092,3810,4288,3505,783
05,065,champawat,Total,65-69,5571,2683,2888,3159,682,2477,2412,2001,411
05,065,champawat,Total,70-74,4191,1967,2224,2594,598,1996,1597,1369,228
05,065,champawat,Total,75-79,2078,990,1088,1340,346,994,738,644,94
05,065,champawat,Total,80+,2434,1136,1298,1625,466,1159,809,670,139
05,065,champawat,Total,Age not stated,97,56,41,35,13,22,62,43,19
05,065,champawat,Rural,All ages,221305,110842,110463,71395,24463,46932,149910,86379,63531
05,065,champawat,Rural,0-6,32342,17198,15144,32342,17198,15144,0,0,0
05,065,champawat,Rural,7,5077,2617,2460,844,392,452,4233,2225,2008
05,065,champawat,Rural,8,5173,2679,2494,293,136,157,4880,2543,2337
05,065,champawat,Rural,9,5210,2708,2502,256,125,131,4954,2583,2371
05,065,champawat,Rural,10,5952,3070,2882,284,143,141,5668,2927,2741
05,065,champawat,Rural,11,5315,2750,2565,90,38,52,5225,2712,2513
05,065,champawat,Rural,12,5786,2992,2794,55,17,38,5731,2975,2756
05,065,champawat,Rural,13,5146,2561,2585,60,23,37,5086,2538,2548
05,065,champawat,Rural,14,5287,2651,2636,60,19,41,5227,2632,2595
05,065,champawat,Rural,15,5389,2802,2587,86,24,62,5303,2778,2525
05,065,champawat,Rural,16,4915,2482,2433,83,26,57,4832,2456,2376
05,065,champawat,Rural,17,4242,2256,1986,74,14,60,4168,2242,1926
05,065,champawat,Rural,18,4824,2497,2327,120,30,90,4704,2467,2237
05,065,champawat,Rural,19,3872,1966,1906,112,34,78,3760,1932,1828
05,065,champawat,Rural,20-24,18653,9228,9425,1070,158,912,17583,9070,8513
05,065,champawat,Rural,25-29,16918,8068,8850,1974,239,1735,14944,7829,7115
05,065,champawat,Rural,30-34,14397,7130,7267,2693,298,2395,11704,6832,4872
05,065,champawat,Rural,35-39,13919,6590,7329,3773,457,3316,10146,6133,4013
05,065,champawat,Rural,40-44,11876,5964,5912,3775,541,3234,8101,5423,2678
05,065,champawat,Rural,45-49,10330,5134,5196,3841,586,3255,6489,4548,1941
05,065,champawat,Rural,50-54,8389,4059,4330,3503,574,2929,4886,3485,1401
05,065,champawat,Rural,55-59,7236,3241,3995,3526,509,3017,3710,2732,978
05,065,champawat,Rural,60-64,8266,4130,4136,4477,960,3517,3789,3170,619
05,065,champawat,Rural,65-69,4965,2374,2591,2910,620,2290,2055,1754,301
05,065,champawat,Rural,70-74,3745,1750,1995,2364,534,1830,1381,1216,165
05,065,champawat,Rural,75-79,1879,893,986,1241,325,916,638,568,70
05,065,champawat,Rural,80+,2131,1009,1122,1462,431,1031,669,578,91
05,065,champawat,Rural,Age not stated,71,43,28,27,12,15,44,31,13
05,065,champawat,Urban,All ages,38343,20283,18060,10527,4647,5880,27816,15636,12180
05,065,champawat,Urban,0-6,4686,2568,2118,4686,2568,2118,0,0,0
05,065,champawat,Urban,7,869,492,377,182,96,86,687,396,291
05,065,champawat,Urban,8,794,457,337,76,43,33,718,414,304
05,065,champawat,Urban,9,748,394,354,56,21,35,692,373,319
05,065,champawat,Urban,10,930,501,429,87,43,44,843,458,385
05,065,champawat,Urban,11,791,417,374,31,20,11,760,397,363
05,065,champawat,Urban,12,884,479,405,38,21,17,846,458,388
05,065,champawat,Urban,13,838,441,397,30,14,16,808,427,381
05,065,champawat,Urban,14,919,469,450,51,30,21,868,439,429
05,065,champawat,Urban,15,885,469,416,46,24,22,839,445,394
05,065,champawat,Urban,16,909,507,402,49,22,27,860,485,375
05,065,champawat,Urban,17,798,418,380,38,20,18,760,398,362
05,065,champawat,Urban,18,966,550,416,80,38,42,886,512,374
05,065,champawat,Urban,19,803,436,367,66,33,33,737,403,334
05,065,champawat,Urban,20-24,3820,2007,1813,407,179,228,3413,1828,1585
05,065,champawat,Urban,25-29,3175,1608,1567,485,161,324,2690,1447,1243
05,065,champawat,Urban,30-34,2769,1366,1403,510,187,323,2259,1179,1080
05,065,champawat,Urban,35-39,2748,1352,1396,544,181,363,2204,1171,1033
05,065,champawat,Urban,40-44,2488,1276,1212,567,194,373,1921,1082,839
05,065,champawat,Urban,45-49,2195,1217,978,529,195,334,1666,1022,644
05,065,champawat,Urban,50-54,1699,983,716,457,147,310,1242,836,406
05,065,champawat,Urban,55-59,1125,646,479,338,95,243,787,551,236
05,065,champawat,Urban,60-64,924,467,457,425,132,293,499,335,164
05,065,champawat,Urban,65-69,606,309,297,249,62,187,357,247,110
05,065,champawat,Urban,70-74,446,217,229,230,64,166,216,153,63
05,065,champawat,Urban,75-79,199,97,102,99,21,78,100,76,24
05,065,champawat,Urban,80+,303,127,176,163,35,128,140,92,48
05,065,champawat,Urban,Age not stated,26,13,13,8,1,7,18,12,6
05,066,nainital,Total,All ages,954605,493666,460939,258105,107887,150218,696500,385779,310721
05,066,nainital,Total,0-6,124272,65337,58935,124272,65337,58935,0,0,0
05,066,nainital,Total,7,19236,10088,9148,3589,1867,1722,15647,8221,7426
05,066,nainital,Total,8,18906,10018,8888,1569,806,763,17337,9212,8125
05,066,nainital,Total,9,18259,9709,8550,1220,622,598,17039,9087,7952
05,066,nainital,Total,10,22258,11997,10261,1902,1008,894,20356,10989,9367
05,066,nainital,Total,11,19970,10650,9320,1080,576,504,18890,10074,8816
05,066,nainital,Total,12,20197,10641,9556,688,338,350,19509,10303,9206
05,066,nainital,Total,13,19269,10123,9146,613,311,302,18656,9812,8844
05,066,nainital,Total,14,20409,10575,9834,745,390,355,19664,10185,9479
05,066,nainital,Total,15,20999,10920,10079,937,466,471,20062,10454,9608
05,066,nainital,Total,16,20738,10967,9771,950,511,439,19788,10456,9332
05,066,nainital,Total,17,19517,10292,9225,828,431,397,18689,9861,8828
05,066,nainital,Total,18,23191,12536,10655,1529,845,684,21662,11691,9971
05,066,nainital,Total,19,18960,10066,8894,1050,511,539,17910,9555,8355
05,066,nainital,Total,20-24,94692,48516,46176,7191,2944,4247,87501,45572,41929
05,066,nainital,Total,25-29,81675,40627,41048,9074,3105,5969,72601,37522,35079
05,066,nainital,Total,30-34,70335,35823,34512,9987,3151,6836,60348,32672,27676
05,066,nainital,Total,35-39,66697,33618,33079,12564,3747,8817,54133,29871,24262
05,066,nainital,Total,40-44,56202,28929,27273,12661,3788,8873,43541,25141,18400
05,066,nainital,Total,45-49,49861,25713,24148,12564,3403,9161,37297,22310,14987
05,066,nainital,Total,50-54,39708,20963,18745,10753,2906,7847,28955,18057,10898
05,066,nainital,Total,55-59,30292,15215,15077,9427,2172,7255,20865,13043,7822
05,066,nainital,Total,60-64,28803,15004,13799,11087,2977,8110,17716,12027,5689
05,066,nainital,Total,65-69,18837,9646,9191,7460,1849,5611,11377,7797,3580
05,066,nainital,Total,70-74,13368,6844,6524,5981,1543,4438,7387,5301,2086
05,066,nainital,Total,75-79,7010,3517,3493,3242,802,2440,3768,2715,1053
05,066,nainital,Total,80+,9035,4274,4761,4662,1270,3392,4373,3004,1369
05,066,nainital,Total,Age not stated,1909,1058,851,480,211,269,1429,847,582
05,066,nainital,Rural,All ages,582871,299257,283614,164901,65003,99898,417970,234254,183716
05,066,nainital,Rural,0-6,79212,41526,37686,79212,41526,37686,0,0,0
05,066,nainital,Rural,7,12350,6434,5916,2185,1127,1058,10165,5307,4858
05,066,nainital,Rural,8,11931,6326,5605,817,405,412,11114,5921,5193
05,066,nainital,Rural,9,11875,6236,5639,759,382,377,11116,5854,5262
05,066,nainital,Rural,10,13999,7410,6589,1130,604,526,12869,6806,6063
05,066,nainital,Rural,11,12710,6719,5991,607,307,300,12103,6412,5691
05,066,nainital,Rural,12,12744,6612,6132,272,107,165,12472,6505,5967
05,066,nainital,Rural,13,12235,6326,5909,251,106,145,11984,6220,5764
05,066,nainital,Rural,14,12645,6519,6126,297,126,171,12348,6393,5955
05,066,nainital,Rural,15,12935,6696,6239,413,180,233,12522,6516,6006
05,066,nainital,Rural,16,12741,6655,6086,388,170,218,12353,6485,5868
05,066,nainital,Rural,17,11793,6187,5606,364,166,198,11429,6021,5408
05,066,nainital,Rural,18,13597,7327,6270,629,315,314,12968,7012,5956
05,066,nainital,Rural,19,11568,6129,5439,468,205,263,11100,5924,5176
05,066,nainital,Rural,20-24,55651,28165,27486,3465,1173,2292,52186,26992,25194
05,066,nainital,Rural,25-29,48167,23675,24492,4877,1372,3505,43290,22303,20987
05,066,nainital,Rural,30-34,41395,21065,20330,5830,1467,4363,35565,19598,15967
05,066,nainital,Rural,35-39,39140,19632,19508,7775,1901,5874,31365,17731,13634
05,066,nainital,Rural,40-44,33150,17004,16146,8157,2065,6092,24993,14939,10054
05,066,nainital,Rural,45-49,29488,15114,14374,8413,2013,6400,21075,13101,7974
05,066,nainital,Rural,50-54,23639,12344,11295,7492,1746,5746,16147,10598,5549
05,066,nainital,Rural,55-59,18581,9073,9508,6803,1413,5390,11778,7660,4118
05,066,nainital,Rural,60-64,18566,9672,8894,8061,1982,6079,10505,7690,2815
05,066,nainital,Rural,65-69,12093,6091,6002,5525,1309,4216,6568,4782,1786
05,066,nainital,Rural,70-74,8863,4512,4351,4494,1121,3373,4369,3391,978
05,066,nainital,Rural,75-79,4592,2302,2290,2457,623,1834,2135,1679,456
05,066,nainital,Rural,80+,6009,2848,3161,3464,979,2485,2545,1869,676
05,066,nainital,Rural,Age not stated,1202,658,544,296,113,183,906,545,361
05,066,nainital,Urban,All ages,371734,194409,177325,93204,42884,50320,278530,151525,127005
05,066,nainital,Urban,0-6,45060,23811,21249,45060,23811,21249,0,0,0
05,066,nainital,Urban,7,6886,3654,3232,1404,740,664,5482,2914,2568
05,066,nainital,Urban,8,6975,3692,3283,752,401,351,6223,3291,2932
05,066,nainital,Urban,9,6384,3473,2911,461,240,221,5923,3233,2690
05,066,nainital,Urban,10,8259,4587,3672,772,404,368,7487,4183,3304
05,066,nainital,Urban,11,7260,3931,3329,473,269,204,6787,3662,3125
05,066,nainital,Urban,12,7453,4029,3424,416,231,185,7037,3798,3239
05,066,nainital,Urban,13,7034,3797,3237,362,205,157,6672,3592,3080
05,066,nainital,Urban,14,7764,4056,3708,448,264,184,7316,3792,3524
05,066,nainital,Urban,15,8064,4224,3840,524,286,238,7540,3938,3602
05,066,nainital,Urban,16,7997,4312,3685,562,341,221,7435,3971,3464
05,066,nainital,Urban,17,7724,4105,3619,464,265,199,7260,3840,3420
05,066,nainital,Urban,18,9594,5209,4385,900,530,370,8694,4679,4015
05,066,nainital,Urban,19,7392,3937,3455,582,306,276,6810,3631,3179
05,066,nainital,Urban,20-24,39041,20351,18690,3726,1771,1955,35315,18580,16735
05,066,nainital,Urban,25-29,33508,16952,16556,4197,1733,2464,29311,15219,14092
05,066,nainital,Urban,30-34,28940,14758,14182,4157,1684,2473,24783,13074,11709
05,066,nainital,Urban,35-39,27557,13986,13571,4789,1846,2943,22768,12140,10628
05,066,nainital,Urban,40-44,23052,11925,11127,4504,1723,2781,18548,10202,8346
05,066,nainital,Urban,45-49,20373,10599,9774,4151,1390,2761,16222,9209,7013
05,066,nainital,Urban,50-54,16069,8619,7450,3261,1160,2101,12808,7459,5349
05,066,nainital,Urban,55-59,11711,6142,5569,2624,759,1865,9087,5383,3704
05,066,nainital,Urban,60-64,10237,5332,4905,3026,995,2031,7211,4337,2874
05,066,nainital,Urban,65-69,6744,3555,3189,1935,540,1395,4809,3015,1794
05,066,nainital,Urban,70-74,4505,2332,2173,1487,422,1065,3018,1910,1108
05,066,nainital,Urban,75-79,2418,1215,1203,785,179,606,1633,1036,597
05,066,nainital,Urban,80+,3026,1426,1600,1198,291,907,1828,1135,693
05,066,nainital,Urban,Age not stated,707,400,307,184,98,86,523,302,221
05,067,udham singh nagar,Total,All ages,1648902,858783,790119,611063,260258,350805,1037839,598525,439314
05,067,udham singh nagar,Total,0-6,229162,120687,108475,229162,120687,108475,0,0,0
05,067,udham singh nagar,Total,7,36469,19289,17180,8649,4336,4313,27820,14953,12867
05,067,udham singh nagar,Total,8,37121,19628,17493,4473,2231,2242,32648,17397,15251
05,067,udham singh nagar,Total,9,34622,18393,16229,3768,1871,1897,30854,16522,14332
05,067,udham singh nagar,Total,10,46016,24793,21223,5706,2853,2853,40310,21940,18370
05,067,udham singh nagar,Total,11,36405,19399,17006,3392,1624,1768,33013,17775,15238
05,067,udham singh nagar,Total,12,41002,21819,19183,2860,1322,1538,38142,20497,17645
05,067,udham singh nagar,Total,13,37706,19525,18181,2563,1077,1486,35143,18448,16695
05,067,udham singh nagar,Total,14,40520,21050,19470,3028,1284,1744,37492,19766,17726
05,067,udham singh nagar,Total,15,41931,21962,19969,3903,1614,2289,38028,20348,17680
05,067,udham singh nagar,Total,16,41395,21376,20019,4120,1648,2472,37275,19728,17547
05,067,udham singh nagar,Total,17,35817,19094,16723,3560,1492,2068,32257,17602,14655
05,067,udham singh nagar,Total,18,47391,25717,21674,5823,2422,3401,41568,23295,18273
05,067,udham singh nagar,Total,19,34496,18537,15959,4142,1624,2518,30354,16913,13441
05,067,udham singh nagar,Total,20-24,168034,87566,80468,27599,9517,18082,140435,78049,62386
05,067,udham singh nagar,Total,25-29,134527,68188,66339,32577,10425,22152,101950,57763,44187
05,067,udham singh nagar,Total,30-34,115610,57961,57649,36755,11559,25196,78855,46402,32453
05,067,udham singh nagar,Total,35-39,111419,56996,54423,41605,13983,27622,69814,43013,26801
05,067,udham singh nagar,Total,40-44,90638,47460,43178,36972,13498,23474,53666,33962,19704
05,067,udham singh nagar,Total,45-49,74703,39779,34924,31979,11764,20215,42724,28015,14709
05,067,udham singh nagar,Total,50-54,54650,29327,25323,25083,9400,15683,29567,19927,9640
05,067,udham singh nagar,Total,55-59,43716,21174,22542,22516,6919,15597,21200,14255,6945
05,067,udham singh nagar,Total,60-64,45123,23435,21688,26785,10285,16500,18338,13150,5188
05,067,udham singh nagar,Total,65-69,27585,14056,13529,16435,6186,10249,11150,7870,3280
05,067,udham singh nagar,Total,70-74,19089,10023,9066,12340,4996,7344,6749,5027,1722
05,067,udham singh nagar,Total,75-79,8552,4154,4398,5632,2017,3615,2920,2137,783
05,067,udham singh nagar,Total,80+,13508,6424,7084,8958,3290,5668,4550,3134,1416
05,067,udham singh nagar,Total,Age not stated,1695,971,724,678,334,344,1017,637,380
05,067,udham singh nagar,Rural,All ages,1062142,550470,511672,409425,171033,238392,652717,379437,273280
05,067,udham singh nagar,Rural,0-6,149886,78825,71061,149886,78825,71061,0,0,0
05,067,udham singh nagar,Rural,7,23754,12520,11234,5291,2679,2612,18463,9841,8622
05,067,udham singh nagar,Rural,8,24248,12834,11414,2602,1291,1311,21646,11543,10103
05,067,udham singh nagar,Rural,9,22527,11924,10603,2100,1016,1084,20427,10908,9519
05,067,udham singh nagar,Rural,10,30304,16241,14063,3236,1588,1648,27068,14653,12415
05,067,udham singh nagar,Rural,11,23931,12669,11262,1921,903,1018,22010,11766,10244
05,067,udham singh nagar,Rural,12,27211,14397,12814,1521,659,862,25690,13738,11952
05,067,udham singh nagar,Rural,13,25069,12961,12108,1403,533,870,23666,12428,11238
05,067,udham singh nagar,Rural,14,26757,13854,12903,1633,630,1003,25124,13224,11900
05,067,udham singh nagar,Rural,15,27485,14384,13101,2172,815,1357,25313,13569,11744
05,067,udham singh nagar,Rural,16,27156,13934,13222,2371,864,1507,24785,13070,11715
05,067,udham singh nagar,Rural,17,22808,12153,10655,2000,752,1248,20808,11401,9407
05,067,udham singh nagar,Rural,18,30467,16451,14016,3487,1322,2165,26980,15129,11851
05,067,udham singh nagar,Rural,19,21648,11489,10159,2438,841,1597,19210,10648,8562
05,067,udham singh nagar,Rural,20-24,104427,54222,50205,17408,5463,11945,87019,48759,38260
05,067,udham singh nagar,Rural,25-29,83014,41838,41176,21169,6425,14744,61845,35413,26432
05,067,udham singh nagar,Rural,30-34,72965,36241,36724,24946,7483,17463,48019,28758,19261
05,067,udham singh nagar,Rural,35-39,70627,36030,34597,28510,9368,19142,42117,26662,15455
05,067,udham singh nagar,Rural,40-44,57386,29802,27584,25636,9181,16455,31750,20621,11129
05,067,udham singh nagar,Rural,45-49,46510,24635,21875,21969,7972,13997,24541,16663,7878
05,067,udham singh nagar,Rural,50-54,34227,18149,16078,17632,6555,11077,16595,11594,5001
05,067,udham singh nagar,Rural,55-59,28268,13139,15129,16213,4851,11362,12055,8288,3767
05,067,udham singh nagar,Rural,60-64,31302,16275,15027,20011,7769,12242,11291,8506,2785
05,067,udham singh nagar,Rural,65-69,19353,9859,9494,12482,4729,7753,6871,5130,1741
05,067,udham singh nagar,Rural,70-74,13579,7228,6351,9479,3981,5498,4100,3247,853
05,067,udham singh nagar,Rural,75-79,6145,2976,3169,4399,1613,2786,1746,1363,383
05,067,udham singh nagar,Rural,80+,9672,4647,5025,6902,2625,4277,2770,2022,748
05,067,udham singh nagar,Rural,Age not stated,1416,793,623,608,300,308,808,493,315
05,067,udham singh nagar,Urban,All ages,586760,308313,278447,201638,89225,112413,385122,219088,166034
05,067,udham singh nagar,Urban,0-6,79276,41862,37414,79276,41862,37414,0,0,0
05,067,udham singh nagar,Urban,7,12715,6769,5946,3358,1657,1701,9357,5112,4245
05,067,udham singh nagar,Urban,8,12873,6794,6079,1871,940,931,11002,5854,5148
05,067,udham singh nagar,Urban,9,12095,6469,5626,1668,855,813,10427,5614,4813
05,067,udham singh nagar,Urban,10,15712,8552,7160,2470,1265,1205,13242,7287,5955
05,067,udham singh nagar,Urban,11,12474,6730,5744,1471,721,750,11003,6009,4994
05,067,udham singh nagar,Urban,12,13791,7422,6369,1339,663,676,12452,6759,5693
05,067,udham singh nagar,Urban,13,12637,6564,6073,1160,544,616,11477,6020,5457
05,067,udham singh nagar,Urban,14,13763,7196,6567,1395,654,741,12368,6542,5826
05,067,udham singh nagar,Urban,15,14446,7578,6868,1731,799,932,12715,6779,5936
05,067,udham singh nagar,Urban,16,14239,7442,6797,1749,784,965,12490,6658,5832
05,067,udham singh nagar,Urban,17,13009,6941,6068,1560,740,820,11449,6201,5248
05,067,udham singh nagar,Urban,18,16924,9266,7658,2336,1100,1236,14588,8166,6422
05,067,udham singh nagar,Urban,19,12848,7048,5800,1704,783,921,11144,6265,4879
05,067,udham singh nagar,Urban,20-24,63607,33344,30263,10191,4054,6137,53416,29290,24126
05,067,udham singh nagar,Urban,25-29,51513,26350,25163,11408,4000,7408,40105,22350,17755
05,067,udham singh nagar,Urban,30-34,42645,21720,20925,11809,4076,7733,30836,17644,13192
05,067,udham singh nagar,Urban,35-39,40792,20966,19826,13095,4615,8480,27697,16351,11346
05,067,udham singh nagar,Urban,40-44,33252,17658,15594,11336,4317,7019,21916,13341,8575
05,067,udham singh nagar,Urban,45-49,28193,15144,13049,10010,3792,6218,18183,11352,6831
05,067,udham singh nagar,Urban,50-54,20423,11178,9245,7451,2845,4606,12972,8333,4639
05,067,udham singh nagar,Urban,55-59,15448,8035,7413,6303,2068,4235,9145,5967,3178
05,067,udham singh nagar,Urban,60-64,13821,7160,6661,6774,2516,4258,7047,4644,2403
05,067,udham singh nagar,Urban,65-69,8232,4197,4035,3953,1457,2496,4279,2740,1539
05,067,udham singh nagar,Urban,70-74,5510,2795,2715,2861,1015,1846,2649,1780,869
05,067,udham singh nagar,Urban,75-79,2407,1178,1229,1233,404,829,1174,774,400
05,067,udham singh nagar,Urban,80+,3836,1777,2059,2056,665,1391,1780,1112,668
05,067,udham singh nagar,Urban,Age not stated,279,178,101,70,34,36,209,144,65
05,068,hardwar,Total,All ages,1890422,1005295,885127,712068,313884,398184,1178354,691411,486943
05,068,hardwar,Total,0-6,285693,152173,133520,285693,152173,133520,0,0,0
05,068,hardwar,Total,7,41665,22198,19467,12793,6674,6119,28872,15524,13348
05,068,hardwar,Total,8,47358,25682,21676,8091,4178,3913,39267,21504,17763
05,068,hardwar,Total,9,37601,20470,17131,4896,2624,2272,32705,17846,14859
05,068,hardwar,Total,10,52698,28879,23819,6906,3548,3358,45792,25331,20461
05,068,hardwar,Total,11,38603,21141,17462,3677,1886,1791,34926,19255,15671
05,068,hardwar,Total,12,48210,26327,21883,4138,2034,2104,44072,24293,19779
05,068,hardwar,Total,13,40161,21249,18912,3215,1485,1730,36946,19764,17182
05,068,hardwar,Total,14,44112,23502,20610,3881,1788,2093,40231,21714,18517
05,068,hardwar,Total,15,44958,23549,21409,4635,2063,2572,40323,21486,18837
05,068,hardwar,Total,16,45892,23728,22164,5069,2267,2802,40823,21461,19362
05,068,hardwar,Total,17,39128,20743,18385,4193,1783,2410,34935,18960,15975
05,068,hardwar,Total,18,55180,30243,24937,7361,3169,4192,47819,27074,20745
05,068,hardwar,Total,19,39187,21601,17586,4692,1935,2757,34495,19666,14829
05,068,hardwar,Total,20-24,193565,103878,89687,31788,11262,20526,161777,92616,69161
05,068,hardwar,Total,25-29,153109,80861,72248,35255,12020,23235,117854,68841,49013
05,068,hardwar,Total,30-34,128126,65736,62390,38684,12619,26065,89442,53117,36325
05,068,hardwar,Total,35-39,123338,64675,58663,44690,15221,29469,78648,49454,29194
05,068,hardwar,Total,40-44,101057,53798,47259,40621,14575,26046,60436,39223,21213
05,068,hardwar,Total,45-49,82864,44615,38249,34422,12482,21940,48442,32133,16309
05,068,hardwar,Total,50-54,60690,33097,27593,25760,9944,15816,34930,23153,11777
05,068,hardwar,Total,55-59,49769,24310,25459,23196,7106,16090,26573,17204,9369
05,068,hardwar,Total,60-64,50923,26906,24017,27085,10391,16694,23838,16515,7323
05,068,hardwar,Total,65-69,33579,17661,15918,18465,6837,11628,15114,10824,4290
05,068,hardwar,Total,70-74,23971,13073,10898,14792,6267,8525,9179,6806,2373
05,068,hardwar,Total,75-79,11180,5903,5277,6919,2787,4132,4261,3116,1145
05,068,hardwar,Total,80+,16117,8333,7784,10603,4508,6095,5514,3825,1689
05,068,hardwar,Total,Age not stated,1688,964,724,548,258,290,1140,706,434
05,068,hardwar,Rural,All ages,1197328,633784,563544,514712,224731,289981,682616,409053,273563
05,068,hardwar,Rural,0-6,197796,105031,92765,197796,105031,92765,0,0,0
05,068,hardwar,Rural,7,28542,15192,13350,9608,5074,4534,18934,10118,8816
05,068,hardwar,Rural,8,33026,17878,15148,6087,3138,2949,26939,14740,12199
05,068,hardwar,Rural,9,25767,13948,11819,3668,1947,1721,22099,12001,10098
05,068,hardwar,Rural,10,36974,20126,16848,5137,2626,2511,31837,17500,14337
05,068,hardwar,Rural,11,26394,14376,12018,2682,1349,1333,23712,13027,10685
05,068,hardwar,Rural,12,33406,18210,15196,2955,1399,1556,30451,16811,13640
05,068,hardwar,Rural,13,27560,14492,13068,2239,974,1265,25321,13518,11803
05,068,hardwar,Rural,14,30208,16034,14174,2759,1224,1535,27449,14810,12639
05,068,hardwar,Rural,15,30522,15873,14649,3269,1389,1880,27253,14484,12769
05,068,hardwar,Rural,16,31409,16061,15348,3630,1520,2110,27779,14541,13238
05,068,hardwar,Rural,17,25633,13447,12186,2960,1155,1805,22673,12292,10381
05,068,hardwar,Rural,18,36942,19893,17049,5327,2106,3221,31615,17787,13828
05,068,hardwar,Rural,19,24837,13277,11560,3355,1273,2082,21482,12004,9478
05,068,hardwar,Rural,20-24,117728,62283,55445,23219,7585,15634,94509,54698,39811
05,068,hardwar,Rural,25-29,87799,46710,41089,26220,8590,17630,61579,38120,23459
05,068,hardwar,Rural,30-34,74465,37675,36790,29380,9380,20000,45085,28295,16790
05,068,hardwar,Rural,35-39,73695,38364,35331,33678,11364,22314,40017,27000,13017
05,068,hardwar,Rural,40-44,60612,32490,28122,30195,10907,19288,30417,21583,8834
05,068,hardwar,Rural,45-49,47683,25931,21752,24961,9196,15765,22722,16735,5987
05,068,hardwar,Rural,50-54,33772,18709,15063,18688,7385,11303,15084,11324,3760
05,068,hardwar,Rural,55-59,27632,13036,14596,17168,5396,11772,10464,7640,2824
05,068,hardwar,Rural,60-64,30484,16091,14393,20452,8137,12315,10032,7954,2078
05,068,hardwar,Rural,65-69,20381,10332,10049,14127,5400,8727,6254,4932,1322
05,068,hardwar,Rural,70-74,15335,8361,6974,11318,5015,6303,4017,3346,671
05,068,hardwar,Rural,75-79,7099,3726,3373,5370,2296,3074,1729,1430,299
05,068,hardwar,Rural,80+,10664,5680,4984,8142,3720,4422,2522,1960,562
05,068,hardwar,Rural,Age not stated,963,558,405,322,155,167,641,403,238
05,068,hardwar,Urban,All ages,693094,371511,321583,197356,89153,108203,495738,282358,213380
05,068,hardwar,Urban,0-6,87897,47142,40755,87897,47142,40755,0,0,0
05,068,hardwar,Urban,7,13123,7006,6117,3185,1600,1585,9938,5406,4532
05,068,hardwar,Urban,8,14332,7804,6528,2004,1040,964,12328,6764,5564
05,068,hardwar,Urban,9,11834,6522,5312,1228,677,551,10606,5845,4761
05,068,hardwar,Urban,10,15724,8753,6971,1769,922,847,13955,7831,6124
05,068,hardwar,Urban,11,12209,6765,5444,995,537,458,11214,6228,4986
05,068,hardwar,Urban,12,14804,8117,6687,1183,635,548,13621,7482,6139
05,068,hardwar,Urban,13,12601,6757,5844,976,511,465,11625,6246,5379
05,068,hardwar,Urban,14,13904,7468,6436,1122,564,558,12782,6904,5878
05,068,hardwar,Urban,15,14436,7676,6760,1366,674,692,13070,7002,6068
05,068,hardwar,Urban,16,14483,7667,6816,1439,747,692,13044,6920,6124
05,068,hardwar,Urban,17,13495,7296,6199,1233,628,605,12262,6668,5594
05,068,hardwar,Urban,18,18238,10350,7888,2034,1063,971,16204,9287,6917
05,068,hardwar,Urban,19,14350,8324,6026,1337,662,675,13013,7662,5351
05,068,hardwar,Urban,20-24,75837,41595,34242,8569,3677,4892,67268,37918,29350
05,068,hardwar,Urban,25-29,65310,34151,31159,9035,3430,5605,56275,30721,25554
05,068,hardwar,Urban,30-34,53661,28061,25600,9304,3239,6065,44357,24822,19535
05,068,hardwar,Urban,35-39,49643,26311,23332,11012,3857,7155,38631,22454,16177
05,068,hardwar,Urban,40-44,40445,21308,19137,10426,3668,6758,30019,17640,12379
05,068,hardwar,Urban,45-49,35181,18684,16497,9461,3286,6175,25720,15398,10322
05,068,hardwar,Urban,50-54,26918,14388,12530,7072,2559,4513,19846,11829,8017
05,068,hardwar,Urban,55-59,22137,11274,10863,6028,1710,4318,16109,9564,6545
05,068,hardwar,Urban,60-64,20439,10815,9624,6633,2254,4379,13806,8561,5245
05,068,hardwar,Urban,65-69,13198,7329,5869,4338,1437,2901,8860,5892,2968
05,068,hardwar,Urban,70-74,8636,4712,3924,3474,1252,2222,5162,3460,1702
05,068,hardwar,Urban,75-79,4081,2177,1904,1549,491,1058,2532,1686,846
05,068,hardwar,Urban,80+,5453,2653,2800,2461,788,1673,2992,1865,1127
05,068,hardwar,Urban,Age not stated,725,406,319,226,103,123,499,303,196
19,327,darjiling,Total,All ages,1846823,937259,909564,531238,219586,311652,1315585,717673,597912
19,327,darjiling,Total,0-6,193169,98933,94236,193169,98933,94236,0,0,0
19,327,darjiling,Total,7,33588,17272,16316,7497,3842,3655,26091,13430,12661
19,327,darjiling,Total,8,33414,17061,16353,2943,1484,1459,30471,15577,14894
19,327,darjiling,Total,9,32966,16896,16070,1973,930,1043,30993,15966,15027
19,327,darjiling,Total,10,38378,19758,18620,2271,1128,1143,36107,18630,17477
19,327,darjiling,Total,11,36441,18678,17763,1521,724,797,34920,17954,16966
19,327,darjiling,Total,12,38916,19921,18995,1653,811,842,37263,19110,18153
19,327,darjiling,Total,13,36699,18653,18046,1442,660,782,35257,17993,17264
19,327,darjiling,Total,14,37708,18980,18728,1686,771,915,36022,18209,17813
19,327,darjiling,Total,15,38162,19538,18624,2104,985,1119,36058,18553,17505
19,327,darjiling,Total,16,37658,19102,18556,2247,980,1267,35411,18122,17289
19,327,darjiling,Total,17,35595,18651,16944,2172,975,1197,33423,17676,15747
19,327,darjiling,Total,18,41653,21441,20212,3374,1416,1958,38279,20025,18254
19,327,darjiling,Total,19,35315,17763,17552,2852,989,1863,32463,16774,15689
19,327,darjiling,Total,20-24,184729,90723,94006,20716,7158,13558,164013,83565,80448
19,327,darjiling,Total,25-29,176830,86600,90230,27902,9440,18462,148928,77160,71768
19,327,darjiling,Total,30-34,149366,73972,75394,28052,9711,18341,121314,64261,57053
19,327,darjiling,Total,35-39,145287,71779,73508,35025,11542,23483,110262,60237,50025
19,327,darjiling,Total,40-44,123783,63704,60079,36218,12436,23782,87565,51268,36297
19,327,darjiling,Total,45-49,104852,53900,50952,34833,12076,22757,70019,41824,28195
19,327,darjiling,Total,50-54,86320,45686,40634,30852,10859,19993,55468,34827,20641
19,327,darjiling,Total,55-59,62319,32778,29541,23256,7765,15491,39063,25013,14050
19,327,darjiling,Total,60-64,52160,27078,25082,22918,7759,15159,29242,19319,9923
19,327,darjiling,Total,65-69,34984,18547,16437,16066,5528,10538,18918,13019,5899
19,327,darjiling,Total,70-74,24956,13269,11687,12599,4621,7978,12357,8648,3709
19,327,darjiling,Total,75-79,13851,7444,6407,7184,2739,4445,6667,4705,1962
19,327,darjiling,Total,80+,15389,7880,7509,8151,3108,5043,7238,4772,2466
19,327,darjiling,Total,Age not stated,2335,1252,1083,562,216,346,1773,1036,737
19,327,darjiling,Rural,All ages,1118860,566965,551895,382036,156183,225853,736824,410782,326042
19,327,darjiling,Rural,0-6,126773,64529,62244,126773,64529,62244,0,0,0
19,327,darjiling,Rural,7,21655,11095,10560,5654,2873,2781,16001,8222,7779
19,327,darjiling,Rural,8,21235,10819,10416,2148,1081,1067,19087,9738,9349
19,327,darjiling,Rural,9,20655,10524,10131,1386,647,739,19269,9877,9392
19,327,darjiling,Rural,10,24174,12355,11819,1606,809,797,22568,11546,11022
19,327,darjiling,Rural,11,22566,11421,11145,1045,511,534,21521,10910,10611
19,327,darjiling,Rural,12,24387,12451,11936,1158,559,599,23229,11892,11337
19,327,darjiling,Rural,13,23018,11629,11389,1001,454,547,22017,11175,10842
19,327,darjiling,Rural,14,23905,12049,11856,1206,544,662,22699,11505,11194
19,327,darjiling,Rural,15,24264,12282,11982,1477,685,792,22787,11597,11190
19,327,darjiling,Rural,16,24450,12330,12120,1652,711,941,22798,11619,11179
19,327,darjiling,Rural,17,22650,11805,10845,1583,706,877,21067,11099,9968
19,327,darjiling,Rural,18,26649,13762,12887,2468,988,1480,24181,12774,11407
19,327,darjiling,Rural,19,22308,11277,11031,2189,753,1436,20119,10524,9595
19,327,darjiling,Rural,20-24,115814,57038,58776,15847,5312,10535,99967,51726,48241
19,327,darjiling,Rural,25-29,105933,52130,53803,21429,7234,14195,84504,44896,39608
19,327,darjiling,Rural,30-34,85760,42547,43213,21308,7345,13963,64452,35202,29250
19,327,darjiling,Rural,35-39,83305,41364,41941,26517,8732,17785,56788,32632,24156
19,327,darjiling,Rural,40-44,71023,36259,34764,27651,9378,18273,43372,26881,16491
19,327,darjiling,Rural,45-49,59511,30292,29219,26685,9259,17426,32826,21033,11793
19,327,darjiling,Rural,50-54,49861,26086,23775,23704,8395,15309,26157,17691,8466
19,327,darjiling,Rural,55-59,35636,18568,17068,17816,6018,11798,17820,12550,5270
19,327,darjiling,Rural,60-64,30610,15997,14613,17405,6152,11253,13205,9845,3360
19,327,darjiling,Rural,65-69,20510,10833,9677,12095,4339,7756,8415,6494,1921
19,327,darjiling,Rural,70-74,14494,7854,6640,9142,3566,5576,5352,4288,1064
19,327,darjiling,Rural,75-79,8062,4469,3593,5225,2157,3068,2837,2312,525
19,327,darjiling,Rural,80+,8615,4606,4009,5587,2335,3252,3028,2271,757
19,327,darjiling,Rural,Age not stated,1037,594,443,279,111,168,758,483,275
19,327,darjiling,Urban,All ages,727963,370294,357669,149202,63403,85799,578761,306891,271870
19,327,darjiling,Urban,0-6,66396,34404,31992,66396,34404,31992,0,0,0
19,327,darjiling,Urban,7,11933,6177,5756,1843,969,874,10090,5208,4882
19,327,darjiling,Urban,8,12179,6242,5937,795,403,392,11384,5839,5545
19,327,darjiling,Urban,9,12311,6372,5939,587,283,304,11724,6089,5635
19,327,darjiling,Urban,10,14204,7403,6801,665,319,346,13539,7084,6455
19,327,darjiling,Urban,11,13875,7257,6618,476,213,263,13399,7044,6355
19,327,darjiling,Urban,12,14529,7470,7059,495,252,243,14034,7218,6816
19,327,darjiling,Urban,13,13681,7024,6657,441,206,235,13240,6818,6422
19,327,darjiling,Urban,14,13803,6931,6872,480,227,253,13323,6704,6619
19,327,darjiling,Urban,15,13898,7256,6642,627,300,327,13271,6956,6315
19,327,darjiling,Urban,16,13208,6772,6436,595,269,326,12613,6503,6110
19,327,darjiling,Urban,17,12945,6846,6099,589,269,320,12356,6577,5779
19,327,darjiling,Urban,18,15004,7679,7325,906,428,478,14098,7251,6847
19,327,darjiling,Urban,19,13007,6486,6521,663,236,427,12344,6250,6094
19,327,darjiling,Urban,20-24,68915,33685,35230,4869,1846,3023,64046,31839,32207
19,327,darjiling,Urban,25-29,70897,34470,36427,6473,2206,4267,64424,32264,32160
19,327,darjiling,Urban,30-34,63606,31425,32181,6744,2366,4378,56862,29059,27803
19,327,darjiling,Urban,35-39,61982,30415,31567,8508,2810,5698,53474,27605,25869
19,327,darjiling,Urban,40-44,52760,27445,25315,8567,3058,5509,44193,24387,19806
19,327,darjiling,Urban,45-49,45341,23608,21733,8148,2817,5331,37193,20791,16402
19,327,darjiling,Urban,50-54,36459,19600,16859,7148,2464,4684,29311,17136,12175
19,327,darjiling,Urban,55-59,26683,14210,12473,5440,1747,3693,21243,12463,8780
19,327,darjiling,Urban,60-64,21550,11081,10469,5513,1607,3906,16037,9474,6563
19,327,darjiling,Urban,65-69,14474,7714,6760,3971,1189,2782,10503,6525,3978
19,327,darjiling,Urban,70-74,10462,5415,5047,3457,1055,2402,7005,4360,2645
19,327,darjiling,Urban,75-79,5789,2975,2814,1959,582,1377,3830,2393,1437
19,327,darjiling,Urban,80+,6774,3274,3500,2564,773,1791,4210,2501,1709
19,327,darjiling,Urban,Age not stated,1298,658,640,283,105,178,1015,553,462
19,328,jalpaiguri,Total,All ages,3872846,1983064,1889782,1374066,586442,787624,2498780,1396622,1102158
19,328,jalpaiguri,Total,0-6,461700,236117,225583,461700,236117,225583,0,0,0
19,328,jalpaiguri,Total,7,72665,36761,35904,16530,8376,8154,56135,28385,27750
19,328,jalpaiguri,Total,8,74014,38417,35597,7239,3718,3521,66775,34699,32076
19,328,jalpaiguri,Total,9,71363,36236,35127,4535,2227,2308,66828,34009,32819
19,328,jalpaiguri,Total,10,82013,42063,39950,5234,2703,2531,76779,39360,37419
19,328,jalpaiguri,Total,11,77312,39114,38198,3735,1895,1840,73577,37219,36358
19,328,jalpaiguri,Total,12,83513,42876,40637,4008,2021,1987,79505,40855,38650
19,328,jalpaiguri,Total,13,80053,40271,39782,3858,1904,1954,76195,38367,37828
19,328,jalpaiguri,Total,14,83553,42074,41479,4326,2141,2185,79227,39933,39294
19,328,jalpaiguri,Total,15,82269,41614,40655,5226,2616,2610,77043,38998,38045
19,328,jalpaiguri,Total,16,83104,42437,40667,5790,2765,3025,77314,39672,37642
19,328,jalpaiguri,Total,17,79668,41389,38279,5857,2705,3152,73811,38684,35127
19,328,jalpaiguri,Total,18,95058,48808,46250,9050,3926,5124,86008,44882,41126
19,328,jalpaiguri,Total,19,78384,38933,39451,7836,3065,4771,70548,35868,34680
19,328,jalpaiguri,Total,20-24,406785,204429,202356,60549,21800,38749,346236,182629,163607
19,328,jalpaiguri,Total,25-29,348053,178839,169214,77152,28179,48973,270901,150660,120241
19,328,jalpaiguri,Total,30-34,260607,133551,127056,72530,26219,46311,188077,107332,80745
19,328,jalpaiguri,Total,35-39,280678,139301,141377,101570,35718,65852,179108,103583,75525
19,328,jalpaiguri,Total,40-44,263429,132235,131194,113568,41777,71791,149861,90458,59403
19,328,jalpaiguri,Total,45-49,230735,119466,111269,107991,42266,65725,122744,77200,45544
19,328,jalpaiguri,Total,50-54,179013,98427,80586,85874,35542,50332,93139,62885,30254
19,328,jalpaiguri,Total,55-59,129912,70949,58963,63077,24822,38255,66835,46127,20708
19,328,jalpaiguri,Total,60-64,100521,52786,47735,52973,19686,33287,47548,33100,14448
19,328,jalpaiguri,Total,65-69,68820,35423,33397,37224,13425,23799,31596,21998,9598
19,328,jalpaiguri,Total,70-74,44061,22459,21602,25373,9225,16148,18688,13234,5454
19,328,jalpaiguri,Total,75-79,24475,12553,11922,13991,5171,8820,10484,7382,3102
19,328,jalpaiguri,Total,80+,28865,14296,14569,16505,6092,10413,12360,8204,4156
19,328,jalpaiguri,Total,Age not stated,2223,1240,983,765,341,424,1458,899,559
19,328,jalpaiguri,Rural,All ages,2812495,1437286,1375209,1096191,464930,631261,1716304,972356,743948
19,328,jalpaiguri,Rural,0-6,351111,179385,171726,351111,179385,171726,0,0,0
19,328,jalpaiguri,Rural,7,54531,27618,26913,13178,6685,6493,41353,20933,20420
19,328,jalpaiguri,Rural,8,55927,28908,27019,5709,2929,2780,50218,25979,24239
19,328,jalpaiguri,Rural,9,53868,27331,26537,3603,1783,1820,50265,25548,24717
19,328,jalpaiguri,Rural,10,61567,31583,29984,3951,2007,1944,57616,29576,28040
19,328,jalpaiguri,Rural,11,58239,29368,28871,2886,1459,1427,55353,27909,27444
19,328,jalpaiguri,Rural,12,63452,32478,30974,3057,1513,1544,60395,30965,29430
19,328,jalpaiguri,Rural,13,61001,30636,30365,3016,1455,1561,57985,29181,28804
19,328,jalpaiguri,Rural,14,64092,32217,31875,3457,1658,1799,60635,30559,30076
19,328,jalpaiguri,Rural,15,62703,31516,31187,4126,2029,2097,58577,29487,29090
19,328,jalpaiguri,Rural,16,63734,32338,31396,4644,2218,2426,59090,30120,28970
19,328,jalpaiguri,Rural,17,60619,31470,29149,4730,2155,2575,55889,29315,26574
19,328,jalpaiguri,Rural,18,72193,36997,35196,7285,3114,4171,64908,33883,31025
19,328,jalpaiguri,Rural,19,59254,29489,29765,6400,2461,3939,52854,27028,25826
19,328,jalpaiguri,Rural,20-24,302332,152584,149748,49777,17592,32185,252555,134992,117563
19,328,jalpaiguri,Rural,25-29,246230,126927,119303,63449,22898,40551,182781,104029,78752
19,328,jalpaiguri,Rural,30-34,176719,90347,86372,59058,21158,37900,117661,69189,48472
19,328,jalpaiguri,Rural,35-39,194264,95684,98580,83324,29289,54035,110940,66395,44545
19,328,jalpaiguri,Rural,40-44,187406,92668,94738,94483,34508,59975,92923,58160,34763
19,328,jalpaiguri,Rural,45-49,163662,84352,79310,89594,35073,54521,74068,49279,24789
19,328,jalpaiguri,Rural,50-54,126555,69680,56875,71064,29505,41559,55491,40175,15316
19,328,jalpaiguri,Rural,55-59,90945,49654,41291,52203,20671,31532,38742,28983,9759
19,328,jalpaiguri,Rural,60-64,69287,36303,32984,42664,15974,26690,26623,20329,6294
19,328,jalpaiguri,Rural,65-69,46557,23869,22688,29638,10875,18763,16919,12994,3925
19,328,jalpaiguri,Rural,70-74,29364,14973,14391,19698,7287,12411,9666,7686,1980
19,328,jalpaiguri,Rural,75-79,16404,8479,7925,11058,4205,6853,5346,4274,1072
19,328,jalpaiguri,Rural,80+,19114,9677,9437,12503,4819,7684,6611,4858,1753
19,328,jalpaiguri,Rural,Age not stated,1365,755,610,525,225,300,840,530,310
19,328,jalpaiguri,Urban,All ages,1060351,545778,514573,277875,121512,156363,782476,424266,358210
19,328,jalpaiguri,Urban,0-6,110589,56732,53857,110589,56732,53857,0,0,0
19,328,jalpaiguri,Urban,7,18134,9143,8991,3352,1691,1661,14782,7452,7330
19,328,jalpaiguri,Urban,8,18087,9509,8578,1530,789,741,16557,8720,7837
19,328,jalpaiguri,Urban,9,17495,8905,8590,932,444,488,16563,8461,8102
19,328,jalpaiguri,Urban,10,20446,10480,9966,1283,696,587,19163,9784,9379
19,328,jalpaiguri,Urban,11,19073,9746,9327,849,436,413,18224,9310,8914
19,328,jalpaiguri,Urban,12,20061,10398,9663,951,508,443,19110,9890,9220
19,328,jalpaiguri,Urban,13,19052,9635,9417,842,449,393,18210,9186,9024
19,328,jalpaiguri,Urban,14,19461,9857,9604,869,483,386,18592,9374,9218
19,328,jalpaiguri,Urban,15,19566,10098,9468,1100,587,513,18466,9511,8955
19,328,jalpaiguri,Urban,16,19370,10099,9271,1146,547,599,18224,9552,8672
19,328,jalpaiguri,Urban,17,19049,9919,9130,1127,550,577,17922,9369,8553
19,328,jalpaiguri,Urban,18,22865,11811,11054,1765,812,953,21100,10999,10101
19,328,jalpaiguri,Urban,19,19130,9444,9686,1436,604,832,17694,8840,8854
19,328,jalpaiguri,Urban,20-24,104453,51845,52608,10772,4208,6564,93681,47637,46044
19,328,jalpaiguri,Urban,25-29,101823,51912,49911,13703,5281,8422,88120,46631,41489
19,328,jalpaiguri,Urban,30-34,83888,43204,40684,13472,5061,8411,70416,38143,32273
19,328,jalpaiguri,Urban,35-39,86414,43617,42797,18246,6429,11817,68168,37188,30980
19,328,jalpaiguri,Urban,40-44,76023,39567,36456,19085,7269,11816,56938,32298,24640
19,328,jalpaiguri,Urban,45-49,67073,35114,31959,18397,7193,11204,48676,27921,20755
19,328,jalpaiguri,Urban,50-54,52458,28747,23711,14810,6037,8773,37648,22710,14938
19,328,jalpaiguri,Urban,55-59,38967,21295,17672,10874,4151,6723,28093,17144,10949
19,328,jalpaiguri,Urban,60-64,31234,16483,14751,10309,3712,6597,20925,12771,8154
19,328,jalpaiguri,Urban,65-69,22263,11554,10709,7586,2550,5036,14677,9004,5673
19,328,jalpaiguri,Urban,70-74,14697,7486,7211,5675,1938,3737,9022,5548,3474
19,328,jalpaiguri,Urban,75-79,8071,4074,3997,2933,966,1967,5138,3108,2030
19,328,jalpaiguri,Urban,80+,9751,4619,5132,4002,1273,2729,5749,3346,2403
19,328,jalpaiguri,Urban,Age not stated,858,485,373,240,116,124,618,369,249
19,329,koch bihar,Total,All ages,2819086,1451542,1367544,968582,422809,545773,1850504,1028733,821771
19,329,koch bihar,Total,0-6,344645,176940,167705,344645,176940,167705,0,0,0
19,329,koch bihar,Total,7,52715,26988,25727,11688,5982,5706,41027,21006,20021
19,329,koch bihar,Total,8,55490,28516,26974,5190,2672,2518,50300,25844,24456
19,329,koch bihar,Total,9,52320,26678,25642,3151,1674,1477,49169,25004,24165
19,329,koch bihar,Total,10,60350,30872,29478,3514,1866,1648,56836,29006,27830
19,329,koch bihar,Total,11,56636,28840,27796,2346,1247,1099,54290,27593,26697
19,329,koch bihar,Total,12,62592,32084,30508,2327,1230,1097,60265,30854,29411
19,329,koch bihar,Total,13,58706,29684,29022,2045,1079,966,56661,28605,28056
19,329,koch bihar,Total,14,60759,30611,30148,2363,1300,1063,58396,29311,29085
19,329,koch bihar,Total,15,60501,31149,29352,3019,1604,1415,57482,29545,27937
19,329,koch bihar,Total,16,58489,30855,27634,3211,1699,1512,55278,29156,26122
19,329,koch bihar,Total,17,54505,29347,25158,3031,1659,1372,51474,27688,23786
19,329,koch bihar,Total,18,68081,36084,31997,4979,2430,2549,63102,33654,29448
19,329,koch bihar,Total,19,54348,27721,26627,4093,1761,2332,50255,25960,24295
19,329,koch bihar,Total,20-24,280811,145285,135526,32415,13601,18814,248396,131684,116712
19,329,koch bihar,Total,25-29,242372,126075,116297,44682,18330,26352,197690,107745,89945
19,329,koch bihar,Total,30-34,186298,94876,91422,47077,18659,28418,139221,76217,63004
19,329,koch bihar,Total,35-39,203866,101156,102710,67962,25490,42472,135904,75666,60238
19,329,koch bihar,Total,40-44,194647,97663,96984,79285,30887,48398,115362,66776,48586
19,329,koch bihar,Total,45-49,159835,82956,76879,70188,28211,41977,89647,54745,34902
19,329,koch bihar,Total,50-54,135761,74615,61146,62790,25873,36917,72971,48742,24229
19,329,koch bihar,Total,55-59,96738,52746,43992,45540,17193,28347,51198,35553,15645
19,329,koch bihar,Total,60-64,80714,41846,38868,42990,14791,28199,37724,27055,10669
19,329,koch bihar,Total,65-69,54612,27319,27293,30629,10072,20557,23983,17247,6736
19,329,koch bihar,Total,70-74,35869,17535,18334,21557,7106,14451,14312,10429,3883
19,329,koch bihar,Total,75-79,20344,9985,10359,12168,4031,8137,8176,5954,2222
19,329,koch bihar,Total,80+,24723,11773,12950,14926,5095,9831,9797,6678,3119
19,329,koch bihar,Total,Age not stated,2359,1343,1016,771,327,444,1588,1016,572
19,329,koch bihar,Rural,All ages,2529652,1304916,1224736,912429,398524,513905,1617223,906392,710831
19,329,koch bihar,Rural,0-6,319225,163815,155410,319225,163815,155410,0,0,0
19,329,koch bihar,Rural,7,48664,24894,23770,11064,5657,5407,37600,19237,18363
19,329,koch bihar,Rural,8,51341,26354,24987,4955,2543,2412,46386,23811,22575
19,329,koch bihar,Rural,9,48225,24571,23654,2991,1598,1393,45234,22973,22261
19,329,koch bihar,Rural,10,55689,28461,27228,3325,1756,1569,52364,26705,25659
19,329,koch bihar,Rural,11,52061,26498,25563,2200,1179,1021,49861,25319,24542
19,329,koch bihar,Rural,12,57851,29664,28187,2194,1159,1035,55657,28505,27152
19,329,koch bihar,Rural,13,54185,27425,26760,1938,1032,906,52247,26393,25854
19,329,koch bihar,Rural,14,56041,28217,27824,2221,1234,987,53820,26983,26837
19,329,koch bihar,Rural,15,55705,28702,27003,2868,1533,1335,52837,27169,25668
19,329,koch bihar,Rural,16,53767,28421,25346,3040,1620,1420,50727,26801,23926
19,329,koch bihar,Rural,17,49946,27017,22929,2854,1580,1274,47092,25437,21655
19,329,koch bihar,Rural,18,62369,33180,29189,4704,2297,2407,57665,30883,26782
19,329,koch bihar,Rural,19,49455,25350,24105,3892,1681,2211,45563,23669,21894
19,329,koch bihar,Rural,20-24,253607,132034,121573,30759,12930,17829,222848,119104,103744
19,329,koch bihar,Rural,25-29,215634,112790,102844,42591,17521,25070,173043,95269,77774
19,329,koch bihar,Rural,30-34,163082,83498,79584,44923,17889,27034,118159,65609,52550
19,329,koch bihar,Rural,35-39,179492,89035,90457,64854,24329,40525,114638,64706,49932
19,329,koch bihar,Rural,40-44,172172,86417,85755,75870,29616,46254,96302,56801,39501
19,329,koch bihar,Rural,45-49,139514,72542,66972,66908,26949,39959,72606,45593,27013
19,329,koch bihar,Rural,50-54,118661,65315,53346,59911,24793,35118,58750,40522,18228
19,329,koch bihar,Rural,55-59,83619,45490,38129,43348,16422,26926,40271,29068,11203
19,329,koch bihar,Rural,60-64,70519,36481,34038,40862,14135,26727,29657,22346,7311
19,329,koch bihar,Rural,65-69,47358,23714,23644,28934,9561,19373,18424,14153,4271
19,329,koch bihar,Rural,70-74,30934,15111,15823,20194,6763,13431,10740,8348,2392
19,329,koch bihar,Rural,75-79,17372,8555,8817,11363,3831,7532,6009,4724,1285
19,329,koch bihar,Rural,80+,21109,10190,10919,13728,4800,8928,7381,5390,1991
19,329,koch bihar,Rural,Age not stated,2055,1175,880,713,301,412,1342,874,468
19,329,koch bihar,Urban,All ages,289434,146626,142808,56153,24285,31868,233281,122341,110940
19,329,koch bihar,Urban,0-6,25420,13125,12295,25420,13125,12295,0,0,0
19,329,koch bihar,Urban,7,4051,2094,1957,624,325,299,3427,1769,1658
19,329,koch bihar,Urban,8,4149,2162,1987,235,129,106,3914,2033,1881
19,329,koch bihar,Urban,9,4095,2107,1988,160,76,84,3935,2031,1904
19,329,koch bihar,Urban,10,4661,2411,2250,189,110,79,4472,2301,2171
19,329,koch bihar,Urban,11,4575,2342,2233,146,68,78,4429,2274,2155
19,329,koch bihar,Urban,12,4741,2420,2321,133,71,62,4608,2349,2259
19,329,koch bihar,Urban,13,4521,2259,2262,107,47,60,4414,2212,2202
19,329,koch bihar,Urban,14,4718,2394,2324,142,66,76,4576,2328,2248
19,329,koch bihar,Urban,15,4796,2447,2349,151,71,80,4645,2376,2269
19,329,koch bihar,Urban,16,4722,2434,2288,171,79,92,4551,2355,2196
19,329,koch bihar,Urban,17,4559,2330,2229,177,79,98,4382,2251,2131
19,329,koch bihar,Urban,18,5712,2904,2808,275,133,142,5437,2771,2666
19,329,koch bihar,Urban,19,4893,2371,2522,201,80,121,4692,2291,2401
19,329,koch bihar,Urban,20-24,27204,13251,13953,1656,671,985,25548,12580,12968
19,329,koch bihar,Urban,25-29,26738,13285,13453,2091,809,1282,24647,12476,12171
19,329,koch bihar,Urban,30-34,23216,11378,11838,2154,770,1384,21062,10608,10454
19,329,koch bihar,Urban,35-39,24374,12121,12253,3108,1161,1947,21266,10960,10306
19,329,koch bihar,Urban,40-44,22475,11246,11229,3415,1271,2144,19060,9975,9085
19,329,koch bihar,Urban,45-49,20321,10414,9907,3280,1262,2018,17041,9152,7889
19,329,koch bihar,Urban,50-54,17100,9300,7800,2879,1080,1799,14221,8220,6001
19,329,koch bihar,Urban,55-59,13119,7256,5863,2192,771,1421,10927,6485,4442
19,329,koch bihar,Urban,60-64,10195,5365,4830,2128,656,1472,8067,4709,3358
19,329,koch bihar,Urban,65-69,7254,3605,3649,1695,511,1184,5559,3094,2465
19,329,koch bihar,Urban,70-74,4935,2424,2511,1363,343,1020,3572,2081,1491
19,329,koch bihar,Urban,75-79,2972,1430,1542,805,200,605,2167,1230,937
19,329,koch bihar,Urban,80+,3614,1583,2031,1198,295,903,2416,1288,1128
19,329,koch bihar,Urban,Age not stated,304,168,136,58,26,32,246,142,104
19,330,uttar dinajpur,Total,All ages,3007134,1551066,1456068,1517467,697571,819896,1489667,853495,636172
19,330,uttar dinajpur,Total,0-6,485157,248402,236755,485157,248402,236755,0,0,0
19,330,uttar dinajpur,Total,7,77046,39571,37475,29995,15214,14781,47051,24357,22694
19,330,uttar dinajpur,Total,8,86685,44778,41907,23931,12113,11818,62754,32665,30089
19,330,uttar dinajpur,Total,9,70041,35948,34093,14075,7199,6876,55966,28749,27217
19,330,uttar dinajpur,Total,10,95022,49307,45715,20025,10241,9784,74997,39066,35931
19,330,uttar dinajpur,Total,11,68462,35243,33219,11222,5767,5455,57240,29476,27764
19,330,uttar dinajpur,Total,12,88344,45040,43304,16122,8120,8002,72222,36920,35302
19,330,uttar dinajpur,Total,13,70176,34895,35281,11158,5494,5664,59018,29401,29617
19,330,uttar dinajpur,Total,14,74316,37557,36759,13277,6577,6700,61039,30980,30059
19,330,uttar dinajpur,Total,15,73009,37481,35528,15038,7609,7429,57971,29872,28099
19,330,uttar dinajpur,Total,16,67734,35704,32030,15159,7595,7564,52575,28109,24466
19,330,uttar dinajpur,Total,17,51118,27703,23415,10881,5332,5549,40237,22371,17866
19,330,uttar dinajpur,Total,18,74264,39706,34558,20497,9427,11070,53767,30279,23488
19,330,uttar dinajpur,Total,19,47799,24538,23261,12794,5426,7368,35005,19112,15893
19,330,uttar dinajpur,Total,20-24,260807,135557,125250,88445,36820,51625,172362,98737,73625
19,330,uttar dinajpur,Total,25-29,226053,113360,112693,97650,39521,58129,128403,73839,54564
19,330,uttar dinajpur,Total,30-34,191617,95013,96604,94575,38347,56228,97042,56666,40376
19,330,uttar dinajpur,Total,35-39,197364,99623,97741,105142,43607,61535,92222,56016,36206
19,330,uttar dinajpur,Total,40-44,173989,92681,81308,99496,43985,55511,74493,48696,25797
19,330,uttar dinajpur,Total,45-49,141889,74903,66986,84471,36598,47873,57418,38305,19113
19,330,uttar dinajpur,Total,50-54,113510,62295,51215,69603,31241,38362,43907,31054,12853
19,330,uttar dinajpur,Total,55-59,82754,43890,38864,50847,20901,29946,31907,22989,8918
19,330,uttar dinajpur,Total,60-64,74055,38634,35421,49149,20114,29035,24906,18520,6386
19,330,uttar dinajpur,Total,65-69,50582,26163,24419,34191,13856,20335,16391,12307,4084
19,330,uttar dinajpur,Total,70-74,31819,16324,15495,22241,9071,13170,9578,7253,2325
19,330,uttar dinajpur,Total,75-79,13873,6991,6882,9464,3796,5668,4409,3195,1214
19,330,uttar dinajpur,Total,80+,18562,9173,9389,12386,4960,7426,6176,4213,1963
19,330,uttar dinajpur,Total,Age not stated,1087,586,501,476,238,238,611,348,263
19,330,uttar dinajpur,Rural,All ages,2644906,1362469,1282437,1411617,648828,762789,1233289,713641,519648
19,330,uttar dinajpur,Rural,0-6,442278,226473,215805,442278,226473,215805,0,0,0
19,330,uttar dinajpur,Rural,7,69578,35671,33907,28301,14344,13957,41277,21327,19950
19,330,uttar dinajpur,Rural,8,78644,40585,38059,22567,11443,11124,56077,29142,26935
19,330,uttar dinajpur,Rural,9,62874,32136,30738,13093,6708,6385,49781,25428,24353
19,330,uttar dinajpur,Rural,10,85955,44456,41499,18679,9544,9135,67276,34912,32364
19,330,uttar dinajpur,Rural,11,60530,31000,29530,10263,5279,4984,50267,25721,24546
19,330,uttar dinajpur,Rural,12,79911,40563,39348,15055,7570,7485,64856,32993,31863
19,330,uttar dinajpur,Rural,13,62532,30783,31749,10300,5071,5229,52232,25712,26520
19,330,uttar dinajpur,Rural,14,66758,33493,33265,12392,6145,6247,54366,27348,27018
19,330,uttar dinajpur,Rural,15,65884,33654,32230,14151,7187,6964,51733,26467,25266
19,330,uttar dinajpur,Rural,16,61293,32173,29120,14396,7223,7173,46897,24950,21947
19,330,uttar dinajpur,Rural,17,45349,24482,20867,10323,5061,5262,35026,19421,15605
19,330,uttar dinajpur,Rural,18,66697,35596,31101,19445,8968,10477,47252,26628,20624
19,330,uttar dinajpur,Rural,19,41882,21481,20401,12111,5127,6984,29771,16354,13417
19,330,uttar dinajpur,Rural,20-24,227650,118761,108889,83779,34942,48837,143871,83819,60052
19,330,uttar dinajpur,Rural,25-29,194678,98082,96596,92034,37268,54766,102644,60814,41830
19,330,uttar dinajpur,Rural,30-34,162240,80413,81827,88583,35911,52672,73657,44502,29155
19,330,uttar dinajpur,Rural,35-39,168362,84734,83628,98567,40856,57711,69795,43878,25917
19,330,uttar dinajpur,Rural,40-44,149079,79055,70024,93461,41239,52222,55618,37816,17802
19,330,uttar dinajpur,Rural,45-49,121998,64276,57722,79634,34494,45140,42364,29782,12582
19,330,uttar dinajpur,Rural,50-54,97206,53309,43897,65391,29410,35981,31815,23899,7916
19,330,uttar dinajpur,Rural,55-59,70772,37339,33433,47939,19745,28194,22833,17594,5239
19,330,uttar dinajpur,Rural,60-64,63985,33274,30711,46075,18950,27125,17910,14324,3586
19,330,uttar dinajpur,Rural,65-69,43600,22549,21051,31937,13036,18901,11663,9513,2150
19,330,uttar dinajpur,Rural,70-74,27098,13964,13134,20496,8468,12028,6602,5496,1106
19,330,uttar dinajpur,Rural,75-79,11468,5811,5657,8663,3533,5130,2805,2278,527
19,330,uttar dinajpur,Rural,80+,15607,7812,7795,11254,4606,6648,4353,3206,1147
19,330,uttar dinajpur,Rural,Age not stated,998,544,454,450,227,223,548,317,231
19,330,uttar dinajpur,Urban,All ages,362228,188597,173631,105850,48743,57107,256378,139854,116524
19,330,uttar dinajpur,Urban,0-6,42879,21929,20950,42879,21929,20950,0,0,0
19,330,uttar dinajpur,Urban,7,7468,3900,3568,1694,870,824,5774,3030,2744
19,330,uttar dinajpur,Urban,8,8041,4193,3848,1364,670,694,6677,3523,3154
19,330,uttar dinajpur,Urban,9,7167,3812,3355,982,491,491,6185,3321,2864
19,330,uttar dinajpur,Urban,10,9067,4851,4216,1346,697,649,7721,4154,3567
19,330,uttar dinajpur,Urban,11,7932,4243,3689,959,488,471,6973,3755,3218
19,330,uttar dinajpur,Urban,12,8433,4477,3956,1067,550,517,7366,3927,3439
19,330,uttar dinajpur,Urban,13,7644,4112,3532,858,423,435,6786,3689,3097
19,330,uttar dinajpur,Urban,14,7558,4064,3494,885,432,453,6673,3632,3041
19,330,uttar dinajpur,Urban,15,7125,3827,3298,887,422,465,6238,3405,2833
19,330,uttar dinajpur,Urban,16,6441,3531,2910,763,372,391,5678,3159,2519
19,330,uttar dinajpur,Urban,17,5769,3221,2548,558,271,287,5211,2950,2261
19,330,uttar dinajpur,Urban,18,7567,4110,3457,1052,459,593,6515,3651,2864
19,330,uttar dinajpur,Urban,19,5917,3057,2860,683,299,384,5234,2758,2476
19,330,uttar dinajpur,Urban,20-24,33157,16796,16361,4666,1878,2788,28491,14918,13573
19,330,uttar dinajpur,Urban,25-29,31375,15278,16097,5616,2253,3363,25759,13025,12734
19,330,uttar dinajpur,Urban,30-34,29377,14600,14777,5992,2436,3556,23385,12164,11221
19,330,uttar dinajpur,Urban,35-39,29002,14889,14113,6575,2751,3824,22427,12138,10289
19,330,uttar dinajpur,Urban,40-44,24910,13626,11284,6035,2746,3289,18875,10880,7995
19,330,uttar dinajpur,Urban,45-49,19891,10627,9264,4837,2104,2733,15054,8523,6531
19,330,uttar dinajpur,Urban,50-54,16304,8986,7318,4212,1831,2381,12092,7155,4937
19,330,uttar dinajpur,Urban,55-59,11982,6551,5431,2908,1156,1752,9074,5395,3679
19,330,uttar dinajpur,Urban,60-64,10070,5360,4710,3074,1164,1910,6996,4196,2800
19,330,uttar dinajpur,Urban,65-69,6982,3614,3368,2254,820,1434,4728,2794,1934
19,330,uttar dinajpur,Urban,70-74,4721,2360,2361,1745,603,1142,2976,1757,1219
19,330,uttar dinajpur,Urban,75-79,2405,1180,1225,801,263,538,1604,917,687
19,330,uttar dinajpur,Urban,80+,2955,1361,1594,1132,354,778,1823,1007,816
19,330,uttar dinajpur,Urban,Age not stated,89,42,47,26,11,15,63,31,32
19,331,dakshin dinajpur,Total,All ages,1676276,857199,819077,592591,260725,331866,1083685,596474,487211
19,331,dakshin dinajpur,Total,0-6,188135,96143,91992,188135,96143,91992,0,0,0
19,331,dakshin dinajpur,Total,7,31711,16213,15498,6175,3129,3046,25536,13084,12452
19,331,dakshin dinajpur,Total,8,33438,17042,16396,3032,1559,1473,30406,15483,14923
19,331,dakshin dinajpur,Total,9,31614,16062,15552,2074,1034,1040,29540,15028,14512
19,331,dakshin dinajpur,Total,10,39014,19985,19029,2627,1323,1304,36387,18662,17725
19,331,dakshin dinajpur,Total,11,33751,17274,16477,1661,845,816,32090,16429,15661
19,331,dakshin dinajpur,Total,12,38658,19751,18907,2012,1055,957,36646,18696,17950
19,331,dakshin dinajpur,Total,13,36085,18077,18008,1682,849,833,34403,17228,17175
19,331,dakshin dinajpur,Total,14,37439,19064,18375,1956,1065,891,35483,17999,17484
19,331,dakshin dinajpur,Total,15,38100,19890,18210,2553,1363,1190,35547,18527,17020
19,331,dakshin dinajpur,Total,16,34687,18635,16052,2589,1423,1166,32098,17212,14886
19,331,dakshin dinajpur,Total,17,30382,16763,13619,2279,1213,1066,28103,15550,12553
19,331,dakshin dinajpur,Total,18,39868,21244,18624,4153,1906,2247,35715,19338,16377
19,331,dakshin dinajpur,Total,19,30210,15108,15102,3144,1232,1912,27066,13876,13190
19,331,dakshin dinajpur,Total,20-24,154886,78486,76400,24599,9992,14607,130287,68494,61793
19,331,dakshin dinajpur,Total,25-29,139305,70029,69276,32935,13574,19361,106370,56455,49915
19,331,dakshin dinajpur,Total,30-34,119348,58537,60811,35705,14281,21424,83643,44256,39387
19,331,dakshin dinajpur,Total,35-39,130156,63626,66530,46274,18007,28267,83882,45619,38263
19,331,dakshin dinajpur,Total,40-44,116812,60862,55950,47385,20132,27253,69427,40730,28697
19,331,dakshin dinajpur,Total,45-49,99666,52664,47002,43313,18359,24954,56353,34305,22048
19,331,dakshin dinajpur,Total,50-54,78870,42785,36085,36237,15374,20863,42633,27411,15222
19,331,dakshin dinajpur,Total,55-59,58572,31058,27514,27551,10572,16979,31021,20486,10535
19,331,dakshin dinajpur,Total,60-64,52288,26926,25362,28117,10347,17770,24171,16579,7592
19,331,dakshin dinajpur,Total,65-69,34945,17425,17520,19329,6665,12664,15616,10760,4856
19,331,dakshin dinajpur,Total,70-74,22706,11250,11456,13178,4554,8624,9528,6696,2832
19,331,dakshin dinajpur,Total,75-79,10612,5191,5421,5906,1976,3930,4706,3215,1491
19,331,dakshin dinajpur,Total,80+,13430,6258,7172,7503,2527,4976,5927,3731,2196
19,331,dakshin dinajpur,Total,Age not stated,1588,851,737,487,226,261,1101,625,476
19,331,dakshin dinajpur,Rural,All ages,1439981,737771,702210,549320,242174,307146,890661,495597,395064
19,331,dakshin dinajpur,Rural,0-6,169507,86629,82878,169507,86629,82878,0,0,0
19,331,dakshin dinajpur,Rural,7,28219,14410,13809,5781,2934,2847,22438,11476,10962
19,331,dakshin dinajpur,Rural,8,29843,15216,14627,2902,1500,1402,26941,13716,13225
19,331,dakshin dinajpur,Rural,9,28060,14212,13848,1969,986,983,26091,13226,12865
19,331,dakshin dinajpur,Rural,10,34581,17800,16781,2468,1243,1225,32113,16557,15556
19,331,dakshin dinajpur,Rural,11,29776,15306,14470,1566,806,760,28210,14500,13710
19,331,dakshin dinajpur,Rural,12,34548,17639,16909,1914,1001,913,32634,16638,15996
19,331,dakshin dinajpur,Rural,13,32248,16194,16054,1600,821,779,30648,15373,15275
19,331,dakshin dinajpur,Rural,14,33257,16940,16317,1855,1017,838,31402,15923,15479
19,331,dakshin dinajpur,Rural,15,33834,17718,16116,2425,1297,1128,31409,16421,14988
19,331,dakshin dinajpur,Rural,16,30881,16640,14241,2452,1356,1096,28429,15284,13145
19,331,dakshin dinajpur,Rural,17,26444,14764,11680,2192,1174,1018,24252,13590,10662
19,331,dakshin dinajpur,Rural,18,35089,18773,16316,3955,1829,2126,31134,16944,14190
19,331,dakshin dinajpur,Rural,19,26177,13014,13163,2984,1164,1820,23193,11850,11343
19,331,dakshin dinajpur,Rural,20-24,134431,68429,66002,23460,9543,13917,110971,58886,52085
19,331,dakshin dinajpur,Rural,25-29,118964,60213,58751,31303,12998,18305,87661,47215,40446
19,331,dakshin dinajpur,Rural,30-34,100325,49298,51027,34009,13668,20341,66316,35630,30686
19,331,dakshin dinajpur,Rural,35-39,110373,53858,56515,43895,17167,26728,66478,36691,29787
19,331,dakshin dinajpur,Rural,40-44,98377,51460,46917,44699,19064,25635,53678,32396,21282
19,331,dakshin dinajpur,Rural,45-49,82755,43858,38897,40609,17286,23323,42146,26572,15574
19,331,dakshin dinajpur,Rural,50-54,65171,35434,29737,34029,14466,19563,31142,20968,10174
19,331,dakshin dinajpur,Rural,55-59,47661,25102,22559,25820,9903,15917,21841,15199,6642
19,331,dakshin dinajpur,Rural,60-64,43300,22185,21115,26230,9708,16522,17070,12477,4593
19,331,dakshin dinajpur,Rural,65-69,28469,14104,14365,17789,6179,11610,10680,7925,2755
19,331,dakshin dinajpur,Rural,70-74,18161,8993,9168,11880,4187,7693,6281,4806,1475
19,331,dakshin dinajpur,Rural,75-79,8119,4017,4102,5240,1786,3454,2879,2231,648
19,331,dakshin dinajpur,Rural,80+,10164,4880,5284,6348,2256,4092,3816,2624,1192
19,331,dakshin dinajpur,Rural,Age not stated,1247,685,562,439,206,233,808,479,329
19,331,dakshin dinajpur,Urban,All ages,236295,119428,116867,43271,18551,24720,193024,100877,92147
19,331,dakshin dinajpur,Urban,0-6,18628,9514,9114,18628,9514,9114,0,0,0
19,331,dakshin dinajpur,Urban,7,3492,1803,1689,394,195,199,3098,1608,1490
19,331,dakshin dinajpur,Urban,8,3595,1826,1769,130,59,71,3465,1767,1698
19,331,dakshin dinajpur,Urban,9,3554,1850,1704,105,48,57,3449,1802,1647
19,331,dakshin dinajpur,Urban,10,4433,2185,2248,159,80,79,4274,2105,2169
19,331,dakshin dinajpur,Urban,11,3975,1968,2007,95,39,56,3880,1929,1951
19,331,dakshin dinajpur,Urban,12,4110,2112,1998,98,54,44,4012,2058,1954
19,331,dakshin dinajpur,Urban,13,3837,1883,1954,82,28,54,3755,1855,1900
19,331,dakshin dinajpur,Urban,14,4182,2124,2058,101,48,53,4081,2076,2005
19,331,dakshin dinajpur,Urban,15,4266,2172,2094,128,66,62,4138,2106,2032
19,331,dakshin dinajpur,Urban,16,3806,1995,1811,137,67,70,3669,1928,1741
19,331,dakshin dinajpur,Urban,17,3938,1999,1939,87,39,48,3851,1960,1891
19,331,dakshin dinajpur,Urban,18,4779,2471,2308,198,77,121,4581,2394,2187
19,331,dakshin dinajpur,Urban,19,4033,2094,1939,160,68,92,3873,2026,1847
19,331,dakshin dinajpur,Urban,20-24,20455,10057,10398,1139,449,690,19316,9608,9708
19,331,dakshin dinajpur,Urban,25-29,20341,9816,10525,1632,576,1056,18709,9240,9469
19,331,dakshin dinajpur,Urban,30-34,19023,9239,9784,1696,613,1083,17327,8626,8701
19,331,dakshin dinajpur,Urban,35-39,19783,9768,10015,2379,840,1539,17404,8928,8476
19,331,dakshin dinajpur,Urban,40-44,18435,9402,9033,2686,1068,1618,15749,8334,7415
19,331,dakshin dinajpur,Urban,45-49,16911,8806,8105,2704,1073,1631,14207,7733,6474
19,331,dakshin dinajpur,Urban,50-54,13699,7351,6348,2208,908,1300,11491,6443,5048
19,331,dakshin dinajpur,Urban,55-59,10911,5956,4955,1731,669,1062,9180,5287,3893
19,331,dakshin dinajpur,Urban,60-64,8988,4741,4247,1887,639,1248,7101,4102,2999
19,331,dakshin dinajpur,Urban,65-69,6476,3321,3155,1540,486,1054,4936,2835,2101
19,331,dakshin dinajpur,Urban,70-74,4545,2257,2288,1298,367,931,3247,1890,1357
19,331,dakshin dinajpur,Urban,75-79,2493,1174,1319,666,190,476,1827,984,843
19,331,dakshin dinajpur,Urban,80+,3266,1378,1888,1155,271,884,2111,1107,1004
19,331,dakshin dinajpur,Urban,Age not stated,341,166,175,48,20,28,293,146,147
19,332,maldah,Total,All ages,3988845,2051541,1937304,1902413,899522,1002891,2086432,1152019,934413
19,332,maldah,Total,0-6,609040,312340,296700,609040,312340,296700,0,0,0
19,332,maldah,Total,7,93357,47316,46041,34883,18091,16792,58474,29225,29249
19,332,maldah,Total,8,100943,51454,49489,24334,12810,11524,76609,38644,37965
19,332,maldah,Total,9,88145,44642,43503,15442,8229,7213,72703,36413,36290
19,332,maldah,Total,10,114809,59071,55738,18837,10408,8429,95972,48663,47309
19,332,maldah,Total,11,90862,46130,44732,12220,6959,5261,78642,39171,39471
19,332,maldah,Total,12,111134,57054,54080,15724,9174,6550,95410,47880,47530
19,332,maldah,Total,13,92944,46862,46082,11940,6914,5026,81004,39948,41056
19,332,maldah,Total,14,95081,48117,46964,13189,7644,5545,81892,40473,41419
19,332,maldah,Total,15,94824,49742,45082,15601,8951,6650,79223,40791,38432
19,332,maldah,Total,16,86376,46413,39963,15133,8612,6521,71243,37801,33442
19,332,maldah,Total,17,70681,39238,31443,12421,6867,5554,58260,32371,25889
19,332,maldah,Total,18,99905,51979,47926,22342,10822,11520,77563,41157,36406
19,332,maldah,Total,19,71600,35427,36173,16010,6935,9075,55590,28492,27098
19,332,maldah,Total,20-24,373432,190476,182956,110225,48987,61238,263207,141489,121718
19,332,maldah,Total,25-29,317871,161639,156232,123259,54393,68866,194612,107246,87366
19,332,maldah,Total,30-34,258444,130697,127747,115644,50794,64850,142800,79903,62897
19,332,maldah,Total,35-39,267942,134130,133812,135227,57957,77270,132715,76173,56542
19,332,maldah,Total,40-44,237806,125743,112063,131464,59873,71591,106342,65870,40472
19,332,maldah,Total,45-49,191091,101193,89898,110963,50265,60698,80128,50928,29200
19,332,maldah,Total,50-54,154046,84388,69658,92888,42706,50182,61158,41682,19476
19,332,maldah,Total,55-59,111462,58905,52557,68077,28525,39552,43385,30380,13005
19,332,maldah,Total,60-64,98075,50256,47819,66240,27261,38979,31835,22995,8840
19,332,maldah,Total,65-69,67923,33908,34015,47441,18911,28530,20482,14997,5485
19,332,maldah,Total,70-74,43904,21786,22118,31765,12666,19099,12139,9120,3019
19,332,maldah,Total,75-79,19220,9378,9842,13647,5291,8356,5573,4087,1486
19,332,maldah,Total,80+,25492,11970,13522,17273,6572,10701,8219,5398,2821
19,332,maldah,Total,Age not stated,2436,1287,1149,1184,565,619,1252,722,530
19,332,maldah,Rural,All ages,3447185,1768336,1678849,1715508,806927,908581,1731677,961409,770268
19,332,maldah,Rural,0-6,530626,270666,259960,530626,270666,259960,0,0,0
19,332,maldah,Rural,7,83314,42238,41076,32103,16600,15503,51211,25638,25573
19,332,maldah,Rural,8,90855,46300,44555,22855,12014,10841,68000,34286,33714
19,332,maldah,Rural,9,78619,39832,38787,14464,7706,6758,64155,32126,32029
19,332,maldah,Rural,10,102879,52886,49993,17606,9732,7874,85273,43154,42119
19,332,maldah,Rural,11,80676,40889,39787,11401,6506,4895,69275,34383,34892
19,332,maldah,Rural,12,99556,51056,48500,14698,8582,6116,84858,42474,42384
19,332,maldah,Rural,13,82733,41654,41079,11131,6463,4668,71602,35191,36411
19,332,maldah,Rural,14,84490,42840,41650,12354,7172,5182,72136,35668,36468
19,332,maldah,Rural,15,83885,44144,39741,14536,8350,6186,69349,35794,33555
19,332,maldah,Rural,16,76040,41076,34964,14080,8006,6074,61960,33070,28890
19,332,maldah,Rural,17,60954,34079,26875,11469,6334,5135,49485,27745,21740
19,332,maldah,Rural,18,86897,45430,41467,20629,9988,10641,66268,35442,30826
19,332,maldah,Rural,19,61604,30309,31295,14766,6366,8400,46838,23943,22895
19,332,maldah,Rural,20-24,319756,162530,157226,101703,44956,56747,218053,117574,100479
19,332,maldah,Rural,25-29,271870,137847,134023,113972,50070,63902,157898,87777,70121
19,332,maldah,Rural,30-34,219309,110731,108578,106113,46334,59779,113196,64397,48799
19,332,maldah,Rural,35-39,227511,113433,114078,123286,52212,71074,104225,61221,43004
19,332,maldah,Rural,40-44,201545,106226,95319,119293,53776,65517,82252,52450,29802
19,332,maldah,Rural,45-49,160782,84563,76219,100665,45247,55418,60117,39316,20801
19,332,maldah,Rural,50-54,130142,71051,59091,84454,38734,45720,45688,32317,13371
19,332,maldah,Rural,55-59,94246,49411,44835,62167,26071,36096,32079,23340,8739
19,332,maldah,Rural,60-64,83751,42706,41045,60238,24786,35452,23513,17920,5593
19,332,maldah,Rural,65-69,58347,28966,29381,43379,17379,26000,14968,11587,3381
19,332,maldah,Rural,70-74,37479,18504,18975,28814,11593,17221,8665,6911,1754
19,332,maldah,Rural,75-79,16142,7868,8274,12359,4852,7507,3783,3016,767
19,332,maldah,Rural,80+,21403,10164,11239,15391,5987,9404,6012,4177,1835
19,332,maldah,Rural,Age not stated,1774,937,837,956,445,511,818,492,326
19,332,maldah,Urban,All ages,541660,283205,258455,186905,92595,94310,354755,190610,164145
19,332,maldah,Urban,0-6,78414,41674,36740,78414,41674,36740,0,0,0
19,332,maldah,Urban,7,10043,5078,4965,2780,1491,1289,7263,3587,3676
19,332,maldah,Urban,8,10088,5154,4934,1479,796,683,8609,4358,4251
19,332,maldah,Urban,9,9526,4810,4716,978,523,455,8548,4287,4261
19,332,maldah,Urban,10,11930,6185,5745,1231,676,555,10699,5509,5190
19,332,maldah,Urban,11,10186,5241,4945,819,453,366,9367,4788,4579
19,332,maldah,Urban,12,11578,5998,5580,1026,592,434,10552,5406,5146
19,332,maldah,Urban,13,10211,5208,5003,809,451,358,9402,4757,4645
19,332,maldah,Urban,14,10591,5277,5314,835,472,363,9756,4805,4951
19,332,maldah,Urban,15,10939,5598,5341,1065,601,464,9874,4997,4877
19,332,maldah,Urban,16,10336,5337,4999,1053,606,447,9283,4731,4552
19,332,maldah,Urban,17,9727,5159,4568,952,533,419,8775,4626,4149
19,332,maldah,Urban,18,13008,6549,6459,1713,834,879,11295,5715,5580
19,332,maldah,Urban,19,9996,5118,4878,1244,569,675,8752,4549,4203
19,332,maldah,Urban,20-24,53676,27946,25730,8522,4031,4491,45154,23915,21239
19,332,maldah,Urban,25-29,46001,23792,22209,9287,4323,4964,36714,19469,17245
19,332,maldah,Urban,30-34,39135,19966,19169,9531,4460,5071,29604,15506,14098
19,332,maldah,Urban,35-39,40431,20697,19734,11941,5745,6196,28490,14952,13538
19,332,maldah,Urban,40-44,36261,19517,16744,12171,6097,6074,24090,13420,10670
19,332,maldah,Urban,45-49,30309,16630,13679,10298,5018,5280,20011,11612,8399
19,332,maldah,Urban,50-54,23904,13337,10567,8434,3972,4462,15470,9365,6105
19,332,maldah,Urban,55-59,17216,9494,7722,5910,2454,3456,11306,7040,4266
19,332,maldah,Urban,60-64,14324,7550,6774,6002,2475,3527,8322,5075,3247
19,332,maldah,Urban,65-69,9576,4942,4634,4062,1532,2530,5514,3410,2104
19,332,maldah,Urban,70-74,6425,3282,3143,2951,1073,1878,3474,2209,1265
19,332,maldah,Urban,75-79,3078,1510,1568,1288,439,849,1790,1071,719
19,332,maldah,Urban,80+,4089,1806,2283,1882,585,1297,2207,1221,986
19,332,maldah,Urban,Age not stated,662,350,312,228,120,108,434,230,204
19,333,murshidabad,Total,All ages,7103807,3627564,3476243,3047973,1450377,1597596,4055834,2177187,1878647
19,333,murshidabad,Total,0-6,1013392,514876,498516,1013392,514876,498516,0,0,0
19,333,murshidabad,Total,7,155262,78849,76413,43076,22588,20488,112186,56261,55925
19,333,murshidabad,Total,8,163583,83396,80187,24414,12902,11512,139169,70494,68675
19,333,murshidabad,Total,9,149153,75766,73387,15244,8374,6870,133909,67392,66517
19,333,murshidabad,Total,10,184252,94337,89915,18093,10117,7976,166159,84220,81939
19,333,murshidabad,Total,11,159293,80845,78448,12641,7248,5393,146652,73597,73055
19,333,murshidabad,Total,12,177797,91115,86682,14879,8837,6042,162918,82278,80640
19,333,murshidabad,Total,13,158047,79470,78577,13049,7689,5360,144998,71781,73217
19,333,murshidabad,Total,14,164099,82835,81264,14998,8728,6270,149101,74107,74994
19,333,murshidabad,Total,15,165685,85674,80011,18284,10762,7522,147401,74912,72489
19,333,murshidabad,Total,16,159627,84537,75090,19443,11135,8308,140184,73402,66782
19,333,murshidabad,Total,17,136855,74385,62470,17532,9638,7894,119323,64747,54576
19,333,murshidabad,Total,18,187808,96583,91225,31216,15533,15683,156592,81050,75542
19,333,murshidabad,Total,19,136817,67526,69291,23804,10857,12947,113013,56669,56344
19,333,murshidabad,Total,20-24,707320,358789,348531,170876,81350,89526,536444,277439,259005
19,333,murshidabad,Total,25-29,571574,289877,281697,181546,87581,93965,390028,202296,187732
19,333,murshidabad,Total,30-34,469431,237803,231628,177992,83305,94687,291439,154498,136941
19,333,murshidabad,Total,35-39,478875,241537,237338,212895,95733,117162,265980,145804,120176
19,333,murshidabad,Total,40-44,425001,222644,202357,215644,100065,115579,209357,122579,86778
19,333,murshidabad,Total,45-49,344287,181408,162879,185905,85784,100121,158382,95624,62758
19,333,murshidabad,Total,50-54,281335,152274,129061,160820,75113,85707,120515,77161,43354
19,333,murshidabad,Total,55-59,210112,110554,99558,121916,51977,69939,88196,58577,29619
19,333,murshidabad,Total,60-64,185829,93551,92278,121066,49299,71767,64763,44252,20511
19,333,murshidabad,Total,65-69,131202,63544,67658,88882,33973,54909,42320,29571,12749
19,333,murshidabad,Total,70-74,89694,42127,47567,63758,23657,40101,25936,18470,7466
19,333,murshidabad,Total,75-79,42383,19239,23144,29661,10429,19232,12722,8810,3912
19,333,murshidabad,Total,80+,50858,21767,29091,35217,12026,23191,15641,9741,5900
19,333,murshidabad,Total,Age not stated,4236,2256,1980,1730,801,929,2506,1455,1051
19,333,murshidabad,Rural,All ages,5703115,2917822,2785293,2509613,1204137,1305476,3193502,1713685,1479817
19,333,murshidabad,Rural,0-6,812960,413144,399816,812960,413144,399816,0,0,0
19,333,murshidabad,Rural,7,124487,63177,61310,33682,17687,15995,90805,45490,45315
19,333,murshidabad,Rural,8,131806,67355,64451,18722,9979,8743,113084,57376,55708
19,333,murshidabad,Rural,9,119916,60889,59027,11486,6319,5167,108430,54570,53860
19,333,murshidabad,Rural,10,148598,76252,72346,13898,7819,6079,134700,68433,66267
19,333,murshidabad,Rural,11,129173,65635,63538,9627,5542,4085,119546,60093,59453
19,333,murshidabad,Rural,12,143920,73704,70216,11264,6764,4500,132656,66940,65716
19,333,murshidabad,Rural,13,128241,64557,63684,10004,5941,4063,118237,58616,59621
19,333,murshidabad,Rural,14,132795,67148,65647,11436,6784,4652,121359,60364,60995
19,333,murshidabad,Rural,15,134166,69776,64390,14189,8541,5648,119977,61235,58742
19,333,murshidabad,Rural,16,128214,68596,59618,15096,8910,6186,113118,59686,53432
19,333,murshidabad,Rural,17,108632,59688,48944,13355,7570,5785,95277,52118,43159
19,333,murshidabad,Rural,18,150828,78277,72551,24344,12567,11777,126484,65710,60774
19,333,murshidabad,Rural,19,109096,54141,54955,18636,8688,9948,90460,45453,45007
19,333,murshidabad,Rural,20-24,567285,288562,278723,137852,67556,70296,429433,221006,208427
19,333,murshidabad,Rural,25-29,459998,233379,226619,151284,74501,76783,308714,158878,149836
19,333,murshidabad,Rural,30-34,375181,190153,185028,149486,71430,78056,225695,118723,106972
19,333,murshidabad,Rural,35-39,383611,193792,189819,179031,81900,97131,204580,111892,92688
19,333,murshidabad,Rural,40-44,340363,178841,161522,181883,85590,96293,158480,93251,65229
19,333,murshidabad,Rural,45-49,274614,144924,129690,157847,73589,84258,116767,71335,45432
19,333,murshidabad,Rural,50-54,223773,121687,102086,136707,64656,72051,87066,57031,30035
19,333,murshidabad,Rural,55-59,167077,87788,79289,104143,44892,59251,62934,42896,20038
19,333,murshidabad,Rural,60-64,150119,75772,74347,103896,42942,60954,46223,32830,13393
19,333,murshidabad,Rural,65-69,106286,51241,55045,76499,29623,46876,29787,21618,8169
19,333,murshidabad,Rural,70-74,72852,34158,38694,54934,20733,34201,17918,13425,4493
19,333,murshidabad,Rural,75-79,34108,15489,18619,25565,9194,16371,8543,6295,2248
19,333,murshidabad,Rural,80+,41412,17804,23608,30320,10602,19718,11092,7202,3890
19,333,murshidabad,Rural,Age not stated,3604,1893,1711,1467,674,793,2137,1219,918
19,333,murshidabad,Urban,All ages,1400692,709742,690950,538360,246240,292120,862332,463502,398830
19,333,murshidabad,Urban,0-6,200432,101732,98700,200432,101732,98700,0,0,0
19,333,murshidabad,Urban,7,30775,15672,15103,9394,4901,4493,21381,10771,10610
19,333,murshidabad,Urban,8,31777,16041,15736,5692,2923,2769,26085,13118,12967
19,333,murshidabad,Urban,9,29237,14877,14360,3758,2055,1703,25479,12822,12657
19,333,murshidabad,Urban,10,35654,18085,17569,4195,2298,1897,31459,15787,15672
19,333,murshidabad,Urban,11,30120,15210,14910,3014,1706,1308,27106,13504,13602
19,333,murshidabad,Urban,12,33877,17411,16466,3615,2073,1542,30262,15338,14924
19,333,murshidabad,Urban,13,29806,14913,14893,3045,1748,1297,26761,13165,13596
19,333,murshidabad,Urban,14,31304,15687,15617,3562,1944,1618,27742,13743,13999
19,333,murshidabad,Urban,15,31519,15898,15621,4095,2221,1874,27424,13677,13747
19,333,murshidabad,Urban,16,31413,15941,15472,4347,2225,2122,27066,13716,13350
19,333,murshidabad,Urban,17,28223,14697,13526,4177,2068,2109,24046,12629,11417
19,333,murshidabad,Urban,18,36980,18306,18674,6872,2966,3906,30108,15340,14768
19,333,murshidabad,Urban,19,27721,13385,14336,5168,2169,2999,22553,11216,11337
19,333,murshidabad,Urban,20-24,140035,70227,69808,33024,13794,19230,107011,56433,50578
19,333,murshidabad,Urban,25-29,111576,56498,55078,30262,13080,17182,81314,43418,37896
19,333,murshidabad,Urban,30-34,94250,47650,46600,28506,11875,16631,65744,35775,29969
19,333,murshidabad,Urban,35-39,95264,47745,47519,33864,13833,20031,61400,33912,27488
19,333,murshidabad,Urban,40-44,84638,43803,40835,33761,14475,19286,50877,29328,21549
19,333,murshidabad,Urban,45-49,69673,36484,33189,28058,12195,15863,41615,24289,17326
19,333,murshidabad,Urban,50-54,57562,30587,26975,24113,10457,13656,33449,20130,13319
19,333,murshidabad,Urban,55-59,43035,22766,20269,17773,7085,10688,25262,15681,9581
19,333,murshidabad,Urban,60-64,35710,17779,17931,17170,6357,10813,18540,11422,7118
19,333,murshidabad,Urban,65-69,24916,12303,12613,12383,4350,8033,12533,7953,4580
19,333,murshidabad,Urban,70-74,16842,7969,8873,8824,2924,5900,8018,5045,2973
19,333,murshidabad,Urban,75-79,8275,3750,4525,4096,1235,2861,4179,2515,1664
19,333,murshidabad,Urban,80+,9446,3963,5483,4897,1424,3473,4549,2539,2010
19,333,murshidabad,Urban,Age not stated,632,363,269,263,127,136,369,236,133
19,334,birbhum,Total,All ages,3502404,1790920,1711484,1343957,589439,754518,2158447,1201481,956966
19,334,birbhum,Total,0-6,448485,228909,219576,448485,228909,219576,0,0,0
19,334,birbhum,Total,7,67394,34334,33060,16286,8171,8115,51108,26163,24945
19,334,birbhum,Total,8,71997,36850,35147,8660,4401,4259,63337,32449,30888
19,334,birbhum,Total,9,64398,32690,31708,5439,2762,2677,58959,29928,29031
19,334,birbhum,Total,10,80669,41750,38919,7946,4052,3894,72723,37698,35025
19,334,birbhum,Total,11,66640,33989,32651,4971,2547,2424,61669,31442,30227
19,334,birbhum,Total,12,79534,41167,38367,7344,3792,3552,72190,37375,34815
19,334,birbhum,Total,13,70508,35455,35053,5976,2928,3048,64532,32527,32005
19,334,birbhum,Total,14,75561,38784,36777,7001,3505,3496,68560,35279,33281
19,334,birbhum,Total,15,77023,40497,36526,8428,4306,4122,68595,36191,32404
19,334,birbhum,Total,16,70930,38682,32248,8984,4633,4351,61946,34049,27897
19,334,birbhum,Total,17,58890,33426,25464,7455,3713,3742,51435,29713,21722
19,334,birbhum,Total,18,84115,45571,38544,13987,6145,7842,70128,39426,30702
19,334,birbhum,Total,19,62609,31040,31569,10320,3962,6358,52289,27078,25211
19,334,birbhum,Total,20-24,330649,166434,164215,72811,28088,44723,257838,138346,119492
19,334,birbhum,Total,25-29,299253,151632,147621,82608,33501,49107,216645,118131,98514
19,334,birbhum,Total,30-34,258200,130578,127622,80211,32681,47530,177989,97897,80092
19,334,birbhum,Total,35-39,260187,129523,130664,91420,35114,56306,168767,94409,74358
19,334,birbhum,Total,40-44,230784,120000,110784,93211,38337,54874,137573,81663,55910
19,334,birbhum,Total,45-49,202888,105791,97097,88626,36800,51826,114262,68991,45271
19,334,birbhum,Total,50-54,159749,85734,74015,74035,31466,42569,85714,54268,31446
19,334,birbhum,Total,55-59,122840,64098,58742,58099,22483,35616,64741,41615,23126
19,334,birbhum,Total,60-64,105292,51711,53581,57828,20965,36863,47464,30746,16718
19,334,birbhum,Total,65-69,71160,34064,37096,38750,12565,26185,32410,21499,10911
19,334,birbhum,Total,70-74,43046,20109,22937,24305,7546,16759,18741,12563,6178
19,334,birbhum,Total,75-79,18970,8670,10300,10152,2851,7301,8818,5819,2999
19,334,birbhum,Total,80+,18406,8213,10193,9809,2847,6962,8597,5366,3231
19,334,birbhum,Total,Age not stated,2227,1219,1008,810,369,441,1417,850,567
19,334,birbhum,Rural,All ages,3052956,1561976,1490980,1220590,536315,684275,1832366,1025661,806705
19,334,birbhum,Rural,0-6,401237,204477,196760,401237,204477,196760,0,0,0
19,334,birbhum,Rural,7,59845,30479,29366,14733,7413,7320,45112,23066,22046
19,334,birbhum,Rural,8,64345,32884,31461,7844,4000,3844,56501,28884,27617
19,334,birbhum,Rural,9,57340,29109,28231,4938,2517,2421,52402,26592,25810
19,334,birbhum,Rural,10,71820,37181,34639,7142,3634,3508,64678,33547,31131
19,334,birbhum,Rural,11,58991,30044,28947,4445,2287,2158,54546,27757,26789
19,334,birbhum,Rural,12,71083,36718,34365,6673,3466,3207,64410,33252,31158
19,334,birbhum,Rural,13,62807,31630,31177,5384,2671,2713,57423,28959,28464
19,334,birbhum,Rural,14,67315,34538,32777,6367,3201,3166,60948,31337,29611
19,334,birbhum,Rural,15,68518,36179,32339,7649,3942,3707,60869,32237,28632
19,334,birbhum,Rural,16,62629,34336,28293,8114,4218,3896,54515,30118,24397
19,334,birbhum,Rural,17,51163,29220,21943,6716,3364,3352,44447,25856,18591
19,334,birbhum,Rural,18,73720,40269,33451,12637,5580,7057,61083,34689,26394
19,334,birbhum,Rural,19,54451,27075,27376,9361,3606,5755,45090,23469,21621
19,334,birbhum,Rural,20-24,287747,145010,142737,66528,25630,40898,221219,119380,101839
19,334,birbhum,Rural,25-29,258948,131626,127322,75742,30770,44972,183206,100856,82350
19,334,birbhum,Rural,30-34,222291,112649,109642,73569,30101,43468,148722,82548,66174
19,334,birbhum,Rural,35-39,224095,111628,112467,83809,32358,51451,140286,79270,61016
19,334,birbhum,Rural,40-44,198881,103684,95197,85519,35453,50066,113362,68231,45131
19,334,birbhum,Rural,45-49,174063,91098,82965,81242,34115,47127,92821,56983,35838
19,334,birbhum,Rural,50-54,136489,73306,63183,67972,29188,38784,68517,44118,24399
19,334,birbhum,Rural,55-59,104497,54357,50140,53377,20872,32505,51120,33485,17635
19,334,birbhum,Rural,60-64,90493,44139,46354,53014,19321,33693,37479,24818,12661
19,334,birbhum,Rural,65-69,60713,28591,32122,35563,11583,23980,25150,17008,8142
19,334,birbhum,Rural,70-74,36602,16854,19748,22310,7005,15305,14292,9849,4443
19,334,birbhum,Rural,75-79,15862,7135,8727,9267,2640,6627,6595,4495,2100
19,334,birbhum,Rural,80+,15128,6728,8400,8736,2582,6154,6392,4146,2246
19,334,birbhum,Rural,Age not stated,1883,1032,851,702,321,381,1181,711,470
19,334,birbhum,Urban,All ages,449448,228944,220504,123367,53124,70243,326081,175820,150261
19,334,birbhum,Urban,0-6,47248,24432,22816,47248,24432,22816,0,0,0
19,334,birbhum,Urban,7,7549,3855,3694,1553,758,795,5996,3097,2899
19,334,birbhum,Urban,8,7652,3966,3686,816,401,415,6836,3565,3271
19,334,birbhum,Urban,9,7058,3581,3477,501,245,256,6557,3336,3221
19,334,birbhum,Urban,10,8849,4569,4280,804,418,386,8045,4151,3894
19,334,birbhum,Urban,11,7649,3945,3704,526,260,266,7123,3685,3438
19,334,birbhum,Urban,12,8451,4449,4002,671,326,345,7780,4123,3657
19,334,birbhum,Urban,13,7701,3825,3876,592,257,335,7109,3568,3541
19,334,birbhum,Urban,14,8246,4246,4000,634,304,330,7612,3942,3670
19,334,birbhum,Urban,15,8505,4318,4187,779,364,415,7726,3954,3772
19,334,birbhum,Urban,16,8301,4346,3955,870,415,455,7431,3931,3500
19,334,birbhum,Urban,17,7727,4206,3521,739,349,390,6988,3857,3131
19,334,birbhum,Urban,18,10395,5302,5093,1350,565,785,9045,4737,4308
19,334,birbhum,Urban,19,8158,3965,4193,959,356,603,7199,3609,3590
19,334,birbhum,Urban,20-24,42902,21424,21478,6283,2458,3825,36619,18966,17653
19,334,birbhum,Urban,25-29,40305,20006,20299,6866,2731,4135,33439,17275,16164
19,334,birbhum,Urban,30-34,35909,17929,17980,6642,2580,4062,29267,15349,13918
19,334,birbhum,Urban,35-39,36092,17895,18197,7611,2756,4855,28481,15139,13342
19,334,birbhum,Urban,40-44,31903,16316,15587,7692,2884,4808,24211,13432,10779
19,334,birbhum,Urban,45-49,28825,14693,14132,7384,2685,4699,21441,12008,9433
19,334,birbhum,Urban,50-54,23260,12428,10832,6063,2278,3785,17197,10150,7047
19,334,birbhum,Urban,55-59,18343,9741,8602,4722,1611,3111,13621,8130,5491
19,334,birbhum,Urban,60-64,14799,7572,7227,4814,1644,3170,9985,5928,4057
19,334,birbhum,Urban,65-69,10447,5473,4974,3187,982,2205,7260,4491,2769
19,334,birbhum,Urban,70-74,6444,3255,3189,1995,541,1454,4449,2714,1735
19,334,birbhum,Urban,75-79,3108,1535,1573,885,211,674,2223,1324,899
19,334,birbhum,Urban,80+,3278,1485,1793,1073,265,808,2205,1220,985
19,334,birbhum,Urban,Age not stated,344,187,157,108,48,60,236,139,97
19,335,barddhaman,Total,All ages,7717563,3966889,3750674,2470355,1048849,1421506,5247208,2918040,2329168
19,335,barddhaman,Total,0-6,832033,426385,405648,832033,426385,405648,0,0,0
19,335,barddhaman,Total,7,131716,67154,64562,22920,11460,11460,108796,55694,53102
19,335,barddhaman,Total,8,132964,68229,64735,11951,5895,6056,121013,62334,58679
19,335,barddhaman,Total,9,125510,63917,61593,8199,4115,4084,117311,59802,57509
19,335,barddhaman,Total,10,154588,80090,74498,11629,5905,5724,142959,74185,68774
19,335,barddhaman,Total,11,133805,68810,64995,7470,3649,3821,126335,65161,61174
19,335,barddhaman,Total,12,148950,77346,71604,9669,4809,4860,139281,72537,66744
19,335,barddhaman,Total,13,139994,70745,69249,8391,3952,4439,131603,66793,64810
19,335,barddhaman,Total,14,147481,74936,72545,10418,4832,5586,137063,70104,66959
19,335,barddhaman,Total,15,151056,77822,73234,12964,6024,6940,138092,71798,66294
19,335,barddhaman,Total,16,147881,77494,70387,13874,6576,7298,134007,70918,63089
19,335,barddhaman,Total,17,136691,73970,62721,12730,5893,6837,123961,68077,55884
19,335,barddhaman,Total,18,180442,95360,85082,22515,9597,12918,157927,85763,72164
19,335,barddhaman,Total,19,143981,72037,71944,17924,6786,11138,126057,65251,60806
19,335,barddhaman,Total,20-24,747485,378406,369079,119940,44837,75103,627545,333569,293976
19,335,barddhaman,Total,25-29,694843,353766,341077,140857,53414,87443,553986,300352,253634
19,335,barddhaman,Total,30-34,615277,312098,303179,146649,56041,90608,468628,256057,212571
19,335,barddhaman,Total,35-39,620820,312049,308771,177482,65071,112411,443338,246978,196360
19,335,barddhaman,Total,40-44,547461,287628,259833,179980,71184,108796,367481,216444,151037
19,335,barddhaman,Total,45-49,481985,256120,225865,169703,68127,101576,312282,187993,124289
19,335,barddhaman,Total,50-54,376986,204631,172355,138916,55527,83389,238070,149104,88966
19,335,barddhaman,Total,55-59,290236,155703,134533,108893,40115,68778,181343,115588,65755
19,335,barddhaman,Total,60-64,233209,117615,115594,101778,34731,67047,131431,82884,48547
19,335,barddhaman,Total,65-69,160458,79275,81183,70795,21576,49219,89663,57699,31964
19,335,barddhaman,Total,70-74,112641,55340,57301,53195,15749,37446,59446,39591,19855
19,335,barddhaman,Total,75-79,56433,26730,29703,26298,7097,19201,30135,19633,10502
19,335,barddhaman,Total,80+,62950,28048,34902,30427,8320,22107,32523,19728,12795
19,335,barddhaman,Total,Age not stated,9687,5185,4502,2755,1182,1573,6932,4003,2929
19,335,barddhaman,Rural,All ages,4639264,2373787,2265477,1640987,702231,938756,2998277,1671556,1326721
19,335,barddhaman,Rural,0-6,511969,260995,250974,511969,260995,250974,0,0,0
19,335,barddhaman,Rural,7,80081,40767,39314,14026,7075,6951,66055,33692,32363
19,335,barddhaman,Rural,8,81422,41676,39746,6736,3396,3340,74686,38280,36406
19,335,barddhaman,Rural,9,77789,39437,38352,4600,2332,2268,73189,37105,36084
19,335,barddhaman,Rural,10,95653,49375,46278,6439,3266,3173,89214,46109,43105
19,335,barddhaman,Rural,11,82467,42240,40227,4184,2046,2138,78283,40194,38089
19,335,barddhaman,Rural,12,92500,47952,44548,5626,2827,2799,86874,45125,41749
19,335,barddhaman,Rural,13,87859,44336,43523,4990,2404,2586,82869,41932,40937
19,335,barddhaman,Rural,14,91951,46863,45088,6211,2930,3281,85740,43933,41807
19,335,barddhaman,Rural,15,93044,47927,45117,7890,3738,4152,85154,44189,40965
19,335,barddhaman,Rural,16,89784,47398,42386,8500,4119,4381,81284,43279,38005
19,335,barddhaman,Rural,17,82106,45221,36885,7883,3733,4150,74223,41488,32735
19,335,barddhaman,Rural,18,110209,58756,51453,14284,6097,8187,95925,52659,43266
19,335,barddhaman,Rural,19,85488,42484,43004,11386,4262,7124,74102,38222,35880
19,335,barddhaman,Rural,20-24,441100,223275,217825,78941,29763,49178,362159,193512,168647
19,335,barddhaman,Rural,25-29,408532,207256,201276,95725,37085,58640,312807,170171,142636
19,335,barddhaman,Rural,30-34,364699,183653,181046,102134,40183,61951,262565,143470,119095
19,335,barddhaman,Rural,35-39,373568,187126,186442,124752,47646,77106,248816,139480,109336
19,335,barddhaman,Rural,40-44,329612,172271,157341,127373,52518,74855,202239,119753,82486
19,335,barddhaman,Rural,45-49,288961,153889,135072,119946,50634,69312,169015,103255,65760
19,335,barddhaman,Rural,50-54,222876,121985,100891,97563,41330,56233,125313,80655,44658
19,335,barddhaman,Rural,55-59,168205,89856,78349,76355,29735,46620,91850,60121,31729
19,335,barddhaman,Rural,60-64,136392,67644,68748,70955,24935,46020,65437,42709,22728
19,335,barddhaman,Rural,65-69,96087,45216,50871,51194,15827,35367,44893,29389,15504
19,335,barddhaman,Rural,70-74,68266,31265,37001,38634,11413,27221,29632,19852,9780
19,335,barddhaman,Rural,75-79,34984,15689,19295,19503,5320,14183,15481,10369,5112
19,335,barddhaman,Rural,80+,38694,16569,22125,21489,5889,15600,17205,10680,6525
19,335,barddhaman,Rural,Age not stated,4966,2666,2300,1699,733,966,3267,1933,1334
19,335,barddhaman,Urban,All ages,3078299,1593102,1485197,829368,346618,482750,2248931,1246484,1002447
19,335,barddhaman,Urban,0-6,320064,165390,154674,320064,165390,154674,0,0,0
19,335,barddhaman,Urban,7,51635,26387,25248,8894,4385,4509,42741,22002,20739
19,335,barddhaman,Urban,8,51542,26553,24989,5215,2499,2716,46327,24054,22273
19,335,barddhaman,Urban,9,47721,24480,23241,3599,1783,1816,44122,22697,21425
19,335,barddhaman,Urban,10,58935,30715,28220,5190,2639,2551,53745,28076,25669
19,335,barddhaman,Urban,11,51338,26570,24768,3286,1603,1683,48052,24967,23085
19,335,barddhaman,Urban,12,56450,29394,27056,4043,1982,2061,52407,27412,24995
19,335,barddhaman,Urban,13,52135,26409,25726,3401,1548,1853,48734,24861,23873
19,335,barddhaman,Urban,14,55530,28073,27457,4207,1902,2305,51323,26171,25152
19,335,barddhaman,Urban,15,58012,29895,28117,5074,2286,2788,52938,27609,25329
19,335,barddhaman,Urban,16,58097,30096,28001,5374,2457,2917,52723,27639,25084
19,335,barddhaman,Urban,17,54585,28749,25836,4847,2160,2687,49738,26589,23149
19,335,barddhaman,Urban,18,70233,36604,33629,8231,3500,4731,62002,33104,28898
19,335,barddhaman,Urban,19,58493,29553,28940,6538,2524,4014,51955,27029,24926
19,335,barddhaman,Urban,20-24,306385,155131,151254,40999,15074,25925,265386,140057,125329
19,335,barddhaman,Urban,25-29,286311,146510,139801,45132,16329,28803,241179,130181,110998
19,335,barddhaman,Urban,30-34,250578,128445,122133,44515,15858,28657,206063,112587,93476
19,335,barddhaman,Urban,35-39,247252,124923,122329,52730,17425,35305,194522,107498,87024
19,335,barddhaman,Urban,40-44,217849,115357,102492,52607,18666,33941,165242,96691,68551
19,335,barddhaman,Urban,45-49,193024,102231,90793,49757,17493,32264,143267,84738,58529
19,335,barddhaman,Urban,50-54,154110,82646,71464,41353,14197,27156,112757,68449,44308
19,335,barddhaman,Urban,55-59,122031,65847,56184,32538,10380,22158,89493,55467,34026
19,335,barddhaman,Urban,60-64,96817,49971,46846,30823,9796,21027,65994,40175,25819
19,335,barddhaman,Urban,65-69,64371,34059,30312,19601,5749,13852,44770,28310,16460
19,335,barddhaman,Urban,70-74,44375,24075,20300,14561,4336,10225,29814,19739,10075
19,335,barddhaman,Urban,75-79,21449,11041,10408,6795,1777,5018,14654,9264,5390
19,335,barddhaman,Urban,80+,24256,11479,12777,8938,2431,6507,15318,9048,6270
19,335,barddhaman,Urban,Age not stated,4721,2519,2202,1056,449,607,3665,2070,1595
19,336,nadia,Total,All ages,5167600,2653768,2513832,1687045,774902,912143,3480555,1878866,1601689
19,336,nadia,Total,0-6,525180,267954,257226,525180,267954,257226,0,0,0
19,336,nadia,Total,7,85784,43617,42167,14429,7516,6913,71355,36101,35254
19,336,nadia,Total,8,88033,44869,43164,5440,2830,2610,82593,42039,40554
19,336,nadia,Total,9,84989,42894,42095,3486,1869,1617,81503,41025,40478
19,336,nadia,Total,10,102414,52850,49564,5130,2742,2388,97284,50108,47176
19,336,nadia,Total,11,92063,47087,44976,3314,1807,1507,88749,45280,43469
19,336,nadia,Total,12,99917,51410,48507,3908,2182,1726,96009,49228,46781
19,336,nadia,Total,13,97358,49282,48076,3648,2000,1648,93710,47282,46428
19,336,nadia,Total,14,100563,50959,49604,4264,2382,1882,96299,48577,47722
19,336,nadia,Total,15,101629,52874,48755,5647,3133,2514,95982,49741,46241
19,336,nadia,Total,16,98284,51868,46416,6011,3297,2714,92273,48571,43702
19,336,nadia,Total,17,92620,50250,42370,5740,3175,2565,86880,47075,39805
19,336,nadia,Total,18,119437,62048,57389,10598,5286,5312,108839,56762,52077
19,336,nadia,Total,19,93525,46963,46562,7896,3687,4209,85629,43276,42353
19,336,nadia,Total,20-24,505782,257352,248430,67763,31925,35838,438019,225427,212592
19,336,nadia,Total,25-29,458250,233991,224259,89090,42147,46943,369160,191844,177316
19,336,nadia,Total,30-34,383899,195585,188314,90416,41442,48974,293483,154143,139340
19,336,nadia,Total,35-39,411793,206710,205083,124152,54515,69637,287641,152195,135446
19,336,nadia,Total,40-44,375410,195909,179501,135606,61800,73806,239804,134109,105695
19,336,nadia,Total,45-49,313884,166575,147309,121610,55886,65724,192274,110689,81585
19,336,nadia,Total,50-54,257395,142486,114909,106072,49403,56669,151323,93083,58240
19,336,nadia,Total,55-59,191060,103708,87352,81216,33957,47259,109844,69751,40093
19,336,nadia,Total,60-64,162203,83419,78784,80552,30774,49778,81651,52645,29006
19,336,nadia,Total,65-69,119829,58361,61468,63632,22437,41195,56197,35924,20273
19,336,nadia,Total,70-74,91260,43351,47909,53695,18696,34999,37565,24655,12910
19,336,nadia,Total,75-79,50267,23508,26759,29299,9839,19460,20968,13669,7299
19,336,nadia,Total,80+,62403,26525,35878,38568,11913,26655,23835,14612,9223
19,336,nadia,Total,Age not stated,2369,1363,1006,683,308,375,1686,1055,631
19,336,nadia,Rural,All ages,3728727,1921112,1807615,1374641,639676,734965,2354086,1281436,1072650
19,336,nadia,Rural,0-6,406080,206982,199098,406080,206982,199098,0,0,0
19,336,nadia,Rural,7,65731,33402,32329,11854,6189,5665,53877,27213,26664
19,336,nadia,Rural,8,68051,34624,33427,4622,2426,2196,63429,32198,31231
19,336,nadia,Rural,9,65121,32877,32244,2885,1565,1320,62236,31312,30924
19,336,nadia,Rural,10,79065,40766,38299,4198,2271,1927,74867,38495,36372
19,336,nadia,Rural,11,70408,35982,34426,2743,1505,1238,67665,34477,33188
19,336,nadia,Rural,12,77306,39712,37594,3267,1826,1441,74039,37886,36153
19,336,nadia,Rural,13,75233,38049,37184,3032,1662,1370,72201,36387,35814
19,336,nadia,Rural,14,77869,39490,38379,3580,2002,1578,74289,37488,36801
19,336,nadia,Rural,15,77832,40674,37158,4739,2672,2067,73093,38002,35091
19,336,nadia,Rural,16,74929,39810,35119,5065,2790,2275,69864,37020,32844
19,336,nadia,Rural,17,69245,37934,31311,4836,2690,2146,64409,35244,29165
19,336,nadia,Rural,18,90519,47622,42897,9005,4533,4472,81514,43089,38425
19,336,nadia,Rural,19,69063,35057,34006,6614,3139,3475,62449,31918,30531
19,336,nadia,Rural,20-24,371206,190440,180766,58173,27837,30336,313033,162603,150430
19,336,nadia,Rural,25-29,326176,167216,158960,76317,36775,39542,249859,130441,119418
19,336,nadia,Rural,30-34,265795,135681,130114,76805,35879,40926,188990,99802,89188
19,336,nadia,Rural,35-39,289685,145766,143919,105339,47053,58286,184346,98713,85633
19,336,nadia,Rural,40-44,264006,138811,125195,114566,53264,61302,149440,85547,63893
19,336,nadia,Rural,45-49,213567,114910,98657,100735,47403,53332,112832,67507,45325
19,336,nadia,Rural,50-54,173752,97508,76244,87883,41907,45976,85869,55601,30268
19,336,nadia,Rural,55-59,126197,68311,57886,66770,28473,38297,59427,39838,19589
19,336,nadia,Rural,60-64,110124,56194,53930,66113,25953,40160,44011,30241,13770
19,336,nadia,Rural,65-69,81452,38968,42484,52130,18854,33276,29322,20114,9208
19,336,nadia,Rural,70-74,62753,29610,33143,43357,15720,27637,19396,13890,5506
19,336,nadia,Rural,75-79,33559,15609,17950,23277,8219,15058,10282,7390,2892
19,336,nadia,Rural,80+,42432,18190,24242,30128,9853,20275,12304,8337,3967
19,336,nadia,Rural,Age not stated,1571,917,654,528,234,294,1043,683,360
19,336,nadia,Urban,All ages,1438873,732656,706217,312404,135226,177178,1126469,597430,529039
19,336,nadia,Urban,0-6,119100,60972,58128,119100,60972,58128,0,0,0
19,336,nadia,Urban,7,20053,10215,9838,2575,1327,1248,17478,8888,8590
19,336,nadia,Urban,8,19982,10245,9737,818,404,414,19164,9841,9323
19,336,nadia,Urban,9,19868,10017,9851,601,304,297,19267,9713,9554
19,336,nadia,Urban,10,23349,12084,11265,932,471,461,22417,11613,10804
19,336,nadia,Urban,11,21655,11105,10550,571,302,269,21084,10803,10281
19,336,nadia,Urban,12,22611,11698,10913,641,356,285,21970,11342,10628
19,336,nadia,Urban,13,22125,11233,10892,616,338,278,21509,10895,10614
19,336,nadia,Urban,14,22694,11469,11225,684,380,304,22010,11089,10921
19,336,nadia,Urban,15,23797,12200,11597,908,461,447,22889,11739,11150
19,336,nadia,Urban,16,23355,12058,11297,946,507,439,22409,11551,10858
19,336,nadia,Urban,17,23375,12316,11059,904,485,419,22471,11831,10640
19,336,nadia,Urban,18,28918,14426,14492,1593,753,840,27325,13673,13652
19,336,nadia,Urban,19,24462,11906,12556,1282,548,734,23180,11358,11822
19,336,nadia,Urban,20-24,134576,66912,67664,9590,4088,5502,124986,62824,62162
19,336,nadia,Urban,25-29,132074,66775,65299,12773,5372,7401,119301,61403,57898
19,336,nadia,Urban,30-34,118104,59904,58200,13611,5563,8048,104493,54341,50152
19,336,nadia,Urban,35-39,122108,60944,61164,18813,7462,11351,103295,53482,49813
19,336,nadia,Urban,40-44,111404,57098,54306,21040,8536,12504,90364,48562,41802
19,336,nadia,Urban,45-49,100317,51665,48652,20875,8483,12392,79442,43182,36260
19,336,nadia,Urban,50-54,83643,44978,38665,18189,7496,10693,65454,37482,27972
19,336,nadia,Urban,55-59,64863,35397,29466,14446,5484,8962,50417,29913,20504
19,336,nadia,Urban,60-64,52079,27225,24854,14439,4821,9618,37640,22404,15236
19,336,nadia,Urban,65-69,38377,19393,18984,11502,3583,7919,26875,15810,11065
19,336,nadia,Urban,70-74,28507,13741,14766,10338,2976,7362,18169,10765,7404
19,336,nadia,Urban,75-79,16708,7899,8809,6022,1620,4402,10686,6279,4407
19,336,nadia,Urban,80+,19971,8335,11636,8440,2060,6380,11531,6275,5256
19,336,nadia,Urban,Age not stated,798,446,352,155,74,81,643,372,271
19,337,north twenty four parganas,Total,All ages,10009781,5119389,4890392,2401088,1063343,1337745,7608693,4056046,3552647
19,337,north twenty four parganas,Total,0-6,957973,489824,468149,957973,489824,468149,0,0,0
19,337,north twenty four parganas,Total,7,157302,80508,76794,26747,13676,13071,130555,66832,63723
19,337,north twenty four parganas,Total,8,157887,81166,76721,13175,6736,6439,144712,74430,70282
19,337,north twenty four parganas,Total,9,157386,79895,77491,9518,4942,4576,147868,74953,72915
19,337,north twenty four parganas,Total,10,187234,96232,91002,12245,6447,5798,174989,89785,85204
19,337,north twenty four parganas,Total,11,166591,85272,81319,8103,4345,3758,158488,80927,77561
19,337,north twenty four parganas,Total,12,177498,91738,85760,8983,4948,4035,168515,86790,81725
19,337,north twenty four parganas,Total,13,168653,85847,82806,7782,4271,3511,160871,81576,79295
19,337,north twenty four parganas,Total,14,176465,89841,86624,8989,4845,4144,167476,84996,82480
19,337,north twenty four parganas,Total,15,181952,93881,88071,10526,5682,4844,171426,88199,83227
19,337,north twenty four parganas,Total,16,177546,91690,85856,10934,5783,5151,166612,85907,80705
19,337,north twenty four parganas,Total,17,170648,89212,81436,10402,5541,4861,160246,83671,76575
19,337,north twenty four parganas,Total,18,216024,108929,107095,16139,7961,8178,199885,100968,98917
19,337,north twenty four parganas,Total,19,182200,89059,93141,13379,5909,7470,168821,83150,85671
19,337,north twenty four parganas,Total,20-24,961606,480072,481534,89252,40268,48984,872354,439804,432550
19,337,north twenty four parganas,Total,25-29,907911,455845,452066,105251,46409,58842,802660,409436,393224
19,337,north twenty four parganas,Total,30-34,788781,396950,391831,105873,44456,61417,682908,352494,330414
19,337,north twenty four parganas,Total,35-39,815657,404930,410727,141062,54176,86886,674595,350754,323841
19,337,north twenty four parganas,Total,40-44,725029,376689,348340,150244,60570,89674,574785,316119,258666
19,337,north twenty four parganas,Total,45-49,639529,336089,303440,145233,58564,86669,494296,277525,216771
19,337,north twenty four parganas,Total,50-54,521948,284300,237648,123463,49767,73696,398485,234533,163952
19,337,north twenty four parganas,Total,55-59,405620,218807,186813,98842,35786,63056,306778,183021,123757
19,337,north twenty four parganas,Total,60-64,336726,176696,160030,98790,33543,65247,237936,143153,94783
19,337,north twenty four parganas,Total,65-69,241918,124044,117874,76317,23625,52692,165601,100419,65182
19,337,north twenty four parganas,Total,70-74,178592,90784,87808,63693,19379,44314,114899,71405,43494
19,337,north twenty four parganas,Total,75-79,99905,49624,50281,35385,10216,25169,64520,39408,25112
19,337,north twenty four parganas,Total,80+,136434,63950,72484,49709,14316,35393,86725,49634,37091
19,337,north twenty four parganas,Total,Age not stated,14766,7515,7251,3079,1358,1721,11687,6157,5530
19,337,north twenty four parganas,Rural,All ages,4277619,2196554,2081065,1348253,603528,744725,2929366,1593026,1336340
19,337,north twenty four parganas,Rural,0-6,491418,250731,240687,491418,250731,240687,0,0,0
19,337,north twenty four parganas,Rural,7,77466,39385,38081,16059,8225,7834,61407,31160,30247
19,337,north twenty four parganas,Rural,8,78370,39989,38381,7819,4063,3756,70551,35926,34625
19,337,north twenty four parganas,Rural,9,77985,39248,38737,5331,2830,2501,72654,36418,36236
19,337,north twenty four parganas,Rural,10,90717,46533,44184,6518,3498,3020,84199,43035,41164
19,337,north twenty four parganas,Rural,11,81365,41321,40044,4385,2452,1933,76980,38869,38111
19,337,north twenty four parganas,Rural,12,87394,44922,42472,5080,2968,2112,82314,41954,40360
19,337,north twenty four parganas,Rural,13,85429,43305,42124,4554,2635,1919,80875,40670,40205
19,337,north twenty four parganas,Rural,14,88459,44679,43780,5125,2933,2192,83334,41746,41588
19,337,north twenty four parganas,Rural,15,90464,46395,44069,6081,3448,2633,84383,42947,41436
19,337,north twenty four parganas,Rural,16,88536,45900,42636,6493,3553,2940,82043,42347,39696
19,337,north twenty four parganas,Rural,17,84143,44233,39910,6132,3396,2736,78011,40837,37174
19,337,north twenty four parganas,Rural,18,107964,54119,53845,9683,4898,4785,98281,49221,49060
19,337,north twenty four parganas,Rural,19,89359,43282,46077,7984,3625,4359,81375,39657,41718
19,337,north twenty four parganas,Rural,20-24,456237,231189,225048,55264,26055,29209,400973,205134,195839
19,337,north twenty four parganas,Rural,25-29,385809,201155,184654,63320,29665,33655,322489,171490,150999
19,337,north twenty four parganas,Rural,30-34,303316,155920,147396,62324,27395,34929,240992,128525,112467
19,337,north twenty four parganas,Rural,35-39,317805,158465,159340,84942,33576,51366,232863,124889,107974
19,337,north twenty four parganas,Rural,40-44,281098,146384,134714,92619,38450,54169,188479,107934,80545
19,337,north twenty four parganas,Rural,45-49,235553,125667,109886,86668,36507,50161,148885,89160,59725
19,337,north twenty four parganas,Rural,50-54,186119,103002,83117,73616,30614,43002,112503,72388,40115
19,337,north twenty four parganas,Rural,55-59,139995,75643,64352,58606,21529,37077,81389,54114,27275
19,337,north twenty four parganas,Rural,60-64,118223,61390,56833,58042,19778,38264,60181,41612,18569
19,337,north twenty four parganas,Rural,65-69,86606,43053,43553,45769,14318,31451,40837,28735,12102
19,337,north twenty four parganas,Rural,70-74,62119,30120,31999,36375,11362,25013,25744,18758,6986
19,337,north twenty four parganas,Rural,75-79,33897,16263,17634,20211,6143,14068,13686,10120,3566
19,337,north twenty four parganas,Rural,80+,48054,22356,25698,26677,8407,18270,21377,13949,7428
19,337,north twenty four parganas,Rural,Age not stated,3719,1905,1814,1158,474,684,2561,1431,1130
19,337,north twenty four parganas,Urban,All ages,5732162,2922835,2809327,1052835,459815,593020,4679327,2463020,2216307
19,337,north twenty four parganas,Urban,0-6,466555,239093,227462,466555,239093,227462,0,0,0
19,337,north twenty four parganas,Urban,7,79836,41123,38713,10688,5451,5237,69148,35672,33476
19,337,north twenty four parganas,Urban,8,79517,41177,38340,5356,2673,2683,74161,38504,35657
19,337,north twenty four parganas,Urban,9,79401,40647,38754,4187,2112,2075,75214,38535,36679
19,337,north twenty four parganas,Urban,10,96517,49699,46818,5727,2949,2778,90790,46750,44040
19,337,north twenty four parganas,Urban,11,85226,43951,41275,3718,1893,1825,81508,42058,39450
19,337,north twenty four parganas,Urban,12,90104,46816,43288,3903,1980,1923,86201,44836,41365
19,337,north twenty four parganas,Urban,13,83224,42542,40682,3228,1636,1592,79996,40906,39090
19,337,north twenty four parganas,Urban,14,88006,45162,42844,3864,1912,1952,84142,43250,40892
19,337,north twenty four parganas,Urban,15,91488,47486,44002,4445,2234,2211,87043,45252,41791
19,337,north twenty four parganas,Urban,16,89010,45790,43220,4441,2230,2211,84569,43560,41009
19,337,north twenty four parganas,Urban,17,86505,44979,41526,4270,2145,2125,82235,42834,39401
19,337,north twenty four parganas,Urban,18,108060,54810,53250,6456,3063,3393,101604,51747,49857
19,337,north twenty four parganas,Urban,19,92841,45777,47064,5395,2284,3111,87446,43493,43953
19,337,north twenty four parganas,Urban,20-24,505369,248883,256486,33988,14213,19775,471381,234670,236711
19,337,north twenty four parganas,Urban,25-29,522102,254690,267412,41931,16744,25187,480171,237946,242225
19,337,north twenty four parganas,Urban,30-34,485465,241030,244435,43549,17061,26488,441916,223969,217947
19,337,north twenty four parganas,Urban,35-39,497852,246465,251387,56120,20600,35520,441732,225865,215867
19,337,north twenty four parganas,Urban,40-44,443931,230305,213626,57625,22120,35505,386306,208185,178121
19,337,north twenty four parganas,Urban,45-49,403976,210422,193554,58565,22057,36508,345411,188365,157046
19,337,north twenty four parganas,Urban,50-54,335829,181298,154531,49847,19153,30694,285982,162145,123837
19,337,north twenty four parganas,Urban,55-59,265625,143164,122461,40236,14257,25979,225389,128907,96482
19,337,north twenty four parganas,Urban,60-64,218503,115306,103197,40748,13765,26983,177755,101541,76214
19,337,north twenty four parganas,Urban,65-69,155312,80991,74321,30548,9307,21241,124764,71684,53080
19,337,north twenty four parganas,Urban,70-74,116473,60664,55809,27318,8017,19301,89155,52647,36508
19,337,north twenty four parganas,Urban,75-79,66008,33361,32647,15174,4073,11101,50834,29288,21546
19,337,north twenty four parganas,Urban,80+,88380,41594,46786,23032,5909,17123,65348,35685,29663
19,337,north twenty four parganas,Urban,Age not stated,11047,5610,5437,1921,884,1037,9126,4726,4400
19,338,hugli,Total,All ages,5519145,2814653,2704492,1440757,602876,837881,4078388,2211777,1866611
19,338,hugli,Total,0-6,533210,273116,260094,533210,273116,260094,0,0,0
19,338,hugli,Total,7,84857,42990,41867,12252,6039,6213,72605,36951,35654
19,338,hugli,Total,8,85882,43806,42076,5186,2594,2592,80696,41212,39484
19,338,hugli,Total,9,82368,41908,40460,3475,1783,1692,78893,40125,38768
19,338,hugli,Total,10,100557,51423,49134,4795,2461,2334,95762,48962,46800
19,338,hugli,Total,11,89740,45882,43858,3045,1531,1514,86695,44351,42344
19,338,hugli,Total,12,97083,50199,46884,3531,1828,1703,93552,48371,45181
19,338,hugli,Total,13,93703,46870,46833,3196,1651,1545,90507,45219,45288
19,338,hugli,Total,14,99544,50289,49255,3833,1967,1866,95711,48322,47389
19,338,hugli,Total,15,101468,51690,49778,5052,2426,2626,96416,49264,47152
19,338,hugli,Total,16,99200,50979,48221,5160,2533,2627,94040,48446,45594
19,338,hugli,Total,17,92791,48800,43991,4977,2402,2575,87814,46398,41416
19,338,hugli,Total,18,118622,60858,57764,8770,3857,4913,109852,57001,52851
19,338,hugli,Total,19,95560,46681,48879,7092,2838,4254,88468,43843,44625
19,338,hugli,Total,20-24,505273,250851,254422,49284,19267,30017,455989,231584,224405
19,338,hugli,Total,25-29,486631,242070,244561,62855,24160,38695,423776,217910,205866
19,338,hugli,Total,30-34,447694,223936,223758,71865,27031,44834,375829,196905,178924
19,338,hugli,Total,35-39,466417,234150,232267,97431,35798,61633,368986,198352,170634
19,338,hugli,Total,40-44,405739,211297,194442,101498,39813,61685,304241,171484,132757
19,338,hugli,Total,45-49,368356,194087,174269,100927,40168,60759,267429,153919,113510
19,338,hugli,Total,50-54,291306,159040,132266,80610,31568,49042,210696,127472,83224
19,338,hugli,Total,55-59,227351,123047,104304,64503,22330,42173,162848,100717,62131
19,338,hugli,Total,60-64,184593,95595,88998,62415,18955,43460,122178,76640,45538
19,338,hugli,Total,65-69,137113,69058,68055,50389,13508,36881,86724,55550,31174
19,338,hugli,Total,70-74,101175,49680,51495,41985,10576,31409,59190,39104,20086
19,338,hugli,Total,75-79,56939,27418,29521,23741,5704,18037,33198,21714,11484
19,338,hugli,Total,80+,62344,26962,35382,28645,6495,22150,33699,20467,13232
19,338,hugli,Total,Age not stated,3629,1971,1658,1035,477,558,2594,1494,1100
19,338,hugli,Rural,All ages,3390646,1722945,1667701,1001102,413178,587924,2389544,1309767,1079777
19,338,hugli,Rural,0-6,347916,178020,169896,347916,178020,169896,0,0,0
19,338,hugli,Rural,7,54273,27487,26786,8078,4045,4033,46195,23442,22753
19,338,hugli,Rural,8,55306,28019,27287,3218,1579,1639,52088,26440,25648
19,338,hugli,Rural,9,53293,27024,26269,2118,1107,1011,51175,25917,25258
19,338,hugli,Rural,10,64206,32629,31577,2853,1501,1352,61353,31128,30225
19,338,hugli,Rural,11,57854,29330,28524,1773,901,872,56081,28429,27652
19,338,hugli,Rural,12,63368,32610,30758,2120,1094,1026,61248,31516,29732
19,338,hugli,Rural,13,62067,30879,31188,2015,1041,974,60052,29838,30214
19,338,hugli,Rural,14,65998,32970,33028,2470,1258,1212,63528,31712,31816
19,338,hugli,Rural,15,66258,33483,32775,3280,1549,1731,62978,31934,31044
19,338,hugli,Rural,16,65088,33435,31653,3422,1675,1747,61666,31760,29906
19,338,hugli,Rural,17,59674,31582,28092,3268,1562,1706,56406,30020,26386
19,338,hugli,Rural,18,77542,39869,37673,5921,2543,3378,71621,37326,34295
19,338,hugli,Rural,19,60926,29542,31384,4816,1823,2993,56110,27719,28391
19,338,hugli,Rural,20-24,317620,157813,159807,34316,12953,21363,283304,144860,138444
19,338,hugli,Rural,25-29,295403,147125,148278,44411,16804,27607,250992,130321,120671
19,338,hugli,Rural,30-34,270283,134536,135747,52427,19454,32973,217856,115082,102774
19,338,hugli,Rural,35-39,285387,142772,142615,72295,26357,45938,213092,116415,96677
19,338,hugli,Rural,40-44,246346,128623,117723,75376,29770,45606,170970,98853,72117
19,338,hugli,Rural,45-49,219235,117044,102191,74002,30043,43959,145233,87001,58232
19,338,hugli,Rural,50-54,166173,91637,74536,58235,23080,35155,107938,68557,39381
19,338,hugli,Rural,55-59,128354,69449,58905,46751,16142,30609,81603,53307,28296
19,338,hugli,Rural,60-64,102817,52084,50733,44851,13284,31567,57966,38800,19166
19,338,hugli,Rural,65-69,79053,38436,40617,37110,9625,27485,41943,28811,13132
19,338,hugli,Rural,70-74,57464,26716,30748,30333,7362,22971,27131,19354,7777
19,338,hugli,Rural,75-79,32197,14659,17538,17414,4039,13375,14783,10620,4163
19,338,hugli,Rural,80+,34798,14259,20539,19749,4338,15411,15049,9921,5128
19,338,hugli,Rural,Age not stated,1747,913,834,564,229,335,1183,684,499
19,338,hugli,Urban,All ages,2128499,1091708,1036791,439655,189698,249957,1688844,902010,786834
19,338,hugli,Urban,0-6,185294,95096,90198,185294,95096,90198,0,0,0
19,338,hugli,Urban,7,30584,15503,15081,4174,1994,2180,26410,13509,12901
19,338,hugli,Urban,8,30576,15787,14789,1968,1015,953,28608,14772,13836
19,338,hugli,Urban,9,29075,14884,14191,1357,676,681,27718,14208,13510
19,338,hugli,Urban,10,36351,18794,17557,1942,960,982,34409,17834,16575
19,338,hugli,Urban,11,31886,16552,15334,1272,630,642,30614,15922,14692
19,338,hugli,Urban,12,33715,17589,16126,1411,734,677,32304,16855,15449
19,338,hugli,Urban,13,31636,15991,15645,1181,610,571,30455,15381,15074
19,338,hugli,Urban,14,33546,17319,16227,1363,709,654,32183,16610,15573
19,338,hugli,Urban,15,35210,18207,17003,1772,877,895,33438,17330,16108
19,338,hugli,Urban,16,34112,17544,16568,1738,858,880,32374,16686,15688
19,338,hugli,Urban,17,33117,17218,15899,1709,840,869,31408,16378,15030
19,338,hugli,Urban,18,41080,20989,20091,2849,1314,1535,38231,19675,18556
19,338,hugli,Urban,19,34634,17139,17495,2276,1015,1261,32358,16124,16234
19,338,hugli,Urban,20-24,187653,93038,94615,14968,6314,8654,172685,86724,85961
19,338,hugli,Urban,25-29,191228,94945,96283,18444,7356,11088,172784,87589,85195
19,338,hugli,Urban,30-34,177411,89400,88011,19438,7577,11861,157973,81823,76150
19,338,hugli,Urban,35-39,181030,91378,89652,25136,9441,15695,155894,81937,73957
19,338,hugli,Urban,40-44,159393,82674,76719,26122,10043,16079,133271,72631,60640
19,338,hugli,Urban,45-49,149121,77043,72078,26925,10125,16800,122196,66918,55278
19,338,hugli,Urban,50-54,125133,67403,57730,22375,8488,13887,102758,58915,43843
19,338,hugli,Urban,55-59,98997,53598,45399,17752,6188,11564,81245,47410,33835
19,338,hugli,Urban,60-64,81776,43511,38265,17564,5671,11893,64212,37840,26372
19,338,hugli,Urban,65-69,58060,30622,27438,13279,3883,9396,44781,26739,18042
19,338,hugli,Urban,70-74,43711,22964,20747,11652,3214,8438,32059,19750,12309
19,338,hugli,Urban,75-79,24742,12759,11983,6327,1665,4662,18415,11094,7321
19,338,hugli,Urban,80+,27546,12703,14843,8896,2157,6739,18650,10546,8104
19,338,hugli,Urban,Age not stated,1882,1058,824,471,248,223,1411,810,601
19,339,bankura,Total,All ages,3596674,1838095,1758579,1363682,538758,824924,2232992,1299337,933655
19,339,bankura,Total,0-6,418650,214846,203804,418650,214846,203804,0,0,0
19,339,bankura,Total,7,63489,31991,31498,14230,6861,7369,49259,25130,24129
19,339,bankura,Total,8,66587,33918,32669,6828,3147,3681,59759,30771,28988
19,339,bankura,Total,9,62420,31694,30726,4492,2034,2458,57928,29660,28268
19,339,bankura,Total,10,75666,39006,36660,6146,2822,3324,69520,36184,33336
19,339,bankura,Total,11,63501,32440,31061,3910,1708,2202,59591,30732,28859
19,339,bankura,Total,12,75023,38876,36147,5779,2412,3367,69244,36464,32780
19,339,bankura,Total,13,69883,35383,34500,5114,1966,3148,64769,33417,31352
19,339,bankura,Total,14,73300,37454,35846,6540,2472,4068,66760,34982,31778
19,339,bankura,Total,15,73896,38874,35022,7941,3172,4769,65955,35702,30253
19,339,bankura,Total,16,68296,37307,30989,8236,3442,4794,60060,33865,26195
19,339,bankura,Total,17,58484,33438,25046,7113,2946,4167,51371,30492,20879
19,339,bankura,Total,18,78660,43580,35080,12740,4872,7868,65920,38708,27212
19,339,bankura,Total,19,61259,31371,29888,10159,3297,6862,51100,28074,23026
19,339,bankura,Total,20-24,325766,166383,159383,70608,23041,47567,255158,143342,111816
19,339,bankura,Total,25-29,307455,155697,151758,80387,27479,52908,227068,128218,98850
19,339,bankura,Total,30-34,275893,138457,137436,82405,28137,54268,193488,110320,83168
19,339,bankura,Total,35-39,282390,142733,139657,96354,32782,63572,186036,109951,76085
19,339,bankura,Total,40-44,241398,126590,114808,94675,34858,59817,146723,91732,54991
19,339,bankura,Total,45-49,215083,113050,102033,91130,34127,57003,123953,78923,45030
19,339,bankura,Total,50-54,167831,89309,78522,75005,27740,47265,92826,61569,31257
19,339,bankura,Total,55-59,136177,70408,65769,63561,21196,42365,72616,49212,23404
19,339,bankura,Total,60-64,117980,56509,61471,64590,19570,45020,53390,36939,16451
19,339,bankura,Total,65-69,90450,41668,48782,51413,14021,37392,39037,27647,11390
19,339,bankura,Total,70-74,62546,28730,33816,37503,10173,27330,25043,18557,6486
19,339,bankura,Total,75-79,31841,14299,17542,18918,4814,14104,12923,9485,3438
19,339,bankura,Total,80+,31009,13132,17877,18746,4641,14105,12263,8491,3772
19,339,bankura,Total,Age not stated,1741,952,789,509,182,327,1232,770,462
19,339,bankura,Rural,All ages,3296901,1685777,1611124,1294249,511402,782847,2002652,1174375,828277
19,339,bankura,Rural,0-6,391728,201148,190580,391728,201148,190580,0,0,0
19,339,bankura,Rural,7,59172,29783,29389,13399,6459,6940,45773,23324,22449
19,339,bankura,Rural,8,62095,31603,30492,6486,2978,3508,55609,28625,26984
19,339,bankura,Rural,9,58143,29516,28627,4239,1917,2322,53904,27599,26305
19,339,bankura,Rural,10,70279,36201,34078,5803,2631,3172,64476,33570,30906
19,339,bankura,Rural,11,58959,30043,28916,3628,1579,2049,55331,28464,26867
19,339,bankura,Rural,12,69963,36265,33698,5499,2267,3232,64464,33998,30466
19,339,bankura,Rural,13,65052,32917,32135,4845,1854,2991,60207,31063,29144
19,339,bankura,Rural,14,68214,34831,33383,6204,2316,3888,62010,32515,29495
19,339,bankura,Rural,15,68686,36189,32497,7582,3017,4565,61104,33172,27932
19,339,bankura,Rural,16,63201,34673,28528,7850,3278,4572,55351,31395,23956
19,339,bankura,Rural,17,53664,30906,22758,6764,2805,3959,46900,28101,18799
19,339,bankura,Rural,18,72496,40412,32084,12107,4644,7463,60389,35768,24621
19,339,bankura,Rural,19,56113,28828,27285,9636,3102,6534,46477,25726,20751
19,339,bankura,Rural,20-24,298448,152712,145736,67503,21926,45577,230945,130786,100159
19,339,bankura,Rural,25-29,280927,142501,138426,76839,26231,50608,204088,116270,87818
19,339,bankura,Rural,30-34,251193,126076,125117,78927,26980,51947,172266,99096,73170
19,339,bankura,Rural,35-39,257125,130217,126908,92162,31429,60733,164963,98788,66175
19,339,bankura,Rural,40-44,219026,114887,104139,90488,33390,57098,128538,81497,47041
19,339,bankura,Rural,45-49,194672,102473,92199,87153,32763,54390,107519,69710,37809
19,339,bankura,Rural,50-54,151228,80601,70627,71764,26720,45044,79464,53881,25583
19,339,bankura,Rural,55-59,122494,63159,59335,60895,20443,40452,61599,42716,18883
19,339,bankura,Rural,60-64,107034,51007,56027,61730,18866,42864,45304,32141,13163
19,339,bankura,Rural,65-69,82040,37502,44538,49051,13537,35514,32989,23965,9024
19,339,bankura,Rural,70-74,56833,25906,30927,35774,9822,25952,21059,16084,4975
19,339,bankura,Rural,75-79,28797,12847,15950,18011,4665,13346,10786,8182,2604
19,339,bankura,Rural,80+,27885,11774,16111,17740,4482,13258,10145,7292,2853
19,339,bankura,Rural,Age not stated,1434,800,634,442,153,289,992,647,345
19,339,bankura,Urban,All ages,299773,152318,147455,69433,27356,42077,230340,124962,105378
19,339,bankura,Urban,0-6,26922,13698,13224,26922,13698,13224,0,0,0
19,339,bankura,Urban,7,4317,2208,2109,831,402,429,3486,1806,1680
19,339,bankura,Urban,8,4492,2315,2177,342,169,173,4150,2146,2004
19,339,bankura,Urban,9,4277,2178,2099,253,117,136,4024,2061,1963
19,339,bankura,Urban,10,5387,2805,2582,343,191,152,5044,2614,2430
19,339,bankura,Urban,11,4542,2397,2145,282,129,153,4260,2268,1992
19,339,bankura,Urban,12,5060,2611,2449,280,145,135,4780,2466,2314
19,339,bankura,Urban,13,4831,2466,2365,269,112,157,4562,2354,2208
19,339,bankura,Urban,14,5086,2623,2463,336,156,180,4750,2467,2283
19,339,bankura,Urban,15,5210,2685,2525,359,155,204,4851,2530,2321
19,339,bankura,Urban,16,5095,2634,2461,386,164,222,4709,2470,2239
19,339,bankura,Urban,17,4820,2532,2288,349,141,208,4471,2391,2080
19,339,bankura,Urban,18,6164,3168,2996,633,228,405,5531,2940,2591
19,339,bankura,Urban,19,5146,2543,2603,523,195,328,4623,2348,2275
19,339,bankura,Urban,20-24,27318,13671,13647,3105,1115,1990,24213,12556,11657
19,339,bankura,Urban,25-29,26528,13196,13332,3548,1248,2300,22980,11948,11032
19,339,bankura,Urban,30-34,24700,12381,12319,3478,1157,2321,21222,11224,9998
19,339,bankura,Urban,35-39,25265,12516,12749,4192,1353,2839,21073,11163,9910
19,339,bankura,Urban,40-44,22372,11703,10669,4187,1468,2719,18185,10235,7950
19,339,bankura,Urban,45-49,20411,10577,9834,3977,1364,2613,16434,9213,7221
19,339,bankura,Urban,50-54,16603,8708,7895,3241,1020,2221,13362,7688,5674
19,339,bankura,Urban,55-59,13683,7249,6434,2666,753,1913,11017,6496,4521
19,339,bankura,Urban,60-64,10946,5502,5444,2860,704,2156,8086,4798,3288
19,339,bankura,Urban,65-69,8410,4166,4244,2362,484,1878,6048,3682,2366
19,339,bankura,Urban,70-74,5713,2824,2889,1729,351,1378,3984,2473,1511
19,339,bankura,Urban,75-79,3044,1452,1592,907,149,758,2137,1303,834
19,339,bankura,Urban,80+,3124,1358,1766,1006,159,847,2118,1199,919
19,339,bankura,Urban,Age not stated,307,152,155,67,29,38,240,123,117
19,340,puruliya,Total,All ages,2930115,1496996,1433119,1305210,494938,810272,1624905,1002058,622847
19,340,puruliya,Total,0-6,410227,210003,200224,410227,210003,200224,0,0,0
19,340,puruliya,Total,7,61374,31447,29927,16114,7704,8410,45260,23743,21517
19,340,puruliya,Total,8,63736,32664,31072,9720,4426,5294,54016,28238,25778
19,340,puruliya,Total,9,56828,28908,27920,5877,2546,3331,50951,26362,24589
19,340,puruliya,Total,10,67672,34819,32853,7821,3323,4498,59851,31496,28355
19,340,puruliya,Total,11,56629,28803,27826,5076,1964,3112,51553,26839,24714
19,340,puruliya,Total,12,66725,33938,32787,7108,2782,4326,59617,31156,28461
19,340,puruliya,Total,13,60391,30262,30129,6053,2183,3870,54338,28079,26259
19,340,puruliya,Total,14,63148,32444,30704,7415,2553,4862,55733,29891,25842
19,340,puruliya,Total,15,63077,33350,29727,8782,3101,5681,54295,30249,24046
19,340,puruliya,Total,16,57764,31670,26094,9314,3296,6018,48450,28374,20076
19,340,puruliya,Total,17,46911,26399,20512,7604,2633,4971,39307,23766,15541
19,340,puruliya,Total,18,62795,34532,28263,13443,4481,8962,49352,30051,19301
19,340,puruliya,Total,19,47696,24515,23181,10101,2807,7294,37595,21708,15887
19,340,puruliya,Total,20-24,253676,129160,124516,68324,19095,49229,185352,110065,75287
19,340,puruliya,Total,25-29,239408,121056,118352,77927,22630,55297,161481,98426,63055
19,340,puruliya,Total,30-34,208452,104372,104080,78026,22348,55678,130426,82024,48402
19,340,puruliya,Total,35-39,212899,108056,104843,89841,26350,63491,123058,81706,41352
19,340,puruliya,Total,40-44,185066,96531,88535,88259,28440,59819,96807,68091,28716
19,340,puruliya,Total,45-49,158359,82767,75592,81166,27316,53850,77193,55451,21742
19,340,puruliya,Total,50-54,126346,66449,59897,68436,23413,45023,57910,43036,14874
19,340,puruliya,Total,55-59,102878,51084,51794,58901,17827,41074,43977,33257,10720
19,340,puruliya,Total,60-64,98346,46947,51399,63671,19887,43784,34675,27060,7615
19,340,puruliya,Total,65-69,70536,33978,36558,46857,14792,32065,23679,19186,4493
19,340,puruliya,Total,70-74,45096,21788,23308,30813,9992,20821,14283,11796,2487
19,340,puruliya,Total,75-79,20809,9806,11003,13986,4291,9695,6823,5515,1308
19,340,puruliya,Total,80+,20155,9582,10573,13220,4310,8910,6935,5272,1663
19,340,puruliya,Total,Age not stated,3116,1666,1450,1128,445,683,1988,1221,767
19,340,puruliya,Rural,All ages,2556801,1304208,1252593,1181941,445588,736353,1374860,858620,516240
19,340,puruliya,Rural,0-6,365161,186695,178466,365161,186695,178466,0,0,0
19,340,puruliya,Rural,7,54380,27770,26610,14435,6874,7561,39945,20896,19049
19,340,puruliya,Rural,8,56562,28899,27663,8595,3887,4708,47967,25012,22955
19,340,puruliya,Rural,9,50328,25498,24830,5130,2191,2939,45198,23307,21891
19,340,puruliya,Rural,10,59643,30589,29054,6833,2870,3963,52810,27719,25091
19,340,puruliya,Rural,11,49986,25398,24588,4458,1701,2757,45528,23697,21831
19,340,puruliya,Rural,12,59030,29964,29066,6242,2406,3836,52788,27558,25230
19,340,puruliya,Rural,13,53264,26735,26529,5383,1915,3468,47881,24820,23061
19,340,puruliya,Rural,14,55702,28697,27005,6551,2216,4335,49151,26481,22670
19,340,puruliya,Rural,15,55303,29325,25978,7774,2688,5086,47529,26637,20892
19,340,puruliya,Rural,16,50159,27710,22449,8298,2896,5402,41861,24814,17047
19,340,puruliya,Rural,17,40355,22868,17487,6744,2291,4453,33611,20577,13034
19,340,puruliya,Rural,18,54234,29978,24256,11987,3895,8092,42247,26083,16164
19,340,puruliya,Rural,19,41107,21195,19912,9071,2473,6598,32036,18722,13314
19,340,puruliya,Rural,20-24,218969,111516,107453,61773,16957,44816,157196,94559,62637
19,340,puruliya,Rural,25-29,206885,104534,102351,70739,20314,50425,136146,84220,51926
19,340,puruliya,Rural,30-34,179835,89858,89977,70938,20113,50825,108897,69745,39152
19,340,puruliya,Rural,35-39,184442,93682,90760,81966,23865,58101,102476,69817,32659
19,340,puruliya,Rural,40-44,160298,83391,76907,80876,25881,54995,79422,57510,21912
19,340,puruliya,Rural,45-49,136356,71133,65223,74459,25051,49408,61897,46082,15815
19,340,puruliya,Rural,50-54,109276,57298,51978,63013,21651,41362,46263,35647,10616
19,340,puruliya,Rural,55-59,88995,43529,45466,54487,16522,37965,34508,27007,7501
19,340,puruliya,Rural,60-64,86883,41263,45620,59078,18594,40484,27805,22669,5136
19,340,puruliya,Rural,65-69,62512,29932,32580,43590,13924,29666,18922,16008,2914
19,340,puruliya,Rural,70-74,39695,19048,20647,28485,9368,19117,11210,9680,1530
19,340,puruliya,Rural,75-79,18092,8460,9632,12948,4029,8919,5144,4431,713
19,340,puruliya,Rural,80+,17237,8131,9106,12030,3976,8054,5207,4155,1052
19,340,puruliya,Rural,Age not stated,2112,1112,1000,897,345,552,1215,767,448
19,340,puruliya,Urban,All ages,373314,192788,180526,123269,49350,73919,250045,143438,106607
19,340,puruliya,Urban,0-6,45066,23308,21758,45066,23308,21758,0,0,0
19,340,puruliya,Urban,7,6994,3677,3317,1679,830,849,5315,2847,2468
19,340,puruliya,Urban,8,7174,3765,3409,1125,539,586,6049,3226,2823
19,340,puruliya,Urban,9,6500,3410,3090,747,355,392,5753,3055,2698
19,340,puruliya,Urban,10,8029,4230,3799,988,453,535,7041,3777,3264
19,340,puruliya,Urban,11,6643,3405,3238,618,263,355,6025,3142,2883
19,340,puruliya,Urban,12,7695,3974,3721,866,376,490,6829,3598,3231
19,340,puruliya,Urban,13,7127,3527,3600,670,268,402,6457,3259,3198
19,340,puruliya,Urban,14,7446,3747,3699,864,337,527,6582,3410,3172
19,340,puruliya,Urban,15,7774,4025,3749,1008,413,595,6766,3612,3154
19,340,puruliya,Urban,16,7605,3960,3645,1016,400,616,6589,3560,3029
19,340,puruliya,Urban,17,6556,3531,3025,860,342,518,5696,3189,2507
19,340,puruliya,Urban,18,8561,4554,4007,1456,586,870,7105,3968,3137
19,340,puruliya,Urban,19,6589,3320,3269,1030,334,696,5559,2986,2573
19,340,puruliya,Urban,20-24,34707,17644,17063,6551,2138,4413,28156,15506,12650
19,340,puruliya,Urban,25-29,32523,16522,16001,7188,2316,4872,25335,14206,11129
19,340,puruliya,Urban,30-34,28617,14514,14103,7088,2235,4853,21529,12279,9250
19,340,puruliya,Urban,35-39,28457,14374,14083,7875,2485,5390,20582,11889,8693
19,340,puruliya,Urban,40-44,24768,13140,11628,7383,2559,4824,17385,10581,6804
19,340,puruliya,Urban,45-49,22003,11634,10369,6707,2265,4442,15296,9369,5927
19,340,puruliya,Urban,50-54,17070,9151,7919,5423,1762,3661,11647,7389,4258
19,340,puruliya,Urban,55-59,13883,7555,6328,4414,1305,3109,9469,6250,3219
19,340,puruliya,Urban,60-64,11463,5684,5779,4593,1293,3300,6870,4391,2479
19,340,puruliya,Urban,65-69,8024,4046,3978,3267,868,2399,4757,3178,1579
19,340,puruliya,Urban,70-74,5401,2740,2661,2328,624,1704,3073,2116,957
19,340,puruliya,Urban,75-79,2717,1346,1371,1038,262,776,1679,1084,595
19,340,puruliya,Urban,80+,2918,1451,1467,1190,334,856,1728,1117,611
19,340,puruliya,Urban,Age not stated,1004,554,450,231,100,131,773,454,319
19,341,haora,Total,All ages,4850029,2500819,2349210,1244823,557995,686828,3605206,1942824,1662382
19,341,haora,Total,0-6,522802,266472,256330,522802,266472,256330,0,0,0
19,341,haora,Total,7,80863,41654,39209,12863,6670,6193,68000,34984,33016
19,341,haora,Total,8,81671,42013,39658,6658,3412,3246,75013,38601,36412
19,341,haora,Total,9,77494,39389,38105,4725,2456,2269,72769,36933,35836
19,341,haora,Total,10,94428,48729,45699,6364,3432,2932,88064,45297,42767
19,341,haora,Total,11,82037,42244,39793,3988,2218,1770,78049,40026,38023
19,341,haora,Total,12,90881,47017,43864,4440,2609,1831,86441,44408,42033
19,341,haora,Total,13,85321,43043,42278,4012,2240,1772,81309,40803,40506
19,341,haora,Total,14,90153,45860,44293,4884,2836,2048,85269,43024,42245
19,341,haora,Total,15,92354,46943,45411,5935,3282,2653,86419,43661,42758
19,341,haora,Total,16,92424,47266,45158,6566,3592,2974,85858,43674,42184
19,341,haora,Total,17,86560,45002,41558,6141,3416,2725,80419,41586,38833
19,341,haora,Total,18,112335,57922,54413,10061,5182,4879,102274,52740,49534
19,341,haora,Total,19,89550,44301,45249,7560,3630,3930,81990,40671,41319
19,341,haora,Total,20-24,469745,235349,234396,49288,23121,26167,420457,212228,208229
19,341,haora,Total,25-29,438546,219710,218836,56274,25687,30587,382272,194023,188249
19,341,haora,Total,30-34,399263,205505,193758,58393,25781,32612,340870,179724,161146
19,341,haora,Total,35-39,396845,204183,192662,72257,30145,42112,324588,174038,150550
19,341,haora,Total,40-44,333497,178863,154634,71734,30599,41135,261763,148264,113499
19,341,haora,Total,45-49,293699,158182,135517,69497,28718,40779,224202,129464,94738
19,341,haora,Total,50-54,230490,126904,103586,57478,22602,34876,173012,104302,68710
19,341,haora,Total,55-59,175479,95245,80234,45434,15792,29642,130045,79453,50592
19,341,haora,Total,60-64,144972,75810,69162,46204,14526,31678,98768,61284,37484
19,341,haora,Total,65-69,107733,54909,52824,37752,10506,27246,69981,44403,25578
19,341,haora,Total,70-74,80000,40164,39836,32182,8513,23669,47818,31651,16167
19,341,haora,Total,75-79,43527,21549,21978,17645,4490,13155,25882,17059,8823
19,341,haora,Total,80+,50903,22963,27940,22255,5382,16873,28648,17581,11067
19,341,haora,Total,Age not stated,6457,3628,2829,1431,686,745,5026,2942,2084
19,341,haora,Rural,All ages,1775885,909519,866366,519619,227167,292452,1256266,682352,573914
19,341,haora,Rural,0-6,205158,104382,100776,205158,104382,100776,0,0,0
19,341,haora,Rural,7,30623,15660,14963,5092,2634,2458,25531,13026,12505
19,341,haora,Rural,8,31806,16320,15486,2337,1219,1118,29469,15101,14368
19,341,haora,Rural,9,29919,15062,14857,1664,891,773,28255,14171,14084
19,341,haora,Rural,10,35714,18224,17490,2251,1183,1068,33463,17041,16422
19,341,haora,Rural,11,30898,15666,15232,1384,751,633,29514,14915,14599
19,341,haora,Rural,12,34885,17989,16896,1609,966,643,33276,17023,16253
19,341,haora,Rural,13,33537,16714,16823,1549,865,684,31988,15849,16139
19,341,haora,Rural,14,35097,17777,17320,1876,1101,775,33221,16676,16545
19,341,haora,Rural,15,35904,17951,17953,2363,1286,1077,33541,16665,16876
19,341,haora,Rural,16,36094,18393,17701,2623,1401,1222,33471,16992,16479
19,341,haora,Rural,17,32839,17240,15599,2457,1378,1079,30382,15862,14520
19,341,haora,Rural,18,44169,22656,21513,4190,2079,2111,39979,20577,19402
19,341,haora,Rural,19,34225,16815,17410,3101,1441,1660,31124,15374,15750
19,341,haora,Rural,20-24,176035,88234,87801,20950,9531,11419,155085,78703,76382
19,341,haora,Rural,25-29,160207,80600,79607,24008,10875,13133,136199,69725,66474
19,341,haora,Rural,30-34,142275,73586,68689,25052,11037,14015,117223,62549,54674
19,341,haora,Rural,35-39,141564,73095,68469,31408,12930,18478,110156,60165,49991
19,341,haora,Rural,40-44,116479,62328,54151,31333,13208,18125,85146,49120,36026
19,341,haora,Rural,45-49,99398,53457,45941,30169,12308,17861,69229,41149,28080
19,341,haora,Rural,50-54,76250,41844,34406,24832,9642,15190,51418,32202,19216
19,341,haora,Rural,55-59,58378,31195,27183,20097,6706,13391,38281,24489,13792
19,341,haora,Rural,60-64,49124,24686,24438,20912,6090,14822,28212,18596,9616
19,341,haora,Rural,65-69,39825,19442,20383,18223,4709,13514,21602,14733,6869
19,341,haora,Rural,70-74,29253,13748,15505,15406,3781,11625,13847,9967,3880
19,341,haora,Rural,75-79,16211,7706,8505,8636,2158,6478,7575,5548,2027
19,341,haora,Rural,80+,18472,7859,10613,10497,2407,8090,7975,5452,2523
19,341,haora,Rural,Age not stated,1546,890,656,442,208,234,1104,682,422
19,341,haora,Urban,All ages,3074144,1591300,1482844,725204,330828,394376,2348940,1260472,1088468
19,341,haora,Urban,0-6,317644,162090,155554,317644,162090,155554,0,0,0
19,341,haora,Urban,7,50240,25994,24246,7771,4036,3735,42469,21958,20511
19,341,haora,Urban,8,49865,25693,24172,4321,2193,2128,45544,23500,22044
19,341,haora,Urban,9,47575,24327,23248,3061,1565,1496,44514,22762,21752
19,341,haora,Urban,10,58714,30505,28209,4113,2249,1864,54601,28256,26345
19,341,haora,Urban,11,51139,26578,24561,2604,1467,1137,48535,25111,23424
19,341,haora,Urban,12,55996,29028,26968,2831,1643,1188,53165,27385,25780
19,341,haora,Urban,13,51784,26329,25455,2463,1375,1088,49321,24954,24367
19,341,haora,Urban,14,55056,28083,26973,3008,1735,1273,52048,26348,25700
19,341,haora,Urban,15,56450,28992,27458,3572,1996,1576,52878,26996,25882
19,341,haora,Urban,16,56330,28873,27457,3943,2191,1752,52387,26682,25705
19,341,haora,Urban,17,53721,27762,25959,3684,2038,1646,50037,25724,24313
19,341,haora,Urban,18,68166,35266,32900,5871,3103,2768,62295,32163,30132
19,341,haora,Urban,19,55325,27486,27839,4459,2189,2270,50866,25297,25569
19,341,haora,Urban,20-24,293710,147115,146595,28338,13590,14748,265372,133525,131847
19,341,haora,Urban,25-29,278339,139110,139229,32266,14812,17454,246073,124298,121775
19,341,haora,Urban,30-34,256988,131919,125069,33341,14744,18597,223647,117175,106472
19,341,haora,Urban,35-39,255281,131088,124193,40849,17215,23634,214432,113873,100559
19,341,haora,Urban,40-44,217018,116535,100483,40401,17391,23010,176617,99144,77473
19,341,haora,Urban,45-49,194301,104725,89576,39328,16410,22918,154973,88315,66658
19,341,haora,Urban,50-54,154240,85060,69180,32646,12960,19686,121594,72100,49494
19,341,haora,Urban,55-59,117101,64050,53051,25337,9086,16251,91764,54964,36800
19,341,haora,Urban,60-64,95848,51124,44724,25292,8436,16856,70556,42688,27868
19,341,haora,Urban,65-69,67908,35467,32441,19529,5797,13732,48379,29670,18709
19,341,haora,Urban,70-74,50747,26416,24331,16776,4732,12044,33971,21684,12287
19,341,haora,Urban,75-79,27316,13843,13473,9009,2332,6677,18307,11511,6796
19,341,haora,Urban,80+,32431,15104,17327,11758,2975,8783,20673,12129,8544
19,341,haora,Urban,Age not stated,4911,2738,2173,989,478,511,3922,2260,1662
19,342,kolkata,Total,All ages,4496694,2356766,2139928,908557,429851,478706,3588137,1926915,1661222
19,342,kolkata,Total,0-6,339323,175564,163759,339323,175564,163759,0,0,0
19,342,kolkata,Total,7,57331,29625,27706,10110,5130,4980,47221,24495,22726
19,342,kolkata,Total,8,57599,29787,27812,5963,2996,2967,51636,26791,24845
19,342,kolkata,Total,9,57127,29551,27576,4460,2312,2148,52667,27239,25428
19,342,kolkata,Total,10,72748,38104,34644,6470,3384,3086,66278,34720,31558
19,342,kolkata,Total,11,64342,33873,30469,4182,2263,1919,60160,31610,28550
19,342,kolkata,Total,12,69852,36927,32925,4622,2557,2065,65230,34370,30860
19,342,kolkata,Total,13,62837,32293,30544,3730,2012,1718,59107,30281,28826
19,342,kolkata,Total,14,67071,34868,32203,4361,2352,2009,62710,32516,30194
19,342,kolkata,Total,15,71484,37463,34021,5352,2941,2411,66132,34522,31610
19,342,kolkata,Total,16,70224,36714,33510,5248,2896,2352,64976,33818,31158
19,342,kolkata,Total,17,67644,35569,32075,5079,2806,2273,62565,32763,29802
19,342,kolkata,Total,18,87531,46388,41143,8199,4431,3768,79332,41957,37375
19,342,kolkata,Total,19,73631,37852,35779,6595,3360,3235,67036,34492,32544
19,342,kolkata,Total,20-24,400295,206756,193539,41056,20924,20132,359239,185832,173407
19,342,kolkata,Total,25-29,406350,207402,198948,48050,23345,24705,358300,184057,174243
19,342,kolkata,Total,30-34,380075,196471,183604,49305,23532,25773,330770,172939,157831
19,342,kolkata,Total,35-39,385735,197996,187739,57865,25938,31927,327870,172058,155812
19,342,kolkata,Total,40-44,347243,187074,160169,57374,26387,30987,289869,160687,129182
19,342,kolkata,Total,45-49,320261,171269,148992,54167,23686,30481,266094,147583,118511
19,342,kolkata,Total,50-54,270623,148476,122147,45617,19868,25749,225006,128608,96398
19,342,kolkata,Total,55-59,214992,117306,97686,33692,13604,20088,181300,103702,77598
19,342,kolkata,Total,60-64,182158,97420,84738,34328,13331,20997,147830,84089,63741
19,342,kolkata,Total,65-69,124809,65346,59463,22223,7537,14686,102586,57809,44777
19,342,kolkata,Total,70-74,97003,50819,46184,20308,6625,13683,76695,44194,32501
19,342,kolkata,Total,75-79,56360,29080,27280,10685,3144,7541,45675,25936,19739
19,342,kolkata,Total,80+,68824,33331,35493,15972,4750,11222,52852,28581,24271
19,342,kolkata,Total,Age not stated,23222,13442,9780,4221,2176,2045,19001,11266,7735
19,342,kolkata,Rural,All ages,0,0,0,0,0,0,0,0,0
19,342,kolkata,Rural,0-6,0,0,0,0,0,0,0,0,0
19,342,kolkata,Rural,7,0,0,0,0,0,0,0,0,0
19,342,kolkata,Rural,8,0,0,0,0,0,0,0,0,0
19,342,kolkata,Rural,9,0,0,0,0,0,0,0,0,0
19,342,kolkata,Rural,10,0,0,0,0,0,0,0,0,0
19,342,kolkata,Rural,11,0,0,0,0,0,0,0,0,0
19,342,kolkata,Rural,12,0,0,0,0,0,0,0,0,0
19,342,kolkata,Rural,13,0,0,0,0,0,0,0,0,0
19,342,kolkata,Rural,14,0,0,0,0,0,0,0,0,0
19,342,kolkata,Rural,15,0,0,0,0,0,0,0,0,0
19,342,kolkata,Rural,16,0,0,0,0,0,0,0,0,0
19,342,kolkata,Rural,17,0,0,0,0,0,0,0,0,0
19,342,kolkata,Rural,18,0,0,0,0,0,0,0,0,0
19,342,kolkata,Rural,19,0,0,0,0,0,0,0,0,0
19,342,kolkata,Rural,20-24,0,0,0,0,0,0,0,0,0
19,342,kolkata,Rural,25-29,0,0,0,0,0,0,0,0,0
19,342,kolkata,Rural,30-34,0,0,0,0,0,0,0,0,0
19,342,kolkata,Rural,35-39,0,0,0,0,0,0,0,0,0
19,342,kolkata,Rural,40-44,0,0,0,0,0,0,0,0,0
19,342,kolkata,Rural,45-49,0,0,0,0,0,0,0,0,0
19,342,kolkata,Rural,50-54,0,0,0,0,0,0,0,0,0
19,342,kolkata,Rural,55-59,0,0,0,0,0,0,0,0,0
19,342,kolkata,Rural,60-64,0,0,0,0,0,0,0,0,0
19,342,kolkata,Rural,65-69,0,0,0,0,0,0,0,0,0
19,342,kolkata,Rural,70-74,0,0,0,0,0,0,0,0,0
19,342,kolkata,Rural,75-79,0,0,0,0,0,0,0,0,0
19,342,kolkata,Rural,80+,0,0,0,0,0,0,0,0,0
19,342,kolkata,Rural,Age not stated,0,0,0,0,0,0,0,0,0
19,342,kolkata,Urban,All ages,4496694,2356766,2139928,908557,429851,478706,3588137,1926915,1661222
19,342,kolkata,Urban,0-6,339323,175564,163759,339323,175564,163759,0,0,0
19,342,kolkata,Urban,7,57331,29625,27706,10110,5130,4980,47221,24495,22726
19,342,kolkata,Urban,8,57599,29787,27812,5963,2996,2967,51636,26791,24845
19,342,kolkata,Urban,9,57127,29551,27576,4460,2312,2148,52667,27239,25428
19,342,kolkata,Urban,10,72748,38104,34644,6470,3384,3086,66278,34720,31558
19,342,kolkata,Urban,11,64342,33873,30469,4182,2263,1919,60160,31610,28550
19,342,kolkata,Urban,12,69852,36927,32925,4622,2557,2065,65230,34370,30860
19,342,kolkata,Urban,13,62837,32293,30544,3730,2012,1718,59107,30281,28826
19,342,kolkata,Urban,14,67071,34868,32203,4361,2352,2009,62710,32516,30194
19,342,kolkata,Urban,15,71484,37463,34021,5352,2941,2411,66132,34522,31610
19,342,kolkata,Urban,16,70224,36714,33510,5248,2896,2352,64976,33818,31158
19,342,kolkata,Urban,17,67644,35569,32075,5079,2806,2273,62565,32763,29802
19,342,kolkata,Urban,18,87531,46388,41143,8199,4431,3768,79332,41957,37375
19,342,kolkata,Urban,19,73631,37852,35779,6595,3360,3235,67036,34492,32544
19,342,kolkata,Urban,20-24,400295,206756,193539,41056,20924,20132,359239,185832,173407
19,342,kolkata,Urban,25-29,406350,207402,198948,48050,23345,24705,358300,184057,174243
19,342,kolkata,Urban,30-34,380075,196471,183604,49305,23532,25773,330770,172939,157831
19,342,kolkata,Urban,35-39,385735,197996,187739,57865,25938,31927,327870,172058,155812
19,342,kolkata,Urban,40-44,347243,187074,160169,57374,26387,30987,289869,160687,129182
19,342,kolkata,Urban,45-49,320261,171269,148992,54167,23686,30481,266094,147583,118511
19,342,kolkata,Urban,50-54,270623,148476,122147,45617,19868,25749,225006,128608,96398
19,342,kolkata,Urban,55-59,214992,117306,97686,33692,13604,20088,181300,103702,77598
19,342,kolkata,Urban,60-64,182158,97420,84738,34328,13331,20997,147830,84089,63741
19,342,kolkata,Urban,65-69,124809,65346,59463,22223,7537,14686,102586,57809,44777
19,342,kolkata,Urban,70-74,97003,50819,46184,20308,6625,13683,76695,44194,32501
19,342,kolkata,Urban,75-79,56360,29080,27280,10685,3144,7541,45675,25936,19739
19,342,kolkata,Urban,80+,68824,33331,35493,15972,4750,11222,52852,28581,24271
19,342,kolkata,Urban,Age not stated,23222,13442,9780,4221,2176,2045,19001,11266,7735
19,343,south twenty four parganas,Total,All ages,8161961,4173778,3988183,2630304,1130501,1499803,5531657,3043277,2488380
19,343,south twenty four parganas,Total,0-6,1025679,522552,503127,1025679,522552,503127,0,0,0
19,343,south twenty four parganas,Total,7,160243,81508,78735,39614,20056,19558,120629,61452,59177
19,343,south twenty four parganas,Total,8,164383,84078,80305,23069,11927,11142,141314,72151,69163
19,343,south twenty four parganas,Total,9,155628,78672,76956,16526,8584,7942,139102,70088,69014
19,343,south twenty four parganas,Total,10,186654,95424,91230,20153,10857,9296,166501,84567,81934
19,343,south twenty four parganas,Total,11,156289,79870,76419,13035,7076,5959,143254,72794,70460
19,343,south twenty four parganas,Total,12,174539,90415,84124,14469,8074,6395,160070,82341,77729
19,343,south twenty four parganas,Total,13,161705,81243,80462,12541,6870,5671,149164,74373,74791
19,343,south twenty four parganas,Total,14,164620,83397,81223,13661,7564,6097,150959,75833,75126
19,343,south twenty four parganas,Total,15,166390,85175,81215,15482,8338,7144,150908,76837,74071
19,343,south twenty four parganas,Total,16,164557,85129,79428,16309,8764,7545,148248,76365,71883
19,343,south twenty four parganas,Total,17,149603,78704,70899,14237,7409,6828,135366,71295,64071
19,343,south twenty four parganas,Total,18,197776,99327,98449,22981,10734,12247,174795,88593,86202
19,343,south twenty four parganas,Total,19,159474,76105,83369,17555,7401,10154,141919,68704,73215
19,343,south twenty four parganas,Total,20-24,822249,409187,413062,114456,48288,66168,707793,360899,346894
19,343,south twenty four parganas,Total,25-29,754154,382071,372083,136183,55498,80685,617971,326573,291398
19,343,south twenty four parganas,Total,30-34,613297,314686,298611,132259,51763,80496,481038,262923,218115
19,343,south twenty four parganas,Total,35-39,604107,307950,296157,160054,57715,102339,444053,250235,193818
19,343,south twenty four parganas,Total,40-44,499013,263158,235855,153945,57235,96710,345068,205923,139145
19,343,south twenty four parganas,Total,45-49,435057,229862,205195,146892,53944,92948,288165,175918,112247
19,343,south twenty four parganas,Total,50-54,332735,179740,152995,118583,42797,75786,214152,136943,77209
19,343,south twenty four parganas,Total,55-59,260900,138514,122386,96431,30793,65638,164469,107721,56748
19,343,south twenty four parganas,Total,60-64,219190,112654,106536,95158,28354,66804,124032,84300,39732
19,343,south twenty four parganas,Total,65-69,165457,84274,81183,75696,21271,54425,89761,63003,26758
19,343,south twenty four parganas,Total,70-74,114121,56635,57486,57793,15735,42058,56328,40900,15428
19,343,south twenty four parganas,Total,75-79,62014,30600,31414,31348,8304,23044,30666,22296,8370
19,343,south twenty four parganas,Total,80+,81141,36783,44358,42997,11201,31796,38144,25582,12562
19,343,south twenty four parganas,Total,Age not stated,10986,6065,4921,3198,1397,1801,7788,4668,3120
19,343,south twenty four parganas,Rural,All ages,6074188,3109219,2964969,2087310,892367,1194943,3986878,2216852,1770026
19,343,south twenty four parganas,Rural,0-6,806415,410498,395917,806415,410498,395917,0,0,0
19,343,south twenty four parganas,Rural,7,125682,63764,61918,32431,16395,16036,93251,47369,45882
19,343,south twenty four parganas,Rural,8,129833,66465,63368,19221,9967,9254,110612,56498,54114
19,343,south twenty four parganas,Rural,9,121713,61402,60311,13555,7052,6503,108158,54350,53808
19,343,south twenty four parganas,Rural,10,145926,74393,71533,16216,8728,7488,129710,65665,64045
19,343,south twenty four parganas,Rural,11,120833,61535,59298,10466,5616,4850,110367,55919,54448
19,343,south twenty four parganas,Rural,12,136760,70711,66049,11684,6471,5213,125076,64240,60836
19,343,south twenty four parganas,Rural,13,126041,63268,62773,10125,5517,4608,115916,57751,58165
19,343,south twenty four parganas,Rural,14,127790,64633,63157,10970,6020,4950,116820,58613,58207
19,343,south twenty four parganas,Rural,15,128638,65760,62878,12440,6670,5770,116198,59090,57108
19,343,south twenty four parganas,Rural,16,127363,66117,61246,13067,6983,6084,114296,59134,55162
19,343,south twenty four parganas,Rural,17,114051,60259,53792,11273,5837,5436,102778,54422,48356
19,343,south twenty four parganas,Rural,18,151350,76010,75340,18217,8359,9858,133133,67651,65482
19,343,south twenty four parganas,Rural,19,120832,57658,63174,13967,5827,8140,106865,51831,55034
19,343,south twenty four parganas,Rural,20-24,618682,310109,308573,91432,38167,53265,527250,271942,255308
19,343,south twenty four parganas,Rural,25-29,556772,285201,271571,109179,44155,65024,447593,241046,206547
19,343,south twenty four parganas,Rural,30-34,439683,227191,212492,105488,40718,64770,334195,186473,147722
19,343,south twenty four parganas,Rural,35-39,430818,220291,210527,127002,45297,81705,303816,174994,128822
19,343,south twenty four parganas,Rural,40-44,353699,186450,167249,121934,44564,77370,231765,141886,89879
19,343,south twenty four parganas,Rural,45-49,306448,161892,144556,116004,42166,73838,190444,119726,70718
19,343,south twenty four parganas,Rural,50-54,232934,125758,107176,94008,33659,60349,138926,92099,46827
19,343,south twenty four parganas,Rural,55-59,184167,97400,86767,77070,24326,52744,107097,73074,34023
19,343,south twenty four parganas,Rural,60-64,155775,79445,76330,75963,22446,53517,79812,56999,22813
19,343,south twenty four parganas,Rural,65-69,120345,60788,59557,61419,17270,44149,58926,43518,15408
19,343,south twenty four parganas,Rural,70-74,81713,40182,41531,46006,12674,33332,35707,27508,8199
19,343,south twenty four parganas,Rural,75-79,44462,21629,22833,25349,6821,18528,19113,14808,4305
19,343,south twenty four parganas,Rural,80+,58338,26472,31866,34007,9139,24868,24331,17333,6998
19,343,south twenty four parganas,Rural,Age not stated,7125,3938,3187,2402,1025,1377,4723,2913,1810
19,343,south twenty four parganas,Urban,All ages,2087773,1064559,1023214,542994,238134,304860,1544779,826425,718354
19,343,south twenty four parganas,Urban,0-6,219264,112054,107210,219264,112054,107210,0,0,0
19,343,south twenty four parganas,Urban,7,34561,17744,16817,7183,3661,3522,27378,14083,13295
19,343,south twenty four parganas,Urban,8,34550,17613,16937,3848,1960,1888,30702,15653,15049
19,343,south twenty four parganas,Urban,9,33915,17270,16645,2971,1532,1439,30944,15738,15206
19,343,south twenty four parganas,Urban,10,40728,21031,19697,3937,2129,1808,36791,18902,17889
19,343,south twenty four parganas,Urban,11,35456,18335,17121,2569,1460,1109,32887,16875,16012
19,343,south twenty four parganas,Urban,12,37779,19704,18075,2785,1603,1182,34994,18101,16893
19,343,south twenty four parganas,Urban,13,35664,17975,17689,2416,1353,1063,33248,16622,16626
19,343,south twenty four parganas,Urban,14,36830,18764,18066,2691,1544,1147,34139,17220,16919
19,343,south twenty four parganas,Urban,15,37752,19415,18337,3042,1668,1374,34710,17747,16963
19,343,south twenty four parganas,Urban,16,37194,19012,18182,3242,1781,1461,33952,17231,16721
19,343,south twenty four parganas,Urban,17,35552,18445,17107,2964,1572,1392,32588,16873,15715
19,343,south twenty four parganas,Urban,18,46426,23317,23109,4764,2375,2389,41662,20942,20720
19,343,south twenty four parganas,Urban,19,38642,18447,20195,3588,1574,2014,35054,16873,18181
19,343,south twenty four parganas,Urban,20-24,203567,99078,104489,23024,10121,12903,180543,88957,91586
19,343,south twenty four parganas,Urban,25-29,197382,96870,100512,27004,11343,15661,170378,85527,84851
19,343,south twenty four parganas,Urban,30-34,173614,87495,86119,26771,11045,15726,146843,76450,70393
19,343,south twenty four parganas,Urban,35-39,173289,87659,85630,33052,12418,20634,140237,75241,64996
19,343,south twenty four parganas,Urban,40-44,145314,76708,68606,32011,12671,19340,113303,64037,49266
19,343,south twenty four parganas,Urban,45-49,128609,67970,60639,30888,11778,19110,97721,56192,41529
19,343,south twenty four parganas,Urban,50-54,99801,53982,45819,24575,9138,15437,75226,44844,30382
19,343,south twenty four parganas,Urban,55-59,76733,41114,35619,19361,6467,12894,57372,34647,22725
19,343,south twenty four parganas,Urban,60-64,63415,33209,30206,19195,5908,13287,44220,27301,16919
19,343,south twenty four parganas,Urban,65-69,45112,23486,21626,14277,4001,10276,30835,19485,11350
19,343,south twenty four parganas,Urban,70-74,32408,16453,15955,11787,3061,8726,20621,13392,7229
19,343,south twenty four parganas,Urban,75-79,17552,8971,8581,5999,1483,4516,11553,7488,4065
19,343,south twenty four parganas,Urban,80+,22803,10311,12492,8990,2062,6928,13813,8249,5564
19,343,south twenty four parganas,Urban,Age not stated,3861,2127,1734,796,372,424,3065,1755,1310
19,344,paschim medinipur,Total,All ages,5913457,3007885,2905572,1835045,740972,1094073,4078412,2266913,1811499
19,344,paschim medinipur,Total,0-6,685012,349031,335981,685012,349031,335981,0,0,0
19,344,paschim medinipur,Total,7,106351,54178,52173,22509,11156,11353,83842,43022,40820
19,344,paschim medinipur,Total,8,109347,55993,53354,10048,4890,5158,99299,51103,48196
19,344,paschim medinipur,Total,9,102199,51682,50517,6475,3098,3377,95724,48584,47140
19,344,paschim medinipur,Total,10,122475,62797,59678,8604,4162,4442,113871,58635,55236
19,344,paschim medinipur,Total,11,106382,54197,52185,5399,2554,2845,100983,51643,49340
19,344,paschim medinipur,Total,12,122205,62822,59383,6593,3145,3448,115612,59677,55935
19,344,paschim medinipur,Total,13,115996,58004,57992,5840,2706,3134,110156,55298,54858
19,344,paschim medinipur,Total,14,118154,59666,58488,6702,2954,3748,111452,56712,54740
19,344,paschim medinipur,Total,15,120035,62422,57613,8593,3850,4743,111442,58572,52870
19,344,paschim medinipur,Total,16,113485,60096,53389,8862,3824,5038,104623,56272,48351
19,344,paschim medinipur,Total,17,102944,56322,46622,8022,3357,4665,94922,52965,41957
19,344,paschim medinipur,Total,18,134033,69355,64678,13504,4982,8522,120529,64373,56156
19,344,paschim medinipur,Total,19,108926,53045,55881,10925,3530,7395,98001,49515,48486
19,344,paschim medinipur,Total,20-24,558646,278273,280373,73087,24241,48846,485559,254032,231527
19,344,paschim medinipur,Total,25-29,517781,258178,259603,87821,29835,57986,429960,228343,201617
19,344,paschim medinipur,Total,30-34,446133,222062,224071,89860,30674,59186,356273,191388,164885
19,344,paschim medinipur,Total,35-39,464706,228199,236507,118050,37995,80055,346656,190204,156452
19,344,paschim medinipur,Total,40-44,402453,208586,193867,120260,42068,78192,282193,166518,115675
19,344,paschim medinipur,Total,45-49,350958,185030,165928,115098,41901,73197,235860,143129,92731
19,344,paschim medinipur,Total,50-54,272769,149157,123612,93838,34097,59741,178931,115060,63871
19,344,paschim medinipur,Total,55-59,210090,111730,98360,77349,24701,52648,132741,87029,45712
19,344,paschim medinipur,Total,60-64,174579,87211,87368,78812,23530,55282,95767,63681,32086
19,344,paschim medinipur,Total,65-69,133636,65456,68180,64220,17862,46358,69416,47594,21822
19,344,paschim medinipur,Total,70-74,92011,43774,48237,48852,13315,35537,43159,30459,12700
19,344,paschim medinipur,Total,75-79,50464,23869,26595,26996,7349,19647,23468,16520,6948
19,344,paschim medinipur,Total,80+,56630,26575,30055,30638,8897,21741,25992,17678,8314
19,344,paschim medinipur,Total,Age not stated,15057,10175,4882,3076,1268,1808,11981,8907,3074
19,344,paschim medinipur,Rural,All ages,5190771,2641721,2549050,1674954,674713,1000241,3515817,1967008,1548809
19,344,paschim medinipur,Rural,0-6,616836,314452,302384,616836,314452,302384,0,0,0
19,344,paschim medinipur,Rural,7,95206,48526,46680,20793,10283,10510,74413,38243,36170
19,344,paschim medinipur,Rural,8,98610,50509,48101,9194,4499,4695,89416,46010,43406
19,344,paschim medinipur,Rural,9,91742,46354,45388,5805,2759,3046,85937,43595,42342
19,344,paschim medinipur,Rural,10,109634,56155,53479,7632,3659,3973,102002,52496,49506
19,344,paschim medinipur,Rural,11,94824,48360,46464,4769,2239,2530,90055,46121,43934
19,344,paschim medinipur,Rural,12,109890,56555,53335,5871,2739,3132,104019,53816,50203
19,344,paschim medinipur,Rural,13,104502,52383,52119,5272,2445,2827,99230,49938,49292
19,344,paschim medinipur,Rural,14,106233,53732,52501,6018,2640,3378,100215,51092,49123
19,344,paschim medinipur,Rural,15,107711,56067,51644,7716,3437,4279,99995,52630,47365
19,344,paschim medinipur,Rural,16,101252,53776,47476,7934,3387,4547,93318,50389,42929
19,344,paschim medinipur,Rural,17,91036,50118,40918,7171,2977,4194,83865,47141,36724
19,344,paschim medinipur,Rural,18,118910,61737,57173,12171,4429,7742,106739,57308,49431
19,344,paschim medinipur,Rural,19,95978,46791,49187,9868,3137,6731,86110,43654,42456
19,344,paschim medinipur,Rural,20-24,489640,244400,245240,66327,21712,44615,423313,222688,200625
19,344,paschim medinipur,Rural,25-29,452104,225703,226401,80033,26853,53180,372071,198850,173221
19,344,paschim medinipur,Rural,30-34,387639,193457,194182,82528,28018,54510,305111,165439,139672
19,344,paschim medinipur,Rural,35-39,405178,199164,206014,109364,34990,74374,295814,164174,131640
19,344,paschim medinipur,Rural,40-44,349878,181681,168197,111478,38994,72484,238400,142687,95713
19,344,paschim medinipur,Rural,45-49,302973,160553,142420,106478,39017,67461,196495,121536,74959
19,344,paschim medinipur,Rural,50-54,233684,128146,105538,86460,31654,54806,147224,96492,50732
19,344,paschim medinipur,Rural,55-59,179911,95428,84483,71496,22947,48549,108415,72481,35934
19,344,paschim medinipur,Rural,60-64,151327,75639,75688,73007,21910,51097,78320,53729,24591
19,344,paschim medinipur,Rural,65-69,115957,56439,59518,59578,16670,42908,56379,39769,16610
19,344,paschim medinipur,Rural,70-74,79836,37859,41977,45116,12467,32649,34720,25392,9328
19,344,paschim medinipur,Rural,75-79,43575,20451,23124,25109,6935,18174,18466,13516,4950
19,344,paschim medinipur,Rural,80+,48913,23033,25880,28221,8338,19883,20692,14695,5997
19,344,paschim medinipur,Rural,Age not stated,7792,4253,3539,2709,1126,1583,5083,3127,1956
19,344,paschim medinipur,Urban,All ages,722686,366164,356522,160091,66259,93832,562595,299905,262690
19,344,paschim medinipur,Urban,0-6,68176,34579,33597,68176,34579,33597,0,0,0
19,344,paschim medinipur,Urban,7,11145,5652,5493,1716,873,843,9429,4779,4650
19,344,paschim medinipur,Urban,8,10737,5484,5253,854,391,463,9883,5093,4790
19,344,paschim medinipur,Urban,9,10457,5328,5129,670,339,331,9787,4989,4798
19,344,paschim medinipur,Urban,10,12841,6642,6199,972,503,469,11869,6139,5730
19,344,paschim medinipur,Urban,11,11558,5837,5721,630,315,315,10928,5522,5406
19,344,paschim medinipur,Urban,12,12315,6267,6048,722,406,316,11593,5861,5732
19,344,paschim medinipur,Urban,13,11494,5621,5873,568,261,307,10926,5360,5566
19,344,paschim medinipur,Urban,14,11921,5934,5987,684,314,370,11237,5620,5617
19,344,paschim medinipur,Urban,15,12324,6355,5969,877,413,464,11447,5942,5505
19,344,paschim medinipur,Urban,16,12233,6320,5913,928,437,491,11305,5883,5422
19,344,paschim medinipur,Urban,17,11908,6204,5704,851,380,471,11057,5824,5233
19,344,paschim medinipur,Urban,18,15123,7618,7505,1333,553,780,13790,7065,6725
19,344,paschim medinipur,Urban,19,12948,6254,6694,1057,393,664,11891,5861,6030
19,344,paschim medinipur,Urban,20-24,69006,33873,35133,6760,2529,4231,62246,31344,30902
19,344,paschim medinipur,Urban,25-29,65677,32475,33202,7788,2982,4806,57889,29493,28396
19,344,paschim medinipur,Urban,30-34,58494,28605,29889,7332,2656,4676,51162,25949,25213
19,344,paschim medinipur,Urban,35-39,59528,29035,30493,8686,3005,5681,50842,26030,24812
19,344,paschim medinipur,Urban,40-44,52575,26905,25670,8782,3074,5708,43793,23831,19962
19,344,paschim medinipur,Urban,45-49,47985,24477,23508,8620,2884,5736,39365,21593,17772
19,344,paschim medinipur,Urban,50-54,39085,21011,18074,7378,2443,4935,31707,18568,13139
19,344,paschim medinipur,Urban,55-59,30179,16302,13877,5853,1754,4099,24326,14548,9778
19,344,paschim medinipur,Urban,60-64,23252,11572,11680,5805,1620,4185,17447,9952,7495
19,344,paschim medinipur,Urban,65-69,17679,9017,8662,4642,1192,3450,13037,7825,5212
19,344,paschim medinipur,Urban,70-74,12175,5915,6260,3736,848,2888,8439,5067,3372
19,344,paschim medinipur,Urban,75-79,6889,3418,3471,1887,414,1473,5002,3004,1998
19,344,paschim medinipur,Urban,80+,7717,3542,4175,2417,559,1858,5300,2983,2317
19,344,paschim medinipur,Urban,Age not stated,7265,5922,1343,367,142,225,6898,5780,1118
19,345,purba medinipur,Total,All ages,5095875,2629834,2466041,1172681,480761,691920,3923194,2149073,1774121
19,345,purba medinipur,Total,0-6,587654,301989,285665,587654,301989,285665,0,0,0
19,345,purba medinipur,Total,7,92261,47053,45208,12381,6297,6084,79880,40756,39124
19,345,purba medinipur,Total,8,95250,48693,46557,4636,2353,2283,90614,46340,44274
19,345,purba medinipur,Total,9,89325,45042,44283,2804,1437,1367,86521,43605,42916
19,345,purba medinipur,Total,10,105135,54149,50986,4189,2229,1960,100946,51920,49026
19,345,purba medinipur,Total,11,90425,46458,43967,2242,1197,1045,88183,45261,42922
19,345,purba medinipur,Total,12,105628,54599,51029,2567,1361,1206,103061,53238,49823
19,345,purba medinipur,Total,13,100834,50852,49982,2249,1140,1109,98585,49712,48873
19,345,purba medinipur,Total,14,103547,52469,51078,2624,1358,1266,100923,51111,49812
19,345,purba medinipur,Total,15,103730,53636,50094,3224,1615,1609,100506,52021,48485
19,345,purba medinipur,Total,16,99578,52593,46985,3181,1599,1582,96397,50994,45403
19,345,purba medinipur,Total,17,94850,52182,42668,3134,1518,1616,91716,50664,41052
19,345,purba medinipur,Total,18,122767,63542,59225,4956,2158,2798,117811,61384,56427
19,345,purba medinipur,Total,19,102045,49447,52598,4060,1577,2483,97985,47870,50115
19,345,purba medinipur,Total,20-24,508380,260662,247718,28119,10995,17124,480261,249667,230594
19,345,purba medinipur,Total,25-29,465269,237067,228202,37002,13551,23451,428267,223516,204751
19,345,purba medinipur,Total,30-34,389515,199510,190005,40809,14074,26735,348706,185436,163270
19,345,purba medinipur,Total,35-39,386922,195730,191192,56071,17548,38523,330851,178182,152669
19,345,purba medinipur,Total,40-44,324500,171747,152753,58207,18545,39662,266293,153202,113091
19,345,purba medinipur,Total,45-49,283305,148900,134405,60152,19273,40879,223153,129627,93526
19,345,purba medinipur,Total,50-54,220847,120536,100311,48961,14709,34252,171886,105827,66059
19,345,purba medinipur,Total,55-59,179158,96373,82785,43100,10828,32272,136058,85545,50513
19,345,purba medinipur,Total,60-64,142564,73737,68827,42724,9063,33661,99840,64674,35166
19,345,purba medinipur,Total,65-69,116826,58518,58308,40431,7638,32793,76395,50880,25515
19,345,purba medinipur,Total,70-74,80107,40957,39150,31542,6195,25347,48565,34762,13803
19,345,purba medinipur,Total,75-79,47480,24282,23198,19922,4298,15624,27558,19984,7574
19,345,purba medinipur,Total,80+,55043,27355,27688,25039,5909,19130,30004,21446,8558
19,345,purba medinipur,Total,Age not stated,2930,1756,1174,701,307,394,2229,1449,780
19,345,purba medinipur,Rural,All ages,4503161,2322562,2180599,1048974,428880,620094,3454187,1893682,1560505
19,345,purba medinipur,Rural,0-6,524312,269634,254678,524312,269634,254678,0,0,0
19,345,purba medinipur,Rural,7,82152,41899,40253,11155,5647,5508,70997,36252,34745
19,345,purba medinipur,Rural,8,84783,43287,41496,4139,2102,2037,80644,41185,39459
19,345,purba medinipur,Rural,9,79393,40008,39385,2466,1273,1193,76927,38735,38192
19,345,purba medinipur,Rural,10,93317,48139,45178,3714,1990,1724,89603,46149,43454
19,345,purba medinipur,Rural,11,80222,41233,38989,1954,1038,916,78268,40195,38073
19,345,purba medinipur,Rural,12,94045,48559,45486,2238,1180,1058,91807,47379,44428
19,345,purba medinipur,Rural,13,90075,45356,44719,1951,993,958,88124,44363,43761
19,345,purba medinipur,Rural,14,92210,46705,45505,2277,1184,1093,89933,45521,44412
19,345,purba medinipur,Rural,15,91970,47578,44392,2810,1401,1409,89160,46177,42983
19,345,purba medinipur,Rural,16,87740,46304,41436,2788,1391,1397,84952,44913,40039
19,345,purba medinipur,Rural,17,83664,46163,37501,2744,1320,1424,80920,44843,36077
19,345,purba medinipur,Rural,18,107858,55694,52164,4335,1874,2461,103523,53820,49703
19,345,purba medinipur,Rural,19,89227,42884,46343,3552,1380,2172,85675,41504,44171
19,345,purba medinipur,Rural,20-24,446162,228036,218126,24814,9604,15210,421348,218432,202916
19,345,purba medinipur,Rural,25-29,409926,209210,200716,32680,11960,20720,377246,197250,179996
19,345,purba medinipur,Rural,30-34,342645,175589,167056,36395,12498,23897,306250,163091,143159
19,345,purba medinipur,Rural,35-39,340116,171971,168145,50038,15625,34413,290078,156346,133732
19,345,purba medinipur,Rural,40-44,285443,151161,134282,52091,16539,35552,233352,134622,98730
19,345,purba medinipur,Rural,45-49,248415,130611,117804,53682,17165,36517,194733,113446,81287
19,345,purba medinipur,Rural,50-54,193763,105674,88089,43943,13129,30814,149820,92545,57275
19,345,purba medinipur,Rural,55-59,157720,84521,73199,38821,9694,29127,118899,74827,44072
19,345,purba medinipur,Rural,60-64,126683,65307,61376,38721,8093,30628,87962,57214,30748
19,345,purba medinipur,Rural,65-69,104697,52222,52475,36925,6917,30008,67772,45305,22467
19,345,purba medinipur,Rural,70-74,72015,36793,35222,28821,5632,23189,43194,31161,12033
19,345,purba medinipur,Rural,75-79,42722,21925,20797,18187,3934,14253,24535,17991,6544
19,345,purba medinipur,Rural,80+,49480,24741,24739,22785,5408,17377,26695,19333,7362
19,345,purba medinipur,Rural,Age not stated,2406,1358,1048,636,275,361,1770,1083,687
19,345,purba medinipur,Urban,All ages,592714,307272,285442,123707,51881,71826,469007,255391,213616
19,345,purba medinipur,Urban,0-6,63342,32355,30987,63342,32355,30987,0,0,0
19,345,purba medinipur,Urban,7,10109,5154,4955,1226,650,576,8883,4504,4379
19,345,purba medinipur,Urban,8,10467,5406,5061,497,251,246,9970,5155,4815
19,345,purba medinipur,Urban,9,9932,5034,4898,338,164,174,9594,4870,4724
19,345,purba medinipur,Urban,10,11818,6010,5808,475,239,236,11343,5771,5572
19,345,purba medinipur,Urban,11,10203,5225,4978,288,159,129,9915,5066,4849
19,345,purba medinipur,Urban,12,11583,6040,5543,329,181,148,11254,5859,5395
19,345,purba medinipur,Urban,13,10759,5496,5263,298,147,151,10461,5349,5112
19,345,purba medinipur,Urban,14,11337,5764,5573,347,174,173,10990,5590,5400
19,345,purba medinipur,Urban,15,11760,6058,5702,414,214,200,11346,5844,5502
19,345,purba medinipur,Urban,16,11838,6289,5549,393,208,185,11445,6081,5364
19,345,purba medinipur,Urban,17,11186,6019,5167,390,198,192,10796,5821,4975
19,345,purba medinipur,Urban,18,14909,7848,7061,621,284,337,14288,7564,6724
19,345,purba medinipur,Urban,19,12818,6563,6255,508,197,311,12310,6366,5944
19,345,purba medinipur,Urban,20-24,62218,32626,29592,3305,1391,1914,58913,31235,27678
19,345,purba medinipur,Urban,25-29,55343,27857,27486,4322,1591,2731,51021,26266,24755
19,345,purba medinipur,Urban,30-34,46870,23921,22949,4414,1576,2838,42456,22345,20111
19,345,purba medinipur,Urban,35-39,46806,23759,23047,6033,1923,4110,40773,21836,18937
19,345,purba medinipur,Urban,40-44,39057,20586,18471,6116,2006,4110,32941,18580,14361
19,345,purba medinipur,Urban,45-49,34890,18289,16601,6470,2108,4362,28420,16181,12239
19,345,purba medinipur,Urban,50-54,27084,14862,12222,5018,1580,3438,22066,13282,8784
19,345,purba medinipur,Urban,55-59,21438,11852,9586,4279,1134,3145,17159,10718,6441
19,345,purba medinipur,Urban,60-64,15881,8430,7451,4003,970,3033,11878,7460,4418
19,345,purba medinipur,Urban,65-69,12129,6296,5833,3506,721,2785,8623,5575,3048
19,345,purba medinipur,Urban,70-74,8092,4164,3928,2721,563,2158,5371,3601,1770
19,345,purba medinipur,Urban,75-79,4758,2357,2401,1735,364,1371,3023,1993,1030
19,345,purba medinipur,Urban,80+,5563,2614,2949,2254,501,1753,3309,2113,1196
19,345,purba medinipur,Urban,Age not stated,524,398,126,65,32,33,459,366,93
08,099,ganganagar,Total,All ages,1969168,1043340,925828,775825,332432,443393,1193343,710908,482435
08,099,ganganagar,Total,0-6,255475,137768,117707,255475,137768,117707,0,0,0
08,099,ganganagar,Total,7,39617,21193,18424,10142,5118,5024,29475,16075,13400
08,099,ganganagar,Total,8,42375,22994,19381,5230,2556,2674,37145,20438,16707
08,099,ganganagar,Total,9,37245,20119,17126,2989,1455,1534,34256,18664,15592
08,099,ganganagar,Total,10,46889,25662,21227,4366,2110,2256,42523,23552,18971
08,099,ganganagar,Total,11,41721,22721,19000,2803,1304,1499,38918,21417,17501
08,099,ganganagar,Total,12,45326,24833,20493,3462,1638,1824,41864,23195,18669
08,099,ganganagar,Total,13,40665,21524,19141,2856,1263,1593,37809,20261,17548
08,099,ganganagar,Total,14,41963,22459,19504,3139,1399,1740,38824,21060,17764
08,099,ganganagar,Total,15,44288,24234,20054,3988,1911,2077,40300,22323,17977
08,099,ganganagar,Total,16,43099,23542,19557,3788,1855,1933,39311,21687,17624
08,099,ganganagar,Total,17,37388,20636,16752,3066,1497,1569,34322,19139,15183
08,099,ganganagar,Total,18,47324,26167,21157,5467,2585,2882,41857,23582,18275
08,099,ganganagar,Total,19,35996,19399,16597,3746,1540,2206,32250,17859,14391
08,099,ganganagar,Total,20-24,197601,105612,91989,32731,11887,20844,164870,93725,71145
08,099,ganganagar,Total,25-29,170917,91594,79323,41922,13867,28055,128995,77727,51268
08,099,ganganagar,Total,30-34,148955,78059,70896,49552,16403,33149,99403,61656,37747
08,099,ganganagar,Total,35-39,133812,69347,64465,54504,18771,35733,79308,50576,28732
08,099,ganganagar,Total,40-44,118957,61766,57191,54598,19831,34767,64359,41935,22424
08,099,ganganagar,Total,45-49,100487,52324,48163,50186,18737,31449,50301,33587,16714
08,099,ganganagar,Total,50-54,76887,41701,35186,40102,16151,23951,36785,25550,11235
08,099,ganganagar,Total,55-59,54161,27238,26923,29883,10209,19674,24278,17029,7249
08,099,ganganagar,Total,60-64,52122,25792,26330,33210,12221,20989,18912,13571,5341
08,099,ganganagar,Total,65-69,37873,18277,19596,25851,9512,16339,12022,8765,3257
08,099,ganganagar,Total,70-74,28919,14390,14529,21199,8529,12670,7720,5861,1859
08,099,ganganagar,Total,75-79,14650,7197,7453,11015,4389,6626,3635,2808,827
08,099,ganganagar,Total,80+,18872,8575,10297,15108,5812,9296,3764,2763,1001
08,099,ganganagar,Total,Age not stated,15584,8217,7367,5447,2114,3333,10137,6103,4034
08,099,ganganagar,Rural,All ages,1433736,758269,675467,612364,261334,351030,821372,496935,324437
08,099,ganganagar,Rural,0-6,192461,103551,88910,192461,103551,88910,0,0,0
08,099,ganganagar,Rural,7,29759,15800,13959,7652,3820,3832,22107,11980,10127
08,099,ganganagar,Rural,8,32070,17246,14824,3841,1872,1969,28229,15374,12855
08,099,ganganagar,Rural,9,27925,14970,12955,2099,1007,1092,25826,13963,11863
08,099,ganganagar,Rural,10,35105,19006,16099,2998,1444,1554,32107,17562,14545
08,099,ganganagar,Rural,11,31405,16928,14477,1968,917,1051,29437,16011,13426
08,099,ganganagar,Rural,12,34000,18478,15522,2397,1102,1295,31603,17376,14227
08,099,ganganagar,Rural,13,30286,16009,14277,2017,877,1140,28269,15132,13137
08,099,ganganagar,Rural,14,31301,16637,14664,2232,968,1264,29069,15669,13400
08,099,ganganagar,Rural,15,32691,17733,14958,2853,1340,1513,29838,16393,13445
08,099,ganganagar,Rural,16,31925,17384,14541,2760,1334,1426,29165,16050,13115
08,099,ganganagar,Rural,17,27211,14985,12226,2190,1043,1147,25021,13942,11079
08,099,ganganagar,Rural,18,34614,19276,15338,4019,1874,2145,30595,17402,13193
08,099,ganganagar,Rural,19,25866,13967,11899,2776,1101,1675,23090,12866,10224
08,099,ganganagar,Rural,20-24,142548,76626,65922,25487,8870,16617,117061,67756,49305
08,099,ganganagar,Rural,25-29,122100,65700,56400,33787,10957,22830,88313,54743,33570
08,099,ganganagar,Rural,30-34,107441,56277,51164,40461,13291,27170,66980,42986,23994
08,099,ganganagar,Rural,35-39,95853,49656,46197,44690,15316,29374,51163,34340,16823
08,099,ganganagar,Rural,40-44,84822,43982,40840,45029,16512,28517,39793,27470,12323
08,099,ganganagar,Rural,45-49,70148,36371,33777,41081,15549,25532,29067,20822,8245
08,099,ganganagar,Rural,50-54,53110,28810,24300,32868,13602,19266,20242,15208,5034
08,099,ganganagar,Rural,55-59,37594,18432,19162,24656,8634,16022,12938,9798,3140
08,099,ganganagar,Rural,60-64,38149,18762,19387,27575,10440,17135,10574,8322,2252
08,099,ganganagar,Rural,65-69,28030,13491,14539,21411,8168,13243,6619,5323,1296
08,099,ganganagar,Rural,70-74,21610,10791,10819,17429,7315,10114,4181,3476,705
08,099,ganganagar,Rural,75-79,11082,5436,5646,9149,3827,5322,1933,1609,324
08,099,ganganagar,Rural,80+,14690,6787,7903,12524,5092,7432,2166,1695,471
08,099,ganganagar,Rural,Age not stated,9940,5178,4762,3954,1511,2443,5986,3667,2319
08,099,ganganagar,Urban,All ages,535432,285071,250361,163461,71098,92363,371971,213973,157998
08,099,ganganagar,Urban,0-6,63014,34217,28797,63014,34217,28797,0,0,0
08,099,ganganagar,Urban,7,9858,5393,4465,2490,1298,1192,7368,4095,3273
08,099,ganganagar,Urban,8,10305,5748,4557,1389,684,705,8916,5064,3852
08,099,ganganagar,Urban,9,9320,5149,4171,890,448,442,8430,4701,3729
08,099,ganganagar,Urban,10,11784,6656,5128,1368,666,702,10416,5990,4426
08,099,ganganagar,Urban,11,10316,5793,4523,835,387,448,9481,5406,4075
08,099,ganganagar,Urban,12,11326,6355,4971,1065,536,529,10261,5819,4442
08,099,ganganagar,Urban,13,10379,5515,4864,839,386,453,9540,5129,4411
08,099,ganganagar,Urban,14,10662,5822,4840,907,431,476,9755,5391,4364
08,099,ganganagar,Urban,15,11597,6501,5096,1135,571,564,10462,5930,4532
08,099,ganganagar,Urban,16,11174,6158,5016,1028,521,507,10146,5637,4509
08,099,ganganagar,Urban,17,10177,5651,4526,876,454,422,9301,5197,4104
08,099,ganganagar,Urban,18,12710,6891,5819,1448,711,737,11262,6180,5082
08,099,ganganagar,Urban,19,10130,5432,4698,970,439,531,9160,4993,4167
08,099,ganganagar,Urban,20-24,55053,28986,26067,7244,3017,4227,47809,25969,21840
08,099,ganganagar,Urban,25-29,48817,25894,22923,8135,2910,5225,40682,22984,17698
08,099,ganganagar,Urban,30-34,41514,21782,19732,9091,3112,5979,32423,18670,13753
08,099,ganganagar,Urban,35-39,37959,19691,18268,9814,3455,6359,28145,16236,11909
08,099,ganganagar,Urban,40-44,34135,17784,16351,9569,3319,6250,24566,14465,10101
08,099,ganganagar,Urban,45-49,30339,15953,14386,9105,3188,5917,21234,12765,8469
08,099,ganganagar,Urban,50-54,23777,12891,10886,7234,2549,4685,16543,10342,6201
08,099,ganganagar,Urban,55-59,16567,8806,7761,5227,1575,3652,11340,7231,4109
08,099,ganganagar,Urban,60-64,13973,7030,6943,5635,1781,3854,8338,5249,3089
08,099,ganganagar,Urban,65-69,9843,4786,5057,4440,1344,3096,5403,3442,1961
08,099,ganganagar,Urban,70-74,7309,3599,3710,3770,1214,2556,3539,2385,1154
08,099,ganganagar,Urban,75-79,3568,1761,1807,1866,562,1304,1702,1199,503
08,099,ganganagar,Urban,80+,4182,1788,2394,2584,720,1864,1598,1068,530
08,099,ganganagar,Urban,Age not stated,5644,3039,2605,1493,603,890,4151,2436,1715
08,100,hanumangarh,Total,All ages,1774692,931184,843508,740556,306903,433653,1034136,624281,409855
08,100,hanumangarh,Total,0-6,234226,124740,109486,234226,124740,109486,0,0,0
08,100,hanumangarh,Total,7,36156,19085,17071,7755,3831,3924,28401,15254,13147
08,100,hanumangarh,Total,8,39056,21017,18039,4244,2039,2205,34812,18978,15834
08,100,hanumangarh,Total,9,33906,18434,15472,2654,1286,1368,31252,17148,14104
08,100,hanumangarh,Total,10,43953,23649,20304,3940,1826,2114,40013,21823,18190
08,100,hanumangarh,Total,11,39051,20802,18249,2498,1084,1414,36553,19718,16835
08,100,hanumangarh,Total,12,42576,22985,19591,3097,1393,1704,39479,21592,17887
08,100,hanumangarh,Total,13,38808,20339,18469,2799,1203,1596,36009,19136,16873
08,100,hanumangarh,Total,14,39610,20947,18663,3081,1298,1783,36529,19649,16880
08,100,hanumangarh,Total,15,41175,22235,18940,3755,1712,2043,37420,20523,16897
08,100,hanumangarh,Total,16,40283,21867,18416,3613,1655,1958,36670,20212,16458
08,100,hanumangarh,Total,17,33677,18573,15104,2971,1348,1623,30706,17225,13481
08,100,hanumangarh,Total,18,43315,24086,19229,5425,2403,3022,37890,21683,16207
08,100,hanumangarh,Total,19,31467,16930,14537,3745,1402,2343,27722,15528,12194
08,100,hanumangarh,Total,20-24,174008,94057,79951,30643,10631,20012,143365,83426,59939
08,100,hanumangarh,Total,25-29,146777,77259,69518,39500,12352,27148,107277,64907,42370
08,100,hanumangarh,Total,30-34,131818,66929,64889,48937,15021,33916,82881,51908,30973
08,100,hanumangarh,Total,35-39,122570,62042,60528,56012,17883,38129,66558,44159,22399
08,100,hanumangarh,Total,40-44,108870,56189,52681,57545,20107,37438,51325,36082,15243
08,100,hanumangarh,Total,45-49,89856,46364,43492,51552,18387,33165,38304,27977,10327
08,100,hanumangarh,Total,50-54,67073,36497,30576,40142,16044,24098,26931,20453,6478
08,100,hanumangarh,Total,55-59,46790,23262,23528,29378,10013,19365,17412,13249,4163
08,100,hanumangarh,Total,60-64,44634,22379,22255,30718,11643,19075,13916,10736,3180
08,100,hanumangarh,Total,65-69,30488,14371,16117,22055,7945,14110,8433,6426,2007
08,100,hanumangarh,Total,70-74,24452,11787,12665,18859,7370,11489,5593,4417,1176
08,100,hanumangarh,Total,75-79,13035,6130,6905,10209,3909,6300,2826,2221,605
08,100,hanumangarh,Total,80+,15889,7386,8503,12732,5054,7678,3157,2332,825
08,100,hanumangarh,Total,Age not stated,21173,10843,10330,8471,3324,5147,12702,7519,5183
08,100,hanumangarh,Rural,All ages,1424228,746887,677341,621569,256525,365044,802659,490362,312297
08,100,hanumangarh,Rural,0-6,190563,101170,89393,190563,101170,89393,0,0,0
08,100,hanumangarh,Rural,7,29281,15400,13881,6133,3022,3111,23148,12378,10770
08,100,hanumangarh,Rural,8,32024,17223,14801,3210,1548,1662,28814,15675,13139
08,100,hanumangarh,Rural,9,27567,14889,12678,1876,887,989,25691,14002,11689
08,100,hanumangarh,Rural,10,35720,19077,16643,2903,1338,1565,32817,17739,15078
08,100,hanumangarh,Rural,11,31973,16958,15015,1821,758,1063,30152,16200,13952
08,100,hanumangarh,Rural,12,34751,18658,16093,2298,1026,1272,32453,17632,14821
08,100,hanumangarh,Rural,13,31603,16476,15127,2093,860,1233,29510,15616,13894
08,100,hanumangarh,Rural,14,32270,17061,15209,2302,961,1341,29968,16100,13868
08,100,hanumangarh,Rural,15,33288,17964,15324,2861,1294,1567,30427,16670,13757
08,100,hanumangarh,Rural,16,32617,17764,14853,2783,1277,1506,29834,16487,13347
08,100,hanumangarh,Rural,17,26980,14855,12125,2269,1011,1258,24711,13844,10867
08,100,hanumangarh,Rural,18,34771,19418,15353,4212,1870,2342,30559,17548,13011
08,100,hanumangarh,Rural,19,24849,13484,11365,2955,1093,1862,21894,12391,9503
08,100,hanumangarh,Rural,20-24,138343,75265,63078,24984,8497,16487,113359,66768,46591
08,100,hanumangarh,Rural,25-29,116013,61271,54742,33228,10187,23041,82785,51084,31701
08,100,hanumangarh,Rural,30-34,105698,53653,52045,42150,12859,29291,63548,40794,22754
08,100,hanumangarh,Rural,35-39,98024,49774,48250,48372,15378,32994,49652,34396,15256
08,100,hanumangarh,Rural,40-44,87125,44857,42268,50256,17605,32651,36869,27252,9617
08,100,hanumangarh,Rural,45-49,70964,36561,34403,44878,16215,28663,26086,20346,5740
08,100,hanumangarh,Rural,50-54,52491,28565,23926,34856,14161,20695,17635,14404,3231
08,100,hanumangarh,Rural,55-59,36537,17810,18727,25561,8830,16731,10976,8980,1996
08,100,hanumangarh,Rural,60-64,36055,18053,18002,26806,10363,16443,9249,7690,1559
08,100,hanumangarh,Rural,65-69,24326,11425,12901,18930,7017,11913,5396,4408,988
08,100,hanumangarh,Rural,70-74,19783,9477,10306,16242,6493,9749,3541,2984,557
08,100,hanumangarh,Rural,75-79,10672,4993,5679,8889,3526,5363,1783,1467,316
08,100,hanumangarh,Rural,80+,13196,6193,7003,11105,4569,6536,2091,1624,467
08,100,hanumangarh,Rural,Age not stated,16744,8593,8151,7033,2710,4323,9711,5883,3828
08,100,hanumangarh,Urban,All ages,350464,184297,166167,118987,50378,68609,231477,133919,97558
08,100,hanumangarh,Urban,0-6,43663,23570,20093,43663,23570,20093,0,0,0
08,100,hanumangarh,Urban,7,6875,3685,3190,1622,809,813,5253,2876,2377
08,100,hanumangarh,Urban,8,7032,3794,3238,1034,491,543,5998,3303,2695
08,100,hanumangarh,Urban,9,6339,3545,2794,778,399,379,5561,3146,2415
08,100,hanumangarh,Urban,10,8233,4572,3661,1037,488,549,7196,4084,3112
08,100,hanumangarh,Urban,11,7078,3844,3234,677,326,351,6401,3518,2883
08,100,hanumangarh,Urban,12,7825,4327,3498,799,367,432,7026,3960,3066
08,100,hanumangarh,Urban,13,7205,3863,3342,706,343,363,6499,3520,2979
08,100,hanumangarh,Urban,14,7340,3886,3454,779,337,442,6561,3549,3012
08,100,hanumangarh,Urban,15,7887,4271,3616,894,418,476,6993,3853,3140
08,100,hanumangarh,Urban,16,7666,4103,3563,830,378,452,6836,3725,3111
08,100,hanumangarh,Urban,17,6697,3718,2979,702,337,365,5995,3381,2614
08,100,hanumangarh,Urban,18,8544,4668,3876,1213,533,680,7331,4135,3196
08,100,hanumangarh,Urban,19,6618,3446,3172,790,309,481,5828,3137,2691
08,100,hanumangarh,Urban,20-24,35665,18792,16873,5659,2134,3525,30006,16658,13348
08,100,hanumangarh,Urban,25-29,30764,15988,14776,6272,2165,4107,24492,13823,10669
08,100,hanumangarh,Urban,30-34,26120,13276,12844,6787,2162,4625,19333,11114,8219
08,100,hanumangarh,Urban,35-39,24546,12268,12278,7640,2505,5135,16906,9763,7143
08,100,hanumangarh,Urban,40-44,21745,11332,10413,7289,2502,4787,14456,8830,5626
08,100,hanumangarh,Urban,45-49,18892,9803,9089,6674,2172,4502,12218,7631,4587
08,100,hanumangarh,Urban,50-54,14582,7932,6650,5286,1883,3403,9296,6049,3247
08,100,hanumangarh,Urban,55-59,10253,5452,4801,3817,1183,2634,6436,4269,2167
08,100,hanumangarh,Urban,60-64,8579,4326,4253,3912,1280,2632,4667,3046,1621
08,100,hanumangarh,Urban,65-69,6162,2946,3216,3125,928,2197,3037,2018,1019
08,100,hanumangarh,Urban,70-74,4669,2310,2359,2617,877,1740,2052,1433,619
08,100,hanumangarh,Urban,75-79,2363,1137,1226,1320,383,937,1043,754,289
08,100,hanumangarh,Urban,80+,2693,1193,1500,1627,485,1142,1066,708,358
08,100,hanumangarh,Urban,Age not stated,4429,2250,2179,1438,614,824,2991,1636,1355
08,101,bikaner,Total,All ages,2363937,1240801,1123136,1085136,458402,626734,1278801,782399,496402
08,101,bikaner,Total,0-6,400554,209952,190602,400554,209952,190602,0,0,0
08,101,bikaner,Total,7,57877,30138,27739,20979,10159,10820,36898,19979,16919
08,101,bikaner,Total,8,66925,35018,31907,15302,6953,8349,51623,28065,23558
08,101,bikaner,Total,9,51504,26852,24652,8568,3697,4871,42936,23155,19781
08,101,bikaner,Total,10,73999,39038,34961,11989,5094,6895,62010,33944,28066
08,101,bikaner,Total,11,57073,30076,26997,7445,2893,4552,49628,27183,22445
08,101,bikaner,Total,12,64234,34157,30077,8863,3290,5573,55371,30867,24504
08,101,bikaner,Total,13,55329,28448,26881,7732,2664,5068,47597,25784,21813
08,101,bikaner,Total,14,54369,28890,25479,7539,2761,4778,46830,26129,20701
08,101,bikaner,Total,15,54924,29813,25111,8663,3177,5486,46261,26636,19625
08,101,bikaner,Total,16,51738,28338,23400,8242,3199,5043,43496,25139,18357
08,101,bikaner,Total,17,40310,22153,18157,6241,2322,3919,34069,19831,14238
08,101,bikaner,Total,18,58651,32444,26207,12314,4485,7829,46337,27959,18378
08,101,bikaner,Total,19,37837,20325,17512,7566,2458,5108,30271,17867,12404
08,101,bikaner,Total,20-24,225375,120384,104991,61880,19915,41965,163495,100469,63026
08,101,bikaner,Total,25-29,193168,101466,91702,67312,20999,46313,125856,80467,45389
08,101,bikaner,Total,30-34,161461,84014,77447,66381,21236,45145,95080,62778,32302
08,101,bikaner,Total,35-39,140184,72660,67524,66075,22805,43270,74109,49855,24254
08,101,bikaner,Total,40-44,116517,61396,55121,59979,23145,36834,56538,38251,18287
08,101,bikaner,Total,45-49,99109,51038,48071,53074,19718,33356,46035,31320,14715
08,101,bikaner,Total,50-54,80566,43921,36645,43279,17728,25551,37287,26193,11094
08,101,bikaner,Total,55-59,58503,29722,28781,31794,10969,20825,26709,18753,7956
08,101,bikaner,Total,60-64,52960,27198,25762,31933,12373,19560,21027,14825,6202
08,101,bikaner,Total,65-69,34981,17084,17897,22075,8021,14054,12906,9063,3843
08,101,bikaner,Total,70-74,28424,13875,14549,19951,7803,12148,8473,6072,2401
08,101,bikaner,Total,75-79,14942,6978,7964,10284,3718,6566,4658,3260,1398
08,101,bikaner,Total,80+,17789,7782,10007,13231,4597,8634,4558,3185,1373
08,101,bikaner,Total,Age not stated,14634,7641,6993,5891,2271,3620,8743,5370,3373
08,101,bikaner,Rural,All ages,1563553,821434,742119,824349,349516,474833,739204,471918,267286
08,101,bikaner,Rural,0-6,292132,153056,139076,292132,153056,139076,0,0,0
08,101,bikaner,Rural,7,41367,21450,19917,16266,7823,8443,25101,13627,11474
08,101,bikaner,Rural,8,49500,25768,23732,12059,5446,6613,37441,20322,17119
08,101,bikaner,Rural,9,36971,19195,17776,6726,2813,3913,30245,16382,13863
08,101,bikaner,Rural,10,54147,28476,25671,9201,3819,5382,44946,24657,20289
08,101,bikaner,Rural,11,40983,21557,19426,5712,2105,3607,35271,19452,15819
08,101,bikaner,Rural,12,46793,24896,21897,6798,2425,4373,39995,22471,17524
08,101,bikaner,Rural,13,39258,20213,19045,5892,1943,3949,33366,18270,15096
08,101,bikaner,Rural,14,38063,20250,17813,5779,2011,3768,32284,18239,14045
08,101,bikaner,Rural,15,38049,20873,17176,6541,2318,4223,31508,18555,12953
08,101,bikaner,Rural,16,35470,19689,15781,6214,2327,3887,29256,17362,11894
08,101,bikaner,Rural,17,25830,14477,11353,4641,1626,3015,21189,12851,8338
08,101,bikaner,Rural,18,40063,22543,17520,9373,3297,6076,30690,19246,11444
08,101,bikaner,Rural,19,23963,12943,11020,5773,1757,4016,18190,11186,7004
08,101,bikaner,Rural,20-24,145568,78618,66950,48955,15328,33627,96613,63290,33323
08,101,bikaner,Rural,25-29,120741,63313,57428,53907,16733,37174,66834,46580,20254
08,101,bikaner,Rural,30-34,99788,51630,48158,52723,17054,35669,47065,34576,12489
08,101,bikaner,Rural,35-39,85203,43923,41280,51659,18192,33467,33544,25731,7813
08,101,bikaner,Rural,40-44,69720,36874,32846,46684,18606,28078,23036,18268,4768
08,101,bikaner,Rural,45-49,58361,29890,28471,40985,15919,25066,17376,13971,3405
08,101,bikaner,Rural,50-54,46985,25790,21195,33386,14405,18981,13599,11385,2214
08,101,bikaner,Rural,55-59,33659,16502,17157,24518,8931,15587,9141,7571,1570
08,101,bikaner,Rural,60-64,32324,16622,15702,24529,10080,14449,7795,6542,1253
08,101,bikaner,Rural,65-69,21473,10370,11103,16904,6593,10311,4569,3777,792
08,101,bikaner,Rural,70-74,18299,8939,9360,15370,6475,8895,2929,2464,465
08,101,bikaner,Rural,75-79,9224,4251,4973,7774,3063,4711,1450,1188,262
08,101,bikaner,Rural,80+,11242,4967,6275,9646,3705,5941,1596,1262,334
08,101,bikaner,Rural,Age not stated,8377,4359,4018,4202,1666,2536,4175,2693,1482
08,101,bikaner,Urban,All ages,800384,419367,381017,260787,108886,151901,539597,310481,229116
08,101,bikaner,Urban,0-6,108422,56896,51526,108422,56896,51526,0,0,0
08,101,bikaner,Urban,7,16510,8688,7822,4713,2336,2377,11797,6352,5445
08,101,bikaner,Urban,8,17425,9250,8175,3243,1507,1736,14182,7743,6439
08,101,bikaner,Urban,9,14533,7657,6876,1842,884,958,12691,6773,5918
08,101,bikaner,Urban,10,19852,10562,9290,2788,1275,1513,17064,9287,7777
08,101,bikaner,Urban,11,16090,8519,7571,1733,788,945,14357,7731,6626
08,101,bikaner,Urban,12,17441,9261,8180,2065,865,1200,15376,8396,6980
08,101,bikaner,Urban,13,16071,8235,7836,1840,721,1119,14231,7514,6717
08,101,bikaner,Urban,14,16306,8640,7666,1760,750,1010,14546,7890,6656
08,101,bikaner,Urban,15,16875,8940,7935,2122,859,1263,14753,8081,6672
08,101,bikaner,Urban,16,16268,8649,7619,2028,872,1156,14240,7777,6463
08,101,bikaner,Urban,17,14480,7676,6804,1600,696,904,12880,6980,5900
08,101,bikaner,Urban,18,18588,9901,8687,2941,1188,1753,15647,8713,6934
08,101,bikaner,Urban,19,13874,7382,6492,1793,701,1092,12081,6681,5400
08,101,bikaner,Urban,20-24,79807,41766,38041,12925,4587,8338,66882,37179,29703
08,101,bikaner,Urban,25-29,72427,38153,34274,13405,4266,9139,59022,33887,25135
08,101,bikaner,Urban,30-34,61673,32384,29289,13658,4182,9476,48015,28202,19813
08,101,bikaner,Urban,35-39,54981,28737,26244,14416,4613,9803,40565,24124,16441
08,101,bikaner,Urban,40-44,46797,24522,22275,13295,4539,8756,33502,19983,13519
08,101,bikaner,Urban,45-49,40748,21148,19600,12089,3799,8290,28659,17349,11310
08,101,bikaner,Urban,50-54,33581,18131,15450,9893,3323,6570,23688,14808,8880
08,101,bikaner,Urban,55-59,24844,13220,11624,7276,2038,5238,17568,11182,6386
08,101,bikaner,Urban,60-64,20636,10576,10060,7404,2293,5111,13232,8283,4949
08,101,bikaner,Urban,65-69,13508,6714,6794,5171,1428,3743,8337,5286,3051
08,101,bikaner,Urban,70-74,10125,4936,5189,4581,1328,3253,5544,3608,1936
08,101,bikaner,Urban,75-79,5718,2727,2991,2510,655,1855,3208,2072,1136
08,101,bikaner,Urban,80+,6547,2815,3732,3585,892,2693,2962,1923,1039
08,101,bikaner,Urban,Age not stated,6257,3282,2975,1689,605,1084,4568,2677,1891
08,102,churu,Total,All ages,2039547,1051446,988101,890278,354717,535561,1149269,696729,452540
08,102,churu,Total,0-6,317813,167084,150729,317813,167084,150729,0,0,0
08,102,churu,Total,7,46644,24219,22425,11996,5712,6284,34648,18507,16141
08,102,churu,Total,8,52625,27901,24724,7534,3463,4071,45091,24438,20653
08,102,churu,Total,9,42974,22591,20383,4405,1895,2510,38569,20696,17873
08,102,churu,Total,10,59488,31591,27897,6454,2720,3734,53034,28871,24163
08,102,churu,Total,11,49870,26313,23557,4080,1619,2461,45790,24694,21096
08,102,churu,Total,12,53792,28428,25364,4750,1763,2987,49042,26665,22377
08,102,churu,Total,13,48643,24895,23748,4442,1554,2888,44201,23341,20860
08,102,churu,Total,14,48321,25387,22934,4517,1541,2976,43804,23846,19958
08,102,churu,Total,15,49670,26753,22917,5184,1972,3212,44486,24781,19705
08,102,churu,Total,16,46574,25514,21060,4948,1825,3123,41626,23689,17937
08,102,churu,Total,17,37534,20700,16834,4053,1489,2564,33481,19211,14270
08,102,churu,Total,18,50909,28232,22677,7418,2574,4844,43491,25658,17833
08,102,churu,Total,19,35291,18943,16348,5000,1474,3526,30291,17469,12822
08,102,churu,Total,20-24,195969,104564,91405,41183,11888,29295,154786,92676,62110
08,102,churu,Total,25-29,157076,80067,77009,47695,12771,34924,109381,67296,42085
08,102,churu,Total,30-34,139037,68443,70594,54521,14553,39968,84516,53890,30626
08,102,churu,Total,35-39,124209,61489,62720,58539,17254,41285,65670,44235,21435
08,102,churu,Total,40-44,106925,54355,52570,57050,19071,37979,49875,35284,14591
08,102,churu,Total,45-49,88554,44225,44329,50912,17017,33895,37642,27208,10434
08,102,churu,Total,50-54,72236,38423,33813,42766,16023,26743,29470,22400,7070
08,102,churu,Total,55-59,52046,25483,26563,32187,10441,21746,19859,15042,4817
08,102,churu,Total,60-64,49932,24397,25535,33575,11873,21702,16357,12524,3833
08,102,churu,Total,65-69,36351,16882,19469,25825,8889,16936,10526,7993,2533
08,102,churu,Total,70-74,29174,13230,15944,22276,7932,14344,6898,5298,1600
08,102,churu,Total,75-79,15051,6651,8400,11551,4003,7548,3500,2648,852
08,102,churu,Total,80+,17386,6849,10537,13368,4050,9318,4018,2799,1219
08,102,churu,Total,Age not stated,15453,7837,7616,6236,2267,3969,9217,5570,3647
08,102,churu,Rural,All ages,1463312,755028,708284,671813,268772,403041,791499,486256,305243
08,102,churu,Rural,0-6,234283,123099,111184,234283,123099,111184,0,0,0
08,102,churu,Rural,7,33678,17558,16120,8534,4081,4453,25144,13477,11667
08,102,churu,Rural,8,38568,20417,18151,5038,2267,2771,33530,18150,15380
08,102,churu,Rural,9,31485,16628,14857,2851,1210,1641,28634,15418,13216
08,102,churu,Rural,10,43234,22919,20315,4133,1711,2422,39101,21208,17893
08,102,churu,Rural,11,36674,19391,17283,2643,1027,1616,34031,18364,15667
08,102,churu,Rural,12,39438,20909,18529,3005,1101,1904,36433,19808,16625
08,102,churu,Rural,13,35781,18382,17399,2869,996,1873,32912,17386,15526
08,102,churu,Rural,14,35308,18661,16647,2894,979,1915,32414,17682,14732
08,102,churu,Rural,15,35827,19493,16334,3303,1248,2055,32524,18245,14279
08,102,churu,Rural,16,33599,18738,14861,3154,1185,1969,30445,17553,12892
08,102,churu,Rural,17,26321,14755,11566,2579,934,1645,23742,13821,9921
08,102,churu,Rural,18,35806,20170,15636,4825,1640,3185,30981,18530,12451
08,102,churu,Rural,19,24694,13387,11307,3351,964,2387,21343,12423,8920
08,102,churu,Rural,20-24,136524,73264,63260,29212,8123,21089,107312,65141,42171
08,102,churu,Rural,25-29,110739,56167,54572,36351,9601,26750,74388,46566,27822
08,102,churu,Rural,30-34,99727,49022,50705,42759,11459,31300,56968,37563,19405
08,102,churu,Rural,35-39,88127,43591,44536,46211,13882,32329,41916,29709,12207
08,102,churu,Rural,40-44,75632,38453,37179,45302,15628,29674,30330,22825,7505
08,102,churu,Rural,45-49,61661,30607,31054,40079,13859,26220,21582,16748,4834
08,102,churu,Rural,50-54,50479,26776,23703,33724,13081,20643,16755,13695,3060
08,102,churu,Rural,55-59,36543,17536,19007,25437,8510,16927,11106,9026,2080
08,102,churu,Rural,60-64,36364,17695,18669,26724,9787,16937,9640,7908,1732
08,102,churu,Rural,65-69,26615,12278,14337,20583,7369,13214,6032,4909,1123
08,102,churu,Rural,70-74,21500,9704,11796,17685,6583,11102,3815,3121,694
08,102,churu,Rural,75-79,11145,4873,6272,9255,3367,5888,1890,1506,384
08,102,churu,Rural,80+,12449,4897,7552,10231,3300,6931,2218,1597,621
08,102,churu,Rural,Age not stated,11111,5658,5453,4798,1781,3017,6313,3877,2436
08,102,churu,Urban,All ages,576235,296418,279817,218465,85945,132520,357770,210473,147297
08,102,churu,Urban,0-6,83530,43985,39545,83530,43985,39545,0,0,0
08,102,churu,Urban,7,12966,6661,6305,3462,1631,1831,9504,5030,4474
08,102,churu,Urban,8,14057,7484,6573,2496,1196,1300,11561,6288,5273
08,102,churu,Urban,9,11489,5963,5526,1554,685,869,9935,5278,4657
08,102,churu,Urban,10,16254,8672,7582,2321,1009,1312,13933,7663,6270
08,102,churu,Urban,11,13196,6922,6274,1437,592,845,11759,6330,5429
08,102,churu,Urban,12,14354,7519,6835,1745,662,1083,12609,6857,5752
08,102,churu,Urban,13,12862,6513,6349,1573,558,1015,11289,5955,5334
08,102,churu,Urban,14,13013,6726,6287,1623,562,1061,11390,6164,5226
08,102,churu,Urban,15,13843,7260,6583,1881,724,1157,11962,6536,5426
08,102,churu,Urban,16,12975,6776,6199,1794,640,1154,11181,6136,5045
08,102,churu,Urban,17,11213,5945,5268,1474,555,919,9739,5390,4349
08,102,churu,Urban,18,15103,8062,7041,2593,934,1659,12510,7128,5382
08,102,churu,Urban,19,10597,5556,5041,1649,510,1139,8948,5046,3902
08,102,churu,Urban,20-24,59445,31300,28145,11971,3765,8206,47474,27535,19939
08,102,churu,Urban,25-29,46337,23900,22437,11344,3170,8174,34993,20730,14263
08,102,churu,Urban,30-34,39310,19421,19889,11762,3094,8668,27548,16327,11221
08,102,churu,Urban,35-39,36082,17898,18184,12328,3372,8956,23754,14526,9228
08,102,churu,Urban,40-44,31293,15902,15391,11748,3443,8305,19545,12459,7086
08,102,churu,Urban,45-49,26893,13618,13275,10833,3158,7675,16060,10460,5600
08,102,churu,Urban,50-54,21757,11647,10110,9042,2942,6100,12715,8705,4010
08,102,churu,Urban,55-59,15503,7947,7556,6750,1931,4819,8753,6016,2737
08,102,churu,Urban,60-64,13568,6702,6866,6851,2086,4765,6717,4616,2101
08,102,churu,Urban,65-69,9736,4604,5132,5242,1520,3722,4494,3084,1410
08,102,churu,Urban,70-74,7674,3526,4148,4591,1349,3242,3083,2177,906
08,102,churu,Urban,75-79,3906,1778,2128,2296,636,1660,1610,1142,468
08,102,churu,Urban,80+,4937,1952,2985,3137,750,2387,1800,1202,598
08,102,churu,Urban,Age not stated,4342,2179,2163,1438,486,952,2904,1693,1211
08,103,jhunjhunun,Total,All ages,2137045,1095896,1041149,766685,280062,486623,1370360,815834,554526
08,103,jhunjhunun,Total,0-6,288470,157062,131408,288470,157062,131408,0,0,0
08,103,jhunjhunun,Total,7,42274,22778,19496,7211,3646,3565,35063,19132,15931
08,103,jhunjhunun,Total,8,49211,26638,22573,3291,1616,1675,45920,25022,20898
08,103,jhunjhunun,Total,9,40157,21768,18389,1892,894,998,38265,20874,17391
08,103,jhunjhunun,Total,10,55251,30239,25012,2928,1349,1579,52323,28890,23433
08,103,jhunjhunun,Total,11,47836,25905,21931,1786,779,1007,46050,25126,20924
08,103,jhunjhunun,Total,12,52572,28172,24400,2073,893,1180,50499,27279,23220
08,103,jhunjhunun,Total,13,48820,25667,23153,1834,691,1143,46986,24976,22010
08,103,jhunjhunun,Total,14,50571,26893,23678,2064,751,1313,48507,26142,22365
08,103,jhunjhunun,Total,15,53942,29153,24789,2566,958,1608,51376,28195,23181
08,103,jhunjhunun,Total,16,52331,28448,23883,2453,929,1524,49878,27519,22359
08,103,jhunjhunun,Total,17,44733,24629,20104,2031,747,1284,42702,23882,18820
08,103,jhunjhunun,Total,18,56923,31452,25471,3794,1355,2439,53129,30097,23032
08,103,jhunjhunun,Total,19,38630,20566,18064,2305,680,1625,36325,19886,16439
08,103,jhunjhunun,Total,20-24,213012,112035,100977,21011,5464,15547,192001,106571,85430
08,103,jhunjhunun,Total,25-29,164047,81439,82608,28010,5681,22329,136037,75758,60279
08,103,jhunjhunun,Total,30-34,142492,68383,74109,37295,6993,30302,105197,61390,43807
08,103,jhunjhunun,Total,35-39,132107,62659,69448,47191,8882,38309,84916,53777,31139
08,103,jhunjhunun,Total,40-44,118456,57419,61037,51101,11070,40031,67355,46349,21006
08,103,jhunjhunun,Total,45-49,101069,48604,52465,49415,10979,38436,51654,37625,14029
08,103,jhunjhunun,Total,50-54,86268,44919,41349,43666,11573,32093,42602,33346,9256
08,103,jhunjhunun,Total,55-59,64694,31256,33438,35950,8581,27369,28744,22675,6069
08,103,jhunjhunun,Total,60-64,60679,29892,30787,37588,10811,26777,23091,19081,4010
08,103,jhunjhunun,Total,65-69,42548,20003,22545,28226,8136,20090,14322,11867,2455
08,103,jhunjhunun,Total,70-74,36086,16407,19679,26692,8464,18228,9394,7943,1451
08,103,jhunjhunun,Total,75-79,17953,7918,10035,13664,4295,9369,4289,3623,666
08,103,jhunjhunun,Total,80+,21898,8597,13301,17668,5351,12317,4230,3246,984
08,103,jhunjhunun,Total,Age not stated,14015,6995,7020,4510,1432,3078,9505,5563,3942
08,103,jhunjhunun,Rural,All ages,1647966,842718,805248,601417,217046,384371,1046549,625672,420877
08,103,jhunjhunun,Rural,0-6,222519,121483,101036,222519,121483,101036,0,0,0
08,103,jhunjhunun,Rural,7,32567,17622,14945,5094,2603,2491,27473,15019,12454
08,103,jhunjhunun,Rural,8,37471,20313,17158,2000,977,1023,35471,19336,16135
08,103,jhunjhunun,Rural,9,31023,16869,14154,1154,577,577,29869,16292,13577
08,103,jhunjhunun,Rural,10,42048,22984,19064,1683,786,897,40365,22198,18167
08,103,jhunjhunun,Rural,11,37207,20104,17103,1006,441,565,36201,19663,16538
08,103,jhunjhunun,Rural,12,40436,21627,18809,1098,481,617,39338,21146,18192
08,103,jhunjhunun,Rural,13,37777,19887,17890,1025,414,611,36752,19473,17279
08,103,jhunjhunun,Rural,14,39030,20768,18262,1149,421,728,37881,20347,17534
08,103,jhunjhunun,Rural,15,41550,22376,19174,1440,553,887,40110,21823,18287
08,103,jhunjhunun,Rural,16,40365,21931,18434,1375,511,864,38990,21420,17570
08,103,jhunjhunun,Rural,17,34532,19091,15441,1187,423,764,33345,18668,14677
08,103,jhunjhunun,Rural,18,43163,23876,19287,2207,767,1440,40956,23109,17847
08,103,jhunjhunun,Rural,19,29426,15701,13725,1439,406,1033,27987,15295,12692
08,103,jhunjhunun,Rural,20-24,161448,84870,76578,14081,3362,10719,147367,81508,65859
08,103,jhunjhunun,Rural,25-29,124696,61442,63254,20687,3762,16925,104009,57680,46329
08,103,jhunjhunun,Rural,30-34,108989,52027,56962,28887,5051,23836,80102,46976,33126
08,103,jhunjhunun,Rural,35-39,101106,47749,53357,37628,6735,30893,63478,41014,22464
08,103,jhunjhunun,Rural,40-44,91286,44027,47259,41512,8775,32737,49774,35252,14522
08,103,jhunjhunun,Rural,45-49,77898,37185,40713,40467,8877,31590,37431,28308,9123
08,103,jhunjhunun,Rural,50-54,67152,34777,32375,36141,9556,26585,31011,25221,5790
08,103,jhunjhunun,Rural,55-59,50205,23988,26217,29675,7159,22516,20530,16829,3701
08,103,jhunjhunun,Rural,60-64,48414,23595,24819,31480,9137,22343,16934,14458,2476
08,103,jhunjhunun,Rural,65-69,34327,16097,18230,23692,6945,16747,10635,9152,1483
08,103,jhunjhunun,Rural,70-74,29308,13259,16049,22462,7261,15201,6846,5998,848
08,103,jhunjhunun,Rural,75-79,14717,6444,8273,11620,3761,7859,3097,2683,414
08,103,jhunjhunun,Rural,80+,18147,7110,11037,15065,4682,10383,3082,2428,654
08,103,jhunjhunun,Rural,Age not stated,11159,5516,5643,3644,1140,2504,7515,4376,3139
08,103,jhunjhunun,Urban,All ages,489079,253178,235901,165268,63016,102252,323811,190162,133649
08,103,jhunjhunun,Urban,0-6,65951,35579,30372,65951,35579,30372,0,0,0
08,103,jhunjhunun,Urban,7,9707,5156,4551,2117,1043,1074,7590,4113,3477
08,103,jhunjhunun,Urban,8,11740,6325,5415,1291,639,652,10449,5686,4763
08,103,jhunjhunun,Urban,9,9134,4899,4235,738,317,421,8396,4582,3814
08,103,jhunjhunun,Urban,10,13203,7255,5948,1245,563,682,11958,6692,5266
08,103,jhunjhunun,Urban,11,10629,5801,4828,780,338,442,9849,5463,4386
08,103,jhunjhunun,Urban,12,12136,6545,5591,975,412,563,11161,6133,5028
08,103,jhunjhunun,Urban,13,11043,5780,5263,809,277,532,10234,5503,4731
08,103,jhunjhunun,Urban,14,11541,6125,5416,915,330,585,10626,5795,4831
08,103,jhunjhunun,Urban,15,12392,6777,5615,1126,405,721,11266,6372,4894
08,103,jhunjhunun,Urban,16,11966,6517,5449,1078,418,660,10888,6099,4789
08,103,jhunjhunun,Urban,17,10201,5538,4663,844,324,520,9357,5214,4143
08,103,jhunjhunun,Urban,18,13760,7576,6184,1587,588,999,12173,6988,5185
08,103,jhunjhunun,Urban,19,9204,4865,4339,866,274,592,8338,4591,3747
08,103,jhunjhunun,Urban,20-24,51564,27165,24399,6930,2102,4828,44634,25063,19571
08,103,jhunjhunun,Urban,25-29,39351,19997,19354,7323,1919,5404,32028,18078,13950
08,103,jhunjhunun,Urban,30-34,33503,16356,17147,8408,1942,6466,25095,14414,10681
08,103,jhunjhunun,Urban,35-39,31001,14910,16091,9563,2147,7416,21438,12763,8675
08,103,jhunjhunun,Urban,40-44,27170,13392,13778,9589,2295,7294,17581,11097,6484
08,103,jhunjhunun,Urban,45-49,23171,11419,11752,8948,2102,6846,14223,9317,4906
08,103,jhunjhunun,Urban,50-54,19116,10142,8974,7525,2017,5508,11591,8125,3466
08,103,jhunjhunun,Urban,55-59,14489,7268,7221,6275,1422,4853,8214,5846,2368
08,103,jhunjhunun,Urban,60-64,12265,6297,5968,6108,1674,4434,6157,4623,1534
08,103,jhunjhunun,Urban,65-69,8221,3906,4315,4534,1191,3343,3687,2715,972
08,103,jhunjhunun,Urban,70-74,6778,3148,3630,4230,1203,3027,2548,1945,603
08,103,jhunjhunun,Urban,75-79,3236,1474,1762,2044,534,1510,1192,940,252
08,103,jhunjhunun,Urban,80+,3751,1487,2264,2603,669,1934,1148,818,330
08,103,jhunjhunun,Urban,Age not stated,2856,1479,1377,866,292,574,1990,1187,803
08,104,alwar,Total,All ages,3674179,1939026,1735153,1491703,579197,912506,2182476,1359829,822647
08,104,alwar,Total,0-6,587959,315270,272689,587959,315270,272689,0,0,0
08,104,alwar,Total,7,79351,42540,36811,18679,9230,9449,60672,33310,27362
08,104,alwar,Total,8,98359,52847,45512,10003,4410,5593,88356,48437,39919
08,104,alwar,Total,9,75822,40822,35000,5633,2273,3360,70189,38549,31640
08,104,alwar,Total,10,106440,57425,49015,8622,3520,5102,97818,53905,43913
08,104,alwar,Total,11,80674,43603,37071,4739,1655,3084,75935,41948,33987
08,104,alwar,Total,12,97197,52224,44973,6254,1879,4375,90943,50345,40598
08,104,alwar,Total,13,83870,44482,39388,5362,1494,3868,78508,42988,35520
08,104,alwar,Total,14,86810,46298,40512,6194,1596,4598,80616,44702,35914
08,104,alwar,Total,15,88517,48250,40267,7511,2095,5416,81006,46155,34851
08,104,alwar,Total,16,86193,46957,39236,7879,1969,5910,78314,44988,33326
08,104,alwar,Total,17,68552,37671,30881,6391,1419,4972,62161,36252,25909
08,104,alwar,Total,18,97131,52513,44618,13192,2803,10389,83939,49710,34229
08,104,alwar,Total,19,62241,32692,29549,8507,1520,6987,53734,31172,22562
08,104,alwar,Total,20-24,354971,189076,165895,66280,12306,53974,288691,176770,111921
08,104,alwar,Total,25-29,292634,154320,138314,74210,14613,59597,218424,139707,78717
08,104,alwar,Total,30-34,253623,129330,124293,81846,16721,65125,171777,112609,59168
08,104,alwar,Total,35-39,229906,118978,110928,88794,20722,68072,141112,98256,42856
08,104,alwar,Total,40-44,194280,101300,92980,88050,24464,63586,106230,76836,29394
08,104,alwar,Total,45-49,158191,82222,75969,80570,24775,55795,77621,57447,20174
08,104,alwar,Total,50-54,125347,67483,57864,67596,23739,43857,57751,43744,14007
08,104,alwar,Total,55-59,94372,47213,47159,54992,17280,37712,39380,29933,9447
08,104,alwar,Total,60-64,91285,46222,45063,59241,21273,37968,32044,24949,7095
08,104,alwar,Total,65-69,64563,30966,33597,44876,15670,29206,19687,15296,4391
08,104,alwar,Total,70-74,53551,27450,26101,40077,16617,23460,13474,10833,2641
08,104,alwar,Total,75-79,26717,12982,13735,20501,8043,12458,6216,4939,1277
08,104,alwar,Total,80+,34302,17079,17223,27281,11624,15657,7021,5455,1566
08,104,alwar,Total,Age not stated,1321,811,510,464,217,247,857,594,263
08,104,alwar,Rural,All ages,3019728,1589508,1430220,1311730,505778,805952,1707998,1083730,624268
08,104,alwar,Rural,0-6,502526,269105,233421,502526,269105,233421,0,0,0
08,104,alwar,Rural,7,67035,35775,31260,16187,7889,8298,50848,27886,22962
08,104,alwar,Rural,8,83922,44811,39111,8613,3727,4886,75309,41084,34225
08,104,alwar,Rural,9,64280,34363,29917,4874,1898,2976,59406,32465,26941
08,104,alwar,Rural,10,90774,48672,42102,7520,2946,4574,83254,45726,37528
08,104,alwar,Rural,11,68155,36709,31446,4159,1387,2772,63996,35322,28674
08,104,alwar,Rural,12,82453,44205,38248,5463,1516,3947,76990,42689,34301
08,104,alwar,Rural,13,70842,37420,33422,4735,1219,3516,66107,36201,29906
08,104,alwar,Rural,14,73182,38863,34319,5510,1297,4213,67672,37566,30106
08,104,alwar,Rural,15,74411,40442,33969,6662,1694,4968,67749,38748,29001
08,104,alwar,Rural,16,72525,39422,33103,7103,1659,5444,65422,37763,27659
08,104,alwar,Rural,17,56367,30842,25525,5733,1159,4574,50634,29683,20951
08,104,alwar,Rural,18,80781,43531,37250,11815,2260,9555,68966,41271,27695
08,104,alwar,Rural,19,50443,26305,24138,7620,1222,6398,42823,25083,17740
08,104,alwar,Rural,20-24,286857,152937,133920,59407,10235,49172,227450,142702,84748
08,104,alwar,Rural,25-29,232887,122635,110252,66329,12375,53954,166558,110260,56298
08,104,alwar,Rural,30-34,202332,102737,99595,73196,14578,58618,129136,88159,40977
08,104,alwar,Rural,35-39,181869,93943,87926,79152,18365,60787,102717,75578,27139
08,104,alwar,Rural,40-44,152966,79306,73660,78668,22074,56594,74298,57232,17066
08,104,alwar,Rural,45-49,124301,64105,60196,72209,22594,49615,52092,41511,10581
08,104,alwar,Rural,50-54,98885,53144,45741,60711,21881,38830,38174,31263,6911
08,104,alwar,Rural,55-59,74921,37038,37883,49490,16022,33468,25431,21016,4415
08,104,alwar,Rural,60-64,75124,37889,37235,53570,19769,33801,21554,18120,3434
08,104,alwar,Rural,65-69,53797,25635,28162,40655,14698,25957,13142,10937,2205
08,104,alwar,Rural,70-74,45373,23363,22010,36370,15605,20765,9003,7758,1245
08,104,alwar,Rural,75-79,22432,10910,11522,18527,7541,10986,3905,3369,536
08,104,alwar,Rural,80+,29309,14785,14524,24577,10897,13680,4732,3888,844
08,104,alwar,Rural,Age not stated,979,616,363,349,166,183,630,450,180
08,104,alwar,Urban,All ages,654451,349518,304933,179973,73419,106554,474478,276099,198379
08,104,alwar,Urban,0-6,85433,46165,39268,85433,46165,39268,0,0,0
08,104,alwar,Urban,7,12316,6765,5551,2492,1341,1151,9824,5424,4400
08,104,alwar,Urban,8,14437,8036,6401,1390,683,707,13047,7353,5694
08,104,alwar,Urban,9,11542,6459,5083,759,375,384,10783,6084,4699
08,104,alwar,Urban,10,15666,8753,6913,1102,574,528,14564,8179,6385
08,104,alwar,Urban,11,12519,6894,5625,580,268,312,11939,6626,5313
08,104,alwar,Urban,12,14744,8019,6725,791,363,428,13953,7656,6297
08,104,alwar,Urban,13,13028,7062,5966,627,275,352,12401,6787,5614
08,104,alwar,Urban,14,13628,7435,6193,684,299,385,12944,7136,5808
08,104,alwar,Urban,15,14106,7808,6298,849,401,448,13257,7407,5850
08,104,alwar,Urban,16,13668,7535,6133,776,310,466,12892,7225,5667
08,104,alwar,Urban,17,12185,6829,5356,658,260,398,11527,6569,4958
08,104,alwar,Urban,18,16350,8982,7368,1377,543,834,14973,8439,6534
08,104,alwar,Urban,19,11798,6387,5411,887,298,589,10911,6089,4822
08,104,alwar,Urban,20-24,68114,36139,31975,6873,2071,4802,61241,34068,27173
08,104,alwar,Urban,25-29,59747,31685,28062,7881,2238,5643,51866,29447,22419
08,104,alwar,Urban,30-34,51291,26593,24698,8650,2143,6507,42641,24450,18191
08,104,alwar,Urban,35-39,48037,25035,23002,9642,2357,7285,38395,22678,15717
08,104,alwar,Urban,40-44,41314,21994,19320,9382,2390,6992,31932,19604,12328
08,104,alwar,Urban,45-49,33890,18117,15773,8361,2181,6180,25529,15936,9593
08,104,alwar,Urban,50-54,26462,14339,12123,6885,1858,5027,19577,12481,7096
08,104,alwar,Urban,55-59,19451,10175,9276,5502,1258,4244,13949,8917,5032
08,104,alwar,Urban,60-64,16161,8333,7828,5671,1504,4167,10490,6829,3661
08,104,alwar,Urban,65-69,10766,5331,5435,4221,972,3249,6545,4359,2186
08,104,alwar,Urban,70-74,8178,4087,4091,3707,1012,2695,4471,3075,1396
08,104,alwar,Urban,75-79,4285,2072,2213,1974,502,1472,2311,1570,741
08,104,alwar,Urban,80+,4993,2294,2699,2704,727,1977,2289,1567,722
08,104,alwar,Urban,Age not stated,342,195,147,115,51,64,227,144,83
08,105,bharatpur,Total,All ages,2548462,1355726,1192736,1067593,411816,655777,1480869,943910,536959
08,105,bharatpur,Total,0-6,436165,233323,202842,436165,233323,202842,0,0,0
08,105,bharatpur,Total,7,57345,30544,26801,17314,8474,8840,40031,22070,17961
08,105,bharatpur,Total,8,73147,39133,34014,10892,4789,6103,62255,34344,27911
08,105,bharatpur,Total,9,53007,28310,24697,5305,2139,3166,47702,26171,21531
08,105,bharatpur,Total,10,79019,42498,36521,8032,3221,4811,70987,39277,31710
08,105,bharatpur,Total,11,57102,30732,26370,4266,1533,2733,52836,29199,23637
08,105,bharatpur,Total,12,72873,39767,33106,5825,1927,3898,67048,37840,29208
08,105,bharatpur,Total,13,56512,30371,26141,4434,1351,3083,52078,29020,23058
08,105,bharatpur,Total,14,64016,34845,29171,5491,1613,3878,58525,33232,25293
08,105,bharatpur,Total,15,62327,34827,27500,6162,1950,4212,56165,32877,23288
08,105,bharatpur,Total,16,61401,34119,27282,6308,1893,4415,55093,32226,22867
08,105,bharatpur,Total,17,47077,26287,20790,4915,1339,3576,42162,24948,17214
08,105,bharatpur,Total,18,69848,38314,31534,10495,2523,7972,59353,35791,23562
08,105,bharatpur,Total,19,43346,23255,20091,6597,1279,5318,36749,21976,14773
08,105,bharatpur,Total,20-24,239516,130353,109163,50425,9797,40628,189091,120556,68535
08,105,bharatpur,Total,25-29,186814,99660,87154,52722,10418,42304,134092,89242,44850
08,105,bharatpur,Total,30-34,162300,83223,79077,56846,11300,45546,105454,71923,33531
08,105,bharatpur,Total,35-39,150786,78235,72551,60539,13401,47138,90247,64834,25413
08,105,bharatpur,Total,40-44,128273,67685,60588,56895,14800,42095,71378,52885,18493
08,105,bharatpur,Total,45-49,105003,54581,50422,51058,14051,37007,53945,40530,13415
08,105,bharatpur,Total,50-54,84531,45531,39000,43402,13851,29551,41129,31680,9449
08,105,bharatpur,Total,55-59,65482,33065,32417,35995,10271,25724,29487,22794,6693
08,105,bharatpur,Total,60-64,62071,31373,30698,38763,12818,25945,23308,18555,4753
08,105,bharatpur,Total,65-69,44262,21594,22668,29738,10170,19568,14524,11424,3100
08,105,bharatpur,Total,70-74,35179,18053,17126,25346,10131,15215,9833,7922,1911
08,105,bharatpur,Total,75-79,16864,8289,8575,12573,4788,7785,4291,3501,790
08,105,bharatpur,Total,80+,20738,10645,10093,15607,6617,8990,5131,4028,1103
08,105,bharatpur,Total,Age not stated,13458,7114,6344,5483,2049,3434,7975,5065,2910
08,105,bharatpur,Rural,All ages,2053363,1093357,960006,909959,348313,561646,1143404,745044,398360
08,105,bharatpur,Rural,0-6,368292,196675,171617,368292,196675,171617,0,0,0
08,105,bharatpur,Rural,7,47729,25309,22420,14810,7155,7655,32919,18154,14765
08,105,bharatpur,Rural,8,61345,32604,28741,9331,4022,5309,52014,28582,23432
08,105,bharatpur,Rural,9,43817,23219,20598,4443,1726,2717,39374,21493,17881
08,105,bharatpur,Rural,10,65844,35245,30599,6736,2595,4141,59108,32650,26458
08,105,bharatpur,Rural,11,47019,25273,21746,3486,1180,2306,43533,24093,19440
08,105,bharatpur,Rural,12,60323,32885,27438,4791,1470,3321,55532,31415,24117
08,105,bharatpur,Rural,13,45998,24772,21226,3633,1018,2615,42365,23754,18611
08,105,bharatpur,Rural,14,52063,28419,23644,4532,1214,3318,47531,27205,20326
08,105,bharatpur,Rural,15,50107,28114,21993,4975,1435,3540,45132,26679,18453
08,105,bharatpur,Rural,16,49462,27647,21815,5168,1398,3770,44294,26249,18045
08,105,bharatpur,Rural,17,37001,20744,16257,4014,949,3065,32987,19795,13192
08,105,bharatpur,Rural,18,56091,30939,25152,8797,1873,6924,47294,29066,18228
08,105,bharatpur,Rural,19,34013,18239,15774,5566,924,4642,28447,17315,11132
08,105,bharatpur,Rural,20-24,189364,103699,85665,43081,7466,35615,146283,96233,50050
08,105,bharatpur,Rural,25-29,146901,78531,68370,45300,8331,36969,101601,70200,31401
08,105,bharatpur,Rural,30-34,127758,65548,62210,48937,9342,39595,78821,56206,22615
08,105,bharatpur,Rural,35-39,118422,61555,56867,52057,11348,40709,66365,50207,16158
08,105,bharatpur,Rural,40-44,99800,52897,46903,48798,12739,36059,51002,40158,10844
08,105,bharatpur,Rural,45-49,80468,41887,38581,43554,12156,31398,36914,29731,7183
08,105,bharatpur,Rural,50-54,64781,34888,29893,37341,12133,25208,27440,22755,4685
08,105,bharatpur,Rural,55-59,50561,25297,25264,31158,9119,22039,19403,16178,3225
08,105,bharatpur,Rural,60-64,49661,25020,24641,33934,11566,22368,15727,13454,2273
08,105,bharatpur,Rural,65-69,35575,17367,18208,25913,9167,16746,9662,8200,1462
08,105,bharatpur,Rural,70-74,28426,14732,13694,22001,9180,12821,6425,5552,873
08,105,bharatpur,Rural,75-79,13563,6640,6923,10876,4295,6581,2687,2345,342
08,105,bharatpur,Rural,80+,16776,8778,7998,13341,5932,7409,3435,2846,589
08,105,bharatpur,Rural,Age not stated,12203,6434,5769,5094,1905,3189,7109,4529,2580
08,105,bharatpur,Urban,All ages,495099,262369,232730,157634,63503,94131,337465,198866,138599
08,105,bharatpur,Urban,0-6,67873,36648,31225,67873,36648,31225,0,0,0
08,105,bharatpur,Urban,7,9616,5235,4381,2504,1319,1185,7112,3916,3196
08,105,bharatpur,Urban,8,11802,6529,5273,1561,767,794,10241,5762,4479
08,105,bharatpur,Urban,9,9190,5091,4099,862,413,449,8328,4678,3650
08,105,bharatpur,Urban,10,13175,7253,5922,1296,626,670,11879,6627,5252
08,105,bharatpur,Urban,11,10083,5459,4624,780,353,427,9303,5106,4197
08,105,bharatpur,Urban,12,12550,6882,5668,1034,457,577,11516,6425,5091
08,105,bharatpur,Urban,13,10514,5599,4915,801,333,468,9713,5266,4447
08,105,bharatpur,Urban,14,11953,6426,5527,959,399,560,10994,6027,4967
08,105,bharatpur,Urban,15,12220,6713,5507,1187,515,672,11033,6198,4835
08,105,bharatpur,Urban,16,11939,6472,5467,1140,495,645,10799,5977,4822
08,105,bharatpur,Urban,17,10076,5543,4533,901,390,511,9175,5153,4022
08,105,bharatpur,Urban,18,13757,7375,6382,1698,650,1048,12059,6725,5334
08,105,bharatpur,Urban,19,9333,5016,4317,1031,355,676,8302,4661,3641
08,105,bharatpur,Urban,20-24,50152,26654,23498,7344,2331,5013,42808,24323,18485
08,105,bharatpur,Urban,25-29,39913,21129,18784,7422,2087,5335,32491,19042,13449
08,105,bharatpur,Urban,30-34,34542,17675,16867,7909,1958,5951,26633,15717,10916
08,105,bharatpur,Urban,35-39,32364,16680,15684,8482,2053,6429,23882,14627,9255
08,105,bharatpur,Urban,40-44,28473,14788,13685,8097,2061,6036,20376,12727,7649
08,105,bharatpur,Urban,45-49,24535,12694,11841,7504,1895,5609,17031,10799,6232
08,105,bharatpur,Urban,50-54,19750,10643,9107,6061,1718,4343,13689,8925,4764
08,105,bharatpur,Urban,55-59,14921,7768,7153,4837,1152,3685,10084,6616,3468
08,105,bharatpur,Urban,60-64,12410,6353,6057,4829,1252,3577,7581,5101,2480
08,105,bharatpur,Urban,65-69,8687,4227,4460,3825,1003,2822,4862,3224,1638
08,105,bharatpur,Urban,70-74,6753,3321,3432,3345,951,2394,3408,2370,1038
08,105,bharatpur,Urban,75-79,3301,1649,1652,1697,493,1204,1604,1156,448
08,105,bharatpur,Urban,80+,3962,1867,2095,2266,685,1581,1696,1182,514
08,105,bharatpur,Urban,Age not stated,1255,680,575,389,144,245,866,536,330
08,106,dhaulpur,Total,All ages,1206516,653647,552869,523418,217926,305492,683098,435721,247377
08,106,dhaulpur,Total,0-6,217613,117198,100415,217613,117198,100415,0,0,0
08,106,dhaulpur,Total,7,28242,15311,12931,9713,4984,4729,18529,10327,8202
08,106,dhaulpur,Total,8,39028,21301,17727,6001,2876,3125,33027,18425,14602
08,106,dhaulpur,Total,9,26115,14189,11926,2442,1108,1334,23673,13081,10592
08,106,dhaulpur,Total,10,42298,23270,19028,3790,1733,2057,38508,21537,16971
08,106,dhaulpur,Total,11,26494,14591,11903,1607,695,912,24887,13896,10991
08,106,dhaulpur,Total,12,40758,22722,18036,2960,1240,1720,37798,21482,16316
08,106,dhaulpur,Total,13,26012,14187,11825,1626,602,1024,24386,13585,10801
08,106,dhaulpur,Total,14,33518,18541,14977,2556,1004,1552,30962,17537,13425
08,106,dhaulpur,Total,15,30901,17668,13233,2924,1190,1734,27977,16478,11499
08,106,dhaulpur,Total,16,31480,17967,13513,3180,1264,1916,28300,16703,11597
08,106,dhaulpur,Total,17,22187,12863,9324,2237,859,1378,19950,12004,7946
08,106,dhaulpur,Total,18,36014,20885,15129,5235,1813,3422,30779,19072,11707
08,106,dhaulpur,Total,19,18543,10262,8281,2813,697,2116,15730,9565,6165
08,106,dhaulpur,Total,20-24,109563,61297,48266,24689,6060,18629,84874,55237,29637
08,106,dhaulpur,Total,25-29,86885,46849,40036,27887,6784,21103,58998,40065,18933
08,106,dhaulpur,Total,30-34,76360,39529,36831,30249,7590,22659,46111,31939,14172
08,106,dhaulpur,Total,35-39,68878,36502,32376,30929,8919,22010,37949,27583,10366
08,106,dhaulpur,Total,40-44,57250,30783,26467,27988,8987,19001,29262,21796,7466
08,106,dhaulpur,Total,45-49,45928,24050,21878,24408,7938,16470,21520,16112,5408
08,106,dhaulpur,Total,50-54,37156,20255,16901,20968,7700,13268,16188,12555,3633
08,106,dhaulpur,Total,55-59,28198,14317,13881,16970,5582,11388,11228,8735,2493
08,106,dhaulpur,Total,60-64,26532,13632,12900,17618,6512,11106,8914,7120,1794
08,106,dhaulpur,Total,65-69,19041,9234,9807,13466,4804,8662,5575,4430,1145
08,106,dhaulpur,Total,70-74,15398,8072,7326,11585,4874,6711,3813,3198,615
08,106,dhaulpur,Total,75-79,6589,3271,3318,5012,1985,3027,1577,1286,291
08,106,dhaulpur,Total,80+,8451,4272,4179,6521,2725,3796,1930,1547,383
08,106,dhaulpur,Total,Age not stated,1084,629,455,431,203,228,653,426,227
08,106,dhaulpur,Rural,All ages,959066,520930,438136,428360,176323,252037,530706,344607,186099
08,106,dhaulpur,Rural,0-6,179725,96615,83110,179725,96615,83110,0,0,0
08,106,dhaulpur,Rural,7,22939,12427,10512,7901,4062,3839,15038,8365,6673
08,106,dhaulpur,Rural,8,31725,17304,14421,4482,2117,2365,27243,15187,12056
08,106,dhaulpur,Rural,9,21295,11546,9749,1748,774,974,19547,10772,8775
08,106,dhaulpur,Rural,10,34163,18752,15411,2574,1122,1452,31589,17630,13959
08,106,dhaulpur,Rural,11,21706,11992,9714,1094,461,633,20612,11531,9081
08,106,dhaulpur,Rural,12,32750,18212,14538,1852,700,1152,30898,17512,13386
08,106,dhaulpur,Rural,13,20929,11433,9496,1042,322,720,19887,11111,8776
08,106,dhaulpur,Rural,14,26878,14903,11975,1676,607,1069,25202,14296,10906
08,106,dhaulpur,Rural,15,24368,13975,10393,1909,678,1231,22459,13297,9162
08,106,dhaulpur,Rural,16,24746,14204,10542,2151,736,1415,22595,13468,9127
08,106,dhaulpur,Rural,17,17296,10118,7178,1598,549,1049,15698,9569,6129
08,106,dhaulpur,Rural,18,28182,16484,11698,3810,1129,2681,24372,15355,9017
08,106,dhaulpur,Rural,19,14445,8035,6410,2165,420,1745,12280,7615,4665
08,106,dhaulpur,Rural,20-24,85208,48190,37018,19555,4135,15420,65653,44055,21598
08,106,dhaulpur,Rural,25-29,67769,36739,31030,22785,5087,17698,44984,31652,13332
08,106,dhaulpur,Rural,30-34,59914,31179,28735,25081,6002,19079,34833,25177,9656
08,106,dhaulpur,Rural,35-39,53286,28449,24837,25411,7152,18259,27875,21297,6578
08,106,dhaulpur,Rural,40-44,44068,23803,20265,23059,7302,15757,21009,16501,4508
08,106,dhaulpur,Rural,45-49,34900,18311,16589,20101,6558,13543,14799,11753,3046
08,106,dhaulpur,Rural,50-54,28660,15568,13092,17607,6452,11155,11053,9116,1937
08,106,dhaulpur,Rural,55-59,22057,11098,10959,14497,4849,9648,7560,6249,1311
08,106,dhaulpur,Rural,60-64,21244,10929,10315,15017,5656,9361,6227,5273,954
08,106,dhaulpur,Rural,65-69,15310,7431,7879,11447,4197,7250,3863,3234,629
08,106,dhaulpur,Rural,70-74,12462,6553,5909,9880,4283,5597,2582,2270,312
08,106,dhaulpur,Rural,75-79,5346,2635,2711,4360,1781,2579,986,854,132
08,106,dhaulpur,Rural,80+,6785,3530,3255,5464,2408,3056,1321,1122,199
08,106,dhaulpur,Rural,Age not stated,910,515,395,369,169,200,541,346,195
08,106,dhaulpur,Urban,All ages,247450,132717,114733,95058,41603,53455,152392,91114,61278
08,106,dhaulpur,Urban,0-6,37888,20583,17305,37888,20583,17305,0,0,0
08,106,dhaulpur,Urban,7,5303,2884,2419,1812,922,890,3491,1962,1529
08,106,dhaulpur,Urban,8,7303,3997,3306,1519,759,760,5784,3238,2546
08,106,dhaulpur,Urban,9,4820,2643,2177,694,334,360,4126,2309,1817
08,106,dhaulpur,Urban,10,8135,4518,3617,1216,611,605,6919,3907,3012
08,106,dhaulpur,Urban,11,4788,2599,2189,513,234,279,4275,2365,1910
08,106,dhaulpur,Urban,12,8008,4510,3498,1108,540,568,6900,3970,2930
08,106,dhaulpur,Urban,13,5083,2754,2329,584,280,304,4499,2474,2025
08,106,dhaulpur,Urban,14,6640,3638,3002,880,397,483,5760,3241,2519
08,106,dhaulpur,Urban,15,6533,3693,2840,1015,512,503,5518,3181,2337
08,106,dhaulpur,Urban,16,6734,3763,2971,1029,528,501,5705,3235,2470
08,106,dhaulpur,Urban,17,4891,2745,2146,639,310,329,4252,2435,1817
08,106,dhaulpur,Urban,18,7832,4401,3431,1425,684,741,6407,3717,2690
08,106,dhaulpur,Urban,19,4098,2227,1871,648,277,371,3450,1950,1500
08,106,dhaulpur,Urban,20-24,24355,13107,11248,5134,1925,3209,19221,11182,8039
08,106,dhaulpur,Urban,25-29,19116,10110,9006,5102,1697,3405,14014,8413,5601
08,106,dhaulpur,Urban,30-34,16446,8350,8096,5168,1588,3580,11278,6762,4516
08,106,dhaulpur,Urban,35-39,15592,8053,7539,5518,1767,3751,10074,6286,3788
08,106,dhaulpur,Urban,40-44,13182,6980,6202,4929,1685,3244,8253,5295,2958
08,106,dhaulpur,Urban,45-49,11028,5739,5289,4307,1380,2927,6721,4359,2362
08,106,dhaulpur,Urban,50-54,8496,4687,3809,3361,1248,2113,5135,3439,1696
08,106,dhaulpur,Urban,55-59,6141,3219,2922,2473,733,1740,3668,2486,1182
08,106,dhaulpur,Urban,60-64,5288,2703,2585,2601,856,1745,2687,1847,840
08,106,dhaulpur,Urban,65-69,3731,1803,1928,2019,607,1412,1712,1196,516
08,106,dhaulpur,Urban,70-74,2936,1519,1417,1705,591,1114,1231,928,303
08,106,dhaulpur,Urban,75-79,1243,636,607,652,204,448,591,432,159
08,106,dhaulpur,Urban,80+,1666,742,924,1057,317,740,609,425,184
08,106,dhaulpur,Urban,Age not stated,174,114,60,62,34,28,112,80,32
08,107,karauli,Total,All ages,1458248,783639,674609,652399,251735,400664,805849,531904,273945
08,107,karauli,Total,0-6,241357,130294,111063,241357,130294,111063,0,0,0
08,107,karauli,Total,7,32807,17887,14920,9410,4615,4795,23397,13272,10125
08,107,karauli,Total,8,41854,22613,19241,5684,2402,3282,36170,20211,15959
08,107,karauli,Total,9,30849,16578,14271,2766,1113,1653,28083,15465,12618
08,107,karauli,Total,10,47087,25476,21611,4359,1665,2694,42728,23811,18917
08,107,karauli,Total,11,33009,18145,14864,2312,778,1534,30697,17367,13330
08,107,karauli,Total,12,42844,23420,19424,3443,1089,2354,39401,22331,17070
08,107,karauli,Total,13,33579,18366,15213,2559,729,1830,31020,17637,13383
08,107,karauli,Total,14,35949,19627,16322,3164,897,2267,32785,18730,14055
08,107,karauli,Total,15,36826,20827,15999,3820,1147,2673,33006,19680,13326
08,107,karauli,Total,16,35190,20035,15155,3918,1091,2827,31272,18944,12328
08,107,karauli,Total,17,26391,15380,11011,2956,742,2214,23435,14638,8797
08,107,karauli,Total,18,40360,23005,17355,6752,1617,5135,33608,21388,12220
08,107,karauli,Total,19,23564,13081,10483,4137,752,3385,19427,12329,7098
08,107,karauli,Total,20-24,136903,76349,60554,33636,6415,27221,103267,69934,33333
08,107,karauli,Total,25-29,108604,58998,49606,36269,7335,28934,72335,51663,20672
08,107,karauli,Total,30-34,92964,47846,45118,38348,7985,30363,54616,39861,14755
08,107,karauli,Total,35-39,86546,44959,41587,39780,9226,30554,46766,35733,11033
08,107,karauli,Total,40-44,72286,38131,34155,36829,10250,26579,35457,27881,7576
08,107,karauli,Total,45-49,58892,30693,28199,33716,10586,23130,25176,20107,5069
08,107,karauli,Total,50-54,46777,25344,21433,28469,10511,17958,18308,14833,3475
08,107,karauli,Total,55-59,36115,18068,18047,23529,7812,15717,12586,10256,2330
08,107,karauli,Total,60-64,36797,18493,18304,26184,9791,16393,10613,8702,1911
08,107,karauli,Total,65-69,28565,13533,15032,21058,7379,13679,7507,6154,1353
08,107,karauli,Total,70-74,22535,11583,10952,17668,7421,10247,4867,4162,705
08,107,karauli,Total,75-79,9698,4786,4912,7655,3063,4592,2043,1723,320
08,107,karauli,Total,80+,11555,5754,5801,8984,3738,5246,2571,2016,555
08,107,karauli,Total,Age not stated,8345,4368,3977,3637,1292,2345,4708,3076,1632
08,107,karauli,Rural,All ages,1240143,668185,571958,568720,218373,350347,671423,449812,221611
08,107,karauli,Rural,0-6,207976,112407,95569,207976,112407,95569,0,0,0
08,107,karauli,Rural,7,28051,15298,12753,7899,3858,4041,20152,11440,8712
08,107,karauli,Rural,8,35818,19327,16491,4578,1900,2678,31240,17427,13813
08,107,karauli,Rural,9,26545,14239,12306,2201,855,1346,24344,13384,10960
08,107,karauli,Rural,10,40542,21953,18589,3453,1255,2198,37089,20698,16391
08,107,karauli,Rural,11,28419,15605,12814,1792,562,1230,26627,15043,11584
08,107,karauli,Rural,12,36638,20055,16583,2575,724,1851,34063,19331,14732
08,107,karauli,Rural,13,28798,15798,13000,2027,534,1493,26771,15264,11507
08,107,karauli,Rural,14,30619,16730,13889,2406,598,1808,28213,16132,12081
08,107,karauli,Rural,15,31215,17796,13419,3012,831,2181,28203,16965,11238
08,107,karauli,Rural,16,29991,17200,12791,3068,756,2312,26923,16444,10479
08,107,karauli,Rural,17,22226,13071,9155,2403,548,1855,19823,12523,7300
08,107,karauli,Rural,18,34250,19690,14560,5613,1176,4437,28637,18514,10123
08,107,karauli,Rural,19,19872,11095,8777,3501,557,2944,16371,10538,5833
08,107,karauli,Rural,20-24,115339,64809,50530,28908,4917,23991,86431,59892,26539
08,107,karauli,Rural,25-29,91303,49810,41493,31866,6054,25812,59437,43756,15681
08,107,karauli,Rural,30-34,78265,40386,37879,33843,6846,26997,44422,33540,10882
08,107,karauli,Rural,35-39,72664,37746,34918,35275,8062,27213,37389,29684,7705
08,107,karauli,Rural,40-44,60657,32063,28594,32806,9194,23612,27851,22869,4982
08,107,karauli,Rural,45-49,49264,25613,23651,30189,9602,20587,19075,16011,3064
08,107,karauli,Rural,50-54,39235,21324,17911,25551,9658,15893,13684,11666,2018
08,107,karauli,Rural,55-59,30472,15152,15320,21137,7193,13944,9335,7959,1376
08,107,karauli,Rural,60-64,31753,16000,15753,23573,9046,14527,8180,6954,1226
08,107,karauli,Rural,65-69,24755,11743,13012,19028,6869,12159,5727,4874,853
08,107,karauli,Rural,70-74,19657,10207,9450,15921,6915,9006,3736,3292,444
08,107,karauli,Rural,75-79,8203,4052,4151,6771,2815,3956,1432,1237,195
08,107,karauli,Rural,80+,9853,4959,4894,7898,3412,4486,1955,1547,408
08,107,karauli,Rural,Age not stated,7763,4057,3706,3450,1229,2221,4313,2828,1485
08,107,karauli,Urban,All ages,218105,115454,102651,83679,33362,50317,134426,82092,52334
08,107,karauli,Urban,0-6,33381,17887,15494,33381,17887,15494,0,0,0
08,107,karauli,Urban,7,4756,2589,2167,1511,757,754,3245,1832,1413
08,107,karauli,Urban,8,6036,3286,2750,1106,502,604,4930,2784,2146
08,107,karauli,Urban,9,4304,2339,1965,565,258,307,3739,2081,1658
08,107,karauli,Urban,10,6545,3523,3022,906,410,496,5639,3113,2526
08,107,karauli,Urban,11,4590,2540,2050,520,216,304,4070,2324,1746
08,107,karauli,Urban,12,6206,3365,2841,868,365,503,5338,3000,2338
08,107,karauli,Urban,13,4781,2568,2213,532,195,337,4249,2373,1876
08,107,karauli,Urban,14,5330,2897,2433,758,299,459,4572,2598,1974
08,107,karauli,Urban,15,5611,3031,2580,808,316,492,4803,2715,2088
08,107,karauli,Urban,16,5199,2835,2364,850,335,515,4349,2500,1849
08,107,karauli,Urban,17,4165,2309,1856,553,194,359,3612,2115,1497
08,107,karauli,Urban,18,6110,3315,2795,1139,441,698,4971,2874,2097
08,107,karauli,Urban,19,3692,1986,1706,636,195,441,3056,1791,1265
08,107,karauli,Urban,20-24,21564,11540,10024,4728,1498,3230,16836,10042,6794
08,107,karauli,Urban,25-29,17301,9188,8113,4403,1281,3122,12898,7907,4991
08,107,karauli,Urban,30-34,14699,7460,7239,4505,1139,3366,10194,6321,3873
08,107,karauli,Urban,35-39,13882,7213,6669,4505,1164,3341,9377,6049,3328
08,107,karauli,Urban,40-44,11629,6068,5561,4023,1056,2967,7606,5012,2594
08,107,karauli,Urban,45-49,9628,5080,4548,3527,984,2543,6101,4096,2005
08,107,karauli,Urban,50-54,7542,4020,3522,2918,853,2065,4624,3167,1457
08,107,karauli,Urban,55-59,5643,2916,2727,2392,619,1773,3251,2297,954
08,107,karauli,Urban,60-64,5044,2493,2551,2611,745,1866,2433,1748,685
08,107,karauli,Urban,65-69,3810,1790,2020,2030,510,1520,1780,1280,500
08,107,karauli,Urban,70-74,2878,1376,1502,1747,506,1241,1131,870,261
08,107,karauli,Urban,75-79,1495,734,761,884,248,636,611,486,125
08,107,karauli,Urban,80+,1702,795,907,1086,326,760,616,469,147
08,107,karauli,Urban,Age not stated,582,311,271,187,63,124,395,248,147
08,108,sawai madhopur,Total,All ages,1335551,704031,631520,593803,217847,375956,741748,486184,255564
08,108,sawai madhopur,Total,0-6,201188,107557,93631,201188,107557,93631,0,0,0
08,108,sawai madhopur,Total,7,29511,15635,13876,7718,3580,4138,21793,12055,9738
08,108,sawai madhopur,Total,8,35788,18917,16871,5136,2049,3087,30652,16868,13784
08,108,sawai madhopur,Total,9,27602,14832,12770,2614,982,1632,24988,13850,11138
08,108,sawai madhopur,Total,10,40231,21343,18888,4282,1448,2834,35949,19895,16054
08,108,sawai madhopur,Total,11,28858,15627,13231,2223,640,1583,26635,14987,11648
08,108,sawai madhopur,Total,12,36869,19427,17442,3307,778,2529,33562,18649,14913
08,108,sawai madhopur,Total,13,30718,16174,14544,2712,539,2173,28006,15635,12371
08,108,sawai madhopur,Total,14,30681,16458,14223,3012,598,2414,27669,15860,11809
08,108,sawai madhopur,Total,15,33240,18051,15189,4014,902,3112,29226,17149,12077
08,108,sawai madhopur,Total,16,31619,16872,14747,4128,827,3301,27491,16045,11446
08,108,sawai madhopur,Total,17,23622,12939,10683,3165,563,2602,20457,12376,8081
08,108,sawai madhopur,Total,18,37164,20012,17152,7099,1236,5863,30065,18776,11289
08,108,sawai madhopur,Total,19,21497,11393,10104,4126,568,3558,17371,10825,6546
08,108,sawai madhopur,Total,20-24,128967,69830,59137,33910,5615,28295,95057,64215,30842
08,108,sawai madhopur,Total,25-29,104142,55724,48418,35314,6790,28524,68828,48934,19894
08,108,sawai madhopur,Total,30-34,90989,46187,44802,37586,7773,29813,53403,38414,14989
08,108,sawai madhopur,Total,35-39,84185,43695,40490,38252,9402,28850,45933,34293,11640
08,108,sawai madhopur,Total,40-44,73339,38394,34945,37026,10592,26434,36313,27802,8511
08,108,sawai madhopur,Total,45-49,60724,31883,28841,33644,10842,22802,27080,21041,6039
08,108,sawai madhopur,Total,50-54,47449,25793,21656,27929,10295,17634,19520,15498,4022
08,108,sawai madhopur,Total,55-59,36658,18321,18337,23052,7535,15517,13606,10786,2820
08,108,sawai madhopur,Total,60-64,34828,17843,16985,23872,9044,14828,10956,8799,2157
08,108,sawai madhopur,Total,65-69,24296,10950,13346,17577,5699,11878,6719,5251,1468
08,108,sawai madhopur,Total,70-74,21494,10738,10756,16445,6668,9777,5049,4070,979
08,108,sawai madhopur,Total,75-79,8660,4117,4543,6537,2405,4132,2123,1712,411
08,108,sawai madhopur,Total,80+,9849,4576,5273,7385,2723,4662,2464,1853,611
08,108,sawai madhopur,Total,Age not stated,1383,743,640,550,197,353,833,546,287
08,108,sawai madhopur,Rural,All ages,1069084,564592,504492,509452,186339,323113,559632,378253,181379
08,108,sawai madhopur,Rural,0-6,165328,88362,76966,165328,88362,76966,0,0,0
08,108,sawai madhopur,Rural,7,24035,12782,11253,6518,3011,3507,17517,9771,7746
08,108,sawai madhopur,Rural,8,29460,15541,13919,4262,1641,2621,25198,13900,11298
08,108,sawai madhopur,Rural,9,22626,12161,10465,2178,785,1393,20448,11376,9072
08,108,sawai madhopur,Rural,10,33053,17491,15562,3615,1151,2464,29438,16340,13098
08,108,sawai madhopur,Rural,11,23452,12687,10765,1842,484,1358,21610,12203,9407
08,108,sawai madhopur,Rural,12,30253,15992,14261,2803,571,2232,27450,15421,12029
08,108,sawai madhopur,Rural,13,24998,13207,11791,2318,392,1926,22680,12815,9865
08,108,sawai madhopur,Rural,14,24807,13353,11454,2612,461,2151,22195,12892,9303
08,108,sawai madhopur,Rural,15,26751,14556,12195,3456,678,2778,23295,13878,9417
08,108,sawai madhopur,Rural,16,25567,13726,11841,3589,630,2959,21978,13096,8882
08,108,sawai madhopur,Rural,17,18536,10260,8276,2720,419,2301,15816,9841,5975
08,108,sawai madhopur,Rural,18,29717,15992,13725,6222,962,5260,23495,15030,8465
08,108,sawai madhopur,Rural,19,16537,8745,7792,3594,441,3153,12943,8304,4639
08,108,sawai madhopur,Rural,20-24,101379,55390,45989,29798,4622,25176,71581,50768,20813
08,108,sawai madhopur,Rural,25-29,81683,44031,37652,31132,5860,25272,50551,38171,12380
08,108,sawai madhopur,Rural,30-34,72038,36571,35467,33327,6908,26419,38711,29663,9048
08,108,sawai madhopur,Rural,35-39,66089,34496,31593,33501,8405,25096,32588,26091,6497
08,108,sawai madhopur,Rural,40-44,57508,30136,27372,32574,9619,22955,24934,20517,4417
08,108,sawai madhopur,Rural,45-49,47276,24720,22556,29594,9883,19711,17682,14837,2845
08,108,sawai madhopur,Rural,50-54,37279,20213,17066,24669,9476,15193,12610,10737,1873
08,108,sawai madhopur,Rural,55-59,29124,14387,14737,20417,6973,13444,8707,7414,1293
08,108,sawai madhopur,Rural,60-64,28396,14625,13771,21088,8375,12713,7308,6250,1058
08,108,sawai madhopur,Rural,65-69,19736,8832,10904,15382,5241,10141,4354,3591,763
08,108,sawai madhopur,Rural,70-74,17718,8878,8840,14514,6180,8334,3204,2698,506
08,108,sawai madhopur,Rural,75-79,6967,3271,3696,5701,2203,3498,1266,1068,198
08,108,sawai madhopur,Rural,80+,7796,3643,4153,6268,2444,3824,1528,1199,329
08,108,sawai madhopur,Rural,Age not stated,975,544,431,430,162,268,545,382,163
08,108,sawai madhopur,Urban,All ages,266467,139439,127028,84351,31508,52843,182116,107931,74185
08,108,sawai madhopur,Urban,0-6,35860,19195,16665,35860,19195,16665,0,0,0
08,108,sawai madhopur,Urban,7,5476,2853,2623,1200,569,631,4276,2284,1992
08,108,sawai madhopur,Urban,8,6328,3376,2952,874,408,466,5454,2968,2486
08,108,sawai madhopur,Urban,9,4976,2671,2305,436,197,239,4540,2474,2066
08,108,sawai madhopur,Urban,10,7178,3852,3326,667,297,370,6511,3555,2956
08,108,sawai madhopur,Urban,11,5406,2940,2466,381,156,225,5025,2784,2241
08,108,sawai madhopur,Urban,12,6616,3435,3181,504,207,297,6112,3228,2884
08,108,sawai madhopur,Urban,13,5720,2967,2753,394,147,247,5326,2820,2506
08,108,sawai madhopur,Urban,14,5874,3105,2769,400,137,263,5474,2968,2506
08,108,sawai madhopur,Urban,15,6489,3495,2994,558,224,334,5931,3271,2660
08,108,sawai madhopur,Urban,16,6052,3146,2906,539,197,342,5513,2949,2564
08,108,sawai madhopur,Urban,17,5086,2679,2407,445,144,301,4641,2535,2106
08,108,sawai madhopur,Urban,18,7447,4020,3427,877,274,603,6570,3746,2824
08,108,sawai madhopur,Urban,19,4960,2648,2312,532,127,405,4428,2521,1907
08,108,sawai madhopur,Urban,20-24,27588,14440,13148,4112,993,3119,23476,13447,10029
08,108,sawai madhopur,Urban,25-29,22459,11693,10766,4182,930,3252,18277,10763,7514
08,108,sawai madhopur,Urban,30-34,18951,9616,9335,4259,865,3394,14692,8751,5941
08,108,sawai madhopur,Urban,35-39,18096,9199,8897,4751,997,3754,13345,8202,5143
08,108,sawai madhopur,Urban,40-44,15831,8258,7573,4452,973,3479,11379,7285,4094
08,108,sawai madhopur,Urban,45-49,13448,7163,6285,4050,959,3091,9398,6204,3194
08,108,sawai madhopur,Urban,50-54,10170,5580,4590,3260,819,2441,6910,4761,2149
08,108,sawai madhopur,Urban,55-59,7534,3934,3600,2635,562,2073,4899,3372,1527
08,108,sawai madhopur,Urban,60-64,6432,3218,3214,2784,669,2115,3648,2549,1099
08,108,sawai madhopur,Urban,65-69,4560,2118,2442,2195,458,1737,2365,1660,705
08,108,sawai madhopur,Urban,70-74,3776,1860,1916,1931,488,1443,1845,1372,473
08,108,sawai madhopur,Urban,75-79,1693,846,847,836,202,634,857,644,213
08,108,sawai madhopur,Urban,80+,2053,933,1120,1117,279,838,936,654,282
08,108,sawai madhopur,Urban,Age not stated,408,199,209,120,35,85,288,164,124
08,109,dausa,Total,All ages,1634409,857787,776622,696358,260852,435506,938051,596935,341116
08,109,dausa,Total,0-6,258144,138400,119744,258144,138400,119744,0,0,0
08,109,dausa,Total,7,37736,20158,17578,8946,4393,4553,28790,15765,13025
08,109,dausa,Total,8,43595,23032,20563,4069,1756,2313,39526,21276,18250
08,109,dausa,Total,9,35561,18808,16753,2476,1040,1436,33085,17768,15317
08,109,dausa,Total,10,49888,26435,23453,3783,1565,2218,46105,24870,21235
08,109,dausa,Total,11,39261,20998,18263,2262,827,1435,36999,20171,16828
08,109,dausa,Total,12,44006,23319,20687,2337,683,1654,41669,22636,19033
08,109,dausa,Total,13,39366,20723,18643,2148,552,1596,37218,20171,17047
08,109,dausa,Total,14,39501,20764,18737,2363,581,1782,37138,20183,16955
08,109,dausa,Total,15,41899,22482,19417,3056,728,2328,38843,21754,17089
08,109,dausa,Total,16,40224,21577,18647,3186,706,2480,37038,20871,16167
08,109,dausa,Total,17,32084,17325,14759,2779,560,2219,29305,16765,12540
08,109,dausa,Total,18,42977,22651,20326,5416,863,4553,37561,21788,15773
08,109,dausa,Total,19,28568,15030,13538,4011,580,3431,24557,14450,10107
08,109,dausa,Total,20-24,152129,81011,71118,31884,4099,27785,120245,76912,43333
08,109,dausa,Total,25-29,122197,64470,57727,37192,5113,32079,85005,59357,25648
08,109,dausa,Total,30-34,107345,54016,53329,41851,6757,35094,65494,47259,18235
08,109,dausa,Total,35-39,100082,51394,48688,44581,9063,35518,55501,42331,13170
08,109,dausa,Total,40-44,83767,43582,40185,42469,11387,31082,41298,32195,9103
08,109,dausa,Total,45-49,67524,35301,32223,38586,12259,26327,28938,23042,5896
08,109,dausa,Total,50-54,52885,28487,24398,32637,12135,20502,20248,16352,3896
08,109,dausa,Total,55-59,41620,20490,21130,27784,9401,18383,13836,11089,2747
08,109,dausa,Total,60-64,40874,21048,19826,29269,11664,17605,11605,9384,2221
08,109,dausa,Total,65-69,29043,13657,15386,21580,7831,13749,7463,5826,1637
08,109,dausa,Total,70-74,23383,12107,11276,18438,8030,10408,4945,4077,868
08,109,dausa,Total,75-79,9909,4776,5133,7847,3121,4726,2062,1655,407
08,109,dausa,Total,80+,12403,6176,6227,9561,4003,5558,2842,2173,669
08,109,dausa,Total,Age not stated,18438,9570,8868,7703,2755,4948,10735,6815,3920
08,109,dausa,Rural,All ages,1432616,751900,680716,635833,238162,397671,796783,513738,283045
08,109,dausa,Rural,0-6,231445,123947,107498,231445,123947,107498,0,0,0
08,109,dausa,Rural,7,33691,17991,15700,7996,3917,4079,25695,14074,11621
08,109,dausa,Rural,8,38933,20462,18471,3606,1543,2063,35327,18919,16408
08,109,dausa,Rural,9,31608,16641,14967,2196,921,1275,29412,15720,13692
08,109,dausa,Rural,10,44599,23560,21039,3361,1367,1994,41238,22193,19045
08,109,dausa,Rural,11,34849,18641,16208,1997,719,1278,32852,17922,14930
08,109,dausa,Rural,12,39144,20646,18498,2034,563,1471,37110,20083,17027
08,109,dausa,Rural,13,34755,18272,16483,1890,462,1428,32865,17810,15055
08,109,dausa,Rural,14,34953,18396,16557,2077,478,1599,32876,17918,14958
08,109,dausa,Rural,15,37046,19841,17205,2717,617,2100,34329,19224,15105
08,109,dausa,Rural,16,35622,19148,16474,2833,566,2267,32789,18582,14207
08,109,dausa,Rural,17,27948,15159,12789,2498,478,2020,25450,14681,10769
08,109,dausa,Rural,18,37731,19877,17854,4939,719,4220,32792,19158,13634
08,109,dausa,Rural,19,24697,13017,11680,3699,492,3207,20998,12525,8473
08,109,dausa,Rural,20-24,131974,70478,61496,29526,3569,25957,102448,66909,35539
08,109,dausa,Rural,25-29,105613,55788,49825,34558,4553,30005,71055,51235,19820
08,109,dausa,Rural,30-34,92884,46802,46082,38891,6234,32657,53993,40568,13425
08,109,dausa,Rural,35-39,86413,44422,41991,41275,8429,32846,45138,35993,9145
08,109,dausa,Rural,40-44,71714,37357,34357,39254,10695,28559,32460,26662,5798
08,109,dausa,Rural,45-49,57600,30003,27597,35712,11615,24097,21888,18388,3500
08,109,dausa,Rural,50-54,45299,24352,20947,30274,11580,18694,15025,12772,2253
08,109,dausa,Rural,55-59,35928,17588,18340,25785,9010,16775,10143,8578,1565
08,109,dausa,Rural,60-64,36056,18612,17444,27251,11190,16061,8805,7422,1383
08,109,dausa,Rural,65-69,25586,11998,13588,19967,7494,12473,5619,4504,1115
08,109,dausa,Rural,70-74,20745,10842,9903,17053,7702,9351,3692,3140,552
08,109,dausa,Rural,75-79,8591,4167,4424,7181,2978,4203,1410,1189,221
08,109,dausa,Rural,80+,10896,5482,5414,8735,3792,4943,2161,1690,471
08,109,dausa,Rural,Age not stated,16296,8411,7885,7083,2532,4551,9213,5879,3334
08,109,dausa,Urban,All ages,201793,105887,95906,60525,22690,37835,141268,83197,58071
08,109,dausa,Urban,0-6,26699,14453,12246,26699,14453,12246,0,0,0
08,109,dausa,Urban,7,4045,2167,1878,950,476,474,3095,1691,1404
08,109,dausa,Urban,8,4662,2570,2092,463,213,250,4199,2357,1842
08,109,dausa,Urban,9,3953,2167,1786,280,119,161,3673,2048,1625
08,109,dausa,Urban,10,5289,2875,2414,422,198,224,4867,2677,2190
08,109,dausa,Urban,11,4412,2357,2055,265,108,157,4147,2249,1898
08,109,dausa,Urban,12,4862,2673,2189,303,120,183,4559,2553,2006
08,109,dausa,Urban,13,4611,2451,2160,258,90,168,4353,2361,1992
08,109,dausa,Urban,14,4548,2368,2180,286,103,183,4262,2265,1997
08,109,dausa,Urban,15,4853,2641,2212,339,111,228,4514,2530,1984
08,109,dausa,Urban,16,4602,2429,2173,353,140,213,4249,2289,1960
08,109,dausa,Urban,17,4136,2166,1970,281,82,199,3855,2084,1771
08,109,dausa,Urban,18,5246,2774,2472,477,144,333,4769,2630,2139
08,109,dausa,Urban,19,3871,2013,1858,312,88,224,3559,1925,1634
08,109,dausa,Urban,20-24,20155,10533,9622,2358,530,1828,17797,10003,7794
08,109,dausa,Urban,25-29,16584,8682,7902,2634,560,2074,13950,8122,5828
08,109,dausa,Urban,30-34,14461,7214,7247,2960,523,2437,11501,6691,4810
08,109,dausa,Urban,35-39,13669,6972,6697,3306,634,2672,10363,6338,4025
08,109,dausa,Urban,40-44,12053,6225,5828,3215,692,2523,8838,5533,3305
08,109,dausa,Urban,45-49,9924,5298,4626,2874,644,2230,7050,4654,2396
08,109,dausa,Urban,50-54,7586,4135,3451,2363,555,1808,5223,3580,1643
08,109,dausa,Urban,55-59,5692,2902,2790,1999,391,1608,3693,2511,1182
08,109,dausa,Urban,60-64,4818,2436,2382,2018,474,1544,2800,1962,838
08,109,dausa,Urban,65-69,3457,1659,1798,1613,337,1276,1844,1322,522
08,109,dausa,Urban,70-74,2638,1265,1373,1385,328,1057,1253,937,316
08,109,dausa,Urban,75-79,1318,609,709,666,143,523,652,466,186
08,109,dausa,Urban,80+,1507,694,813,826,211,615,681,483,198
08,109,dausa,Urban,Age not stated,2142,1159,983,620,223,397,1522,936,586
08,110,jaipur,Total,All ages,6626178,3468507,3157671,2325213,913714,1411499,4300965,2554793,1746172
08,110,jaipur,Total,0-6,929926,499619,430307,929926,499619,430307,0,0,0
08,110,jaipur,Total,7,136292,72428,63864,31511,15752,15759,104781,56676,48105
08,110,jaipur,Total,8,156139,83114,73025,16503,7752,8751,139636,75362,64274
08,110,jaipur,Total,9,130211,69692,60519,9350,4401,4949,120861,65291,55570
08,110,jaipur,Total,10,174083,93398,80685,13648,6271,7377,160435,87127,73308
08,110,jaipur,Total,11,143583,76383,67200,7833,3399,4434,135750,72984,62766
08,110,jaipur,Total,12,157456,83818,73638,9031,3682,5349,148425,80136,68289
08,110,jaipur,Total,13,149426,78199,71227,8375,3050,5325,141051,75149,65902
08,110,jaipur,Total,14,146393,77358,69035,8688,3095,5593,137705,74263,63442
08,110,jaipur,Total,15,156902,84144,72758,11412,4220,7192,145490,79924,65566
08,110,jaipur,Total,16,151805,80760,71045,11372,3894,7478,140433,76866,63567
08,110,jaipur,Total,17,129808,69726,60082,9880,3274,6606,119928,66452,53476
08,110,jaipur,Total,18,175139,93833,81306,18892,5844,13048,156247,87989,68258
08,110,jaipur,Total,19,119581,63499,56082,12113,3326,8787,107468,60173,47295
08,110,jaipur,Total,20-24,662055,347476,314579,99354,23069,76285,562701,324407,238294
08,110,jaipur,Total,25-29,572349,294603,277746,122711,25944,96767,449638,268659,180979
08,110,jaipur,Total,30-34,499282,253751,245531,138809,29603,109206,360473,224148,136325
08,110,jaipur,Total,35-39,455078,234208,220870,149004,35539,113465,306074,198669,107405
08,110,jaipur,Total,40-44,380633,199660,180973,140700,39834,100866,239933,159826,80107
08,110,jaipur,Total,45-49,311487,163105,148382,125556,38727,86829,185931,124378,61553
08,110,jaipur,Total,50-54,244796,131215,113581,104054,35788,68266,140742,95427,45315
08,110,jaipur,Total,55-59,184131,93529,90602,83758,26118,57640,100373,67411,32962
08,110,jaipur,Total,60-64,161088,82061,79027,83296,29320,53976,77792,52741,25051
08,110,jaipur,Total,65-69,111247,53943,57304,62758,21041,41717,48489,32902,15587
08,110,jaipur,Total,70-74,87381,42565,44816,54321,19811,34510,33060,22754,10306
08,110,jaipur,Total,75-79,43006,20459,22547,25884,8739,17145,17122,11720,5402
08,110,jaipur,Total,80+,52408,23518,28890,34809,11888,22921,17599,11630,5969
08,110,jaipur,Total,Age not stated,4493,2443,2050,1665,714,951,2828,1729,1099
08,110,jaipur,Rural,All ages,3154331,1642924,1511407,1346727,500591,846136,1807604,1142333,665271
08,110,jaipur,Rural,0-6,481315,257532,223783,481315,257532,223783,0,0,0
08,110,jaipur,Rural,7,69630,36578,33052,15514,7536,7978,54116,29042,25074
08,110,jaipur,Rural,8,83883,44180,39703,7596,3387,4209,76287,40793,35494
08,110,jaipur,Rural,9,67759,35649,32110,3984,1721,2263,63775,33928,29847
08,110,jaipur,Rural,10,92226,48877,43349,5862,2442,3420,86364,46435,39929
08,110,jaipur,Rural,11,75693,39846,35847,3292,1215,2077,72401,38631,33770
08,110,jaipur,Rural,12,83583,44076,39507,3797,1131,2666,79786,42945,36841
08,110,jaipur,Rural,13,79623,41466,38157,3883,1010,2873,75740,40456,35284
08,110,jaipur,Rural,14,76876,40501,36375,4022,966,3056,72854,39535,33319
08,110,jaipur,Rural,15,82146,44017,38129,5464,1457,4007,76682,42560,34122
08,110,jaipur,Rural,16,79268,42186,37082,5608,1270,4338,73660,40916,32744
08,110,jaipur,Rural,17,63888,34212,29676,4769,956,3813,59119,33256,25863
08,110,jaipur,Rural,18,88664,46698,41966,10175,1962,8213,78489,44736,33753
08,110,jaipur,Rural,19,55605,29167,26438,6372,1060,5312,49233,28107,21126
08,110,jaipur,Rural,20-24,307741,163574,144167,58413,9011,49402,249328,154563,94765
08,110,jaipur,Rural,25-29,248039,129844,118195,75250,11851,63399,172789,117993,54796
08,110,jaipur,Rural,30-34,216679,109391,107288,87238,15294,71944,129441,94097,35344
08,110,jaipur,Rural,35-39,198183,101648,96535,93447,20213,73234,104736,81435,23301
08,110,jaipur,Rural,40-44,165135,86136,78999,88993,24483,64510,76142,61653,14489
08,110,jaipur,Rural,45-49,131688,68447,63241,79994,25429,54565,51694,43018,8676
08,110,jaipur,Rural,50-54,102695,54338,48357,67131,24240,42891,35564,30098,5466
08,110,jaipur,Rural,55-59,79464,38647,40817,55639,18559,37080,23825,20088,3737
08,110,jaipur,Rural,60-64,75200,37179,38021,56753,21554,35199,18447,15625,2822
08,110,jaipur,Rural,65-69,55132,25521,29611,43790,15982,27808,11342,9539,1803
08,110,jaipur,Rural,70-74,45083,21342,23741,37567,14938,22629,7516,6404,1112
08,110,jaipur,Rural,75-79,20999,9415,11584,17620,6589,11031,3379,2826,553
08,110,jaipur,Rural,80+,26072,11348,14724,22328,8413,13915,3744,2935,809
08,110,jaipur,Rural,Age not stated,2062,1109,953,911,390,521,1151,719,432
08,110,jaipur,Urban,All ages,3471847,1825583,1646264,978486,413123,565363,2493361,1412460,1080901
08,110,jaipur,Urban,0-6,448611,242087,206524,448611,242087,206524,0,0,0
08,110,jaipur,Urban,7,66662,35850,30812,15997,8216,7781,50665,27634,23031
08,110,jaipur,Urban,8,72256,38934,33322,8907,4365,4542,63349,34569,28780
08,110,jaipur,Urban,9,62452,34043,28409,5366,2680,2686,57086,31363,25723
08,110,jaipur,Urban,10,81857,44521,37336,7786,3829,3957,74071,40692,33379
08,110,jaipur,Urban,11,67890,36537,31353,4541,2184,2357,63349,34353,28996
08,110,jaipur,Urban,12,73873,39742,34131,5234,2551,2683,68639,37191,31448
08,110,jaipur,Urban,13,69803,36733,33070,4492,2040,2452,65311,34693,30618
08,110,jaipur,Urban,14,69517,36857,32660,4666,2129,2537,64851,34728,30123
08,110,jaipur,Urban,15,74756,40127,34629,5948,2763,3185,68808,37364,31444
08,110,jaipur,Urban,16,72537,38574,33963,5764,2624,3140,66773,35950,30823
08,110,jaipur,Urban,17,65920,35514,30406,5111,2318,2793,60809,33196,27613
08,110,jaipur,Urban,18,86475,47135,39340,8717,3882,4835,77758,43253,34505
08,110,jaipur,Urban,19,63976,34332,29644,5741,2266,3475,58235,32066,26169
08,110,jaipur,Urban,20-24,354314,183902,170412,40941,14058,26883,313373,169844,143529
08,110,jaipur,Urban,25-29,324310,164759,159551,47461,14093,33368,276849,150666,126183
08,110,jaipur,Urban,30-34,282603,144360,138243,51571,14309,37262,231032,130051,100981
08,110,jaipur,Urban,35-39,256895,132560,124335,55557,15326,40231,201338,117234,84104
08,110,jaipur,Urban,40-44,215498,113524,101974,51707,15351,36356,163791,98173,65618
08,110,jaipur,Urban,45-49,179799,94658,85141,45562,13298,32264,134237,81360,52877
08,110,jaipur,Urban,50-54,142101,76877,65224,36923,11548,25375,105178,65329,39849
08,110,jaipur,Urban,55-59,104667,54882,49785,28119,7559,20560,76548,47323,29225
08,110,jaipur,Urban,60-64,85888,44882,41006,26543,7766,18777,59345,37116,22229
08,110,jaipur,Urban,65-69,56115,28422,27693,18968,5059,13909,37147,23363,13784
08,110,jaipur,Urban,70-74,42298,21223,21075,16754,4873,11881,25544,16350,9194
08,110,jaipur,Urban,75-79,22007,11044,10963,8264,2150,6114,13743,8894,4849
08,110,jaipur,Urban,80+,26336,12170,14166,12481,3475,9006,13855,8695,5160
08,110,jaipur,Urban,Age not stated,2431,1334,1097,754,324,430,1677,1010,667
08,111,sikar,Total,All ages,2677333,1374990,1302343,1025216,379715,645501,1652117,995275,656842
08,111,sikar,Total,0-6,379874,205589,174285,379874,205589,174285,0,0,0
08,111,sikar,Total,7,55808,29738,26070,11816,6055,5761,43992,23683,20309
08,111,sikar,Total,8,63414,34092,29322,6321,3021,3300,57093,31071,26022
08,111,sikar,Total,9,53697,28997,24700,3661,1744,1917,50036,27253,22783
08,111,sikar,Total,10,71625,38596,33029,5016,2376,2640,66609,36220,30389
08,111,sikar,Total,11,61975,33147,28828,3257,1357,1900,58718,31790,26928
08,111,sikar,Total,12,67313,35825,31488,3489,1321,2168,63824,34504,29320
08,111,sikar,Total,13,62858,32615,30243,3147,1174,1973,59711,31441,28270
08,111,sikar,Total,14,64005,33817,30188,3390,1199,2191,60615,32618,27997
08,111,sikar,Total,15,68416,36757,31659,4342,1530,2812,64074,35227,28847
08,111,sikar,Total,16,67156,35922,31234,4319,1452,2867,62837,34470,28367
08,111,sikar,Total,17,57104,31000,26104,3612,1207,2405,53492,29793,23699
08,111,sikar,Total,18,72096,38891,33205,6234,2026,4208,65862,36865,28997
08,111,sikar,Total,19,50611,26629,23982,4357,1201,3156,46254,25428,20826
08,111,sikar,Total,20-24,270760,141689,129071,35961,8725,27236,234799,132964,101835
08,111,sikar,Total,25-29,206101,104531,101570,44530,8574,35956,161571,95957,65614
08,111,sikar,Total,30-34,177605,86246,91359,55342,9616,45726,122263,76630,45633
08,111,sikar,Total,35-39,163875,79469,84406,64814,12405,52409,99061,67064,31997
08,111,sikar,Total,40-44,144192,71312,72880,66571,15572,50999,77621,55740,21881
08,111,sikar,Total,45-49,119330,58845,60485,61303,15496,45807,58027,43349,14678
08,111,sikar,Total,50-54,99471,51841,47630,54265,16309,37956,45206,35532,9674
08,111,sikar,Total,55-59,74562,36141,38421,44106,12049,32057,30456,24092,6364
08,111,sikar,Total,60-64,70005,34400,35605,45873,14924,30949,24132,19476,4656
08,111,sikar,Total,65-69,49584,22666,26918,34847,10790,24057,14737,11876,2861
08,111,sikar,Total,70-74,42156,19027,23129,32072,10735,21337,10084,8292,1792
08,111,sikar,Total,75-79,20435,8673,11762,15897,5029,10868,4538,3644,894
08,111,sikar,Total,80+,25013,9401,15612,20397,6027,14370,4616,3374,1242
08,111,sikar,Total,Age not stated,18292,9134,9158,6403,2212,4191,11889,6922,4967
08,111,sikar,Rural,All ages,2043427,1047469,995958,802592,292686,509906,1240835,754783,486052
08,111,sikar,Rural,0-6,291732,158317,133415,291732,158317,133415,0,0,0
08,111,sikar,Rural,7,42715,22819,19896,8195,4198,3997,34520,18621,15899
08,111,sikar,Rural,8,48437,26170,22267,3742,1804,1938,44695,24366,20329
08,111,sikar,Rural,9,41537,22450,19087,2166,1034,1132,39371,21416,17955
08,111,sikar,Rural,10,54778,29521,25257,2832,1334,1498,51946,28187,23759
08,111,sikar,Rural,11,48545,26068,22477,1905,779,1126,46640,25289,21351
08,111,sikar,Rural,12,52106,27810,24296,1904,675,1229,50202,27135,23067
08,111,sikar,Rural,13,49047,25604,23443,1789,644,1145,47258,24960,22298
08,111,sikar,Rural,14,50047,26674,23373,1989,704,1285,48058,25970,22088
08,111,sikar,Rural,15,52918,28641,24277,2533,878,1655,50385,27763,22622
08,111,sikar,Rural,16,52170,28170,24000,2551,817,1734,49619,27353,22266
08,111,sikar,Rural,17,44062,24132,19930,2196,708,1488,41866,23424,18442
08,111,sikar,Rural,18,54477,29622,24855,3762,1124,2638,50715,28498,22217
08,111,sikar,Rural,19,38165,20136,18029,2794,694,2100,35371,19442,15929
08,111,sikar,Rural,20-24,201442,105452,95990,24668,5102,19566,176774,100350,76424
08,111,sikar,Rural,25-29,153584,77325,76259,33823,5612,28211,119761,71713,48048
08,111,sikar,Rural,30-34,134054,64461,69593,44442,6909,37533,89612,57552,32060
08,111,sikar,Rural,35-39,123572,59554,64018,52500,9485,43015,71072,50069,21003
08,111,sikar,Rural,40-44,108568,53219,55349,54381,12491,41890,54187,40728,13459
08,111,sikar,Rural,45-49,89629,43806,45823,50181,12802,37379,39448,31004,8444
08,111,sikar,Rural,50-54,75979,39161,36818,44976,13535,31441,31003,25626,5377
08,111,sikar,Rural,55-59,57832,27623,30209,37063,10294,26769,20769,17329,3440
08,111,sikar,Rural,60-64,55083,26872,28211,38611,12821,25790,16472,14051,2421
08,111,sikar,Rural,65-69,39381,17820,21561,29403,9392,20011,9978,8428,1550
08,111,sikar,Rural,70-74,34028,15245,18783,27227,9385,17842,6801,5860,941
08,111,sikar,Rural,75-79,16330,6838,9492,13444,4395,9049,2886,2443,443
08,111,sikar,Rural,80+,19921,7338,12583,17043,5148,11895,2878,2190,688
08,111,sikar,Rural,Age not stated,13288,6621,6667,4740,1605,3135,8548,5016,3532
08,111,sikar,Urban,All ages,633906,327521,306385,222624,87029,135595,411282,240492,170790
08,111,sikar,Urban,0-6,88142,47272,40870,88142,47272,40870,0,0,0
08,111,sikar,Urban,7,13093,6919,6174,3621,1857,1764,9472,5062,4410
08,111,sikar,Urban,8,14977,7922,7055,2579,1217,1362,12398,6705,5693
08,111,sikar,Urban,9,12160,6547,5613,1495,710,785,10665,5837,4828
08,111,sikar,Urban,10,16847,9075,7772,2184,1042,1142,14663,8033,6630
08,111,sikar,Urban,11,13430,7079,6351,1352,578,774,12078,6501,5577
08,111,sikar,Urban,12,15207,8015,7192,1585,646,939,13622,7369,6253
08,111,sikar,Urban,13,13811,7011,6800,1358,530,828,12453,6481,5972
08,111,sikar,Urban,14,13958,7143,6815,1401,495,906,12557,6648,5909
08,111,sikar,Urban,15,15498,8116,7382,1809,652,1157,13689,7464,6225
08,111,sikar,Urban,16,14986,7752,7234,1768,635,1133,13218,7117,6101
08,111,sikar,Urban,17,13042,6868,6174,1416,499,917,11626,6369,5257
08,111,sikar,Urban,18,17619,9269,8350,2472,902,1570,15147,8367,6780
08,111,sikar,Urban,19,12446,6493,5953,1563,507,1056,10883,5986,4897
08,111,sikar,Urban,20-24,69318,36237,33081,11293,3623,7670,58025,32614,25411
08,111,sikar,Urban,25-29,52517,27206,25311,10707,2962,7745,41810,24244,17566
08,111,sikar,Urban,30-34,43551,21785,21766,10900,2707,8193,32651,19078,13573
08,111,sikar,Urban,35-39,40303,19915,20388,12314,2920,9394,27989,16995,10994
08,111,sikar,Urban,40-44,35624,18093,17531,12190,3081,9109,23434,15012,8422
08,111,sikar,Urban,45-49,29701,15039,14662,11122,2694,8428,18579,12345,6234
08,111,sikar,Urban,50-54,23492,12680,10812,9289,2774,6515,14203,9906,4297
08,111,sikar,Urban,55-59,16730,8518,8212,7043,1755,5288,9687,6763,2924
08,111,sikar,Urban,60-64,14922,7528,7394,7262,2103,5159,7660,5425,2235
08,111,sikar,Urban,65-69,10203,4846,5357,5444,1398,4046,4759,3448,1311
08,111,sikar,Urban,70-74,8128,3782,4346,4845,1350,3495,3283,2432,851
08,111,sikar,Urban,75-79,4105,1835,2270,2453,634,1819,1652,1201,451
08,111,sikar,Urban,80+,5092,2063,3029,3354,879,2475,1738,1184,554
08,111,sikar,Urban,Age not stated,5004,2513,2491,1663,607,1056,3341,1906,1435
08,112,nagaur,Total,All ages,3307743,1696325,1611418,1549119,593575,955544,1758624,1102750,655874
08,112,nagaur,Total,0-6,507176,267391,239785,507176,267391,239785,0,0,0
08,112,nagaur,Total,7,75200,39575,35625,20234,9644,10590,54966,29931,25035
08,112,nagaur,Total,8,86285,45185,41100,13781,5986,7795,72504,39199,33305
08,112,nagaur,Total,9,69614,36607,33007,8066,3349,4717,61548,33258,28290
08,112,nagaur,Total,10,96332,51089,45243,11798,4780,7018,84534,46309,38225
08,112,nagaur,Total,11,77251,40678,36573,7266,2653,4613,69985,38025,31960
08,112,nagaur,Total,12,87290,45649,41641,9489,3199,6290,77801,42450,35351
08,112,nagaur,Total,13,79325,40614,38711,8751,2675,6076,70574,37939,32635
08,112,nagaur,Total,14,79760,41130,38630,9399,2725,6674,70361,38405,31956
08,112,nagaur,Total,15,81636,43112,38524,10797,3442,7355,70839,39670,31169
08,112,nagaur,Total,16,78518,41494,37024,10823,3196,7627,67695,38298,29397
08,112,nagaur,Total,17,61515,33202,28313,8259,2450,5809,53256,30752,22504
08,112,nagaur,Total,18,86885,45854,41031,16174,4451,11723,70711,41403,29308
08,112,nagaur,Total,19,56010,28712,27298,10211,2384,7827,45799,26328,19471
08,112,nagaur,Total,20-24,311311,163089,148222,80033,19170,60863,231278,143919,87359
08,112,nagaur,Total,25-29,254215,129837,124378,89537,20856,68681,164678,108981,55697
08,112,nagaur,Total,30-34,222768,110590,112178,96836,23378,73458,125932,87212,38720
08,112,nagaur,Total,35-39,204651,102763,101888,103234,28316,74918,101417,74447,26970
08,112,nagaur,Total,40-44,179227,91569,87658,102205,33401,68804,77022,58168,18854
08,112,nagaur,Total,45-49,147497,74302,73195,91321,31010,60311,56176,43292,12884
08,112,nagaur,Total,50-54,120696,64097,56599,78102,29993,48109,42594,34104,8490
08,112,nagaur,Total,55-59,89170,43305,45865,59936,20231,39705,29234,23074,6160
08,112,nagaur,Total,60-64,85028,42186,42842,61091,22879,38212,23937,19307,4630
08,112,nagaur,Total,65-69,59410,26948,32462,44912,15441,29471,14498,11507,2991
08,112,nagaur,Total,70-74,52238,23677,28561,42084,15394,26690,10154,8283,1871
08,112,nagaur,Total,75-79,25287,10808,14479,20456,6887,13569,4831,3921,910
08,112,nagaur,Total,80+,31640,11793,19847,26489,7998,18491,5151,3795,1356
08,112,nagaur,Total,Age not stated,1808,1069,739,659,296,363,1149,773,376
08,112,nagaur,Rural,All ages,2670539,1368771,1301768,1295118,493534,801584,1375421,875237,500184
08,112,nagaur,Rural,0-6,412432,217717,194715,412432,217717,194715,0,0,0
08,112,nagaur,Rural,7,60862,32115,28747,15975,7534,8441,44887,24581,20306
08,112,nagaur,Rural,8,70503,36949,33554,10612,4492,6120,59891,32457,27434
08,112,nagaur,Rural,9,56573,29795,26778,6037,2425,3612,50536,27370,23166
08,112,nagaur,Rural,10,78154,41447,36707,9053,3507,5546,69101,37940,31161
08,112,nagaur,Rural,11,62805,33115,29690,5512,1839,3673,57293,31276,26017
08,112,nagaur,Rural,12,70567,36961,33606,7258,2282,4976,63309,34679,28630
08,112,nagaur,Rural,13,64368,32844,31524,6799,1885,4914,57569,30959,26610
08,112,nagaur,Rural,14,64750,33516,31234,7310,1924,5386,57440,31592,25848
08,112,nagaur,Rural,15,65861,34786,31075,8461,2467,5994,57400,32319,25081
08,112,nagaur,Rural,16,63202,33659,29543,8535,2339,6196,54667,31320,23347
08,112,nagaur,Rural,17,48645,26441,22204,6414,1774,4640,42231,24667,17564
08,112,nagaur,Rural,18,69319,36657,32662,12933,3240,9693,56386,33417,22969
08,112,nagaur,Rural,19,43973,22488,21485,8214,1725,6489,35759,20763,14996
08,112,nagaur,Rural,20-24,245841,129027,116814,66001,14740,51261,179840,114287,65553
08,112,nagaur,Rural,25-29,201980,103199,98781,75628,16959,58669,126352,86240,40112
08,112,nagaur,Rural,30-34,178199,88298,89901,82198,19429,62769,96001,68869,27132
08,112,nagaur,Rural,35-39,163309,82070,81239,87510,24098,63412,75799,57972,17827
08,112,nagaur,Rural,40-44,143715,73127,70588,87510,28977,58533,56205,44150,12055
08,112,nagaur,Rural,45-49,118851,59556,59295,78772,27345,51427,40079,32211,7868
08,112,nagaur,Rural,50-54,98519,52097,46422,67926,26669,41257,30593,25428,5165
08,112,nagaur,Rural,55-59,73218,35371,37847,52266,18173,34093,20952,17198,3754
08,112,nagaur,Rural,60-64,70764,35039,35725,53440,20519,32921,17324,14520,2804
08,112,nagaur,Rural,65-69,49890,22531,27359,39439,13944,25495,10451,8587,1864
08,112,nagaur,Rural,70-74,44536,20143,24393,37208,13949,23259,7328,6194,1134
08,112,nagaur,Rural,75-79,21530,9094,12436,18094,6228,11866,3436,2866,570
08,112,nagaur,Rural,80+,26682,9850,16832,23030,7103,15927,3652,2747,905
08,112,nagaur,Rural,Age not stated,1491,879,612,551,251,300,940,628,312
08,112,nagaur,Urban,All ages,637204,327554,309650,254001,100041,153960,383203,227513,155690
08,112,nagaur,Urban,0-6,94744,49674,45070,94744,49674,45070,0,0,0
08,112,nagaur,Urban,7,14338,7460,6878,4259,2110,2149,10079,5350,4729
08,112,nagaur,Urban,8,15782,8236,7546,3169,1494,1675,12613,6742,5871
08,112,nagaur,Urban,9,13041,6812,6229,2029,924,1105,11012,5888,5124
08,112,nagaur,Urban,10,18178,9642,8536,2745,1273,1472,15433,8369,7064
08,112,nagaur,Urban,11,14446,7563,6883,1754,814,940,12692,6749,5943
08,112,nagaur,Urban,12,16723,8688,8035,2231,917,1314,14492,7771,6721
08,112,nagaur,Urban,13,14957,7770,7187,1952,790,1162,13005,6980,6025
08,112,nagaur,Urban,14,15010,7614,7396,2089,801,1288,12921,6813,6108
08,112,nagaur,Urban,15,15775,8326,7449,2336,975,1361,13439,7351,6088
08,112,nagaur,Urban,16,15316,7835,7481,2288,857,1431,13028,6978,6050
08,112,nagaur,Urban,17,12870,6761,6109,1845,676,1169,11025,6085,4940
08,112,nagaur,Urban,18,17566,9197,8369,3241,1211,2030,14325,7986,6339
08,112,nagaur,Urban,19,12037,6224,5813,1997,659,1338,10040,5565,4475
08,112,nagaur,Urban,20-24,65470,34062,31408,14032,4430,9602,51438,29632,21806
08,112,nagaur,Urban,25-29,52235,26638,25597,13909,3897,10012,38326,22741,15585
08,112,nagaur,Urban,30-34,44569,22292,22277,14638,3949,10689,29931,18343,11588
08,112,nagaur,Urban,35-39,41342,20693,20649,15724,4218,11506,25618,16475,9143
08,112,nagaur,Urban,40-44,35512,18442,17070,14695,4424,10271,20817,14018,6799
08,112,nagaur,Urban,45-49,28646,14746,13900,12549,3665,8884,16097,11081,5016
08,112,nagaur,Urban,50-54,22177,12000,10177,10176,3324,6852,12001,8676,3325
08,112,nagaur,Urban,55-59,15952,7934,8018,7670,2058,5612,8282,5876,2406
08,112,nagaur,Urban,60-64,14264,7147,7117,7651,2360,5291,6613,4787,1826
08,112,nagaur,Urban,65-69,9520,4417,5103,5473,1497,3976,4047,2920,1127
08,112,nagaur,Urban,70-74,7702,3534,4168,4876,1445,3431,2826,2089,737
08,112,nagaur,Urban,75-79,3757,1714,2043,2362,659,1703,1395,1055,340
08,112,nagaur,Urban,80+,4958,1943,3015,3459,895,2564,1499,1048,451
08,112,nagaur,Urban,Age not stated,317,190,127,108,45,63,209,145,64
08,113,jodhpur,Total,All ages,3687165,1923928,1763237,1655633,658175,997458,2031532,1265753,765779
08,113,jodhpur,Total,0-6,606490,320731,285759,606490,320731,285759,0,0,0
08,113,jodhpur,Total,7,86701,45462,41239,26975,12734,14241,59726,32728,26998
08,113,jodhpur,Total,8,102865,53789,49076,21290,9188,12102,81575,44601,36974
08,113,jodhpur,Total,9,79645,42061,37584,11696,4838,6858,67949,37223,30726
08,113,jodhpur,Total,10,113742,59910,53832,18407,7276,11131,95335,52634,42701
08,113,jodhpur,Total,11,84341,44525,39816,10268,3676,6592,74073,40849,33224
08,113,jodhpur,Total,12,99305,52349,46956,13213,4442,8771,86092,47907,38185
08,113,jodhpur,Total,13,84271,43559,40712,10958,3373,7585,73313,40186,33127
08,113,jodhpur,Total,14,84805,44367,40438,11397,3513,7884,73408,40854,32554
08,113,jodhpur,Total,15,86933,46895,40038,13041,4409,8632,73892,42486,31406
08,113,jodhpur,Total,16,80347,43774,36573,12015,4014,8001,68332,39760,28572
08,113,jodhpur,Total,17,62997,35069,27928,8986,2951,6035,54011,32118,21893
08,113,jodhpur,Total,18,90058,49621,40437,17889,5503,12386,72169,44118,28051
08,113,jodhpur,Total,19,59269,31063,28206,11942,2961,8981,47327,28102,19225
08,113,jodhpur,Total,20-24,339183,180125,159058,90419,23972,66447,248764,156153,92611
08,113,jodhpur,Total,25-29,298834,154349,144485,100380,25913,74467,198454,128436,70018
08,113,jodhpur,Total,30-34,259119,133456,125663,99035,25677,73358,160084,107779,52305
08,113,jodhpur,Total,35-39,226128,116926,109202,96862,27618,69244,129266,89308,39958
08,113,jodhpur,Total,40-44,188524,98456,90068,89901,29476,60425,98623,68980,29643
08,113,jodhpur,Total,45-49,162551,83552,78999,83205,27513,55692,79346,56039,23307
08,113,jodhpur,Total,50-54,132342,70781,61561,70962,26601,44361,61380,44180,17200
08,113,jodhpur,Total,55-59,98873,49392,49481,55205,18419,36786,43668,30973,12695
08,113,jodhpur,Total,60-64,89632,45819,43813,55160,20871,34289,34472,24948,9524
08,113,jodhpur,Total,65-69,59653,28243,31410,39477,13917,25560,20176,14326,5850
08,113,jodhpur,Total,70-74,51163,24369,26794,37288,14317,22971,13875,10052,3823
08,113,jodhpur,Total,75-79,24684,10940,13744,17749,6100,11649,6935,4840,2095
08,113,jodhpur,Total,80+,32933,13306,19627,24824,7889,16935,8109,5417,2692
08,113,jodhpur,Total,Age not stated,1777,1039,738,599,283,316,1178,756,422
08,113,jodhpur,Rural,All ages,2422551,1260328,1162223,1264211,494629,769582,1158340,765699,392641
08,113,jodhpur,Rural,0-6,441955,233566,208389,441955,233566,208389,0,0,0
08,113,jodhpur,Rural,7,61438,32058,29380,20549,9428,11121,40889,22630,18259
08,113,jodhpur,Rural,8,76245,39775,36470,16628,6922,9706,59617,32853,26764
08,113,jodhpur,Rural,9,56183,29515,26668,8620,3342,5278,47563,26173,21390
08,113,jodhpur,Rural,10,83682,43818,39864,13902,5098,8804,69780,38720,31060
08,113,jodhpur,Rural,11,59486,31377,28109,7691,2467,5224,51795,28910,22885
08,113,jodhpur,Rural,12,72063,37727,34336,10099,2983,7116,61964,34744,27220
08,113,jodhpur,Rural,13,59650,30573,29077,8431,2232,6199,51219,28341,22878
08,113,jodhpur,Rural,14,59562,31042,28520,8729,2352,6377,50833,28690,22143
08,113,jodhpur,Rural,15,60173,32403,27770,9781,2881,6900,50392,29522,20870
08,113,jodhpur,Rural,16,55209,30273,24936,9125,2706,6419,46084,27567,18517
08,113,jodhpur,Rural,17,39734,22550,17184,6419,1786,4633,33315,20764,12551
08,113,jodhpur,Rural,18,60685,33899,26786,13632,3723,9909,47053,30176,16877
08,113,jodhpur,Rural,19,36303,18846,17457,9049,1858,7191,27254,16988,10266
08,113,jodhpur,Rural,20-24,211749,113222,98527,70952,16854,54098,140797,96368,44429
08,113,jodhpur,Rural,25-29,181869,93731,88138,80003,19313,60690,101866,74418,27448
08,113,jodhpur,Rural,30-34,157198,80646,76552,78108,19385,58723,79090,61261,17829
08,113,jodhpur,Rural,35-39,134169,69028,65141,75222,21093,54129,58947,47935,11012
08,113,jodhpur,Rural,40-44,112090,58285,53805,70215,23325,46890,41875,34960,6915
08,113,jodhpur,Rural,45-49,95663,48227,47436,65287,22248,43039,30376,25979,4397
08,113,jodhpur,Rural,50-54,79503,42226,37277,56347,21992,34355,23156,20234,2922
08,113,jodhpur,Rural,55-59,58958,28403,30555,43907,15355,28552,15051,13048,2003
08,113,jodhpur,Rural,60-64,57105,28912,28193,44476,17808,26668,12629,11104,1525
08,113,jodhpur,Rural,65-69,38571,17866,20705,31625,11805,19820,6946,6061,885
08,113,jodhpur,Rural,70-74,35151,16527,18624,30379,12372,18007,4772,4155,617
08,113,jodhpur,Rural,75-79,16024,6833,9191,14024,5132,8892,2000,1701,299
08,113,jodhpur,Rural,80+,21280,8480,12800,18767,6467,12300,2513,2013,500
08,113,jodhpur,Rural,Age not stated,853,520,333,289,136,153,564,384,180
08,113,jodhpur,Urban,All ages,1264614,663600,601014,391422,163546,227876,873192,500054,373138
08,113,jodhpur,Urban,0-6,164535,87165,77370,164535,87165,77370,0,0,0
08,113,jodhpur,Urban,7,25263,13404,11859,6426,3306,3120,18837,10098,8739
08,113,jodhpur,Urban,8,26620,14014,12606,4662,2266,2396,21958,11748,10210
08,113,jodhpur,Urban,9,23462,12546,10916,3076,1496,1580,20386,11050,9336
08,113,jodhpur,Urban,10,30060,16092,13968,4505,2178,2327,25555,13914,11641
08,113,jodhpur,Urban,11,24855,13148,11707,2577,1209,1368,22278,11939,10339
08,113,jodhpur,Urban,12,27242,14622,12620,3114,1459,1655,24128,13163,10965
08,113,jodhpur,Urban,13,24621,12986,11635,2527,1141,1386,22094,11845,10249
08,113,jodhpur,Urban,14,25243,13325,11918,2668,1161,1507,22575,12164,10411
08,113,jodhpur,Urban,15,26760,14492,12268,3260,1528,1732,23500,12964,10536
08,113,jodhpur,Urban,16,25138,13501,11637,2890,1308,1582,22248,12193,10055
08,113,jodhpur,Urban,17,23263,12519,10744,2567,1165,1402,20696,11354,9342
08,113,jodhpur,Urban,18,29373,15722,13651,4257,1780,2477,25116,13942,11174
08,113,jodhpur,Urban,19,22966,12217,10749,2893,1103,1790,20073,11114,8959
08,113,jodhpur,Urban,20-24,127434,66903,60531,19467,7118,12349,107967,59785,48182
08,113,jodhpur,Urban,25-29,116965,60618,56347,20377,6600,13777,96588,54018,42570
08,113,jodhpur,Urban,30-34,101921,52810,49111,20927,6292,14635,80994,46518,34476
08,113,jodhpur,Urban,35-39,91959,47898,44061,21640,6525,15115,70319,41373,28946
08,113,jodhpur,Urban,40-44,76434,40171,36263,19686,6151,13535,56748,34020,22728
08,113,jodhpur,Urban,45-49,66888,35325,31563,17918,5265,12653,48970,30060,18910
08,113,jodhpur,Urban,50-54,52839,28555,24284,14615,4609,10006,38224,23946,14278
08,113,jodhpur,Urban,55-59,39915,20989,18926,11298,3064,8234,28617,17925,10692
08,113,jodhpur,Urban,60-64,32527,16907,15620,10684,3063,7621,21843,13844,7999
08,113,jodhpur,Urban,65-69,21082,10377,10705,7852,2112,5740,13230,8265,4965
08,113,jodhpur,Urban,70-74,16012,7842,8170,6909,1945,4964,9103,5897,3206
08,113,jodhpur,Urban,75-79,8660,4107,4553,3725,968,2757,4935,3139,1796
08,113,jodhpur,Urban,80+,11653,4826,6827,6057,1422,4635,5596,3404,2192
08,113,jodhpur,Urban,Age not stated,924,519,405,310,147,163,614,372,242
08,114,jaisalmer,Total,All ages,669919,361708,308211,361266,151293,209973,308653,210415,98238
08,114,jaisalmer,Total,0-6,130463,69610,60853,130463,69610,60853,0,0,0
08,114,jaisalmer,Total,7,16456,8809,7647,7785,3829,3956,8671,4980,3691
08,114,jaisalmer,Total,8,22066,11833,10233,7116,3097,4019,14950,8736,6214
08,114,jaisalmer,Total,9,16163,8691,7472,3742,1493,2249,12421,7198,5223
08,114,jaisalmer,Total,10,22993,12415,10578,5310,2017,3293,17683,10398,7285
08,114,jaisalmer,Total,11,16009,8737,7272,2869,974,1895,13140,7763,5377
08,114,jaisalmer,Total,12,19594,10691,8903,3878,1324,2554,15716,9367,6349
08,114,jaisalmer,Total,13,15253,8353,6900,2813,864,1949,12440,7489,4951
08,114,jaisalmer,Total,14,15308,8378,6930,2897,881,2016,12411,7497,4914
08,114,jaisalmer,Total,15,14543,8323,6220,3204,1133,2071,11339,7190,4149
08,114,jaisalmer,Total,16,13401,7987,5414,2813,1017,1796,10588,6970,3618
08,114,jaisalmer,Total,17,9786,5877,3909,1997,678,1319,7789,5199,2590
08,114,jaisalmer,Total,18,15257,9046,6211,4216,1415,2801,11041,7631,3410
08,114,jaisalmer,Total,19,9887,5498,4389,2698,702,1996,7189,4796,2393
08,114,jaisalmer,Total,20-24,58687,32020,26667,20797,6080,14717,37890,25940,11950
08,114,jaisalmer,Total,25-29,53103,28691,24412,22202,6463,15739,30901,22228,8673
08,114,jaisalmer,Total,30-34,45094,24211,20883,20641,5698,14943,24453,18513,5940
08,114,jaisalmer,Total,35-39,36641,19646,16995,19083,5928,13155,17558,13718,3840
08,114,jaisalmer,Total,40-44,31356,17033,14323,18179,6431,11748,13177,10602,2575
08,114,jaisalmer,Total,45-49,27203,14515,12688,17040,6233,10807,10163,8282,1881
08,114,jaisalmer,Total,50-54,22318,12314,10004,14877,6053,8824,7441,6261,1180
08,114,jaisalmer,Total,55-59,15880,8134,7746,11459,4467,6992,4421,3667,754
08,114,jaisalmer,Total,60-64,14518,7603,6915,11401,4989,6412,3117,2614,503
08,114,jaisalmer,Total,65-69,9790,4780,5010,8124,3421,4703,1666,1359,307
08,114,jaisalmer,Total,70-74,8436,4148,4288,7343,3213,4130,1093,935,158
08,114,jaisalmer,Total,75-79,3970,1778,2192,3469,1356,2113,501,422,79
08,114,jaisalmer,Total,80+,5065,2204,2861,4466,1741,2725,599,463,136
08,114,jaisalmer,Total,Age not stated,679,383,296,384,186,198,295,197,98
08,114,jaisalmer,Rural,All ages,580894,312447,268447,331605,139094,192511,249289,173353,75936
08,114,jaisalmer,Rural,0-6,117527,62734,54793,117527,62734,54793,0,0,0
08,114,jaisalmer,Rural,7,14588,7808,6780,7196,3528,3668,7392,4280,3112
08,114,jaisalmer,Rural,8,19876,10660,9216,6668,2885,3783,13208,7775,5433
08,114,jaisalmer,Rural,9,14297,7707,6590,3487,1395,2092,10810,6312,4498
08,114,jaisalmer,Rural,10,20592,11107,9485,4968,1868,3100,15624,9239,6385
08,114,jaisalmer,Rural,11,14139,7662,6477,2649,868,1781,11490,6794,4696
08,114,jaisalmer,Rural,12,17439,9516,7923,3634,1217,2417,13805,8299,5506
08,114,jaisalmer,Rural,13,13431,7377,6054,2624,795,1829,10807,6582,4225
08,114,jaisalmer,Rural,14,13510,7420,6090,2726,831,1895,10784,6589,4195
08,114,jaisalmer,Rural,15,12838,7399,5439,2992,1055,1937,9846,6344,3502
08,114,jaisalmer,Rural,16,11767,7052,4715,2638,957,1681,9129,6095,3034
08,114,jaisalmer,Rural,17,8417,5117,3300,1841,605,1236,6576,4512,2064
08,114,jaisalmer,Rural,18,13447,8007,5440,3953,1305,2648,9494,6702,2792
08,114,jaisalmer,Rural,19,8461,4743,3718,2517,648,1869,5944,4095,1849
08,114,jaisalmer,Rural,20-24,50211,27385,22826,19383,5659,13724,30828,21726,9102
08,114,jaisalmer,Rural,25-29,44315,23674,20641,20639,5982,14657,23676,17692,5984
08,114,jaisalmer,Rural,30-34,37389,19835,17554,19050,5264,13786,18339,14571,3768
08,114,jaisalmer,Rural,35-39,29932,15835,14097,17458,5481,11977,12474,10354,2120
08,114,jaisalmer,Rural,40-44,25742,13683,12059,16679,5969,10710,9063,7714,1349
08,114,jaisalmer,Rural,45-49,22505,11806,10699,15626,5799,9827,6879,6007,872
08,114,jaisalmer,Rural,50-54,18904,10306,8598,13795,5712,8083,5109,4594,515
08,114,jaisalmer,Rural,55-59,13733,6980,6753,10692,4254,6438,3041,2726,315
08,114,jaisalmer,Rural,60-64,12838,6729,6109,10645,4763,5882,2193,1966,227
08,114,jaisalmer,Rural,65-69,8729,4272,4457,7603,3287,4316,1126,985,141
08,114,jaisalmer,Rural,70-74,7545,3715,3830,6845,3082,3763,700,633,67
08,114,jaisalmer,Rural,75-79,3527,1576,1951,3230,1310,1920,297,266,31
08,114,jaisalmer,Rural,80+,4558,1988,2570,4165,1658,2507,393,330,63
08,114,jaisalmer,Rural,Age not stated,637,354,283,375,183,192,262,171,91
08,114,jaisalmer,Urban,All ages,89025,49261,39764,29661,12199,17462,59364,37062,22302
08,114,jaisalmer,Urban,0-6,12936,6876,6060,12936,6876,6060,0,0,0
08,114,jaisalmer,Urban,7,1868,1001,867,589,301,288,1279,700,579
08,114,jaisalmer,Urban,8,2190,1173,1017,448,212,236,1742,961,781
08,114,jaisalmer,Urban,9,1866,984,882,255,98,157,1611,886,725
08,114,jaisalmer,Urban,10,2401,1308,1093,342,149,193,2059,1159,900
08,114,jaisalmer,Urban,11,1870,1075,795,220,106,114,1650,969,681
08,114,jaisalmer,Urban,12,2155,1175,980,244,107,137,1911,1068,843
08,114,jaisalmer,Urban,13,1822,976,846,189,69,120,1633,907,726
08,114,jaisalmer,Urban,14,1798,958,840,171,50,121,1627,908,719
08,114,jaisalmer,Urban,15,1705,924,781,212,78,134,1493,846,647
08,114,jaisalmer,Urban,16,1634,935,699,175,60,115,1459,875,584
08,114,jaisalmer,Urban,17,1369,760,609,156,73,83,1213,687,526
08,114,jaisalmer,Urban,18,1810,1039,771,263,110,153,1547,929,618
08,114,jaisalmer,Urban,19,1426,755,671,181,54,127,1245,701,544
08,114,jaisalmer,Urban,20-24,8476,4635,3841,1414,421,993,7062,4214,2848
08,114,jaisalmer,Urban,25-29,8788,5017,3771,1563,481,1082,7225,4536,2689
08,114,jaisalmer,Urban,30-34,7705,4376,3329,1591,434,1157,6114,3942,2172
08,114,jaisalmer,Urban,35-39,6709,3811,2898,1625,447,1178,5084,3364,1720
08,114,jaisalmer,Urban,40-44,5614,3350,2264,1500,462,1038,4114,2888,1226
08,114,jaisalmer,Urban,45-49,4698,2709,1989,1414,434,980,3284,2275,1009
08,114,jaisalmer,Urban,50-54,3414,2008,1406,1082,341,741,2332,1667,665
08,114,jaisalmer,Urban,55-59,2147,1154,993,767,213,554,1380,941,439
08,114,jaisalmer,Urban,60-64,1680,874,806,756,226,530,924,648,276
08,114,jaisalmer,Urban,65-69,1061,508,553,521,134,387,540,374,166
08,114,jaisalmer,Urban,70-74,891,433,458,498,131,367,393,302,91
08,114,jaisalmer,Urban,75-79,443,202,241,239,46,193,204,156,48
08,114,jaisalmer,Urban,80+,507,216,291,301,83,218,206,133,73
08,114,jaisalmer,Urban,Age not stated,42,29,13,9,3,6,33,26,7
08,115,barmer,Total,All ages,2603751,1369022,1234729,1415429,585561,829868,1188322,783461,404861
08,115,barmer,Total,0-6,501522,263356,238166,501522,263356,238166,0,0,0
08,115,barmer,Total,7,66354,34923,31431,26440,12486,13954,39914,22437,17477
08,115,barmer,Total,8,83020,43586,39434,20774,8829,11945,62246,34757,27489
08,115,barmer,Total,9,60905,32126,28779,10340,3997,6343,50565,28129,22436
08,115,barmer,Total,10,91163,47935,43228,16745,6205,10540,74418,41730,32688
08,115,barmer,Total,11,65107,34470,30637,8909,2938,5971,56198,31532,24666
08,115,barmer,Total,12,78209,41311,36898,12371,3837,8534,65838,37474,28364
08,115,barmer,Total,13,60565,31591,28974,9054,2508,6546,51511,29083,22428
08,115,barmer,Total,14,61060,32352,28708,9620,2681,6939,51440,29671,21769
08,115,barmer,Total,15,60560,32839,27721,11387,3455,7932,49173,29384,19789
08,115,barmer,Total,16,55636,30871,24765,10425,3382,7043,45211,27489,17722
08,115,barmer,Total,17,39345,22642,16703,6972,2207,4765,32373,20435,11938
08,115,barmer,Total,18,60810,35370,25440,14831,4701,10130,45979,30669,15310
08,115,barmer,Total,19,36934,19534,17400,9483,2300,7183,27451,17234,10217
08,115,barmer,Total,20-24,220757,121144,99613,75601,21289,54312,145156,99855,45301
08,115,barmer,Total,25-29,189175,99248,89927,84861,23774,61087,104314,75474,28840
08,115,barmer,Total,30-34,164808,85773,79035,83613,23576,60037,81195,62197,18998
08,115,barmer,Total,35-39,140790,73764,67026,81023,25793,55230,59767,47971,11796
08,115,barmer,Total,40-44,117011,61001,56010,76829,28482,48347,40182,32519,7663
08,115,barmer,Total,45-49,105020,53352,51668,73224,27366,45858,31796,25986,5810
08,115,barmer,Total,50-54,87400,47517,39883,63563,27397,36166,23837,20120,3717
08,115,barmer,Total,55-59,64276,31950,32326,49361,19485,29876,14915,12465,2450
08,115,barmer,Total,60-64,60024,30798,29226,48827,21436,27391,11197,9362,1835
08,115,barmer,Total,65-69,41485,19696,21789,35179,14470,20709,6306,5226,1080
08,115,barmer,Total,70-74,36270,17277,18993,32179,13918,18261,4091,3359,732
08,115,barmer,Total,75-79,16007,6927,9080,14223,5505,8718,1784,1422,362
08,115,barmer,Total,80+,21014,8152,12862,18948,6621,12327,2066,1531,535
08,115,barmer,Total,Age not stated,18524,9517,9007,9125,3567,5558,9399,5950,3449
08,115,barmer,Rural,All ages,2421914,1273249,1148665,1355249,562374,792875,1066665,710875,355790
08,115,barmer,Rural,0-6,475218,249480,225738,475218,249480,225738,0,0,0
08,115,barmer,Rural,7,62507,32884,29623,25412,11979,13433,37095,20905,16190
08,115,barmer,Rural,8,78855,41376,37479,20066,8494,11572,58789,32882,25907
08,115,barmer,Rural,9,57294,30214,27080,9926,3813,6113,47368,26401,20967
08,115,barmer,Rural,10,86400,45349,41051,16123,5930,10193,70277,39419,30858
08,115,barmer,Rural,11,61107,32363,28744,8559,2817,5742,52548,29546,23002
08,115,barmer,Rural,12,73856,38977,34879,11969,3652,8317,61887,35325,26562
08,115,barmer,Rural,13,56954,29723,27231,8749,2395,6354,48205,27328,20877
08,115,barmer,Rural,14,57260,30290,26970,9289,2557,6732,47971,27733,20238
08,115,barmer,Rural,15,56691,30764,25927,11019,3307,7712,45672,27457,18215
08,115,barmer,Rural,16,51904,28881,23023,10079,3245,6834,41825,25636,16189
08,115,barmer,Rural,17,36197,20911,15286,6725,2107,4618,29472,18804,10668
08,115,barmer,Rural,18,56770,33109,23661,14367,4520,9847,42403,28589,13814
08,115,barmer,Rural,19,33843,17927,15916,9128,2192,6936,24715,15735,8980
08,115,barmer,Rural,20-24,202500,111550,90950,73102,20587,52515,129398,90963,38435
08,115,barmer,Rural,25-29,173048,90841,82207,82001,23114,58887,91047,67727,23320
08,115,barmer,Rural,30-34,151039,78545,72494,80672,22922,57750,70367,55623,14744
08,115,barmer,Rural,35-39,128277,67168,61109,77853,25050,52803,50424,42118,8306
08,115,barmer,Rural,40-44,106492,55244,51248,73858,27755,46103,32634,27489,5145
08,115,barmer,Rural,45-49,96015,48600,47415,70396,26736,43660,25619,21864,3755
08,115,barmer,Rural,50-54,80311,43630,36681,61191,26789,34402,19120,16841,2279
08,115,barmer,Rural,55-59,59200,29335,29865,47422,19046,28376,11778,10289,1489
08,115,barmer,Rural,60-64,55873,28706,27167,46964,20963,26001,8909,7743,1166
08,115,barmer,Rural,65-69,38818,18402,20416,33865,14151,19714,4953,4251,702
08,115,barmer,Rural,70-74,34221,16358,17863,30981,13618,17363,3240,2740,500
08,115,barmer,Rural,75-79,14915,6442,8473,13613,5363,8250,1302,1079,223
08,115,barmer,Rural,80+,19787,7685,12102,18124,6433,11691,1663,1252,411
08,115,barmer,Rural,Age not stated,16562,8495,8067,8578,3359,5219,7984,5136,2848
08,115,barmer,Urban,All ages,181837,95773,86064,60180,23187,36993,121657,72586,49071
08,115,barmer,Urban,0-6,26304,13876,12428,26304,13876,12428,0,0,0
08,115,barmer,Urban,7,3847,2039,1808,1028,507,521,2819,1532,1287
08,115,barmer,Urban,8,4165,2210,1955,708,335,373,3457,1875,1582
08,115,barmer,Urban,9,3611,1912,1699,414,184,230,3197,1728,1469
08,115,barmer,Urban,10,4763,2586,2177,622,275,347,4141,2311,1830
08,115,barmer,Urban,11,4000,2107,1893,350,121,229,3650,1986,1664
08,115,barmer,Urban,12,4353,2334,2019,402,185,217,3951,2149,1802
08,115,barmer,Urban,13,3611,1868,1743,305,113,192,3306,1755,1551
08,115,barmer,Urban,14,3800,2062,1738,331,124,207,3469,1938,1531
08,115,barmer,Urban,15,3869,2075,1794,368,148,220,3501,1927,1574
08,115,barmer,Urban,16,3732,1990,1742,346,137,209,3386,1853,1533
08,115,barmer,Urban,17,3148,1731,1417,247,100,147,2901,1631,1270
08,115,barmer,Urban,18,4040,2261,1779,464,181,283,3576,2080,1496
08,115,barmer,Urban,19,3091,1607,1484,355,108,247,2736,1499,1237
08,115,barmer,Urban,20-24,18257,9594,8663,2499,702,1797,15758,8892,6866
08,115,barmer,Urban,25-29,16127,8407,7720,2860,660,2200,13267,7747,5520
08,115,barmer,Urban,30-34,13769,7228,6541,2941,654,2287,10828,6574,4254
08,115,barmer,Urban,35-39,12513,6596,5917,3170,743,2427,9343,5853,3490
08,115,barmer,Urban,40-44,10519,5757,4762,2971,727,2244,7548,5030,2518
08,115,barmer,Urban,45-49,9005,4752,4253,2828,630,2198,6177,4122,2055
08,115,barmer,Urban,50-54,7089,3887,3202,2372,608,1764,4717,3279,1438
08,115,barmer,Urban,55-59,5076,2615,2461,1939,439,1500,3137,2176,961
08,115,barmer,Urban,60-64,4151,2092,2059,1863,473,1390,2288,1619,669
08,115,barmer,Urban,65-69,2667,1294,1373,1314,319,995,1353,975,378
08,115,barmer,Urban,70-74,2049,919,1130,1198,300,898,851,619,232
08,115,barmer,Urban,75-79,1092,485,607,610,142,468,482,343,139
08,115,barmer,Urban,80+,1227,467,760,824,188,636,403,279,124
08,115,barmer,Urban,Age not stated,1962,1022,940,547,208,339,1415,814,601
08,116,jalor,Total,All ages,1828730,936634,892096,999148,392711,606437,829582,543923,285659
08,116,jalor,Total,0-6,316455,166999,149456,316455,166999,149456,0,0,0
08,116,jalor,Total,7,44024,23161,20863,15187,6799,8388,28837,16362,12475
08,116,jalor,Total,8,55415,29002,26413,12498,5011,7487,42917,23991,18926
08,116,jalor,Total,9,39005,20549,18456,6143,2218,3925,32862,18331,14531
08,116,jalor,Total,10,63333,33019,30314,11144,3822,7322,52189,29197,22992
08,116,jalor,Total,11,43563,23290,20273,5721,1740,3981,37842,21550,16292
08,116,jalor,Total,12,56207,29472,26735,8847,2487,6360,47360,26985,20375
08,116,jalor,Total,13,43086,22420,20666,6438,1568,4870,36648,20852,15796
08,116,jalor,Total,14,45398,23391,22007,7629,1836,5793,37769,21555,16214
08,116,jalor,Total,15,44498,23029,21469,8472,2164,6308,36026,20865,15161
08,116,jalor,Total,16,43459,22349,21110,8922,2268,6654,34537,20081,14456
08,116,jalor,Total,17,29741,15545,14196,5703,1434,4269,24038,14111,9927
08,116,jalor,Total,18,45262,24055,21207,11469,3081,8388,33793,20974,12819
08,116,jalor,Total,19,26064,13076,12988,6564,1331,5233,19500,11745,7755
08,116,jalor,Total,20-24,153320,79244,74076,55047,12429,42618,98273,66815,31458
08,116,jalor,Total,25-29,127666,64469,63197,59873,14343,45530,67793,50126,17667
08,116,jalor,Total,30-34,115532,57065,58467,62984,16217,46767,52548,40848,11700
08,116,jalor,Total,35-39,105226,53086,52140,64076,19748,44328,41150,33338,7812
08,116,jalor,Total,40-44,90468,46318,44150,61171,22361,38810,29297,23957,5340
08,116,jalor,Total,45-49,79372,39785,39587,56630,20833,35797,22742,18952,3790
08,116,jalor,Total,50-54,64747,34645,30102,48608,21023,27585,16139,13622,2517
08,116,jalor,Total,55-59,49405,23453,25952,38837,14616,24221,10568,8837,1731
08,116,jalor,Total,60-64,47715,24215,23500,38932,16818,22114,8783,7397,1386
08,116,jalor,Total,65-69,32552,14803,17749,27204,10504,16700,5348,4299,1049
08,116,jalor,Total,70-74,27383,13011,14372,24107,10294,13813,3276,2717,559
08,116,jalor,Total,75-79,11895,4960,6935,10580,3896,6684,1315,1064,251
08,116,jalor,Total,80+,15682,6155,9527,13888,4808,9080,1794,1347,447
08,116,jalor,Total,Age not stated,12257,6068,6189,6019,2063,3956,6238,4005,2233
08,116,jalor,Rural,All ages,1676975,857619,819356,939300,370212,569088,737675,487407,250268
08,116,jalor,Rural,0-6,294006,155142,138864,294006,155142,138864,0,0,0
08,116,jalor,Rural,7,40621,21380,19241,14343,6429,7914,26278,14951,11327
08,116,jalor,Rural,8,51604,26939,24665,11877,4744,7133,39727,22195,17532
08,116,jalor,Rural,9,35952,18903,17049,5751,2064,3687,30201,16839,13362
08,116,jalor,Rural,10,58839,30588,28251,10473,3530,6943,48366,27058,21308
08,116,jalor,Rural,11,39892,21333,18559,5292,1567,3725,34600,19766,14834
08,116,jalor,Rural,12,52251,27353,24898,8347,2305,6042,43904,25048,18856
08,116,jalor,Rural,13,39671,20591,19080,6055,1428,4627,33616,19163,14453
08,116,jalor,Rural,14,41928,21580,20348,7180,1683,5497,34748,19897,14851
08,116,jalor,Rural,15,40833,21100,19733,7937,1966,5971,32896,19134,13762
08,116,jalor,Rural,16,40013,20532,19481,8450,2100,6350,31563,18432,13131
08,116,jalor,Rural,17,27019,14051,12968,5344,1323,4021,21675,12728,8947
08,116,jalor,Rural,18,41476,22002,19474,10874,2867,8007,30602,19135,11467
08,116,jalor,Rural,19,23480,11705,11775,6195,1246,4949,17285,10459,6826
08,116,jalor,Rural,20-24,138981,71672,67309,52109,11637,40472,86872,60035,26837
08,116,jalor,Rural,25-29,115773,58378,57395,56650,13573,43077,59123,44805,14318
08,116,jalor,Rural,30-34,104927,51776,53151,59571,15474,44097,45356,36302,9054
08,116,jalor,Rural,35-39,95431,47994,47437,60497,18867,41630,34934,29127,5807
08,116,jalor,Rural,40-44,82308,42085,40223,57910,21525,36385,24398,20560,3838
08,116,jalor,Rural,45-49,72371,36210,36161,53573,20048,33525,18798,16162,2636
08,116,jalor,Rural,50-54,59197,31681,27516,46045,20214,25831,13152,11467,1685
08,116,jalor,Rural,55-59,45173,21343,23830,36763,14095,22668,8410,7248,1162
08,116,jalor,Rural,60-64,44205,22436,21769,36998,16218,20780,7207,6218,989
08,116,jalor,Rural,65-69,30259,13753,16506,25867,10141,15726,4392,3612,780
08,116,jalor,Rural,70-74,25522,12161,13361,22876,9923,12953,2646,2238,408
08,116,jalor,Rural,75-79,11083,4605,6478,10054,3754,6300,1029,851,178
08,116,jalor,Rural,80+,14624,5713,8911,13175,4612,8563,1449,1101,348
08,116,jalor,Rural,Age not stated,9536,4613,4923,5088,1737,3351,4448,2876,1572
08,116,jalor,Urban,All ages,151755,79015,72740,59848,22499,37349,91907,56516,35391
08,116,jalor,Urban,0-6,22449,11857,10592,22449,11857,10592,0,0,0
08,116,jalor,Urban,7,3403,1781,1622,844,370,474,2559,1411,1148
08,116,jalor,Urban,8,3811,2063,1748,621,267,354,3190,1796,1394
08,116,jalor,Urban,9,3053,1646,1407,392,154,238,2661,1492,1169
08,116,jalor,Urban,10,4494,2431,2063,671,292,379,3823,2139,1684
08,116,jalor,Urban,11,3671,1957,1714,429,173,256,3242,1784,1458
08,116,jalor,Urban,12,3956,2119,1837,500,182,318,3456,1937,1519
08,116,jalor,Urban,13,3415,1829,1586,383,140,243,3032,1689,1343
08,116,jalor,Urban,14,3470,1811,1659,449,153,296,3021,1658,1363
08,116,jalor,Urban,15,3665,1929,1736,535,198,337,3130,1731,1399
08,116,jalor,Urban,16,3446,1817,1629,472,168,304,2974,1649,1325
08,116,jalor,Urban,17,2722,1494,1228,359,111,248,2363,1383,980
08,116,jalor,Urban,18,3786,2053,1733,595,214,381,3191,1839,1352
08,116,jalor,Urban,19,2584,1371,1213,369,85,284,2215,1286,929
08,116,jalor,Urban,20-24,14339,7572,6767,2938,792,2146,11401,6780,4621
08,116,jalor,Urban,25-29,11893,6091,5802,3223,770,2453,8670,5321,3349
08,116,jalor,Urban,30-34,10605,5289,5316,3413,743,2670,7192,4546,2646
08,116,jalor,Urban,35-39,9795,5092,4703,3579,881,2698,6216,4211,2005
08,116,jalor,Urban,40-44,8160,4233,3927,3261,836,2425,4899,3397,1502
08,116,jalor,Urban,45-49,7001,3575,3426,3057,785,2272,3944,2790,1154
08,116,jalor,Urban,50-54,5550,2964,2586,2563,809,1754,2987,2155,832
08,116,jalor,Urban,55-59,4232,2110,2122,2074,521,1553,2158,1589,569
08,116,jalor,Urban,60-64,3510,1779,1731,1934,600,1334,1576,1179,397
08,116,jalor,Urban,65-69,2293,1050,1243,1337,363,974,956,687,269
08,116,jalor,Urban,70-74,1861,850,1011,1231,371,860,630,479,151
08,116,jalor,Urban,75-79,812,355,457,526,142,384,286,213,73
08,116,jalor,Urban,80+,1058,442,616,713,196,517,345,246,99
08,116,jalor,Urban,Age not stated,2721,1455,1266,931,326,605,1790,1129,661
08,117,sirohi,Total,All ages,1036346,534231,502115,559540,224331,335209,476806,309900,166906
08,117,sirohi,Total,0-6,173364,91370,81994,173364,91370,81994,0,0,0
08,117,sirohi,Total,7,23767,12618,11149,10541,4909,5632,13226,7709,5517
08,117,sirohi,Total,8,28262,14948,13314,9043,3640,5403,19219,11308,7911
08,117,sirohi,Total,9,21837,11894,9943,4872,1836,3036,16965,10058,6907
08,117,sirohi,Total,10,31656,16674,14982,8657,3115,5542,22999,13559,9440
08,117,sirohi,Total,11,22689,12319,10370,4146,1349,2797,18543,10970,7573
08,117,sirohi,Total,12,28295,15152,13143,6611,2100,4511,21684,13052,8632
08,117,sirohi,Total,13,22820,12336,10484,4555,1377,3178,18265,10959,7306
08,117,sirohi,Total,14,24182,12949,11233,5064,1446,3618,19118,11503,7615
08,117,sirohi,Total,15,24097,12923,11174,5679,1775,3904,18418,11148,7270
08,117,sirohi,Total,16,23198,12285,10913,5592,1680,3912,17606,10605,7001
08,117,sirohi,Total,17,17882,9568,8314,3627,1012,2615,14255,8556,5699
08,117,sirohi,Total,18,26342,13373,12969,7910,2083,5827,18432,11290,7142
08,117,sirohi,Total,19,16903,8396,8507,4555,979,3576,12348,7417,4931
08,117,sirohi,Total,20-24,88960,46041,42919,31034,8718,22316,57926,37323,20603
08,117,sirohi,Total,25-29,75036,38350,36686,32585,9912,22673,42451,28438,14013
08,117,sirohi,Total,30-34,68765,34460,34305,33691,10262,23429,35074,24198,10876
08,117,sirohi,Total,35-39,66805,33597,33208,36406,11907,24499,30399,21690,8709
08,117,sirohi,Total,40-44,58140,29779,28361,34771,12631,22140,23369,17148,6221
08,117,sirohi,Total,45-49,50691,25840,24851,32414,12141,20273,18277,13699,4578
08,117,sirohi,Total,50-54,39581,21044,18537,26846,11260,15586,12735,9784,2951
08,117,sirohi,Total,55-59,29943,14507,15436,21148,7783,13365,8795,6724,2071
08,117,sirohi,Total,60-64,26895,13263,13632,20227,8126,12101,6668,5137,1531
08,117,sirohi,Total,65-69,18281,8291,9990,13907,4975,8932,4374,3316,1058
08,117,sirohi,Total,70-74,13823,6489,7334,10943,4221,6722,2880,2268,612
08,117,sirohi,Total,75-79,6201,2577,3624,4858,1579,3279,1343,998,345
08,117,sirohi,Total,80+,7527,2991,4536,6292,2069,4223,1235,922,313
08,117,sirohi,Total,Age not stated,404,197,207,202,76,126,202,121,81
08,117,sirohi,Rural,All ages,827692,424252,403440,494683,200139,294544,333009,224113,108896
08,117,sirohi,Rural,0-6,147415,77442,69973,147415,77442,69973,0,0,0
08,117,sirohi,Rural,7,19629,10370,9259,9528,4396,5132,10101,5974,4127
08,117,sirohi,Rural,8,23939,12610,11329,8417,3353,5064,15522,9257,6265
08,117,sirohi,Rural,9,17924,9718,8206,4506,1684,2822,13418,8034,5384
08,117,sirohi,Rural,10,26700,13984,12716,8126,2898,5228,18574,11086,7488
08,117,sirohi,Rural,11,18288,9864,8424,3848,1230,2618,14440,8634,5806
08,117,sirohi,Rural,12,23580,12578,11002,6201,1940,4261,17379,10638,6741
08,117,sirohi,Rural,13,18393,9941,8452,4212,1250,2962,14181,8691,5490
08,117,sirohi,Rural,14,19637,10516,9121,4725,1328,3397,14912,9188,5724
08,117,sirohi,Rural,15,19453,10356,9097,5282,1635,3647,14171,8721,5450
08,117,sirohi,Rural,16,18614,9809,8805,5224,1548,3676,13390,8261,5129
08,117,sirohi,Rural,17,13781,7298,6483,3352,901,2451,10429,6397,4032
08,117,sirohi,Rural,18,21454,10730,10724,7449,1930,5519,14005,8800,5205
08,117,sirohi,Rural,19,13106,6379,6727,4236,879,3357,8870,5500,3370
08,117,sirohi,Rural,20-24,69451,35723,33728,28669,8053,20616,40782,27670,13112
08,117,sirohi,Rural,25-29,57738,29416,28322,29748,9226,20522,27990,20190,7800
08,117,sirohi,Rural,30-34,52663,26142,26521,30373,9551,20822,22290,16591,5699
08,117,sirohi,Rural,35-39,51038,25461,25577,32473,10982,21491,18565,14479,4086
08,117,sirohi,Rural,40-44,44563,22623,21940,30952,11718,19234,13611,10905,2706
08,117,sirohi,Rural,45-49,38951,19611,19340,28730,11265,17465,10221,8346,1875
08,117,sirohi,Rural,50-54,30662,16178,14484,23841,10473,13368,6821,5705,1116
08,117,sirohi,Rural,55-59,23178,10975,12203,18672,7223,11449,4506,3752,754
08,117,sirohi,Rural,60-64,21403,10546,10857,17792,7532,10260,3611,3014,597
08,117,sirohi,Rural,65-69,14396,6511,7885,12028,4554,7474,2368,1957,411
08,117,sirohi,Rural,70-74,10864,5025,5839,9444,3840,5604,1420,1185,235
08,117,sirohi,Rural,75-79,4694,1942,2752,4059,1411,2648,635,531,104
08,117,sirohi,Rural,80+,5857,2341,3516,5209,1833,3376,648,508,140
08,117,sirohi,Rural,Age not stated,321,163,158,172,64,108,149,99,50
08,117,sirohi,Urban,All ages,208654,109979,98675,64857,24192,40665,143797,85787,58010
08,117,sirohi,Urban,0-6,25949,13928,12021,25949,13928,12021,0,0,0
08,117,sirohi,Urban,7,4138,2248,1890,1013,513,500,3125,1735,1390
08,117,sirohi,Urban,8,4323,2338,1985,626,287,339,3697,2051,1646
08,117,sirohi,Urban,9,3913,2176,1737,366,152,214,3547,2024,1523
08,117,sirohi,Urban,10,4956,2690,2266,531,217,314,4425,2473,1952
08,117,sirohi,Urban,11,4401,2455,1946,298,119,179,4103,2336,1767
08,117,sirohi,Urban,12,4715,2574,2141,410,160,250,4305,2414,1891
08,117,sirohi,Urban,13,4427,2395,2032,343,127,216,4084,2268,1816
08,117,sirohi,Urban,14,4545,2433,2112,339,118,221,4206,2315,1891
08,117,sirohi,Urban,15,4644,2567,2077,397,140,257,4247,2427,1820
08,117,sirohi,Urban,16,4584,2476,2108,368,132,236,4216,2344,1872
08,117,sirohi,Urban,17,4101,2270,1831,275,111,164,3826,2159,1667
08,117,sirohi,Urban,18,4888,2643,2245,461,153,308,4427,2490,1937
08,117,sirohi,Urban,19,3797,2017,1780,319,100,219,3478,1917,1561
08,117,sirohi,Urban,20-24,19509,10318,9191,2365,665,1700,17144,9653,7491
08,117,sirohi,Urban,25-29,17298,8934,8364,2837,686,2151,14461,8248,6213
08,117,sirohi,Urban,30-34,16102,8318,7784,3318,711,2607,12784,7607,5177
08,117,sirohi,Urban,35-39,15767,8136,7631,3933,925,3008,11834,7211,4623
08,117,sirohi,Urban,40-44,13577,7156,6421,3819,913,2906,9758,6243,3515
08,117,sirohi,Urban,45-49,11740,6229,5511,3684,876,2808,8056,5353,2703
08,117,sirohi,Urban,50-54,8919,4866,4053,3005,787,2218,5914,4079,1835
08,117,sirohi,Urban,55-59,6765,3532,3233,2476,560,1916,4289,2972,1317
08,117,sirohi,Urban,60-64,5492,2717,2775,2435,594,1841,3057,2123,934
08,117,sirohi,Urban,65-69,3885,1780,2105,1879,421,1458,2006,1359,647
08,117,sirohi,Urban,70-74,2959,1464,1495,1499,381,1118,1460,1083,377
08,117,sirohi,Urban,75-79,1507,635,872,799,168,631,708,467,241
08,117,sirohi,Urban,80+,1670,650,1020,1083,236,847,587,414,173
08,117,sirohi,Urban,Age not stated,83,34,49,30,12,18,53,22,31
08,118,pali,Total,All ages,2037573,1025422,1012151,951880,358041,593839,1085693,667381,418312
08,118,pali,Total,0-6,297434,156606,140828,297434,156606,140828,0,0,0
08,118,pali,Total,7,44543,23415,21128,13248,6269,6979,31295,17146,14149
08,118,pali,Total,8,49507,25925,23582,8733,3669,5064,40774,22256,18518
08,118,pali,Total,9,41216,21679,19537,5041,2014,3027,36175,19665,16510
08,118,pali,Total,10,59094,31137,27957,7618,2807,4811,51476,28330,23146
08,118,pali,Total,11,47221,24992,22229,4171,1389,2782,43050,23603,19447
08,118,pali,Total,12,55281,28926,26355,5883,1798,4085,49398,27128,22270
08,118,pali,Total,13,46932,24197,22735,4407,1131,3276,42525,23066,19459
08,118,pali,Total,14,48350,25030,23320,4830,1239,3591,43520,23791,19729
08,118,pali,Total,15,49374,25366,24008,5950,1584,4366,43424,23782,19642
08,118,pali,Total,16,46535,23298,23237,5778,1420,4358,40757,21878,18879
08,118,pali,Total,17,37047,18380,18667,4504,1078,3426,32543,17302,15241
08,118,pali,Total,18,49477,23961,25516,8389,1901,6488,41088,22060,19028
08,118,pali,Total,19,33027,15924,17103,5552,1063,4489,27475,14861,12614
08,118,pali,Total,20-24,168425,84822,83603,39881,8766,31115,128544,76056,52488
08,118,pali,Total,25-29,134520,66996,67524,43877,9734,34143,90643,57262,33381
08,118,pali,Total,30-34,125591,61300,64291,50484,11412,39072,75107,49888,25219
08,118,pali,Total,35-39,123337,60383,62954,58538,14821,43717,64799,45562,19237
08,118,pali,Total,40-44,114175,56761,57414,61714,18275,43439,52461,38486,13975
08,118,pali,Total,45-49,104333,52221,52112,61062,19401,41661,43271,32820,10451
08,118,pali,Total,50-54,86934,45443,41491,54746,20388,34358,32188,25055,7133
08,118,pali,Total,55-59,69375,33707,35668,46869,16030,30839,22506,17677,4829
08,118,pali,Total,60-64,63721,31517,32204,46372,17799,28573,17349,13718,3631
08,118,pali,Total,65-69,45305,20726,24579,34382,11994,22388,10923,8732,2191
08,118,pali,Total,70-74,37722,17770,19952,30502,11955,18547,7220,5815,1405
08,118,pali,Total,75-79,17082,7049,10033,13840,4530,9310,3242,2519,723
08,118,pali,Total,80+,23245,8966,14279,19673,6313,13360,3572,2653,919
08,118,pali,Total,Age not stated,18770,8925,9845,8402,2655,5747,10368,6270,4098
08,118,pali,Rural,All ages,1577567,787559,790008,793779,298662,495117,783788,488897,294891
08,118,pali,Rural,0-6,235532,123671,111861,235532,123671,111861,0,0,0
08,118,pali,Rural,7,35035,18491,16544,10860,5125,5735,24175,13366,10809
08,118,pali,Rural,8,39503,20610,18893,7354,3047,4307,32149,17563,14586
08,118,pali,Rural,9,32712,17186,15526,4181,1620,2561,28531,15566,12965
08,118,pali,Rural,10,47238,24806,22432,6293,2246,4047,40945,22560,18385
08,118,pali,Rural,11,37668,19956,17712,3486,1110,2376,34182,18846,15336
08,118,pali,Rural,12,43875,22943,20932,4911,1454,3457,38964,21489,17475
08,118,pali,Rural,13,37103,19049,18054,3663,900,2763,33440,18149,15291
08,118,pali,Rural,14,37912,19586,18326,4052,970,3082,33860,18616,15244
08,118,pali,Rural,15,38350,19579,18771,4919,1233,3686,33431,18346,15085
08,118,pali,Rural,16,36293,17916,18377,4910,1131,3779,31383,16785,14598
08,118,pali,Rural,17,27699,13394,14305,3777,838,2939,23922,12556,11366
08,118,pali,Rural,18,37590,17687,19903,7118,1484,5634,30472,16203,14269
08,118,pali,Rural,19,24511,11462,13049,4746,835,3911,19765,10627,9138
08,118,pali,Rural,20-24,123131,61352,61779,33513,7080,26433,89618,54272,35346
08,118,pali,Rural,25-29,97274,47874,49400,36563,8058,28505,60711,39816,20895
08,118,pali,Rural,30-34,92860,44762,48098,42175,9611,32564,50685,35151,15534
08,118,pali,Rural,35-39,92090,44779,47311,49016,12709,36307,43074,32070,11004
08,118,pali,Rural,40-44,86673,42612,44061,52242,15944,36298,34431,26668,7763
08,118,pali,Rural,45-49,80019,39670,40349,52025,17084,34941,27994,22586,5408
08,118,pali,Rural,50-54,67663,35074,32589,47198,18184,29014,20465,16890,3575
08,118,pali,Rural,55-59,55469,26421,29048,40994,14445,26549,14475,11976,2499
08,118,pali,Rural,60-64,52271,25778,26493,40673,16151,24522,11598,9627,1971
08,118,pali,Rural,65-69,37573,17043,20530,30165,10878,19287,7408,6165,1243
08,118,pali,Rural,70-74,31665,14924,16741,26733,10776,15957,4932,4148,784
08,118,pali,Rural,75-79,14273,5849,8424,12170,4136,8034,2103,1713,390
08,118,pali,Rural,80+,19217,7355,11862,16866,5552,11314,2351,1803,548
08,118,pali,Rural,Age not stated,16368,7730,8638,7644,2390,5254,8724,5340,3384
08,118,pali,Urban,All ages,460006,237863,222143,158101,59379,98722,301905,178484,123421
08,118,pali,Urban,0-6,61902,32935,28967,61902,32935,28967,0,0,0
08,118,pali,Urban,7,9508,4924,4584,2388,1144,1244,7120,3780,3340
08,118,pali,Urban,8,10004,5315,4689,1379,622,757,8625,4693,3932
08,118,pali,Urban,9,8504,4493,4011,860,394,466,7644,4099,3545
08,118,pali,Urban,10,11856,6331,5525,1325,561,764,10531,5770,4761
08,118,pali,Urban,11,9553,5036,4517,685,279,406,8868,4757,4111
08,118,pali,Urban,12,11406,5983,5423,972,344,628,10434,5639,4795
08,118,pali,Urban,13,9829,5148,4681,744,231,513,9085,4917,4168
08,118,pali,Urban,14,10438,5444,4994,778,269,509,9660,5175,4485
08,118,pali,Urban,15,11024,5787,5237,1031,351,680,9993,5436,4557
08,118,pali,Urban,16,10242,5382,4860,868,289,579,9374,5093,4281
08,118,pali,Urban,17,9348,4986,4362,727,240,487,8621,4746,3875
08,118,pali,Urban,18,11887,6274,5613,1271,417,854,10616,5857,4759
08,118,pali,Urban,19,8516,4462,4054,806,228,578,7710,4234,3476
08,118,pali,Urban,20-24,45294,23470,21824,6368,1686,4682,38926,21784,17142
08,118,pali,Urban,25-29,37246,19122,18124,7314,1676,5638,29932,17446,12486
08,118,pali,Urban,30-34,32731,16538,16193,8309,1801,6508,24422,14737,9685
08,118,pali,Urban,35-39,31247,15604,15643,9522,2112,7410,21725,13492,8233
08,118,pali,Urban,40-44,27502,14149,13353,9472,2331,7141,18030,11818,6212
08,118,pali,Urban,45-49,24314,12551,11763,9037,2317,6720,15277,10234,5043
08,118,pali,Urban,50-54,19271,10369,8902,7548,2204,5344,11723,8165,3558
08,118,pali,Urban,55-59,13906,7286,6620,5875,1585,4290,8031,5701,2330
08,118,pali,Urban,60-64,11450,5739,5711,5699,1648,4051,5751,4091,1660
08,118,pali,Urban,65-69,7732,3683,4049,4217,1116,3101,3515,2567,948
08,118,pali,Urban,70-74,6057,2846,3211,3769,1179,2590,2288,1667,621
08,118,pali,Urban,75-79,2809,1200,1609,1670,394,1276,1139,806,333
08,118,pali,Urban,80+,4028,1611,2417,2807,761,2046,1221,850,371
08,118,pali,Urban,Age not stated,2402,1195,1207,758,265,493,1644,930,714
08,119,ajmer,Total,All ages,2583052,1324085,1258967,1056379,397817,658562,1526673,926268,600405
08,119,ajmer,Total,0-6,381167,200511,180656,381167,200511,180656,0,0,0
08,119,ajmer,Total,7,53940,28038,25902,18321,8645,9676,35619,19393,16226
08,119,ajmer,Total,8,60096,31376,28720,11252,4557,6695,48844,26819,22025
08,119,ajmer,Total,9,51022,26879,24143,6636,2538,4098,44386,24341,20045
08,119,ajmer,Total,10,67400,35370,32030,9416,3307,6109,57984,32063,25921
08,119,ajmer,Total,11,53521,28415,25106,5652,1736,3916,47869,26679,21190
08,119,ajmer,Total,12,62435,32940,29495,7825,2209,5616,54610,30731,23879
08,119,ajmer,Total,13,54474,28014,26460,6618,1658,4960,47856,26356,21500
08,119,ajmer,Total,14,55278,28790,26488,6707,1654,5053,48571,27136,21435
08,119,ajmer,Total,15,56853,29872,26981,7995,2051,5944,48858,27821,21037
08,119,ajmer,Total,16,55261,28937,26324,7939,1978,5961,47322,26959,20363
08,119,ajmer,Total,17,45549,24109,21440,6168,1485,4683,39381,22624,16757
08,119,ajmer,Total,18,64259,33169,31090,11996,2790,9206,52263,30379,21884
08,119,ajmer,Total,19,44433,22943,21490,7411,1503,5908,37022,21440,15582
08,119,ajmer,Total,20-24,245003,126630,118373,53650,11627,42023,191353,115003,76350
08,119,ajmer,Total,25-29,210386,109194,101192,56250,12916,43334,154136,96278,57858
08,119,ajmer,Total,30-34,181844,92262,89582,59027,14276,44751,122817,77986,44831
08,119,ajmer,Total,35-39,168431,85652,82779,63236,17577,45659,105195,68075,37120
08,119,ajmer,Total,40-44,148283,75385,72898,62870,19738,43132,85413,55647,29766
08,119,ajmer,Total,45-49,131393,66201,65192,59235,19024,40211,72158,47177,24981
08,119,ajmer,Total,50-54,109723,57252,52471,50967,17809,33158,58756,39443,19313
08,119,ajmer,Total,55-59,83672,41360,42312,40608,12649,27959,43064,28711,14353
08,119,ajmer,Total,60-64,71072,34731,36341,38939,13208,25731,32133,21523,10610
08,119,ajmer,Total,65-69,47062,21538,25524,26658,8055,18603,20404,13483,6921
08,119,ajmer,Total,70-74,36698,16170,20528,22794,6916,15878,13904,9254,4650
08,119,ajmer,Total,75-79,17765,7649,10116,10577,2851,7726,7188,4798,2390
08,119,ajmer,Total,80+,22048,8520,13528,14694,3782,10912,7354,4738,2616
08,119,ajmer,Total,Age not stated,3984,2178,1806,1771,767,1004,2213,1411,802
08,119,ajmer,Rural,All ages,1547642,789397,758245,782620,287627,494993,765022,501770,263252
08,119,ajmer,Rural,0-6,253762,133094,120668,253762,133094,120668,0,0,0
08,119,ajmer,Rural,7,35207,18150,17057,13348,6135,7213,21859,12015,9844
08,119,ajmer,Rural,8,40205,20949,19256,8754,3388,5366,31451,17561,13890
08,119,ajmer,Rural,9,33065,17267,15798,5034,1796,3238,28031,15471,12560
08,119,ajmer,Rural,10,44968,23378,21590,7210,2285,4925,37758,21093,16665
08,119,ajmer,Rural,11,34398,18229,16169,4397,1174,3223,30001,17055,12946
08,119,ajmer,Rural,12,41393,21742,19651,6180,1467,4713,35213,20275,14938
08,119,ajmer,Rural,13,35115,17968,17147,5228,1092,4136,29887,16876,13011
08,119,ajmer,Rural,14,35588,18563,17025,5255,1073,4182,30333,17490,12843
08,119,ajmer,Rural,15,36275,18969,17306,6260,1355,4905,30015,17614,12401
08,119,ajmer,Rural,16,35045,18337,16708,6326,1331,4995,28719,17006,11713
08,119,ajmer,Rural,17,27015,14334,12681,4816,963,3853,22199,13371,8828
08,119,ajmer,Rural,18,40844,20894,19950,9714,1897,7817,31130,18997,12133
08,119,ajmer,Rural,19,25823,13290,12533,5972,1013,4959,19851,12277,7574
08,119,ajmer,Rural,20-24,141982,74060,67922,43154,8331,34823,98828,65729,33099
08,119,ajmer,Rural,25-29,115409,59824,55585,44688,9670,35018,70721,50154,20567
08,119,ajmer,Rural,30-34,100899,50627,50272,46788,10972,35816,54111,39655,14456
08,119,ajmer,Rural,35-39,93505,47206,46299,49769,13984,35785,43736,33222,10514
08,119,ajmer,Rural,40-44,83112,42038,41074,49634,16048,33586,33478,25990,7488
08,119,ajmer,Rural,45-49,72682,36274,36408,46561,15608,30953,26121,20666,5455
08,119,ajmer,Rural,50-54,60597,31342,29255,40167,14800,25367,20430,16542,3888
08,119,ajmer,Rural,55-59,46566,22163,24403,32291,10743,21548,14275,11420,2855
08,119,ajmer,Rural,60-64,41292,19771,21521,30586,11147,19439,10706,8624,2082
08,119,ajmer,Rural,65-69,27171,11990,15181,20549,6712,13837,6622,5278,1344
08,119,ajmer,Rural,70-74,21463,9117,12346,17223,5742,11481,4240,3375,865
08,119,ajmer,Rural,75-79,9493,3795,5698,7597,2288,5309,1896,1507,389
08,119,ajmer,Rural,80+,12152,4594,7558,9981,2925,7056,2171,1669,502
08,119,ajmer,Rural,Age not stated,2616,1432,1184,1376,594,782,1240,838,402
08,119,ajmer,Urban,All ages,1035410,534688,500722,273759,110190,163569,761651,424498,337153
08,119,ajmer,Urban,0-6,127405,67417,59988,127405,67417,59988,0,0,0
08,119,ajmer,Urban,7,18733,9888,8845,4973,2510,2463,13760,7378,6382
08,119,ajmer,Urban,8,19891,10427,9464,2498,1169,1329,17393,9258,8135
08,119,ajmer,Urban,9,17957,9612,8345,1602,742,860,16355,8870,7485
08,119,ajmer,Urban,10,22432,11992,10440,2206,1022,1184,20226,10970,9256
08,119,ajmer,Urban,11,19123,10186,8937,1255,562,693,17868,9624,8244
08,119,ajmer,Urban,12,21042,11198,9844,1645,742,903,19397,10456,8941
08,119,ajmer,Urban,13,19359,10046,9313,1390,566,824,17969,9480,8489
08,119,ajmer,Urban,14,19690,10227,9463,1452,581,871,18238,9646,8592
08,119,ajmer,Urban,15,20578,10903,9675,1735,696,1039,18843,10207,8636
08,119,ajmer,Urban,16,20216,10600,9616,1613,647,966,18603,9953,8650
08,119,ajmer,Urban,17,18534,9775,8759,1352,522,830,17182,9253,7929
08,119,ajmer,Urban,18,23415,12275,11140,2282,893,1389,21133,11382,9751
08,119,ajmer,Urban,19,18610,9653,8957,1439,490,949,17171,9163,8008
08,119,ajmer,Urban,20-24,103021,52570,50451,10496,3296,7200,92525,49274,43251
08,119,ajmer,Urban,25-29,94977,49370,45607,11562,3246,8316,83415,46124,37291
08,119,ajmer,Urban,30-34,80945,41635,39310,12239,3304,8935,68706,38331,30375
08,119,ajmer,Urban,35-39,74926,38446,36480,13467,3593,9874,61459,34853,26606
08,119,ajmer,Urban,40-44,65171,33347,31824,13236,3690,9546,51935,29657,22278
08,119,ajmer,Urban,45-49,58711,29927,28784,12674,3416,9258,46037,26511,19526
08,119,ajmer,Urban,50-54,49126,25910,23216,10800,3009,7791,38326,22901,15425
08,119,ajmer,Urban,55-59,37106,19197,17909,8317,1906,6411,28789,17291,11498
08,119,ajmer,Urban,60-64,29780,14960,14820,8353,2061,6292,21427,12899,8528
08,119,ajmer,Urban,65-69,19891,9548,10343,6109,1343,4766,13782,8205,5577
08,119,ajmer,Urban,70-74,15235,7053,8182,5571,1174,4397,9664,5879,3785
08,119,ajmer,Urban,75-79,8272,3854,4418,2980,563,2417,5292,3291,2001
08,119,ajmer,Urban,80+,9896,3926,5970,4713,857,3856,5183,3069,2114
08,119,ajmer,Urban,Age not stated,1368,746,622,395,173,222,973,573,400
08,120,tonk,Total,All ages,1421326,728136,693190,671667,249807,421860,749659,478329,271330
08,120,tonk,Total,0-6,204038,107868,96170,204038,107868,96170,0,0,0
08,120,tonk,Total,7,29335,15294,14041,9408,4388,5020,19927,10906,9021
08,120,tonk,Total,8,34572,18037,16535,5377,2256,3121,29195,15781,13414
08,120,tonk,Total,9,28614,15083,13531,3022,1119,1903,25592,13964,11628
08,120,tonk,Total,10,40105,21019,19086,4546,1672,2874,35559,19347,16212
08,120,tonk,Total,11,31818,16592,15226,2751,883,1868,29067,15709,13358
08,120,tonk,Total,12,36431,19142,17289,3647,1026,2621,32784,18116,14668
08,120,tonk,Total,13,33161,17133,16028,3391,828,2563,29770,16305,13465
08,120,tonk,Total,14,32647,16953,15694,3554,827,2727,29093,16126,12967
08,120,tonk,Total,15,35073,18352,16721,4719,1146,3573,30354,17206,13148
08,120,tonk,Total,16,33599,17529,16070,4838,1105,3733,28761,16424,12337
08,120,tonk,Total,17,27005,14040,12965,3969,763,3206,23036,13277,9759
08,120,tonk,Total,18,39289,19370,19919,7957,1501,6456,31332,17869,13463
08,120,tonk,Total,19,25190,12297,12893,4957,801,4156,20233,11496,8737
08,120,tonk,Total,20-24,139158,71106,68052,38853,7138,31715,100305,63968,36337
08,120,tonk,Total,25-29,110159,57215,52944,41359,9002,32357,68800,48213,20587
08,120,tonk,Total,30-34,97246,49202,48044,43946,10589,33357,53300,38613,14687
08,120,tonk,Total,35-39,90243,45851,44392,46346,12992,33354,43897,32859,11038
08,120,tonk,Total,40-44,80067,41142,38925,45354,14633,30721,34713,26509,8204
08,120,tonk,Total,45-49,66450,34195,32255,40644,14153,26491,25806,20042,5764
08,120,tonk,Total,50-54,54299,28752,25547,35044,13553,21491,19255,15199,4056
08,120,tonk,Total,55-59,42680,20996,21684,29161,10268,18893,13519,10728,2791
08,120,tonk,Total,60-64,37987,18765,19222,28035,10860,17175,9952,7905,2047
08,120,tonk,Total,65-69,27543,12320,15223,21114,7384,13730,6429,4936,1493
08,120,tonk,Total,70-74,22261,10434,11827,18153,7140,11013,4108,3294,814
08,120,tonk,Total,75-79,9432,4016,5416,7560,2557,5003,1872,1459,413
08,120,tonk,Total,80+,11391,4675,6716,9277,3111,6166,2114,1564,550
08,120,tonk,Total,Age not stated,1533,758,775,647,244,403,886,514,372
08,120,tonk,Rural,All ages,1103603,568045,535558,556901,203514,353387,546702,364531,182171
08,120,tonk,Rural,0-6,161187,84980,76207,161187,84980,76207,0,0,0
08,120,tonk,Rural,7,22968,11936,11032,7614,3494,4120,15354,8442,6912
08,120,tonk,Rural,8,27309,14184,13125,4124,1657,2467,23185,12527,10658
08,120,tonk,Rural,9,22655,11902,10753,2280,764,1516,20375,11138,9237
08,120,tonk,Rural,10,31648,16516,15132,3424,1152,2272,28224,15364,12860
08,120,tonk,Rural,11,25307,13265,12042,2045,549,1496,23262,12716,10546
08,120,tonk,Rural,12,28572,15007,13565,2755,617,2138,25817,14390,11427
08,120,tonk,Rural,13,26111,13593,12518,2644,507,2137,23467,13086,10381
08,120,tonk,Rural,14,25284,13293,11991,2736,487,2249,22548,12806,9742
08,120,tonk,Rural,15,27144,14361,12783,3665,723,2942,23479,13638,9841
08,120,tonk,Rural,16,25883,13731,12152,3761,656,3105,22122,13075,9047
08,120,tonk,Rural,17,20212,10805,9407,3093,438,2655,17119,10367,6752
08,120,tonk,Rural,18,29340,14833,14507,6438,951,5487,22902,13882,9020
08,120,tonk,Rural,19,18169,9205,8964,4029,474,3555,14140,8731,5409
08,120,tonk,Rural,20-24,103039,54194,48845,32446,5134,27312,70593,49060,21533
08,120,tonk,Rural,25-29,84038,43928,40110,35119,7208,27911,48919,36720,12199
08,120,tonk,Rural,30-34,75172,38082,37090,37596,8793,28803,37576,29289,8287
08,120,tonk,Rural,35-39,69846,35591,34255,39376,10990,28386,30470,24601,5869
08,120,tonk,Rural,40-44,62448,32053,30395,38857,12581,26276,23591,19472,4119
08,120,tonk,Rural,45-49,51878,26590,25288,35054,12427,22627,16824,14163,2661
08,120,tonk,Rural,50-54,42637,22529,20108,30291,11986,18305,12346,10543,1803
08,120,tonk,Rural,55-59,34029,16539,17490,25513,9222,16291,8516,7317,1199
08,120,tonk,Rural,60-64,30762,15235,15527,24337,9724,14613,6425,5511,914
08,120,tonk,Rural,65-69,22190,9856,12334,18260,6579,11681,3930,3277,653
08,120,tonk,Rural,70-74,18108,8477,9631,15593,6326,9267,2515,2151,364
08,120,tonk,Rural,75-79,7503,3124,4379,6430,2230,4200,1073,894,179
08,120,tonk,Rural,80+,8975,3656,5319,7701,2672,5029,1274,984,290
08,120,tonk,Rural,Age not stated,1189,580,609,533,193,340,656,387,269
08,120,tonk,Urban,All ages,317723,160091,157632,114766,46293,68473,202957,113798,89159
08,120,tonk,Urban,0-6,42851,22888,19963,42851,22888,19963,0,0,0
08,120,tonk,Urban,7,6367,3358,3009,1794,894,900,4573,2464,2109
08,120,tonk,Urban,8,7263,3853,3410,1253,599,654,6010,3254,2756
08,120,tonk,Urban,9,5959,3181,2778,742,355,387,5217,2826,2391
08,120,tonk,Urban,10,8457,4503,3954,1122,520,602,7335,3983,3352
08,120,tonk,Urban,11,6511,3327,3184,706,334,372,5805,2993,2812
08,120,tonk,Urban,12,7859,4135,3724,892,409,483,6967,3726,3241
08,120,tonk,Urban,13,7050,3540,3510,747,321,426,6303,3219,3084
08,120,tonk,Urban,14,7363,3660,3703,818,340,478,6545,3320,3225
08,120,tonk,Urban,15,7929,3991,3938,1054,423,631,6875,3568,3307
08,120,tonk,Urban,16,7716,3798,3918,1077,449,628,6639,3349,3290
08,120,tonk,Urban,17,6793,3235,3558,876,325,551,5917,2910,3007
08,120,tonk,Urban,18,9949,4537,5412,1519,550,969,8430,3987,4443
08,120,tonk,Urban,19,7021,3092,3929,928,327,601,6093,2765,3328
08,120,tonk,Urban,20-24,36119,16912,19207,6407,2004,4403,29712,14908,14804
08,120,tonk,Urban,25-29,26121,13287,12834,6240,1794,4446,19881,11493,8388
08,120,tonk,Urban,30-34,22074,11120,10954,6350,1796,4554,15724,9324,6400
08,120,tonk,Urban,35-39,20397,10260,10137,6970,2002,4968,13427,8258,5169
08,120,tonk,Urban,40-44,17619,9089,8530,6497,2052,4445,11122,7037,4085
08,120,tonk,Urban,45-49,14572,7605,6967,5590,1726,3864,8982,5879,3103
08,120,tonk,Urban,50-54,11662,6223,5439,4753,1567,3186,6909,4656,2253
08,120,tonk,Urban,55-59,8651,4457,4194,3648,1046,2602,5003,3411,1592
08,120,tonk,Urban,60-64,7225,3530,3695,3698,1136,2562,3527,2394,1133
08,120,tonk,Urban,65-69,5353,2464,2889,2854,805,2049,2499,1659,840
08,120,tonk,Urban,70-74,4153,1957,2196,2560,814,1746,1593,1143,450
08,120,tonk,Urban,75-79,1929,892,1037,1130,327,803,799,565,234
08,120,tonk,Urban,80+,2416,1019,1397,1576,439,1137,840,580,260
08,120,tonk,Urban,Age not stated,344,178,166,114,51,63,230,127,103
08,121,bundi,Total,All ages,1110906,577160,533746,525862,205455,320407,585044,371705,213339
08,121,bundi,Total,0-6,159884,84431,75453,159884,84431,75453,0,0,0
08,121,bundi,Total,7,23047,12011,11036,7966,3832,4134,15081,8179,6902
08,121,bundi,Total,8,26744,14058,12686,5155,2222,2933,21589,11836,9753
08,121,bundi,Total,9,21915,11699,10216,2644,1066,1578,19271,10633,8638
08,121,bundi,Total,10,30025,16013,14012,3792,1540,2252,26233,14473,11760
08,121,bundi,Total,11,22966,12105,10861,2004,710,1294,20962,11395,9567
08,121,bundi,Total,12,29356,15626,13730,3207,1078,2129,26149,14548,11601
08,121,bundi,Total,13,24743,12967,11776,2445,671,1774,22298,12296,10002
08,121,bundi,Total,14,25696,13778,11918,2695,783,1912,23001,12995,10006
08,121,bundi,Total,15,27498,14661,12837,3639,1089,2550,23859,13572,10287
08,121,bundi,Total,16,26519,14147,12372,3650,1022,2628,22869,13125,9744
08,121,bundi,Total,17,20703,11061,9642,2958,762,2196,17745,10299,7446
08,121,bundi,Total,18,30399,15845,14554,6181,1449,4732,24218,14396,9822
08,121,bundi,Total,19,18797,9623,9174,3702,769,2933,15095,8854,6241
08,121,bundi,Total,20-24,109567,57570,51997,30190,7249,22941,79377,50321,29056
08,121,bundi,Total,25-29,88912,46627,42285,33489,9177,24312,55423,37450,17973
08,121,bundi,Total,30-34,77340,39197,38143,35833,10199,25634,41507,28998,12509
08,121,bundi,Total,35-39,72273,36794,35479,37811,11832,25979,34462,24962,9500
08,121,bundi,Total,40-44,63941,33136,30805,36630,12743,23887,27311,20393,6918
08,121,bundi,Total,45-49,54094,27962,26132,32961,11962,20999,21133,16000,5133
08,121,bundi,Total,50-54,42920,23088,19832,26942,10742,16200,15978,12346,3632
08,121,bundi,Total,55-59,32741,16376,16365,21320,7425,13895,11421,8951,2470
08,121,bundi,Total,60-64,28918,14345,14573,20798,7977,12821,8120,6368,1752
08,121,bundi,Total,65-69,20991,9542,11449,15808,5567,10241,5183,3975,1208
08,121,bundi,Total,70-74,16151,7896,8255,12702,5119,7583,3449,2777,672
08,121,bundi,Total,75-79,6773,2990,3783,5319,1813,3506,1454,1177,277
08,121,bundi,Total,80+,7464,3308,4156,5910,2123,3787,1554,1185,369
08,121,bundi,Total,Age not stated,529,304,225,227,103,124,302,201,101
08,121,bundi,Rural,All ages,888205,461734,426471,454687,178162,276525,433518,283572,149946
08,121,bundi,Rural,0-6,131693,69494,62199,131693,69494,62199,0,0,0
08,121,bundi,Rural,7,18795,9788,9007,6941,3336,3605,11854,6452,5402
08,121,bundi,Rural,8,22081,11584,10497,4543,1943,2600,17538,9641,7897
08,121,bundi,Rural,9,17884,9475,8409,2307,895,1412,15577,8580,6997
08,121,bundi,Rural,10,24701,13077,11624,3353,1336,2017,21348,11741,9607
08,121,bundi,Rural,11,18749,9853,8896,1761,596,1165,16988,9257,7731
08,121,bundi,Rural,12,24106,12800,11306,2790,888,1902,21316,11912,9404
08,121,bundi,Rural,13,20224,10641,9583,2178,575,1603,18046,10066,7980
08,121,bundi,Rural,14,21028,11336,9692,2409,661,1748,18619,10675,7944
08,121,bundi,Rural,15,22415,11975,10440,3233,916,2317,19182,11059,8123
08,121,bundi,Rural,16,21589,11567,10022,3316,904,2412,18273,10663,7610
08,121,bundi,Rural,17,16151,8647,7504,2636,634,2002,13515,8013,5502
08,121,bundi,Rural,18,24439,12700,11739,5530,1229,4301,18909,11471,7438
08,121,bundi,Rural,19,14507,7445,7062,3298,648,2650,11209,6797,4412
08,121,bundi,Rural,20-24,86303,45528,40775,27153,6379,20774,59150,39149,20001
08,121,bundi,Rural,25-29,69467,36748,32719,29988,8239,21749,39479,28509,10970
08,121,bundi,Rural,30-34,60372,30570,29802,31730,9156,22574,28642,21414,7228
08,121,bundi,Rural,35-39,56581,28841,27740,33270,10621,22649,23311,18220,5091
08,121,bundi,Rural,40-44,50404,26145,24259,32258,11544,20714,18146,14601,3545
08,121,bundi,Rural,45-49,42127,21729,20398,28839,10824,18015,13288,10905,2383
08,121,bundi,Rural,50-54,33376,17978,15398,23684,9826,13858,9692,8152,1540
08,121,bundi,Rural,55-59,25805,12612,13193,18897,6825,12072,6908,5787,1121
08,121,bundi,Rural,60-64,23644,11750,11894,18456,7346,11110,5188,4404,784
08,121,bundi,Rural,65-69,17196,7831,9365,13927,5142,8785,3269,2689,580
08,121,bundi,Rural,70-74,13044,6469,6575,10969,4659,6310,2075,1810,265
08,121,bundi,Rural,75-79,5287,2284,3003,4476,1595,2881,811,689,122
08,121,bundi,Rural,80+,5752,2584,3168,4846,1856,2990,906,728,178
08,121,bundi,Rural,Age not stated,485,283,202,206,95,111,279,188,91
08,121,bundi,Urban,All ages,222701,115426,107275,71175,27293,43882,151526,88133,63393
08,121,bundi,Urban,0-6,28191,14937,13254,28191,14937,13254,0,0,0
08,121,bundi,Urban,7,4252,2223,2029,1025,496,529,3227,1727,1500
08,121,bundi,Urban,8,4663,2474,2189,612,279,333,4051,2195,1856
08,121,bundi,Urban,9,4031,2224,1807,337,171,166,3694,2053,1641
08,121,bundi,Urban,10,5324,2936,2388,439,204,235,4885,2732,2153
08,121,bundi,Urban,11,4217,2252,1965,243,114,129,3974,2138,1836
08,121,bundi,Urban,12,5250,2826,2424,417,190,227,4833,2636,2197
08,121,bundi,Urban,13,4519,2326,2193,267,96,171,4252,2230,2022
08,121,bundi,Urban,14,4668,2442,2226,286,122,164,4382,2320,2062
08,121,bundi,Urban,15,5083,2686,2397,406,173,233,4677,2513,2164
08,121,bundi,Urban,16,4930,2580,2350,334,118,216,4596,2462,2134
08,121,bundi,Urban,17,4552,2414,2138,322,128,194,4230,2286,1944
08,121,bundi,Urban,18,5960,3145,2815,651,220,431,5309,2925,2384
08,121,bundi,Urban,19,4290,2178,2112,404,121,283,3886,2057,1829
08,121,bundi,Urban,20-24,23264,12042,11222,3037,870,2167,20227,11172,9055
08,121,bundi,Urban,25-29,19445,9879,9566,3501,938,2563,15944,8941,7003
08,121,bundi,Urban,30-34,16968,8627,8341,4103,1043,3060,12865,7584,5281
08,121,bundi,Urban,35-39,15692,7953,7739,4541,1211,3330,11151,6742,4409
08,121,bundi,Urban,40-44,13537,6991,6546,4372,1199,3173,9165,5792,3373
08,121,bundi,Urban,45-49,11967,6233,5734,4122,1138,2984,7845,5095,2750
08,121,bundi,Urban,50-54,9544,5110,4434,3258,916,2342,6286,4194,2092
08,121,bundi,Urban,55-59,6936,3764,3172,2423,600,1823,4513,3164,1349
08,121,bundi,Urban,60-64,5274,2595,2679,2342,631,1711,2932,1964,968
08,121,bundi,Urban,65-69,3795,1711,2084,1881,425,1456,1914,1286,628
08,121,bundi,Urban,70-74,3107,1427,1680,1733,460,1273,1374,967,407
08,121,bundi,Urban,75-79,1486,706,780,843,218,625,643,488,155
08,121,bundi,Urban,80+,1712,724,988,1064,267,797,648,457,191
08,121,bundi,Urban,Age not stated,44,21,23,21,8,13,23,13,10
08,122,bhilwara,Total,All ages,2408523,1220736,1187787,1152397,443154,709243,1256126,777582,478544
08,122,bhilwara,Total,0-6,361683,187617,174066,361683,187617,174066,0,0,0
08,122,bhilwara,Total,7,53722,27963,25759,16131,7380,8751,37591,20583,17008
08,122,bhilwara,Total,8,56580,29248,27332,10512,4103,6409,46068,25145,20923
08,122,bhilwara,Total,9,48352,25141,23211,6837,2477,4360,41515,22664,18851
08,122,bhilwara,Total,10,64609,33257,31352,9843,3279,6564,54766,29978,24788
08,122,bhilwara,Total,11,50567,26353,24214,5873,1778,4095,44694,24575,20119
08,122,bhilwara,Total,12,59466,30894,28572,8334,2336,5998,51132,28558,22574
08,122,bhilwara,Total,13,49634,25353,24281,6537,1622,4915,43097,23731,19366
08,122,bhilwara,Total,14,49559,25437,24122,6733,1705,5028,42826,23732,19094
08,122,bhilwara,Total,15,53453,27616,25837,8827,2343,6484,44626,25273,19353
08,122,bhilwara,Total,16,50152,25657,24495,8172,2021,6151,41980,23636,18344
08,122,bhilwara,Total,17,40516,20618,19898,6572,1400,5172,33944,19218,14726
08,122,bhilwara,Total,18,59136,28980,30156,13156,2678,10478,45980,26302,19678
08,122,bhilwara,Total,19,38865,19370,19495,8008,1567,6441,30857,17803,13054
08,122,bhilwara,Total,20-24,219337,112481,106856,58637,13160,45477,160700,99321,61379
08,122,bhilwara,Total,25-29,183823,93530,90293,62905,15753,47152,120918,77777,43141
08,122,bhilwara,Total,30-34,169240,85030,84210,69600,19063,50537,99640,65967,33673
08,122,bhilwara,Total,35-39,158695,79839,78856,75124,22554,52570,83571,57285,26286
08,122,bhilwara,Total,40-44,140740,72117,68623,75643,26387,49256,65097,45730,19367
08,122,bhilwara,Total,45-49,120801,61303,59498,71307,25953,45354,49494,35350,14144
08,122,bhilwara,Total,50-54,98088,51841,46247,61897,25237,36660,36191,26604,9587
08,122,bhilwara,Total,55-59,75159,36172,38987,50271,18138,32133,24888,18034,6854
08,122,bhilwara,Total,60-64,69780,34111,35669,50443,19883,30560,19337,14228,5109
08,122,bhilwara,Total,65-69,48835,21977,26858,36074,12707,23367,12761,9270,3491
08,122,bhilwara,Total,70-74,37730,17305,20425,29518,11178,18340,8212,6127,2085
08,122,bhilwara,Total,75-79,15996,6575,9421,12182,3835,8347,3814,2740,1074
08,122,bhilwara,Total,80+,19435,7831,11604,14996,4643,10353,4439,3188,1251
08,122,bhilwara,Total,Age not stated,14570,7120,7450,6582,2357,4225,7988,4763,3225
08,122,bhilwara,Rural,All ages,1895869,955378,940491,998932,382483,616449,896937,572895,324042
08,122,bhilwara,Rural,0-6,294132,152140,141992,294132,152140,141992,0,0,0
08,122,bhilwara,Rural,7,43083,22371,20712,13850,6280,7570,29233,16091,13142
08,122,bhilwara,Rural,8,45907,23614,22293,9073,3447,5626,36834,20167,16667
08,122,bhilwara,Rural,9,38981,20121,18860,5848,2022,3826,33133,18099,15034
08,122,bhilwara,Rural,10,52414,26800,25614,8595,2723,5872,43819,24077,19742
08,122,bhilwara,Rural,11,40713,21108,19605,5099,1454,3645,35614,19654,15960
08,122,bhilwara,Rural,12,48264,24875,23389,7389,1937,5452,40875,22938,17937
08,122,bhilwara,Rural,13,39726,20211,19515,5728,1328,4400,33998,18883,15115
08,122,bhilwara,Rural,14,39437,20152,19285,5969,1408,4561,33468,18744,14724
08,122,bhilwara,Rural,15,42692,21934,20758,7828,1952,5876,34864,19982,14882
08,122,bhilwara,Rural,16,40183,20351,19832,7302,1679,5623,32881,18672,14209
08,122,bhilwara,Rural,17,31355,15817,15538,5809,1123,4686,25546,14694,10852
08,122,bhilwara,Rural,18,46844,22601,24243,11849,2255,9594,34995,20346,14649
08,122,bhilwara,Rural,19,29701,14641,15060,7128,1285,5843,22573,13356,9217
08,122,bhilwara,Rural,20-24,167084,85569,81515,52094,11388,40706,114990,74181,40809
08,122,bhilwara,Rural,25-29,136798,69615,67183,55368,13848,41520,81430,55767,25663
08,122,bhilwara,Rural,30-34,127159,63602,63557,61499,17056,44443,65660,46546,19114
08,122,bhilwara,Rural,35-39,120559,60393,60166,66445,20393,46052,54114,40000,14114
08,122,bhilwara,Rural,40-44,108615,55342,53273,67456,24047,43409,41159,31295,9864
08,122,bhilwara,Rural,45-49,94301,47396,46905,64065,23896,40169,30236,23500,6736
08,122,bhilwara,Rural,50-54,77683,40876,36807,55926,23400,32526,21757,17476,4281
08,122,bhilwara,Rural,55-59,60472,28642,31830,45675,16929,28746,14797,11713,3084
08,122,bhilwara,Rural,60-64,57695,28065,29630,45772,18517,27255,11923,9548,2375
08,122,bhilwara,Rural,65-69,40753,18115,22638,32818,11880,20938,7935,6235,1700
08,122,bhilwara,Rural,70-74,31744,14457,17287,26679,10374,16305,5065,4083,982
08,122,bhilwara,Rural,75-79,12914,5179,7735,10849,3545,7304,2065,1634,431
08,122,bhilwara,Rural,80+,15385,6037,9348,12859,4115,8744,2526,1922,604
08,122,bhilwara,Rural,Age not stated,11275,5354,5921,5828,2062,3766,5447,3292,2155
08,122,bhilwara,Urban,All ages,512654,265358,247296,153465,60671,92794,359189,204687,154502
08,122,bhilwara,Urban,0-6,67551,35477,32074,67551,35477,32074,0,0,0
08,122,bhilwara,Urban,7,10639,5592,5047,2281,1100,1181,8358,4492,3866
08,122,bhilwara,Urban,8,10673,5634,5039,1439,656,783,9234,4978,4256
08,122,bhilwara,Urban,9,9371,5020,4351,989,455,534,8382,4565,3817
08,122,bhilwara,Urban,10,12195,6457,5738,1248,556,692,10947,5901,5046
08,122,bhilwara,Urban,11,9854,5245,4609,774,324,450,9080,4921,4159
08,122,bhilwara,Urban,12,11202,6019,5183,945,399,546,10257,5620,4637
08,122,bhilwara,Urban,13,9908,5142,4766,809,294,515,9099,4848,4251
08,122,bhilwara,Urban,14,10122,5285,4837,764,297,467,9358,4988,4370
08,122,bhilwara,Urban,15,10761,5682,5079,999,391,608,9762,5291,4471
08,122,bhilwara,Urban,16,9969,5306,4663,870,342,528,9099,4964,4135
08,122,bhilwara,Urban,17,9161,4801,4360,763,277,486,8398,4524,3874
08,122,bhilwara,Urban,18,12292,6379,5913,1307,423,884,10985,5956,5029
08,122,bhilwara,Urban,19,9164,4729,4435,880,282,598,8284,4447,3837
08,122,bhilwara,Urban,20-24,52253,26912,25341,6543,1772,4771,45710,25140,20570
08,122,bhilwara,Urban,25-29,47025,23915,23110,7537,1905,5632,39488,22010,17478
08,122,bhilwara,Urban,30-34,42081,21428,20653,8101,2007,6094,33980,19421,14559
08,122,bhilwara,Urban,35-39,38136,19446,18690,8679,2161,6518,29457,17285,12172
08,122,bhilwara,Urban,40-44,32125,16775,15350,8187,2340,5847,23938,14435,9503
08,122,bhilwara,Urban,45-49,26500,13907,12593,7242,2057,5185,19258,11850,7408
08,122,bhilwara,Urban,50-54,20405,10965,9440,5971,1837,4134,14434,9128,5306
08,122,bhilwara,Urban,55-59,14687,7530,7157,4596,1209,3387,10091,6321,3770
08,122,bhilwara,Urban,60-64,12085,6046,6039,4671,1366,3305,7414,4680,2734
08,122,bhilwara,Urban,65-69,8082,3862,4220,3256,827,2429,4826,3035,1791
08,122,bhilwara,Urban,70-74,5986,2848,3138,2839,804,2035,3147,2044,1103
08,122,bhilwara,Urban,75-79,3082,1396,1686,1333,290,1043,1749,1106,643
08,122,bhilwara,Urban,80+,4050,1794,2256,2137,528,1609,1913,1266,647
08,122,bhilwara,Urban,Age not stated,3295,1766,1529,754,295,459,2541,1471,1070
08,123,rajsamand,Total,All ages,1156597,581339,575258,537458,198005,339453,619139,383334,235805
08,123,rajsamand,Total,0-6,176041,92527,83514,176041,92527,83514,0,0,0
08,123,rajsamand,Total,7,26209,13578,12631,8977,4358,4619,17232,9220,8012
08,123,rajsamand,Total,8,28195,14728,13467,4609,2042,2567,23586,12686,10900
08,123,rajsamand,Total,9,23699,12306,11393,2320,925,1395,21379,11381,9998
08,123,rajsamand,Total,10,31064,16127,14937,3168,1161,2007,27896,14966,12930
08,123,rajsamand,Total,11,25657,13477,12180,1531,500,1031,24126,12977,11149
08,123,rajsamand,Total,12,29395,15348,14047,2267,692,1575,27128,14656,12472
08,123,rajsamand,Total,13,24398,12685,11713,1597,412,1185,22801,12273,10528
08,123,rajsamand,Total,14,24658,12857,11801,1669,432,1237,22989,12425,10564
08,123,rajsamand,Total,15,25638,13356,12282,2279,611,1668,23359,12745,10614
08,123,rajsamand,Total,16,24248,12278,11970,2357,543,1814,21891,11735,10156
08,123,rajsamand,Total,17,19637,10000,9637,1757,332,1425,17880,9668,8212
08,123,rajsamand,Total,18,28350,13307,15043,4415,748,3667,23935,12559,11376
08,123,rajsamand,Total,19,17886,8443,9443,2722,370,2352,15164,8073,7091
08,123,rajsamand,Total,20-24,99476,49965,49511,21158,3493,17665,78318,46472,31846
08,123,rajsamand,Total,25-29,82614,41112,41502,25882,4663,21219,56732,36449,20283
08,123,rajsamand,Total,30-34,78121,38113,40008,31238,6170,25068,46883,31943,14940
08,123,rajsamand,Total,35-39,74632,36839,37793,35172,8176,26996,39460,28663,10797
08,123,rajsamand,Total,40-44,65438,32937,32501,35168,10113,25055,30270,22824,7446
08,123,rajsamand,Total,45-49,56908,28290,28618,33470,10286,23184,23438,18004,5434
08,123,rajsamand,Total,50-54,47386,24570,22816,29537,10477,19060,17849,14093,3756
08,123,rajsamand,Total,55-59,37305,17617,19688,25300,8133,17167,12005,9484,2521
08,123,rajsamand,Total,60-64,36819,17864,18955,27043,9994,17049,9776,7870,1906
08,123,rajsamand,Total,65-69,26999,12273,14726,20678,7170,13508,6321,5103,1218
08,123,rajsamand,Total,70-74,22597,10799,11798,18265,7212,11053,4332,3587,745
08,123,rajsamand,Total,75-79,10056,4367,5689,8145,2808,5337,1911,1559,352
08,123,rajsamand,Total,80+,12506,5238,7268,10389,3540,6849,2117,1698,419
08,123,rajsamand,Total,Age not stated,665,338,327,304,117,187,361,221,140
08,123,rajsamand,Rural,All ages,972777,486960,485817,485372,178522,306850,487405,308438,178967
08,123,rajsamand,Rural,0-6,153108,80392,72716,153108,80392,72716,0,0,0
08,123,rajsamand,Rural,7,22552,11633,10919,8118,3912,4206,14434,7721,6713
08,123,rajsamand,Rural,8,24275,12688,11587,4249,1880,2369,20026,10808,9218
08,123,rajsamand,Rural,9,20297,10493,9804,2104,818,1286,18193,9675,8518
08,123,rajsamand,Rural,10,26679,13754,12925,2889,1026,1863,23790,12728,11062
08,123,rajsamand,Rural,11,21848,11493,10355,1370,435,935,20478,11058,9420
08,123,rajsamand,Rural,12,25237,13128,12109,2092,616,1476,23145,12512,10633
08,123,rajsamand,Rural,13,20600,10629,9971,1467,355,1112,19133,10274,8859
08,123,rajsamand,Rural,14,20681,10751,9930,1510,368,1142,19171,10383,8788
08,123,rajsamand,Rural,15,21533,11158,10375,2058,528,1530,19475,10630,8845
08,123,rajsamand,Rural,16,20347,10218,10129,2181,476,1705,18166,9742,8424
08,123,rajsamand,Rural,17,16197,8189,8008,1600,285,1315,14597,7904,6693
08,123,rajsamand,Rural,18,23921,11076,12845,4114,656,3458,19807,10420,9387
08,123,rajsamand,Rural,19,14578,6792,7786,2509,321,2188,12069,6471,5598
08,123,rajsamand,Rural,20-24,81781,40960,40821,19615,3132,16483,62166,37828,24338
08,123,rajsamand,Rural,25-29,67234,33387,33847,23925,4222,19703,43309,29165,14144
08,123,rajsamand,Rural,30-34,63611,30936,32675,28713,5656,23057,34898,25280,9618
08,123,rajsamand,Rural,35-39,61196,30122,31074,32314,7619,24695,28882,22503,6379
08,123,rajsamand,Rural,40-44,53749,26860,26889,32267,9459,22808,21482,17401,4081
08,123,rajsamand,Rural,45-49,47068,23220,23848,30734,9673,21061,16334,13547,2787
08,123,rajsamand,Rural,50-54,39506,20357,19149,27221,9896,17325,12285,10461,1824
08,123,rajsamand,Rural,55-59,31683,14724,16959,23364,7692,15672,8319,7032,1287
08,123,rajsamand,Rural,60-64,31941,15483,16458,25002,9481,15521,6939,6002,937
08,123,rajsamand,Rural,65-69,23481,10546,12935,19083,6758,12325,4398,3788,610
08,123,rajsamand,Rural,70-74,19780,9476,10304,16772,6830,9942,3008,2646,362
08,123,rajsamand,Rural,75-79,8672,3771,4901,7417,2653,4764,1255,1118,137
08,123,rajsamand,Rural,80+,10667,4446,6221,9304,3281,6023,1363,1165,198
08,123,rajsamand,Rural,Age not stated,555,278,277,272,102,170,283,176,107
08,123,rajsamand,Urban,All ages,183820,94379,89441,52086,19483,32603,131734,74896,56838
08,123,rajsamand,Urban,0-6,22933,12135,10798,22933,12135,10798,0,0,0
08,123,rajsamand,Urban,7,3657,1945,1712,859,446,413,2798,1499,1299
08,123,rajsamand,Urban,8,3920,2040,1880,360,162,198,3560,1878,1682
08,123,rajsamand,Urban,9,3402,1813,1589,216,107,109,3186,1706,1480
08,123,rajsamand,Urban,10,4385,2373,2012,279,135,144,4106,2238,1868
08,123,rajsamand,Urban,11,3809,1984,1825,161,65,96,3648,1919,1729
08,123,rajsamand,Urban,12,4158,2220,1938,175,76,99,3983,2144,1839
08,123,rajsamand,Urban,13,3798,2056,1742,130,57,73,3668,1999,1669
08,123,rajsamand,Urban,14,3977,2106,1871,159,64,95,3818,2042,1776
08,123,rajsamand,Urban,15,4105,2198,1907,221,83,138,3884,2115,1769
08,123,rajsamand,Urban,16,3901,2060,1841,176,67,109,3725,1993,1732
08,123,rajsamand,Urban,17,3440,1811,1629,157,47,110,3283,1764,1519
08,123,rajsamand,Urban,18,4429,2231,2198,301,92,209,4128,2139,1989
08,123,rajsamand,Urban,19,3308,1651,1657,213,49,164,3095,1602,1493
08,123,rajsamand,Urban,20-24,17695,9005,8690,1543,361,1182,16152,8644,7508
08,123,rajsamand,Urban,25-29,15380,7725,7655,1957,441,1516,13423,7284,6139
08,123,rajsamand,Urban,30-34,14510,7177,7333,2525,514,2011,11985,6663,5322
08,123,rajsamand,Urban,35-39,13436,6717,6719,2858,557,2301,10578,6160,4418
08,123,rajsamand,Urban,40-44,11689,6077,5612,2901,654,2247,8788,5423,3365
08,123,rajsamand,Urban,45-49,9840,5070,4770,2736,613,2123,7104,4457,2647
08,123,rajsamand,Urban,50-54,7880,4213,3667,2316,581,1735,5564,3632,1932
08,123,rajsamand,Urban,55-59,5622,2893,2729,1936,441,1495,3686,2452,1234
08,123,rajsamand,Urban,60-64,4878,2381,2497,2041,513,1528,2837,1868,969
08,123,rajsamand,Urban,65-69,3518,1727,1791,1595,412,1183,1923,1315,608
08,123,rajsamand,Urban,70-74,2817,1323,1494,1493,382,1111,1324,941,383
08,123,rajsamand,Urban,75-79,1384,596,788,728,155,573,656,441,215
08,123,rajsamand,Urban,80+,1839,792,1047,1085,259,826,754,533,221
08,123,rajsamand,Urban,Age not stated,110,60,50,32,15,17,78,45,33
08,124,dungarpur,Total,All ages,1388552,696532,692020,706961,280712,426249,681591,415820,265771
08,124,dungarpur,Total,0-6,242239,126008,116231,242239,126008,116231,0,0,0
08,124,dungarpur,Total,7,35045,18018,17027,11863,5694,6169,23182,12324,10858
08,124,dungarpur,Total,8,36851,19019,17832,7172,3207,3965,29679,15812,13867
08,124,dungarpur,Total,9,30691,15927,14764,4129,1769,2360,26562,14158,12404
08,124,dungarpur,Total,10,42511,21955,20556,6182,2546,3636,36329,19409,16920
08,124,dungarpur,Total,11,32493,16918,15575,3591,1410,2181,28902,15508,13394
08,124,dungarpur,Total,12,38090,19701,18389,4420,1565,2855,33670,18136,15534
08,124,dungarpur,Total,13,29961,15558,14403,3150,1090,2060,26811,14468,12343
08,124,dungarpur,Total,14,31199,16133,15066,3751,1206,2545,27448,14927,12521
08,124,dungarpur,Total,15,31800,16533,15267,4747,1546,3201,27053,14987,12066
08,124,dungarpur,Total,16,30764,15585,15179,4831,1443,3388,25933,14142,11791
08,124,dungarpur,Total,17,23451,11840,11611,3813,1087,2726,19638,10753,8885
08,124,dungarpur,Total,18,34532,16775,17757,8016,2055,5961,26516,14720,11796
08,124,dungarpur,Total,19,21793,10400,11393,4876,1104,3772,16917,9296,7621
08,124,dungarpur,Total,20-24,111791,55505,56286,35054,8948,26106,76737,46557,30180
08,124,dungarpur,Total,25-29,95247,46526,48721,38830,10251,28579,56417,36275,20142
08,124,dungarpur,Total,30-34,91169,44129,47040,43788,12409,31379,47381,31720,15661
08,124,dungarpur,Total,35-39,86226,42026,44200,46929,14294,32635,39297,27732,11565
08,124,dungarpur,Total,40-44,75486,37545,37941,44992,15169,29823,30494,22376,8118
08,124,dungarpur,Total,45-49,64819,32636,32183,40913,14669,26244,23906,17967,5939
08,124,dungarpur,Total,50-54,48327,25563,22764,30639,11930,18709,17688,13633,4055
08,124,dungarpur,Total,55-59,35276,17107,18169,23600,8121,15479,11676,8986,2690
08,124,dungarpur,Total,60-64,35265,16568,18697,25772,9304,16468,9493,7264,2229
08,124,dungarpur,Total,65-69,30296,13762,16534,23477,8427,15050,6819,5335,1484
08,124,dungarpur,Total,70-74,21055,10044,11011,17001,6773,10228,4054,3271,783
08,124,dungarpur,Total,75-79,10384,4567,5817,8556,3099,5457,1828,1468,360
08,124,dungarpur,Total,80+,11314,4974,6340,9298,3492,5806,2016,1482,534
08,124,dungarpur,Total,Age not stated,10477,5210,5267,5332,2096,3236,5145,3114,2031
08,124,dungarpur,Rural,All ages,1299809,651046,648763,683958,271475,412483,615851,379571,236280
08,124,dungarpur,Rural,0-6,231406,120188,111218,231406,120188,111218,0,0,0
08,124,dungarpur,Rural,7,33219,17046,16173,11599,5562,6037,21620,11484,10136
08,124,dungarpur,Rural,8,35000,18020,16980,7050,3154,3896,27950,14866,13084
08,124,dungarpur,Rural,9,29022,14997,14025,4036,1725,2311,24986,13272,11714
08,124,dungarpur,Rural,10,40415,20783,19632,6046,2481,3565,34369,18302,16067
08,124,dungarpur,Rural,11,30731,15970,14761,3511,1386,2125,27220,14584,12636
08,124,dungarpur,Rural,12,36180,18691,17489,4305,1520,2785,31875,17171,14704
08,124,dungarpur,Rural,13,28201,14589,13612,3056,1045,2011,25145,13544,11601
08,124,dungarpur,Rural,14,29365,15140,14225,3663,1175,2488,25702,13965,11737
08,124,dungarpur,Rural,15,29949,15548,14401,4627,1503,3124,25322,14045,11277
08,124,dungarpur,Rural,16,28928,14602,14326,4710,1400,3310,24218,13202,11016
08,124,dungarpur,Rural,17,21839,10985,10854,3718,1053,2665,18121,9932,8189
08,124,dungarpur,Rural,18,32333,15593,16740,7824,2001,5823,24509,13592,10917
08,124,dungarpur,Rural,19,20012,9448,10564,4759,1074,3685,15253,8374,6879
08,124,dungarpur,Rural,20-24,103249,51194,52055,34200,8692,25508,69049,42502,26547
08,124,dungarpur,Rural,25-29,87949,42896,45053,37940,9989,27951,50009,32907,17102
08,124,dungarpur,Rural,30-34,84162,40794,43368,42687,12145,30542,41475,28649,12826
08,124,dungarpur,Rural,35-39,79798,38877,40921,45789,14002,31787,34009,24875,9134
08,124,dungarpur,Rural,40-44,69786,34748,35038,43778,14822,28956,26008,19926,6082
08,124,dungarpur,Rural,45-49,59855,30127,29728,39785,14364,25421,20070,15763,4307
08,124,dungarpur,Rural,50-54,44164,23357,20807,29677,11666,18011,14487,11691,2796
08,124,dungarpur,Rural,55-59,32356,15616,16740,22848,7953,14895,9508,7663,1845
08,124,dungarpur,Rural,60-64,33009,15459,17550,25075,9122,15953,7934,6337,1597
08,124,dungarpur,Rural,65-69,28723,13030,15693,22924,8300,14624,5799,4730,1069
08,124,dungarpur,Rural,70-74,19846,9481,10365,16496,6656,9840,3350,2825,525
08,124,dungarpur,Rural,75-79,9821,4301,5520,8333,3055,5278,1488,1246,242
08,124,dungarpur,Rural,80+,10619,4675,5944,8937,3400,5537,1682,1275,407
08,124,dungarpur,Rural,Age not stated,9872,4891,4981,5179,2042,3137,4693,2849,1844
08,124,dungarpur,Urban,All ages,88743,45486,43257,23003,9237,13766,65740,36249,29491
08,124,dungarpur,Urban,0-6,10833,5820,5013,10833,5820,5013,0,0,0
08,124,dungarpur,Urban,7,1826,972,854,264,132,132,1562,840,722
08,124,dungarpur,Urban,8,1851,999,852,122,53,69,1729,946,783
08,124,dungarpur,Urban,9,1669,930,739,93,44,49,1576,886,690
08,124,dungarpur,Urban,10,2096,1172,924,136,65,71,1960,1107,853
08,124,dungarpur,Urban,11,1762,948,814,80,24,56,1682,924,758
08,124,dungarpur,Urban,12,1910,1010,900,115,45,70,1795,965,830
08,124,dungarpur,Urban,13,1760,969,791,94,45,49,1666,924,742
08,124,dungarpur,Urban,14,1834,993,841,88,31,57,1746,962,784
08,124,dungarpur,Urban,15,1851,985,866,120,43,77,1731,942,789
08,124,dungarpur,Urban,16,1836,983,853,121,43,78,1715,940,775
08,124,dungarpur,Urban,17,1612,855,757,95,34,61,1517,821,696
08,124,dungarpur,Urban,18,2199,1182,1017,192,54,138,2007,1128,879
08,124,dungarpur,Urban,19,1781,952,829,117,30,87,1664,922,742
08,124,dungarpur,Urban,20-24,8542,4311,4231,854,256,598,7688,4055,3633
08,124,dungarpur,Urban,25-29,7298,3630,3668,890,262,628,6408,3368,3040
08,124,dungarpur,Urban,30-34,7007,3335,3672,1101,264,837,5906,3071,2835
08,124,dungarpur,Urban,35-39,6428,3149,3279,1140,292,848,5288,2857,2431
08,124,dungarpur,Urban,40-44,5700,2797,2903,1214,347,867,4486,2450,2036
08,124,dungarpur,Urban,45-49,4964,2509,2455,1128,305,823,3836,2204,1632
08,124,dungarpur,Urban,50-54,4163,2206,1957,962,264,698,3201,1942,1259
08,124,dungarpur,Urban,55-59,2920,1491,1429,752,168,584,2168,1323,845
08,124,dungarpur,Urban,60-64,2256,1109,1147,697,182,515,1559,927,632
08,124,dungarpur,Urban,65-69,1573,732,841,553,127,426,1020,605,415
08,124,dungarpur,Urban,70-74,1209,563,646,505,117,388,704,446,258
08,124,dungarpur,Urban,75-79,563,266,297,223,44,179,340,222,118
08,124,dungarpur,Urban,80+,695,299,396,361,92,269,334,207,127
08,124,dungarpur,Urban,Age not stated,605,319,286,153,54,99,452,265,187
08,125,banswara,Total,All ages,1797485,907754,889731,968142,393900,574242,829343,513854,315489
08,125,banswara,Total,0-6,325283,168225,157058,325283,168225,157058,0,0,0
08,125,banswara,Total,7,46373,23986,22387,17650,8509,9141,28723,15477,13246
08,125,banswara,Total,8,50215,25545,24670,12023,5254,6769,38192,20291,17901
08,125,banswara,Total,9,39931,20541,19390,6906,2824,4082,33025,17717,15308
08,125,banswara,Total,10,56110,28785,27325,9946,3942,6004,46164,24843,21321
08,125,banswara,Total,11,42388,22126,20262,5675,2071,3604,36713,20055,16658
08,125,banswara,Total,12,48440,24803,23637,7911,2596,5315,40529,22207,18322
08,125,banswara,Total,13,38161,19638,18523,5573,1819,3754,32588,17819,14769
08,125,banswara,Total,14,39718,20588,19130,6282,2032,4250,33436,18556,14880
08,125,banswara,Total,15,40950,20937,20013,7905,2513,5392,33045,18424,14621
08,125,banswara,Total,16,39168,19928,19240,7787,2361,5426,31381,17567,13814
08,125,banswara,Total,17,29722,14821,14901,6134,1640,4494,23588,13181,10407
08,125,banswara,Total,18,43574,20634,22940,12982,3290,9692,30592,17344,13248
08,125,banswara,Total,19,28926,13225,15701,8702,1766,6936,20224,11459,8765
08,125,banswara,Total,20-24,154555,78511,76044,56636,14892,41744,97919,63619,34300
08,125,banswara,Total,25-29,129515,65123,64392,60576,18413,42163,68939,46710,22229
08,125,banswara,Total,30-34,117899,59083,58816,62742,20966,41776,55157,38117,17040
08,125,banswara,Total,35-39,112402,56176,56226,65854,22810,43044,46548,33366,13182
08,125,banswara,Total,40-44,96437,49587,46850,59730,22378,37352,36707,27209,9498
08,125,banswara,Total,45-49,79476,40253,39223,52285,20184,32101,27191,20069,7122
08,125,banswara,Total,50-54,57636,30783,26853,38047,16024,22023,19589,14759,4830
08,125,banswara,Total,55-59,43032,20834,22198,29798,10982,18816,13234,9852,3382
08,125,banswara,Total,60-64,41170,19548,21622,30943,11933,19010,10227,7615,2612
08,125,banswara,Total,65-69,30666,13933,16733,23992,8966,15026,6674,4967,1707
08,125,banswara,Total,70-74,22118,10307,11811,17934,7163,10771,4184,3144,1040
08,125,banswara,Total,75-79,9603,4087,5516,7798,2732,5066,1805,1355,450
08,125,banswara,Total,80+,12329,5190,7139,10171,3685,6486,2158,1505,653
08,125,banswara,Total,Age not stated,21688,10557,11131,10877,3930,6947,10811,6627,4184
08,125,banswara,Rural,All ages,1669864,842767,827097,935934,380442,555492,733930,462325,271605
08,125,banswara,Rural,0-6,309653,159861,149792,309653,159861,149792,0,0,0
08,125,banswara,Rural,7,43866,22695,21171,17084,8235,8849,26782,14460,12322
08,125,banswara,Rural,8,47989,24347,23642,11791,5142,6649,36198,19205,16993
08,125,banswara,Rural,9,37372,19159,18213,6537,2647,3890,30835,16512,14323
08,125,banswara,Rural,10,53189,27234,25955,9591,3777,5814,43598,23457,20141
08,125,banswara,Rural,11,39766,20702,19064,5486,1979,3507,34280,18723,15557
08,125,banswara,Rural,12,45968,23473,22495,7768,2538,5230,38200,20935,17265
08,125,banswara,Rural,13,35759,18357,17402,5447,1769,3678,30312,16588,13724
08,125,banswara,Rural,14,37332,19324,18008,6153,1972,4181,31179,17352,13827
08,125,banswara,Rural,15,38583,19712,18871,7749,2450,5299,30834,17262,13572
08,125,banswara,Rural,16,36835,18702,18133,7640,2291,5349,29195,16411,12784
08,125,banswara,Rural,17,27553,13678,13875,5998,1584,4414,21555,12094,9461
08,125,banswara,Rural,18,40871,19214,21657,12779,3212,9567,28092,16002,12090
08,125,banswara,Rural,19,26274,11841,14433,8494,1684,6810,17780,10157,7623
08,125,banswara,Rural,20-24,142206,72311,69895,55516,14530,40986,86690,57781,28909
08,125,banswara,Rural,25-29,118118,59578,58540,59235,18001,41234,58883,41577,17306
08,125,banswara,Rural,30-34,107551,54021,53530,61306,20553,40753,46245,33468,12777
08,125,banswara,Rural,35-39,102962,51535,51427,64239,22334,41905,38723,29201,9522
08,125,banswara,Rural,40-44,88277,45488,42789,58200,21962,36238,30077,23526,6551
08,125,banswara,Rural,45-49,72356,36724,35632,50845,19775,31070,21511,16949,4562
08,125,banswara,Rural,50-54,51543,27631,23912,36802,15672,21130,14741,11959,2782
08,125,banswara,Rural,55-59,38633,18562,20071,28862,10767,18095,9771,7795,1976
08,125,banswara,Rural,60-64,37787,17833,19954,30172,11744,18428,7615,6089,1526
08,125,banswara,Rural,65-69,28532,12906,15626,23411,8841,14570,5121,4065,1056
08,125,banswara,Rural,70-74,20459,9530,10929,17379,7035,10344,3080,2495,585
08,125,banswara,Rural,75-79,8784,3682,5102,7542,2684,4858,1242,998,244
08,125,banswara,Rural,80+,11257,4729,6528,9731,3594,6137,1526,1135,391
08,125,banswara,Rural,Age not stated,20389,9938,10451,10524,3809,6715,9865,6129,3736
08,125,banswara,Urban,All ages,127621,64987,62634,32208,13458,18750,95413,51529,43884
08,125,banswara,Urban,0-6,15630,8364,7266,15630,8364,7266,0,0,0
08,125,banswara,Urban,7,2507,1291,1216,566,274,292,1941,1017,924
08,125,banswara,Urban,8,2226,1198,1028,232,112,120,1994,1086,908
08,125,banswara,Urban,9,2559,1382,1177,369,177,192,2190,1205,985
08,125,banswara,Urban,10,2921,1551,1370,355,165,190,2566,1386,1180
08,125,banswara,Urban,11,2622,1424,1198,189,92,97,2433,1332,1101
08,125,banswara,Urban,12,2472,1330,1142,143,58,85,2329,1272,1057
08,125,banswara,Urban,13,2402,1281,1121,126,50,76,2276,1231,1045
08,125,banswara,Urban,14,2386,1264,1122,129,60,69,2257,1204,1053
08,125,banswara,Urban,15,2367,1225,1142,156,63,93,2211,1162,1049
08,125,banswara,Urban,16,2333,1226,1107,147,70,77,2186,1156,1030
08,125,banswara,Urban,17,2169,1143,1026,136,56,80,2033,1087,946
08,125,banswara,Urban,18,2703,1420,1283,203,78,125,2500,1342,1158
08,125,banswara,Urban,19,2652,1384,1268,208,82,126,2444,1302,1142
08,125,banswara,Urban,20-24,12349,6200,6149,1120,362,758,11229,5838,5391
08,125,banswara,Urban,25-29,11397,5545,5852,1341,412,929,10056,5133,4923
08,125,banswara,Urban,30-34,10348,5062,5286,1436,413,1023,8912,4649,4263
08,125,banswara,Urban,35-39,9440,4641,4799,1615,476,1139,7825,4165,3660
08,125,banswara,Urban,40-44,8160,4099,4061,1530,416,1114,6630,3683,2947
08,125,banswara,Urban,45-49,7120,3529,3591,1440,409,1031,5680,3120,2560
08,125,banswara,Urban,50-54,6093,3152,2941,1245,352,893,4848,2800,2048
08,125,banswara,Urban,55-59,4399,2272,2127,936,215,721,3463,2057,1406
08,125,banswara,Urban,60-64,3383,1715,1668,771,189,582,2612,1526,1086
08,125,banswara,Urban,65-69,2134,1027,1107,581,125,456,1553,902,651
08,125,banswara,Urban,70-74,1659,777,882,555,128,427,1104,649,455
08,125,banswara,Urban,75-79,819,405,414,256,48,208,563,357,206
08,125,banswara,Urban,80+,1072,461,611,440,91,349,632,370,262
08,125,banswara,Urban,Age not stated,1299,619,680,353,121,232,946,498,448
08,126,chittaurgarh,Total,All ages,1544338,783171,761167,722513,268320,454193,821825,514851,306974
08,126,chittaurgarh,Total,0-6,212507,111120,101387,212507,111120,101387,0,0,0
08,126,chittaurgarh,Total,7,32126,16745,15381,9926,4793,5133,22200,11952,10248
08,126,chittaurgarh,Total,8,34344,17968,16376,6159,2701,3458,28185,15267,12918
08,126,chittaurgarh,Total,9,28201,14700,13501,3226,1316,1910,24975,13384,11591
08,126,chittaurgarh,Total,10,37787,19897,17890,4765,1856,2909,33022,18041,14981
08,126,chittaurgarh,Total,11,29369,15435,13934,2417,837,1580,26952,14598,12354
08,126,chittaurgarh,Total,12,35124,18434,16690,3806,1212,2594,31318,17222,14096
08,126,chittaurgarh,Total,13,29117,15103,14014,2797,847,1950,26320,14256,12064
08,126,chittaurgarh,Total,14,29569,15439,14130,3077,872,2205,26492,14567,11925
08,126,chittaurgarh,Total,15,32080,16768,15312,4299,1289,3010,27781,15479,12302
08,126,chittaurgarh,Total,16,30546,15751,14795,4099,1037,3062,26447,14714,11733
08,126,chittaurgarh,Total,17,25255,12878,12377,3347,778,2569,21908,12100,9808
08,126,chittaurgarh,Total,18,37117,18105,19012,7236,1529,5707,29881,16576,13305
08,126,chittaurgarh,Total,19,24068,11878,12190,4291,794,3497,19777,11084,8693
08,126,chittaurgarh,Total,20-24,141273,71547,69726,35292,7495,27797,105981,64052,41929
08,126,chittaurgarh,Total,25-29,121560,61334,60226,40410,9238,31172,81150,52096,29054
08,126,chittaurgarh,Total,30-34,114735,57151,57584,47310,11799,35511,67425,45352,22073
08,126,chittaurgarh,Total,35-39,108815,54943,53872,51313,14241,37072,57502,40702,16800
08,126,chittaurgarh,Total,40-44,94795,48665,46130,49756,15919,33837,45039,32746,12293
08,126,chittaurgarh,Total,45-49,79958,40420,39538,45723,15065,30658,34235,25355,8880
08,126,chittaurgarh,Total,50-54,65663,34765,30898,39339,14610,24729,26324,20155,6169
08,126,chittaurgarh,Total,55-59,51084,24318,26766,32988,10482,22506,18096,13836,4260
08,126,chittaurgarh,Total,60-64,48311,23652,24659,33796,12465,21331,14515,11187,3328
08,126,chittaurgarh,Total,65-69,35292,16025,19267,25783,8633,17150,9509,7392,2117
08,126,chittaurgarh,Total,70-74,29328,14022,15306,22889,8801,14088,6439,5221,1218
08,126,chittaurgarh,Total,75-79,13387,5842,7545,10419,3485,6934,2968,2357,611
08,126,chittaurgarh,Total,80+,15932,6714,9218,12410,4017,8393,3522,2697,825
08,126,chittaurgarh,Total,Age not stated,6995,3552,3443,3133,1089,2044,3862,2463,1399
08,126,chittaurgarh,Rural,All ages,1259074,636415,622659,644095,237903,406192,614979,398512,216467
08,126,chittaurgarh,Rural,0-6,177215,92471,84744,177215,92471,84744,0,0,0
08,126,chittaurgarh,Rural,7,26543,13791,12752,8784,4197,4587,17759,9594,8165
08,126,chittaurgarh,Rural,8,28735,14959,13776,5581,2419,3162,23154,12540,10614
08,126,chittaurgarh,Rural,9,23121,12016,11105,2867,1154,1713,20254,10862,9392
08,126,chittaurgarh,Rural,10,31367,16446,14921,4283,1640,2643,27084,14806,12278
08,126,chittaurgarh,Rural,11,23885,12540,11345,2128,693,1435,21757,11847,9910
08,126,chittaurgarh,Rural,12,29108,15182,13926,3500,1072,2428,25608,14110,11498
08,126,chittaurgarh,Rural,13,23545,12189,11356,2503,720,1783,21042,11469,9573
08,126,chittaurgarh,Rural,14,24059,12554,11505,2800,777,2023,21259,11777,9482
08,126,chittaurgarh,Rural,15,26261,13626,12635,3943,1138,2805,22318,12488,9830
08,126,chittaurgarh,Rural,16,24992,12725,12267,3771,913,2858,21221,11812,9409
08,126,chittaurgarh,Rural,17,20117,10214,9903,3041,666,2375,17076,9548,7528
08,126,chittaurgarh,Rural,18,30513,14685,15828,6715,1354,5361,23798,13331,10467
08,126,chittaurgarh,Rural,19,18929,9259,9670,3933,684,3249,14996,8575,6421
08,126,chittaurgarh,Rural,20-24,113134,57505,55629,32558,6770,25788,80576,50735,29841
08,126,chittaurgarh,Rural,25-29,96175,48661,47514,37266,8455,28811,58909,40206,18703
08,126,chittaurgarh,Rural,30-34,91620,45631,45989,43472,10895,32577,48148,34736,13412
08,126,chittaurgarh,Rural,35-39,86993,43920,43073,46874,13193,33681,40119,30727,9392
08,126,chittaurgarh,Rural,40-44,76223,39124,37099,45384,14795,30589,30839,24329,6510
08,126,chittaurgarh,Rural,45-49,64204,32254,31950,41689,14013,27676,22515,18241,4274
08,126,chittaurgarh,Rural,50-54,52916,27793,25123,36007,13702,22305,16909,14091,2818
08,126,chittaurgarh,Rural,55-59,42078,19576,22502,30344,9878,20466,11734,9698,2036
08,126,chittaurgarh,Rural,60-64,40981,20011,20970,31174,11806,19368,9807,8205,1602
08,126,chittaurgarh,Rural,65-69,30203,13622,16581,23723,8176,15547,6480,5446,1034
08,126,chittaurgarh,Rural,70-74,25599,12212,13387,21158,8361,12797,4441,3851,590
08,126,chittaurgarh,Rural,75-79,11445,4954,6491,9478,3267,6211,1967,1687,280
08,126,chittaurgarh,Rural,80+,13494,5665,7829,11091,3723,7368,2403,1942,461
08,126,chittaurgarh,Rural,Age not stated,5619,2830,2789,2813,971,1842,2806,1859,947
08,126,chittaurgarh,Urban,All ages,285264,146756,138508,78418,30417,48001,206846,116339,90507
08,126,chittaurgarh,Urban,0-6,35292,18649,16643,35292,18649,16643,0,0,0
08,126,chittaurgarh,Urban,7,5583,2954,2629,1142,596,546,4441,2358,2083
08,126,chittaurgarh,Urban,8,5609,3009,2600,578,282,296,5031,2727,2304
08,126,chittaurgarh,Urban,9,5080,2684,2396,359,162,197,4721,2522,2199
08,126,chittaurgarh,Urban,10,6420,3451,2969,482,216,266,5938,3235,2703
08,126,chittaurgarh,Urban,11,5484,2895,2589,289,144,145,5195,2751,2444
08,126,chittaurgarh,Urban,12,6016,3252,2764,306,140,166,5710,3112,2598
08,126,chittaurgarh,Urban,13,5572,2914,2658,294,127,167,5278,2787,2491
08,126,chittaurgarh,Urban,14,5510,2885,2625,277,95,182,5233,2790,2443
08,126,chittaurgarh,Urban,15,5819,3142,2677,356,151,205,5463,2991,2472
08,126,chittaurgarh,Urban,16,5554,3026,2528,328,124,204,5226,2902,2324
08,126,chittaurgarh,Urban,17,5138,2664,2474,306,112,194,4832,2552,2280
08,126,chittaurgarh,Urban,18,6604,3420,3184,521,175,346,6083,3245,2838
08,126,chittaurgarh,Urban,19,5139,2619,2520,358,110,248,4781,2509,2272
08,126,chittaurgarh,Urban,20-24,28139,14042,14097,2734,725,2009,25405,13317,12088
08,126,chittaurgarh,Urban,25-29,25385,12673,12712,3144,783,2361,22241,11890,10351
08,126,chittaurgarh,Urban,30-34,23115,11520,11595,3838,904,2934,19277,10616,8661
08,126,chittaurgarh,Urban,35-39,21822,11023,10799,4439,1048,3391,17383,9975,7408
08,126,chittaurgarh,Urban,40-44,18572,9541,9031,4372,1124,3248,14200,8417,5783
08,126,chittaurgarh,Urban,45-49,15754,8166,7588,4034,1052,2982,11720,7114,4606
08,126,chittaurgarh,Urban,50-54,12747,6972,5775,3332,908,2424,9415,6064,3351
08,126,chittaurgarh,Urban,55-59,9006,4742,4264,2644,604,2040,6362,4138,2224
08,126,chittaurgarh,Urban,60-64,7330,3641,3689,2622,659,1963,4708,2982,1726
08,126,chittaurgarh,Urban,65-69,5089,2403,2686,2060,457,1603,3029,1946,1083
08,126,chittaurgarh,Urban,70-74,3729,1810,1919,1731,440,1291,1998,1370,628
08,126,chittaurgarh,Urban,75-79,1942,888,1054,941,218,723,1001,670,331
08,126,chittaurgarh,Urban,80+,2438,1049,1389,1319,294,1025,1119,755,364
08,126,chittaurgarh,Urban,Age not stated,1376,722,654,320,118,202,1056,604,452
08,127,kota,Total,All ages,1951014,1021161,929853,652669,255765,396904,1298345,765396,532949
08,127,kota,Total,0-6,255056,134341,120715,255056,134341,120715,0,0,0
08,127,kota,Total,7,36137,18877,17260,10987,5446,5541,25150,13431,11719
08,127,kota,Total,8,40782,21562,19220,5737,2662,3075,35045,18900,16145
08,127,kota,Total,9,33845,17806,16039,3275,1531,1744,30570,16275,14295
08,127,kota,Total,10,46643,24871,21772,4509,2040,2469,42134,22831,19303
08,127,kota,Total,11,36638,19632,17006,2477,1097,1380,34161,18535,15626
08,127,kota,Total,12,44954,24076,20878,3415,1491,1924,41539,22585,18954
08,127,kota,Total,13,39566,20567,18999,2569,1033,1536,36997,19534,17463
08,127,kota,Total,14,40590,21581,19009,2606,1086,1520,37984,20495,17489
08,127,kota,Total,15,44032,23649,20383,3613,1508,2105,40419,22141,18278
08,127,kota,Total,16,44486,24193,20293,3413,1424,1989,41073,22769,18304
08,127,kota,Total,17,39448,21749,17699,2809,1128,1681,36639,20621,16018
08,127,kota,Total,18,53889,29416,24473,5478,1960,3518,48411,27456,20955
08,127,kota,Total,19,37858,20118,17740,3531,1100,2431,34327,19018,15309
08,127,kota,Total,20-24,208494,109278,99216,28853,8476,20377,179641,100802,78839
08,127,kota,Total,25-29,175056,91454,83602,34326,9363,24963,140730,82091,58639
08,127,kota,Total,30-34,147298,75756,71542,37866,9935,27931,109432,65821,43611
08,127,kota,Total,35-39,134783,69211,65572,40698,10863,29835,94085,58348,35737
08,127,kota,Total,40-44,115306,60051,55255,38872,11098,27774,76434,48953,27481
08,127,kota,Total,45-49,98509,51634,46875,35434,10281,25153,63075,41353,21722
08,127,kota,Total,50-54,77103,41659,35444,28439,8704,19735,48664,32955,15709
08,127,kota,Total,55-59,58202,29711,28491,23513,6098,17415,34689,23613,11076
08,127,kota,Total,60-64,50390,25571,24819,23932,7164,16768,26458,18407,8051
08,127,kota,Total,65-69,35554,17109,18445,18863,5410,13453,16691,11699,4992
08,127,kota,Total,70-74,27098,13528,13570,15780,5350,10430,11318,8178,3140
08,127,kota,Total,75-79,12679,6175,6504,7086,2239,4847,5593,3936,1657
08,127,kota,Total,80+,14370,6373,7997,8865,2676,6189,5505,3697,1808
08,127,kota,Total,Age not stated,2248,1213,1035,667,261,406,1581,952,629
08,127,kota,Rural,All ages,774410,401331,373079,318030,118253,199777,456380,283078,173302
08,127,kota,Rural,0-6,108851,56977,51874,108851,56977,51874,0,0,0
08,127,kota,Rural,7,15290,7962,7328,4664,2275,2389,10626,5687,4939
08,127,kota,Rural,8,18235,9508,8727,2555,1116,1439,15680,8392,7288
08,127,kota,Rural,9,14367,7409,6958,1301,548,753,13066,6861,6205
08,127,kota,Rural,10,20709,10836,9873,1832,755,1077,18877,10081,8796
08,127,kota,Rural,11,15491,8214,7277,975,382,593,14516,7832,6684
08,127,kota,Rural,12,20384,10734,9650,1507,562,945,18877,10172,8705
08,127,kota,Rural,13,17157,8825,8332,1121,380,741,16036,8445,7591
08,127,kota,Rural,14,17981,9465,8516,1153,410,743,16828,9055,7773
08,127,kota,Rural,15,18736,9934,8802,1646,604,1042,17090,9330,7760
08,127,kota,Rural,16,18689,9842,8847,1551,535,1016,17138,9307,7831
08,127,kota,Rural,17,14617,7696,6921,1190,407,783,13427,7289,6138
08,127,kota,Rural,18,21453,11227,10226,2698,749,1949,18755,10478,8277
08,127,kota,Rural,19,13692,6894,6798,1675,394,1281,12017,6500,5517
08,127,kota,Rural,20-24,78075,41432,36643,14569,3567,11002,63506,37865,25641
08,127,kota,Rural,25-29,62082,32736,29346,17412,4216,13196,44670,28520,16150
08,127,kota,Rural,30-34,54397,27505,26892,19860,4709,15151,34537,22796,11741
08,127,kota,Rural,35-39,50727,26001,24726,21290,5292,15998,29437,20709,8728
08,127,kota,Rural,40-44,43813,22935,20878,20670,5748,14922,23143,17187,5956
08,127,kota,Rural,45-49,36032,18882,17150,18646,5473,13173,17386,13409,3977
08,127,kota,Rural,50-54,28186,15112,13074,15362,4836,10526,12824,10276,2548
08,127,kota,Rural,55-59,22588,11072,11516,13297,3592,9705,9291,7480,1811
08,127,kota,Rural,60-64,21204,10504,10700,13837,4397,9440,7367,6107,1260
08,127,kota,Rural,65-69,16173,7487,8686,11427,3557,7870,4746,3930,816
08,127,kota,Rural,70-74,13016,6376,6640,9686,3564,6122,3330,2812,518
08,127,kota,Rural,75-79,5705,2677,3028,4304,1515,2789,1401,1162,239
08,127,kota,Rural,80+,6125,2736,3389,4709,1609,3100,1416,1127,289
08,127,kota,Rural,Age not stated,635,353,282,242,84,158,393,269,124
08,127,kota,Urban,All ages,1176604,619830,556774,334639,137512,197127,841965,482318,359647
08,127,kota,Urban,0-6,146205,77364,68841,146205,77364,68841,0,0,0
08,127,kota,Urban,7,20847,10915,9932,6323,3171,3152,14524,7744,6780
08,127,kota,Urban,8,22547,12054,10493,3182,1546,1636,19365,10508,8857
08,127,kota,Urban,9,19478,10397,9081,1974,983,991,17504,9414,8090
08,127,kota,Urban,10,25934,14035,11899,2677,1285,1392,23257,12750,10507
08,127,kota,Urban,11,21147,11418,9729,1502,715,787,19645,10703,8942
08,127,kota,Urban,12,24570,13342,11228,1908,929,979,22662,12413,10249
08,127,kota,Urban,13,22409,11742,10667,1448,653,795,20961,11089,9872
08,127,kota,Urban,14,22609,12116,10493,1453,676,777,21156,11440,9716
08,127,kota,Urban,15,25296,13715,11581,1967,904,1063,23329,12811,10518
08,127,kota,Urban,16,25797,14351,11446,1862,889,973,23935,13462,10473
08,127,kota,Urban,17,24831,14053,10778,1619,721,898,23212,13332,9880
08,127,kota,Urban,18,32436,18189,14247,2780,1211,1569,29656,16978,12678
08,127,kota,Urban,19,24166,13224,10942,1856,706,1150,22310,12518,9792
08,127,kota,Urban,20-24,130419,67846,62573,14284,4909,9375,116135,62937,53198
08,127,kota,Urban,25-29,112974,58718,54256,16914,5147,11767,96060,53571,42489
08,127,kota,Urban,30-34,92901,48251,44650,18006,5226,12780,74895,43025,31870
08,127,kota,Urban,35-39,84056,43210,40846,19408,5571,13837,64648,37639,27009
08,127,kota,Urban,40-44,71493,37116,34377,18202,5350,12852,53291,31766,21525
08,127,kota,Urban,45-49,62477,32752,29725,16788,4808,11980,45689,27944,17745
08,127,kota,Urban,50-54,48917,26547,22370,13077,3868,9209,35840,22679,13161
08,127,kota,Urban,55-59,35614,18639,16975,10216,2506,7710,25398,16133,9265
08,127,kota,Urban,60-64,29186,15067,14119,10095,2767,7328,19091,12300,6791
08,127,kota,Urban,65-69,19381,9622,9759,7436,1853,5583,11945,7769,4176
08,127,kota,Urban,70-74,14082,7152,6930,6094,1786,4308,7988,5366,2622
08,127,kota,Urban,75-79,6974,3498,3476,2782,724,2058,4192,2774,1418
08,127,kota,Urban,80+,8245,3637,4608,4156,1067,3089,4089,2570,1519
08,127,kota,Urban,Age not stated,1613,860,753,425,177,248,1188,683,505
08,128,baran,Total,All ages,1222755,633945,588810,529448,201338,328110,693307,432607,260700
08,128,baran,Total,0-6,182665,95542,87123,182665,95542,87123,0,0,0
08,128,baran,Total,7,25646,13321,12325,8415,3976,4439,17231,9345,7886
08,128,baran,Total,8,30357,15769,14588,5358,2333,3025,24999,13436,11563
08,128,baran,Total,9,23847,12420,11427,2657,1043,1614,21190,11377,9813
08,128,baran,Total,10,34570,18065,16505,3936,1584,2352,30634,16481,14153
08,128,baran,Total,11,25177,13359,11818,1961,750,1211,23216,12609,10607
08,128,baran,Total,12,34354,18344,16010,3110,1152,1958,31244,17192,14052
08,128,baran,Total,13,26978,14097,12881,2200,687,1513,24778,13410,11368
08,128,baran,Total,14,28665,15046,13619,2445,787,1658,26220,14259,11961
08,128,baran,Total,15,29910,16137,13773,3114,1082,2032,26796,15055,11741
08,128,baran,Total,16,28723,15093,13630,3100,999,2101,25623,14094,11529
08,128,baran,Total,17,22128,11758,10370,2294,675,1619,19834,11083,8751
08,128,baran,Total,18,32611,16785,15826,4926,1284,3642,27685,15501,12184
08,128,baran,Total,19,20625,10375,10250,3266,670,2596,17359,9705,7654
08,128,baran,Total,20-24,120005,62696,57309,26724,6007,20717,93281,56689,36592
08,128,baran,Total,25-29,95943,50495,45448,29668,7384,22284,66275,43111,23164
08,128,baran,Total,30-34,83931,42301,41630,32865,8278,24587,51066,34023,17043
08,128,baran,Total,35-39,78823,40324,38499,34939,9405,25534,43884,30919,12965
08,128,baran,Total,40-44,67880,35818,32062,33181,9959,23222,34699,25859,8840
08,128,baran,Total,45-49,55710,29223,26487,29599,9330,20269,26111,19893,6218
08,128,baran,Total,50-54,41955,22935,19020,23090,8090,15000,18865,14845,4020
08,128,baran,Total,55-59,32650,16132,16518,19283,5696,13587,13367,10436,2931
08,128,baran,Total,60-64,32109,15662,16447,21349,7027,14322,10760,8635,2125
08,128,baran,Total,65-69,26540,12469,14071,18704,6120,12584,7836,6349,1487
08,128,baran,Total,70-74,20612,10352,10260,15638,6198,9440,4974,4154,820
08,128,baran,Total,75-79,9133,4258,4875,6857,2408,4449,2276,1850,426
08,128,baran,Total,80+,10101,4571,5530,7648,2690,4958,2453,1881,572
08,128,baran,Total,Age not stated,1107,598,509,456,182,274,651,416,235
08,128,baran,Rural,All ages,968541,502228,466313,447118,169637,277481,521423,332591,188832
08,128,baran,Rural,0-6,148894,77773,71121,148894,77773,71121,0,0,0
08,128,baran,Rural,7,20481,10638,9843,7227,3389,3838,13254,7249,6005
08,128,baran,Rural,8,24661,12723,11938,4580,1925,2655,20081,10798,9283
08,128,baran,Rural,9,19181,9978,9203,2262,878,1384,16919,9100,7819
08,128,baran,Rural,10,27763,14497,13266,3229,1256,1973,24534,13241,11293
08,128,baran,Rural,11,20151,10659,9492,1649,600,1049,18502,10059,8443
08,128,baran,Rural,12,27598,14699,12899,2535,878,1657,25063,13821,11242
08,128,baran,Rural,13,21349,11217,10132,1822,534,1288,19527,10683,8844
08,128,baran,Rural,14,23003,12016,10987,2039,611,1428,20964,11405,9559
08,128,baran,Rural,15,23638,12799,10839,2559,830,1729,21079,11969,9110
08,128,baran,Rural,16,22842,12020,10822,2587,780,1807,20255,11240,9015
08,128,baran,Rural,17,17079,9088,7991,1925,525,1400,15154,8563,6591
08,128,baran,Rural,18,25478,13055,12423,4194,1012,3182,21284,12043,9241
08,128,baran,Rural,19,15960,7965,7995,2847,531,2316,13113,7434,5679
08,128,baran,Rural,20-24,93748,49280,44468,23143,4958,18185,70605,44322,26283
08,128,baran,Rural,25-29,74140,39313,34827,25539,6307,19232,48601,33006,15595
08,128,baran,Rural,30-34,64967,32868,32099,28143,7168,20975,36824,25700,11124
08,128,baran,Rural,35-39,61064,31373,29691,29872,8204,21668,31192,23169,8023
08,128,baran,Rural,40-44,52584,27741,24843,28495,8781,19714,24089,18960,5129
08,128,baran,Rural,45-49,43215,22526,20689,25459,8246,17213,17756,14280,3476
08,128,baran,Rural,50-54,32802,17866,14936,19953,7238,12715,12849,10628,2221
08,128,baran,Rural,55-59,26144,12813,13331,16858,5134,11724,9286,7679,1607
08,128,baran,Rural,60-64,26359,12807,13552,18679,6336,12343,7680,6471,1209
08,128,baran,Rural,65-69,21994,10360,11634,16347,5549,10798,5647,4811,836
08,128,baran,Rural,70-74,16993,8538,8455,13530,5533,7997,3463,3005,458
08,128,baran,Rural,75-79,7398,3417,3981,5897,2138,3759,1501,1279,222
08,128,baran,Rural,80+,8102,3677,4425,6465,2364,4101,1637,1313,324
08,128,baran,Rural,Age not stated,953,522,431,389,159,230,564,363,201
08,128,baran,Urban,All ages,254214,131717,122497,82330,31701,50629,171884,100016,71868
08,128,baran,Urban,0-6,33771,17769,16002,33771,17769,16002,0,0,0
08,128,baran,Urban,7,5165,2683,2482,1188,587,601,3977,2096,1881
08,128,baran,Urban,8,5696,3046,2650,778,408,370,4918,2638,2280
08,128,baran,Urban,9,4666,2442,2224,395,165,230,4271,2277,1994
08,128,baran,Urban,10,6807,3568,3239,707,328,379,6100,3240,2860
08,128,baran,Urban,11,5026,2700,2326,312,150,162,4714,2550,2164
08,128,baran,Urban,12,6756,3645,3111,575,274,301,6181,3371,2810
08,128,baran,Urban,13,5629,2880,2749,378,153,225,5251,2727,2524
08,128,baran,Urban,14,5662,3030,2632,406,176,230,5256,2854,2402
08,128,baran,Urban,15,6272,3338,2934,555,252,303,5717,3086,2631
08,128,baran,Urban,16,5881,3073,2808,513,219,294,5368,2854,2514
08,128,baran,Urban,17,5049,2670,2379,369,150,219,4680,2520,2160
08,128,baran,Urban,18,7133,3730,3403,732,272,460,6401,3458,2943
08,128,baran,Urban,19,4665,2410,2255,419,139,280,4246,2271,1975
08,128,baran,Urban,20-24,26257,13416,12841,3581,1049,2532,22676,12367,10309
08,128,baran,Urban,25-29,21803,11182,10621,4129,1077,3052,17674,10105,7569
08,128,baran,Urban,30-34,18964,9433,9531,4722,1110,3612,14242,8323,5919
08,128,baran,Urban,35-39,17759,8951,8808,5067,1201,3866,12692,7750,4942
08,128,baran,Urban,40-44,15296,8077,7219,4686,1178,3508,10610,6899,3711
08,128,baran,Urban,45-49,12495,6697,5798,4140,1084,3056,8355,5613,2742
08,128,baran,Urban,50-54,9153,5069,4084,3137,852,2285,6016,4217,1799
08,128,baran,Urban,55-59,6506,3319,3187,2425,562,1863,4081,2757,1324
08,128,baran,Urban,60-64,5750,2855,2895,2670,691,1979,3080,2164,916
08,128,baran,Urban,65-69,4546,2109,2437,2357,571,1786,2189,1538,651
08,128,baran,Urban,70-74,3619,1814,1805,2108,665,1443,1511,1149,362
08,128,baran,Urban,75-79,1735,841,894,960,270,690,775,571,204
08,128,baran,Urban,80+,1999,894,1105,1183,326,857,816,568,248
08,128,baran,Urban,Age not stated,154,76,78,67,23,44,87,53,34
08,129,jhalawar,Total,All ages,1411129,725143,685986,671337,258328,413009,739792,466815,272977
08,129,jhalawar,Total,0-6,208205,108890,99315,208205,108890,99315,0,0,0
08,129,jhalawar,Total,7,30591,15830,14761,10775,5146,5629,19816,10684,9132
08,129,jhalawar,Total,8,36185,18831,17354,6336,2715,3621,29849,16116,13733
08,129,jhalawar,Total,9,26492,13723,12769,2892,1111,1781,23600,12612,10988
08,129,jhalawar,Total,10,40057,20889,19168,4661,1719,2942,35396,19170,16226
08,129,jhalawar,Total,11,27457,14519,12938,2103,667,1436,25354,13852,11502
08,129,jhalawar,Total,12,37814,19896,17918,3958,1312,2646,33856,18584,15272
08,129,jhalawar,Total,13,28938,15070,13868,2567,744,1823,26371,14326,12045
08,129,jhalawar,Total,14,29609,15432,14177,3125,874,2251,26484,14558,11926
08,129,jhalawar,Total,15,32390,17427,14963,4412,1402,3010,27978,16025,11953
08,129,jhalawar,Total,16,29826,15664,14162,4209,1141,3068,25617,14523,11094
08,129,jhalawar,Total,17,22079,11632,10447,3236,787,2449,18843,10845,7998
08,129,jhalawar,Total,18,37052,18499,18553,8104,1830,6274,28948,16669,12279
08,129,jhalawar,Total,19,21095,10393,10702,4314,847,3467,16781,9546,7235
08,129,jhalawar,Total,20-24,132597,68618,63979,37014,8673,28341,95583,59945,35638
08,129,jhalawar,Total,25-29,110159,56248,53911,41032,10624,30408,69127,45624,23503
08,129,jhalawar,Total,30-34,101758,50873,50885,45828,12965,32863,55930,37908,18022
08,129,jhalawar,Total,35-39,94277,47980,46297,46975,14358,32617,47302,33622,13680
08,129,jhalawar,Total,40-44,82982,43419,39563,45089,15278,29811,37893,28141,9752
08,129,jhalawar,Total,45-49,67093,34930,32163,38728,13298,25430,28365,21632,6733
08,129,jhalawar,Total,50-54,51784,27997,23787,30865,11790,19075,20919,16207,4712
08,129,jhalawar,Total,55-59,39658,19090,20568,25072,7736,17336,14586,11354,3232
08,129,jhalawar,Total,60-64,40151,19810,20341,28168,10263,17905,11983,9547,2436
08,129,jhalawar,Total,65-69,32008,14834,17174,23618,8182,15436,8390,6652,1738
08,129,jhalawar,Total,70-74,25437,12908,12529,19898,8320,11578,5539,4588,951
08,129,jhalawar,Total,75-79,11396,5219,6177,8937,3277,5660,2459,1942,517
08,129,jhalawar,Total,80+,13240,6093,7147,10819,4209,6610,2421,1884,537
08,129,jhalawar,Total,Age not stated,799,429,370,397,170,227,402,259,143
08,129,jhalawar,Rural,All ages,1181838,606533,575305,602972,231291,371681,578866,375242,203624
08,129,jhalawar,Rural,0-6,177367,92552,84815,177367,92552,84815,0,0,0
08,129,jhalawar,Rural,7,25974,13352,12622,9578,4530,5048,16396,8822,7574
08,129,jhalawar,Rural,8,31094,16178,14916,5723,2419,3304,25371,13759,11612
08,129,jhalawar,Rural,9,22470,11615,10855,2585,976,1609,19885,10639,9246
08,129,jhalawar,Rural,10,34478,17875,16603,4176,1486,2690,30302,16389,13913
08,129,jhalawar,Rural,11,23197,12241,10956,1857,563,1294,21340,11678,9662
08,129,jhalawar,Rural,12,32354,16997,15357,3566,1136,2430,28788,15861,12927
08,129,jhalawar,Rural,13,24350,12660,11690,2310,632,1678,22040,12028,10012
08,129,jhalawar,Rural,14,24908,12971,11937,2805,750,2055,22103,12221,9882
08,129,jhalawar,Rural,15,27349,14721,12628,4028,1241,2787,23321,13480,9841
08,129,jhalawar,Rural,16,25101,13156,11945,3871,1004,2867,21230,12152,9078
08,129,jhalawar,Rural,17,18119,9518,8601,2999,709,2290,15120,8809,6311
08,129,jhalawar,Rural,18,31244,15425,15819,7562,1627,5935,23682,13798,9884
08,129,jhalawar,Rural,19,17182,8356,8826,4004,743,3261,13178,7613,5565
08,129,jhalawar,Rural,20-24,109657,57069,52588,34377,7969,26408,75280,49100,26180
08,129,jhalawar,Rural,25-29,89837,46010,43827,37850,9808,28042,51987,36202,15785
08,129,jhalawar,Rural,30-34,83585,41769,41816,42263,12030,30233,41322,29739,11583
08,129,jhalawar,Rural,35-39,77566,39410,38156,43167,13347,29820,34399,26063,8336
08,129,jhalawar,Rural,40-44,68734,35941,32793,41489,14298,27191,27245,21643,5602
08,129,jhalawar,Rural,45-49,55370,28699,26671,35581,12457,23124,19789,16242,3547
08,129,jhalawar,Rural,50-54,42643,23116,19527,28283,11093,17190,14360,12023,2337
08,129,jhalawar,Rural,55-59,32936,15608,17328,23038,7302,15736,9898,8306,1592
08,129,jhalawar,Rural,60-64,34442,16960,17482,26027,9754,16273,8415,7206,1209
08,129,jhalawar,Rural,65-69,27817,12862,14955,21894,7800,14094,5923,5062,861
08,129,jhalawar,Rural,70-74,22202,11345,10857,18288,7889,10399,3914,3456,458
08,129,jhalawar,Rural,75-79,9880,4535,5345,8207,3117,5090,1673,1418,255
08,129,jhalawar,Rural,80+,11306,5227,6079,9739,3913,5826,1567,1314,253
08,129,jhalawar,Rural,Age not stated,676,365,311,338,146,192,338,219,119
08,129,jhalawar,Urban,All ages,229291,118610,110681,68365,27037,41328,160926,91573,69353
08,129,jhalawar,Urban,0-6,30838,16338,14500,30838,16338,14500,0,0,0
08,129,jhalawar,Urban,7,4617,2478,2139,1197,616,581,3420,1862,1558
08,129,jhalawar,Urban,8,5091,2653,2438,613,296,317,4478,2357,2121
08,129,jhalawar,Urban,9,4022,2108,1914,307,135,172,3715,1973,1742
08,129,jhalawar,Urban,10,5579,3014,2565,485,233,252,5094,2781,2313
08,129,jhalawar,Urban,11,4260,2278,1982,246,104,142,4014,2174,1840
08,129,jhalawar,Urban,12,5460,2899,2561,392,176,216,5068,2723,2345
08,129,jhalawar,Urban,13,4588,2410,2178,257,112,145,4331,2298,2033
08,129,jhalawar,Urban,14,4701,2461,2240,320,124,196,4381,2337,2044
08,129,jhalawar,Urban,15,5041,2706,2335,384,161,223,4657,2545,2112
08,129,jhalawar,Urban,16,4725,2508,2217,338,137,201,4387,2371,2016
08,129,jhalawar,Urban,17,3960,2114,1846,237,78,159,3723,2036,1687
08,129,jhalawar,Urban,18,5808,3074,2734,542,203,339,5266,2871,2395
08,129,jhalawar,Urban,19,3913,2037,1876,310,104,206,3603,1933,1670
08,129,jhalawar,Urban,20-24,22940,11549,11391,2637,704,1933,20303,10845,9458
08,129,jhalawar,Urban,25-29,20322,10238,10084,3182,816,2366,17140,9422,7718
08,129,jhalawar,Urban,30-34,18173,9104,9069,3565,935,2630,14608,8169,6439
08,129,jhalawar,Urban,35-39,16711,8570,8141,3808,1011,2797,12903,7559,5344
08,129,jhalawar,Urban,40-44,14248,7478,6770,3600,980,2620,10648,6498,4150
08,129,jhalawar,Urban,45-49,11723,6231,5492,3147,841,2306,8576,5390,3186
08,129,jhalawar,Urban,50-54,9141,4881,4260,2582,697,1885,6559,4184,2375
08,129,jhalawar,Urban,55-59,6722,3482,3240,2034,434,1600,4688,3048,1640
08,129,jhalawar,Urban,60-64,5709,2850,2859,2141,509,1632,3568,2341,1227
08,129,jhalawar,Urban,65-69,4191,1972,2219,1724,382,1342,2467,1590,877
08,129,jhalawar,Urban,70-74,3235,1563,1672,1610,431,1179,1625,1132,493
08,129,jhalawar,Urban,75-79,1516,684,832,730,160,570,786,524,262
08,129,jhalawar,Urban,80+,1934,866,1068,1080,296,784,854,570,284
08,129,jhalawar,Urban,Age not stated,123,64,59,59,24,35,64,40,24
08,130,udaipur,Total,All ages,3068420,1566801,1501619,1485791,593357,892434,1582629,973444,609185
08,130,udaipur,Total,0-6,508550,264321,244229,508550,264321,244229,0,0,0
08,130,udaipur,Total,7,73180,37973,35207,27388,12929,14459,45792,25044,20748
08,130,udaipur,Total,8,79752,41188,38564,21301,9222,12079,58451,31966,26485
08,130,udaipur,Total,9,62290,32473,29817,12260,5091,7169,50030,27382,22648
08,130,udaipur,Total,10,86583,45020,41563,18692,7423,11269,67891,37597,30294
08,130,udaipur,Total,11,62662,33003,29659,9345,3599,5746,53317,29404,23913
08,130,udaipur,Total,12,78417,41137,37280,14163,5035,9128,64254,36102,28152
08,130,udaipur,Total,13,60189,31743,28446,9126,3133,5993,51063,28610,22453
08,130,udaipur,Total,14,62761,33006,29755,9938,3403,6535,52823,29603,23220
08,130,udaipur,Total,15,66188,34842,31346,11944,4190,7754,54244,30652,23592
08,130,udaipur,Total,16,63792,33370,30422,11686,3746,7940,52106,29624,22482
08,130,udaipur,Total,17,48809,25451,23358,8044,2319,5725,40765,23132,17633
08,130,udaipur,Total,18,73588,36628,36960,17562,4795,12767,56026,31833,24193
08,130,udaipur,Total,19,47962,23505,24457,10227,2205,8022,37735,21300,16435
08,130,udaipur,Total,20-24,266253,134535,131718,73195,18880,54315,193058,115655,77403
08,130,udaipur,Total,25-29,235460,118474,116986,81906,22939,58967,153554,95535,58019
08,130,udaipur,Total,30-34,215390,108147,107243,87773,25158,62615,127617,82989,44628
08,130,udaipur,Total,35-39,203121,102124,100997,94201,28285,65916,108920,73839,35081
08,130,udaipur,Total,40-44,173353,89385,83968,88235,29823,58412,85118,59562,25556
08,130,udaipur,Total,45-49,147423,74872,72551,80079,27598,52481,67344,47274,20070
08,130,udaipur,Total,50-54,115752,62025,53727,64705,25429,39276,51047,36596,14451
08,130,udaipur,Total,55-59,88846,43039,45807,53013,17909,35104,35833,25130,10703
08,130,udaipur,Total,60-64,84963,42412,42551,56019,21677,34342,28944,20735,8209
08,130,udaipur,Total,65-69,63496,29974,33522,44143,16108,28035,19353,13866,5487
08,130,udaipur,Total,70-74,48473,24366,24107,35428,14623,20805,13045,9743,3302
08,130,udaipur,Total,75-79,22917,10582,12335,16560,5990,10570,6357,4592,1765
08,130,udaipur,Total,80+,26587,12219,14368,19746,7290,12456,6841,4929,1912
08,130,udaipur,Total,Age not stated,1663,987,676,562,237,325,1101,750,351
08,130,udaipur,Rural,All ages,2459994,1251316,1208678,1351148,538937,812211,1108846,712379,396467
08,130,udaipur,Rural,0-6,441482,228369,213113,441482,228369,213113,0,0,0
08,130,udaipur,Rural,7,62755,32410,30345,25495,11977,13518,37260,20433,16827
08,130,udaipur,Rural,8,69419,35599,33820,20567,8853,11714,48852,26746,22106
08,130,udaipur,Rural,9,52324,27048,25276,11585,4758,6827,40739,22290,18449
08,130,udaipur,Rural,10,74106,38153,35953,17730,6938,10792,56376,31215,25161
08,130,udaipur,Rural,11,52103,27366,24737,8856,3361,5495,43247,24005,19242
08,130,udaipur,Rural,12,67026,34930,32096,13744,4847,8897,53282,30083,23199
08,130,udaipur,Rural,13,49602,26022,23580,8725,2970,5755,40877,23052,17825
08,130,udaipur,Rural,14,51935,27254,24681,9588,3268,6320,42347,23986,18361
08,130,udaipur,Rural,15,54454,28434,26020,11458,3983,7475,42996,24451,18545
08,130,udaipur,Rural,16,52536,27223,25313,11251,3560,7691,41285,23663,17622
08,130,udaipur,Rural,17,38171,19712,18459,7665,2174,5491,30506,17538,12968
08,130,udaipur,Rural,18,60103,29544,30559,16906,4555,12351,43197,24989,18208
08,130,udaipur,Rural,19,36616,17585,19031,9747,2049,7698,26869,15536,11333
08,130,udaipur,Rural,20-24,206183,103979,102204,69619,17818,51801,136564,86161,50403
08,130,udaipur,Rural,25-29,178443,89892,88551,77300,21723,55577,101143,68169,32974
08,130,udaipur,Rural,30-34,164654,82460,82194,82407,23873,58534,82247,58587,23660
08,130,udaipur,Rural,35-39,156023,78329,77694,87759,26743,61016,68264,51586,16678
08,130,udaipur,Rural,40-44,133039,68854,64185,81612,28212,53400,51427,40642,10785
08,130,udaipur,Rural,45-49,111974,56625,55349,73928,26072,47856,38046,30553,7493
08,130,udaipur,Rural,50-54,86433,46465,39968,59211,23989,35222,27222,22476,4746
08,130,udaipur,Rural,55-59,66399,31506,34893,48545,16908,31637,17854,14598,3256
08,130,udaipur,Rural,60-64,66158,32639,33519,51394,20521,30873,14764,12118,2646
08,130,udaipur,Rural,65-69,50465,23507,26958,40465,15229,25236,10000,8278,1722
08,130,udaipur,Rural,70-74,38607,19469,19138,31929,13742,18187,6678,5727,951
08,130,udaipur,Rural,75-79,17479,7886,9593,14718,5587,9131,2761,2299,462
08,130,udaipur,Rural,80+,20138,9243,10895,16974,6654,10320,3164,2589,575
08,130,udaipur,Rural,Age not stated,1367,813,554,488,204,284,879,609,270
08,130,udaipur,Urban,All ages,608426,315485,292941,134643,54420,80223,473783,261065,212718
08,130,udaipur,Urban,0-6,67068,35952,31116,67068,35952,31116,0,0,0
08,130,udaipur,Urban,7,10425,5563,4862,1893,952,941,8532,4611,3921
08,130,udaipur,Urban,8,10333,5589,4744,734,369,365,9599,5220,4379
08,130,udaipur,Urban,9,9966,5425,4541,675,333,342,9291,5092,4199
08,130,udaipur,Urban,10,12477,6867,5610,962,485,477,11515,6382,5133
08,130,udaipur,Urban,11,10559,5637,4922,489,238,251,10070,5399,4671
08,130,udaipur,Urban,12,11391,6207,5184,419,188,231,10972,6019,4953
08,130,udaipur,Urban,13,10587,5721,4866,401,163,238,10186,5558,4628
08,130,udaipur,Urban,14,10826,5752,5074,350,135,215,10476,5617,4859
08,130,udaipur,Urban,15,11734,6408,5326,486,207,279,11248,6201,5047
08,130,udaipur,Urban,16,11256,6147,5109,435,186,249,10821,5961,4860
08,130,udaipur,Urban,17,10638,5739,4899,379,145,234,10259,5594,4665
08,130,udaipur,Urban,18,13485,7084,6401,656,240,416,12829,6844,5985
08,130,udaipur,Urban,19,11346,5920,5426,480,156,324,10866,5764,5102
08,130,udaipur,Urban,20-24,60070,30556,29514,3576,1062,2514,56494,29494,27000
08,130,udaipur,Urban,25-29,57017,28582,28435,4606,1216,3390,52411,27366,25045
08,130,udaipur,Urban,30-34,50736,25687,25049,5366,1285,4081,45370,24402,20968
08,130,udaipur,Urban,35-39,47098,23795,23303,6442,1542,4900,40656,22253,18403
08,130,udaipur,Urban,40-44,40314,20531,19783,6623,1611,5012,33691,18920,14771
08,130,udaipur,Urban,45-49,35449,18247,17202,6151,1526,4625,29298,16721,12577
08,130,udaipur,Urban,50-54,29319,15560,13759,5494,1440,4054,23825,14120,9705
08,130,udaipur,Urban,55-59,22447,11533,10914,4468,1001,3467,17979,10532,7447
08,130,udaipur,Urban,60-64,18805,9773,9032,4625,1156,3469,14180,8617,5563
08,130,udaipur,Urban,65-69,13031,6467,6564,3678,879,2799,9353,5588,3765
08,130,udaipur,Urban,70-74,9866,4897,4969,3499,881,2618,6367,4016,2351
08,130,udaipur,Urban,75-79,5438,2696,2742,1842,403,1439,3596,2293,1303
08,130,udaipur,Urban,80+,6449,2976,3473,2772,636,2136,3677,2340,1337
08,130,udaipur,Urban,Age not stated,296,174,122,74,33,41,222,141,81
08,131,pratapgarh,Total,All ages,867848,437744,430104,466333,187622,278711,401515,250122,151393
08,131,pratapgarh,Total,0-6,150518,77856,72662,150518,77856,72662,0,0,0
08,131,pratapgarh,Total,7,21615,11119,10496,9309,4488,4821,12306,6631,5675
08,131,pratapgarh,Total,8,24196,12195,12001,6791,2950,3841,17405,9245,8160
08,131,pratapgarh,Total,9,17994,9195,8799,3371,1341,2030,14623,7854,6769
08,131,pratapgarh,Total,10,27307,14073,13234,5528,2148,3380,21779,11925,9854
08,131,pratapgarh,Total,11,17308,9014,8294,2397,867,1530,14911,8147,6764
08,131,pratapgarh,Total,12,23663,12181,11482,4464,1534,2930,19199,10647,8552
08,131,pratapgarh,Total,13,17117,8851,8266,2690,834,1856,14427,8017,6410
08,131,pratapgarh,Total,14,18724,9625,9099,3225,1015,2210,15499,8610,6889
08,131,pratapgarh,Total,15,19111,9938,9173,3957,1293,2664,15154,8645,6509
08,131,pratapgarh,Total,16,18672,9502,9170,3994,1244,2750,14678,8258,6420
08,131,pratapgarh,Total,17,12683,6377,6306,2515,664,1851,10168,5713,4455
08,131,pratapgarh,Total,18,21860,10411,11449,6327,1698,4629,15533,8713,6820
08,131,pratapgarh,Total,19,12303,5530,6773,3416,698,2718,8887,4832,4055
08,131,pratapgarh,Total,20-24,77513,38823,38690,26618,6997,19621,50895,31826,19069
08,131,pratapgarh,Total,25-29,65403,32807,32596,28940,8661,20279,36463,24146,12317
08,131,pratapgarh,Total,30-34,60804,30514,30290,31046,10397,20649,29758,20117,9641
08,131,pratapgarh,Total,35-39,56047,28229,27818,31720,10878,20842,24327,17351,6976
08,131,pratapgarh,Total,40-44,48001,24840,23161,29255,11005,18250,18746,13835,4911
08,131,pratapgarh,Total,45-49,39949,19791,20158,25964,9409,16555,13985,10382,3603
08,131,pratapgarh,Total,50-54,30712,16526,14186,20050,8341,11709,10662,8185,2477
08,131,pratapgarh,Total,55-59,22890,10561,12329,15801,5244,10557,7089,5317,1772
08,131,pratapgarh,Total,60-64,21864,10854,11010,16004,6238,9766,5860,4616,1244
08,131,pratapgarh,Total,65-69,15776,7068,8708,11960,4130,7830,3816,2938,878
08,131,pratapgarh,Total,70-74,12190,5855,6335,9744,3858,5886,2446,1997,449
08,131,pratapgarh,Total,75-79,5499,2423,3076,4391,1526,2865,1108,897,211
08,131,pratapgarh,Total,80+,6677,2858,3819,5441,1897,3544,1236,961,275
08,131,pratapgarh,Total,Age not stated,1452,728,724,897,411,486,555,317,238
08,131,pratapgarh,Rural,All ages,796041,401171,394870,447969,180510,267459,348072,220661,127411
08,131,pratapgarh,Rural,0-6,141751,73237,68514,141751,73237,68514,0,0,0
08,131,pratapgarh,Rural,7,20223,10403,9820,9067,4360,4707,11156,6043,5113
08,131,pratapgarh,Rural,8,22888,11530,11358,6689,2903,3786,16199,8627,7572
08,131,pratapgarh,Rural,9,16716,8517,8199,3305,1314,1991,13411,7203,6208
08,131,pratapgarh,Rural,10,25651,13190,12461,5418,2098,3320,20233,11092,9141
08,131,pratapgarh,Rural,11,16031,8349,7682,2353,850,1503,13678,7499,6179
08,131,pratapgarh,Rural,12,22170,11378,10792,4395,1509,2886,17775,9869,7906
08,131,pratapgarh,Rural,13,15798,8161,7637,2642,817,1825,13156,7344,5812
08,131,pratapgarh,Rural,14,17410,8919,8491,3176,998,2178,14234,7921,6313
08,131,pratapgarh,Rural,15,17660,9165,8495,3890,1264,2626,13770,7901,5869
08,131,pratapgarh,Rural,16,17345,8810,8535,3924,1221,2703,13421,7589,5832
08,131,pratapgarh,Rural,17,11446,5746,5700,2477,656,1821,8969,5090,3879
08,131,pratapgarh,Rural,18,20285,9582,10703,6232,1662,4570,14053,7920,6133
08,131,pratapgarh,Rural,19,11061,4904,6157,3363,683,2680,7698,4221,3477
08,131,pratapgarh,Rural,20-24,70721,35490,35231,26126,6844,19282,44595,28646,15949
08,131,pratapgarh,Rural,25-29,58938,29556,29382,28300,8475,19825,30638,21081,9557
08,131,pratapgarh,Rural,30-34,54826,27558,27268,30184,10189,19995,24642,17369,7273
08,131,pratapgarh,Rural,35-39,50518,25395,25123,30773,10670,20103,19745,14725,5020
08,131,pratapgarh,Rural,40-44,43433,22556,20877,28260,10753,17507,15173,11803,3370
08,131,pratapgarh,Rural,45-49,36076,17836,18240,25103,9216,15887,10973,8620,2353
08,131,pratapgarh,Rural,50-54,27354,14774,12580,19244,8150,11094,8110,6624,1486
08,131,pratapgarh,Rural,55-59,20364,9310,11054,15154,5114,10040,5210,4196,1014
08,131,pratapgarh,Rural,60-64,19773,9756,10017,15379,6083,9296,4394,3673,721
08,131,pratapgarh,Rural,65-69,14343,6378,7965,11461,4021,7440,2882,2357,525
08,131,pratapgarh,Rural,70-74,11073,5324,5749,9273,3759,5514,1800,1565,235
08,131,pratapgarh,Rural,75-79,4944,2143,2801,4163,1475,2688,781,668,113
08,131,pratapgarh,Rural,80+,5962,2552,3410,5063,1819,3244,899,733,166
08,131,pratapgarh,Rural,Age not stated,1281,652,629,804,370,434,477,282,195
08,131,pratapgarh,Urban,All ages,71807,36573,35234,18364,7112,11252,53443,29461,23982
08,131,pratapgarh,Urban,0-6,8767,4619,4148,8767,4619,4148,0,0,0
08,131,pratapgarh,Urban,7,1392,716,676,242,128,114,1150,588,562
08,131,pratapgarh,Urban,8,1308,665,643,102,47,55,1206,618,588
08,131,pratapgarh,Urban,9,1278,678,600,66,27,39,1212,651,561
08,131,pratapgarh,Urban,10,1656,883,773,110,50,60,1546,833,713
08,131,pratapgarh,Urban,11,1277,665,612,44,17,27,1233,648,585
08,131,pratapgarh,Urban,12,1493,803,690,69,25,44,1424,778,646
08,131,pratapgarh,Urban,13,1319,690,629,48,17,31,1271,673,598
08,131,pratapgarh,Urban,14,1314,706,608,49,17,32,1265,689,576
08,131,pratapgarh,Urban,15,1451,773,678,67,29,38,1384,744,640
08,131,pratapgarh,Urban,16,1327,692,635,70,23,47,1257,669,588
08,131,pratapgarh,Urban,17,1237,631,606,38,8,30,1199,623,576
08,131,pratapgarh,Urban,18,1575,829,746,95,36,59,1480,793,687
08,131,pratapgarh,Urban,19,1242,626,616,53,15,38,1189,611,578
08,131,pratapgarh,Urban,20-24,6792,3333,3459,492,153,339,6300,3180,3120
08,131,pratapgarh,Urban,25-29,6465,3251,3214,640,186,454,5825,3065,2760
08,131,pratapgarh,Urban,30-34,5978,2956,3022,862,208,654,5116,2748,2368
08,131,pratapgarh,Urban,35-39,5529,2834,2695,947,208,739,4582,2626,1956
08,131,pratapgarh,Urban,40-44,4568,2284,2284,995,252,743,3573,2032,1541
08,131,pratapgarh,Urban,45-49,3873,1955,1918,861,193,668,3012,1762,1250
08,131,pratapgarh,Urban,50-54,3358,1752,1606,806,191,615,2552,1561,991
08,131,pratapgarh,Urban,55-59,2526,1251,1275,647,130,517,1879,1121,758
08,131,pratapgarh,Urban,60-64,2091,1098,993,625,155,470,1466,943,523
08,131,pratapgarh,Urban,65-69,1433,690,743,499,109,390,934,581,353
08,131,pratapgarh,Urban,70-74,1117,531,586,471,99,372,646,432,214
08,131,pratapgarh,Urban,75-79,555,280,275,228,51,177,327,229,98
08,131,pratapgarh,Urban,80+,715,306,409,378,78,300,337,228,109
08,131,pratapgarh,Urban,Age not stated,171,76,95,93,41,52,78,35,43
14,272,senapati,Total,All ages,479148,247323,231825,214671,99311,115360,264477,148012,116465
14,272,senapati,Total,0-6,63335,33463,29872,63335,33463,29872,0,0,0
14,272,senapati,Total,7,10774,5596,5178,4624,2358,2266,6150,3238,2912
14,272,senapati,Total,8,11268,5938,5330,3884,1992,1892,7384,3946,3438
14,272,senapati,Total,9,10317,5402,4915,2968,1473,1495,7349,3929,3420
14,272,senapati,Total,10,12810,6793,6017,3414,1758,1656,9396,5035,4361
14,272,senapati,Total,11,11504,6112,5392,2665,1375,1290,8839,4737,4102
14,272,senapati,Total,12,12549,6649,5900,2589,1295,1294,9960,5354,4606
14,272,senapati,Total,13,10917,5680,5237,1999,995,1004,8918,4685,4233
14,272,senapati,Total,14,12100,6265,5835,2110,999,1111,9990,5266,4724
14,272,senapati,Total,15,12220,6408,5812,2047,990,1057,10173,5418,4755
14,272,senapati,Total,16,12035,6201,5834,2233,1042,1191,9802,5159,4643
14,272,senapati,Total,17,10886,5628,5258,2048,961,1087,8838,4667,4171
14,272,senapati,Total,18,13943,7368,6575,3097,1534,1563,10846,5834,5012
14,272,senapati,Total,19,10767,5635,5132,2409,1120,1289,8358,4515,3843
14,272,senapati,Total,20-24,54558,28047,26511,15030,6664,8366,39528,21383,18145
14,272,senapati,Total,25-29,44456,22313,22143,14820,6158,8662,29636,16155,13481
14,272,senapati,Total,30-34,33697,16962,16735,12930,5340,7590,20767,11622,9145
14,272,senapati,Total,35-39,28836,14087,14749,12589,4796,7793,16247,9291,6956
14,272,senapati,Total,40-44,26171,13191,12980,12953,5073,7880,13218,8118,5100
14,272,senapati,Total,45-49,22812,11429,11383,12380,4809,7571,10432,6620,3812
14,272,senapati,Total,50-54,17609,9289,8320,10583,4548,6035,7026,4741,2285
14,272,senapati,Total,55-59,11923,6134,5789,7617,3124,4493,4306,3010,1296
14,272,senapati,Total,60-64,9307,4998,4309,6422,2898,3524,2885,2100,785
14,272,senapati,Total,65-69,5365,2805,2560,3806,1672,2134,1559,1133,426
14,272,senapati,Total,70-74,3598,1949,1649,2689,1262,1427,909,687,222
14,272,senapati,Total,75-79,1900,1013,887,1434,657,777,466,356,110
14,272,senapati,Total,80+,2306,1244,1062,1622,771,851,684,473,211
14,272,senapati,Total,Age not stated,1185,724,461,374,184,190,811,540,271
14,272,senapati,Rural,All ages,471672,243603,228069,212694,98474,114220,258978,145129,113849
14,272,senapati,Rural,0-6,62319,32947,29372,62319,32947,29372,0,0,0
14,272,senapati,Rural,7,10632,5529,5103,4583,2343,2240,6049,3186,2863
14,272,senapati,Rural,8,11095,5857,5238,3849,1975,1874,7246,3882,3364
14,272,senapati,Rural,9,10178,5322,4856,2951,1465,1486,7227,3857,3370
14,272,senapati,Rural,10,12612,6687,5925,3395,1751,1644,9217,4936,4281
14,272,senapati,Rural,11,11324,6018,5306,2657,1372,1285,8667,4646,4021
14,272,senapati,Rural,12,12376,6558,5818,2587,1295,1292,9789,5263,4526
14,272,senapati,Rural,13,10727,5585,5142,1997,994,1003,8730,4591,4139
14,272,senapati,Rural,14,11928,6177,5751,2106,997,1109,9822,5180,4642
14,272,senapati,Rural,15,12009,6304,5705,2043,988,1055,9966,5316,4650
14,272,senapati,Rural,16,11868,6120,5748,2229,1041,1188,9639,5079,4560
14,272,senapati,Rural,17,10735,5551,5184,2041,961,1080,8694,4590,4104
14,272,senapati,Rural,18,13769,7283,6486,3090,1533,1557,10679,5750,4929
14,272,senapati,Rural,19,10608,5554,5054,2408,1120,1288,8200,4434,3766
14,272,senapati,Rural,20-24,53793,27678,26115,14995,6655,8340,38798,21023,17775
14,272,senapati,Rural,25-29,43751,21977,21774,14758,6135,8623,28993,15842,13151
14,272,senapati,Rural,30-34,33136,16695,16441,12848,5318,7530,20288,11377,8911
14,272,senapati,Rural,35-39,28371,13870,14501,12506,4772,7734,15865,9098,6767
14,272,senapati,Rural,40-44,25720,12986,12734,12848,5038,7810,12872,7948,4924
14,272,senapati,Rural,45-49,22444,11235,11209,12287,4779,7508,10157,6456,3701
14,272,senapati,Rural,50-54,17294,9126,8168,10486,4519,5967,6808,4607,2201
14,272,senapati,Rural,55-59,11743,6042,5701,7570,3109,4461,4173,2933,1240
14,272,senapati,Rural,60-64,9128,4897,4231,6346,2871,3475,2782,2026,756
14,272,senapati,Rural,65-69,5279,2760,2519,3761,1656,2105,1518,1104,414
14,272,senapati,Rural,70-74,3531,1911,1620,2649,1245,1404,882,666,216
14,272,senapati,Rural,75-79,1862,992,870,1414,652,762,448,340,108
14,272,senapati,Rural,80+,2267,1224,1043,1597,759,838,670,465,205
14,272,senapati,Rural,Age not stated,1173,718,455,374,184,190,799,534,265
14,272,senapati,Urban,All ages,7476,3720,3756,1977,837,1140,5499,2883,2616
14,272,senapati,Urban,0-6,1016,516,500,1016,516,500,0,0,0
14,272,senapati,Urban,7,142,67,75,41,15,26,101,52,49
14,272,senapati,Urban,8,173,81,92,35,17,18,138,64,74
14,272,senapati,Urban,9,139,80,59,17,8,9,122,72,50
14,272,senapati,Urban,10,198,106,92,19,7,12,179,99,80
14,272,senapati,Urban,11,180,94,86,8,3,5,172,91,81
14,272,senapati,Urban,12,173,91,82,2,0,2,171,91,80
14,272,senapati,Urban,13,190,95,95,2,1,1,188,94,94
14,272,senapati,Urban,14,172,88,84,4,2,2,168,86,82
14,272,senapati,Urban,15,211,104,107,4,2,2,207,102,105
14,272,senapati,Urban,16,167,81,86,4,1,3,163,80,83
14,272,senapati,Urban,17,151,77,74,7,0,7,144,77,67
14,272,senapati,Urban,18,174,85,89,7,1,6,167,84,83
14,272,senapati,Urban,19,159,81,78,1,0,1,158,81,77
14,272,senapati,Urban,20-24,765,369,396,35,9,26,730,360,370
14,272,senapati,Urban,25-29,705,336,369,62,23,39,643,313,330
14,272,senapati,Urban,30-34,561,267,294,82,22,60,479,245,234
14,272,senapati,Urban,35-39,465,217,248,83,24,59,382,193,189
14,272,senapati,Urban,40-44,451,205,246,105,35,70,346,170,176
14,272,senapati,Urban,45-49,368,194,174,93,30,63,275,164,111
14,272,senapati,Urban,50-54,315,163,152,97,29,68,218,134,84
14,272,senapati,Urban,55-59,180,92,88,47,15,32,133,77,56
14,272,senapati,Urban,60-64,179,101,78,76,27,49,103,74,29
14,272,senapati,Urban,65-69,86,45,41,45,16,29,41,29,12
14,272,senapati,Urban,70-74,67,38,29,40,17,23,27,21,6
14,272,senapati,Urban,75-79,38,21,17,20,5,15,18,16,2
14,272,senapati,Urban,80+,39,20,19,25,12,13,14,8,6
14,272,senapati,Urban,Age not stated,12,6,6,0,0,0,12,6,6
14,273,tamenglong,Total,All ages,140651,72371,68280,55645,24968,30677,85006,47403,37603
14,273,tamenglong,Total,0-6,19307,10072,9235,19307,10072,9235,0,0,0
14,273,tamenglong,Total,7,3005,1514,1491,1532,747,785,1473,767,706
14,273,tamenglong,Total,8,3158,1575,1583,1198,551,647,1960,1024,936
14,273,tamenglong,Total,9,2933,1511,1422,908,453,455,2025,1058,967
14,273,tamenglong,Total,10,3774,1992,1782,1048,527,521,2726,1465,1261
14,273,tamenglong,Total,11,3180,1656,1524,699,364,335,2481,1292,1189
14,273,tamenglong,Total,12,3445,1792,1653,601,280,321,2844,1512,1332
14,273,tamenglong,Total,13,3082,1595,1487,531,261,270,2551,1334,1217
14,273,tamenglong,Total,14,3137,1600,1537,451,227,224,2686,1373,1313
14,273,tamenglong,Total,15,3552,1815,1737,496,234,262,3056,1581,1475
14,273,tamenglong,Total,16,3154,1555,1599,445,204,241,2709,1351,1358
14,273,tamenglong,Total,17,2948,1518,1430,399,201,198,2549,1317,1232
14,273,tamenglong,Total,18,3797,1921,1876,590,280,310,3207,1641,1566
14,273,tamenglong,Total,19,2929,1468,1461,468,201,267,2461,1267,1194
14,273,tamenglong,Total,20-24,15139,7721,7418,2709,1190,1519,12430,6531,5899
14,273,tamenglong,Total,25-29,13733,6997,6736,3079,1165,1914,10654,5832,4822
14,273,tamenglong,Total,30-34,10534,5451,5083,2775,1026,1749,7759,4425,3334
14,273,tamenglong,Total,35-39,9047,4677,4370,2857,1055,1802,6190,3622,2568
14,273,tamenglong,Total,40-44,7393,3873,3520,2782,1015,1767,4611,2858,1753
14,273,tamenglong,Total,45-49,6316,3212,3104,2698,918,1780,3618,2294,1324
14,273,tamenglong,Total,50-54,4892,2620,2272,2382,940,1442,2510,1680,830
14,273,tamenglong,Total,55-59,3426,1748,1678,1830,650,1180,1596,1098,498
14,273,tamenglong,Total,60-64,3004,1548,1456,1800,703,1097,1204,845,359
14,273,tamenglong,Total,65-69,1911,992,919,1243,505,738,668,487,181
14,273,tamenglong,Total,70-74,1488,745,743,1076,432,644,412,313,99
14,273,tamenglong,Total,75-79,881,451,430,676,294,382,205,157,48
14,273,tamenglong,Total,80+,1322,665,657,1014,452,562,308,213,95
14,273,tamenglong,Total,Age not stated,164,87,77,51,21,30,113,66,47
14,273,tamenglong,Rural,All ages,121288,62534,58754,50786,22805,27981,70502,39729,30773
14,273,tamenglong,Rural,0-6,16624,8701,7923,16624,8701,7923,0,0,0
14,273,tamenglong,Rural,7,2544,1296,1248,1320,642,678,1224,654,570
14,273,tamenglong,Rural,8,2704,1363,1341,1069,491,578,1635,872,763
14,273,tamenglong,Rural,9,2502,1287,1215,803,399,404,1699,888,811
14,273,tamenglong,Rural,10,3213,1695,1518,946,471,475,2267,1224,1043
14,273,tamenglong,Rural,11,2637,1385,1252,634,337,297,2003,1048,955
14,273,tamenglong,Rural,12,2954,1553,1401,555,252,303,2399,1301,1098
14,273,tamenglong,Rural,13,2585,1358,1227,496,245,251,2089,1113,976
14,273,tamenglong,Rural,14,2620,1344,1276,431,216,215,2189,1128,1061
14,273,tamenglong,Rural,15,3026,1557,1469,477,226,251,2549,1331,1218
14,273,tamenglong,Rural,16,2691,1346,1345,427,197,230,2264,1149,1115
14,273,tamenglong,Rural,17,2494,1299,1195,386,194,192,2108,1105,1003
14,273,tamenglong,Rural,18,3329,1692,1637,575,272,303,2754,1420,1334
14,273,tamenglong,Rural,19,2575,1299,1276,460,198,262,2115,1101,1014
14,273,tamenglong,Rural,20-24,13194,6746,6448,2636,1163,1473,10558,5583,4975
14,273,tamenglong,Rural,25-29,11871,6050,5821,2978,1143,1835,8893,4907,3986
14,273,tamenglong,Rural,30-34,9128,4748,4380,2653,1000,1653,6475,3748,2727
14,273,tamenglong,Rural,35-39,7755,3992,3763,2718,1009,1709,5037,2983,2054
14,273,tamenglong,Rural,40-44,6385,3343,3042,2639,978,1661,3746,2365,1381
14,273,tamenglong,Rural,45-49,5443,2731,2712,2548,872,1676,2895,1859,1036
14,273,tamenglong,Rural,50-54,4224,2249,1975,2250,912,1338,1974,1337,637
14,273,tamenglong,Rural,55-59,2985,1497,1488,1719,615,1104,1266,882,384
14,273,tamenglong,Rural,60-64,2656,1382,1274,1685,671,1014,971,711,260
14,273,tamenglong,Rural,65-69,1729,889,840,1179,483,696,550,406,144
14,273,tamenglong,Rural,70-74,1346,673,673,997,404,593,349,269,80
14,273,tamenglong,Rural,75-79,786,403,383,616,277,339,170,126,44
14,273,tamenglong,Rural,80+,1165,594,571,923,421,502,242,173,69
14,273,tamenglong,Rural,Age not stated,123,62,61,42,16,26,81,46,35
14,273,tamenglong,Urban,All ages,19363,9837,9526,4859,2163,2696,14504,7674,6830
14,273,tamenglong,Urban,0-6,2683,1371,1312,2683,1371,1312,0,0,0
14,273,tamenglong,Urban,7,461,218,243,212,105,107,249,113,136
14,273,tamenglong,Urban,8,454,212,242,129,60,69,325,152,173
14,273,tamenglong,Urban,9,431,224,207,105,54,51,326,170,156
14,273,tamenglong,Urban,10,561,297,264,102,56,46,459,241,218
14,273,tamenglong,Urban,11,543,271,272,65,27,38,478,244,234
14,273,tamenglong,Urban,12,491,239,252,46,28,18,445,211,234
14,273,tamenglong,Urban,13,497,237,260,35,16,19,462,221,241
14,273,tamenglong,Urban,14,517,256,261,20,11,9,497,245,252
14,273,tamenglong,Urban,15,526,258,268,19,8,11,507,250,257
14,273,tamenglong,Urban,16,463,209,254,18,7,11,445,202,243
14,273,tamenglong,Urban,17,454,219,235,13,7,6,441,212,229
14,273,tamenglong,Urban,18,468,229,239,15,8,7,453,221,232
14,273,tamenglong,Urban,19,354,169,185,8,3,5,346,166,180
14,273,tamenglong,Urban,20-24,1945,975,970,73,27,46,1872,948,924
14,273,tamenglong,Urban,25-29,1862,947,915,101,22,79,1761,925,836
14,273,tamenglong,Urban,30-34,1406,703,703,122,26,96,1284,677,607
14,273,tamenglong,Urban,35-39,1292,685,607,139,46,93,1153,639,514
14,273,tamenglong,Urban,40-44,1008,530,478,143,37,106,865,493,372
14,273,tamenglong,Urban,45-49,873,481,392,150,46,104,723,435,288
14,273,tamenglong,Urban,50-54,668,371,297,132,28,104,536,343,193
14,273,tamenglong,Urban,55-59,441,251,190,111,35,76,330,216,114
14,273,tamenglong,Urban,60-64,348,166,182,115,32,83,233,134,99
14,273,tamenglong,Urban,65-69,182,103,79,64,22,42,118,81,37
14,273,tamenglong,Urban,70-74,142,72,70,79,28,51,63,44,19
14,273,tamenglong,Urban,75-79,95,48,47,60,17,43,35,31,4
14,273,tamenglong,Urban,80+,157,71,86,91,31,60,66,40,26
14,273,tamenglong,Urban,Age not stated,41,25,16,9,5,4,32,20,12
14,274,churachandpur,Total,All ages,274143,138820,135323,78208,34807,43401,195935,104013,91922
14,274,churachandpur,Total,0-6,37445,19227,18218,37445,19227,18218,0,0,0
14,274,churachandpur,Total,7,5693,2925,2768,1877,968,909,3816,1957,1859
14,274,churachandpur,Total,8,5572,2875,2697,1181,594,587,4391,2281,2110
14,274,churachandpur,Total,9,5177,2634,2543,894,441,453,4283,2193,2090
14,274,churachandpur,Total,10,6474,3373,3101,931,463,468,5543,2910,2633
14,274,churachandpur,Total,11,5691,2902,2789,632,323,309,5059,2579,2480
14,274,churachandpur,Total,12,5966,3043,2923,574,292,282,5392,2751,2641
14,274,churachandpur,Total,13,5909,2987,2922,429,219,210,5480,2768,2712
14,274,churachandpur,Total,14,5963,3056,2907,440,208,232,5523,2848,2675
14,274,churachandpur,Total,15,6439,3212,3227,521,260,261,5918,2952,2966
14,274,churachandpur,Total,16,5833,2890,2943,416,202,214,5417,2688,2729
14,274,churachandpur,Total,17,5500,2699,2801,397,178,219,5103,2521,2582
14,274,churachandpur,Total,18,6712,3268,3444,582,243,339,6130,3025,3105
14,274,churachandpur,Total,19,5124,2530,2594,446,164,282,4678,2366,2312
14,274,churachandpur,Total,20-24,29144,14563,14581,2735,1060,1675,26409,13503,12906
14,274,churachandpur,Total,25-29,25966,12999,12967,3092,1100,1992,22874,11899,10975
14,274,churachandpur,Total,30-34,20939,10747,10192,2914,1107,1807,18025,9640,8385
14,274,churachandpur,Total,35-39,17642,8927,8715,3046,1133,1913,14596,7794,6802
14,274,churachandpur,Total,40-44,15717,8025,7692,3132,1089,2043,12585,6936,5649
14,274,churachandpur,Total,45-49,13504,6824,6680,3178,1069,2109,10326,5755,4571
14,274,churachandpur,Total,50-54,11253,5738,5515,2980,1020,1960,8273,4718,3555
14,274,churachandpur,Total,55-59,7752,3960,3792,2289,728,1561,5463,3232,2231
14,274,churachandpur,Total,60-64,6424,3252,3172,2322,767,1555,4102,2485,1617
14,274,churachandpur,Total,65-69,4122,2018,2104,1746,567,1179,2376,1451,925
14,274,churachandpur,Total,70-74,3239,1609,1630,1583,509,1074,1656,1100,556
14,274,churachandpur,Total,75-79,1834,950,884,922,323,599,912,627,285
14,274,churachandpur,Total,80+,2472,1246,1226,1314,476,838,1158,770,388
14,274,churachandpur,Total,Age not stated,637,341,296,190,77,113,447,264,183
14,274,churachandpur,Rural,All ages,255786,129659,126127,74268,33155,41113,181518,96504,85014
14,274,churachandpur,Rural,0-6,35350,18150,17200,35350,18150,17200,0,0,0
14,274,churachandpur,Rural,7,5364,2745,2619,1789,920,869,3575,1825,1750
14,274,churachandpur,Rural,8,5249,2717,2532,1130,571,559,4119,2146,1973
14,274,churachandpur,Rural,9,4842,2465,2377,853,422,431,3989,2043,1946
14,274,churachandpur,Rural,10,6131,3203,2928,893,447,446,5238,2756,2482
14,274,churachandpur,Rural,11,5342,2699,2643,595,303,292,4747,2396,2351
14,274,churachandpur,Rural,12,5605,2853,2752,550,279,271,5055,2574,2481
14,274,churachandpur,Rural,13,5506,2806,2700,405,210,195,5101,2596,2505
14,274,churachandpur,Rural,14,5567,2859,2708,425,203,222,5142,2656,2486
14,274,churachandpur,Rural,15,6014,3007,3007,508,254,254,5506,2753,2753
14,274,churachandpur,Rural,16,5485,2721,2764,398,195,203,5087,2526,2561
14,274,churachandpur,Rural,17,5107,2515,2592,389,176,213,4718,2339,2379
14,274,churachandpur,Rural,18,6316,3072,3244,561,235,326,5755,2837,2918
14,274,churachandpur,Rural,19,4818,2365,2453,435,161,274,4383,2204,2179
14,274,churachandpur,Rural,20-24,27348,13671,13677,2630,1016,1614,24718,12655,12063
14,274,churachandpur,Rural,25-29,24240,12184,12056,2971,1069,1902,21269,11115,10154
14,274,churachandpur,Rural,30-34,19313,9909,9404,2798,1063,1735,16515,8846,7669
14,274,churachandpur,Rural,35-39,16319,8276,8043,2932,1097,1835,13387,7179,6208
14,274,churachandpur,Rural,40-44,14502,7387,7115,3002,1045,1957,11500,6342,5158
14,274,churachandpur,Rural,45-49,12527,6347,6180,3033,1040,1993,9494,5307,4187
14,274,churachandpur,Rural,50-54,10349,5292,5057,2854,986,1868,7495,4306,3189
14,274,churachandpur,Rural,55-59,7186,3675,3511,2172,703,1469,5014,2972,2042
14,274,churachandpur,Rural,60-64,6005,3050,2955,2231,742,1489,3774,2308,1466
14,274,churachandpur,Rural,65-69,3814,1882,1932,1658,555,1103,2156,1327,829
14,274,churachandpur,Rural,70-74,2989,1492,1497,1492,490,1002,1497,1002,495
14,274,churachandpur,Rural,75-79,1648,863,785,833,302,531,815,561,254
14,274,churachandpur,Rural,80+,2246,1130,1116,1205,447,758,1041,683,358
14,274,churachandpur,Rural,Age not stated,604,324,280,176,74,102,428,250,178
14,274,churachandpur,Urban,All ages,18357,9161,9196,3940,1652,2288,14417,7509,6908
14,274,churachandpur,Urban,0-6,2095,1077,1018,2095,1077,1018,0,0,0
14,274,churachandpur,Urban,7,329,180,149,88,48,40,241,132,109
14,274,churachandpur,Urban,8,323,158,165,51,23,28,272,135,137
14,274,churachandpur,Urban,9,335,169,166,41,19,22,294,150,144
14,274,churachandpur,Urban,10,343,170,173,38,16,22,305,154,151
14,274,churachandpur,Urban,11,349,203,146,37,20,17,312,183,129
14,274,churachandpur,Urban,12,361,190,171,24,13,11,337,177,160
14,274,churachandpur,Urban,13,403,181,222,24,9,15,379,172,207
14,274,churachandpur,Urban,14,396,197,199,15,5,10,381,192,189
14,274,churachandpur,Urban,15,425,205,220,13,6,7,412,199,213
14,274,churachandpur,Urban,16,348,169,179,18,7,11,330,162,168
14,274,churachandpur,Urban,17,393,184,209,8,2,6,385,182,203
14,274,churachandpur,Urban,18,396,196,200,21,8,13,375,188,187
14,274,churachandpur,Urban,19,306,165,141,11,3,8,295,162,133
14,274,churachandpur,Urban,20-24,1796,892,904,105,44,61,1691,848,843
14,274,churachandpur,Urban,25-29,1726,815,911,121,31,90,1605,784,821
14,274,churachandpur,Urban,30-34,1626,838,788,116,44,72,1510,794,716
14,274,churachandpur,Urban,35-39,1323,651,672,114,36,78,1209,615,594
14,274,churachandpur,Urban,40-44,1215,638,577,130,44,86,1085,594,491
14,274,churachandpur,Urban,45-49,977,477,500,145,29,116,832,448,384
14,274,churachandpur,Urban,50-54,904,446,458,126,34,92,778,412,366
14,274,churachandpur,Urban,55-59,566,285,281,117,25,92,449,260,189
14,274,churachandpur,Urban,60-64,419,202,217,91,25,66,328,177,151
14,274,churachandpur,Urban,65-69,308,136,172,88,12,76,220,124,96
14,274,churachandpur,Urban,70-74,250,117,133,91,19,72,159,98,61
14,274,churachandpur,Urban,75-79,186,87,99,89,21,68,97,66,31
14,274,churachandpur,Urban,80+,226,116,110,109,29,80,117,87,30
14,274,churachandpur,Urban,Age not stated,33,17,16,14,3,11,19,14,5
14,275,bishnupur,Total,All ages,237399,118782,118617,81066,31469,49597,156333,87313,69020
14,275,bishnupur,Total,0-6,31303,16192,15111,31303,16192,15111,0,0,0
14,275,bishnupur,Total,7,4961,2518,2443,1795,859,936,3166,1659,1507
14,275,bishnupur,Total,8,4861,2470,2391,1165,578,587,3696,1892,1804
14,275,bishnupur,Total,9,4279,2194,2085,733,341,392,3546,1853,1693
14,275,bishnupur,Total,10,5521,2881,2640,864,395,469,4657,2486,2171
14,275,bishnupur,Total,11,4774,2482,2292,486,218,268,4288,2264,2024
14,275,bishnupur,Total,12,5251,2663,2588,464,208,256,4787,2455,2332
14,275,bishnupur,Total,13,5078,2564,2514,341,134,207,4737,2430,2307
14,275,bishnupur,Total,14,4842,2468,2374,333,125,208,4509,2343,2166
14,275,bishnupur,Total,15,4746,2400,2346,378,143,235,4368,2257,2111
14,275,bishnupur,Total,16,4019,2036,1983,288,98,190,3731,1938,1793
14,275,bishnupur,Total,17,3904,1910,1994,330,101,229,3574,1809,1765
14,275,bishnupur,Total,18,4535,2228,2307,486,146,340,4049,2082,1967
14,275,bishnupur,Total,19,3643,1807,1836,396,124,272,3247,1683,1564
14,275,bishnupur,Total,20-24,21058,10253,10805,2558,712,1846,18500,9541,8959
14,275,bishnupur,Total,25-29,22445,10900,11545,3160,863,2297,19285,10037,9248
14,275,bishnupur,Total,30-34,18703,9269,9434,3078,837,2241,15625,8432,7193
14,275,bishnupur,Total,35-39,17517,8598,8919,3823,1008,2815,13694,7590,6104
14,275,bishnupur,Total,40-44,14413,7270,7143,4165,1095,3070,10248,6175,4073
14,275,bishnupur,Total,45-49,12274,6099,6175,4398,1154,3244,7876,4945,2931
14,275,bishnupur,Total,50-54,10366,5051,5315,4396,1188,3208,5970,3863,2107
14,275,bishnupur,Total,55-59,8710,4358,4352,4008,1130,2878,4702,3228,1474
14,275,bishnupur,Total,60-64,6873,3471,3402,3515,985,2530,3358,2486,872
14,275,bishnupur,Total,65-69,4737,2417,2320,2726,773,1953,2011,1644,367
14,275,bishnupur,Total,70-74,3456,1680,1776,2338,721,1617,1118,959,159
14,275,bishnupur,Total,75-79,2148,1087,1061,1507,530,977,641,557,84
14,275,bishnupur,Total,80+,2525,1272,1253,1873,737,1136,652,535,117
14,275,bishnupur,Total,Age not stated,457,244,213,159,74,85,298,170,128
14,275,bishnupur,Rural,All ages,149894,75171,74723,54336,21140,33196,95558,54031,41527
14,275,bishnupur,Rural,0-6,20109,10388,9721,20109,10388,9721,0,0,0
14,275,bishnupur,Rural,7,3211,1665,1546,1180,572,608,2031,1093,938
14,275,bishnupur,Rural,8,3110,1586,1524,778,374,404,2332,1212,1120
14,275,bishnupur,Rural,9,2756,1411,1345,480,226,254,2276,1185,1091
14,275,bishnupur,Rural,10,3612,1853,1759,594,262,332,3018,1591,1427
14,275,bishnupur,Rural,11,3079,1613,1466,328,148,180,2751,1465,1286
14,275,bishnupur,Rural,12,3355,1739,1616,319,147,172,3036,1592,1444
14,275,bishnupur,Rural,13,3260,1652,1608,232,89,143,3028,1563,1465
14,275,bishnupur,Rural,14,3092,1587,1505,224,91,133,2868,1496,1372
14,275,bishnupur,Rural,15,3064,1542,1522,251,96,155,2813,1446,1367
14,275,bishnupur,Rural,16,2549,1275,1274,195,64,131,2354,1211,1143
14,275,bishnupur,Rural,17,2493,1216,1277,229,73,156,2264,1143,1121
14,275,bishnupur,Rural,18,2891,1441,1450,315,95,220,2576,1346,1230
14,275,bishnupur,Rural,19,2296,1166,1130,283,84,199,2013,1082,931
14,275,bishnupur,Rural,20-24,13269,6483,6786,1790,507,1283,11479,5976,5503
14,275,bishnupur,Rural,25-29,13869,6703,7166,2195,619,1576,11674,6084,5590
14,275,bishnupur,Rural,30-34,11560,5722,5838,2152,592,1560,9408,5130,4278
14,275,bishnupur,Rural,35-39,10939,5378,5561,2661,718,1943,8278,4660,3618
14,275,bishnupur,Rural,40-44,9065,4576,4489,2950,781,2169,6115,3795,2320
14,275,bishnupur,Rural,45-49,7715,3855,3860,3089,828,2261,4626,3027,1599
14,275,bishnupur,Rural,50-54,6470,3164,3306,3094,885,2209,3376,2279,1097
14,275,bishnupur,Rural,55-59,5405,2746,2659,2832,867,1965,2573,1879,694
14,275,bishnupur,Rural,60-64,4292,2215,2077,2364,727,1637,1928,1488,440
14,275,bishnupur,Rural,65-69,2967,1496,1471,1829,532,1297,1138,964,174
14,275,bishnupur,Rural,70-74,2176,1066,1110,1512,480,1032,664,586,78
14,275,bishnupur,Rural,75-79,1407,697,710,1025,363,662,382,334,48
14,275,bishnupur,Rural,80+,1580,777,803,1205,478,727,375,299,76
14,275,bishnupur,Rural,Age not stated,303,159,144,121,54,67,182,105,77
14,275,bishnupur,Urban,All ages,87505,43611,43894,26730,10329,16401,60775,33282,27493
14,275,bishnupur,Urban,0-6,11194,5804,5390,11194,5804,5390,0,0,0
14,275,bishnupur,Urban,7,1750,853,897,615,287,328,1135,566,569
14,275,bishnupur,Urban,8,1751,884,867,387,204,183,1364,680,684
14,275,bishnupur,Urban,9,1523,783,740,253,115,138,1270,668,602
14,275,bishnupur,Urban,10,1909,1028,881,270,133,137,1639,895,744
14,275,bishnupur,Urban,11,1695,869,826,158,70,88,1537,799,738
14,275,bishnupur,Urban,12,1896,924,972,145,61,84,1751,863,888
14,275,bishnupur,Urban,13,1818,912,906,109,45,64,1709,867,842
14,275,bishnupur,Urban,14,1750,881,869,109,34,75,1641,847,794
14,275,bishnupur,Urban,15,1682,858,824,127,47,80,1555,811,744
14,275,bishnupur,Urban,16,1470,761,709,93,34,59,1377,727,650
14,275,bishnupur,Urban,17,1411,694,717,101,28,73,1310,666,644
14,275,bishnupur,Urban,18,1644,787,857,171,51,120,1473,736,737
14,275,bishnupur,Urban,19,1347,641,706,113,40,73,1234,601,633
14,275,bishnupur,Urban,20-24,7789,3770,4019,768,205,563,7021,3565,3456
14,275,bishnupur,Urban,25-29,8576,4197,4379,965,244,721,7611,3953,3658
14,275,bishnupur,Urban,30-34,7143,3547,3596,926,245,681,6217,3302,2915
14,275,bishnupur,Urban,35-39,6578,3220,3358,1162,290,872,5416,2930,2486
14,275,bishnupur,Urban,40-44,5348,2694,2654,1215,314,901,4133,2380,1753
14,275,bishnupur,Urban,45-49,4559,2244,2315,1309,326,983,3250,1918,1332
14,275,bishnupur,Urban,50-54,3896,1887,2009,1302,303,999,2594,1584,1010
14,275,bishnupur,Urban,55-59,3305,1612,1693,1176,263,913,2129,1349,780
14,275,bishnupur,Urban,60-64,2581,1256,1325,1151,258,893,1430,998,432
14,275,bishnupur,Urban,65-69,1770,921,849,897,241,656,873,680,193
14,275,bishnupur,Urban,70-74,1280,614,666,826,241,585,454,373,81
14,275,bishnupur,Urban,75-79,741,390,351,482,167,315,259,223,36
14,275,bishnupur,Urban,80+,945,495,450,668,259,409,277,236,41
14,275,bishnupur,Urban,Age not stated,154,85,69,38,20,18,116,65,51
14,276,thoubal,Total,All ages,422168,210845,211323,152864,58228,94636,269304,152617,116687
14,276,thoubal,Total,0-6,60556,31294,29262,60556,31294,29262,0,0,0
14,276,thoubal,Total,7,9758,4944,4814,3566,1757,1809,6192,3187,3005
14,276,thoubal,Total,8,9660,4946,4714,2411,1166,1245,7249,3780,3469
14,276,thoubal,Total,9,8204,4136,4068,1480,720,760,6724,3416,3308
14,276,thoubal,Total,10,10858,5595,5263,1740,830,910,9118,4765,4353
14,276,thoubal,Total,11,8873,4539,4334,962,438,524,7911,4101,3810
14,276,thoubal,Total,12,9949,5111,4838,909,390,519,9040,4721,4319
14,276,thoubal,Total,13,9291,4624,4667,704,274,430,8587,4350,4237
14,276,thoubal,Total,14,8963,4536,4427,701,279,422,8262,4257,4005
14,276,thoubal,Total,15,8975,4482,4493,729,260,469,8246,4222,4024
14,276,thoubal,Total,16,7701,3824,3877,676,228,448,7025,3596,3429
14,276,thoubal,Total,17,7085,3546,3539,646,205,441,6439,3341,3098
14,276,thoubal,Total,18,8960,4402,4558,1021,304,717,7939,4098,3841
14,276,thoubal,Total,19,6499,3143,3356,708,207,501,5791,2936,2855
14,276,thoubal,Total,20-24,38265,18605,19660,4836,1258,3578,33429,17347,16082
14,276,thoubal,Total,25-29,38378,18428,19950,6024,1450,4574,32354,16978,15376
14,276,thoubal,Total,30-34,32009,15755,16254,6098,1482,4616,25911,14273,11638
14,276,thoubal,Total,35-39,29700,14728,14972,7510,1731,5779,22190,12997,9193
14,276,thoubal,Total,40-44,24475,12310,12165,8064,1875,6189,16411,10435,5976
14,276,thoubal,Total,45-49,21012,10574,10438,8397,2021,6376,12615,8553,4062
14,276,thoubal,Total,50-54,17156,8494,8662,7971,1917,6054,9185,6577,2608
14,276,thoubal,Total,55-59,14050,7056,6994,6984,1874,5110,7066,5182,1884
14,276,thoubal,Total,60-64,11147,5542,5605,6293,1709,4584,4854,3833,1021
14,276,thoubal,Total,65-69,7350,3694,3656,4596,1341,3255,2754,2353,401
14,276,thoubal,Total,70-74,5273,2539,2734,3745,1187,2558,1528,1352,176
14,276,thoubal,Total,75-79,3331,1674,1657,2400,845,1555,931,829,102
14,276,thoubal,Total,80+,3753,1820,1933,2833,1063,1770,920,757,163
14,276,thoubal,Total,Age not stated,937,504,433,304,123,181,633,381,252
14,276,thoubal,Rural,All ages,270835,135470,135365,106465,40756,65709,164370,94714,69656
14,276,thoubal,Rural,0-6,39981,20665,19316,39981,20665,19316,0,0,0
14,276,thoubal,Rural,7,6526,3312,3214,2613,1244,1369,3913,2068,1845
14,276,thoubal,Rural,8,6486,3311,3175,1840,896,944,4646,2415,2231
14,276,thoubal,Rural,9,5416,2726,2690,1130,546,584,4286,2180,2106
14,276,thoubal,Rural,10,7264,3755,3509,1326,633,693,5938,3122,2816
14,276,thoubal,Rural,11,5909,3060,2849,728,336,392,5181,2724,2457
14,276,thoubal,Rural,12,6589,3456,3133,698,320,378,5891,3136,2755
14,276,thoubal,Rural,13,6163,3048,3115,569,221,348,5594,2827,2767
14,276,thoubal,Rural,14,5786,2921,2865,543,213,330,5243,2708,2535
14,276,thoubal,Rural,15,5870,2900,2970,571,204,367,5299,2696,2603
14,276,thoubal,Rural,16,5081,2549,2532,571,193,378,4510,2356,2154
14,276,thoubal,Rural,17,4552,2291,2261,519,167,352,4033,2124,1909
14,276,thoubal,Rural,18,5909,2924,2985,782,233,549,5127,2691,2436
14,276,thoubal,Rural,19,4280,2075,2205,572,162,410,3708,1913,1795
14,276,thoubal,Rural,20-24,24538,11927,12611,3818,985,2833,20720,10942,9778
14,276,thoubal,Rural,25-29,24279,11553,12726,4701,1137,3564,19578,10416,9162
14,276,thoubal,Rural,30-34,20101,9890,10211,4659,1138,3521,15442,8752,6690
14,276,thoubal,Rural,35-39,18835,9298,9537,5686,1343,4343,13149,7955,5194
14,276,thoubal,Rural,40-44,15098,7554,7544,5865,1423,4442,9233,6131,3102
14,276,thoubal,Rural,45-49,12998,6563,6435,5929,1522,4407,7069,5041,2028
14,276,thoubal,Rural,50-54,10530,5264,5266,5476,1449,4027,5054,3815,1239
14,276,thoubal,Rural,55-59,8757,4423,4334,4820,1383,3437,3937,3040,897
14,276,thoubal,Rural,60-64,7011,3535,3476,4244,1276,2968,2767,2259,508
14,276,thoubal,Rural,65-69,4551,2333,2218,2967,946,2021,1584,1387,197
14,276,thoubal,Rural,70-74,3237,1532,1705,2376,766,1610,861,766,95
14,276,thoubal,Rural,75-79,2046,1066,980,1506,575,931,540,491,49
14,276,thoubal,Rural,80+,2254,1122,1132,1707,676,1031,547,446,101
14,276,thoubal,Rural,Age not stated,788,417,371,268,104,164,520,313,207
14,276,thoubal,Urban,All ages,151333,75375,75958,46399,17472,28927,104934,57903,47031
14,276,thoubal,Urban,0-6,20575,10629,9946,20575,10629,9946,0,0,0
14,276,thoubal,Urban,7,3232,1632,1600,953,513,440,2279,1119,1160
14,276,thoubal,Urban,8,3174,1635,1539,571,270,301,2603,1365,1238
14,276,thoubal,Urban,9,2788,1410,1378,350,174,176,2438,1236,1202
14,276,thoubal,Urban,10,3594,1840,1754,414,197,217,3180,1643,1537
14,276,thoubal,Urban,11,2964,1479,1485,234,102,132,2730,1377,1353
14,276,thoubal,Urban,12,3360,1655,1705,211,70,141,3149,1585,1564
14,276,thoubal,Urban,13,3128,1576,1552,135,53,82,2993,1523,1470
14,276,thoubal,Urban,14,3177,1615,1562,158,66,92,3019,1549,1470
14,276,thoubal,Urban,15,3105,1582,1523,158,56,102,2947,1526,1421
14,276,thoubal,Urban,16,2620,1275,1345,105,35,70,2515,1240,1275
14,276,thoubal,Urban,17,2533,1255,1278,127,38,89,2406,1217,1189
14,276,thoubal,Urban,18,3051,1478,1573,239,71,168,2812,1407,1405
14,276,thoubal,Urban,19,2219,1068,1151,136,45,91,2083,1023,1060
14,276,thoubal,Urban,20-24,13727,6678,7049,1018,273,745,12709,6405,6304
14,276,thoubal,Urban,25-29,14099,6875,7224,1323,313,1010,12776,6562,6214
14,276,thoubal,Urban,30-34,11908,5865,6043,1439,344,1095,10469,5521,4948
14,276,thoubal,Urban,35-39,10865,5430,5435,1824,388,1436,9041,5042,3999
14,276,thoubal,Urban,40-44,9377,4756,4621,2199,452,1747,7178,4304,2874
14,276,thoubal,Urban,45-49,8014,4011,4003,2468,499,1969,5546,3512,2034
14,276,thoubal,Urban,50-54,6626,3230,3396,2495,468,2027,4131,2762,1369
14,276,thoubal,Urban,55-59,5293,2633,2660,2164,491,1673,3129,2142,987
14,276,thoubal,Urban,60-64,4136,2007,2129,2049,433,1616,2087,1574,513
14,276,thoubal,Urban,65-69,2799,1361,1438,1629,395,1234,1170,966,204
14,276,thoubal,Urban,70-74,2036,1007,1029,1369,421,948,667,586,81
14,276,thoubal,Urban,75-79,1285,608,677,894,270,624,391,338,53
14,276,thoubal,Urban,80+,1499,698,801,1126,387,739,373,311,62
14,276,thoubal,Urban,Age not stated,149,87,62,36,19,17,113,68,45
14,277,imphal west,Total,All ages,517992,255054,262938,125366,49069,76297,392626,205985,186641
14,277,imphal west,Total,0-6,61875,31747,30128,61875,31747,30128,0,0,0
14,277,imphal west,Total,7,9336,4685,4651,2479,1204,1275,6857,3481,3376
14,277,imphal west,Total,8,9042,4605,4437,1414,684,730,7628,3921,3707
14,277,imphal west,Total,9,8273,4279,3994,1002,504,498,7271,3775,3496
14,277,imphal west,Total,10,10460,5449,5011,1078,542,536,9382,4907,4475
14,277,imphal west,Total,11,9427,4808,4619,638,319,319,8789,4489,4300
14,277,imphal west,Total,12,10209,5186,5023,488,229,259,9721,4957,4764
14,277,imphal west,Total,13,9774,4974,4800,357,169,188,9417,4805,4612
14,277,imphal west,Total,14,9532,4778,4754,341,146,195,9191,4632,4559
14,277,imphal west,Total,15,9614,4882,4732,356,154,202,9258,4728,4530
14,277,imphal west,Total,16,8303,4214,4089,303,120,183,8000,4094,3906
14,277,imphal west,Total,17,8180,4134,4046,298,116,182,7882,4018,3864
14,277,imphal west,Total,18,9543,4736,4807,425,149,276,9118,4587,4531
14,277,imphal west,Total,19,7706,3746,3960,319,111,208,7387,3635,3752
14,277,imphal west,Total,20-24,47328,22876,24452,2383,785,1598,44945,22091,22854
14,277,imphal west,Total,25-29,50338,24113,26225,3241,978,2263,47097,23135,23962
14,277,imphal west,Total,30-34,43668,20928,22740,3334,952,2382,40334,19976,20358
14,277,imphal west,Total,35-39,40449,19495,20954,4264,1084,3180,36185,18411,17774
14,277,imphal west,Total,40-44,34300,16839,17461,4671,1115,3556,29629,15724,13905
14,277,imphal west,Total,45-49,29729,14689,15040,5125,1160,3965,24604,13529,11075
14,277,imphal west,Total,50-54,25119,12147,12972,5424,1098,4326,19695,11049,8646
14,277,imphal west,Total,55-59,19295,9548,9747,4971,1050,3921,14324,8498,5826
14,277,imphal west,Total,60-64,15408,7586,7822,5135,1029,4106,10273,6557,3716
14,277,imphal west,Total,65-69,10261,4958,5303,4289,836,3453,5972,4122,1850
14,277,imphal west,Total,70-74,7612,3553,4059,3889,868,3021,3723,2685,1038
14,277,imphal west,Total,75-79,5253,2469,2784,2928,694,2234,2325,1775,550
14,277,imphal west,Total,80+,6446,2900,3546,3946,1070,2876,2500,1830,670
14,277,imphal west,Total,Age not stated,1512,730,782,393,156,237,1119,574,545
14,277,imphal west,Rural,All ages,195113,96948,98165,55722,21979,33743,139391,74969,64422
14,277,imphal west,Rural,0-6,25459,13141,12318,25459,13141,12318,0,0,0
14,277,imphal west,Rural,7,3909,1948,1961,1163,555,608,2746,1393,1353
14,277,imphal west,Rural,8,3837,1907,1930,702,342,360,3135,1565,1570
14,277,imphal west,Rural,9,3313,1703,1610,458,231,227,2855,1472,1383
14,277,imphal west,Rural,10,4475,2330,2145,533,264,269,3942,2066,1876
14,277,imphal west,Rural,11,3777,1946,1831,308,161,147,3469,1785,1684
14,277,imphal west,Rural,12,4270,2193,2077,248,107,141,4022,2086,1936
14,277,imphal west,Rural,13,3990,2104,1886,169,85,84,3821,2019,1802
14,277,imphal west,Rural,14,3816,1914,1902,166,69,97,3650,1845,1805
14,277,imphal west,Rural,15,3798,1972,1826,157,71,86,3641,1901,1740
14,277,imphal west,Rural,16,3270,1647,1623,160,70,90,3110,1577,1533
14,277,imphal west,Rural,17,3135,1585,1550,153,60,93,2982,1525,1457
14,277,imphal west,Rural,18,3838,1939,1899,217,76,141,3621,1863,1758
14,277,imphal west,Rural,19,2909,1424,1485,173,60,113,2736,1364,1372
14,277,imphal west,Rural,20-24,17989,8696,9293,1273,420,853,16716,8276,8440
14,277,imphal west,Rural,25-29,18200,8753,9447,1586,463,1123,16614,8290,8324
14,277,imphal west,Rural,30-34,15775,7479,8296,1653,480,1173,14122,6999,7123
14,277,imphal west,Rural,35-39,14984,7337,7647,2150,561,1589,12834,6776,6058
14,277,imphal west,Rural,40-44,12452,6228,6224,2380,577,1803,10072,5651,4421
14,277,imphal west,Rural,45-49,10598,5299,5299,2617,619,1998,7981,4680,3301
14,277,imphal west,Rural,50-54,8526,4136,4390,2724,579,2145,5802,3557,2245
14,277,imphal west,Rural,55-59,6700,3346,3354,2500,610,1890,4200,2736,1464
14,277,imphal west,Rural,60-64,5533,2750,2783,2481,575,1906,3052,2175,877
14,277,imphal west,Rural,65-69,3716,1848,1868,1930,466,1464,1786,1382,404
14,277,imphal west,Rural,70-74,2708,1327,1381,1652,441,1211,1056,886,170
14,277,imphal west,Rural,75-79,1745,848,897,1157,338,819,588,510,78
14,277,imphal west,Rural,80+,2014,963,1051,1435,509,926,579,454,125
14,277,imphal west,Rural,Age not stated,377,185,192,118,49,69,259,136,123
14,277,imphal west,Urban,All ages,322879,158106,164773,69644,27090,42554,253235,131016,122219
14,277,imphal west,Urban,0-6,36416,18606,17810,36416,18606,17810,0,0,0
14,277,imphal west,Urban,7,5427,2737,2690,1316,649,667,4111,2088,2023
14,277,imphal west,Urban,8,5205,2698,2507,712,342,370,4493,2356,2137
14,277,imphal west,Urban,9,4960,2576,2384,544,273,271,4416,2303,2113
14,277,imphal west,Urban,10,5985,3119,2866,545,278,267,5440,2841,2599
14,277,imphal west,Urban,11,5650,2862,2788,330,158,172,5320,2704,2616
14,277,imphal west,Urban,12,5939,2993,2946,240,122,118,5699,2871,2828
14,277,imphal west,Urban,13,5784,2870,2914,188,84,104,5596,2786,2810
14,277,imphal west,Urban,14,5716,2864,2852,175,77,98,5541,2787,2754
14,277,imphal west,Urban,15,5816,2910,2906,199,83,116,5617,2827,2790
14,277,imphal west,Urban,16,5033,2567,2466,143,50,93,4890,2517,2373
14,277,imphal west,Urban,17,5045,2549,2496,145,56,89,4900,2493,2407
14,277,imphal west,Urban,18,5705,2797,2908,208,73,135,5497,2724,2773
14,277,imphal west,Urban,19,4797,2322,2475,146,51,95,4651,2271,2380
14,277,imphal west,Urban,20-24,29339,14180,15159,1110,365,745,28229,13815,14414
14,277,imphal west,Urban,25-29,32138,15360,16778,1655,515,1140,30483,14845,15638
14,277,imphal west,Urban,30-34,27893,13449,14444,1681,472,1209,26212,12977,13235
14,277,imphal west,Urban,35-39,25465,12158,13307,2114,523,1591,23351,11635,11716
14,277,imphal west,Urban,40-44,21848,10611,11237,2291,538,1753,19557,10073,9484
14,277,imphal west,Urban,45-49,19131,9390,9741,2508,541,1967,16623,8849,7774
14,277,imphal west,Urban,50-54,16593,8011,8582,2700,519,2181,13893,7492,6401
14,277,imphal west,Urban,55-59,12595,6202,6393,2471,440,2031,10124,5762,4362
14,277,imphal west,Urban,60-64,9875,4836,5039,2654,454,2200,7221,4382,2839
14,277,imphal west,Urban,65-69,6545,3110,3435,2359,370,1989,4186,2740,1446
14,277,imphal west,Urban,70-74,4904,2226,2678,2237,427,1810,2667,1799,868
14,277,imphal west,Urban,75-79,3508,1621,1887,1771,356,1415,1737,1265,472
14,277,imphal west,Urban,80+,4432,1937,2495,2511,561,1950,1921,1376,545
14,277,imphal west,Urban,Age not stated,1135,545,590,275,107,168,860,438,422
14,278,imphal east,Total,All ages,456113,226094,230019,131449,52780,78669,324664,173314,151350
14,278,imphal east,Total,0-6,59936,30851,29085,59936,30851,29085,0,0,0
14,278,imphal east,Total,7,9114,4629,4485,3168,1552,1616,5946,3077,2869
14,278,imphal east,Total,8,9034,4557,4477,2003,967,1036,7031,3590,3441
14,278,imphal east,Total,9,8085,4158,3927,1312,654,658,6773,3504,3269
14,278,imphal east,Total,10,10109,5090,5019,1339,642,697,8770,4448,4322
14,278,imphal east,Total,11,8778,4483,4295,893,452,441,7885,4031,3854
14,278,imphal east,Total,12,9754,4857,4897,868,392,476,8886,4465,4421
14,278,imphal east,Total,13,9307,4709,4598,664,298,366,8643,4411,4232
14,278,imphal east,Total,14,8835,4362,4473,558,245,313,8277,4117,4160
14,278,imphal east,Total,15,9315,4712,4603,672,290,382,8643,4422,4221
14,278,imphal east,Total,16,8151,4091,4060,594,247,347,7557,3844,3713
14,278,imphal east,Total,17,7526,3679,3847,551,212,339,6975,3467,3508
14,278,imphal east,Total,18,9421,4561,4860,853,290,563,8568,4271,4297
14,278,imphal east,Total,19,7215,3534,3681,595,215,380,6620,3319,3301
14,278,imphal east,Total,20-24,42651,20493,22158,4003,1336,2667,38648,19157,19491
14,278,imphal east,Total,25-29,44299,21326,22973,4844,1499,3345,39455,19827,19628
14,278,imphal east,Total,30-34,36226,17592,18634,4292,1234,3058,31934,16358,15576
14,278,imphal east,Total,35-39,33709,16424,17285,5262,1447,3815,28447,14977,13470
14,278,imphal east,Total,40-44,28795,14285,14510,5526,1442,4084,23269,12843,10426
14,278,imphal east,Total,45-49,24709,12384,12325,5740,1458,4282,18969,10926,8043
14,278,imphal east,Total,50-54,20230,10081,10149,5458,1322,4136,14772,8759,6013
14,278,imphal east,Total,55-59,14993,7590,7403,4693,1137,3556,10300,6453,3847
14,278,imphal east,Total,60-64,12298,6220,6078,4866,1208,3658,7432,5012,2420
14,278,imphal east,Total,65-69,8133,3942,4191,3811,850,2961,4322,3092,1230
14,278,imphal east,Total,70-74,6018,2900,3118,3401,881,2520,2617,2019,598
14,278,imphal east,Total,75-79,3886,1897,1989,2304,621,1683,1582,1276,306
14,278,imphal east,Total,80+,4447,2073,2374,2886,888,1998,1561,1185,376
14,278,imphal east,Total,Age not stated,1139,614,525,357,150,207,782,464,318
14,278,imphal east,Rural,All ages,272906,136789,136117,89025,35852,53173,183881,100937,82944
14,278,imphal east,Rural,0-6,38324,19784,18540,38324,19784,18540,0,0,0
14,278,imphal east,Rural,7,5990,3047,2943,2336,1166,1170,3654,1881,1773
14,278,imphal east,Rural,8,5872,2970,2902,1447,709,738,4425,2261,2164
14,278,imphal east,Rural,9,5262,2721,2541,961,480,481,4301,2241,2060
14,278,imphal east,Rural,10,6455,3220,3235,972,457,515,5483,2763,2720
14,278,imphal east,Rural,11,5488,2818,2670,654,325,329,4834,2493,2341
14,278,imphal east,Rural,12,6247,3111,3136,649,291,358,5598,2820,2778
14,278,imphal east,Rural,13,5834,2992,2842,516,227,289,5318,2765,2553
14,278,imphal east,Rural,14,5339,2641,2698,433,189,244,4906,2452,2454
14,278,imphal east,Rural,15,5717,2917,2800,500,214,286,5217,2703,2514
14,278,imphal east,Rural,16,4926,2492,2434,457,187,270,4469,2305,2164
14,278,imphal east,Rural,17,4564,2224,2340,441,170,271,4123,2054,2069
14,278,imphal east,Rural,18,5851,2829,3022,656,216,440,5195,2613,2582
14,278,imphal east,Rural,19,4252,2078,2174,444,147,297,3808,1931,1877
14,278,imphal east,Rural,20-24,25235,12191,13044,3093,1035,2058,22142,11156,10986
14,278,imphal east,Rural,25-29,25758,12640,13118,3652,1126,2526,22106,11514,10592
14,278,imphal east,Rural,30-34,20939,10273,10666,3196,921,2275,17743,9352,8391
14,278,imphal east,Rural,35-39,19717,9829,9888,3876,1058,2818,15841,8771,7070
14,278,imphal east,Rural,40-44,16875,8581,8294,4051,1050,3001,12824,7531,5293
14,278,imphal east,Rural,45-49,13937,7092,6845,4098,1068,3030,9839,6024,3815
14,278,imphal east,Rural,50-54,11230,5639,5591,3792,917,2875,7438,4722,2716
14,278,imphal east,Rural,55-59,8539,4384,4155,3229,826,2403,5310,3558,1752
14,278,imphal east,Rural,60-64,7031,3578,3453,3297,882,2415,3734,2696,1038
14,278,imphal east,Rural,65-69,4672,2325,2347,2472,618,1854,2200,1707,493
14,278,imphal east,Rural,70-74,3416,1682,1734,2110,626,1484,1306,1056,250
14,278,imphal east,Rural,75-79,2194,1084,1110,1436,441,995,758,643,115
14,278,imphal east,Rural,80+,2390,1188,1202,1633,598,1035,757,590,167
14,278,imphal east,Rural,Age not stated,852,459,393,300,124,176,552,335,217
14,278,imphal east,Urban,All ages,183207,89305,93902,42424,16928,25496,140783,72377,68406
14,278,imphal east,Urban,0-6,21612,11067,10545,21612,11067,10545,0,0,0
14,278,imphal east,Urban,7,3124,1582,1542,832,386,446,2292,1196,1096
14,278,imphal east,Urban,8,3162,1587,1575,556,258,298,2606,1329,1277
14,278,imphal east,Urban,9,2823,1437,1386,351,174,177,2472,1263,1209
14,278,imphal east,Urban,10,3654,1870,1784,367,185,182,3287,1685,1602
14,278,imphal east,Urban,11,3290,1665,1625,239,127,112,3051,1538,1513
14,278,imphal east,Urban,12,3507,1746,1761,219,101,118,3288,1645,1643
14,278,imphal east,Urban,13,3473,1717,1756,148,71,77,3325,1646,1679
14,278,imphal east,Urban,14,3496,1721,1775,125,56,69,3371,1665,1706
14,278,imphal east,Urban,15,3598,1795,1803,172,76,96,3426,1719,1707
14,278,imphal east,Urban,16,3225,1599,1626,137,60,77,3088,1539,1549
14,278,imphal east,Urban,17,2962,1455,1507,110,42,68,2852,1413,1439
14,278,imphal east,Urban,18,3570,1732,1838,197,74,123,3373,1658,1715
14,278,imphal east,Urban,19,2963,1456,1507,151,68,83,2812,1388,1424
14,278,imphal east,Urban,20-24,17416,8302,9114,910,301,609,16506,8001,8505
14,278,imphal east,Urban,25-29,18541,8686,9855,1192,373,819,17349,8313,9036
14,278,imphal east,Urban,30-34,15287,7319,7968,1096,313,783,14191,7006,7185
14,278,imphal east,Urban,35-39,13992,6595,7397,1386,389,997,12606,6206,6400
14,278,imphal east,Urban,40-44,11920,5704,6216,1475,392,1083,10445,5312,5133
14,278,imphal east,Urban,45-49,10772,5292,5480,1642,390,1252,9130,4902,4228
14,278,imphal east,Urban,50-54,9000,4442,4558,1666,405,1261,7334,4037,3297
14,278,imphal east,Urban,55-59,6454,3206,3248,1464,311,1153,4990,2895,2095
14,278,imphal east,Urban,60-64,5267,2642,2625,1569,326,1243,3698,2316,1382
14,278,imphal east,Urban,65-69,3461,1617,1844,1339,232,1107,2122,1385,737
14,278,imphal east,Urban,70-74,2602,1218,1384,1291,255,1036,1311,963,348
14,278,imphal east,Urban,75-79,1692,813,879,868,180,688,824,633,191
14,278,imphal east,Urban,80+,2057,885,1172,1253,290,963,804,595,209
14,278,imphal east,Urban,Age not stated,287,155,132,57,26,31,230,129,101
14,279,ukhrul,Total,All ages,183998,94718,89280,54169,24570,29599,129829,70148,59681
14,279,ukhrul,Total,0-6,24413,12693,11720,24413,12693,11720,0,0,0
14,279,ukhrul,Total,7,4014,2058,1956,1775,937,838,2239,1121,1118
14,279,ukhrul,Total,8,4009,2096,1913,1279,661,618,2730,1435,1295
14,279,ukhrul,Total,9,3761,1970,1791,1053,559,494,2708,1411,1297
14,279,ukhrul,Total,10,4541,2364,2177,961,480,481,3580,1884,1696
14,279,ukhrul,Total,11,4462,2371,2091,679,375,304,3783,1996,1787
14,279,ukhrul,Total,12,4621,2409,2212,526,261,265,4095,2148,1947
14,279,ukhrul,Total,13,4378,2293,2085,358,189,169,4020,2104,1916
14,279,ukhrul,Total,14,4668,2389,2279,271,137,134,4397,2252,2145
14,279,ukhrul,Total,15,4422,2319,2103,249,147,102,4173,2172,2001
14,279,ukhrul,Total,16,4351,2204,2147,225,112,113,4126,2092,2034
14,279,ukhrul,Total,17,3860,1962,1898,231,86,145,3629,1876,1753
14,279,ukhrul,Total,18,4227,2190,2037,292,144,148,3935,2046,1889
14,279,ukhrul,Total,19,3510,1749,1761,253,114,139,3257,1635,1622
14,279,ukhrul,Total,20-24,18265,9302,8963,1487,671,816,16778,8631,8147
14,279,ukhrul,Total,25-29,16213,8248,7965,1704,676,1028,14509,7572,6937
14,279,ukhrul,Total,30-34,13548,6890,6658,1803,665,1138,11745,6225,5520
14,279,ukhrul,Total,35-39,11262,5700,5562,2005,744,1261,9257,4956,4301
14,279,ukhrul,Total,40-44,10101,5085,5016,2017,728,1289,8084,4357,3727
14,279,ukhrul,Total,45-49,8735,4512,4223,2161,690,1471,6574,3822,2752
14,279,ukhrul,Total,50-54,7551,3968,3583,2176,730,1446,5375,3238,2137
14,279,ukhrul,Total,55-59,5218,2743,2475,1807,561,1246,3411,2182,1229
14,279,ukhrul,Total,60-64,4233,2227,2006,1711,571,1140,2522,1656,866
14,279,ukhrul,Total,65-69,2775,1357,1418,1347,399,948,1428,958,470
14,279,ukhrul,Total,70-74,2189,1121,1068,1158,382,776,1031,739,292
14,279,ukhrul,Total,75-79,1434,718,716,861,296,565,573,422,151
14,279,ukhrul,Total,80+,1765,936,829,1091,445,646,674,491,183
14,279,ukhrul,Total,Age not stated,1472,844,628,276,117,159,1196,727,469
14,279,ukhrul,Rural,All ages,156811,80801,76010,48167,21823,26344,108644,58978,49666
14,279,ukhrul,Rural,0-6,21050,10960,10090,21050,10960,10090,0,0,0
14,279,ukhrul,Rural,7,3428,1749,1679,1566,819,747,1862,930,932
14,279,ukhrul,Rural,8,3392,1794,1598,1129,578,551,2263,1216,1047
14,279,ukhrul,Rural,9,3160,1657,1503,932,496,436,2228,1161,1067
14,279,ukhrul,Rural,10,3852,1995,1857,843,421,422,3009,1574,1435
14,279,ukhrul,Rural,11,3719,1966,1753,593,333,260,3126,1633,1493
14,279,ukhrul,Rural,12,3876,1998,1878,471,239,232,3405,1759,1646
14,279,ukhrul,Rural,13,3661,1935,1726,313,171,142,3348,1764,1584
14,279,ukhrul,Rural,14,3872,1988,1884,251,125,126,3621,1863,1758
14,279,ukhrul,Rural,15,3694,1940,1754,230,136,94,3464,1804,1660
14,279,ukhrul,Rural,16,3586,1843,1743,207,106,101,3379,1737,1642
14,279,ukhrul,Rural,17,3207,1634,1573,208,76,132,2999,1558,1441
14,279,ukhrul,Rural,18,3524,1822,1702,265,132,133,3259,1690,1569
14,279,ukhrul,Rural,19,3009,1500,1509,233,105,128,2776,1395,1381
14,279,ukhrul,Rural,20-24,15660,7963,7697,1369,619,750,14291,7344,6947
14,279,ukhrul,Rural,25-29,13887,7063,6824,1607,635,972,12280,6428,5852
14,279,ukhrul,Rural,30-34,11556,5945,5611,1651,613,1038,9905,5332,4573
14,279,ukhrul,Rural,35-39,9581,4887,4694,1820,679,1141,7761,4208,3553
14,279,ukhrul,Rural,40-44,8547,4305,4242,1834,671,1163,6713,3634,3079
14,279,ukhrul,Rural,45-49,7459,3824,3635,1981,632,1349,5478,3192,2286
14,279,ukhrul,Rural,50-54,6463,3375,3088,2008,682,1326,4455,2693,1762
14,279,ukhrul,Rural,55-59,4556,2373,2183,1681,518,1163,2875,1855,1020
14,279,ukhrul,Rural,60-64,3694,1935,1759,1572,530,1042,2122,1405,717
14,279,ukhrul,Rural,65-69,2462,1202,1260,1254,373,881,1208,829,379
14,279,ukhrul,Rural,70-74,1942,996,946,1081,368,713,861,628,233
14,279,ukhrul,Rural,75-79,1271,642,629,790,284,506,481,358,123
14,279,ukhrul,Rural,80+,1543,834,709,997,420,577,546,414,132
14,279,ukhrul,Rural,Age not stated,1160,676,484,231,102,129,929,574,355
14,279,ukhrul,Urban,All ages,27187,13917,13270,6002,2747,3255,21185,11170,10015
14,279,ukhrul,Urban,0-6,3363,1733,1630,3363,1733,1630,0,0,0
14,279,ukhrul,Urban,7,586,309,277,209,118,91,377,191,186
14,279,ukhrul,Urban,8,617,302,315,150,83,67,467,219,248
14,279,ukhrul,Urban,9,601,313,288,121,63,58,480,250,230
14,279,ukhrul,Urban,10,689,369,320,118,59,59,571,310,261
14,279,ukhrul,Urban,11,743,405,338,86,42,44,657,363,294
14,279,ukhrul,Urban,12,745,411,334,55,22,33,690,389,301
14,279,ukhrul,Urban,13,717,358,359,45,18,27,672,340,332
14,279,ukhrul,Urban,14,796,401,395,20,12,8,776,389,387
14,279,ukhrul,Urban,15,728,379,349,19,11,8,709,368,341
14,279,ukhrul,Urban,16,765,361,404,18,6,12,747,355,392
14,279,ukhrul,Urban,17,653,328,325,23,10,13,630,318,312
14,279,ukhrul,Urban,18,703,368,335,27,12,15,676,356,320
14,279,ukhrul,Urban,19,501,249,252,20,9,11,481,240,241
14,279,ukhrul,Urban,20-24,2605,1339,1266,118,52,66,2487,1287,1200
14,279,ukhrul,Urban,25-29,2326,1185,1141,97,41,56,2229,1144,1085
14,279,ukhrul,Urban,30-34,1992,945,1047,152,52,100,1840,893,947
14,279,ukhrul,Urban,35-39,1681,813,868,185,65,120,1496,748,748
14,279,ukhrul,Urban,40-44,1554,780,774,183,57,126,1371,723,648
14,279,ukhrul,Urban,45-49,1276,688,588,180,58,122,1096,630,466
14,279,ukhrul,Urban,50-54,1088,593,495,168,48,120,920,545,375
14,279,ukhrul,Urban,55-59,662,370,292,126,43,83,536,327,209
14,279,ukhrul,Urban,60-64,539,292,247,139,41,98,400,251,149
14,279,ukhrul,Urban,65-69,313,155,158,93,26,67,220,129,91
14,279,ukhrul,Urban,70-74,247,125,122,77,14,63,170,111,59
14,279,ukhrul,Urban,75-79,163,76,87,71,12,59,92,64,28
14,279,ukhrul,Urban,80+,222,102,120,94,25,69,128,77,51
14,279,ukhrul,Urban,Age not stated,312,168,144,45,15,30,267,153,114
14,280,chandel,Total,All ages,144182,74579,69603,53880,23526,30354,90302,51053,39249
14,280,chandel,Total,0-6,17187,8945,8242,17187,8945,8242,0,0,0
14,280,chandel,Total,7,2812,1416,1396,1241,604,637,1571,812,759
14,280,chandel,Total,8,2808,1409,1399,954,492,462,1854,917,937
14,280,chandel,Total,9,2660,1402,1258,813,404,409,1847,998,849
14,280,chandel,Total,10,3194,1625,1569,858,433,425,2336,1192,1144
14,280,chandel,Total,11,2841,1428,1413,594,273,321,2247,1155,1092
14,280,chandel,Total,12,3175,1670,1505,546,259,287,2629,1411,1218
14,280,chandel,Total,13,2820,1417,1403,383,182,201,2437,1235,1202
14,280,chandel,Total,14,2977,1526,1451,351,160,191,2626,1366,1260
14,280,chandel,Total,15,3397,1682,1715,402,178,224,2995,1504,1491
14,280,chandel,Total,16,3013,1514,1499,336,162,174,2677,1352,1325
14,280,chandel,Total,17,2712,1388,1324,308,113,195,2404,1275,1129
14,280,chandel,Total,18,3712,1885,1827,512,220,292,3200,1665,1535
14,280,chandel,Total,19,2924,1419,1505,436,171,265,2488,1248,1240
14,280,chandel,Total,20-24,15374,7727,7647,2644,983,1661,12730,6744,5986
14,280,chandel,Total,25-29,14649,7564,7085,3001,1059,1942,11648,6505,5143
14,280,chandel,Total,30-34,11630,6084,5546,2906,1026,1880,8724,5058,3666
14,280,chandel,Total,35-39,10291,5383,4908,3182,1127,2055,7109,4256,2853
14,280,chandel,Total,40-44,9464,5018,4446,3412,1217,2195,6052,3801,2251
14,280,chandel,Total,45-49,7939,4194,3745,3274,1159,2115,4665,3035,1630
14,280,chandel,Total,50-54,6101,3210,2891,3019,1184,1835,3082,2026,1056
14,280,chandel,Total,55-59,4132,2272,1860,2237,940,1297,1895,1332,563
14,280,chandel,Total,60-64,3203,1723,1480,1933,830,1103,1270,893,377
14,280,chandel,Total,65-69,1994,1035,959,1235,512,723,759,523,236
14,280,chandel,Total,70-74,1380,680,700,967,384,583,413,296,117
14,280,chandel,Total,75-79,761,404,357,517,219,298,244,185,59
14,280,chandel,Total,80+,758,415,343,519,244,275,239,171,68
14,280,chandel,Total,Age not stated,274,144,130,113,46,67,161,98,63
14,280,chandel,Rural,All ages,127335,65909,61426,47318,20766,26552,80017,45143,34874
14,280,chandel,Rural,0-6,14730,7707,7023,14730,7707,7023,0,0,0
14,280,chandel,Rural,7,2408,1231,1177,1085,538,547,1323,693,630
14,280,chandel,Rural,8,2402,1217,1185,841,432,409,1561,785,776
14,280,chandel,Rural,9,2291,1227,1064,713,350,363,1578,877,701
14,280,chandel,Rural,10,2723,1387,1336,756,384,372,1967,1003,964
14,280,chandel,Rural,11,2438,1227,1211,532,249,283,1906,978,928
14,280,chandel,Rural,12,2744,1445,1299,494,238,256,2250,1207,1043
14,280,chandel,Rural,13,2424,1210,1214,334,163,171,2090,1047,1043
14,280,chandel,Rural,14,2606,1330,1276,313,141,172,2293,1189,1104
14,280,chandel,Rural,15,2985,1485,1500,359,161,198,2626,1324,1302
14,280,chandel,Rural,16,2649,1331,1318,283,137,146,2366,1194,1172
14,280,chandel,Rural,17,2353,1196,1157,276,107,169,2077,1089,988
14,280,chandel,Rural,18,3302,1689,1613,455,205,250,2847,1484,1363
14,280,chandel,Rural,19,2641,1295,1346,390,156,234,2251,1139,1112
14,280,chandel,Rural,20-24,13713,6868,6845,2372,889,1483,11341,5979,5362
14,280,chandel,Rural,25-29,13032,6703,6329,2605,923,1682,10427,5780,4647
14,280,chandel,Rural,30-34,10414,5482,4932,2535,910,1625,7879,4572,3307
14,280,chandel,Rural,35-39,9124,4772,4352,2773,987,1786,6351,3785,2566
14,280,chandel,Rural,40-44,8463,4482,3981,3041,1093,1948,5422,3389,2033
14,280,chandel,Rural,45-49,7080,3714,3366,2904,1031,1873,4176,2683,1493
14,280,chandel,Rural,50-54,5499,2860,2639,2720,1061,1659,2779,1799,980
14,280,chandel,Rural,55-59,3730,2069,1661,2017,863,1154,1713,1206,507
14,280,chandel,Rural,60-64,2873,1533,1340,1744,752,992,1129,781,348
14,280,chandel,Rural,65-69,1816,942,874,1123,468,655,693,474,219
14,280,chandel,Rural,70-74,1243,622,621,864,350,514,379,272,107
14,280,chandel,Rural,75-79,697,366,331,475,200,275,222,166,56
14,280,chandel,Rural,80+,683,376,307,473,226,247,210,150,60
14,280,chandel,Rural,Age not stated,272,143,129,111,45,66,161,98,63
14,280,chandel,Urban,All ages,16847,8670,8177,6562,2760,3802,10285,5910,4375
14,280,chandel,Urban,0-6,2457,1238,1219,2457,1238,1219,0,0,0
14,280,chandel,Urban,7,404,185,219,156,66,90,248,119,129
14,280,chandel,Urban,8,406,192,214,113,60,53,293,132,161
14,280,chandel,Urban,9,369,175,194,100,54,46,269,121,148
14,280,chandel,Urban,10,471,238,233,102,49,53,369,189,180
14,280,chandel,Urban,11,403,201,202,62,24,38,341,177,164
14,280,chandel,Urban,12,431,225,206,52,21,31,379,204,175
14,280,chandel,Urban,13,396,207,189,49,19,30,347,188,159
14,280,chandel,Urban,14,371,196,175,38,19,19,333,177,156
14,280,chandel,Urban,15,412,197,215,43,17,26,369,180,189
14,280,chandel,Urban,16,364,183,181,53,25,28,311,158,153
14,280,chandel,Urban,17,359,192,167,32,6,26,327,186,141
14,280,chandel,Urban,18,410,196,214,57,15,42,353,181,172
14,280,chandel,Urban,19,283,124,159,46,15,31,237,109,128
14,280,chandel,Urban,20-24,1661,859,802,272,94,178,1389,765,624
14,280,chandel,Urban,25-29,1617,861,756,396,136,260,1221,725,496
14,280,chandel,Urban,30-34,1216,602,614,371,116,255,845,486,359
14,280,chandel,Urban,35-39,1167,611,556,409,140,269,758,471,287
14,280,chandel,Urban,40-44,1001,536,465,371,124,247,630,412,218
14,280,chandel,Urban,45-49,859,480,379,370,128,242,489,352,137
14,280,chandel,Urban,50-54,602,350,252,299,123,176,303,227,76
14,280,chandel,Urban,55-59,402,203,199,220,77,143,182,126,56
14,280,chandel,Urban,60-64,330,190,140,189,78,111,141,112,29
14,280,chandel,Urban,65-69,178,93,85,112,44,68,66,49,17
14,280,chandel,Urban,70-74,137,58,79,103,34,69,34,24,10
14,280,chandel,Urban,75-79,64,38,26,42,19,23,22,19,3
14,280,chandel,Urban,80+,75,39,36,46,18,28,29,21,8
14,280,chandel,Urban,Age not stated,2,1,1,2,1,1,0,0,0
23,418,sheopur,Total,All ages,687861,361784,326077,359836,153583,206253,328025,208201,119824
23,418,sheopur,Total,0-6,116639,61490,55149,116639,61490,55149,0,0,0
23,418,sheopur,Total,7,15890,8414,7476,5492,2820,2672,10398,5594,4804
23,418,sheopur,Total,8,19598,10372,9226,3198,1592,1606,16400,8780,7620
23,418,sheopur,Total,9,15312,7983,7329,1894,879,1015,13418,7104,6314
23,418,sheopur,Total,10,23056,12175,10881,3003,1469,1534,20053,10706,9347
23,418,sheopur,Total,11,15314,8073,7241,1507,720,787,13807,7353,6454
23,418,sheopur,Total,12,21269,11254,10015,1963,902,1061,19306,10352,8954
23,418,sheopur,Total,13,15120,7874,7246,1434,590,844,13686,7284,6402
23,418,sheopur,Total,14,16178,8533,7645,1800,767,1033,14378,7766,6612
23,418,sheopur,Total,15,16672,9018,7654,2770,1177,1593,13902,7841,6061
23,418,sheopur,Total,16,15260,8151,7109,2690,1081,1609,12570,7070,5500
23,418,sheopur,Total,17,10996,5897,5099,2137,763,1374,8859,5134,3725
23,418,sheopur,Total,18,17966,9592,8374,4962,1704,3258,13004,7888,5116
23,418,sheopur,Total,19,10905,5466,5439,3170,808,2362,7735,4658,3077
23,418,sheopur,Total,20-24,65743,34996,30747,25563,7823,17740,40180,27173,13007
23,418,sheopur,Total,25-29,54056,28849,25207,27001,9199,17802,27055,19650,7405
23,418,sheopur,Total,30-34,47213,24386,22827,26708,9483,17225,20505,14903,5602
23,418,sheopur,Total,35-39,43611,22993,20618,26193,9835,16358,17418,13158,4260
23,418,sheopur,Total,40-44,35471,19122,16349,22550,9057,13493,12921,10065,2856
23,418,sheopur,Total,45-49,28768,15013,13755,18944,7293,11651,9824,7720,2104
23,418,sheopur,Total,50-54,22091,12262,9829,14927,6502,8425,7164,5760,1404
23,418,sheopur,Total,55-59,16783,8386,8397,11775,4375,7400,5008,4011,997
23,418,sheopur,Total,60-64,16002,8296,7706,11875,5015,6860,4127,3281,846
23,418,sheopur,Total,65-69,11067,5124,5943,8390,3029,5361,2677,2095,582
23,418,sheopur,Total,70-74,8980,4391,4589,7164,2936,4228,1816,1455,361
23,418,sheopur,Total,75-79,3470,1598,1872,2714,998,1716,756,600,156
23,418,sheopur,Total,80+,4023,1833,2190,3197,1193,2004,826,640,186
23,418,sheopur,Total,Age not stated,408,243,165,176,83,93,232,160,72
23,418,sheopur,Rural,All ages,580509,305360,275149,319456,136967,182489,261053,168393,92660
23,418,sheopur,Rural,0-6,101213,53362,47851,101213,53362,47851,0,0,0
23,418,sheopur,Rural,7,13558,7186,6372,4740,2450,2290,8818,4736,4082
23,418,sheopur,Rural,8,17047,9000,8047,2800,1380,1420,14247,7620,6627
23,418,sheopur,Rural,9,13105,6789,6316,1586,743,843,11519,6046,5473
23,418,sheopur,Rural,10,19910,10479,9431,2551,1250,1301,17359,9229,8130
23,418,sheopur,Rural,11,12964,6805,6159,1256,594,662,11708,6211,5497
23,418,sheopur,Rural,12,18377,9716,8661,1681,754,927,16696,8962,7734
23,418,sheopur,Rural,13,12715,6633,6082,1174,468,706,11541,6165,5376
23,418,sheopur,Rural,14,13595,7179,6416,1537,649,888,12058,6530,5528
23,418,sheopur,Rural,15,14006,7581,6425,2428,1018,1410,11578,6563,5015
23,418,sheopur,Rural,16,12671,6802,5869,2350,936,1414,10321,5866,4455
23,418,sheopur,Rural,17,8887,4742,4145,1860,636,1224,7027,4106,2921
23,418,sheopur,Rural,18,15059,8034,7025,4441,1478,2963,10618,6556,4062
23,418,sheopur,Rural,19,8893,4407,4486,2842,689,2153,6051,3718,2333
23,418,sheopur,Rural,20-24,55002,29266,25736,23332,7022,16310,31670,22244,9426
23,418,sheopur,Rural,25-29,45170,24243,20927,24608,8454,16154,20562,15789,4773
23,418,sheopur,Rural,30-34,39239,20319,18920,24144,8719,15425,15095,11600,3495
23,418,sheopur,Rural,35-39,36260,19149,17111,23680,9103,14577,12580,10046,2534
23,418,sheopur,Rural,40-44,29645,15983,13662,20381,8311,12070,9264,7672,1592
23,418,sheopur,Rural,45-49,23974,12469,11505,17134,6752,10382,6840,5717,1123
23,418,sheopur,Rural,50-54,18451,10277,8174,13469,6022,7447,4982,4255,727
23,418,sheopur,Rural,55-59,13888,6877,7011,10519,4021,6498,3369,2856,513
23,418,sheopur,Rural,60-64,13530,7042,6488,10626,4618,6008,2904,2424,480
23,418,sheopur,Rural,65-69,9210,4252,4958,7407,2768,4639,1803,1484,319
23,418,sheopur,Rural,70-74,7572,3722,3850,6351,2701,3650,1221,1021,200
23,418,sheopur,Rural,75-79,2858,1298,1560,2397,907,1490,461,391,70
23,418,sheopur,Rural,80+,3331,1527,1804,2785,1087,1698,546,440,106
23,418,sheopur,Rural,Age not stated,379,221,158,164,75,89,215,146,69
23,418,sheopur,Urban,All ages,107352,56424,50928,40380,16616,23764,66972,39808,27164
23,418,sheopur,Urban,0-6,15426,8128,7298,15426,8128,7298,0,0,0
23,418,sheopur,Urban,7,2332,1228,1104,752,370,382,1580,858,722
23,418,sheopur,Urban,8,2551,1372,1179,398,212,186,2153,1160,993
23,418,sheopur,Urban,9,2207,1194,1013,308,136,172,1899,1058,841
23,418,sheopur,Urban,10,3146,1696,1450,452,219,233,2694,1477,1217
23,418,sheopur,Urban,11,2350,1268,1082,251,126,125,2099,1142,957
23,418,sheopur,Urban,12,2892,1538,1354,282,148,134,2610,1390,1220
23,418,sheopur,Urban,13,2405,1241,1164,260,122,138,2145,1119,1026
23,418,sheopur,Urban,14,2583,1354,1229,263,118,145,2320,1236,1084
23,418,sheopur,Urban,15,2666,1437,1229,342,159,183,2324,1278,1046
23,418,sheopur,Urban,16,2589,1349,1240,340,145,195,2249,1204,1045
23,418,sheopur,Urban,17,2109,1155,954,277,127,150,1832,1028,804
23,418,sheopur,Urban,18,2907,1558,1349,521,226,295,2386,1332,1054
23,418,sheopur,Urban,19,2012,1059,953,328,119,209,1684,940,744
23,418,sheopur,Urban,20-24,10741,5730,5011,2231,801,1430,8510,4929,3581
23,418,sheopur,Urban,25-29,8886,4606,4280,2393,745,1648,6493,3861,2632
23,418,sheopur,Urban,30-34,7974,4067,3907,2564,764,1800,5410,3303,2107
23,418,sheopur,Urban,35-39,7351,3844,3507,2513,732,1781,4838,3112,1726
23,418,sheopur,Urban,40-44,5826,3139,2687,2169,746,1423,3657,2393,1264
23,418,sheopur,Urban,45-49,4794,2544,2250,1810,541,1269,2984,2003,981
23,418,sheopur,Urban,50-54,3640,1985,1655,1458,480,978,2182,1505,677
23,418,sheopur,Urban,55-59,2895,1509,1386,1256,354,902,1639,1155,484
23,418,sheopur,Urban,60-64,2472,1254,1218,1249,397,852,1223,857,366
23,418,sheopur,Urban,65-69,1857,872,985,983,261,722,874,611,263
23,418,sheopur,Urban,70-74,1408,669,739,813,235,578,595,434,161
23,418,sheopur,Urban,75-79,612,300,312,317,91,226,295,209,86
23,418,sheopur,Urban,80+,692,306,386,412,106,306,280,200,80
23,418,sheopur,Urban,Age not stated,29,22,7,12,8,4,17,14,3
23,419,morena,Total,All ages,1965970,1068417,897553,786285,320765,465520,1179685,747652,432033
23,419,morena,Total,0-6,305156,166858,138298,305156,166858,138298,0,0,0
23,419,morena,Total,7,42294,22939,19355,10795,5668,5127,31499,17271,14228
23,419,morena,Total,8,49944,27702,22242,5122,2624,2498,44822,25078,19744
23,419,morena,Total,9,41197,22555,18642,3375,1673,1702,37822,20882,16940
23,419,morena,Total,10,59350,33028,26322,5135,2662,2473,54215,30366,23849
23,419,morena,Total,11,42945,23683,19262,2847,1417,1430,40098,22266,17832
23,419,morena,Total,12,58293,32084,26209,2656,1147,1509,55637,30937,24700
23,419,morena,Total,13,40862,21978,18884,1864,774,1090,38998,21204,17794
23,419,morena,Total,14,49431,26644,22787,2702,1124,1578,46729,25520,21209
23,419,morena,Total,15,48712,27600,21112,3498,1596,1902,45214,26004,19210
23,419,morena,Total,16,47978,27464,20514,3751,1730,2021,44227,25734,18493
23,419,morena,Total,17,36649,21402,15247,2959,1276,1683,33690,20126,13564
23,419,morena,Total,18,55046,33492,21554,6827,2682,4145,48219,30810,17409
23,419,morena,Total,19,33544,19380,14164,4623,1491,3132,28921,17889,11032
23,419,morena,Total,20-24,185397,104095,81302,38288,10061,28227,147109,94034,53075
23,419,morena,Total,25-29,157504,84383,73121,46219,11783,34436,111285,72600,38685
23,419,morena,Total,30-34,136962,70183,66779,49325,12056,37269,87637,58127,29510
23,419,morena,Total,35-39,128685,67018,61667,52027,13607,38420,76658,53411,23247
23,419,morena,Total,40-44,103801,55815,47986,45311,13387,31924,58490,42428,16062
23,419,morena,Total,45-49,83036,43564,39472,39691,11798,27893,43345,31766,11579
23,419,morena,Total,50-54,65474,36272,29202,33065,11652,21413,32409,24620,7789
23,419,morena,Total,55-59,51203,25690,25513,28474,8462,20012,22729,17228,5501
23,419,morena,Total,60-64,49997,26662,23335,30111,11156,18955,19886,15506,4380
23,419,morena,Total,65-69,34202,17147,17055,22024,7624,14400,12178,9523,2655
23,419,morena,Total,70-74,28200,15223,12977,19488,8021,11467,8712,7202,1510
23,419,morena,Total,75-79,12499,6275,6224,8748,3247,5501,3751,3028,723
23,419,morena,Total,80+,16129,8464,7665,11494,4840,6654,4635,3624,1011
23,419,morena,Total,Age not stated,1480,817,663,710,349,361,770,468,302
23,419,morena,Rural,All ages,1495508,815218,680290,629822,256470,373352,865686,558748,306938
23,419,morena,Rural,0-6,239309,130850,108459,239309,130850,108459,0,0,0
23,419,morena,Rural,7,32591,17630,14961,8334,4339,3995,24257,13291,10966
23,419,morena,Rural,8,38975,21545,17430,3890,1975,1915,35085,19570,15515
23,419,morena,Rural,9,31987,17365,14622,2524,1229,1295,29463,16136,13327
23,419,morena,Rural,10,46217,25521,20696,3928,1996,1932,42289,23525,18764
23,419,morena,Rural,11,33254,18184,15070,2113,1028,1085,31141,17156,13985
23,419,morena,Rural,12,45615,24993,20622,1951,809,1142,43664,24184,19480
23,419,morena,Rural,13,31412,16848,14564,1383,543,840,30029,16305,13724
23,419,morena,Rural,14,38167,20564,17603,1967,779,1188,36200,19785,16415
23,419,morena,Rural,15,37271,21131,16140,2656,1168,1488,34615,19963,14652
23,419,morena,Rural,16,36806,21243,15563,2820,1268,1552,33986,19975,14011
23,419,morena,Rural,17,27129,15992,11137,2203,910,1293,24926,15082,9844
23,419,morena,Rural,18,41923,25923,16000,5365,2009,3356,36558,23914,12644
23,419,morena,Rural,19,24699,14472,10227,3642,1097,2545,21057,13375,7682
23,419,morena,Rural,20-24,137884,78303,59581,30998,7724,23274,106886,70579,36307
23,419,morena,Rural,25-29,117689,63446,54243,37843,9388,28455,79846,54058,25788
23,419,morena,Rural,30-34,102610,52704,49906,40357,9822,30535,62253,42882,19371
23,419,morena,Rural,35-39,96382,50443,45939,42411,11127,31284,53971,39316,14655
23,419,morena,Rural,40-44,76809,41639,35170,36633,10971,25662,40176,30668,9508
23,419,morena,Rural,45-49,61103,31998,29105,32381,9870,22511,28722,22128,6594
23,419,morena,Rural,50-54,48618,27076,21542,27092,9894,17198,21526,17182,4344
23,419,morena,Rural,55-59,38566,19189,19377,23496,7269,16227,15070,11920,3150
23,419,morena,Rural,60-64,38321,20592,17729,24805,9590,15215,13516,11002,2514
23,419,morena,Rural,65-69,26328,13251,13077,18118,6596,11522,8210,6655,1555
23,419,morena,Rural,70-74,22121,12020,10101,16182,6950,9232,5939,5070,869
23,419,morena,Rural,75-79,9871,4911,4960,7360,2836,4524,2511,2075,436
23,419,morena,Rural,80+,12828,6815,6013,9537,4171,5366,3291,2644,647
23,419,morena,Rural,Age not stated,1023,570,453,524,262,262,499,308,191
23,419,morena,Urban,All ages,470462,253199,217263,156463,64295,92168,313999,188904,125095
23,419,morena,Urban,0-6,65847,36008,29839,65847,36008,29839,0,0,0
23,419,morena,Urban,7,9703,5309,4394,2461,1329,1132,7242,3980,3262
23,419,morena,Urban,8,10969,6157,4812,1232,649,583,9737,5508,4229
23,419,morena,Urban,9,9210,5190,4020,851,444,407,8359,4746,3613
23,419,morena,Urban,10,13133,7507,5626,1207,666,541,11926,6841,5085
23,419,morena,Urban,11,9691,5499,4192,734,389,345,8957,5110,3847
23,419,morena,Urban,12,12678,7091,5587,705,338,367,11973,6753,5220
23,419,morena,Urban,13,9450,5130,4320,481,231,250,8969,4899,4070
23,419,morena,Urban,14,11264,6080,5184,735,345,390,10529,5735,4794
23,419,morena,Urban,15,11441,6469,4972,842,428,414,10599,6041,4558
23,419,morena,Urban,16,11172,6221,4951,931,462,469,10241,5759,4482
23,419,morena,Urban,17,9520,5410,4110,756,366,390,8764,5044,3720
23,419,morena,Urban,18,13123,7569,5554,1462,673,789,11661,6896,4765
23,419,morena,Urban,19,8845,4908,3937,981,394,587,7864,4514,3350
23,419,morena,Urban,20-24,47513,25792,21721,7290,2337,4953,40223,23455,16768
23,419,morena,Urban,25-29,39815,20937,18878,8376,2395,5981,31439,18542,12897
23,419,morena,Urban,30-34,34352,17479,16873,8968,2234,6734,25384,15245,10139
23,419,morena,Urban,35-39,32303,16575,15728,9616,2480,7136,22687,14095,8592
23,419,morena,Urban,40-44,26992,14176,12816,8678,2416,6262,18314,11760,6554
23,419,morena,Urban,45-49,21933,11566,10367,7310,1928,5382,14623,9638,4985
23,419,morena,Urban,50-54,16856,9196,7660,5973,1758,4215,10883,7438,3445
23,419,morena,Urban,55-59,12637,6501,6136,4978,1193,3785,7659,5308,2351
23,419,morena,Urban,60-64,11676,6070,5606,5306,1566,3740,6370,4504,1866
23,419,morena,Urban,65-69,7874,3896,3978,3906,1028,2878,3968,2868,1100
23,419,morena,Urban,70-74,6079,3203,2876,3306,1071,2235,2773,2132,641
23,419,morena,Urban,75-79,2628,1364,1264,1388,411,977,1240,953,287
23,419,morena,Urban,80+,3301,1649,1652,1957,669,1288,1344,980,364
23,419,morena,Urban,Age not stated,457,247,210,186,87,99,271,160,111
23,420,bhind,Total,All ages,1703005,926843,776162,608088,250330,357758,1094917,676513,418404
23,420,bhind,Total,0-6,248230,134705,113525,248230,134705,113525,0,0,0
23,420,bhind,Total,7,35514,19425,16089,6927,3659,3268,28587,15766,12821
23,420,bhind,Total,8,40185,22019,18166,3021,1494,1527,37164,20525,16639
23,420,bhind,Total,9,33201,18181,15020,2144,1077,1067,31057,17104,13953
23,420,bhind,Total,10,46819,25892,20927,3056,1525,1531,43763,24367,19396
23,420,bhind,Total,11,37010,20204,16806,1715,819,896,35295,19385,15910
23,420,bhind,Total,12,43481,23864,19617,1705,827,878,41776,23037,18739
23,420,bhind,Total,13,36719,19802,16917,1385,597,788,35334,19205,16129
23,420,bhind,Total,14,40190,21917,18273,1651,777,874,38539,21140,17399
23,420,bhind,Total,15,40998,23115,17883,2172,1096,1076,38826,22019,16807
23,420,bhind,Total,16,40144,23147,16997,2186,1087,1099,37958,22060,15898
23,420,bhind,Total,17,32493,19224,13269,1859,920,939,30634,18304,12330
23,420,bhind,Total,18,46558,28531,18027,3815,1737,2078,42743,26794,15949
23,420,bhind,Total,19,29384,17208,12176,2501,906,1595,26883,16302,10581
23,420,bhind,Total,20-24,158274,90208,68066,22905,6866,16039,135369,83342,52027
23,420,bhind,Total,25-29,131536,70651,60885,27958,7414,20544,103578,63237,40341
23,420,bhind,Total,30-34,117207,60436,56771,31675,7697,23978,85532,52739,32793
23,420,bhind,Total,35-39,111641,58108,53533,36062,9342,26720,75579,48766,26813
23,420,bhind,Total,40-44,94054,50957,43097,33785,9847,23938,60269,41110,19159
23,420,bhind,Total,45-49,76774,40521,36253,31364,8925,22439,45410,31596,13814
23,420,bhind,Total,50-54,63061,34710,28351,27587,9028,18559,35474,25682,9792
23,420,bhind,Total,55-59,49675,25171,24504,24310,6812,17498,25365,18359,7006
23,420,bhind,Total,60-64,49881,26557,23324,26937,9158,17779,22944,17399,5545
23,420,bhind,Total,65-69,34966,17548,17418,20905,6865,14040,14061,10683,3378
23,420,bhind,Total,70-74,29850,16205,13645,19537,7913,11624,10313,8292,2021
23,420,bhind,Total,75-79,13687,7042,6645,9214,3521,5693,4473,3521,952
23,420,bhind,Total,80+,17468,9347,8121,11734,4918,6816,5734,4429,1305
23,420,bhind,Total,Age not stated,4005,2148,1857,1748,798,950,2257,1350,907
23,420,bhind,Rural,All ages,1270083,694756,575327,470048,192864,277184,800035,501892,298143
23,420,bhind,Rural,0-6,189328,102840,86488,189328,102840,86488,0,0,0
23,420,bhind,Rural,7,26777,14564,12213,5108,2691,2417,21669,11873,9796
23,420,bhind,Rural,8,30046,16402,13644,2061,1012,1049,27985,15390,12595
23,420,bhind,Rural,9,25063,13700,11363,1488,737,751,23575,12963,10612
23,420,bhind,Rural,10,34938,19252,15686,2133,1037,1096,32805,18215,14590
23,420,bhind,Rural,11,27990,15199,12791,1185,558,627,26805,14641,12164
23,420,bhind,Rural,12,32530,17751,14779,1105,513,592,31425,17238,14187
23,420,bhind,Rural,13,27547,14841,12706,882,354,528,26665,14487,12178
23,420,bhind,Rural,14,30004,16286,13718,1096,497,599,28908,15789,13119
23,420,bhind,Rural,15,30416,17179,13237,1432,713,719,28984,16466,12518
23,420,bhind,Rural,16,29935,17425,12510,1426,679,747,28509,16746,11763
23,420,bhind,Rural,17,23704,14245,9459,1234,592,642,22470,13653,8817
23,420,bhind,Rural,18,34312,21432,12880,2603,1139,1464,31709,20293,11416
23,420,bhind,Rural,19,21440,12763,8677,1841,613,1228,19599,12150,7449
23,420,bhind,Rural,20-24,115474,66917,48557,17204,4883,12321,98270,62034,36236
23,420,bhind,Rural,25-29,96710,52279,44431,21639,5534,16105,75071,46745,28326
23,420,bhind,Rural,30-34,86540,44936,41604,24699,5902,18797,61841,39034,22807
23,420,bhind,Rural,35-39,82461,43378,39083,28120,7236,20884,54341,36142,18199
23,420,bhind,Rural,40-44,68917,37686,31231,26301,7675,18626,42616,30011,12605
23,420,bhind,Rural,45-49,56219,29735,26484,24610,7082,17528,31609,22653,8956
23,420,bhind,Rural,50-54,46705,25776,20929,21922,7255,14667,24783,18521,6262
23,420,bhind,Rural,55-59,37472,18966,18506,19568,5593,13975,17904,13373,4531
23,420,bhind,Rural,60-64,37941,20432,17509,21626,7621,14005,16315,12811,3504
23,420,bhind,Rural,65-69,26772,13487,13285,16876,5715,11161,9896,7772,2124
23,420,bhind,Rural,70-74,23236,12629,10607,15958,6596,9362,7278,6033,1245
23,420,bhind,Rural,75-79,10808,5575,5233,7641,3017,4624,3167,2558,609
23,420,bhind,Rural,80+,13707,7419,6288,9552,4137,5415,4155,3282,873
23,420,bhind,Rural,Age not stated,3091,1662,1429,1410,643,767,1681,1019,662
23,420,bhind,Urban,All ages,432922,232087,200835,138040,57466,80574,294882,174621,120261
23,420,bhind,Urban,0-6,58902,31865,27037,58902,31865,27037,0,0,0
23,420,bhind,Urban,7,8737,4861,3876,1819,968,851,6918,3893,3025
23,420,bhind,Urban,8,10139,5617,4522,960,482,478,9179,5135,4044
23,420,bhind,Urban,9,8138,4481,3657,656,340,316,7482,4141,3341
23,420,bhind,Urban,10,11881,6640,5241,923,488,435,10958,6152,4806
23,420,bhind,Urban,11,9020,5005,4015,530,261,269,8490,4744,3746
23,420,bhind,Urban,12,10951,6113,4838,600,314,286,10351,5799,4552
23,420,bhind,Urban,13,9172,4961,4211,503,243,260,8669,4718,3951
23,420,bhind,Urban,14,10186,5631,4555,555,280,275,9631,5351,4280
23,420,bhind,Urban,15,10582,5936,4646,740,383,357,9842,5553,4289
23,420,bhind,Urban,16,10209,5722,4487,760,408,352,9449,5314,4135
23,420,bhind,Urban,17,8789,4979,3810,625,328,297,8164,4651,3513
23,420,bhind,Urban,18,12246,7099,5147,1212,598,614,11034,6501,4533
23,420,bhind,Urban,19,7944,4445,3499,660,293,367,7284,4152,3132
23,420,bhind,Urban,20-24,42800,23291,19509,5701,1983,3718,37099,21308,15791
23,420,bhind,Urban,25-29,34826,18372,16454,6319,1880,4439,28507,16492,12015
23,420,bhind,Urban,30-34,30667,15500,15167,6976,1795,5181,23691,13705,9986
23,420,bhind,Urban,35-39,29180,14730,14450,7942,2106,5836,21238,12624,8614
23,420,bhind,Urban,40-44,25137,13271,11866,7484,2172,5312,17653,11099,6554
23,420,bhind,Urban,45-49,20555,10786,9769,6754,1843,4911,13801,8943,4858
23,420,bhind,Urban,50-54,16356,8934,7422,5665,1773,3892,10691,7161,3530
23,420,bhind,Urban,55-59,12203,6205,5998,4742,1219,3523,7461,4986,2475
23,420,bhind,Urban,60-64,11940,6125,5815,5311,1537,3774,6629,4588,2041
23,420,bhind,Urban,65-69,8194,4061,4133,4029,1150,2879,4165,2911,1254
23,420,bhind,Urban,70-74,6614,3576,3038,3579,1317,2262,3035,2259,776
23,420,bhind,Urban,75-79,2879,1467,1412,1573,504,1069,1306,963,343
23,420,bhind,Urban,80+,3761,1928,1833,2182,781,1401,1579,1147,432
23,420,bhind,Urban,Age not stated,914,486,428,338,155,183,576,331,245
23,421,gwalior,Total,All ages,2032036,1090327,941709,674826,287213,387613,1357210,803114,554096
23,421,gwalior,Total,0-6,261418,142098,119320,261418,142098,119320,0,0,0
23,421,gwalior,Total,7,39942,21596,18346,9141,4871,4270,30801,16725,14076
23,421,gwalior,Total,8,44027,24165,19862,5149,2651,2498,38878,21514,17364
23,421,gwalior,Total,9,37792,20650,17142,3485,1837,1648,34307,18813,15494
23,421,gwalior,Total,10,51689,28725,22964,4912,2603,2309,46777,26122,20655
23,421,gwalior,Total,11,41030,22591,18439,2753,1453,1300,38277,21138,17139
23,421,gwalior,Total,12,49141,27151,21990,2919,1462,1457,46222,25689,20533
23,421,gwalior,Total,13,41107,22114,18993,2340,1121,1219,38767,20993,17774
23,421,gwalior,Total,14,44438,24162,20276,2821,1365,1456,41617,22797,18820
23,421,gwalior,Total,15,46597,25970,20627,3814,1911,1903,42783,24059,18724
23,421,gwalior,Total,16,45667,25490,20177,3817,1868,1949,41850,23622,18228
23,421,gwalior,Total,17,39858,22215,17643,3347,1625,1722,36511,20590,15921
23,421,gwalior,Total,18,53952,31046,22906,6301,2962,3339,47651,28084,19567
23,421,gwalior,Total,19,38997,21702,17295,4473,1856,2617,34524,19846,14678
23,421,gwalior,Total,20-24,206778,113371,93407,32692,11621,21071,174086,101750,72336
23,421,gwalior,Total,25-29,175886,93307,82579,38337,12495,25842,137549,80812,56737
23,421,gwalior,Total,30-34,151604,78621,72983,40382,12551,27831,111222,66070,45152
23,421,gwalior,Total,35-39,142853,74279,68574,44339,14399,29940,98514,59880,38634
23,421,gwalior,Total,40-44,121304,64106,57198,40120,13728,26392,81184,50378,30806
23,421,gwalior,Total,45-49,103967,55109,48858,35705,11762,23943,68262,43347,24915
23,421,gwalior,Total,50-54,79745,43340,36405,28725,9922,18803,51020,33418,17602
23,421,gwalior,Total,55-59,60423,31148,29275,23648,7103,16545,36775,24045,12730
23,421,gwalior,Total,60-64,54838,28559,26279,23736,7821,15915,31102,20738,10364
23,421,gwalior,Total,65-69,36417,18116,18301,16960,5057,11903,19457,13059,6398
23,421,gwalior,Total,70-74,27970,14225,13745,14752,4988,9764,13218,9237,3981
23,421,gwalior,Total,75-79,13667,6587,7080,7220,2231,4989,6447,4356,2091
23,421,gwalior,Total,80+,18391,8540,9851,10532,3402,7130,7859,5138,2721
23,421,gwalior,Total,Age not stated,2538,1344,1194,988,450,538,1550,894,656
23,421,gwalior,Rural,All ages,758244,409349,348895,338883,142332,196551,419361,267017,152344
23,421,gwalior,Rural,0-6,114953,62354,52599,114953,62354,52599,0,0,0
23,421,gwalior,Rural,7,17224,9194,8030,4006,2111,1895,13218,7083,6135
23,421,gwalior,Rural,8,20342,10959,9383,2585,1291,1294,17757,9668,8089
23,421,gwalior,Rural,9,16192,8723,7469,1566,791,775,14626,7932,6694
23,421,gwalior,Rural,10,22809,12434,10375,2256,1163,1093,20553,11271,9282
23,421,gwalior,Rural,11,17247,9239,8008,1270,633,637,15977,8606,7371
23,421,gwalior,Rural,12,21539,11717,9822,1405,660,745,20134,11057,9077
23,421,gwalior,Rural,13,17051,9019,8032,1122,510,612,15929,8509,7420
23,421,gwalior,Rural,14,18174,9805,8369,1391,643,748,16783,9162,7621
23,421,gwalior,Rural,15,18475,10373,8102,1859,869,990,16616,9504,7112
23,421,gwalior,Rural,16,17610,9900,7710,1880,875,1005,15730,9025,6705
23,421,gwalior,Rural,17,14413,8146,6267,1708,754,954,12705,7392,5313
23,421,gwalior,Rural,18,20663,12361,8302,3447,1440,2007,17216,10921,6295
23,421,gwalior,Rural,19,13319,7649,5670,2400,854,1546,10919,6795,4124
23,421,gwalior,Rural,20-24,70813,39960,30853,18654,5880,12774,52159,34080,18079
23,421,gwalior,Rural,25-29,59593,32196,27397,22395,7050,15345,37198,25146,12052
23,421,gwalior,Rural,30-34,52474,26931,25543,23513,7212,16301,28961,19719,9242
23,421,gwalior,Rural,35-39,49753,26419,23334,24724,8310,16414,25029,18109,6920
23,421,gwalior,Rural,40-44,40116,21665,18451,21443,7725,13718,18673,13940,4733
23,421,gwalior,Rural,45-49,33232,17601,15631,18947,6581,12366,14285,11020,3265
23,421,gwalior,Rural,50-54,25559,14069,11490,15124,5745,9379,10435,8324,2111
23,421,gwalior,Rural,55-59,19829,10055,9774,12548,4140,8408,7281,5915,1366
23,421,gwalior,Rural,60-64,19102,10000,9102,12694,4773,7921,6408,5227,1181
23,421,gwalior,Rural,65-69,13404,6497,6907,9251,3126,6125,4153,3371,782
23,421,gwalior,Rural,70-74,10798,5544,5254,7911,3124,4787,2887,2420,467
23,421,gwalior,Rural,75-79,5151,2424,2727,3932,1439,2493,1219,985,234
23,421,gwalior,Rural,80+,7427,3578,3849,5445,2083,3362,1982,1495,487
23,421,gwalior,Rural,Age not stated,982,537,445,454,196,258,528,341,187
23,421,gwalior,Urban,All ages,1273792,680978,592814,335943,144881,191062,937849,536097,401752
23,421,gwalior,Urban,0-6,146465,79744,66721,146465,79744,66721,0,0,0
23,421,gwalior,Urban,7,22718,12402,10316,5135,2760,2375,17583,9642,7941
23,421,gwalior,Urban,8,23685,13206,10479,2564,1360,1204,21121,11846,9275
23,421,gwalior,Urban,9,21600,11927,9673,1919,1046,873,19681,10881,8800
23,421,gwalior,Urban,10,28880,16291,12589,2656,1440,1216,26224,14851,11373
23,421,gwalior,Urban,11,23783,13352,10431,1483,820,663,22300,12532,9768
23,421,gwalior,Urban,12,27602,15434,12168,1514,802,712,26088,14632,11456
23,421,gwalior,Urban,13,24056,13095,10961,1218,611,607,22838,12484,10354
23,421,gwalior,Urban,14,26264,14357,11907,1430,722,708,24834,13635,11199
23,421,gwalior,Urban,15,28122,15597,12525,1955,1042,913,26167,14555,11612
23,421,gwalior,Urban,16,28057,15590,12467,1937,993,944,26120,14597,11523
23,421,gwalior,Urban,17,25445,14069,11376,1639,871,768,23806,13198,10608
23,421,gwalior,Urban,18,33289,18685,14604,2854,1522,1332,30435,17163,13272
23,421,gwalior,Urban,19,25678,14053,11625,2073,1002,1071,23605,13051,10554
23,421,gwalior,Urban,20-24,135965,73411,62554,14038,5741,8297,121927,67670,54257
23,421,gwalior,Urban,25-29,116293,61111,55182,15942,5445,10497,100351,55666,44685
23,421,gwalior,Urban,30-34,99130,51690,47440,16869,5339,11530,82261,46351,35910
23,421,gwalior,Urban,35-39,93100,47860,45240,19615,6089,13526,73485,41771,31714
23,421,gwalior,Urban,40-44,81188,42441,38747,18677,6003,12674,62511,36438,26073
23,421,gwalior,Urban,45-49,70735,37508,33227,16758,5181,11577,53977,32327,21650
23,421,gwalior,Urban,50-54,54186,29271,24915,13601,4177,9424,40585,25094,15491
23,421,gwalior,Urban,55-59,40594,21093,19501,11100,2963,8137,29494,18130,11364
23,421,gwalior,Urban,60-64,35736,18559,17177,11042,3048,7994,24694,15511,9183
23,421,gwalior,Urban,65-69,23013,11619,11394,7709,1931,5778,15304,9688,5616
23,421,gwalior,Urban,70-74,17172,8681,8491,6841,1864,4977,10331,6817,3514
23,421,gwalior,Urban,75-79,8516,4163,4353,3288,792,2496,5228,3371,1857
23,421,gwalior,Urban,80+,10964,4962,6002,5087,1319,3768,5877,3643,2234
23,421,gwalior,Urban,Age not stated,1556,807,749,534,254,280,1022,553,469
23,422,datia,Total,All ages,786754,420157,366597,295309,116342,178967,491445,303815,187630
23,422,datia,Total,0-6,110114,59335,50779,110114,59335,50779,0,0,0
23,422,datia,Total,7,16597,8822,7775,4063,2046,2017,12534,6776,5758
23,422,datia,Total,8,18117,9642,8475,1610,829,781,16507,8813,7694
23,422,datia,Total,9,16503,8658,7845,1220,588,632,15283,8070,7213
23,422,datia,Total,10,21676,11567,10109,1655,869,786,20021,10698,9323
23,422,datia,Total,11,17836,9574,8262,869,436,433,16967,9138,7829
23,422,datia,Total,12,19783,10660,9123,638,293,345,19145,10367,8778
23,422,datia,Total,13,16726,8989,7737,539,250,289,16187,8739,7448
23,422,datia,Total,14,16976,9139,7837,659,311,348,16317,8828,7489
23,422,datia,Total,15,17523,9749,7774,973,509,464,16550,9240,7310
23,422,datia,Total,16,17067,9640,7427,1032,486,546,16035,9154,6881
23,422,datia,Total,17,14282,8269,6013,901,425,476,13381,7844,5537
23,422,datia,Total,18,20015,11848,8167,1979,848,1131,18036,11000,7036
23,422,datia,Total,19,13336,7394,5942,1448,456,992,11888,6938,4950
23,422,datia,Total,20-24,73371,40355,33016,12778,3561,9217,60593,36794,23799
23,422,datia,Total,25-29,63175,33746,29429,16031,4165,11866,47144,29581,17563
23,422,datia,Total,30-34,58105,29868,28237,18203,4619,13584,39902,25249,14653
23,422,datia,Total,35-39,54094,28573,25521,19066,5298,13768,35028,23275,11753
23,422,datia,Total,40-44,45948,24916,21032,17547,5192,12355,28401,19724,8677
23,422,datia,Total,45-49,36984,19745,17239,15488,4401,11087,21496,15344,6152
23,422,datia,Total,50-54,29377,16220,13157,13682,4486,9196,15695,11734,3961
23,422,datia,Total,55-59,22780,11527,11253,11877,3291,8586,10903,8236,2667
23,422,datia,Total,60-64,22790,11651,11139,13288,4277,9011,9502,7374,2128
23,422,datia,Total,65-69,16286,7586,8700,10313,2958,7355,5973,4628,1345
23,422,datia,Total,70-74,13586,6535,7051,9489,3222,6267,4097,3313,784
23,422,datia,Total,75-79,6024,2781,3243,4268,1365,2903,1756,1416,340
23,422,datia,Total,80+,7343,3168,4175,5434,1759,3675,1909,1409,500
23,422,datia,Total,Age not stated,340,200,140,145,67,78,195,133,62
23,422,datia,Rural,All ages,604772,323966,280806,239205,93065,146140,365567,230901,134666
23,422,datia,Rural,0-6,86717,46768,39949,86717,46768,39949,0,0,0
23,422,datia,Rural,7,12970,6842,6128,3164,1593,1571,9806,5249,4557
23,422,datia,Rural,8,14233,7518,6715,1201,612,589,13032,6906,6126
23,422,datia,Rural,9,12968,6821,6147,891,427,464,12077,6394,5683
23,422,datia,Rural,10,16951,9021,7930,1231,651,580,15720,8370,7350
23,422,datia,Rural,11,14088,7581,6507,649,326,323,13439,7255,6184
23,422,datia,Rural,12,15409,8299,7110,441,189,252,14968,8110,6858
23,422,datia,Rural,13,12868,6910,5958,374,175,199,12494,6735,5759
23,422,datia,Rural,14,13176,7079,6097,450,201,249,12726,6878,5848
23,422,datia,Rural,15,13450,7542,5908,691,344,347,12759,7198,5561
23,422,datia,Rural,16,13023,7423,5600,713,317,396,12310,7106,5204
23,422,datia,Rural,17,10576,6184,4392,650,288,362,9926,5896,4030
23,422,datia,Rural,18,15206,9096,6110,1477,573,904,13729,8523,5206
23,422,datia,Rural,19,9901,5530,4371,1113,314,799,8788,5216,3572
23,422,datia,Rural,20-24,54869,30395,24474,10370,2602,7768,44499,27793,16706
23,422,datia,Rural,25-29,48185,25906,22279,13345,3296,10049,34840,22610,12230
23,422,datia,Rural,30-34,44250,22834,21416,15165,3737,11428,29085,19097,9988
23,422,datia,Rural,35-39,41247,21962,19285,15831,4329,11502,25416,17633,7783
23,422,datia,Rural,40-44,34724,18927,15797,14551,4241,10310,20173,14686,5487
23,422,datia,Rural,45-49,27848,14818,13030,12961,3656,9305,14887,11162,3725
23,422,datia,Rural,50-54,22410,12391,10019,11432,3799,7633,10978,8592,2386
23,422,datia,Rural,55-59,17552,8806,8746,10002,2807,7195,7550,5999,1551
23,422,datia,Rural,60-64,17681,9171,8510,10968,3667,7301,6713,5504,1209
23,422,datia,Rural,65-69,12811,5981,6830,8640,2558,6082,4171,3423,748
23,422,datia,Rural,70-74,10834,5239,5595,8006,2835,5171,2828,2404,424
23,422,datia,Rural,75-79,4768,2206,2562,3580,1187,2393,1188,1019,169
23,422,datia,Rural,80+,5804,2566,3238,4473,1514,2959,1331,1052,279
23,422,datia,Rural,Age not stated,253,150,103,119,59,60,134,91,43
23,422,datia,Urban,All ages,181982,96191,85791,56104,23277,32827,125878,72914,52964
23,422,datia,Urban,0-6,23397,12567,10830,23397,12567,10830,0,0,0
23,422,datia,Urban,7,3627,1980,1647,899,453,446,2728,1527,1201
23,422,datia,Urban,8,3884,2124,1760,409,217,192,3475,1907,1568
23,422,datia,Urban,9,3535,1837,1698,329,161,168,3206,1676,1530
23,422,datia,Urban,10,4725,2546,2179,424,218,206,4301,2328,1973
23,422,datia,Urban,11,3748,1993,1755,220,110,110,3528,1883,1645
23,422,datia,Urban,12,4374,2361,2013,197,104,93,4177,2257,1920
23,422,datia,Urban,13,3858,2079,1779,165,75,90,3693,2004,1689
23,422,datia,Urban,14,3800,2060,1740,209,110,99,3591,1950,1641
23,422,datia,Urban,15,4073,2207,1866,282,165,117,3791,2042,1749
23,422,datia,Urban,16,4044,2217,1827,319,169,150,3725,2048,1677
23,422,datia,Urban,17,3706,2085,1621,251,137,114,3455,1948,1507
23,422,datia,Urban,18,4809,2752,2057,502,275,227,4307,2477,1830
23,422,datia,Urban,19,3435,1864,1571,335,142,193,3100,1722,1378
23,422,datia,Urban,20-24,18502,9960,8542,2408,959,1449,16094,9001,7093
23,422,datia,Urban,25-29,14990,7840,7150,2686,869,1817,12304,6971,5333
23,422,datia,Urban,30-34,13855,7034,6821,3038,882,2156,10817,6152,4665
23,422,datia,Urban,35-39,12847,6611,6236,3235,969,2266,9612,5642,3970
23,422,datia,Urban,40-44,11224,5989,5235,2996,951,2045,8228,5038,3190
23,422,datia,Urban,45-49,9136,4927,4209,2527,745,1782,6609,4182,2427
23,422,datia,Urban,50-54,6967,3829,3138,2250,687,1563,4717,3142,1575
23,422,datia,Urban,55-59,5228,2721,2507,1875,484,1391,3353,2237,1116
23,422,datia,Urban,60-64,5109,2480,2629,2320,610,1710,2789,1870,919
23,422,datia,Urban,65-69,3475,1605,1870,1673,400,1273,1802,1205,597
23,422,datia,Urban,70-74,2752,1296,1456,1483,387,1096,1269,909,360
23,422,datia,Urban,75-79,1256,575,681,688,178,510,568,397,171
23,422,datia,Urban,80+,1539,602,937,961,245,716,578,357,221
23,422,datia,Urban,Age not stated,87,50,37,26,8,18,61,42,19
23,423,shivpuri,Total,All ages,1726050,919795,806255,825204,346553,478651,900846,573242,327604
23,423,shivpuri,Total,0-6,285770,150950,134820,285770,150950,134820,0,0,0
23,423,shivpuri,Total,7,42114,21897,20217,14733,7481,7252,27381,14416,12965
23,423,shivpuri,Total,8,48693,25425,23268,7952,3948,4004,40741,21477,19264
23,423,shivpuri,Total,9,39662,20658,19004,4591,2187,2404,35071,18471,16600
23,423,shivpuri,Total,10,54147,28340,25807,5818,2780,3038,48329,25560,22769
23,423,shivpuri,Total,11,40896,21585,19311,3110,1481,1629,37786,20104,17682
23,423,shivpuri,Total,12,48009,25758,22251,3425,1551,1874,44584,24207,20377
23,423,shivpuri,Total,13,37971,20208,17763,2761,1197,1564,35210,19011,16199
23,423,shivpuri,Total,14,37877,20451,17426,3058,1288,1770,34819,19163,15656
23,423,shivpuri,Total,15,39862,22553,17309,4489,2124,2365,35373,20429,14944
23,423,shivpuri,Total,16,37285,20971,16314,4371,1899,2472,32914,19072,13842
23,423,shivpuri,Total,17,29261,16742,12519,3777,1498,2279,25484,15244,10240
23,423,shivpuri,Total,18,42216,24146,18070,8205,2817,5388,34011,21329,12682
23,423,shivpuri,Total,19,27563,14836,12727,5817,1570,4247,21746,13266,8480
23,423,shivpuri,Total,20-24,158408,86474,71934,48934,13697,35237,109474,72777,36697
23,423,shivpuri,Total,25-29,136350,72606,63744,57597,17735,39862,78753,54871,23882
23,423,shivpuri,Total,30-34,120216,62655,57561,58450,18863,39587,61766,43792,17974
23,423,shivpuri,Total,35-39,109161,58187,50974,57112,20026,37086,52049,38161,13888
23,423,shivpuri,Total,40-44,88766,48835,39931,48365,18488,29877,40401,30347,10054
23,423,shivpuri,Total,45-49,71509,37608,33901,41344,14911,26433,30165,22697,7468
23,423,shivpuri,Total,50-54,57765,31834,25931,34878,14121,20757,22887,17713,5174
23,423,shivpuri,Total,55-59,45393,22794,22599,29158,10079,19079,16235,12715,3520
23,423,shivpuri,Total,60-64,45822,23874,21948,31655,12524,19131,14167,11350,2817
23,423,shivpuri,Total,65-69,31508,15457,16051,22560,8345,14215,8948,7112,1836
23,423,shivpuri,Total,70-74,24859,12748,12111,18916,7831,11085,5943,4917,1026
23,423,shivpuri,Total,75-79,10228,4988,5240,7640,2897,4743,2588,2091,497
23,423,shivpuri,Total,80+,12414,5944,6470,9415,3654,5761,2999,2290,709
23,423,shivpuri,Total,Age not stated,2325,1271,1054,1303,611,692,1022,660,362
23,423,shivpuri,Rural,All ages,1430627,763554,667073,726987,304849,422138,703640,458705,244935
23,423,shivpuri,Rural,0-6,245774,129712,116062,245774,129712,116062,0,0,0
23,423,shivpuri,Rural,7,35910,18592,17318,12960,6578,6382,22950,12014,10936
23,423,shivpuri,Rural,8,41752,21675,20077,6902,3374,3528,34850,18301,16549
23,423,shivpuri,Rural,9,34121,17633,16488,4028,1883,2145,30093,15750,14343
23,423,shivpuri,Rural,10,46429,24213,22216,5028,2376,2652,41401,21837,19564
23,423,shivpuri,Rural,11,34770,18284,16486,2643,1250,1393,32127,17034,15093
23,423,shivpuri,Rural,12,40837,21913,18924,2890,1300,1590,37947,20613,17334
23,423,shivpuri,Rural,13,31903,16992,14911,2371,999,1372,29532,15993,13539
23,423,shivpuri,Rural,14,31550,17111,14439,2610,1066,1544,28940,16045,12895
23,423,shivpuri,Rural,15,33074,18822,14252,3809,1776,2033,29265,17046,12219
23,423,shivpuri,Rural,16,30557,17374,13183,3728,1584,2144,26829,15790,11039
23,423,shivpuri,Rural,17,23363,13593,9770,3244,1223,2021,20119,12370,7749
23,423,shivpuri,Rural,18,34308,19823,14485,7182,2337,4845,27126,17486,9640
23,423,shivpuri,Rural,19,22228,12015,10213,5171,1310,3861,17057,10705,6352
23,423,shivpuri,Rural,20-24,127556,69990,57566,43854,11828,32026,83702,58162,25540
23,423,shivpuri,Rural,25-29,110705,59145,51560,51913,15808,36105,58792,43337,15455
23,423,shivpuri,Rural,30-34,98100,51218,46882,52649,16987,35662,45451,34231,11220
23,423,shivpuri,Rural,35-39,88877,47602,41275,51201,18079,33122,37676,29523,8153
23,423,shivpuri,Rural,40-44,71248,39447,31801,42967,16644,26323,28281,22803,5478
23,423,shivpuri,Rural,45-49,56857,29876,26981,36612,13354,23258,20245,16522,3723
23,423,shivpuri,Rural,50-54,46507,25695,20812,31196,12930,18266,15311,12765,2546
23,423,shivpuri,Rural,55-59,37037,18429,18608,26125,9259,16866,10912,9170,1742
23,423,shivpuri,Rural,60-64,38613,20192,18421,28603,11616,16987,10010,8576,1434
23,423,shivpuri,Rural,65-69,26586,13040,13546,20344,7749,12595,6242,5291,951
23,423,shivpuri,Rural,70-74,21141,10907,10234,16980,7260,9720,4161,3647,514
23,423,shivpuri,Rural,75-79,8455,4131,4324,6788,2681,4107,1667,1450,217
23,423,shivpuri,Rural,80+,10245,4970,5275,8197,3316,4881,2048,1654,394
23,423,shivpuri,Rural,Age not stated,2124,1160,964,1218,570,648,906,590,316
23,423,shivpuri,Urban,All ages,295423,156241,139182,98217,41704,56513,197206,114537,82669
23,423,shivpuri,Urban,0-6,39996,21238,18758,39996,21238,18758,0,0,0
23,423,shivpuri,Urban,7,6204,3305,2899,1773,903,870,4431,2402,2029
23,423,shivpuri,Urban,8,6941,3750,3191,1050,574,476,5891,3176,2715
23,423,shivpuri,Urban,9,5541,3025,2516,563,304,259,4978,2721,2257
23,423,shivpuri,Urban,10,7718,4127,3591,790,404,386,6928,3723,3205
23,423,shivpuri,Urban,11,6126,3301,2825,467,231,236,5659,3070,2589
23,423,shivpuri,Urban,12,7172,3845,3327,535,251,284,6637,3594,3043
23,423,shivpuri,Urban,13,6068,3216,2852,390,198,192,5678,3018,2660
23,423,shivpuri,Urban,14,6327,3340,2987,448,222,226,5879,3118,2761
23,423,shivpuri,Urban,15,6788,3731,3057,680,348,332,6108,3383,2725
23,423,shivpuri,Urban,16,6728,3597,3131,643,315,328,6085,3282,2803
23,423,shivpuri,Urban,17,5898,3149,2749,533,275,258,5365,2874,2491
23,423,shivpuri,Urban,18,7908,4323,3585,1023,480,543,6885,3843,3042
23,423,shivpuri,Urban,19,5335,2821,2514,646,260,386,4689,2561,2128
23,423,shivpuri,Urban,20-24,30852,16484,14368,5080,1869,3211,25772,14615,11157
23,423,shivpuri,Urban,25-29,25645,13461,12184,5684,1927,3757,19961,11534,8427
23,423,shivpuri,Urban,30-34,22116,11437,10679,5801,1876,3925,16315,9561,6754
23,423,shivpuri,Urban,35-39,20284,10585,9699,5911,1947,3964,14373,8638,5735
23,423,shivpuri,Urban,40-44,17518,9388,8130,5398,1844,3554,12120,7544,4576
23,423,shivpuri,Urban,45-49,14652,7732,6920,4732,1557,3175,9920,6175,3745
23,423,shivpuri,Urban,50-54,11258,6139,5119,3682,1191,2491,7576,4948,2628
23,423,shivpuri,Urban,55-59,8356,4365,3991,3033,820,2213,5323,3545,1778
23,423,shivpuri,Urban,60-64,7209,3682,3527,3052,908,2144,4157,2774,1383
23,423,shivpuri,Urban,65-69,4922,2417,2505,2216,596,1620,2706,1821,885
23,423,shivpuri,Urban,70-74,3718,1841,1877,1936,571,1365,1782,1270,512
23,423,shivpuri,Urban,75-79,1773,857,916,852,216,636,921,641,280
23,423,shivpuri,Urban,80+,2169,974,1195,1218,338,880,951,636,315
23,423,shivpuri,Urban,Age not stated,201,111,90,85,41,44,116,70,46
23,424,tikamgarh,Total,All ages,1445166,760355,684811,697226,301002,396224,747940,459353,288587
23,424,tikamgarh,Total,0-6,227564,120303,107261,227564,120303,107261,0,0,0
23,424,tikamgarh,Total,7,31488,16438,15050,10543,5483,5060,20945,10955,9990
23,424,tikamgarh,Total,8,40790,21311,19479,6508,3326,3182,34282,17985,16297
23,424,tikamgarh,Total,9,32446,16734,15712,3659,1780,1879,28787,14954,13833
23,424,tikamgarh,Total,10,44704,23488,21216,4919,2540,2379,39785,20948,18837
23,424,tikamgarh,Total,11,34120,17601,16519,2621,1324,1297,31499,16277,15222
23,424,tikamgarh,Total,12,38448,19917,18531,2864,1380,1484,35584,18537,17047
23,424,tikamgarh,Total,13,31581,16379,15202,2190,1003,1187,29391,15376,14015
23,424,tikamgarh,Total,14,32135,17081,15054,2463,1161,1302,29672,15920,13752
23,424,tikamgarh,Total,15,31711,17566,14145,3515,1758,1757,28196,15808,12388
23,424,tikamgarh,Total,16,30179,16679,13500,3629,1702,1927,26550,14977,11573
23,424,tikamgarh,Total,17,23549,13095,10454,3184,1331,1853,20365,11764,8601
23,424,tikamgarh,Total,18,33792,18334,15458,6755,2416,4339,27037,15918,11119
23,424,tikamgarh,Total,19,23174,12450,10724,4639,1377,3262,18535,11073,7462
23,424,tikamgarh,Total,20-24,128450,68050,60400,37680,10889,26791,90770,57161,33609
23,424,tikamgarh,Total,25-29,114192,59309,54883,46290,14475,31815,67902,44834,23068
23,424,tikamgarh,Total,30-34,104949,53754,51195,49097,16275,32822,55852,37479,18373
23,424,tikamgarh,Total,35-39,95485,50391,45094,48873,17515,31358,46612,32876,13736
23,424,tikamgarh,Total,40-44,78651,41855,36796,44104,16961,27143,34547,24894,9653
23,424,tikamgarh,Total,45-49,64739,34266,30473,39149,15390,23759,25590,18876,6714
23,424,tikamgarh,Total,50-54,49612,27164,22448,31988,13858,18130,17624,13306,4318
23,424,tikamgarh,Total,55-59,39580,20038,19542,27308,10631,16677,12272,9407,2865
23,424,tikamgarh,Total,60-64,39553,20725,18828,29254,12808,16446,10299,7917,2382
23,424,tikamgarh,Total,65-69,28664,14171,14493,22017,9053,12964,6647,5118,1529
23,424,tikamgarh,Total,70-74,22319,11721,10598,18032,8327,9705,4287,3394,893
23,424,tikamgarh,Total,75-79,9977,4854,5123,8158,3428,4730,1819,1426,393
23,424,tikamgarh,Total,80+,12170,6080,6090,9689,4263,5426,2481,1817,664
23,424,tikamgarh,Total,Age not stated,1144,601,543,534,245,289,610,356,254
23,424,tikamgarh,Rural,All ages,1195293,629477,565816,608300,262726,345574,586993,366751,220242
23,424,tikamgarh,Rural,0-6,193219,102120,91099,193219,102120,91099,0,0,0
23,424,tikamgarh,Rural,7,26561,13800,12761,8964,4643,4321,17597,9157,8440
23,424,tikamgarh,Rural,8,34693,18091,16602,5642,2896,2746,29051,15195,13856
23,424,tikamgarh,Rural,9,27404,14119,13285,3124,1501,1623,24280,12618,11662
23,424,tikamgarh,Rural,10,37786,19837,17949,4144,2124,2020,33642,17713,15929
23,424,tikamgarh,Rural,11,28733,14760,13973,2208,1114,1094,26525,13646,12879
23,424,tikamgarh,Rural,12,32303,16678,15625,2432,1162,1270,29871,15516,14355
23,424,tikamgarh,Rural,13,26215,13626,12589,1844,839,1005,24371,12787,11584
23,424,tikamgarh,Rural,14,26625,14196,12429,2069,964,1105,24556,13232,11324
23,424,tikamgarh,Rural,15,26163,14537,11626,3014,1500,1514,23149,13037,10112
23,424,tikamgarh,Rural,16,24707,13703,11004,3139,1457,1682,21568,12246,9322
23,424,tikamgarh,Rural,17,18935,10581,8354,2754,1131,1623,16181,9450,6731
23,424,tikamgarh,Rural,18,27613,15002,12611,5884,2046,3838,21729,12956,8773
23,424,tikamgarh,Rural,19,18586,10060,8526,4095,1168,2927,14491,8892,5599
23,424,tikamgarh,Rural,20-24,103758,55056,48702,33385,9352,24033,70373,45704,24669
23,424,tikamgarh,Rural,25-29,93144,48340,44804,41241,12778,28463,51903,35562,16341
23,424,tikamgarh,Rural,30-34,86024,44066,41958,43789,14509,29280,42235,29557,12678
23,424,tikamgarh,Rural,35-39,78445,41468,36977,43588,15656,27932,34857,25812,9045
23,424,tikamgarh,Rural,40-44,64114,34221,29893,39310,15299,24011,24804,18922,5882
23,424,tikamgarh,Rural,45-49,52493,27703,24790,34819,13832,20987,17674,13871,3803
23,424,tikamgarh,Rural,50-54,40290,22121,18169,28321,12514,15807,11969,9607,2362
23,424,tikamgarh,Rural,55-59,32589,16409,16180,24287,9596,14691,8302,6813,1489
23,424,tikamgarh,Rural,60-64,32997,17454,15543,25894,11656,14238,7103,5798,1305
23,424,tikamgarh,Rural,65-69,23739,11786,11953,19277,8139,11138,4462,3647,815
23,424,tikamgarh,Rural,70-74,18727,9943,8784,15884,7557,8327,2843,2386,457
23,424,tikamgarh,Rural,75-79,8310,4085,4225,7141,3106,4035,1169,979,190
23,424,tikamgarh,Rural,80+,10123,5189,4934,8364,3855,4509,1759,1334,425
23,424,tikamgarh,Rural,Age not stated,997,526,471,468,212,256,529,314,215
23,424,tikamgarh,Urban,All ages,249873,130878,118995,88926,38276,50650,160947,92602,68345
23,424,tikamgarh,Urban,0-6,34345,18183,16162,34345,18183,16162,0,0,0
23,424,tikamgarh,Urban,7,4927,2638,2289,1579,840,739,3348,1798,1550
23,424,tikamgarh,Urban,8,6097,3220,2877,866,430,436,5231,2790,2441
23,424,tikamgarh,Urban,9,5042,2615,2427,535,279,256,4507,2336,2171
23,424,tikamgarh,Urban,10,6918,3651,3267,775,416,359,6143,3235,2908
23,424,tikamgarh,Urban,11,5387,2841,2546,413,210,203,4974,2631,2343
23,424,tikamgarh,Urban,12,6145,3239,2906,432,218,214,5713,3021,2692
23,424,tikamgarh,Urban,13,5366,2753,2613,346,164,182,5020,2589,2431
23,424,tikamgarh,Urban,14,5510,2885,2625,394,197,197,5116,2688,2428
23,424,tikamgarh,Urban,15,5548,3029,2519,501,258,243,5047,2771,2276
23,424,tikamgarh,Urban,16,5472,2976,2496,490,245,245,4982,2731,2251
23,424,tikamgarh,Urban,17,4614,2514,2100,430,200,230,4184,2314,1870
23,424,tikamgarh,Urban,18,6179,3332,2847,871,370,501,5308,2962,2346
23,424,tikamgarh,Urban,19,4588,2390,2198,544,209,335,4044,2181,1863
23,424,tikamgarh,Urban,20-24,24692,12994,11698,4295,1537,2758,20397,11457,8940
23,424,tikamgarh,Urban,25-29,21048,10969,10079,5049,1697,3352,15999,9272,6727
23,424,tikamgarh,Urban,30-34,18925,9688,9237,5308,1766,3542,13617,7922,5695
23,424,tikamgarh,Urban,35-39,17040,8923,8117,5285,1859,3426,11755,7064,4691
23,424,tikamgarh,Urban,40-44,14537,7634,6903,4794,1662,3132,9743,5972,3771
23,424,tikamgarh,Urban,45-49,12246,6563,5683,4330,1558,2772,7916,5005,2911
23,424,tikamgarh,Urban,50-54,9322,5043,4279,3667,1344,2323,5655,3699,1956
23,424,tikamgarh,Urban,55-59,6991,3629,3362,3021,1035,1986,3970,2594,1376
23,424,tikamgarh,Urban,60-64,6556,3271,3285,3360,1152,2208,3196,2119,1077
23,424,tikamgarh,Urban,65-69,4925,2385,2540,2740,914,1826,2185,1471,714
23,424,tikamgarh,Urban,70-74,3592,1778,1814,2148,770,1378,1444,1008,436
23,424,tikamgarh,Urban,75-79,1667,769,898,1017,322,695,650,447,203
23,424,tikamgarh,Urban,80+,2047,891,1156,1325,408,917,722,483,239
23,424,tikamgarh,Urban,Age not stated,147,75,72,66,33,33,81,42,39
23,425,chhatarpur,Total,All ages,1762375,936121,826254,819342,364111,455231,943033,572010,371023
23,425,chhatarpur,Total,0-6,282794,148861,133933,282794,148861,133933,0,0,0
23,425,chhatarpur,Total,7,40193,20936,19257,15568,8029,7539,24625,12907,11718
23,425,chhatarpur,Total,8,48531,25290,23241,8985,4536,4449,39546,20754,18792
23,425,chhatarpur,Total,9,41714,21688,20026,5178,2569,2609,36536,19119,17417
23,425,chhatarpur,Total,10,56018,29294,26724,6665,3324,3341,49353,25970,23383
23,425,chhatarpur,Total,11,42944,22431,20513,3361,1634,1727,39583,20797,18786
23,425,chhatarpur,Total,12,48319,25640,22679,3822,1845,1977,44497,23795,20702
23,425,chhatarpur,Total,13,40911,21595,19316,3050,1421,1629,37861,20174,17687
23,425,chhatarpur,Total,14,40614,21562,19052,3522,1678,1844,37092,19884,17208
23,425,chhatarpur,Total,15,42304,22840,19464,4467,2192,2275,37837,20648,17189
23,425,chhatarpur,Total,16,38992,21369,17623,4728,2309,2419,34264,19060,15204
23,425,chhatarpur,Total,17,30974,17235,13739,3693,1712,1981,27281,15523,11758
23,425,chhatarpur,Total,18,43240,24598,18642,7486,3158,4328,35754,21440,14314
23,425,chhatarpur,Total,19,29600,16272,13328,4898,1736,3162,24702,14536,10166
23,425,chhatarpur,Total,20-24,155626,85723,69903,38894,12526,26368,116732,73197,43535
23,425,chhatarpur,Total,25-29,129862,69174,60688,46956,15616,31340,82906,53558,29348
23,425,chhatarpur,Total,30-34,117037,60145,56892,51351,17384,33967,65686,42761,22925
23,425,chhatarpur,Total,35-39,108308,57138,51170,52793,19417,33376,55515,37721,17794
23,425,chhatarpur,Total,40-44,92356,49038,43318,49648,19578,30070,42708,29460,13248
23,425,chhatarpur,Total,45-49,76359,40833,35526,44283,18128,26155,32076,22705,9371
23,425,chhatarpur,Total,50-54,59611,32460,27151,36585,15833,20752,23026,16627,6399
23,425,chhatarpur,Total,55-59,47879,24540,23339,31228,12335,18893,16651,12205,4446
23,425,chhatarpur,Total,60-64,48375,25528,22847,34009,14739,19270,14366,10789,3577
23,425,chhatarpur,Total,65-69,36734,18367,18367,27035,11063,15972,9699,7304,2395
23,425,chhatarpur,Total,70-74,29329,15972,13357,22767,10829,11938,6562,5143,1419
23,425,chhatarpur,Total,75-79,13745,7023,6722,10829,4694,6135,2916,2329,587
23,425,chhatarpur,Total,80+,16744,8846,7898,13027,6140,6887,3717,2706,1011
23,425,chhatarpur,Total,Age not stated,3262,1723,1539,1720,825,895,1542,898,644
23,425,chhatarpur,Rural,All ages,1363359,725273,638086,691801,308336,383465,671558,416937,254621
23,425,chhatarpur,Rural,0-6,228834,120252,108582,228834,120252,108582,0,0,0
23,425,chhatarpur,Rural,7,32098,16672,15426,12845,6628,6217,19253,10044,9209
23,425,chhatarpur,Rural,8,39784,20761,19023,7717,3920,3797,32067,16841,15226
23,425,chhatarpur,Rural,9,33571,17436,16135,4387,2194,2193,29184,15242,13942
23,425,chhatarpur,Rural,10,45361,23691,21670,5557,2765,2792,39804,20926,18878
23,425,chhatarpur,Rural,11,34233,17838,16395,2786,1350,1436,31447,16488,14959
23,425,chhatarpur,Rural,12,38599,20428,18171,3212,1547,1665,35387,18881,16506
23,425,chhatarpur,Rural,13,32136,16928,15208,2524,1146,1378,29612,15782,13830
23,425,chhatarpur,Rural,14,31594,16808,14786,2941,1378,1563,28653,15430,13223
23,425,chhatarpur,Rural,15,32945,17772,15173,3792,1853,1939,29153,15919,13234
23,425,chhatarpur,Rural,16,30065,16561,13504,3971,1909,2062,26094,14652,11442
23,425,chhatarpur,Rural,17,23027,12960,10067,3128,1423,1705,19899,11537,8362
23,425,chhatarpur,Rural,18,33191,18985,14206,6443,2620,3823,26748,16365,10383
23,425,chhatarpur,Rural,19,21927,12155,9772,4234,1446,2788,17693,10709,6984
23,425,chhatarpur,Rural,20-24,115923,64535,51388,33861,10642,23219,82062,53893,28169
23,425,chhatarpur,Rural,25-29,96708,51706,45002,41081,13611,27470,55627,38095,17532
23,425,chhatarpur,Rural,30-34,87865,45094,42771,44838,15298,29540,43027,29796,13231
23,425,chhatarpur,Rural,35-39,81239,43055,38184,45645,17047,28598,35594,26008,9586
23,425,chhatarpur,Rural,40-44,68682,36528,32154,42700,17087,25613,25982,19441,6541
23,425,chhatarpur,Rural,45-49,56596,30160,26436,38179,15951,22228,18417,14209,4208
23,425,chhatarpur,Rural,50-54,44836,24368,20468,31784,14129,17655,13052,10239,2813
23,425,chhatarpur,Rural,55-59,36947,18744,18203,27265,11072,16193,9682,7672,2010
23,425,chhatarpur,Rural,60-64,38288,20332,17956,29666,13321,16345,8622,7011,1611
23,425,chhatarpur,Rural,65-69,29245,14667,14578,23423,9918,13505,5822,4749,1073
23,425,chhatarpur,Rural,70-74,23503,13009,10494,19624,9711,9913,3879,3298,581
23,425,chhatarpur,Rural,75-79,11035,5679,5356,9339,4228,5111,1696,1451,245
23,425,chhatarpur,Rural,80+,13153,7114,6039,10912,5375,5537,2241,1739,502
23,425,chhatarpur,Rural,Age not stated,1974,1035,939,1113,515,598,861,520,341
23,425,chhatarpur,Urban,All ages,399016,210848,188168,127541,55775,71766,271475,155073,116402
23,425,chhatarpur,Urban,0-6,53960,28609,25351,53960,28609,25351,0,0,0
23,425,chhatarpur,Urban,7,8095,4264,3831,2723,1401,1322,5372,2863,2509
23,425,chhatarpur,Urban,8,8747,4529,4218,1268,616,652,7479,3913,3566
23,425,chhatarpur,Urban,9,8143,4252,3891,791,375,416,7352,3877,3475
23,425,chhatarpur,Urban,10,10657,5603,5054,1108,559,549,9549,5044,4505
23,425,chhatarpur,Urban,11,8711,4593,4118,575,284,291,8136,4309,3827
23,425,chhatarpur,Urban,12,9720,5212,4508,610,298,312,9110,4914,4196
23,425,chhatarpur,Urban,13,8775,4667,4108,526,275,251,8249,4392,3857
23,425,chhatarpur,Urban,14,9020,4754,4266,581,300,281,8439,4454,3985
23,425,chhatarpur,Urban,15,9359,5068,4291,675,339,336,8684,4729,3955
23,425,chhatarpur,Urban,16,8927,4808,4119,757,400,357,8170,4408,3762
23,425,chhatarpur,Urban,17,7947,4275,3672,565,289,276,7382,3986,3396
23,425,chhatarpur,Urban,18,10049,5613,4436,1043,538,505,9006,5075,3931
23,425,chhatarpur,Urban,19,7673,4117,3556,664,290,374,7009,3827,3182
23,425,chhatarpur,Urban,20-24,39703,21188,18515,5033,1884,3149,34670,19304,15366
23,425,chhatarpur,Urban,25-29,33154,17468,15686,5875,2005,3870,27279,15463,11816
23,425,chhatarpur,Urban,30-34,29172,15051,14121,6513,2086,4427,22659,12965,9694
23,425,chhatarpur,Urban,35-39,27069,14083,12986,7148,2370,4778,19921,11713,8208
23,425,chhatarpur,Urban,40-44,23674,12510,11164,6948,2491,4457,16726,10019,6707
23,425,chhatarpur,Urban,45-49,19763,10673,9090,6104,2177,3927,13659,8496,5163
23,425,chhatarpur,Urban,50-54,14775,8092,6683,4801,1704,3097,9974,6388,3586
23,425,chhatarpur,Urban,55-59,10932,5796,5136,3963,1263,2700,6969,4533,2436
23,425,chhatarpur,Urban,60-64,10087,5196,4891,4343,1418,2925,5744,3778,1966
23,425,chhatarpur,Urban,65-69,7489,3700,3789,3612,1145,2467,3877,2555,1322
23,425,chhatarpur,Urban,70-74,5826,2963,2863,3143,1118,2025,2683,1845,838
23,425,chhatarpur,Urban,75-79,2710,1344,1366,1490,466,1024,1220,878,342
23,425,chhatarpur,Urban,80+,3591,1732,1859,2115,765,1350,1476,967,509
23,425,chhatarpur,Urban,Age not stated,1288,688,600,607,310,297,681,378,303
23,426,panna,Total,All ages,1016520,533480,483040,463961,201340,262621,552559,332140,220419
23,426,panna,Total,0-6,163620,85494,78126,163620,85494,78126,0,0,0
23,426,panna,Total,7,24398,12636,11762,7392,3819,3573,17006,8817,8189
23,426,panna,Total,8,26390,13868,12522,3716,1975,1741,22674,11893,10781
23,426,panna,Total,9,24740,12802,11938,2691,1384,1307,22049,11418,10631
23,426,panna,Total,10,31265,16271,14994,3404,1744,1660,27861,14527,13334
23,426,panna,Total,11,25176,12832,12344,1754,878,876,23422,11954,11468
23,426,panna,Total,12,27243,14087,13156,1471,751,720,25772,13336,12436
23,426,panna,Total,13,23585,12258,11327,1257,602,655,22328,11656,10672
23,426,panna,Total,14,23958,12317,11641,1385,727,658,22573,11590,10983
23,426,panna,Total,15,24450,13166,11284,1999,1079,920,22451,12087,10364
23,426,panna,Total,16,22899,12444,10455,2090,1120,970,20809,11324,9485
23,426,panna,Total,17,17748,9665,8083,1647,758,889,16101,8907,7194
23,426,panna,Total,18,24113,13663,10450,3371,1565,1806,20742,12098,8644
23,426,panna,Total,19,16643,9195,7448,2349,879,1470,14294,8316,5978
23,426,panna,Total,20-24,84523,46611,37912,19387,6520,12867,65136,40091,25045
23,426,panna,Total,25-29,74596,39095,35501,26137,8583,17554,48459,30512,17947
23,426,panna,Total,30-34,69012,35178,33834,30079,9858,20221,38933,25320,13613
23,426,panna,Total,35-39,65340,34064,31276,32265,11432,20833,33075,22632,10443
23,426,panna,Total,40-44,55535,29222,26313,29845,11029,18816,25690,18193,7497
23,426,panna,Total,45-49,45148,23789,21359,26380,10137,16243,18768,13652,5116
23,426,panna,Total,50-54,34576,18826,15750,21160,8821,12339,13416,10005,3411
23,426,panna,Total,55-59,26747,13516,13231,17304,6402,10902,9443,7114,2329
23,426,panna,Total,60-64,28005,13801,14204,19859,7609,12250,8146,6192,1954
23,426,panna,Total,65-69,23018,11322,11696,17104,6697,10407,5914,4625,1289
23,426,panna,Total,70-74,17132,8839,8293,13602,5971,7631,3530,2868,662
23,426,panna,Total,75-79,7223,3704,3519,5693,2440,3253,1530,1264,266
23,426,panna,Total,80+,8126,4171,3955,6390,2797,3593,1736,1374,362
23,426,panna,Total,Age not stated,1311,644,667,610,269,341,701,375,326
23,426,panna,Rural,All ages,891185,467473,423712,425719,184900,240819,465466,282573,182893
23,426,panna,Rural,0-6,147739,77201,70538,147739,77201,70538,0,0,0
23,426,panna,Rural,7,21818,11293,10525,6776,3484,3292,15042,7809,7233
23,426,panna,Rural,8,23715,12473,11242,3366,1790,1576,20349,10683,9666
23,426,panna,Rural,9,22080,11420,10660,2445,1257,1188,19635,10163,9472
23,426,panna,Rural,10,27932,14478,13454,3025,1537,1488,24907,12941,11966
23,426,panna,Rural,11,22357,11359,10998,1557,765,792,20800,10594,10206
23,426,panna,Rural,12,24241,12470,11771,1300,648,652,22941,11822,11119
23,426,panna,Rural,13,20870,10790,10080,1115,535,580,19755,10255,9500
23,426,panna,Rural,14,21163,10864,10299,1225,630,595,19938,10234,9704
23,426,panna,Rural,15,21460,11519,9941,1816,971,845,19644,10548,9096
23,426,panna,Rural,16,20035,10873,9162,1891,997,894,18144,9876,8268
23,426,panna,Rural,17,15334,8375,6959,1527,696,831,13807,7679,6128
23,426,panna,Rural,18,20916,11933,8983,3084,1423,1661,17832,10510,7322
23,426,panna,Rural,19,14293,7930,6363,2169,787,1382,12124,7143,4981
23,426,panna,Rural,20-24,72351,40062,32289,18011,5961,12050,54340,34101,20239
23,426,panna,Rural,25-29,64498,33744,30754,24486,7984,16502,40012,25760,14252
23,426,panna,Rural,30-34,59799,30430,29369,28102,9210,18892,31697,21220,10477
23,426,panna,Rural,35-39,56705,29604,27101,30022,10685,19337,26683,18919,7764
23,426,panna,Rural,40-44,47768,25073,22695,27659,10280,17379,20109,14793,5316
23,426,panna,Rural,45-49,38594,20339,18255,24392,9475,14917,14202,10864,3338
23,426,panna,Rural,50-54,29624,16074,13550,19637,8299,11338,9987,7775,2212
23,426,panna,Rural,55-59,23058,11582,11476,16039,6034,10005,7019,5548,1471
23,426,panna,Rural,60-64,24629,12128,12501,18432,7175,11257,6197,4953,1244
23,426,panna,Rural,65-69,20390,10049,10341,15838,6326,9512,4552,3723,829
23,426,panna,Rural,70-74,15221,7892,7329,12559,5626,6933,2662,2266,396
23,426,panna,Rural,75-79,6308,3244,3064,5185,2279,2906,1123,965,158
23,426,panna,Rural,80+,7082,3689,3393,5760,2598,3162,1322,1091,231
23,426,panna,Rural,Age not stated,1205,585,620,562,247,315,643,338,305
23,426,panna,Urban,All ages,125335,66007,59328,38242,16440,21802,87093,49567,37526
23,426,panna,Urban,0-6,15881,8293,7588,15881,8293,7588,0,0,0
23,426,panna,Urban,7,2580,1343,1237,616,335,281,1964,1008,956
23,426,panna,Urban,8,2675,1395,1280,350,185,165,2325,1210,1115
23,426,panna,Urban,9,2660,1382,1278,246,127,119,2414,1255,1159
23,426,panna,Urban,10,3333,1793,1540,379,207,172,2954,1586,1368
23,426,panna,Urban,11,2819,1473,1346,197,113,84,2622,1360,1262
23,426,panna,Urban,12,3002,1617,1385,171,103,68,2831,1514,1317
23,426,panna,Urban,13,2715,1468,1247,142,67,75,2573,1401,1172
23,426,panna,Urban,14,2795,1453,1342,160,97,63,2635,1356,1279
23,426,panna,Urban,15,2990,1647,1343,183,108,75,2807,1539,1268
23,426,panna,Urban,16,2864,1571,1293,199,123,76,2665,1448,1217
23,426,panna,Urban,17,2414,1290,1124,120,62,58,2294,1228,1066
23,426,panna,Urban,18,3197,1730,1467,287,142,145,2910,1588,1322
23,426,panna,Urban,19,2350,1265,1085,180,92,88,2170,1173,997
23,426,panna,Urban,20-24,12172,6549,5623,1376,559,817,10796,5990,4806
23,426,panna,Urban,25-29,10098,5351,4747,1651,599,1052,8447,4752,3695
23,426,panna,Urban,30-34,9213,4748,4465,1977,648,1329,7236,4100,3136
23,426,panna,Urban,35-39,8635,4460,4175,2243,747,1496,6392,3713,2679
23,426,panna,Urban,40-44,7767,4149,3618,2186,749,1437,5581,3400,2181
23,426,panna,Urban,45-49,6554,3450,3104,1988,662,1326,4566,2788,1778
23,426,panna,Urban,50-54,4952,2752,2200,1523,522,1001,3429,2230,1199
23,426,panna,Urban,55-59,3689,1934,1755,1265,368,897,2424,1566,858
23,426,panna,Urban,60-64,3376,1673,1703,1427,434,993,1949,1239,710
23,426,panna,Urban,65-69,2628,1273,1355,1266,371,895,1362,902,460
23,426,panna,Urban,70-74,1911,947,964,1043,345,698,868,602,266
23,426,panna,Urban,75-79,915,460,455,508,161,347,407,299,108
23,426,panna,Urban,80+,1044,482,562,630,199,431,414,283,131
23,426,panna,Urban,Age not stated,106,59,47,48,22,26,58,37,21
23,427,sagar,Total,All ages,2378458,1256257,1122201,832739,347650,485089,1545719,908607,637112
23,427,sagar,Total,0-6,356903,185400,171503,356903,185400,171503,0,0,0
23,427,sagar,Total,7,51699,26705,24994,14877,7669,7208,36822,19036,17786
23,427,sagar,Total,8,56440,29211,27229,5541,2868,2673,50899,26343,24556
23,427,sagar,Total,9,52090,27002,25088,3388,1739,1649,48702,25263,23439
23,427,sagar,Total,10,63669,33281,30388,4499,2265,2234,59170,31016,28154
23,427,sagar,Total,11,55054,28248,26806,2527,1270,1257,52527,26978,25549
23,427,sagar,Total,12,57865,30184,27681,1914,934,980,55951,29250,26701
23,427,sagar,Total,13,53728,27595,26133,1609,833,776,52119,26762,25357
23,427,sagar,Total,14,53398,27904,25494,1890,958,932,51508,26946,24562
23,427,sagar,Total,15,53084,28682,24402,2528,1388,1140,50556,27294,23262
23,427,sagar,Total,16,50933,27915,23018,2540,1385,1155,48393,26530,21863
23,427,sagar,Total,17,43485,24300,19185,2214,1126,1088,41271,23174,18097
23,427,sagar,Total,18,55320,32087,23233,4248,2138,2110,51072,29949,21123
23,427,sagar,Total,19,42245,23792,18453,3263,1271,1992,38982,22521,16461
23,427,sagar,Total,20-24,226889,125748,101141,28920,10143,18777,197969,115605,82364
23,427,sagar,Total,25-29,197886,106272,91614,38642,12517,26125,159244,93755,65489
23,427,sagar,Total,30-34,172821,90992,81829,43928,13378,30550,128893,77614,51279
23,427,sagar,Total,35-39,154100,81528,72572,47328,14716,32612,106772,66812,39960
23,427,sagar,Total,40-44,132336,70394,61942,46843,15087,31756,85493,55307,30186
23,427,sagar,Total,45-49,109909,58800,51109,42069,13385,28684,67840,45415,22425
23,427,sagar,Total,50-54,85379,46592,38787,34792,11694,23098,50587,34898,15689
23,427,sagar,Total,55-59,64721,32776,31945,29353,8298,21055,35368,24478,10890
23,427,sagar,Total,60-64,65305,32396,32909,35073,11017,24056,30232,21379,8853
23,427,sagar,Total,65-69,47689,23044,24645,28185,9009,19176,19504,14035,5469
23,427,sagar,Total,70-74,35397,16838,18559,23412,8148,15264,11985,8690,3295
23,427,sagar,Total,75-79,16699,7806,8893,10909,3614,7295,5790,4192,1598
23,427,sagar,Total,80+,20242,9078,11164,13817,4669,9148,6425,4409,2016
23,427,sagar,Total,Age not stated,3172,1687,1485,1527,731,796,1645,956,689
23,427,sagar,Rural,All ages,1669662,884133,785529,657680,273778,383902,1011982,610355,401627
23,427,sagar,Rural,0-6,265661,138138,127523,265661,138138,127523,0,0,0
23,427,sagar,Rural,7,37944,19538,18406,11239,5776,5463,26705,13762,12943
23,427,sagar,Rural,8,42704,22003,20701,4365,2236,2129,38339,19767,18572
23,427,sagar,Rural,9,38779,20010,18769,2501,1291,1210,36278,18719,17559
23,427,sagar,Rural,10,47507,24708,22799,3242,1630,1612,44265,23078,21187
23,427,sagar,Rural,11,40358,20626,19732,1741,871,870,38617,19755,18862
23,427,sagar,Rural,12,42774,22340,20434,1425,691,734,41349,21649,19700
23,427,sagar,Rural,13,39461,20289,19172,1182,627,555,38279,19662,18617
23,427,sagar,Rural,14,38750,20313,18437,1400,721,679,37350,19592,17758
23,427,sagar,Rural,15,37960,20698,17262,1914,1068,846,36046,19630,16416
23,427,sagar,Rural,16,36317,20216,16101,1923,1065,858,34394,19151,15243
23,427,sagar,Rural,17,29870,17052,12818,1716,859,857,28154,16193,11961
23,427,sagar,Rural,18,39035,23099,15936,3430,1704,1726,35605,21395,14210
23,427,sagar,Rural,19,28256,16141,12115,2616,970,1646,25640,15171,10469
23,427,sagar,Rural,20-24,153445,86206,67239,24226,8181,16045,129219,78025,51194
23,427,sagar,Rural,25-29,133586,72158,61428,32952,10514,22438,100634,61644,38990
23,427,sagar,Rural,30-34,117259,61385,55874,37555,11430,26125,79704,49955,29749
23,427,sagar,Rural,35-39,105048,55810,49238,40052,12569,27483,64996,43241,21755
23,427,sagar,Rural,40-44,89479,47734,41745,39417,12933,26484,50062,34801,15261
23,427,sagar,Rural,45-49,72860,38966,33894,35016,11505,23511,37844,27461,10383
23,427,sagar,Rural,50-54,56710,30811,25899,28928,10041,18887,27782,20770,7012
23,427,sagar,Rural,55-59,43594,21832,21762,24267,7161,17106,19327,14671,4656
23,427,sagar,Rural,60-64,45472,22442,23030,28684,9474,19210,16788,12968,3820
23,427,sagar,Rural,65-69,33816,16379,17437,22959,7769,15190,10857,8610,2247
23,427,sagar,Rural,70-74,25330,12184,13146,18849,6998,11851,6481,5186,1295
23,427,sagar,Rural,75-79,11602,5477,6125,8670,3100,5570,2932,2377,555
23,427,sagar,Rural,80+,14121,6539,7582,10738,3980,6758,3383,2559,824
23,427,sagar,Rural,Age not stated,1964,1039,925,1012,476,536,952,563,389
23,427,sagar,Urban,All ages,708796,372124,336672,175059,73872,101187,533737,298252,235485
23,427,sagar,Urban,0-6,91242,47262,43980,91242,47262,43980,0,0,0
23,427,sagar,Urban,7,13755,7167,6588,3638,1893,1745,10117,5274,4843
23,427,sagar,Urban,8,13736,7208,6528,1176,632,544,12560,6576,5984
23,427,sagar,Urban,9,13311,6992,6319,887,448,439,12424,6544,5880
23,427,sagar,Urban,10,16162,8573,7589,1257,635,622,14905,7938,6967
23,427,sagar,Urban,11,14696,7622,7074,786,399,387,13910,7223,6687
23,427,sagar,Urban,12,15091,7844,7247,489,243,246,14602,7601,7001
23,427,sagar,Urban,13,14267,7306,6961,427,206,221,13840,7100,6740
23,427,sagar,Urban,14,14648,7591,7057,490,237,253,14158,7354,6804
23,427,sagar,Urban,15,15124,7984,7140,614,320,294,14510,7664,6846
23,427,sagar,Urban,16,14616,7699,6917,617,320,297,13999,7379,6620
23,427,sagar,Urban,17,13615,7248,6367,498,267,231,13117,6981,6136
23,427,sagar,Urban,18,16285,8988,7297,818,434,384,15467,8554,6913
23,427,sagar,Urban,19,13989,7651,6338,647,301,346,13342,7350,5992
23,427,sagar,Urban,20-24,73444,39542,33902,4694,1962,2732,68750,37580,31170
23,427,sagar,Urban,25-29,64300,34114,30186,5690,2003,3687,58610,32111,26499
23,427,sagar,Urban,30-34,55562,29607,25955,6373,1948,4425,49189,27659,21530
23,427,sagar,Urban,35-39,49052,25718,23334,7276,2147,5129,41776,23571,18205
23,427,sagar,Urban,40-44,42857,22660,20197,7426,2154,5272,35431,20506,14925
23,427,sagar,Urban,45-49,37049,19834,17215,7053,1880,5173,29996,17954,12042
23,427,sagar,Urban,50-54,28669,15781,12888,5864,1653,4211,22805,14128,8677
23,427,sagar,Urban,55-59,21127,10944,10183,5086,1137,3949,16041,9807,6234
23,427,sagar,Urban,60-64,19833,9954,9879,6389,1543,4846,13444,8411,5033
23,427,sagar,Urban,65-69,13873,6665,7208,5226,1240,3986,8647,5425,3222
23,427,sagar,Urban,70-74,10067,4654,5413,4563,1150,3413,5504,3504,2000
23,427,sagar,Urban,75-79,5097,2329,2768,2239,514,1725,2858,1815,1043
23,427,sagar,Urban,80+,6121,2539,3582,3079,689,2390,3042,1850,1192
23,427,sagar,Urban,Age not stated,1208,648,560,515,255,260,693,393,300
23,428,damoh,Total,All ages,1264219,661873,602346,516504,216136,300368,747715,445737,301978
23,428,damoh,Total,0-6,191968,99544,92424,191968,99544,92424,0,0,0
23,428,damoh,Total,7,27490,14153,13337,7564,3989,3575,19926,10164,9762
23,428,damoh,Total,8,32268,16729,15539,3921,2063,1858,28347,14666,13681
23,428,damoh,Total,9,27439,14030,13409,1911,960,951,25528,13070,12458
23,428,damoh,Total,10,33997,17615,16382,2309,1187,1122,31688,16428,15260
23,428,damoh,Total,11,30003,15467,14536,1422,731,691,28581,14736,13845
23,428,damoh,Total,12,31244,16206,15038,1636,885,751,29608,15321,14287
23,428,damoh,Total,13,27198,13894,13304,1333,678,655,25865,13216,12649
23,428,damoh,Total,14,27249,14281,12968,1484,761,723,25765,13520,12245
23,428,damoh,Total,15,27154,14673,12481,1931,1048,883,25223,13625,11598
23,428,damoh,Total,16,25794,14292,11502,1976,1091,885,23818,13201,10617
23,428,damoh,Total,17,21614,12266,9348,1699,894,805,19915,11372,8543
23,428,damoh,Total,18,28689,16706,11983,3384,1702,1682,25305,15004,10301
23,428,damoh,Total,19,20868,11765,9103,2367,933,1434,18501,10832,7669
23,428,damoh,Total,20-24,113878,62982,50896,21343,7630,13713,92535,55352,37183
23,428,damoh,Total,25-29,102076,53870,48206,29005,9924,19081,73071,43946,29125
23,428,damoh,Total,30-34,92870,48364,44506,33123,11170,21953,59747,37194,22553
23,428,damoh,Total,35-39,84584,44097,40487,34500,11688,22812,50084,32409,17675
23,428,damoh,Total,40-44,74299,39151,35148,33442,11475,21967,40857,27676,13181
23,428,damoh,Total,45-49,60840,32111,28729,29641,10199,19442,31199,21912,9287
23,428,damoh,Total,50-54,46387,24954,21433,23891,8726,15165,22496,16228,6268
23,428,damoh,Total,55-59,35129,17550,17579,19373,6315,13058,15756,11235,4521
23,428,damoh,Total,60-64,35727,17158,18569,22113,7240,14873,13614,9918,3696
23,428,damoh,Total,65-69,26077,12169,13908,17333,5741,11592,8744,6428,2316
23,428,damoh,Total,70-74,19124,8877,10247,13793,4877,8916,5331,4000,1331
23,428,damoh,Total,75-79,8896,4005,4891,6355,2108,4247,2541,1897,644
23,428,damoh,Total,80+,10063,4276,5787,7193,2345,4848,2870,1931,939
23,428,damoh,Total,Age not stated,1294,688,606,494,232,262,800,456,344
23,428,damoh,Rural,All ages,1013668,530471,483197,449528,187738,261790,564140,342733,221407
23,428,damoh,Rural,0-6,159999,82799,77200,159999,82799,77200,0,0,0
23,428,damoh,Rural,7,22767,11707,11060,6500,3406,3094,16267,8301,7966
23,428,damoh,Rural,8,27133,13996,13137,3430,1794,1636,23703,12202,11501
23,428,damoh,Rural,9,23050,11706,11344,1661,834,827,21389,10872,10517
23,428,damoh,Rural,10,28494,14705,13789,1959,1008,951,26535,13697,12838
23,428,damoh,Rural,11,24835,12803,12032,1201,613,588,23634,12190,11444
23,428,damoh,Rural,12,25746,13334,12412,1397,750,647,24349,12584,11765
23,428,damoh,Rural,13,22161,11314,10847,1108,556,552,21053,10758,10295
23,428,damoh,Rural,14,22057,11555,10502,1278,637,641,20779,10918,9861
23,428,damoh,Rural,15,21703,11731,9972,1668,900,768,20035,10831,9204
23,428,damoh,Rural,16,20575,11572,9003,1720,944,776,18855,10628,8227
23,428,damoh,Rural,17,16931,9825,7106,1501,780,721,15430,9045,6385
23,428,damoh,Rural,18,22809,13471,9338,2993,1470,1523,19816,12001,7815
23,428,damoh,Rural,19,16127,9157,6970,2088,797,1291,14039,8360,5679
23,428,damoh,Rural,20-24,88264,49099,39165,19085,6625,12460,69179,42474,26705
23,428,damoh,Rural,25-29,79649,41967,37682,26328,8928,17400,53321,33039,20282
23,428,damoh,Rural,30-34,73539,38025,35514,30118,10140,19978,43421,27885,15536
23,428,damoh,Rural,35-39,67145,35021,32124,31279,10670,20609,35866,24351,11515
23,428,damoh,Rural,40-44,58503,30850,27653,30107,10508,19599,28396,20342,8054
23,428,damoh,Rural,45-49,47579,25020,22559,26603,9279,17324,20976,15741,5235
23,428,damoh,Rural,50-54,35903,19182,16721,21352,7985,13367,14551,11197,3354
23,428,damoh,Rural,55-59,27554,13701,13853,17330,5815,11515,10224,7886,2338
23,428,damoh,Rural,60-64,28589,13697,14892,19581,6632,12949,9008,7065,1943
23,428,damoh,Rural,65-69,21014,9832,11182,15224,5240,9984,5790,4592,1198
23,428,damoh,Rural,70-74,15395,7200,8195,11990,4425,7565,3405,2775,630
23,428,damoh,Rural,75-79,7109,3196,3913,5499,1904,3595,1610,1292,318
23,428,damoh,Rural,80+,8048,3468,4580,6130,2106,4024,1918,1362,556
23,428,damoh,Rural,Age not stated,990,538,452,399,193,206,591,345,246
23,428,damoh,Urban,All ages,250551,131402,119149,66976,28398,38578,183575,103004,80571
23,428,damoh,Urban,0-6,31969,16745,15224,31969,16745,15224,0,0,0
23,428,damoh,Urban,7,4723,2446,2277,1064,583,481,3659,1863,1796
23,428,damoh,Urban,8,5135,2733,2402,491,269,222,4644,2464,2180
23,428,damoh,Urban,9,4389,2324,2065,250,126,124,4139,2198,1941
23,428,damoh,Urban,10,5503,2910,2593,350,179,171,5153,2731,2422
23,428,damoh,Urban,11,5168,2664,2504,221,118,103,4947,2546,2401
23,428,damoh,Urban,12,5498,2872,2626,239,135,104,5259,2737,2522
23,428,damoh,Urban,13,5037,2580,2457,225,122,103,4812,2458,2354
23,428,damoh,Urban,14,5192,2726,2466,206,124,82,4986,2602,2384
23,428,damoh,Urban,15,5451,2942,2509,263,148,115,5188,2794,2394
23,428,damoh,Urban,16,5219,2720,2499,256,147,109,4963,2573,2390
23,428,damoh,Urban,17,4683,2441,2242,198,114,84,4485,2327,2158
23,428,damoh,Urban,18,5880,3235,2645,391,232,159,5489,3003,2486
23,428,damoh,Urban,19,4741,2608,2133,279,136,143,4462,2472,1990
23,428,damoh,Urban,20-24,25614,13883,11731,2258,1005,1253,23356,12878,10478
23,428,damoh,Urban,25-29,22427,11903,10524,2677,996,1681,19750,10907,8843
23,428,damoh,Urban,30-34,19331,10339,8992,3005,1030,1975,16326,9309,7017
23,428,damoh,Urban,35-39,17439,9076,8363,3221,1018,2203,14218,8058,6160
23,428,damoh,Urban,40-44,15796,8301,7495,3335,967,2368,12461,7334,5127
23,428,damoh,Urban,45-49,13261,7091,6170,3038,920,2118,10223,6171,4052
23,428,damoh,Urban,50-54,10484,5772,4712,2539,741,1798,7945,5031,2914
23,428,damoh,Urban,55-59,7575,3849,3726,2043,500,1543,5532,3349,2183
23,428,damoh,Urban,60-64,7138,3461,3677,2532,608,1924,4606,2853,1753
23,428,damoh,Urban,65-69,5063,2337,2726,2109,501,1608,2954,1836,1118
23,428,damoh,Urban,70-74,3729,1677,2052,1803,452,1351,1926,1225,701
23,428,damoh,Urban,75-79,1787,809,978,856,204,652,931,605,326
23,428,damoh,Urban,80+,2015,808,1207,1063,239,824,952,569,383
23,428,damoh,Urban,Age not stated,304,150,154,95,39,56,209,111,98
23,429,satna,Total,All ages,2228935,1157495,1071440,857154,356444,500710,1371781,801051,570730
23,429,satna,Total,0-6,330661,173093,157568,330661,173093,157568,0,0,0
23,429,satna,Total,7,51329,26996,24333,11494,5968,5526,39835,21028,18807
23,429,satna,Total,8,56503,29491,27012,5242,2693,2549,51261,26798,24463
23,429,satna,Total,9,49611,25604,24007,2865,1450,1415,46746,24154,22592
23,429,satna,Total,10,62452,32528,29924,3692,1878,1814,58760,30650,28110
23,429,satna,Total,11,52822,27225,25597,2117,1062,1055,50705,26163,24542
23,429,satna,Total,12,56348,29603,26745,2243,1069,1174,54105,28534,25571
23,429,satna,Total,13,50566,25910,24656,1825,825,1000,48741,25085,23656
23,429,satna,Total,14,51178,26239,24939,2122,1011,1111,49056,25228,23828
23,429,satna,Total,15,51528,27048,24480,2908,1406,1502,48620,25642,22978
23,429,satna,Total,16,48082,25231,22851,2945,1354,1591,45137,23877,21260
23,429,satna,Total,17,41864,22238,19626,2666,1146,1520,39198,21092,18106
23,429,satna,Total,18,55912,30480,25432,4812,1936,2876,51100,28544,22556
23,429,satna,Total,19,40095,21523,18572,3517,1172,2345,36578,20351,16227
23,429,satna,Total,20-24,199951,107065,92886,28683,8678,20005,171268,98387,72881
23,429,satna,Total,25-29,166745,86307,80438,38226,11408,26818,128519,74899,53620
23,429,satna,Total,30-34,151485,75703,75782,46954,13287,33667,104531,62416,42115
23,429,satna,Total,35-39,148333,75143,73190,57357,17508,39849,90976,57635,33341
23,429,satna,Total,40-44,129552,66748,62804,56663,18423,38240,72889,48325,24564
23,429,satna,Total,45-49,105716,55438,50278,50898,17736,33162,54818,37702,17116
23,429,satna,Total,50-54,78620,42403,36217,39702,14864,24838,38918,27539,11379
23,429,satna,Total,55-59,58699,30107,28592,32012,10750,21262,26687,19357,7330
23,429,satna,Total,60-64,60320,29327,30993,37870,12921,24949,22450,16406,6044
23,429,satna,Total,65-69,49773,24353,25420,33507,11921,21586,16266,12432,3834
23,429,satna,Total,70-74,38678,20087,18591,27687,11430,16257,10991,8657,2334
23,429,satna,Total,75-79,18823,9670,9153,13271,5267,8004,5552,4403,1149
23,429,satna,Total,80+,21136,10799,10337,14482,5885,8597,6654,4914,1740
23,429,satna,Total,Age not stated,2153,1136,1017,733,303,430,1420,833,587
23,429,satna,Rural,All ages,1754517,907904,846613,725273,300624,424649,1029244,607280,421964
23,429,satna,Rural,0-6,271421,141919,129502,271421,141919,129502,0,0,0
23,429,satna,Rural,7,41782,22027,19755,9522,4978,4544,32260,17049,15211
23,429,satna,Rural,8,45833,23803,22030,4271,2194,2077,41562,21609,19953
23,429,satna,Rural,9,40505,20869,19636,2368,1198,1170,38137,19671,18466
23,429,satna,Rural,10,50283,25978,24305,2961,1521,1440,47322,24457,22865
23,429,satna,Rural,11,42758,21859,20899,1730,857,873,41028,21002,20026
23,429,satna,Rural,12,45207,23607,21600,1792,838,954,43415,22769,20646
23,429,satna,Rural,13,40019,20303,19716,1450,646,804,38569,19657,18912
23,429,satna,Rural,14,40462,20648,19814,1701,815,886,38761,19833,18928
23,429,satna,Rural,15,40464,21126,19338,2371,1129,1242,38093,19997,18096
23,429,satna,Rural,16,37425,19522,17903,2395,1081,1314,35030,18441,16589
23,429,satna,Rural,17,32256,17087,15169,2182,913,1269,30074,16174,13900
23,429,satna,Rural,18,43815,23877,19938,3988,1528,2460,39827,22349,17478
23,429,satna,Rural,19,31130,16688,14442,2983,923,2060,28147,15765,12382
23,429,satna,Rural,20-24,153763,82478,71285,24622,7052,17570,129141,75426,53715
23,429,satna,Rural,25-29,127494,65954,61540,33061,9626,23435,94433,56328,38105
23,429,satna,Rural,30-34,116426,57893,58533,40882,11402,29480,75544,46491,29053
23,429,satna,Rural,35-39,113913,57614,56299,49685,15227,34458,64228,42387,21841
23,429,satna,Rural,40-44,99317,50803,48514,49139,16111,33028,50178,34692,15486
23,429,satna,Rural,45-49,80290,41938,38352,43821,15545,28276,36469,26393,10076
23,429,satna,Rural,50-54,59496,31755,27741,34080,12966,21114,25416,18789,6627
23,429,satna,Rural,55-59,45132,22735,22397,27601,9411,18190,17531,13324,4207
23,429,satna,Rural,60-64,48171,23148,25023,32919,11439,21480,15252,11709,3543
23,429,satna,Rural,65-69,40857,19843,21014,29447,10719,18728,11410,9124,2286
23,429,satna,Rural,70-74,32039,16688,15351,24247,10296,13951,7792,6392,1400
23,429,satna,Rural,75-79,15488,7956,7532,11617,4765,6852,3871,3191,680
23,429,satna,Rural,80+,17110,8916,8194,12405,5273,7132,4705,3643,1062
23,429,satna,Rural,Age not stated,1661,870,791,612,252,360,1049,618,431
23,429,satna,Urban,All ages,474418,249591,224827,131881,55820,76061,342537,193771,148766
23,429,satna,Urban,0-6,59240,31174,28066,59240,31174,28066,0,0,0
23,429,satna,Urban,7,9547,4969,4578,1972,990,982,7575,3979,3596
23,429,satna,Urban,8,10670,5688,4982,971,499,472,9699,5189,4510
23,429,satna,Urban,9,9106,4735,4371,497,252,245,8609,4483,4126
23,429,satna,Urban,10,12169,6550,5619,731,357,374,11438,6193,5245
23,429,satna,Urban,11,10064,5366,4698,387,205,182,9677,5161,4516
23,429,satna,Urban,12,11141,5996,5145,451,231,220,10690,5765,4925
23,429,satna,Urban,13,10547,5607,4940,375,179,196,10172,5428,4744
23,429,satna,Urban,14,10716,5591,5125,421,196,225,10295,5395,4900
23,429,satna,Urban,15,11064,5922,5142,537,277,260,10527,5645,4882
23,429,satna,Urban,16,10657,5709,4948,550,273,277,10107,5436,4671
23,429,satna,Urban,17,9608,5151,4457,484,233,251,9124,4918,4206
23,429,satna,Urban,18,12097,6603,5494,824,408,416,11273,6195,5078
23,429,satna,Urban,19,8965,4835,4130,534,249,285,8431,4586,3845
23,429,satna,Urban,20-24,46188,24587,21601,4061,1626,2435,42127,22961,19166
23,429,satna,Urban,25-29,39251,20353,18898,5165,1782,3383,34086,18571,15515
23,429,satna,Urban,30-34,35059,17810,17249,6072,1885,4187,28987,15925,13062
23,429,satna,Urban,35-39,34420,17529,16891,7672,2281,5391,26748,15248,11500
23,429,satna,Urban,40-44,30235,15945,14290,7524,2312,5212,22711,13633,9078
23,429,satna,Urban,45-49,25426,13500,11926,7077,2191,4886,18349,11309,7040
23,429,satna,Urban,50-54,19124,10648,8476,5622,1898,3724,13502,8750,4752
23,429,satna,Urban,55-59,13567,7372,6195,4411,1339,3072,9156,6033,3123
23,429,satna,Urban,60-64,12149,6179,5970,4951,1482,3469,7198,4697,2501
23,429,satna,Urban,65-69,8916,4510,4406,4060,1202,2858,4856,3308,1548
23,429,satna,Urban,70-74,6639,3399,3240,3440,1134,2306,3199,2265,934
23,429,satna,Urban,75-79,3335,1714,1621,1654,502,1152,1681,1212,469
23,429,satna,Urban,80+,4026,1883,2143,2077,612,1465,1949,1271,678
23,429,satna,Urban,Age not stated,492,266,226,121,51,70,371,215,156
23,430,rewa,Total,All ages,2365106,1225100,1140006,923349,379528,543821,1441757,845572,596185
23,430,rewa,Total,0-6,351983,186697,165286,351983,186697,165286,0,0,0
23,430,rewa,Total,7,52058,27589,24469,12267,6373,5894,39791,21216,18575
23,430,rewa,Total,8,58635,30566,28069,6867,3471,3396,51768,27095,24673
23,430,rewa,Total,9,51910,26874,25036,3852,1901,1951,48058,24973,23085
23,430,rewa,Total,10,68505,36220,32285,5344,2689,2655,63161,33531,29630
23,430,rewa,Total,11,55692,28855,26837,2905,1436,1469,52787,27419,25368
23,430,rewa,Total,12,61505,32055,29450,3108,1476,1632,58397,30579,27818
23,430,rewa,Total,13,55179,28229,26950,2466,1077,1389,52713,27152,25561
23,430,rewa,Total,14,57461,29451,28010,3011,1293,1718,54450,28158,26292
23,430,rewa,Total,15,56526,29524,27002,3774,1761,2013,52752,27763,24989
23,430,rewa,Total,16,53805,28105,25700,3629,1606,2023,50176,26499,23677
23,430,rewa,Total,17,45329,24127,21202,3047,1280,1767,42282,22847,19435
23,430,rewa,Total,18,60540,32635,27905,5648,2176,3472,54892,30459,24433
23,430,rewa,Total,19,42313,22294,20019,4034,1283,2751,38279,21011,17268
23,430,rewa,Total,20-24,210645,112302,98343,30588,8515,22073,180057,103787,76270
23,430,rewa,Total,25-29,177989,91400,86589,40298,10908,29390,137691,80492,57199
23,430,rewa,Total,30-34,157264,78637,78627,47483,12427,35056,109781,66210,43571
23,430,rewa,Total,35-39,150212,75933,74279,56367,15955,40412,93845,59978,33867
23,430,rewa,Total,40-44,126591,64076,62515,55266,17120,38146,71325,46956,24369
23,430,rewa,Total,45-49,106168,54463,51705,52231,17103,35128,53937,37360,16577
23,430,rewa,Total,50-54,79875,42162,37713,41759,14828,26931,38116,27334,10782
23,430,rewa,Total,55-59,62711,31121,31590,35696,11194,24502,27015,19927,7088
23,430,rewa,Total,60-64,68329,33035,35294,43882,14565,29317,24447,18470,5977
23,430,rewa,Total,65-69,57976,28408,29568,39787,14069,25718,18189,14339,3850
23,430,rewa,Total,70-74,45296,23721,21575,32916,13570,19346,12380,10151,2229
23,430,rewa,Total,75-79,22263,11654,10609,16243,6669,9574,6020,4985,1035
23,430,rewa,Total,80+,25778,13595,12183,18050,7722,10328,7728,5873,1855
23,430,rewa,Total,Age not stated,2568,1372,1196,848,364,484,1720,1008,712
23,430,rewa,Rural,All ages,1969321,1017839,951482,812404,333520,478884,1156917,684319,472598
23,430,rewa,Rural,0-6,303761,160943,142818,303761,160943,142818,0,0,0
23,430,rewa,Rural,7,44019,23253,20766,10753,5589,5164,33266,17664,15602
23,430,rewa,Rural,8,50227,26107,24120,6044,3042,3002,44183,23065,21118
23,430,rewa,Rural,9,44371,22828,21543,3396,1660,1736,40975,21168,19807
23,430,rewa,Rural,10,58617,30871,27746,4663,2354,2309,53954,28517,25437
23,430,rewa,Rural,11,47386,24353,23033,2562,1261,1301,44824,23092,21732
23,430,rewa,Rural,12,52139,27049,25090,2685,1253,1432,49454,25796,23658
23,430,rewa,Rural,13,46297,23615,22682,2138,923,1215,44159,22692,21467
23,430,rewa,Rural,14,48102,24476,23626,2637,1121,1516,45465,23355,22110
23,430,rewa,Rural,15,47139,24514,22625,3242,1509,1733,43897,23005,20892
23,430,rewa,Rural,16,44774,23340,21434,3170,1383,1787,41604,21957,19647
23,430,rewa,Rural,17,36915,19597,17318,2601,1078,1523,34314,18519,15795
23,430,rewa,Rural,18,50314,27200,23114,4927,1845,3082,45387,25355,20032
23,430,rewa,Rural,19,34413,18114,16299,3519,1062,2457,30894,17052,13842
23,430,rewa,Rural,20-24,170846,91135,79711,27035,7259,19776,143811,83876,59935
23,430,rewa,Rural,25-29,144580,74036,70544,35898,9510,26388,108682,64526,44156
23,430,rewa,Rural,30-34,128768,64172,64596,42331,10917,31414,86437,53255,33182
23,430,rewa,Rural,35-39,122610,62069,60541,50090,14089,36001,72520,47980,24540
23,430,rewa,Rural,40-44,101770,51275,50495,48783,15180,33603,52987,36095,16892
23,430,rewa,Rural,45-49,84913,43301,41612,46246,15363,30883,38667,27938,10729
23,430,rewa,Rural,50-54,64183,33653,30530,37125,13393,23732,27058,20260,6798
23,430,rewa,Rural,55-59,51419,25073,26346,31920,10172,21748,19499,14901,4598
23,430,rewa,Rural,60-64,58038,27942,30096,39380,13305,26075,18658,14637,4021
23,430,rewa,Rural,65-69,50350,24716,25634,36100,13046,23054,14250,11670,2580
23,430,rewa,Rural,70-74,39532,20883,18649,29775,12607,17168,9757,8276,1481
23,430,rewa,Rural,75-79,19403,10226,9177,14683,6177,8506,4720,4049,671
23,430,rewa,Rural,80+,22182,11882,10300,16174,7147,9027,6008,4735,1273
23,430,rewa,Rural,Age not stated,2253,1216,1037,766,332,434,1487,884,603
23,430,rewa,Urban,All ages,395785,207261,188524,110945,46008,64937,284840,161253,123587
23,430,rewa,Urban,0-6,48222,25754,22468,48222,25754,22468,0,0,0
23,430,rewa,Urban,7,8039,4336,3703,1514,784,730,6525,3552,2973
23,430,rewa,Urban,8,8408,4459,3949,823,429,394,7585,4030,3555
23,430,rewa,Urban,9,7539,4046,3493,456,241,215,7083,3805,3278
23,430,rewa,Urban,10,9888,5349,4539,681,335,346,9207,5014,4193
23,430,rewa,Urban,11,8306,4502,3804,343,175,168,7963,4327,3636
23,430,rewa,Urban,12,9366,5006,4360,423,223,200,8943,4783,4160
23,430,rewa,Urban,13,8882,4614,4268,328,154,174,8554,4460,4094
23,430,rewa,Urban,14,9359,4975,4384,374,172,202,8985,4803,4182
23,430,rewa,Urban,15,9387,5010,4377,532,252,280,8855,4758,4097
23,430,rewa,Urban,16,9031,4765,4266,459,223,236,8572,4542,4030
23,430,rewa,Urban,17,8414,4530,3884,446,202,244,7968,4328,3640
23,430,rewa,Urban,18,10226,5435,4791,721,331,390,9505,5104,4401
23,430,rewa,Urban,19,7900,4180,3720,515,221,294,7385,3959,3426
23,430,rewa,Urban,20-24,39799,21167,18632,3553,1256,2297,36246,19911,16335
23,430,rewa,Urban,25-29,33409,17364,16045,4400,1398,3002,29009,15966,13043
23,430,rewa,Urban,30-34,28496,14465,14031,5152,1510,3642,23344,12955,10389
23,430,rewa,Urban,35-39,27602,13864,13738,6277,1866,4411,21325,11998,9327
23,430,rewa,Urban,40-44,24821,12801,12020,6483,1940,4543,18338,10861,7477
23,430,rewa,Urban,45-49,21255,11162,10093,5985,1740,4245,15270,9422,5848
23,430,rewa,Urban,50-54,15692,8509,7183,4634,1435,3199,11058,7074,3984
23,430,rewa,Urban,55-59,11292,6048,5244,3776,1022,2754,7516,5026,2490
23,430,rewa,Urban,60-64,10291,5093,5198,4502,1260,3242,5789,3833,1956
23,430,rewa,Urban,65-69,7626,3692,3934,3687,1023,2664,3939,2669,1270
23,430,rewa,Urban,70-74,5764,2838,2926,3141,963,2178,2623,1875,748
23,430,rewa,Urban,75-79,2860,1428,1432,1560,492,1068,1300,936,364
23,430,rewa,Urban,80+,3596,1713,1883,1876,575,1301,1720,1138,582
23,430,rewa,Urban,Age not stated,315,156,159,82,32,50,233,124,109
23,431,umaria,Total,All ages,644758,330674,314084,288086,119767,168319,356672,210907,145765
23,431,umaria,Total,0-6,103414,53237,50177,103414,53237,50177,0,0,0
23,431,umaria,Total,7,15027,7723,7304,3501,1799,1702,11526,5924,5602
23,431,umaria,Total,8,16100,8166,7934,1671,844,827,14429,7322,7107
23,431,umaria,Total,9,14763,7626,7137,997,500,497,13766,7126,6640
23,431,umaria,Total,10,17608,8911,8697,1222,596,626,16386,8315,8071
23,431,umaria,Total,11,15571,7816,7755,724,372,352,14847,7444,7403
23,431,umaria,Total,12,16324,8233,8091,802,368,434,15522,7865,7657
23,431,umaria,Total,13,14882,7581,7301,766,368,398,14116,7213,6903
23,431,umaria,Total,14,14293,7343,6950,845,378,467,13448,6965,6483
23,431,umaria,Total,15,14350,7464,6886,1194,531,663,13156,6933,6223
23,431,umaria,Total,16,13003,6621,6382,1297,534,763,11706,6087,5619
23,431,umaria,Total,17,11391,5842,5549,1136,440,696,10255,5402,4853
23,431,umaria,Total,18,14351,7509,6842,2019,752,1267,12332,6757,5575
23,431,umaria,Total,19,10982,5507,5475,1629,500,1129,9353,5007,4346
23,431,umaria,Total,20-24,59844,30799,29045,13187,3813,9374,46657,26986,19671
23,431,umaria,Total,25-29,51127,26622,24505,17002,5403,11599,34125,21219,12906
23,431,umaria,Total,30-34,45175,22631,22544,19361,5985,13376,25814,16646,9168
23,431,umaria,Total,35-39,43484,22266,21218,21420,7057,14363,22064,15209,6855
23,431,umaria,Total,40-44,37686,19257,18429,20696,7288,13408,16990,11969,5021
23,431,umaria,Total,45-49,31795,16699,15096,18739,7170,11569,13056,9529,3527
23,431,umaria,Total,50-54,22972,12483,10489,13834,5606,8228,9138,6877,2261
23,431,umaria,Total,55-59,17075,8845,8230,11029,4091,6938,6046,4754,1292
23,431,umaria,Total,60-64,15399,7556,7843,10857,4037,6820,4542,3519,1023
23,431,umaria,Total,65-69,11468,5587,5881,8306,3089,5217,3162,2498,664
23,431,umaria,Total,70-74,8417,4120,4297,6443,2526,3917,1974,1594,380
23,431,umaria,Total,75-79,3777,1894,1883,2879,1148,1731,898,746,152
23,431,umaria,Total,80+,3876,2007,1869,2825,1203,1622,1051,804,247
23,431,umaria,Total,Age not stated,604,329,275,291,132,159,313,197,116
23,431,umaria,Rural,All ages,534214,273064,261150,254572,106215,148357,279642,166849,112793
23,431,umaria,Rural,0-6,89929,46241,43688,89929,46241,43688,0,0,0
23,431,umaria,Rural,7,12831,6576,6255,2928,1497,1431,9903,5079,4824
23,431,umaria,Rural,8,13892,6997,6895,1463,748,715,12429,6249,6180
23,431,umaria,Rural,9,12679,6496,6183,892,446,446,11787,6050,5737
23,431,umaria,Rural,10,15048,7579,7469,1017,479,538,14031,7100,6931
23,431,umaria,Rural,11,13231,6588,6643,657,336,321,12574,6252,6322
23,431,umaria,Rural,12,13849,6918,6931,679,305,374,13170,6613,6557
23,431,umaria,Rural,13,12398,6284,6114,647,299,348,11751,5985,5766
23,431,umaria,Rural,14,11638,5969,5669,735,320,415,10903,5649,5254
23,431,umaria,Rural,15,11585,6036,5549,1036,446,590,10549,5590,4959
23,431,umaria,Rural,16,10511,5336,5175,1111,444,667,9400,4892,4508
23,431,umaria,Rural,17,9094,4684,4410,1008,377,631,8086,4307,3779
23,431,umaria,Rural,18,11711,6057,5654,1812,648,1164,9899,5409,4490
23,431,umaria,Rural,19,8823,4404,4419,1453,430,1023,7370,3974,3396
23,431,umaria,Rural,20-24,48448,24811,23637,11983,3398,8585,36465,21413,15052
23,431,umaria,Rural,25-29,41495,21454,20041,15524,4885,10639,25971,16569,9402
23,431,umaria,Rural,30-34,37232,18659,18573,17609,5485,12124,19623,13174,6449
23,431,umaria,Rural,35-39,35498,18247,17251,19196,6441,12755,16302,11806,4496
23,431,umaria,Rural,40-44,30049,15382,14667,18341,6621,11720,11708,8761,2947
23,431,umaria,Rural,45-49,25051,13091,11960,16533,6494,10039,8518,6597,1921
23,431,umaria,Rural,50-54,18011,9661,8350,12160,5075,7085,5851,4586,1265
23,431,umaria,Rural,55-59,13954,7050,6904,9808,3717,6091,4146,3333,813
23,431,umaria,Rural,60-64,13139,6454,6685,9728,3719,6009,3411,2735,676
23,431,umaria,Rural,65-69,9907,4856,5051,7414,2827,4587,2493,2029,464
23,431,umaria,Rural,70-74,7203,3582,3621,5661,2288,3373,1542,1294,248
23,431,umaria,Rural,75-79,3251,1650,1601,2555,1053,1502,696,597,99
23,431,umaria,Rural,80+,3238,1725,1513,2440,1087,1353,798,638,160
23,431,umaria,Rural,Age not stated,519,277,242,253,109,144,266,168,98
23,431,umaria,Urban,All ages,110544,57610,52934,33514,13552,19962,77030,44058,32972
23,431,umaria,Urban,0-6,13485,6996,6489,13485,6996,6489,0,0,0
23,431,umaria,Urban,7,2196,1147,1049,573,302,271,1623,845,778
23,431,umaria,Urban,8,2208,1169,1039,208,96,112,2000,1073,927
23,431,umaria,Urban,9,2084,1130,954,105,54,51,1979,1076,903
23,431,umaria,Urban,10,2560,1332,1228,205,117,88,2355,1215,1140
23,431,umaria,Urban,11,2340,1228,1112,67,36,31,2273,1192,1081
23,431,umaria,Urban,12,2475,1315,1160,123,63,60,2352,1252,1100
23,431,umaria,Urban,13,2484,1297,1187,119,69,50,2365,1228,1137
23,431,umaria,Urban,14,2655,1374,1281,110,58,52,2545,1316,1229
23,431,umaria,Urban,15,2765,1428,1337,158,85,73,2607,1343,1264
23,431,umaria,Urban,16,2492,1285,1207,186,90,96,2306,1195,1111
23,431,umaria,Urban,17,2297,1158,1139,128,63,65,2169,1095,1074
23,431,umaria,Urban,18,2640,1452,1188,207,104,103,2433,1348,1085
23,431,umaria,Urban,19,2159,1103,1056,176,70,106,1983,1033,950
23,431,umaria,Urban,20-24,11396,5988,5408,1204,415,789,10192,5573,4619
23,431,umaria,Urban,25-29,9632,5168,4464,1478,518,960,8154,4650,3504
23,431,umaria,Urban,30-34,7943,3972,3971,1752,500,1252,6191,3472,2719
23,431,umaria,Urban,35-39,7986,4019,3967,2224,616,1608,5762,3403,2359
23,431,umaria,Urban,40-44,7637,3875,3762,2355,667,1688,5282,3208,2074
23,431,umaria,Urban,45-49,6744,3608,3136,2206,676,1530,4538,2932,1606
23,431,umaria,Urban,50-54,4961,2822,2139,1674,531,1143,3287,2291,996
23,431,umaria,Urban,55-59,3121,1795,1326,1221,374,847,1900,1421,479
23,431,umaria,Urban,60-64,2260,1102,1158,1129,318,811,1131,784,347
23,431,umaria,Urban,65-69,1561,731,830,892,262,630,669,469,200
23,431,umaria,Urban,70-74,1214,538,676,782,238,544,432,300,132
23,431,umaria,Urban,75-79,526,244,282,324,95,229,202,149,53
23,431,umaria,Urban,80+,638,282,356,385,116,269,253,166,87
23,431,umaria,Urban,Age not stated,85,52,33,38,23,15,47,29,18
23,432,neemuch,Total,All ages,826067,422653,403414,317233,114764,202469,508834,307889,200945
23,432,neemuch,Total,0-6,107384,55724,51660,107384,55724,51660,0,0,0
23,432,neemuch,Total,7,17550,9096,8454,3713,1834,1879,13837,7262,6575
23,432,neemuch,Total,8,18457,9475,8982,1989,951,1038,16468,8524,7944
23,432,neemuch,Total,9,15722,8088,7634,1057,487,570,14665,7601,7064
23,432,neemuch,Total,10,20410,10506,9904,1492,679,813,18918,9827,9091
23,432,neemuch,Total,11,17020,8877,8143,816,359,457,16204,8518,7686
23,432,neemuch,Total,12,18529,9682,8847,1167,494,673,17362,9188,8174
23,432,neemuch,Total,13,16128,8312,7816,968,384,584,15160,7928,7232
23,432,neemuch,Total,14,16195,8369,7826,1130,416,714,15065,7953,7112
23,432,neemuch,Total,15,17380,9138,8242,1667,659,1008,15713,8479,7234
23,432,neemuch,Total,16,16821,8703,8118,1765,600,1165,15056,8103,6953
23,432,neemuch,Total,17,14544,7547,6997,1396,443,953,13148,7104,6044
23,432,neemuch,Total,18,19768,9987,9781,2940,858,2082,16828,9129,7699
23,432,neemuch,Total,19,14021,7112,6909,1882,507,1375,12139,6605,5534
23,432,neemuch,Total,20-24,79498,41272,38226,15479,4018,11461,64019,37254,26765
23,432,neemuch,Total,25-29,67568,34695,32873,17603,4553,13050,49965,30142,19823
23,432,neemuch,Total,30-34,64134,32315,31819,20744,5276,15468,43390,27039,16351
23,432,neemuch,Total,35-39,59619,30640,28979,22064,5678,16386,37555,24962,12593
23,432,neemuch,Total,40-44,51420,26734,24686,21299,5884,15415,30121,20850,9271
23,432,neemuch,Total,45-49,42230,21875,20355,18561,5001,13560,23669,16874,6795
23,432,neemuch,Total,50-54,34395,18161,16234,15936,4640,11296,18459,13521,4938
23,432,neemuch,Total,55-59,25708,12747,12961,12726,3124,9602,12982,9623,3359
23,432,neemuch,Total,60-64,23975,11826,12149,13443,3834,9609,10532,7992,2540
23,432,neemuch,Total,65-69,17536,8050,9486,10558,2735,7823,6978,5315,1663
23,432,neemuch,Total,70-74,14241,6640,7601,9310,2817,6493,4931,3823,1108
23,432,neemuch,Total,75-79,6946,3170,3776,4378,1223,3155,2568,1947,621
23,432,neemuch,Total,80+,8426,3671,4755,5599,1518,4081,2827,2153,674
23,432,neemuch,Total,Age not stated,442,241,201,167,68,99,275,173,102
23,432,neemuch,Rural,All ages,580837,295013,285824,250191,88744,161447,330646,206269,124377
23,432,neemuch,Rural,0-6,78184,40468,37716,78184,40468,37716,0,0,0
23,432,neemuch,Rural,7,12790,6572,6218,2885,1419,1466,9905,5153,4752
23,432,neemuch,Rural,8,13707,6969,6738,1598,750,848,12109,6219,5890
23,432,neemuch,Rural,9,11347,5801,5546,807,368,439,10540,5433,5107
23,432,neemuch,Rural,10,15041,7631,7410,1123,490,633,13918,7141,6777
23,432,neemuch,Rural,11,12135,6330,5805,606,258,348,11529,6072,5457
23,432,neemuch,Rural,12,13265,6871,6394,900,358,542,12365,6513,5852
23,432,neemuch,Rural,13,11357,5823,5534,754,287,467,10603,5536,5067
23,432,neemuch,Rural,14,11418,5878,5540,912,299,613,10506,5579,4927
23,432,neemuch,Rural,15,12298,6435,5863,1344,498,846,10954,5937,5017
23,432,neemuch,Rural,16,11882,6093,5789,1432,456,976,10450,5637,4813
23,432,neemuch,Rural,17,10061,5192,4869,1127,320,807,8934,4872,4062
23,432,neemuch,Rural,18,14075,7011,7064,2461,641,1820,11614,6370,5244
23,432,neemuch,Rural,19,9558,4763,4795,1532,362,1170,8026,4401,3625
23,432,neemuch,Rural,20-24,54698,27970,26728,12954,3145,9809,41744,24825,16919
23,432,neemuch,Rural,25-29,46527,23864,22663,14842,3686,11156,31685,20178,11507
23,432,neemuch,Rural,30-34,44476,22332,22144,17353,4319,13034,27123,18013,9110
23,432,neemuch,Rural,35-39,41463,21133,20330,18248,4696,13552,23215,16437,6778
23,432,neemuch,Rural,40-44,35479,18376,17103,17453,4872,12581,18026,13504,4522
23,432,neemuch,Rural,45-49,28686,14729,13957,15102,4115,10987,13584,10614,2970
23,432,neemuch,Rural,50-54,23330,12241,11089,13000,3874,9126,10330,8367,1963
23,432,neemuch,Rural,55-59,17843,8608,9235,10571,2671,7900,7272,5937,1335
23,432,neemuch,Rural,60-64,16947,8303,8644,10933,3298,7635,6014,5005,1009
23,432,neemuch,Rural,65-69,12592,5687,6905,8616,2339,6277,3976,3348,628
23,432,neemuch,Rural,70-74,10397,4880,5517,7492,2402,5090,2905,2478,427
23,432,neemuch,Rural,75-79,4899,2212,2687,3483,1033,2450,1416,1179,237
23,432,neemuch,Rural,80+,6005,2635,3370,4334,1261,3073,1671,1374,297
23,432,neemuch,Rural,Age not stated,377,206,171,145,59,86,232,147,85
23,432,neemuch,Urban,All ages,245230,127640,117590,67042,26020,41022,178188,101620,76568
23,432,neemuch,Urban,0-6,29200,15256,13944,29200,15256,13944,0,0,0
23,432,neemuch,Urban,7,4760,2524,2236,828,415,413,3932,2109,1823
23,432,neemuch,Urban,8,4750,2506,2244,391,201,190,4359,2305,2054
23,432,neemuch,Urban,9,4375,2287,2088,250,119,131,4125,2168,1957
23,432,neemuch,Urban,10,5369,2875,2494,369,189,180,5000,2686,2314
23,432,neemuch,Urban,11,4885,2547,2338,210,101,109,4675,2446,2229
23,432,neemuch,Urban,12,5264,2811,2453,267,136,131,4997,2675,2322
23,432,neemuch,Urban,13,4771,2489,2282,214,97,117,4557,2392,2165
23,432,neemuch,Urban,14,4777,2491,2286,218,117,101,4559,2374,2185
23,432,neemuch,Urban,15,5082,2703,2379,323,161,162,4759,2542,2217
23,432,neemuch,Urban,16,4939,2610,2329,333,144,189,4606,2466,2140
23,432,neemuch,Urban,17,4483,2355,2128,269,123,146,4214,2232,1982
23,432,neemuch,Urban,18,5693,2976,2717,479,217,262,5214,2759,2455
23,432,neemuch,Urban,19,4463,2349,2114,350,145,205,4113,2204,1909
23,432,neemuch,Urban,20-24,24800,13302,11498,2525,873,1652,22275,12429,9846
23,432,neemuch,Urban,25-29,21041,10831,10210,2761,867,1894,18280,9964,8316
23,432,neemuch,Urban,30-34,19658,9983,9675,3391,957,2434,16267,9026,7241
23,432,neemuch,Urban,35-39,18156,9507,8649,3816,982,2834,14340,8525,5815
23,432,neemuch,Urban,40-44,15941,8358,7583,3846,1012,2834,12095,7346,4749
23,432,neemuch,Urban,45-49,13544,7146,6398,3459,886,2573,10085,6260,3825
23,432,neemuch,Urban,50-54,11065,5920,5145,2936,766,2170,8129,5154,2975
23,432,neemuch,Urban,55-59,7865,4139,3726,2155,453,1702,5710,3686,2024
23,432,neemuch,Urban,60-64,7028,3523,3505,2510,536,1974,4518,2987,1531
23,432,neemuch,Urban,65-69,4944,2363,2581,1942,396,1546,3002,1967,1035
23,432,neemuch,Urban,70-74,3844,1760,2084,1818,415,1403,2026,1345,681
23,432,neemuch,Urban,75-79,2047,958,1089,895,190,705,1152,768,384
23,432,neemuch,Urban,80+,2421,1036,1385,1265,257,1008,1156,779,377
23,432,neemuch,Urban,Age not stated,65,35,30,22,9,13,43,26,17
23,433,mandsaur,Total,All ages,1340411,682851,657560,505820,179953,325867,834591,502898,331693
23,433,mandsaur,Total,0-6,177659,92188,85471,177659,92188,85471,0,0,0
23,433,mandsaur,Total,7,28758,14805,13953,5465,2798,2667,23293,12007,11286
23,433,mandsaur,Total,8,31048,16000,15048,2412,1141,1271,28636,14859,13777
23,433,mandsaur,Total,9,26406,13474,12932,1240,587,653,25166,12887,12279
23,433,mandsaur,Total,10,34330,17516,16814,1771,815,956,32559,16701,15858
23,433,mandsaur,Total,11,28976,14762,14214,1012,435,577,27964,14327,13637
23,433,mandsaur,Total,12,31349,16434,14915,1411,530,881,29938,15904,14034
23,433,mandsaur,Total,13,27284,14211,13073,1161,442,719,26123,13769,12354
23,433,mandsaur,Total,14,26653,13937,12716,1406,502,904,25247,13435,11812
23,433,mandsaur,Total,15,28569,15082,13487,2104,776,1328,26465,14306,12159
23,433,mandsaur,Total,16,26533,13947,12586,2094,699,1395,24439,13248,11191
23,433,mandsaur,Total,17,23037,12006,11031,1885,543,1342,21152,11463,9689
23,433,mandsaur,Total,18,32656,16491,16165,4046,1056,2990,28610,15435,13175
23,433,mandsaur,Total,19,22409,11306,11103,2550,502,2048,19859,10804,9055
23,433,mandsaur,Total,20-24,127088,65945,61143,22225,5216,17009,104863,60729,44134
23,433,mandsaur,Total,25-29,108245,55235,53010,27071,6162,20909,81174,49073,32101
23,433,mandsaur,Total,30-34,102201,51326,50875,31518,7335,24183,70683,43991,26692
23,433,mandsaur,Total,35-39,94149,47882,46267,34077,8163,25914,60072,39719,20353
23,433,mandsaur,Total,40-44,82164,42341,39823,34171,8989,25182,47993,33352,14641
23,433,mandsaur,Total,45-49,68347,34897,33450,30476,7844,22632,37871,27053,10818
23,433,mandsaur,Total,50-54,54702,29052,25650,25746,7397,18349,28956,21655,7301
23,433,mandsaur,Total,55-59,40911,20119,20792,20840,5083,15757,20071,15036,5035
23,433,mandsaur,Total,60-64,38667,18695,19972,22079,6258,15821,16588,12437,4151
23,433,mandsaur,Total,65-69,28601,12918,15683,17671,4560,13111,10930,8358,2572
23,433,mandsaur,Total,70-74,23337,10980,12357,15580,4818,10762,7757,6162,1595
23,433,mandsaur,Total,75-79,11474,4968,6506,7915,2187,5728,3559,2781,778
23,433,mandsaur,Total,80+,14123,5955,8168,9980,2828,7152,4143,3127,1016
23,433,mandsaur,Total,Age not stated,735,379,356,255,99,156,480,280,200
23,433,mandsaur,Rural,All ages,1062807,540987,521820,433073,151930,281143,629734,389057,240677
23,433,mandsaur,Rural,0-6,144814,75122,69692,144814,75122,69692,0,0,0
23,433,mandsaur,Rural,7,23440,12022,11418,4512,2311,2201,18928,9711,9217
23,433,mandsaur,Rural,8,25466,13049,12417,1987,937,1050,23479,12112,11367
23,433,mandsaur,Rural,9,21568,10931,10637,1012,464,548,20556,10467,10089
23,433,mandsaur,Rural,10,28105,14328,13777,1453,654,799,26652,13674,12978
23,433,mandsaur,Rural,11,23742,12052,11690,861,360,501,22881,11692,11189
23,433,mandsaur,Rural,12,25553,13375,12178,1210,430,780,24343,12945,11398
23,433,mandsaur,Rural,13,22207,11627,10580,1015,379,636,21192,11248,9944
23,433,mandsaur,Rural,14,21442,11207,10235,1215,411,804,20227,10796,9431
23,433,mandsaur,Rural,15,23032,12182,10850,1834,647,1187,21198,11535,9663
23,433,mandsaur,Rural,16,21257,11154,10103,1819,574,1245,19438,10580,8858
23,433,mandsaur,Rural,17,18108,9495,8613,1656,439,1217,16452,9056,7396
23,433,mandsaur,Rural,18,26012,13024,12988,3619,881,2738,22393,12143,10250
23,433,mandsaur,Rural,19,17555,8805,8750,2257,399,1858,15298,8406,6892
23,433,mandsaur,Rural,20-24,99969,52007,47962,19912,4400,15512,80057,47607,32450
23,433,mandsaur,Rural,25-29,84637,43367,41270,24308,5347,18961,60329,38020,22309
23,433,mandsaur,Rural,30-34,80155,40326,39829,28257,6471,21786,51898,33855,18043
23,433,mandsaur,Rural,35-39,73495,37533,35962,30106,7181,22925,43389,30352,13037
23,433,mandsaur,Rural,40-44,63721,32821,30900,29992,7903,22089,33729,24918,8811
23,433,mandsaur,Rural,45-49,52251,26646,25605,26528,6907,19621,25723,19739,5984
23,433,mandsaur,Rural,50-54,41825,22069,19756,22433,6494,15939,19392,15575,3817
23,433,mandsaur,Rural,55-59,31706,15369,16337,18308,4535,13773,13398,10834,2564
23,433,mandsaur,Rural,60-64,30333,14662,15671,19283,5615,13668,11050,9047,2003
23,433,mandsaur,Rural,65-69,22778,10144,12634,15503,4119,11384,7275,6025,1250
23,433,mandsaur,Rural,70-74,18710,8799,9911,13537,4375,9162,5173,4424,749
23,433,mandsaur,Rural,75-79,9107,3876,5231,6865,1968,4897,2242,1908,334
23,433,mandsaur,Rural,80+,11231,4686,6545,8568,2527,6041,2663,2159,504
23,433,mandsaur,Rural,Age not stated,588,309,279,209,80,129,379,229,150
23,433,mandsaur,Urban,All ages,277604,141864,135740,72747,28023,44724,204857,113841,91016
23,433,mandsaur,Urban,0-6,32845,17066,15779,32845,17066,15779,0,0,0
23,433,mandsaur,Urban,7,5318,2783,2535,953,487,466,4365,2296,2069
23,433,mandsaur,Urban,8,5582,2951,2631,425,204,221,5157,2747,2410
23,433,mandsaur,Urban,9,4838,2543,2295,228,123,105,4610,2420,2190
23,433,mandsaur,Urban,10,6225,3188,3037,318,161,157,5907,3027,2880
23,433,mandsaur,Urban,11,5234,2710,2524,151,75,76,5083,2635,2448
23,433,mandsaur,Urban,12,5796,3059,2737,201,100,101,5595,2959,2636
23,433,mandsaur,Urban,13,5077,2584,2493,146,63,83,4931,2521,2410
23,433,mandsaur,Urban,14,5211,2730,2481,191,91,100,5020,2639,2381
23,433,mandsaur,Urban,15,5537,2900,2637,270,129,141,5267,2771,2496
23,433,mandsaur,Urban,16,5276,2793,2483,275,125,150,5001,2668,2333
23,433,mandsaur,Urban,17,4929,2511,2418,229,104,125,4700,2407,2293
23,433,mandsaur,Urban,18,6644,3467,3177,427,175,252,6217,3292,2925
23,433,mandsaur,Urban,19,4854,2501,2353,293,103,190,4561,2398,2163
23,433,mandsaur,Urban,20-24,27119,13938,13181,2313,816,1497,24806,13122,11684
23,433,mandsaur,Urban,25-29,23608,11868,11740,2763,815,1948,20845,11053,9792
23,433,mandsaur,Urban,30-34,22046,11000,11046,3261,864,2397,18785,10136,8649
23,433,mandsaur,Urban,35-39,20654,10349,10305,3971,982,2989,16683,9367,7316
23,433,mandsaur,Urban,40-44,18443,9520,8923,4179,1086,3093,14264,8434,5830
23,433,mandsaur,Urban,45-49,16096,8251,7845,3948,937,3011,12148,7314,4834
23,433,mandsaur,Urban,50-54,12877,6983,5894,3313,903,2410,9564,6080,3484
23,433,mandsaur,Urban,55-59,9205,4750,4455,2532,548,1984,6673,4202,2471
23,433,mandsaur,Urban,60-64,8334,4033,4301,2796,643,2153,5538,3390,2148
23,433,mandsaur,Urban,65-69,5823,2774,3049,2168,441,1727,3655,2333,1322
23,433,mandsaur,Urban,70-74,4627,2181,2446,2043,443,1600,2584,1738,846
23,433,mandsaur,Urban,75-79,2367,1092,1275,1050,219,831,1317,873,444
23,433,mandsaur,Urban,80+,2892,1269,1623,1412,301,1111,1480,968,512
23,433,mandsaur,Urban,Age not stated,147,70,77,46,19,27,101,51,50
23,434,ratlam,Total,All ages,1455069,738241,716828,629189,253151,376038,825880,485090,340790
23,434,ratlam,Total,0-6,218354,112637,105717,218354,112637,105717,0,0,0
23,434,ratlam,Total,7,33681,17259,16422,9453,4722,4731,24228,12537,11691
23,434,ratlam,Total,8,35977,18430,17547,5940,2920,3020,30037,15510,14527
23,434,ratlam,Total,9,29864,15164,14700,3355,1624,1731,26509,13540,12969
23,434,ratlam,Total,10,39351,20322,19029,4409,2112,2297,34942,18210,16732
23,434,ratlam,Total,11,31582,16176,15406,2666,1211,1455,28916,14965,13951
23,434,ratlam,Total,12,36558,18752,17806,3756,1722,2034,32802,17030,15772
23,434,ratlam,Total,13,30019,15339,14680,2903,1231,1672,27116,14108,13008
23,434,ratlam,Total,14,30279,15525,14754,3223,1325,1898,27056,14200,12856
23,434,ratlam,Total,15,32550,17342,15208,4702,2009,2693,27848,15333,12515
23,434,ratlam,Total,16,29860,15792,14068,4495,1784,2711,25365,14008,11357
23,434,ratlam,Total,17,24871,12793,12078,3826,1307,2519,21045,11486,9559
23,434,ratlam,Total,18,34203,17255,16948,7128,2207,4921,27075,15048,12027
23,434,ratlam,Total,19,24022,11880,12142,4887,1355,3532,19135,10525,8610
23,434,ratlam,Total,20-24,132180,68109,64071,33364,10667,22697,98816,57442,41374
23,434,ratlam,Total,25-29,113554,57600,55954,36513,11768,24745,77041,45832,31209
23,434,ratlam,Total,30-34,105143,52697,52446,39443,12733,26710,65700,39964,25736
23,434,ratlam,Total,35-39,98183,49687,48496,41483,13698,27785,56700,35989,20711
23,434,ratlam,Total,40-44,87177,44914,42263,40266,14043,26223,46911,30871,16040
23,434,ratlam,Total,45-49,73355,37334,36021,35692,12206,23486,37663,25128,12535
23,434,ratlam,Total,50-54,56827,30265,26562,28208,10390,17818,28619,19875,8744
23,434,ratlam,Total,55-59,41811,20370,21441,21888,6698,15190,19923,13672,6251
23,434,ratlam,Total,60-64,40093,19496,20597,23536,7827,15709,16557,11669,4888
23,434,ratlam,Total,65-69,28234,12564,15670,17587,5176,12411,10647,7388,3259
23,434,ratlam,Total,70-74,22517,10262,12255,15166,4938,10228,7351,5324,2027
23,434,ratlam,Total,75-79,10515,4459,6056,7020,1988,5032,3495,2471,1024
23,434,ratlam,Total,80+,13563,5426,8137,9609,2708,6901,3954,2718,1236
23,434,ratlam,Total,Age not stated,746,392,354,317,145,172,429,247,182
23,434,ratlam,Rural,All ages,1020038,516468,503570,512934,205414,307520,507104,311054,196050
23,434,ratlam,Rural,0-6,166351,85789,80562,166351,85789,80562,0,0,0
23,434,ratlam,Rural,7,25324,12964,12360,7798,3875,3923,17526,9089,8437
23,434,ratlam,Rural,8,27656,14050,13606,4992,2434,2558,22664,11616,11048
23,434,ratlam,Rural,9,22444,11283,11161,2869,1376,1493,19575,9907,9668
23,434,ratlam,Rural,10,29982,15410,14572,3698,1716,1982,26284,13694,12590
23,434,ratlam,Rural,11,23206,11797,11409,2241,984,1257,20965,10813,10152
23,434,ratlam,Rural,12,27518,13969,13549,3226,1438,1788,24292,12531,11761
23,434,ratlam,Rural,13,21800,11061,10739,2488,1007,1481,19312,10054,9258
23,434,ratlam,Rural,14,21747,11148,10599,2764,1096,1668,18983,10052,8931
23,434,ratlam,Rural,15,23488,12489,10999,4110,1685,2425,19378,10804,8574
23,434,ratlam,Rural,16,21225,11261,9964,3919,1484,2435,17306,9777,7529
23,434,ratlam,Rural,17,16831,8570,8261,3288,1043,2245,13543,7527,6016
23,434,ratlam,Rural,18,24257,12068,12189,6263,1821,4442,17994,10247,7747
23,434,ratlam,Rural,19,15955,7704,8251,4293,1108,3185,11662,6596,5066
23,434,ratlam,Rural,20-24,89696,46540,43156,29247,8986,20261,60449,37554,22895
23,434,ratlam,Rural,25-29,76259,38682,37577,32032,10177,21855,44227,28505,15722
23,434,ratlam,Rural,30-34,71792,36026,35766,34271,11113,23158,37521,24913,12608
23,434,ratlam,Rural,35-39,66651,34001,32650,35378,11841,23537,31273,22160,9113
23,434,ratlam,Rural,40-44,58483,30255,28228,34003,12110,21893,24480,18145,6335
23,434,ratlam,Rural,45-49,48028,24419,23609,29748,10469,19279,18280,13950,4330
23,434,ratlam,Rural,50-54,36564,19505,17059,23232,8873,14359,13332,10632,2700
23,434,ratlam,Rural,55-59,27061,12807,14254,18065,5707,12358,8996,7100,1896
23,434,ratlam,Rural,60-64,26777,12940,13837,19124,6712,12412,7653,6228,1425
23,434,ratlam,Rural,65-69,18954,8190,10764,14154,4360,9794,4800,3830,970
23,434,ratlam,Rural,70-74,15426,6933,8493,12176,4224,7952,3250,2709,541
23,434,ratlam,Rural,75-79,6835,2724,4111,5503,1636,3867,1332,1088,244
23,434,ratlam,Rural,80+,9131,3567,5564,7417,2221,5196,1714,1346,368
23,434,ratlam,Rural,Age not stated,597,316,281,284,129,155,313,187,126
23,434,ratlam,Urban,All ages,435031,221773,213258,116255,47737,68518,318776,174036,144740
23,434,ratlam,Urban,0-6,52003,26848,25155,52003,26848,25155,0,0,0
23,434,ratlam,Urban,7,8357,4295,4062,1655,847,808,6702,3448,3254
23,434,ratlam,Urban,8,8321,4380,3941,948,486,462,7373,3894,3479
23,434,ratlam,Urban,9,7420,3881,3539,486,248,238,6934,3633,3301
23,434,ratlam,Urban,10,9369,4912,4457,711,396,315,8658,4516,4142
23,434,ratlam,Urban,11,8376,4379,3997,425,227,198,7951,4152,3799
23,434,ratlam,Urban,12,9040,4783,4257,530,284,246,8510,4499,4011
23,434,ratlam,Urban,13,8219,4278,3941,415,224,191,7804,4054,3750
23,434,ratlam,Urban,14,8532,4377,4155,459,229,230,8073,4148,3925
23,434,ratlam,Urban,15,9062,4853,4209,592,324,268,8470,4529,3941
23,434,ratlam,Urban,16,8635,4531,4104,576,300,276,8059,4231,3828
23,434,ratlam,Urban,17,8040,4223,3817,538,264,274,7502,3959,3543
23,434,ratlam,Urban,18,9946,5187,4759,865,386,479,9081,4801,4280
23,434,ratlam,Urban,19,8067,4176,3891,594,247,347,7473,3929,3544
23,434,ratlam,Urban,20-24,42484,21569,20915,4117,1681,2436,38367,19888,18479
23,434,ratlam,Urban,25-29,37295,18918,18377,4481,1591,2890,32814,17327,15487
23,434,ratlam,Urban,30-34,33351,16671,16680,5172,1620,3552,28179,15051,13128
23,434,ratlam,Urban,35-39,31532,15686,15846,6105,1857,4248,25427,13829,11598
23,434,ratlam,Urban,40-44,28694,14659,14035,6263,1933,4330,22431,12726,9705
23,434,ratlam,Urban,45-49,25327,12915,12412,5944,1737,4207,19383,11178,8205
23,434,ratlam,Urban,50-54,20263,10760,9503,4976,1517,3459,15287,9243,6044
23,434,ratlam,Urban,55-59,14750,7563,7187,3823,991,2832,10927,6572,4355
23,434,ratlam,Urban,60-64,13316,6556,6760,4412,1115,3297,8904,5441,3463
23,434,ratlam,Urban,65-69,9280,4374,4906,3433,816,2617,5847,3558,2289
23,434,ratlam,Urban,70-74,7091,3329,3762,2990,714,2276,4101,2615,1486
23,434,ratlam,Urban,75-79,3680,1735,1945,1517,352,1165,2163,1383,780
23,434,ratlam,Urban,80+,4432,1859,2573,2192,487,1705,2240,1372,868
23,434,ratlam,Urban,Age not stated,149,76,73,33,16,17,116,60,56
23,435,ujjain,Total,All ages,1986864,1016289,970575,745874,285472,460402,1240990,730817,510173
23,435,ujjain,Total,0-6,271306,140597,130709,271306,140597,130709,0,0,0
23,435,ujjain,Total,7,42309,21620,20689,9940,4984,4956,32369,16636,15733
23,435,ujjain,Total,8,44892,23340,21552,4937,2394,2543,39955,20946,19009
23,435,ujjain,Total,9,38209,19611,18598,2636,1176,1460,35573,18435,17138
23,435,ujjain,Total,10,51058,26361,24697,3558,1616,1942,47500,24745,22755
23,435,ujjain,Total,11,41456,21429,20027,1911,789,1122,39545,20640,18905
23,435,ujjain,Total,12,47188,24799,22389,2732,1122,1610,44456,23677,20779
23,435,ujjain,Total,13,39531,20610,18921,2210,859,1351,37321,19751,17570
23,435,ujjain,Total,14,39692,20602,19090,2450,918,1532,37242,19684,17558
23,435,ujjain,Total,15,41895,22290,19605,3494,1334,2160,38401,20956,17445
23,435,ujjain,Total,16,38977,20942,18035,3483,1294,2189,35494,19648,15846
23,435,ujjain,Total,17,32874,17801,15073,3084,1043,2041,29790,16758,13032
23,435,ujjain,Total,18,48114,25087,23027,6485,1943,4542,41629,23144,18485
23,435,ujjain,Total,19,32952,17281,15671,4126,1162,2964,28826,16119,12707
23,435,ujjain,Total,20-24,183832,95506,88326,32158,8796,23362,151674,86710,64964
23,435,ujjain,Total,25-29,162464,82191,80273,38812,10334,28478,123652,71857,51795
23,435,ujjain,Total,30-34,148882,75566,73316,44118,12217,31901,104764,63349,41415
23,435,ujjain,Total,35-39,136963,69341,67622,47970,13689,34281,88993,55652,33341
23,435,ujjain,Total,40-44,119876,62299,57577,46754,14706,32048,73122,47593,25529
23,435,ujjain,Total,45-49,102581,52602,49979,42975,13183,29792,59606,39419,20187
23,435,ujjain,Total,50-54,81662,43807,37855,35413,12044,23369,46249,31763,14486
23,435,ujjain,Total,55-59,61541,29891,31650,29020,7659,21361,32521,22232,10289
23,435,ujjain,Total,60-64,60204,29633,30571,32051,9884,22167,28153,19749,8404
23,435,ujjain,Total,65-69,41976,19304,22672,24160,6678,17482,17816,12626,5190
23,435,ujjain,Total,70-74,34753,16240,18513,22286,7158,15128,12467,9082,3385
23,435,ujjain,Total,75-79,16753,7240,9513,10715,2962,7753,6038,4278,1760
23,435,ujjain,Total,80+,23613,9629,13984,16562,4713,11849,7051,4916,2135
23,435,ujjain,Total,Age not stated,1311,670,641,528,218,310,783,452,331
23,435,ujjain,Rural,All ages,1207651,616353,591298,536268,199362,336906,671383,416991,254392
23,435,ujjain,Rural,0-6,179161,92643,86518,179161,92643,86518,0,0,0
23,435,ujjain,Rural,7,28075,14280,13795,6751,3347,3404,21324,10933,10391
23,435,ujjain,Rural,8,30311,15632,14679,3420,1575,1845,26891,14057,12834
23,435,ujjain,Rural,9,24947,12644,12303,1807,780,1027,23140,11864,11276
23,435,ujjain,Rural,10,33906,17345,16561,2354,1013,1341,31552,16332,15220
23,435,ujjain,Rural,11,26815,13729,13086,1296,493,803,25519,13236,12283
23,435,ujjain,Rural,12,31154,16284,14870,1851,655,1196,29303,15629,13674
23,435,ujjain,Rural,13,25046,13033,12013,1494,519,975,23552,12514,11038
23,435,ujjain,Rural,14,24812,12894,11918,1700,549,1151,23112,12345,10767
23,435,ujjain,Rural,15,26495,14158,12337,2567,873,1694,23928,13285,10643
23,435,ujjain,Rural,16,23958,12986,10972,2571,856,1715,21387,12130,9257
23,435,ujjain,Rural,17,19083,10393,8690,2282,651,1631,16801,9742,7059
23,435,ujjain,Rural,18,29548,15216,14332,4997,1237,3760,24551,13979,10572
23,435,ujjain,Rural,19,18976,9851,9125,3160,708,2452,15816,9143,6673
23,435,ujjain,Rural,20-24,107902,56747,51155,25043,6098,18945,82859,50649,32210
23,435,ujjain,Rural,25-29,93999,47602,46397,30555,7631,22924,63444,39971,23473
23,435,ujjain,Rural,30-34,87726,44518,43208,34503,9148,25355,53223,35370,17853
23,435,ujjain,Rural,35-39,80127,40826,39301,36666,10217,26449,43461,30609,12852
23,435,ujjain,Rural,40-44,68969,36108,32861,35244,11064,24180,33725,25044,8681
23,435,ujjain,Rural,45-49,57351,29274,28077,32180,9890,22290,25171,19384,5787
23,435,ujjain,Rural,50-54,45160,24288,20872,26198,9121,17077,18962,15167,3795
23,435,ujjain,Rural,55-59,34616,16220,18396,21503,5781,15722,13113,10439,2674
23,435,ujjain,Rural,60-64,35370,17305,18065,23542,7578,15964,11828,9727,2101
23,435,ujjain,Rural,65-69,25309,11240,14069,17878,5102,12776,7431,6138,1293
23,435,ujjain,Rural,70-74,21961,10124,11837,16631,5600,11031,5330,4524,806
23,435,ujjain,Rural,75-79,10324,4231,6093,8068,2320,5748,2256,1911,345
23,435,ujjain,Rural,80+,15712,6352,9360,12476,3760,8716,3236,2592,644
23,435,ujjain,Rural,Age not stated,838,430,408,370,153,217,468,277,191
23,435,ujjain,Urban,All ages,779213,399936,379277,209606,86110,123496,569607,313826,255781
23,435,ujjain,Urban,0-6,92145,47954,44191,92145,47954,44191,0,0,0
23,435,ujjain,Urban,7,14234,7340,6894,3189,1637,1552,11045,5703,5342
23,435,ujjain,Urban,8,14581,7708,6873,1517,819,698,13064,6889,6175
23,435,ujjain,Urban,9,13262,6967,6295,829,396,433,12433,6571,5862
23,435,ujjain,Urban,10,17152,9016,8136,1204,603,601,15948,8413,7535
23,435,ujjain,Urban,11,14641,7700,6941,615,296,319,14026,7404,6622
23,435,ujjain,Urban,12,16034,8515,7519,881,467,414,15153,8048,7105
23,435,ujjain,Urban,13,14485,7577,6908,716,340,376,13769,7237,6532
23,435,ujjain,Urban,14,14880,7708,7172,750,369,381,14130,7339,6791
23,435,ujjain,Urban,15,15400,8132,7268,927,461,466,14473,7671,6802
23,435,ujjain,Urban,16,15019,7956,7063,912,438,474,14107,7518,6589
23,435,ujjain,Urban,17,13791,7408,6383,802,392,410,12989,7016,5973
23,435,ujjain,Urban,18,18566,9871,8695,1488,706,782,17078,9165,7913
23,435,ujjain,Urban,19,13976,7430,6546,966,454,512,13010,6976,6034
23,435,ujjain,Urban,20-24,75930,38759,37171,7115,2698,4417,68815,36061,32754
23,435,ujjain,Urban,25-29,68465,34589,33876,8257,2703,5554,60208,31886,28322
23,435,ujjain,Urban,30-34,61156,31048,30108,9615,3069,6546,51541,27979,23562
23,435,ujjain,Urban,35-39,56836,28515,28321,11304,3472,7832,45532,25043,20489
23,435,ujjain,Urban,40-44,50907,26191,24716,11510,3642,7868,39397,22549,16848
23,435,ujjain,Urban,45-49,45230,23328,21902,10795,3293,7502,34435,20035,14400
23,435,ujjain,Urban,50-54,36502,19519,16983,9215,2923,6292,27287,16596,10691
23,435,ujjain,Urban,55-59,26925,13671,13254,7517,1878,5639,19408,11793,7615
23,435,ujjain,Urban,60-64,24834,12328,12506,8509,2306,6203,16325,10022,6303
23,435,ujjain,Urban,65-69,16667,8064,8603,6282,1576,4706,10385,6488,3897
23,435,ujjain,Urban,70-74,12792,6116,6676,5655,1558,4097,7137,4558,2579
23,435,ujjain,Urban,75-79,6429,3009,3420,2647,642,2005,3782,2367,1415
23,435,ujjain,Urban,80+,7901,3277,4624,4086,953,3133,3815,2324,1491
23,435,ujjain,Urban,Age not stated,473,240,233,158,65,93,315,175,140
23,436,shajapur,Total,All ages,1512681,780520,732161,618069,237011,381058,894612,543509,351103
23,436,shajapur,Total,0-6,217759,113404,104355,217759,113404,104355,0,0,0
23,436,shajapur,Total,7,34428,17661,16767,7475,3692,3783,26953,13969,12984
23,436,shajapur,Total,8,39240,20292,18948,3740,1778,1962,35500,18514,16986
23,436,shajapur,Total,9,31729,16261,15468,1875,832,1043,29854,15429,14425
23,436,shajapur,Total,10,42818,22046,20772,2609,1135,1474,40209,20911,19298
23,436,shajapur,Total,11,32848,16873,15975,1349,599,750,31499,16274,15225
23,436,shajapur,Total,12,39659,20728,18931,1894,747,1147,37765,19981,17784
23,436,shajapur,Total,13,31962,16444,15518,1479,589,890,30483,15855,14628
23,436,shajapur,Total,14,31941,16596,15345,1749,649,1100,30192,15947,14245
23,436,shajapur,Total,15,33925,18256,15669,2614,1023,1591,31311,17233,14078
23,436,shajapur,Total,16,31117,16890,14227,2569,928,1641,28548,15962,12586
23,436,shajapur,Total,17,24780,13334,11446,2201,667,1534,22579,12667,9912
23,436,shajapur,Total,18,37347,19905,17442,4795,1312,3483,32552,18593,13959
23,436,shajapur,Total,19,23297,12334,10963,2909,670,2239,20388,11664,8724
23,436,shajapur,Total,20-24,133332,70676,62656,25626,6256,19370,107706,64420,43286
23,436,shajapur,Total,25-29,114979,58804,56175,31767,7869,23898,83212,50935,32277
23,436,shajapur,Total,30-34,108625,54671,53954,37039,9542,27497,71586,45129,26457
23,436,shajapur,Total,35-39,100434,51275,49159,40218,11053,29165,60216,40222,19994
23,436,shajapur,Total,40-44,88694,46434,42260,39648,11948,27700,49046,34486,14560
23,436,shajapur,Total,45-49,71988,37638,34350,35326,10946,24380,36662,26692,9970
23,436,shajapur,Total,50-54,55059,29985,25074,28914,10117,18797,26145,19868,6277
23,436,shajapur,Total,55-59,42810,20390,22420,24809,6814,17995,18001,13576,4425
23,436,shajapur,Total,60-64,44742,22419,22323,28310,9528,18782,16432,12891,3541
23,436,shajapur,Total,65-69,33992,16044,17948,23139,7421,15718,10853,8623,2230
23,436,shajapur,Total,70-74,28730,14378,14352,20874,7952,12922,7856,6426,1430
23,436,shajapur,Total,75-79,14574,6604,7970,10928,3624,7304,3646,2980,666
23,436,shajapur,Total,80+,20861,9654,11207,15985,5717,10268,4876,3937,939
23,436,shajapur,Total,Age not stated,1011,524,487,469,199,270,542,325,217
23,436,shajapur,Rural,All ages,1219133,629273,589860,528759,201903,326856,690374,427370,263004
23,436,shajapur,Rural,0-6,178681,93056,85625,178681,93056,85625,0,0,0
23,436,shajapur,Rural,7,28141,14421,13720,6279,3085,3194,21862,11336,10526
23,436,shajapur,Rural,8,32551,16728,15823,3205,1497,1708,29346,15231,14115
23,436,shajapur,Rural,9,26046,13303,12743,1546,676,870,24500,12627,11873
23,436,shajapur,Rural,10,35216,18099,17117,2123,893,1230,33093,17206,15887
23,436,shajapur,Rural,11,26639,13648,12991,1121,483,638,25518,13165,12353
23,436,shajapur,Rural,12,32478,16899,15579,1568,592,976,30910,16307,14603
23,436,shajapur,Rural,13,25871,13364,12507,1215,455,760,24656,12909,11747
23,436,shajapur,Rural,14,25670,13355,12315,1465,513,952,24205,12842,11363
23,436,shajapur,Rural,15,27358,14772,12586,2232,840,1392,25126,13932,11194
23,436,shajapur,Rural,16,24966,13574,11392,2222,766,1456,22744,12808,9936
23,436,shajapur,Rural,17,19481,10545,8936,1908,547,1361,17573,9998,7575
23,436,shajapur,Rural,18,30003,15988,14015,4233,1084,3149,25770,14904,10866
23,436,shajapur,Rural,19,18176,9642,8534,2536,539,1997,15640,9103,6537
23,436,shajapur,Rural,20-24,105466,56338,49128,22508,5337,17171,82958,51001,31957
23,436,shajapur,Rural,25-29,91106,46733,44373,28055,6862,21193,63051,39871,23180
23,436,shajapur,Rural,30-34,86340,43455,42885,32625,8414,24211,53715,35041,18674
23,436,shajapur,Rural,35-39,79916,40865,39051,35127,9721,25406,44789,31144,13645
23,436,shajapur,Rural,40-44,70443,36903,33540,34616,10588,24028,35827,26315,9512
23,436,shajapur,Rural,45-49,56859,29619,27240,30753,9686,21067,26106,19933,6173
23,436,shajapur,Rural,50-54,43243,23576,19667,25059,8985,16074,18184,14591,3593
23,436,shajapur,Rural,55-59,34265,16073,18192,21749,6103,15646,12516,9970,2546
23,436,shajapur,Rural,60-64,36639,18392,18247,24822,8573,16249,11817,9819,1998
23,436,shajapur,Rural,65-69,28314,13348,14966,20456,6705,13751,7858,6643,1215
23,436,shajapur,Rural,70-74,24166,12164,12002,18411,7197,11214,5755,4967,788
23,436,shajapur,Rural,75-79,12372,5626,6746,9702,3317,6385,2670,2309,361
23,436,shajapur,Rural,80+,17808,8310,9498,14104,5204,8900,3704,3106,598
23,436,shajapur,Rural,Age not stated,919,477,442,438,185,253,481,292,189
23,436,shajapur,Urban,All ages,293548,151247,142301,89310,35108,54202,204238,116139,88099
23,436,shajapur,Urban,0-6,39078,20348,18730,39078,20348,18730,0,0,0
23,436,shajapur,Urban,7,6287,3240,3047,1196,607,589,5091,2633,2458
23,436,shajapur,Urban,8,6689,3564,3125,535,281,254,6154,3283,2871
23,436,shajapur,Urban,9,5683,2958,2725,329,156,173,5354,2802,2552
23,436,shajapur,Urban,10,7602,3947,3655,486,242,244,7116,3705,3411
23,436,shajapur,Urban,11,6209,3225,2984,228,116,112,5981,3109,2872
23,436,shajapur,Urban,12,7181,3829,3352,326,155,171,6855,3674,3181
23,436,shajapur,Urban,13,6091,3080,3011,264,134,130,5827,2946,2881
23,436,shajapur,Urban,14,6271,3241,3030,284,136,148,5987,3105,2882
23,436,shajapur,Urban,15,6567,3484,3083,382,183,199,6185,3301,2884
23,436,shajapur,Urban,16,6151,3316,2835,347,162,185,5804,3154,2650
23,436,shajapur,Urban,17,5299,2789,2510,293,120,173,5006,2669,2337
23,436,shajapur,Urban,18,7344,3917,3427,562,228,334,6782,3689,3093
23,436,shajapur,Urban,19,5121,2692,2429,373,131,242,4748,2561,2187
23,436,shajapur,Urban,20-24,27866,14338,13528,3118,919,2199,24748,13419,11329
23,436,shajapur,Urban,25-29,23873,12071,11802,3712,1007,2705,20161,11064,9097
23,436,shajapur,Urban,30-34,22285,11216,11069,4414,1128,3286,17871,10088,7783
23,436,shajapur,Urban,35-39,20518,10410,10108,5091,1332,3759,15427,9078,6349
23,436,shajapur,Urban,40-44,18251,9531,8720,5032,1360,3672,13219,8171,5048
23,436,shajapur,Urban,45-49,15129,8019,7110,4573,1260,3313,10556,6759,3797
23,436,shajapur,Urban,50-54,11816,6409,5407,3855,1132,2723,7961,5277,2684
23,436,shajapur,Urban,55-59,8545,4317,4228,3060,711,2349,5485,3606,1879
23,436,shajapur,Urban,60-64,8103,4027,4076,3488,955,2533,4615,3072,1543
23,436,shajapur,Urban,65-69,5678,2696,2982,2683,716,1967,2995,1980,1015
23,436,shajapur,Urban,70-74,4564,2214,2350,2463,755,1708,2101,1459,642
23,436,shajapur,Urban,75-79,2202,978,1224,1226,307,919,976,671,305
23,436,shajapur,Urban,80+,3053,1344,1709,1881,513,1368,1172,831,341
23,436,shajapur,Urban,Age not stated,92,47,45,31,14,17,61,33,28
23,437,dewas,Total,All ages,1563715,805359,758356,638346,254643,383703,925369,550716,374653
23,437,dewas,Total,0-6,229339,119566,109773,229339,119566,109773,0,0,0
23,437,dewas,Total,7,34365,17760,16605,9108,4699,4409,25257,13061,12196
23,437,dewas,Total,8,38780,20107,18673,5288,2647,2641,33492,17460,16032
23,437,dewas,Total,9,31531,16408,15123,2759,1360,1399,28772,15048,13724
23,437,dewas,Total,10,42643,21932,20711,3884,1847,2037,38759,20085,18674
23,437,dewas,Total,11,34793,17762,17031,2112,1000,1112,32681,16762,15919
23,437,dewas,Total,12,39925,20969,18956,2912,1361,1551,37013,19608,17405
23,437,dewas,Total,13,32824,16910,15914,2287,982,1305,30537,15928,14609
23,437,dewas,Total,14,34028,17569,16459,2692,1167,1525,31336,16402,14934
23,437,dewas,Total,15,34396,18316,16080,3437,1572,1865,30959,16744,14215
23,437,dewas,Total,16,34011,18289,15722,3539,1498,2041,30472,16791,13681
23,437,dewas,Total,17,27927,15103,12824,2780,1125,1655,25147,13978,11169
23,437,dewas,Total,18,38206,20632,17574,5376,1982,3394,32830,18650,14180
23,437,dewas,Total,19,25459,13504,11955,3465,1065,2400,21994,12439,9555
23,437,dewas,Total,20-24,142601,74980,67621,28401,8494,19907,114200,66486,47714
23,437,dewas,Total,25-29,123126,62631,60495,33563,9811,23752,89563,52820,36743
23,437,dewas,Total,30-34,114817,58143,56674,38524,11280,27244,76293,46863,29430
23,437,dewas,Total,35-39,104858,53019,51839,41741,12347,29394,63117,40672,22445
23,437,dewas,Total,40-44,92390,48098,44292,40900,13231,27669,51490,34867,16623
23,437,dewas,Total,45-49,76583,39666,36917,37243,11939,25304,39340,27727,11613
23,437,dewas,Total,50-54,59350,32059,27291,30282,10774,19508,29068,21285,7783
23,437,dewas,Total,55-59,44525,21834,22691,24534,7117,17417,19991,14717,5274
23,437,dewas,Total,60-64,41918,21470,20448,25120,8749,16371,16798,12721,4077
23,437,dewas,Total,65-69,28818,13173,15645,18671,5623,13048,10147,7550,2597
23,437,dewas,Total,70-74,24699,12039,12660,17267,6264,11003,7432,5775,1657
23,437,dewas,Total,75-79,12270,5222,7048,8761,2601,6160,3509,2621,888
23,437,dewas,Total,80+,18700,7809,10891,13964,4384,9580,4736,3425,1311
23,437,dewas,Total,Age not stated,833,389,444,397,158,239,436,231,205
23,437,dewas,Rural,All ages,1111956,571720,540236,507662,201761,305901,604294,369959,234335
23,437,dewas,Rural,0-6,171150,89011,82139,171150,89011,82139,0,0,0
23,437,dewas,Rural,7,25394,13090,12304,7215,3673,3542,18179,9417,8762
23,437,dewas,Rural,8,29284,15077,14207,4359,2171,2188,24925,12906,12019
23,437,dewas,Rural,9,23270,12020,11250,2251,1096,1155,21019,10924,10095
23,437,dewas,Rural,10,31870,16254,15616,3190,1531,1659,28680,14723,13957
23,437,dewas,Rural,11,25566,12975,12591,1730,822,908,23836,12153,11683
23,437,dewas,Rural,12,29697,15450,14247,2450,1125,1325,27247,14325,12922
23,437,dewas,Rural,13,23596,12086,11510,1887,806,1081,21709,11280,10429
23,437,dewas,Rural,14,24627,12659,11968,2262,982,1280,22365,11677,10688
23,437,dewas,Rural,15,24652,13138,11514,2851,1293,1558,21801,11845,9956
23,437,dewas,Rural,16,24529,13242,11287,3021,1279,1742,21508,11963,9545
23,437,dewas,Rural,17,19347,10566,8781,2334,955,1379,17013,9611,7402
23,437,dewas,Rural,18,27057,14671,12386,4508,1620,2888,22549,13051,9498
23,437,dewas,Rural,19,17101,9058,8043,2900,877,2023,14201,8181,6020
23,437,dewas,Rural,20-24,97999,51946,46053,23876,7059,16817,74123,44887,29236
23,437,dewas,Rural,25-29,84647,43150,41497,28114,8235,19879,56533,34915,21618
23,437,dewas,Rural,30-34,80147,40597,39550,32193,9431,22762,47954,31166,16788
23,437,dewas,Rural,35-39,72127,36753,35374,34123,10284,23839,38004,26469,11535
23,437,dewas,Rural,40-44,62713,32774,29939,33267,10981,22286,29446,21793,7653
23,437,dewas,Rural,45-49,51667,26417,25250,30278,9920,20358,21389,16497,4892
23,437,dewas,Rural,50-54,40556,21803,18753,24693,9057,15636,15863,12746,3117
23,437,dewas,Rural,55-59,31109,14778,16331,20202,5954,14248,10907,8824,2083
23,437,dewas,Rural,60-64,30093,15447,14646,20383,7404,12979,9710,8043,1667
23,437,dewas,Rural,65-69,21028,9521,11507,15209,4754,10455,5819,4767,1052
23,437,dewas,Rural,70-74,18478,9080,9398,14094,5338,8756,4384,3742,642
23,437,dewas,Rural,75-79,9175,3807,5368,7230,2196,5034,1945,1611,334
23,437,dewas,Rural,80+,14392,6036,8356,11536,3769,7767,2856,2267,589
23,437,dewas,Rural,Age not stated,685,314,371,356,138,218,329,176,153
23,437,dewas,Urban,All ages,451759,233639,218120,130684,52882,77802,321075,180757,140318
23,437,dewas,Urban,0-6,58189,30555,27634,58189,30555,27634,0,0,0
23,437,dewas,Urban,7,8971,4670,4301,1893,1026,867,7078,3644,3434
23,437,dewas,Urban,8,9496,5030,4466,929,476,453,8567,4554,4013
23,437,dewas,Urban,9,8261,4388,3873,508,264,244,7753,4124,3629
23,437,dewas,Urban,10,10773,5678,5095,694,316,378,10079,5362,4717
23,437,dewas,Urban,11,9227,4787,4440,382,178,204,8845,4609,4236
23,437,dewas,Urban,12,10228,5519,4709,462,236,226,9766,5283,4483
23,437,dewas,Urban,13,9228,4824,4404,400,176,224,8828,4648,4180
23,437,dewas,Urban,14,9401,4910,4491,430,185,245,8971,4725,4246
23,437,dewas,Urban,15,9744,5178,4566,586,279,307,9158,4899,4259
23,437,dewas,Urban,16,9482,5047,4435,518,219,299,8964,4828,4136
23,437,dewas,Urban,17,8580,4537,4043,446,170,276,8134,4367,3767
23,437,dewas,Urban,18,11149,5961,5188,868,362,506,10281,5599,4682
23,437,dewas,Urban,19,8358,4446,3912,565,188,377,7793,4258,3535
23,437,dewas,Urban,20-24,44602,23034,21568,4525,1435,3090,40077,21599,18478
23,437,dewas,Urban,25-29,38479,19481,18998,5449,1576,3873,33030,17905,15125
23,437,dewas,Urban,30-34,34670,17546,17124,6331,1849,4482,28339,15697,12642
23,437,dewas,Urban,35-39,32731,16266,16465,7618,2063,5555,25113,14203,10910
23,437,dewas,Urban,40-44,29677,15324,14353,7633,2250,5383,22044,13074,8970
23,437,dewas,Urban,45-49,24916,13249,11667,6965,2019,4946,17951,11230,6721
23,437,dewas,Urban,50-54,18794,10256,8538,5589,1717,3872,13205,8539,4666
23,437,dewas,Urban,55-59,13416,7056,6360,4332,1163,3169,9084,5893,3191
23,437,dewas,Urban,60-64,11825,6023,5802,4737,1345,3392,7088,4678,2410
23,437,dewas,Urban,65-69,7790,3652,4138,3462,869,2593,4328,2783,1545
23,437,dewas,Urban,70-74,6221,2959,3262,3173,926,2247,3048,2033,1015
23,437,dewas,Urban,75-79,3095,1415,1680,1531,405,1126,1564,1010,554
23,437,dewas,Urban,80+,4308,1773,2535,2428,615,1813,1880,1158,722
23,437,dewas,Urban,Age not stated,148,75,73,41,20,21,107,55,52
23,438,dhar,Total,All ages,2185793,1112725,1073068,1108455,474246,634209,1077338,638479,438859
23,438,dhar,Total,0-6,359949,186684,173265,359949,186684,173265,0,0,0
23,438,dhar,Total,7,54152,27643,26509,18151,9203,8948,36001,18440,17561
23,438,dhar,Total,8,58879,30342,28537,12341,6243,6098,46538,24099,22439
23,438,dhar,Total,9,49012,24893,24119,7250,3502,3748,41762,21391,20371
23,438,dhar,Total,10,63021,32442,30579,9872,4873,4999,53149,27569,25580
23,438,dhar,Total,11,51341,26093,25248,6095,2939,3156,45246,23154,22092
23,438,dhar,Total,12,58264,29999,28265,8346,4036,4310,49918,25963,23955
23,438,dhar,Total,13,48471,24716,23755,6432,2908,3524,42039,21808,20231
23,438,dhar,Total,14,48943,25196,23747,7732,3464,4268,41211,21732,19479
23,438,dhar,Total,15,48575,25554,23021,9727,4272,5455,38848,21282,17566
23,438,dhar,Total,16,46215,24290,21925,9828,4183,5645,36387,20107,16280
23,438,dhar,Total,17,37190,19443,17747,7938,3146,4792,29252,16297,12955
23,438,dhar,Total,18,50080,25793,24287,14190,5080,9110,35890,20713,15177
23,438,dhar,Total,19,36316,17924,18392,10352,3194,7158,25964,14730,11234
23,438,dhar,Total,20-24,194000,99164,94836,69151,24241,44910,124849,74923,49926
23,438,dhar,Total,25-29,172918,87301,85617,73760,26812,46948,99158,60489,38669
23,438,dhar,Total,30-34,159590,80739,78851,74338,26886,47452,85252,53853,31399
23,438,dhar,Total,35-39,147326,74888,72438,76674,27849,48825,70652,47039,23613
23,438,dhar,Total,40-44,124159,64769,59390,70639,27423,43216,53520,37346,16174
23,438,dhar,Total,45-49,102168,52105,50063,63644,24837,38807,38524,27268,11256
23,438,dhar,Total,50-54,77202,41047,36155,49575,20909,28666,27627,20138,7489
23,438,dhar,Total,55-59,56467,27134,29333,38109,13907,24202,18358,13227,5131
23,438,dhar,Total,60-64,50225,24745,25480,35804,14166,21638,14421,10579,3842
23,438,dhar,Total,65-69,33004,14500,18504,24335,8234,16101,8669,6266,2403
23,438,dhar,Total,70-74,26869,12115,14754,20849,7628,13221,6020,4487,1533
23,438,dhar,Total,75-79,12398,5067,7331,9545,3003,6542,2853,2064,789
23,438,dhar,Total,80+,16885,7018,9867,12765,4151,8614,4120,2867,1253
23,438,dhar,Total,Age not stated,2174,1121,1053,1064,473,591,1110,648,462
23,438,dhar,Rural,All ages,1772572,895113,877459,976099,417282,558817,796473,477831,318642
23,438,dhar,Rural,0-6,300042,155148,144894,300042,155148,144894,0,0,0
23,438,dhar,Rural,7,45016,22886,22130,15964,8076,7888,29052,14810,14242
23,438,dhar,Rural,8,49745,25521,24224,11211,5648,5563,38534,19873,18661
23,438,dhar,Rural,9,41002,20676,20326,6547,3158,3389,34455,17518,16937
23,438,dhar,Rural,10,52909,27038,25871,8897,4394,4503,44012,22644,21368
23,438,dhar,Rural,11,42853,21606,21247,5559,2671,2888,37294,18935,18359
23,438,dhar,Rural,12,48980,25053,23927,7638,3683,3955,41342,21370,19972
23,438,dhar,Rural,13,40192,20354,19838,5900,2666,3234,34292,17688,16604
23,438,dhar,Rural,14,40706,20912,19794,7105,3193,3912,33601,17719,15882
23,438,dhar,Rural,15,40143,20962,19181,8932,3869,5063,31211,17093,14118
23,438,dhar,Rural,16,37973,19767,18206,9019,3796,5223,28954,15971,12983
23,438,dhar,Rural,17,30043,15590,14453,7286,2845,4441,22757,12745,10012
23,438,dhar,Rural,18,40518,20549,19969,13049,4597,8452,27469,15952,11517
23,438,dhar,Rural,19,28698,13894,14804,9561,2889,6672,19137,11005,8132
23,438,dhar,Rural,20-24,150776,76131,74645,63082,22046,41036,87694,54085,33609
23,438,dhar,Rural,25-29,133058,66689,66369,66564,24340,42224,66494,42349,24145
23,438,dhar,Rural,30-34,124208,62247,61961,66761,24382,42379,57447,37865,19582
23,438,dhar,Rural,35-39,116418,58630,57788,68996,25308,43688,47422,33322,14100
23,438,dhar,Rural,40-44,98828,50969,47859,63587,25038,38549,35241,25931,9310
23,438,dhar,Rural,45-49,82564,41461,41103,57484,22741,34743,25080,18720,6360
23,438,dhar,Rural,50-54,62881,33210,29671,44725,19233,25492,18156,13977,4179
23,438,dhar,Rural,55-59,46742,22232,24510,34619,12931,21688,12123,9301,2822
23,438,dhar,Rural,60-64,41655,20489,21166,32182,13049,19133,9473,7440,2033
23,438,dhar,Rural,65-69,27712,11972,15740,22010,7611,14399,5702,4361,1341
23,438,dhar,Rural,70-74,22751,10223,12528,18694,7028,11666,4057,3195,862
23,438,dhar,Rural,75-79,10400,4174,6226,8556,2746,5810,1844,1428,416
23,438,dhar,Rural,80+,13945,5798,8147,11176,3770,7406,2769,2028,741
23,438,dhar,Rural,Age not stated,1814,932,882,953,426,527,861,506,355
23,438,dhar,Urban,All ages,413221,217612,195609,132356,56964,75392,280865,160648,120217
23,438,dhar,Urban,0-6,59907,31536,28371,59907,31536,28371,0,0,0
23,438,dhar,Urban,7,9136,4757,4379,2187,1127,1060,6949,3630,3319
23,438,dhar,Urban,8,9134,4821,4313,1130,595,535,8004,4226,3778
23,438,dhar,Urban,9,8010,4217,3793,703,344,359,7307,3873,3434
23,438,dhar,Urban,10,10112,5404,4708,975,479,496,9137,4925,4212
23,438,dhar,Urban,11,8488,4487,4001,536,268,268,7952,4219,3733
23,438,dhar,Urban,12,9284,4946,4338,708,353,355,8576,4593,3983
23,438,dhar,Urban,13,8279,4362,3917,532,242,290,7747,4120,3627
23,438,dhar,Urban,14,8237,4284,3953,627,271,356,7610,4013,3597
23,438,dhar,Urban,15,8432,4592,3840,795,403,392,7637,4189,3448
23,438,dhar,Urban,16,8242,4523,3719,809,387,422,7433,4136,3297
23,438,dhar,Urban,17,7147,3853,3294,652,301,351,6495,3552,2943
23,438,dhar,Urban,18,9562,5244,4318,1141,483,658,8421,4761,3660
23,438,dhar,Urban,19,7618,4030,3588,791,305,486,6827,3725,3102
23,438,dhar,Urban,20-24,43224,23033,20191,6069,2195,3874,37155,20838,16317
23,438,dhar,Urban,25-29,39860,20612,19248,7196,2472,4724,32664,18140,14524
23,438,dhar,Urban,30-34,35382,18492,16890,7577,2504,5073,27805,15988,11817
23,438,dhar,Urban,35-39,30908,16258,14650,7678,2541,5137,23230,13717,9513
23,438,dhar,Urban,40-44,25331,13800,11531,7052,2385,4667,18279,11415,6864
23,438,dhar,Urban,45-49,19604,10644,8960,6160,2096,4064,13444,8548,4896
23,438,dhar,Urban,50-54,14321,7837,6484,4850,1676,3174,9471,6161,3310
23,438,dhar,Urban,55-59,9725,4902,4823,3490,976,2514,6235,3926,2309
23,438,dhar,Urban,60-64,8570,4256,4314,3622,1117,2505,4948,3139,1809
23,438,dhar,Urban,65-69,5292,2528,2764,2325,623,1702,2967,1905,1062
23,438,dhar,Urban,70-74,4118,1892,2226,2155,600,1555,1963,1292,671
23,438,dhar,Urban,75-79,1998,893,1105,989,257,732,1009,636,373
23,438,dhar,Urban,80+,2940,1220,1720,1589,381,1208,1351,839,512
23,438,dhar,Urban,Age not stated,360,189,171,111,47,64,249,142,107
23,439,indore,Total,All ages,3276697,1699627,1577070,967567,409996,557571,2309130,1289631,1019499
23,439,indore,Total,0-6,421380,221612,199768,421380,221612,199768,0,0,0
23,439,indore,Total,7,63610,33127,30483,15597,7964,7633,48013,25163,22850
23,439,indore,Total,8,63899,33439,30460,7916,3935,3981,55983,29504,26479
23,439,indore,Total,9,57929,30584,27345,5171,2670,2501,52758,27914,24844
23,439,indore,Total,10,72797,38680,34117,6357,3203,3154,66440,35477,30963
23,439,indore,Total,11,62938,33363,29575,3955,2026,1929,58983,31337,27646
23,439,indore,Total,12,66447,35322,31125,4122,2023,2099,62325,33299,29026
23,439,indore,Total,13,60579,31357,29222,3489,1627,1862,57090,29730,27360
23,439,indore,Total,14,61375,32328,29047,3857,1765,2092,57518,30563,26955
23,439,indore,Total,15,62507,33131,29376,4573,2162,2411,57934,30969,26965
23,439,indore,Total,16,61160,32792,28368,4594,2214,2380,56566,30578,25988
23,439,indore,Total,17,57197,30905,26292,4295,2039,2256,52902,28866,24036
23,439,indore,Total,18,74308,40356,33952,7046,3098,3948,67262,37258,30004
23,439,indore,Total,19,59444,31698,27746,5360,2089,3271,54084,29609,24475
23,439,indore,Total,20-24,327146,169302,157844,38297,13434,24863,288849,155868,132981
23,439,indore,Total,25-29,304554,154048,150506,45872,15028,30844,258682,139020,119662
23,439,indore,Total,30-34,270616,139133,131483,51061,16688,34373,219555,122445,97110
23,439,indore,Total,35-39,244194,125254,118940,56293,18157,38136,187901,107097,80804
23,439,indore,Total,40-44,205915,108300,97615,53482,18456,35026,152433,89844,62589
23,439,indore,Total,45-49,173739,90924,82815,48328,16472,31856,125411,74452,50959
23,439,indore,Total,50-54,133384,71256,62128,38508,13495,25013,94876,57761,37115
23,439,indore,Total,55-59,101571,51045,50526,30799,8620,22179,70772,42425,28347
23,439,indore,Total,60-64,92507,46895,45612,32939,10118,22821,59568,36777,22791
23,439,indore,Total,65-69,61350,30199,31151,23276,6515,16761,38074,23684,14390
23,439,indore,Total,70-74,46750,22786,23964,20964,6245,14719,25786,16541,9245
23,439,indore,Total,75-79,23819,11034,12785,10214,2654,7560,13605,8380,5225
23,439,indore,Total,80+,33715,14516,19199,16979,4443,12536,16736,10073,6663
23,439,indore,Total,Age not stated,11867,6241,5626,2843,1244,1599,9024,4997,4027
23,439,indore,Rural,All ages,848988,436755,412233,349851,136856,212995,499137,299899,199238
23,439,indore,Rural,0-6,124904,65330,59574,124904,65330,59574,0,0,0
23,439,indore,Rural,7,18319,9359,8960,5041,2534,2507,13278,6825,6453
23,439,indore,Rural,8,20297,10548,9749,2799,1366,1433,17498,9182,8316
23,439,indore,Rural,9,16810,8669,8141,1556,786,770,15254,7883,7371
23,439,indore,Rural,10,22423,11623,10800,1994,955,1039,20429,10668,9761
23,439,indore,Rural,11,18257,9513,8744,1200,571,629,17057,8942,8115
23,439,indore,Rural,12,20992,10916,10076,1434,659,775,19558,10257,9301
23,439,indore,Rural,13,17585,8883,8702,1148,480,668,16437,8403,8034
23,439,indore,Rural,14,17972,9330,8642,1343,553,790,16629,8777,7852
23,439,indore,Rural,15,17740,9477,8263,1613,699,914,16127,8778,7349
23,439,indore,Rural,16,17307,9285,8022,1666,726,940,15641,8559,7082
23,439,indore,Rural,17,14679,8015,6664,1472,574,898,13207,7441,5766
23,439,indore,Rural,18,20271,10917,9354,2745,975,1770,17526,9942,7584
23,439,indore,Rural,19,14285,7615,6670,2009,613,1396,12276,7002,5274
23,439,indore,Rural,20-24,79604,41665,37939,15092,4344,10748,64512,37321,27191
23,439,indore,Rural,25-29,70349,35710,34639,18495,5104,13391,51854,30606,21248
23,439,indore,Rural,30-34,64597,32866,31731,21901,6289,15612,42696,26577,16119
23,439,indore,Rural,35-39,59209,30275,28934,24210,7098,17112,34999,23177,11822
23,439,indore,Rural,40-44,50023,26352,23671,23367,7517,15850,26656,18835,7821
23,439,indore,Rural,45-49,40710,21167,19543,20944,6836,14108,19766,14331,5435
23,439,indore,Rural,50-54,30839,16545,14294,16788,5880,10908,14051,10665,3386
23,439,indore,Rural,55-59,23737,11274,12463,13643,3716,9927,10094,7558,2536
23,439,indore,Rural,60-64,22554,11282,11272,13718,4401,9317,8836,6881,1955
23,439,indore,Rural,65-69,15309,6946,8363,9852,2737,7115,5457,4209,1248
23,439,indore,Rural,70-74,12972,5953,7019,9000,2778,6222,3972,3175,797
23,439,indore,Rural,75-79,6092,2546,3546,4348,1172,3176,1744,1374,370
23,439,indore,Rural,80+,9795,3984,5811,7093,1972,5121,2702,2012,690
23,439,indore,Rural,Age not stated,1357,710,647,476,191,285,881,519,362
23,439,indore,Urban,All ages,2427709,1262872,1164837,617716,273140,344576,1809993,989732,820261
23,439,indore,Urban,0-6,296476,156282,140194,296476,156282,140194,0,0,0
23,439,indore,Urban,7,45291,23768,21523,10556,5430,5126,34735,18338,16397
23,439,indore,Urban,8,43602,22891,20711,5117,2569,2548,38485,20322,18163
23,439,indore,Urban,9,41119,21915,19204,3615,1884,1731,37504,20031,17473
23,439,indore,Urban,10,50374,27057,23317,4363,2248,2115,46011,24809,21202
23,439,indore,Urban,11,44681,23850,20831,2755,1455,1300,41926,22395,19531
23,439,indore,Urban,12,45455,24406,21049,2688,1364,1324,42767,23042,19725
23,439,indore,Urban,13,42994,22474,20520,2341,1147,1194,40653,21327,19326
23,439,indore,Urban,14,43403,22998,20405,2514,1212,1302,40889,21786,19103
23,439,indore,Urban,15,44767,23654,21113,2960,1463,1497,41807,22191,19616
23,439,indore,Urban,16,43853,23507,20346,2928,1488,1440,40925,22019,18906
23,439,indore,Urban,17,42518,22890,19628,2823,1465,1358,39695,21425,18270
23,439,indore,Urban,18,54037,29439,24598,4301,2123,2178,49736,27316,22420
23,439,indore,Urban,19,45159,24083,21076,3351,1476,1875,41808,22607,19201
23,439,indore,Urban,20-24,247542,127637,119905,23205,9090,14115,224337,118547,105790
23,439,indore,Urban,25-29,234205,118338,115867,27377,9924,17453,206828,108414,98414
23,439,indore,Urban,30-34,206019,106267,99752,29160,10399,18761,176859,95868,80991
23,439,indore,Urban,35-39,184985,94979,90006,32083,11059,21024,152902,83920,68982
23,439,indore,Urban,40-44,155892,81948,73944,30115,10939,19176,125777,71009,54768
23,439,indore,Urban,45-49,133029,69757,63272,27384,9636,17748,105645,60121,45524
23,439,indore,Urban,50-54,102545,54711,47834,21720,7615,14105,80825,47096,33729
23,439,indore,Urban,55-59,77834,39771,38063,17156,4904,12252,60678,34867,25811
23,439,indore,Urban,60-64,69953,35613,34340,19221,5717,13504,50732,29896,20836
23,439,indore,Urban,65-69,46041,23253,22788,13424,3778,9646,32617,19475,13142
23,439,indore,Urban,70-74,33778,16833,16945,11964,3467,8497,21814,13366,8448
23,439,indore,Urban,75-79,17727,8488,9239,5866,1482,4384,11861,7006,4855
23,439,indore,Urban,80+,23920,10532,13388,9886,2471,7415,14034,8061,5973
23,439,indore,Urban,Age not stated,10510,5531,4979,2367,1053,1314,8143,4478,3665
23,440,khargone (west nimar),Total,All ages,1873046,953121,919925,886812,377693,509119,986234,575428,410806
23,440,khargone (west nimar),Total,0-6,299990,154758,145232,299990,154758,145232,0,0,0
23,440,khargone (west nimar),Total,7,44490,22426,22064,14950,7566,7384,29540,14860,14680
23,440,khargone (west nimar),Total,8,51691,26074,25617,11623,5994,5629,40068,20080,19988
23,440,khargone (west nimar),Total,9,41259,20760,20499,6566,3346,3220,34693,17414,17279
23,440,khargone (west nimar),Total,10,54995,27991,27004,9517,4835,4682,45478,23156,22322
23,440,khargone (west nimar),Total,11,42790,21540,21250,5293,2596,2697,37497,18944,18553
23,440,khargone (west nimar),Total,12,50744,25712,25032,7853,3863,3990,42891,21849,21042
23,440,khargone (west nimar),Total,13,40980,20559,20421,5739,2712,3027,35241,17847,17394
23,440,khargone (west nimar),Total,14,42582,21475,21107,6970,3279,3691,35612,18196,17416
23,440,khargone (west nimar),Total,15,41268,21541,19727,7728,3715,4013,33540,17826,15714
23,440,khargone (west nimar),Total,16,41008,21139,19869,8228,3791,4437,32780,17348,15432
23,440,khargone (west nimar),Total,17,33274,17388,15886,6171,2655,3516,27103,14733,12370
23,440,khargone (west nimar),Total,18,44546,23389,21157,11303,4647,6656,33243,18742,14501
23,440,khargone (west nimar),Total,19,31019,15943,15076,7507,2607,4900,23512,13336,10176
23,440,khargone (west nimar),Total,20-24,163882,85680,78202,52332,19528,32804,111550,66152,45398
23,440,khargone (west nimar),Total,25-29,142348,72398,69950,55682,20692,34990,86666,51706,34960
23,440,khargone (west nimar),Total,30-34,134521,67516,67005,57258,20912,36346,77263,46604,30659
23,440,khargone (west nimar),Total,35-39,121752,62717,59035,55376,20535,34841,66376,42182,24194
23,440,khargone (west nimar),Total,40-44,104742,53759,50983,52018,18980,33038,52724,34779,17945
23,440,khargone (west nimar),Total,45-49,89233,46028,43205,47116,17090,30026,42117,28938,13179
23,440,khargone (west nimar),Total,50-54,67921,36177,31744,37133,14318,22815,30788,21859,8929
23,440,khargone (west nimar),Total,55-59,51088,25107,25981,29149,9516,19633,21939,15591,6348
23,440,khargone (west nimar),Total,60-64,46648,22831,23817,29209,10031,19178,17439,12800,4639
23,440,khargone (west nimar),Total,65-69,33829,15304,18525,22211,6847,15364,11618,8457,3161
23,440,khargone (west nimar),Total,70-74,26118,12220,13898,18360,6356,12004,7758,5864,1894
23,440,khargone (west nimar),Total,75-79,12415,5198,7217,8815,2527,6288,3600,2671,929
23,440,khargone (west nimar),Total,80+,16551,6787,9764,11997,3676,8321,4554,3111,1443
23,440,khargone (west nimar),Total,Age not stated,1362,704,658,718,321,397,644,383,261
23,440,khargone (west nimar),Rural,All ages,1574190,799396,774794,801401,341625,459776,772789,457771,315018
23,440,khargone (west nimar),Rural,0-6,261527,134532,126995,261527,134532,126995,0,0,0
23,440,khargone (west nimar),Rural,7,38443,19267,19176,13688,6894,6794,24755,12373,12382
23,440,khargone (west nimar),Rural,8,45410,22799,22611,10865,5582,5283,34545,17217,17328
23,440,khargone (west nimar),Rural,9,35777,17890,17887,6122,3113,3009,29655,14777,14878
23,440,khargone (west nimar),Rural,10,47840,24220,23620,8849,4483,4366,38991,19737,19254
23,440,khargone (west nimar),Rural,11,36732,18416,18316,4934,2403,2531,31798,16013,15785
23,440,khargone (west nimar),Rural,12,43848,22103,21745,7329,3591,3738,36519,18512,18007
23,440,khargone (west nimar),Rural,13,34879,17447,17432,5350,2510,2840,29529,14937,14592
23,440,khargone (west nimar),Rural,14,36055,18124,17931,6491,3050,3441,29564,15074,14490
23,440,khargone (west nimar),Rural,15,34724,18071,16653,7198,3439,3759,27526,14632,12894
23,440,khargone (west nimar),Rural,16,34516,17743,16773,7712,3519,4193,26804,14224,12580
23,440,khargone (west nimar),Rural,17,27454,14375,13079,5728,2439,3289,21726,11936,9790
23,440,khargone (west nimar),Rural,18,37220,19431,17789,10580,4274,6306,26640,15157,11483
23,440,khargone (west nimar),Rural,19,25340,12888,12452,7000,2390,4610,18340,10498,7842
23,440,khargone (west nimar),Rural,20-24,134634,70361,64273,48933,18183,30750,85701,52178,33523
23,440,khargone (west nimar),Rural,25-29,117853,60146,57707,52043,19425,32618,65810,40721,25089
23,440,khargone (west nimar),Rural,30-34,111787,56189,55598,53207,19568,33639,58580,36621,21959
23,440,khargone (west nimar),Rural,35-39,100533,52165,48368,50888,19088,31800,49645,33077,16568
23,440,khargone (west nimar),Rural,40-44,85722,43874,41848,47574,17567,30007,38148,26307,11841
23,440,khargone (west nimar),Rural,45-49,72836,37376,35460,43055,15864,27191,29781,21512,8269
23,440,khargone (west nimar),Rural,50-54,55372,29450,25922,33841,13314,20527,21531,16136,5395
23,440,khargone (west nimar),Rural,55-59,41722,20263,21459,26514,8877,17637,15208,11386,3822
23,440,khargone (west nimar),Rural,60-64,38598,18850,19748,26396,9333,17063,12202,9517,2685
23,440,khargone (west nimar),Rural,65-69,28121,12567,15554,20014,6328,13686,8107,6239,1868
23,440,khargone (west nimar),Rural,70-74,21844,10193,11651,16441,5855,10586,5403,4338,1065
23,440,khargone (west nimar),Rural,75-79,10298,4280,6018,7840,2328,5512,2458,1952,506
23,440,khargone (west nimar),Rural,80+,13923,5760,8163,10627,3391,7236,3296,2369,927
23,440,khargone (west nimar),Rural,Age not stated,1182,616,566,655,285,370,527,331,196
23,440,khargone (west nimar),Urban,All ages,298856,153725,145131,85411,36068,49343,213445,117657,95788
23,440,khargone (west nimar),Urban,0-6,38463,20226,18237,38463,20226,18237,0,0,0
23,440,khargone (west nimar),Urban,7,6047,3159,2888,1262,672,590,4785,2487,2298
23,440,khargone (west nimar),Urban,8,6281,3275,3006,758,412,346,5523,2863,2660
23,440,khargone (west nimar),Urban,9,5482,2870,2612,444,233,211,5038,2637,2401
23,440,khargone (west nimar),Urban,10,7155,3771,3384,668,352,316,6487,3419,3068
23,440,khargone (west nimar),Urban,11,6058,3124,2934,359,193,166,5699,2931,2768
23,440,khargone (west nimar),Urban,12,6896,3609,3287,524,272,252,6372,3337,3035
23,440,khargone (west nimar),Urban,13,6101,3112,2989,389,202,187,5712,2910,2802
23,440,khargone (west nimar),Urban,14,6527,3351,3176,479,229,250,6048,3122,2926
23,440,khargone (west nimar),Urban,15,6544,3470,3074,530,276,254,6014,3194,2820
23,440,khargone (west nimar),Urban,16,6492,3396,3096,516,272,244,5976,3124,2852
23,440,khargone (west nimar),Urban,17,5820,3013,2807,443,216,227,5377,2797,2580
23,440,khargone (west nimar),Urban,18,7326,3958,3368,723,373,350,6603,3585,3018
23,440,khargone (west nimar),Urban,19,5679,3055,2624,507,217,290,5172,2838,2334
23,440,khargone (west nimar),Urban,20-24,29248,15319,13929,3399,1345,2054,25849,13974,11875
23,440,khargone (west nimar),Urban,25-29,24495,12252,12243,3639,1267,2372,20856,10985,9871
23,440,khargone (west nimar),Urban,30-34,22734,11327,11407,4051,1344,2707,18683,9983,8700
23,440,khargone (west nimar),Urban,35-39,21219,10552,10667,4488,1447,3041,16731,9105,7626
23,440,khargone (west nimar),Urban,40-44,19020,9885,9135,4444,1413,3031,14576,8472,6104
23,440,khargone (west nimar),Urban,45-49,16397,8652,7745,4061,1226,2835,12336,7426,4910
23,440,khargone (west nimar),Urban,50-54,12549,6727,5822,3292,1004,2288,9257,5723,3534
23,440,khargone (west nimar),Urban,55-59,9366,4844,4522,2635,639,1996,6731,4205,2526
23,440,khargone (west nimar),Urban,60-64,8050,3981,4069,2813,698,2115,5237,3283,1954
23,440,khargone (west nimar),Urban,65-69,5708,2737,2971,2197,519,1678,3511,2218,1293
23,440,khargone (west nimar),Urban,70-74,4274,2027,2247,1919,501,1418,2355,1526,829
23,440,khargone (west nimar),Urban,75-79,2117,918,1199,975,199,776,1142,719,423
23,440,khargone (west nimar),Urban,80+,2628,1027,1601,1370,285,1085,1258,742,516
23,440,khargone (west nimar),Urban,Age not stated,180,88,92,63,36,27,117,52,65
23,441,barwani,Total,All ages,1385881,699340,686541,835955,385698,450257,549926,313642,236284
23,441,barwani,Total,0-6,265299,136212,129087,265299,136212,129087,0,0,0
23,441,barwani,Total,7,37018,18809,18209,17094,8830,8264,19924,9979,9945
23,441,barwani,Total,8,46824,23324,23500,15053,7738,7315,31771,15586,16185
23,441,barwani,Total,9,33380,16831,16549,7999,4224,3775,25381,12607,12774
23,441,barwani,Total,10,48621,24604,24017,12663,6657,6006,35958,17947,18011
23,441,barwani,Total,11,32179,15958,16221,6253,3205,3048,25926,12753,13173
23,441,barwani,Total,12,41830,21030,20800,10279,5256,5023,31551,15774,15777
23,441,barwani,Total,13,30383,15074,15309,6958,3265,3693,23425,11809,11616
23,441,barwani,Total,14,32289,16423,15866,8644,4199,4445,23645,12224,11421
23,441,barwani,Total,15,29995,15511,14484,9287,4579,4708,20708,10932,9776
23,441,barwani,Total,16,29873,15542,14331,9929,4666,5263,19944,10876,9068
23,441,barwani,Total,17,21473,10842,10631,7031,2965,4066,14442,7877,6565
23,441,barwani,Total,18,32988,16237,16751,14423,5634,8789,18565,10603,7962
23,441,barwani,Total,19,21084,9803,11281,9180,3086,6094,11904,6717,5187
23,441,barwani,Total,20-24,118808,60228,58580,61739,25626,36113,57069,34602,22467
23,441,barwani,Total,25-29,101621,51265,50356,59834,25707,34127,41787,25558,16229
23,441,barwani,Total,30-34,92196,46583,45613,56558,24690,31868,35638,21893,13745
23,441,barwani,Total,35-39,82212,41656,40556,52229,22134,30095,29983,19522,10461
23,441,barwani,Total,40-44,70761,36768,33993,47163,20891,26272,23598,15877,7721
23,441,barwani,Total,45-49,57664,29200,28464,39990,17171,22819,17674,12029,5645
23,441,barwani,Total,50-54,43695,23194,20501,30913,14307,16606,12782,8887,3895
23,441,barwani,Total,55-59,33330,15932,17398,24149,9626,14523,9181,6306,2875
23,441,barwani,Total,60-64,30538,15087,15451,22993,9816,13177,7545,5271,2274
23,441,barwani,Total,65-69,20645,9337,11308,15759,5912,9847,4886,3425,1461
23,441,barwani,Total,70-74,14928,7025,7903,11907,4819,7088,3021,2206,815
23,441,barwani,Total,75-79,6614,2788,3826,5181,1786,3395,1433,1002,431
23,441,barwani,Total,80+,8844,3669,5175,6899,2424,4475,1945,1245,700
23,441,barwani,Total,Age not stated,789,408,381,549,273,276,240,135,105
23,441,barwani,Rural,All ages,1181812,594907,586905,768660,356645,412015,413152,238262,174890
23,441,barwani,Rural,0-6,237316,121431,115885,237316,121431,115885,0,0,0
23,441,barwani,Rural,7,32624,16537,16087,16011,8273,7738,16613,8264,8349
23,441,barwani,Rural,8,42140,20902,21238,14390,7403,6987,27750,13499,14251
23,441,barwani,Rural,9,29459,14754,14705,7624,4027,3597,21835,10727,11108
23,441,barwani,Rural,10,43401,21826,21575,12084,6334,5750,31317,15492,15825
23,441,barwani,Rural,11,27958,13737,14221,5971,3054,2917,21987,10683,11304
23,441,barwani,Rural,12,36929,18443,18486,9831,5009,4822,27098,13434,13664
23,441,barwani,Rural,13,26061,12834,13227,6621,3100,3521,19440,9734,9706
23,441,barwani,Rural,14,27821,14096,13725,8253,3989,4264,19568,10107,9461
23,441,barwani,Rural,15,25322,13062,12260,8814,4336,4478,16508,8726,7782
23,441,barwani,Rural,16,25293,13171,12122,9480,4445,5035,15813,8726,7087
23,441,barwani,Rural,17,17590,8832,8758,6675,2779,3896,10915,6053,4862
23,441,barwani,Rural,18,27917,13519,14398,13690,5267,8423,14227,8252,5975
23,441,barwani,Rural,19,17622,8042,9580,8747,2912,5835,8875,5130,3745
23,441,barwani,Rural,20-24,99743,50493,49250,58696,24386,34310,41047,26107,14940
23,441,barwani,Rural,25-29,85002,42989,42013,56598,24526,32072,28404,18463,9941
23,441,barwani,Rural,30-34,76693,38826,37867,53046,23421,29625,23647,15405,8242
23,441,barwani,Rural,35-39,67819,34394,33425,48523,20839,27684,19296,13555,5741
23,441,barwani,Rural,40-44,58170,30155,28015,43594,19658,23936,14576,10497,4079
23,441,barwani,Rural,45-49,47217,23833,23384,36741,16098,20643,10476,7735,2741
23,441,barwani,Rural,50-54,35614,18884,16730,28231,13380,14851,7383,5504,1879
23,441,barwani,Rural,55-59,27426,12987,14439,22067,9015,13052,5359,3972,1387
23,441,barwani,Rural,60-64,25024,12422,12602,20593,9150,11443,4431,3272,1159
23,441,barwani,Rural,65-69,16695,7544,9151,13905,5415,8490,2790,2129,661
23,441,barwani,Rural,70-74,11966,5677,6289,10290,4354,5936,1676,1323,353
23,441,barwani,Rural,75-79,5232,2169,3063,4493,1604,2889,739,565,174
23,441,barwani,Rural,80+,7060,2991,4069,5864,2187,3677,1196,804,392
23,441,barwani,Rural,Age not stated,698,357,341,512,253,259,186,104,82
23,441,barwani,Urban,All ages,204069,104433,99636,67295,29053,38242,136774,75380,61394
23,441,barwani,Urban,0-6,27983,14781,13202,27983,14781,13202,0,0,0
23,441,barwani,Urban,7,4394,2272,2122,1083,557,526,3311,1715,1596
23,441,barwani,Urban,8,4684,2422,2262,663,335,328,4021,2087,1934
23,441,barwani,Urban,9,3921,2077,1844,375,197,178,3546,1880,1666
23,441,barwani,Urban,10,5220,2778,2442,579,323,256,4641,2455,2186
23,441,barwani,Urban,11,4221,2221,2000,282,151,131,3939,2070,1869
23,441,barwani,Urban,12,4901,2587,2314,448,247,201,4453,2340,2113
23,441,barwani,Urban,13,4322,2240,2082,337,165,172,3985,2075,1910
23,441,barwani,Urban,14,4468,2327,2141,391,210,181,4077,2117,1960
23,441,barwani,Urban,15,4673,2449,2224,473,243,230,4200,2206,1994
23,441,barwani,Urban,16,4580,2371,2209,449,221,228,4131,2150,1981
23,441,barwani,Urban,17,3883,2010,1873,356,186,170,3527,1824,1703
23,441,barwani,Urban,18,5071,2718,2353,733,367,366,4338,2351,1987
23,441,barwani,Urban,19,3462,1761,1701,433,174,259,3029,1587,1442
23,441,barwani,Urban,20-24,19065,9735,9330,3043,1240,1803,16022,8495,7527
23,441,barwani,Urban,25-29,16619,8276,8343,3236,1181,2055,13383,7095,6288
23,441,barwani,Urban,30-34,15503,7757,7746,3512,1269,2243,11991,6488,5503
23,441,barwani,Urban,35-39,14393,7262,7131,3706,1295,2411,10687,5967,4720
23,441,barwani,Urban,40-44,12591,6613,5978,3569,1233,2336,9022,5380,3642
23,441,barwani,Urban,45-49,10447,5367,5080,3249,1073,2176,7198,4294,2904
23,441,barwani,Urban,50-54,8081,4310,3771,2682,927,1755,5399,3383,2016
23,441,barwani,Urban,55-59,5904,2945,2959,2082,611,1471,3822,2334,1488
23,441,barwani,Urban,60-64,5514,2665,2849,2400,666,1734,3114,1999,1115
23,441,barwani,Urban,65-69,3950,1793,2157,1854,497,1357,2096,1296,800
23,441,barwani,Urban,70-74,2962,1348,1614,1617,465,1152,1345,883,462
23,441,barwani,Urban,75-79,1382,619,763,688,182,506,694,437,257
23,441,barwani,Urban,80+,1784,678,1106,1035,237,798,749,441,308
23,441,barwani,Urban,Age not stated,91,51,40,37,20,17,54,31,23
23,442,rajgarh,Total,All ages,1545814,790212,755602,741569,301415,440154,804245,488797,315448
23,442,rajgarh,Total,0-6,231987,120815,111172,231987,120815,111172,0,0,0
23,442,rajgarh,Total,7,35822,18364,17458,10592,5242,5350,25230,13122,12108
23,442,rajgarh,Total,8,41132,21111,20021,5745,2704,3041,35387,18407,16980
23,442,rajgarh,Total,9,33213,16989,16224,3054,1381,1673,30159,15608,14551
23,442,rajgarh,Total,10,44832,22972,21860,3907,1781,2126,40925,21191,19734
23,442,rajgarh,Total,11,34310,17594,16716,2214,996,1218,32096,16598,15498
23,442,rajgarh,Total,12,41660,21393,20267,3067,1231,1836,38593,20162,18431
23,442,rajgarh,Total,13,32494,16466,16028,2222,836,1386,30272,15630,14642
23,442,rajgarh,Total,14,32417,16557,15860,2798,1007,1791,29619,15550,14069
23,442,rajgarh,Total,15,34153,18000,16153,4148,1562,2586,30005,16438,13567
23,442,rajgarh,Total,16,30809,15973,14836,3865,1327,2538,26944,14646,12298
23,442,rajgarh,Total,17,24669,12878,11791,3283,1005,2278,21386,11873,9513
23,442,rajgarh,Total,18,37923,18831,19092,7321,1941,5380,30602,16890,13712
23,442,rajgarh,Total,19,24589,12159,12430,4790,1104,3686,19799,11055,8744
23,442,rajgarh,Total,20-24,138444,70814,67630,37612,9745,27867,100832,61069,39763
23,442,rajgarh,Total,25-29,116776,59325,57451,43381,12301,31080,73395,47024,26371
23,442,rajgarh,Total,30-34,107835,53987,53848,49335,14877,34458,58500,39110,19390
23,442,rajgarh,Total,35-39,99126,50623,48503,51028,16841,34187,48098,33782,14316
23,442,rajgarh,Total,40-44,86417,45293,41124,48913,17772,31141,37504,27521,9983
23,442,rajgarh,Total,45-49,69840,36229,33611,42311,15654,26657,27529,20575,6954
23,442,rajgarh,Total,50-54,52746,28989,23757,33300,13989,19311,19446,15000,4446
23,442,rajgarh,Total,55-59,41763,19591,22172,28365,9362,19003,13398,10229,3169
23,442,rajgarh,Total,60-64,48495,24162,24333,35649,13988,21661,12846,10174,2672
23,442,rajgarh,Total,65-69,38263,18340,19923,29444,11371,18073,8819,6969,1850
23,442,rajgarh,Total,70-74,29721,15496,14225,23751,10601,13150,5970,4895,1075
23,442,rajgarh,Total,75-79,14602,6769,7833,11980,4674,7306,2622,2095,527
23,442,rajgarh,Total,80+,20857,10012,10845,17147,7175,9972,3710,2837,873
23,442,rajgarh,Total,Age not stated,919,480,439,360,133,227,559,347,212
23,442,rajgarh,Rural,All ages,1269357,648407,620950,649044,263813,385231,620313,384594,235719
23,442,rajgarh,Rural,0-6,193193,100462,92731,193193,100462,92731,0,0,0
23,442,rajgarh,Rural,7,29657,15171,14486,9087,4463,4624,20570,10708,9862
23,442,rajgarh,Rural,8,34585,17706,16879,5000,2350,2650,29585,15356,14229
23,442,rajgarh,Rural,9,27536,13988,13548,2599,1157,1442,24937,12831,12106
23,442,rajgarh,Rural,10,37743,19282,18461,3356,1500,1856,34387,17782,16605
23,442,rajgarh,Rural,11,28221,14425,13796,1881,808,1073,26340,13617,12723
23,442,rajgarh,Rural,12,34794,17858,16936,2691,1051,1640,32103,16807,15296
23,442,rajgarh,Rural,13,26697,13513,13184,1924,701,1223,24773,12812,11961
23,442,rajgarh,Rural,14,26458,13432,13026,2443,843,1600,24015,12589,11426
23,442,rajgarh,Rural,15,28004,14749,13255,3652,1339,2313,24352,13410,10942
23,442,rajgarh,Rural,16,25013,12944,12069,3444,1134,2310,21569,11810,9759
23,442,rajgarh,Rural,17,19587,10197,9390,2907,848,2059,16680,9349,7331
23,442,rajgarh,Rural,18,31196,15353,15843,6616,1660,4956,24580,13693,10887
23,442,rajgarh,Rural,19,19680,9661,10019,4321,963,3358,15359,8698,6661
23,442,rajgarh,Rural,20-24,112018,57406,54612,33844,8543,25301,78174,48863,29311
23,442,rajgarh,Rural,25-29,93541,47791,45750,38919,10980,27939,54622,36811,17811
23,442,rajgarh,Rural,30-34,86795,43429,43366,44217,13464,30753,42578,29965,12613
23,442,rajgarh,Rural,35-39,79949,40752,39197,45566,15242,30324,34383,25510,8873
23,442,rajgarh,Rural,40-44,70041,36704,33337,43670,16098,27572,26371,20606,5765
23,442,rajgarh,Rural,45-49,56287,29057,27230,37671,14157,23514,18616,14900,3716
23,442,rajgarh,Rural,50-54,42399,23460,18939,29509,12752,16757,12890,10708,2182
23,442,rajgarh,Rural,55-59,34168,15751,18417,25345,8570,16775,8823,7181,1642
23,442,rajgarh,Rural,60-64,41240,20581,20659,32249,12975,19274,8991,7606,1385
23,442,rajgarh,Rural,65-69,33087,15929,17158,26760,10650,16110,6327,5279,1048
23,442,rajgarh,Rural,70-74,25765,13646,12119,21427,9897,11530,4338,3749,589
23,442,rajgarh,Rural,75-79,12589,5824,6765,10832,4348,6484,1757,1476,281
23,442,rajgarh,Rural,80+,18346,8931,9415,15607,6739,8868,2739,2192,547
23,442,rajgarh,Rural,Age not stated,768,405,363,314,119,195,454,286,168
23,442,rajgarh,Urban,All ages,276457,141805,134652,92525,37602,54923,183932,104203,79729
23,442,rajgarh,Urban,0-6,38794,20353,18441,38794,20353,18441,0,0,0
23,442,rajgarh,Urban,7,6165,3193,2972,1505,779,726,4660,2414,2246
23,442,rajgarh,Urban,8,6547,3405,3142,745,354,391,5802,3051,2751
23,442,rajgarh,Urban,9,5677,3001,2676,455,224,231,5222,2777,2445
23,442,rajgarh,Urban,10,7089,3690,3399,551,281,270,6538,3409,3129
23,442,rajgarh,Urban,11,6089,3169,2920,333,188,145,5756,2981,2775
23,442,rajgarh,Urban,12,6866,3535,3331,376,180,196,6490,3355,3135
23,442,rajgarh,Urban,13,5797,2953,2844,298,135,163,5499,2818,2681
23,442,rajgarh,Urban,14,5959,3125,2834,355,164,191,5604,2961,2643
23,442,rajgarh,Urban,15,6149,3251,2898,496,223,273,5653,3028,2625
23,442,rajgarh,Urban,16,5796,3029,2767,421,193,228,5375,2836,2539
23,442,rajgarh,Urban,17,5082,2681,2401,376,157,219,4706,2524,2182
23,442,rajgarh,Urban,18,6727,3478,3249,705,281,424,6022,3197,2825
23,442,rajgarh,Urban,19,4909,2498,2411,469,141,328,4440,2357,2083
23,442,rajgarh,Urban,20-24,26426,13408,13018,3768,1202,2566,22658,12206,10452
23,442,rajgarh,Urban,25-29,23235,11534,11701,4462,1321,3141,18773,10213,8560
23,442,rajgarh,Urban,30-34,21040,10558,10482,5118,1413,3705,15922,9145,6777
23,442,rajgarh,Urban,35-39,19177,9871,9306,5462,1599,3863,13715,8272,5443
23,442,rajgarh,Urban,40-44,16376,8589,7787,5243,1674,3569,11133,6915,4218
23,442,rajgarh,Urban,45-49,13553,7172,6381,4640,1497,3143,8913,5675,3238
23,442,rajgarh,Urban,50-54,10347,5529,4818,3791,1237,2554,6556,4292,2264
23,442,rajgarh,Urban,55-59,7595,3840,3755,3020,792,2228,4575,3048,1527
23,442,rajgarh,Urban,60-64,7255,3581,3674,3400,1013,2387,3855,2568,1287
23,442,rajgarh,Urban,65-69,5176,2411,2765,2684,721,1963,2492,1690,802
23,442,rajgarh,Urban,70-74,3956,1850,2106,2324,704,1620,1632,1146,486
23,442,rajgarh,Urban,75-79,2013,945,1068,1148,326,822,865,619,246
23,442,rajgarh,Urban,80+,2511,1081,1430,1540,436,1104,971,645,326
23,442,rajgarh,Urban,Age not stated,151,75,76,46,14,32,105,61,44
23,443,vidisha,Total,All ages,1458875,769568,689307,595957,257224,338733,862918,512344,350574
23,443,vidisha,Total,0-6,235391,122200,113191,235391,122200,113191,0,0,0
23,443,vidisha,Total,7,36496,18712,17784,9978,5084,4894,26518,13628,12890
23,443,vidisha,Total,8,42983,22056,20927,5443,2784,2659,37540,19272,18268
23,443,vidisha,Total,9,33207,17127,16080,2715,1383,1332,30492,15744,14748
23,443,vidisha,Total,10,44404,23031,21373,3626,1816,1810,40778,21215,19563
23,443,vidisha,Total,11,34337,17638,16699,1860,914,946,32477,16724,15753
23,443,vidisha,Total,12,40922,21298,19624,2613,1344,1269,38309,19954,18355
23,443,vidisha,Total,13,31160,15961,15199,1738,843,895,29422,15118,14304
23,443,vidisha,Total,14,32697,17089,15608,2285,1127,1158,30412,15962,14450
23,443,vidisha,Total,15,32349,17682,14667,2940,1543,1397,29409,16139,13270
23,443,vidisha,Total,16,30857,16972,13885,2997,1554,1443,27860,15418,12442
23,443,vidisha,Total,17,24651,13883,10768,2212,1153,1059,22439,12730,9709
23,443,vidisha,Total,18,35281,20897,14384,4735,2302,2433,30546,18595,11951
23,443,vidisha,Total,19,23288,13230,10058,2838,1173,1665,20450,12057,8393
23,443,vidisha,Total,20-24,128079,70773,57306,24484,8741,15743,103595,62032,41563
23,443,vidisha,Total,25-29,113137,58617,54520,31052,10477,20575,82085,48140,33945
23,443,vidisha,Total,30-34,103574,53576,49998,35968,12118,23850,67606,41458,26148
23,443,vidisha,Total,35-39,93100,49358,43742,37518,13259,24259,55582,36099,19483
23,443,vidisha,Total,40-44,76906,41361,35545,34109,12547,21562,42797,28814,13983
23,443,vidisha,Total,45-49,62110,33766,28344,28577,10362,18215,33533,23404,10129
23,443,vidisha,Total,50-54,46072,25695,20377,22485,8651,13834,23587,17044,6543
23,443,vidisha,Total,55-59,37098,17707,19391,20495,5956,14539,16603,11751,4852
23,443,vidisha,Total,60-64,41846,21551,20295,25553,9171,16382,16293,12380,3913
23,443,vidisha,Total,65-69,29306,14386,14920,19274,6751,12523,10032,7635,2397
23,443,vidisha,Total,70-74,23357,12074,11283,16666,6839,9827,6691,5235,1456
23,443,vidisha,Total,75-79,10485,5153,5332,7438,2800,4638,3047,2353,694
23,443,vidisha,Total,80+,14841,7288,7553,10536,4147,6389,4305,3141,1164
23,443,vidisha,Total,Age not stated,941,487,454,431,185,246,510,302,208
23,443,vidisha,Rural,All ages,1119257,591962,527295,495064,212780,282284,624193,379182,245011
23,443,vidisha,Rural,0-6,188854,97964,90890,188854,97964,90890,0,0,0
23,443,vidisha,Rural,7,28879,14707,14172,8400,4226,4174,20479,10481,9998
23,443,vidisha,Rural,8,34614,17632,16982,4583,2319,2264,30031,15313,14718
23,443,vidisha,Rural,9,26524,13607,12917,2259,1147,1112,24265,12460,11805
23,443,vidisha,Rural,10,35598,18318,17280,2972,1455,1517,32626,16863,15763
23,443,vidisha,Rural,11,27013,13874,13139,1486,715,771,25527,13159,12368
23,443,vidisha,Rural,12,32743,17040,15703,2173,1095,1078,30570,15945,14625
23,443,vidisha,Rural,13,24268,12401,11867,1404,647,757,22864,11754,11110
23,443,vidisha,Rural,14,25550,13385,12165,1877,904,973,23673,12481,11192
23,443,vidisha,Rural,15,24833,13535,11298,2422,1257,1165,22411,12278,10133
23,443,vidisha,Rural,16,23747,13168,10579,2492,1269,1223,21255,11899,9356
23,443,vidisha,Rural,17,18316,10410,7906,1822,926,896,16494,9484,7010
23,443,vidisha,Rural,18,27016,16293,10723,3987,1903,2084,23029,14390,8639
23,443,vidisha,Rural,19,17209,9964,7245,2386,947,1439,14823,9017,5806
23,443,vidisha,Rural,20-24,94982,53381,41601,21014,7289,13725,73968,46092,27876
23,443,vidisha,Rural,25-29,83685,43863,39822,26586,8915,17671,57099,34948,22151
23,443,vidisha,Rural,30-34,76839,39771,37068,30873,10380,20493,45966,29391,16575
23,443,vidisha,Rural,35-39,69087,36951,32136,31716,11272,20444,37371,25679,11692
23,443,vidisha,Rural,40-44,56774,30585,26189,28729,10552,18177,28045,20033,8012
23,443,vidisha,Rural,45-49,45150,24516,20634,24032,8752,15280,21118,15764,5354
23,443,vidisha,Rural,50-54,33758,18915,14843,18939,7397,11542,14819,11518,3301
23,443,vidisha,Rural,55-59,28132,13087,15045,17638,5142,12496,10494,7945,2549
23,443,vidisha,Rural,60-64,32956,16975,15981,22043,8050,13993,10913,8925,1988
23,443,vidisha,Rural,65-69,23253,11494,11759,16543,5943,10600,6710,5551,1159
23,443,vidisha,Rural,70-74,18559,9760,8799,14142,6034,8108,4417,3726,691
23,443,vidisha,Rural,75-79,8275,4037,4238,6384,2458,3926,1891,1579,312
23,443,vidisha,Rural,80+,11934,5954,5980,8948,3660,5288,2986,2294,692
23,443,vidisha,Rural,Age not stated,709,375,334,360,162,198,349,213,136
23,443,vidisha,Urban,All ages,339618,177606,162012,100893,44444,56449,238725,133162,105563
23,443,vidisha,Urban,0-6,46537,24236,22301,46537,24236,22301,0,0,0
23,443,vidisha,Urban,7,7617,4005,3612,1578,858,720,6039,3147,2892
23,443,vidisha,Urban,8,8369,4424,3945,860,465,395,7509,3959,3550
23,443,vidisha,Urban,9,6683,3520,3163,456,236,220,6227,3284,2943
23,443,vidisha,Urban,10,8806,4713,4093,654,361,293,8152,4352,3800
23,443,vidisha,Urban,11,7324,3764,3560,374,199,175,6950,3565,3385
23,443,vidisha,Urban,12,8179,4258,3921,440,249,191,7739,4009,3730
23,443,vidisha,Urban,13,6892,3560,3332,334,196,138,6558,3364,3194
23,443,vidisha,Urban,14,7147,3704,3443,408,223,185,6739,3481,3258
23,443,vidisha,Urban,15,7516,4147,3369,518,286,232,6998,3861,3137
23,443,vidisha,Urban,16,7110,3804,3306,505,285,220,6605,3519,3086
23,443,vidisha,Urban,17,6335,3473,2862,390,227,163,5945,3246,2699
23,443,vidisha,Urban,18,8265,4604,3661,748,399,349,7517,4205,3312
23,443,vidisha,Urban,19,6079,3266,2813,452,226,226,5627,3040,2587
23,443,vidisha,Urban,20-24,33097,17392,15705,3470,1452,2018,29627,15940,13687
23,443,vidisha,Urban,25-29,29452,14754,14698,4466,1562,2904,24986,13192,11794
23,443,vidisha,Urban,30-34,26735,13805,12930,5095,1738,3357,21640,12067,9573
23,443,vidisha,Urban,35-39,24013,12407,11606,5802,1987,3815,18211,10420,7791
23,443,vidisha,Urban,40-44,20132,10776,9356,5380,1995,3385,14752,8781,5971
23,443,vidisha,Urban,45-49,16960,9250,7710,4545,1610,2935,12415,7640,4775
23,443,vidisha,Urban,50-54,12314,6780,5534,3546,1254,2292,8768,5526,3242
23,443,vidisha,Urban,55-59,8966,4620,4346,2857,814,2043,6109,3806,2303
23,443,vidisha,Urban,60-64,8890,4576,4314,3510,1121,2389,5380,3455,1925
23,443,vidisha,Urban,65-69,6053,2892,3161,2731,808,1923,3322,2084,1238
23,443,vidisha,Urban,70-74,4798,2314,2484,2524,805,1719,2274,1509,765
23,443,vidisha,Urban,75-79,2210,1116,1094,1054,342,712,1156,774,382
23,443,vidisha,Urban,80+,2907,1334,1573,1588,487,1101,1319,847,472
23,443,vidisha,Urban,Age not stated,232,112,120,71,23,48,161,89,72
23,444,bhopal,Total,All ages,2371061,1236130,1134931,710371,315816,394555,1660690,920314,740376
23,444,bhopal,Total,0-6,304713,158721,145992,304713,158721,145992,0,0,0
23,444,bhopal,Total,7,47000,24105,22895,11126,5660,5466,35874,18445,17429
23,444,bhopal,Total,8,47592,24738,22854,6467,3232,3235,41125,21506,19619
23,444,bhopal,Total,9,42760,22361,20399,4364,2191,2173,38396,20170,18226
23,444,bhopal,Total,10,54195,28772,25423,5526,2855,2671,48669,25917,22752
23,444,bhopal,Total,11,47395,24779,22616,3564,1851,1713,43831,22928,20903
23,444,bhopal,Total,12,50056,26602,23454,3658,1944,1714,46398,24658,21740
23,444,bhopal,Total,13,45312,23564,21748,3002,1542,1460,42310,22022,20288
23,444,bhopal,Total,14,47516,24748,22768,3325,1682,1643,44191,23066,21125
23,444,bhopal,Total,15,49139,25856,23283,4192,2154,2038,44947,23702,21245
23,444,bhopal,Total,16,48575,25475,23100,4053,2032,2021,44522,23443,21079
23,444,bhopal,Total,17,44888,24030,20858,3568,1867,1701,41320,22163,19157
23,444,bhopal,Total,18,59113,32300,26813,5806,2906,2900,53307,29394,23913
23,444,bhopal,Total,19,48019,26095,21924,4470,2009,2461,43549,24086,19463
23,444,bhopal,Total,20-24,248169,130244,117925,29570,12031,17539,218599,118213,100386
23,444,bhopal,Total,25-29,221372,111801,109571,35869,13477,22392,185503,98324,87179
23,444,bhopal,Total,30-34,187412,96409,91003,37982,13913,24069,149430,82496,66934
23,444,bhopal,Total,35-39,171734,88393,83341,42097,15215,26882,129637,73178,56459
23,444,bhopal,Total,40-44,145412,77071,68341,38880,14516,24364,106532,62555,43977
23,444,bhopal,Total,45-49,121036,64691,56345,34309,12781,21528,86727,51910,34817
23,444,bhopal,Total,50-54,88810,48257,40553,26000,9857,16143,62810,38400,24410
23,444,bhopal,Total,55-59,65584,33819,31765,20888,6571,14317,44696,27248,17448
23,444,bhopal,Total,60-64,63425,32126,31299,24655,8355,16300,38770,23771,14999
23,444,bhopal,Total,65-69,42850,21494,21356,17454,5912,11542,25396,15582,9814
23,444,bhopal,Total,70-74,31975,16677,15298,14833,5459,9374,17142,11218,5924
23,444,bhopal,Total,75-79,15232,7633,7599,6633,2255,4378,8599,5378,3221
23,444,bhopal,Total,80+,22415,10647,11768,10701,3732,6969,11714,6915,4799
23,444,bhopal,Total,Age not stated,9362,4722,4640,2666,1096,1570,6696,3626,3070
23,444,bhopal,Rural,All ages,454010,238025,215985,199200,84881,114319,254810,153144,101666
23,444,bhopal,Rural,0-6,73163,37990,35173,73163,37990,35173,0,0,0
23,444,bhopal,Rural,7,11259,5801,5458,2965,1501,1464,8294,4300,3994
23,444,bhopal,Rural,8,12816,6709,6107,1733,847,886,11083,5862,5221
23,444,bhopal,Rural,9,10380,5406,4974,1031,507,524,9349,4899,4450
23,444,bhopal,Rural,10,13662,7365,6297,1365,681,684,12297,6684,5613
23,444,bhopal,Rural,11,10982,5736,5246,767,382,385,10215,5354,4861
23,444,bhopal,Rural,12,12697,6774,5923,965,491,474,11732,6283,5449
23,444,bhopal,Rural,13,10080,5258,4822,671,293,378,9409,4965,4444
23,444,bhopal,Rural,14,10988,5664,5324,857,386,471,10131,5278,4853
23,444,bhopal,Rural,15,11053,5900,5153,1099,515,584,9954,5385,4569
23,444,bhopal,Rural,16,10853,5825,5028,1077,466,611,9776,5359,4417
23,444,bhopal,Rural,17,8352,4620,3732,830,380,450,7522,4240,3282
23,444,bhopal,Rural,18,11775,6639,5136,1684,693,991,10091,5946,4145
23,444,bhopal,Rural,19,7708,4192,3516,1191,401,790,6517,3791,2726
23,444,bhopal,Rural,20-24,41099,22143,18956,8861,2945,5916,32238,19198,13040
23,444,bhopal,Rural,25-29,34587,17598,16989,10869,3396,7473,23718,14202,9516
23,444,bhopal,Rural,30-34,31264,16099,15165,12313,4054,8259,18951,12045,6906
23,444,bhopal,Rural,35-39,28671,15075,13596,13126,4440,8686,15545,10635,4910
23,444,bhopal,Rural,40-44,23254,12510,10744,12118,4417,7701,11136,8093,3043
23,444,bhopal,Rural,45-49,18319,9707,8612,10594,3890,6704,7725,5817,1908
23,444,bhopal,Rural,50-54,13559,7497,6062,8240,3342,4898,5319,4155,1164
23,444,bhopal,Rural,55-59,10592,5035,5557,6976,2243,4733,3616,2792,824
23,444,bhopal,Rural,60-64,11933,6014,5919,8310,3141,5169,3623,2873,750
23,444,bhopal,Rural,65-69,8501,4189,4312,6089,2286,3803,2412,1903,509
23,444,bhopal,Rural,70-74,6615,3465,3150,5115,2254,2861,1500,1211,289
23,444,bhopal,Rural,75-79,3214,1525,1689,2524,977,1547,690,548,142
23,444,bhopal,Rural,80+,5387,2661,2726,4082,1727,2355,1305,934,371
23,444,bhopal,Rural,Age not stated,1247,628,619,585,236,349,662,392,270
23,444,bhopal,Urban,All ages,1917051,998105,918946,511171,230935,280236,1405880,767170,638710
23,444,bhopal,Urban,0-6,231550,120731,110819,231550,120731,110819,0,0,0
23,444,bhopal,Urban,7,35741,18304,17437,8161,4159,4002,27580,14145,13435
23,444,bhopal,Urban,8,34776,18029,16747,4734,2385,2349,30042,15644,14398
23,444,bhopal,Urban,9,32380,16955,15425,3333,1684,1649,29047,15271,13776
23,444,bhopal,Urban,10,40533,21407,19126,4161,2174,1987,36372,19233,17139
23,444,bhopal,Urban,11,36413,19043,17370,2797,1469,1328,33616,17574,16042
23,444,bhopal,Urban,12,37359,19828,17531,2693,1453,1240,34666,18375,16291
23,444,bhopal,Urban,13,35232,18306,16926,2331,1249,1082,32901,17057,15844
23,444,bhopal,Urban,14,36528,19084,17444,2468,1296,1172,34060,17788,16272
23,444,bhopal,Urban,15,38086,19956,18130,3093,1639,1454,34993,18317,16676
23,444,bhopal,Urban,16,37722,19650,18072,2976,1566,1410,34746,18084,16662
23,444,bhopal,Urban,17,36536,19410,17126,2738,1487,1251,33798,17923,15875
23,444,bhopal,Urban,18,47338,25661,21677,4122,2213,1909,43216,23448,19768
23,444,bhopal,Urban,19,40311,21903,18408,3279,1608,1671,37032,20295,16737
23,444,bhopal,Urban,20-24,207070,108101,98969,20709,9086,11623,186361,99015,87346
23,444,bhopal,Urban,25-29,186785,94203,92582,25000,10081,14919,161785,84122,77663
23,444,bhopal,Urban,30-34,156148,80310,75838,25669,9859,15810,130479,70451,60028
23,444,bhopal,Urban,35-39,143063,73318,69745,28971,10775,18196,114092,62543,51549
23,444,bhopal,Urban,40-44,122158,64561,57597,26762,10099,16663,95396,54462,40934
23,444,bhopal,Urban,45-49,102717,54984,47733,23715,8891,14824,79002,46093,32909
23,444,bhopal,Urban,50-54,75251,40760,34491,17760,6515,11245,57491,34245,23246
23,444,bhopal,Urban,55-59,54992,28784,26208,13912,4328,9584,41080,24456,16624
23,444,bhopal,Urban,60-64,51492,26112,25380,16345,5214,11131,35147,20898,14249
23,444,bhopal,Urban,65-69,34349,17305,17044,11365,3626,7739,22984,13679,9305
23,444,bhopal,Urban,70-74,25360,13212,12148,9718,3205,6513,15642,10007,5635
23,444,bhopal,Urban,75-79,12018,6108,5910,4109,1278,2831,7909,4830,3079
23,444,bhopal,Urban,80+,17028,7986,9042,6619,2005,4614,10409,5981,4428
23,444,bhopal,Urban,Age not stated,8115,4094,4021,2081,860,1221,6034,3234,2800
23,445,sehore,Total,All ages,1311332,683743,627589,530970,214535,316435,780362,469208,311154
23,445,sehore,Total,0-6,197429,103240,94189,197429,103240,94189,0,0,0
23,445,sehore,Total,7,29071,15220,13851,8918,4671,4247,20153,10549,9604
23,445,sehore,Total,8,34537,17862,16675,3703,1836,1867,30834,16026,14808
23,445,sehore,Total,9,28058,14538,13520,1899,949,950,26159,13589,12570
23,445,sehore,Total,10,36864,19312,17552,2444,1219,1225,34420,18093,16327
23,445,sehore,Total,11,30575,15978,14597,1306,618,688,29269,15360,13909
23,445,sehore,Total,12,35528,18580,16948,1809,856,953,33719,17724,15995
23,445,sehore,Total,13,30044,15327,14717,1367,621,746,28677,14706,13971
23,445,sehore,Total,14,31323,16206,15117,1634,757,877,29689,15449,14240
23,445,sehore,Total,15,31100,16621,14479,2174,1021,1153,28926,15600,13326
23,445,sehore,Total,16,30788,16484,14304,2232,973,1259,28556,15511,13045
23,445,sehore,Total,17,24227,13211,11016,1797,737,1060,22430,12474,9956
23,445,sehore,Total,18,33660,18623,15037,3881,1515,2366,29779,17108,12671
23,445,sehore,Total,19,22356,11847,10509,2457,768,1689,19899,11079,8820
23,445,sehore,Total,20-24,122679,66566,56113,20697,6336,14361,101982,60230,41752
23,445,sehore,Total,25-29,99369,51693,47676,25402,7132,18270,73967,44561,29406
23,445,sehore,Total,30-34,91044,46344,44700,30953,8448,22505,60091,37896,22195
23,445,sehore,Total,35-39,82769,42772,39997,33862,9802,24060,48907,32970,15937
23,445,sehore,Total,40-44,72505,37758,34747,34399,10528,23871,38106,27230,10876
23,445,sehore,Total,45-49,59287,31287,28000,30420,9750,20670,28867,21537,7330
23,445,sehore,Total,50-54,43812,23887,19925,23740,8382,15358,20072,15505,4567
23,445,sehore,Total,55-59,33200,16404,16796,19358,5761,13597,13842,10643,3199
23,445,sehore,Total,60-64,32963,16517,16446,21265,7314,13951,11698,9203,2495
23,445,sehore,Total,65-69,25660,12227,13433,17649,5867,11782,8011,6360,1651
23,445,sehore,Total,70-74,21523,10845,10678,15876,6204,9672,5647,4641,1006
23,445,sehore,Total,75-79,12043,5470,6573,9369,3322,6047,2674,2148,526
23,445,sehore,Total,80+,18410,8657,9753,14739,5825,8914,3671,2832,839
23,445,sehore,Total,Age not stated,508,267,241,191,83,108,317,184,133
23,445,sehore,Rural,All ages,1062870,554636,508234,459024,183978,275046,603846,370658,233188
23,445,sehore,Rural,0-6,165220,86369,78851,165220,86369,78851,0,0,0
23,445,sehore,Rural,7,23975,12583,11392,7720,4048,3672,16255,8535,7720
23,445,sehore,Rural,8,29154,15034,14120,3222,1570,1652,25932,13464,12468
23,445,sehore,Rural,9,23278,12041,11237,1619,804,815,21659,11237,10422
23,445,sehore,Rural,10,30987,16233,14754,2092,1026,1066,28895,15207,13688
23,445,sehore,Rural,11,25391,13227,12164,1126,517,609,24265,12710,11555
23,445,sehore,Rural,12,29632,15460,14172,1561,714,847,28071,14746,13325
23,445,sehore,Rural,13,24836,12680,12156,1194,524,670,23642,12156,11486
23,445,sehore,Rural,14,25692,13293,12399,1436,657,779,24256,12636,11620
23,445,sehore,Rural,15,25253,13511,11742,1934,874,1060,23319,12637,10682
23,445,sehore,Rural,16,24940,13269,11671,1984,836,1148,22956,12433,10523
23,445,sehore,Rural,17,18967,10422,8545,1569,614,955,17398,9808,7590
23,445,sehore,Rural,18,27187,15136,12051,3468,1288,2180,23719,13848,9871
23,445,sehore,Rural,19,17513,9287,8226,2183,624,1559,15330,8663,6667
23,445,sehore,Rural,20-24,96956,53170,43786,18537,5391,13146,78419,47779,30640
23,445,sehore,Rural,25-29,78167,40945,37222,22675,6211,16464,55492,34734,20758
23,445,sehore,Rural,30-34,72452,36779,35673,27638,7373,20265,44814,29406,15408
23,445,sehore,Rural,35-39,65682,34070,31612,29765,8536,21229,35917,25534,10383
23,445,sehore,Rural,40-44,57441,29866,27575,30151,9173,20978,27290,20693,6597
23,445,sehore,Rural,45-49,46903,24657,22246,26758,8620,18138,20145,16037,4108
23,445,sehore,Rural,50-54,34512,18780,15732,20797,7455,13342,13715,11325,2390
23,445,sehore,Rural,55-59,26537,12960,13577,17024,5143,11881,9513,7817,1696
23,445,sehore,Rural,60-64,26729,13439,13290,18485,6509,11976,8244,6930,1314
23,445,sehore,Rural,65-69,21130,10044,11086,15409,5209,10200,5721,4835,886
23,445,sehore,Rural,70-74,17880,9028,8852,13870,5519,8351,4010,3509,501
23,445,sehore,Rural,75-79,10222,4623,5599,8334,3002,5332,1888,1621,267
23,445,sehore,Rural,80+,15922,7568,8354,13116,5312,7804,2806,2256,550
23,445,sehore,Rural,Age not stated,312,162,150,137,60,77,175,102,73
23,445,sehore,Urban,All ages,248462,129107,119355,71946,30557,41389,176516,98550,77966
23,445,sehore,Urban,0-6,32209,16871,15338,32209,16871,15338,0,0,0
23,445,sehore,Urban,7,5096,2637,2459,1198,623,575,3898,2014,1884
23,445,sehore,Urban,8,5383,2828,2555,481,266,215,4902,2562,2340
23,445,sehore,Urban,9,4780,2497,2283,280,145,135,4500,2352,2148
23,445,sehore,Urban,10,5877,3079,2798,352,193,159,5525,2886,2639
23,445,sehore,Urban,11,5184,2751,2433,180,101,79,5004,2650,2354
23,445,sehore,Urban,12,5896,3120,2776,248,142,106,5648,2978,2670
23,445,sehore,Urban,13,5208,2647,2561,173,97,76,5035,2550,2485
23,445,sehore,Urban,14,5631,2913,2718,198,100,98,5433,2813,2620
23,445,sehore,Urban,15,5847,3110,2737,240,147,93,5607,2963,2644
23,445,sehore,Urban,16,5848,3215,2633,248,137,111,5600,3078,2522
23,445,sehore,Urban,17,5260,2789,2471,228,123,105,5032,2666,2366
23,445,sehore,Urban,18,6473,3487,2986,413,227,186,6060,3260,2800
23,445,sehore,Urban,19,4843,2560,2283,274,144,130,4569,2416,2153
23,445,sehore,Urban,20-24,25723,13396,12327,2160,945,1215,23563,12451,11112
23,445,sehore,Urban,25-29,21202,10748,10454,2727,921,1806,18475,9827,8648
23,445,sehore,Urban,30-34,18592,9565,9027,3315,1075,2240,15277,8490,6787
23,445,sehore,Urban,35-39,17087,8702,8385,4097,1266,2831,12990,7436,5554
23,445,sehore,Urban,40-44,15064,7892,7172,4248,1355,2893,10816,6537,4279
23,445,sehore,Urban,45-49,12384,6630,5754,3662,1130,2532,8722,5500,3222
23,445,sehore,Urban,50-54,9300,5107,4193,2943,927,2016,6357,4180,2177
23,445,sehore,Urban,55-59,6663,3444,3219,2334,618,1716,4329,2826,1503
23,445,sehore,Urban,60-64,6234,3078,3156,2780,805,1975,3454,2273,1181
23,445,sehore,Urban,65-69,4530,2183,2347,2240,658,1582,2290,1525,765
23,445,sehore,Urban,70-74,3643,1817,1826,2006,685,1321,1637,1132,505
23,445,sehore,Urban,75-79,1821,847,974,1035,320,715,786,527,259
23,445,sehore,Urban,80+,2488,1089,1399,1623,513,1110,865,576,289
23,445,sehore,Urban,Age not stated,196,105,91,54,23,31,142,82,60
23,446,raisen,Total,All ages,1331597,700358,631239,511377,221265,290112,820220,479093,341127
23,446,raisen,Total,0-6,207699,107499,100200,207699,107499,100200,0,0,0
23,446,raisen,Total,7,31184,16130,15054,7937,4070,3867,23247,12060,11187
23,446,raisen,Total,8,34935,18078,16857,3956,2050,1906,30979,16028,14951
23,446,raisen,Total,9,29175,14724,14451,2170,1099,1071,27005,13625,13380
23,446,raisen,Total,10,37799,19591,18208,2957,1467,1490,34842,18124,16718
23,446,raisen,Total,11,31674,16352,15322,1601,798,803,30073,15554,14519
23,446,raisen,Total,12,35650,18542,17108,1858,963,895,33792,17579,16213
23,446,raisen,Total,13,29560,15144,14416,1434,676,758,28126,14468,13658
23,446,raisen,Total,14,30361,15763,14598,1670,828,842,28691,14935,13756
23,446,raisen,Total,15,30314,16215,14099,2111,1119,992,28203,15096,13107
23,446,raisen,Total,16,29866,16240,13626,2015,1072,943,27851,15168,12683
23,446,raisen,Total,17,23703,13234,10469,1577,810,767,22126,12424,9702
23,446,raisen,Total,18,32262,18555,13707,3089,1515,1574,29173,17040,12133
23,446,raisen,Total,19,21238,11819,9419,2036,825,1211,19202,10994,8208
23,446,raisen,Total,20-24,122457,67838,54619,17939,6539,11400,104518,61299,43219
23,446,raisen,Total,25-29,105062,55231,49831,23501,8011,15490,81561,47220,34341
23,446,raisen,Total,30-34,95176,49180,45996,28315,9510,18805,66861,39670,27191
23,446,raisen,Total,35-39,86934,45170,41764,31841,10944,20897,55093,34226,20867
23,446,raisen,Total,40-44,74195,39570,34625,30886,11255,19631,43309,28315,14994
23,446,raisen,Total,45-49,60014,32193,27821,27331,9940,17391,32683,22253,10430
23,446,raisen,Total,50-54,44901,24526,20375,21968,8314,13654,22933,16212,6721
23,446,raisen,Total,55-59,34064,17035,17029,18228,5715,12513,15836,11320,4516
23,446,raisen,Total,60-64,34162,17456,16706,20847,7639,13208,13315,9817,3498
23,446,raisen,Total,65-69,24652,11897,12755,16088,5537,10551,8564,6360,2204
23,446,raisen,Total,70-74,20344,10456,9888,14583,5964,8619,5761,4492,1269
23,446,raisen,Total,75-79,9448,4599,4849,6990,2689,4301,2458,1910,548
23,446,raisen,Total,80+,13953,6898,7055,10369,4256,6113,3584,2642,942
23,446,raisen,Total,Age not stated,815,423,392,381,161,220,434,262,172
23,446,raisen,Rural,All ages,1028172,539960,488212,420223,181128,239095,607949,358832,249117
23,446,raisen,Rural,0-6,164550,85017,79533,164550,85017,79533,0,0,0
23,446,raisen,Rural,7,24343,12530,11813,6276,3207,3069,18067,9323,8744
23,446,raisen,Rural,8,27672,14280,13392,3196,1628,1568,24476,12652,11824
23,446,raisen,Rural,9,23059,11571,11488,1779,894,885,21280,10677,10603
23,446,raisen,Rural,10,29845,15384,14461,2424,1170,1254,27421,14214,13207
23,446,raisen,Rural,11,24968,12776,12192,1328,645,683,23640,12131,11509
23,446,raisen,Rural,12,28057,14545,13512,1556,797,759,26501,13748,12753
23,446,raisen,Rural,13,23031,11756,11275,1173,538,635,21858,11218,10640
23,446,raisen,Rural,14,23761,12325,11436,1405,685,720,22356,11640,10716
23,446,raisen,Rural,15,23678,12679,10999,1770,920,850,21908,11759,10149
23,446,raisen,Rural,16,23308,12639,10669,1677,887,790,21631,11752,9879
23,446,raisen,Rural,17,18110,10136,7974,1325,671,654,16785,9465,7320
23,446,raisen,Rural,18,24658,14342,10316,2540,1214,1326,22118,13128,8990
23,446,raisen,Rural,19,15941,8917,7024,1680,656,1024,14261,8261,6000
23,446,raisen,Rural,20-24,91223,51148,40075,14849,5258,9591,76374,45890,30484
23,446,raisen,Rural,25-29,77599,40916,36683,19601,6615,12986,57998,34301,23697
23,446,raisen,Rural,30-34,70856,36423,34433,23734,7919,15815,47122,28504,18618
23,446,raisen,Rural,35-39,65175,33715,31460,26670,9163,17507,38505,24552,13953
23,446,raisen,Rural,40-44,56133,29763,26370,25853,9498,16355,30280,20265,10015
23,446,raisen,Rural,45-49,45725,24263,21462,23058,8425,14633,22667,15838,6829
23,446,raisen,Rural,50-54,34801,18876,15925,18747,7193,11554,16054,11683,4371
23,446,raisen,Rural,55-59,27143,13412,13731,15689,5024,10665,11454,8388,3066
23,446,raisen,Rural,60-64,27667,14227,13440,17796,6713,11083,9871,7514,2357
23,446,raisen,Rural,65-69,20079,9658,10421,13797,4826,8971,6282,4832,1450
23,446,raisen,Rural,70-74,16720,8680,8040,12470,5258,7212,4250,3422,828
23,446,raisen,Rural,75-79,7829,3817,4012,6062,2385,3677,1767,1432,335
23,446,raisen,Rural,80+,11601,5839,5762,8908,3797,5111,2693,2042,651
23,446,raisen,Rural,Age not stated,640,326,314,310,125,185,330,201,129
23,446,raisen,Urban,All ages,303425,160398,143027,91154,40137,51017,212271,120261,92010
23,446,raisen,Urban,0-6,43149,22482,20667,43149,22482,20667,0,0,0
23,446,raisen,Urban,7,6841,3600,3241,1661,863,798,5180,2737,2443
23,446,raisen,Urban,8,7263,3798,3465,760,422,338,6503,3376,3127
23,446,raisen,Urban,9,6116,3153,2963,391,205,186,5725,2948,2777
23,446,raisen,Urban,10,7954,4207,3747,533,297,236,7421,3910,3511
23,446,raisen,Urban,11,6706,3576,3130,273,153,120,6433,3423,3010
23,446,raisen,Urban,12,7593,3997,3596,302,166,136,7291,3831,3460
23,446,raisen,Urban,13,6529,3388,3141,261,138,123,6268,3250,3018
23,446,raisen,Urban,14,6600,3438,3162,265,143,122,6335,3295,3040
23,446,raisen,Urban,15,6636,3536,3100,341,199,142,6295,3337,2958
23,446,raisen,Urban,16,6558,3601,2957,338,185,153,6220,3416,2804
23,446,raisen,Urban,17,5593,3098,2495,252,139,113,5341,2959,2382
23,446,raisen,Urban,18,7604,4213,3391,549,301,248,7055,3912,3143
23,446,raisen,Urban,19,5297,2902,2395,356,169,187,4941,2733,2208
23,446,raisen,Urban,20-24,31234,16690,14544,3090,1281,1809,28144,15409,12735
23,446,raisen,Urban,25-29,27463,14315,13148,3900,1396,2504,23563,12919,10644
23,446,raisen,Urban,30-34,24320,12757,11563,4581,1591,2990,19739,11166,8573
23,446,raisen,Urban,35-39,21759,11455,10304,5171,1781,3390,16588,9674,6914
23,446,raisen,Urban,40-44,18062,9807,8255,5033,1757,3276,13029,8050,4979
23,446,raisen,Urban,45-49,14289,7930,6359,4273,1515,2758,10016,6415,3601
23,446,raisen,Urban,50-54,10100,5650,4450,3221,1121,2100,6879,4529,2350
23,446,raisen,Urban,55-59,6921,3623,3298,2539,691,1848,4382,2932,1450
23,446,raisen,Urban,60-64,6495,3229,3266,3051,926,2125,3444,2303,1141
23,446,raisen,Urban,65-69,4573,2239,2334,2291,711,1580,2282,1528,754
23,446,raisen,Urban,70-74,3624,1776,1848,2113,706,1407,1511,1070,441
23,446,raisen,Urban,75-79,1619,782,837,928,304,624,691,478,213
23,446,raisen,Urban,80+,2352,1059,1293,1461,459,1002,891,600,291
23,446,raisen,Urban,Age not stated,175,97,78,71,36,35,104,61,43
23,447,betul,Total,All ages,1575362,799236,776126,635593,269453,366140,939769,529783,409986
23,447,betul,Total,0-6,211433,108034,103399,211433,108034,103399,0,0,0
23,447,betul,Total,7,32662,16440,16222,8307,4236,4071,24355,12204,12151
23,447,betul,Total,8,33786,17219,16567,3725,1900,1825,30061,15319,14742
23,447,betul,Total,9,30514,15315,15199,2277,1189,1088,28237,14126,14111
23,447,betul,Total,10,36687,18404,18283,2857,1472,1385,33830,16932,16898
23,447,betul,Total,11,34687,17417,17270,1959,1019,940,32728,16398,16330
23,447,betul,Total,12,36075,18175,17900,2393,1158,1235,33682,17017,16665
23,447,betul,Total,13,35017,17573,17444,2187,1043,1144,32830,16530,16300
23,447,betul,Total,14,35585,18098,17487,2815,1334,1481,32770,16764,16006
23,447,betul,Total,15,36205,18689,17516,3638,1691,1947,32567,16998,15569
23,447,betul,Total,16,36052,18407,17645,4174,1802,2372,31878,16605,15273
23,447,betul,Total,17,32161,16390,15771,3577,1458,2119,28584,14932,13652
23,447,betul,Total,18,37435,18720,18715,5759,2189,3570,31676,16531,15145
23,447,betul,Total,19,30354,14932,15422,4337,1479,2858,26017,13453,12564
23,447,betul,Total,20-24,155491,78304,77187,30300,10525,19775,125191,67779,57412
23,447,betul,Total,25-29,124675,64103,60572,32351,12109,20242,92324,51994,40330
23,447,betul,Total,30-34,109619,56219,53400,35178,13356,21822,74441,42863,31578
23,447,betul,Total,35-39,102274,51574,50700,40658,14923,25735,61616,36651,24965
23,447,betul,Total,40-44,97181,49310,47871,45208,17036,28172,51973,32274,19699
23,447,betul,Total,45-49,83654,43331,40323,42339,16398,25941,41315,26933,14382
23,447,betul,Total,50-54,64278,33987,30291,34137,13287,20850,30141,20700,9441
23,447,betul,Total,55-59,48864,25503,23361,27208,9812,17396,21656,15691,5965
23,447,betul,Total,60-64,43473,21026,22447,27735,9703,18032,15738,11323,4415
23,447,betul,Total,65-69,32242,15296,16946,21739,7456,14283,10503,7840,2663
23,447,betul,Total,70-74,25554,12372,13182,18592,6993,11599,6962,5379,1583
23,447,betul,Total,75-79,12821,6104,6717,9262,3348,5914,3559,2756,803
23,447,betul,Total,80+,15360,7649,7711,10916,4276,6640,4444,3373,1071
23,447,betul,Total,Age not stated,1223,645,578,532,227,305,691,418,273
23,447,betul,Rural,All ages,1266211,640358,625853,566113,240183,325930,700098,400175,299923
23,447,betul,Rural,0-6,178470,91050,87420,178470,91050,87420,0,0,0
23,447,betul,Rural,7,27355,13696,13659,7509,3802,3707,19846,9894,9952
23,447,betul,Rural,8,28718,14603,14115,3468,1773,1695,25250,12830,12420
23,447,betul,Rural,9,25719,12926,12793,2099,1090,1009,23620,11836,11784
23,447,betul,Rural,10,30940,15387,15553,2619,1350,1269,28321,14037,14284
23,447,betul,Rural,11,29070,14573,14497,1815,936,879,27255,13637,13618
23,447,betul,Rural,12,30409,15318,15091,2215,1070,1145,28194,14248,13946
23,447,betul,Rural,13,29087,14685,14402,2051,972,1079,27036,13713,13323
23,447,betul,Rural,14,29392,14966,14426,2646,1250,1396,26746,13716,13030
23,447,betul,Rural,15,29796,15348,14448,3448,1581,1867,26348,13767,12581
23,447,betul,Rural,16,29629,15116,14513,3945,1682,2263,25684,13434,12250
23,447,betul,Rural,17,25854,13161,12693,3372,1355,2017,22482,11806,10676
23,447,betul,Rural,18,30455,15090,15365,5449,2019,3430,25006,13071,11935
23,447,betul,Rural,19,24029,11703,12326,4099,1367,2732,19930,10336,9594
23,447,betul,Rural,20-24,121792,61271,60521,28560,9756,18804,93232,51515,41717
23,447,betul,Rural,25-29,96730,49765,46965,30335,11244,19091,66395,38521,27874
23,447,betul,Rural,30-34,85651,43779,41872,32855,12391,20464,52796,31388,21408
23,447,betul,Rural,35-39,80513,40564,39949,37874,13919,23955,42639,26645,15994
23,447,betul,Rural,40-44,76088,38961,37127,41459,15897,25562,34629,23064,11565
23,447,betul,Rural,45-49,63261,33028,30233,37848,15123,22725,25413,17905,7508
23,447,betul,Rural,50-54,47336,24447,22889,29967,12030,17937,17369,12417,4952
23,447,betul,Rural,55-59,37333,18476,18857,24335,8797,15538,12998,9679,3319
23,447,betul,Rural,60-64,35468,16988,18480,25039,9021,16018,10429,7967,2462
23,447,betul,Rural,65-69,26914,12706,14208,19659,6964,12695,7255,5742,1513
23,447,betul,Rural,70-74,21483,10515,10968,16580,6491,10089,4903,4024,879
23,447,betul,Rural,75-79,10778,5162,5616,8288,3122,5166,2490,2040,450
23,447,betul,Rural,80+,12883,6521,6362,9619,3927,5692,3264,2594,670
23,447,betul,Rural,Age not stated,1058,553,505,490,204,286,568,349,219
23,447,betul,Urban,All ages,309151,158878,150273,69480,29270,40210,239671,129608,110063
23,447,betul,Urban,0-6,32963,16984,15979,32963,16984,15979,0,0,0
23,447,betul,Urban,7,5307,2744,2563,798,434,364,4509,2310,2199
23,447,betul,Urban,8,5068,2616,2452,257,127,130,4811,2489,2322
23,447,betul,Urban,9,4795,2389,2406,178,99,79,4617,2290,2327
23,447,betul,Urban,10,5747,3017,2730,238,122,116,5509,2895,2614
23,447,betul,Urban,11,5617,2844,2773,144,83,61,5473,2761,2712
23,447,betul,Urban,12,5666,2857,2809,178,88,90,5488,2769,2719
23,447,betul,Urban,13,5930,2888,3042,136,71,65,5794,2817,2977
23,447,betul,Urban,14,6193,3132,3061,169,84,85,6024,3048,2976
23,447,betul,Urban,15,6409,3341,3068,190,110,80,6219,3231,2988
23,447,betul,Urban,16,6423,3291,3132,229,120,109,6194,3171,3023
23,447,betul,Urban,17,6307,3229,3078,205,103,102,6102,3126,2976
23,447,betul,Urban,18,6980,3630,3350,310,170,140,6670,3460,3210
23,447,betul,Urban,19,6325,3229,3096,238,112,126,6087,3117,2970
23,447,betul,Urban,20-24,33699,17033,16666,1740,769,971,31959,16264,15695
23,447,betul,Urban,25-29,27945,14338,13607,2016,865,1151,25929,13473,12456
23,447,betul,Urban,30-34,23968,12440,11528,2323,965,1358,21645,11475,10170
23,447,betul,Urban,35-39,21761,11010,10751,2784,1004,1780,18977,10006,8971
23,447,betul,Urban,40-44,21093,10349,10744,3749,1139,2610,17344,9210,8134
23,447,betul,Urban,45-49,20393,10303,10090,4491,1275,3216,15902,9028,6874
23,447,betul,Urban,50-54,16942,9540,7402,4170,1257,2913,12772,8283,4489
23,447,betul,Urban,55-59,11531,7027,4504,2873,1015,1858,8658,6012,2646
23,447,betul,Urban,60-64,8005,4038,3967,2696,682,2014,5309,3356,1953
23,447,betul,Urban,65-69,5328,2590,2738,2080,492,1588,3248,2098,1150
23,447,betul,Urban,70-74,4071,1857,2214,2012,502,1510,2059,1355,704
23,447,betul,Urban,75-79,2043,942,1101,974,226,748,1069,716,353
23,447,betul,Urban,80+,2477,1128,1349,1297,349,948,1180,779,401
23,447,betul,Urban,Age not stated,165,92,73,42,23,19,123,69,54
23,448,harda,Total,All ages,570465,294838,275627,217915,91031,126884,352550,203807,148743
23,448,harda,Total,0-6,84191,43667,40524,84191,43667,40524,0,0,0
23,448,harda,Total,7,12357,6443,5914,3601,1880,1721,8756,4563,4193
23,448,harda,Total,8,13521,6957,6564,1819,886,933,11702,6071,5631
23,448,harda,Total,9,11965,6184,5781,1030,522,508,10935,5662,5273
23,448,harda,Total,10,15359,7899,7460,1469,716,753,13890,7183,6707
23,448,harda,Total,11,12964,6639,6325,810,398,412,12154,6241,5913
23,448,harda,Total,12,13838,7273,6565,944,450,494,12894,6823,6071
23,448,harda,Total,13,12555,6466,6089,721,327,394,11834,6139,5695
23,448,harda,Total,14,12576,6574,6002,938,440,498,11638,6134,5504
23,448,harda,Total,15,12675,6607,6068,1161,499,662,11514,6108,5406
23,448,harda,Total,16,12817,6810,6007,1305,603,702,11512,6207,5305
23,448,harda,Total,17,10974,5749,5225,1060,449,611,9914,5300,4614
23,448,harda,Total,18,13473,7291,6182,1855,726,1129,11618,6565,5053
23,448,harda,Total,19,10450,5410,5040,1448,435,1013,9002,4975,4027
23,448,harda,Total,20-24,53362,28271,25091,10052,3323,6729,43310,24948,18362
23,448,harda,Total,25-29,44697,22924,21773,11354,3883,7471,33343,19041,14302
23,448,harda,Total,30-34,40211,20413,19798,12331,4236,8095,27880,16177,11703
23,448,harda,Total,35-39,37519,19066,18453,13176,4558,8618,24343,14508,9835
23,448,harda,Total,40-44,33008,17051,15957,13029,4466,8563,19979,12585,7394
23,448,harda,Total,45-49,28144,14975,13169,11986,4355,7631,16158,10620,5538
23,448,harda,Total,50-54,21434,11410,10024,9380,3288,6092,12054,8122,3932
23,448,harda,Total,55-59,16450,8587,7863,7501,2270,5231,8949,6317,2632
23,448,harda,Total,60-64,14657,7386,7271,7673,2510,5163,6984,4876,2108
23,448,harda,Total,65-69,10573,5005,5568,5957,1824,4133,4616,3181,1435
23,448,harda,Total,70-74,8957,4290,4667,5621,1865,3756,3336,2425,911
23,448,harda,Total,75-79,4753,2248,2505,3053,988,2065,1700,1260,440
23,448,harda,Total,80+,6593,3038,3555,4287,1397,2890,2306,1641,665
23,448,harda,Total,Age not stated,392,205,187,163,70,93,229,135,94
23,448,harda,Rural,All ages,451101,233312,217789,189872,79272,110600,261229,154040,107189
23,448,harda,Rural,0-6,69504,36012,33492,69504,36012,33492,0,0,0
23,448,harda,Rural,7,10014,5226,4788,3165,1655,1510,6849,3571,3278
23,448,harda,Rural,8,11149,5634,5515,1647,792,855,9502,4842,4660
23,448,harda,Rural,9,9710,4985,4725,922,466,456,8788,4519,4269
23,448,harda,Rural,10,12670,6480,6190,1341,653,688,11329,5827,5502
23,448,harda,Rural,11,10520,5370,5150,740,367,373,9780,5003,4777
23,448,harda,Rural,12,11315,5984,5331,864,409,455,10451,5575,4876
23,448,harda,Rural,13,10137,5278,4859,645,286,359,9492,4992,4500
23,448,harda,Rural,14,9994,5228,4766,850,396,454,9144,4832,4312
23,448,harda,Rural,15,10075,5259,4816,1065,454,611,9010,4805,4205
23,448,harda,Rural,16,10205,5429,4776,1208,555,653,8997,4874,4123
23,448,harda,Rural,17,8419,4401,4018,965,402,563,7454,3999,3455
23,448,harda,Rural,18,10568,5741,4827,1721,658,1063,8847,5083,3764
23,448,harda,Rural,19,8027,4126,3901,1343,391,952,6684,3735,2949
23,448,harda,Rural,20-24,41552,22230,19322,9360,3059,6301,32192,19171,13021
23,448,harda,Rural,25-29,34352,17748,16604,10493,3576,6917,23859,14172,9687
23,448,harda,Rural,30-34,30964,15762,15202,11270,3906,7364,19694,11856,7838
23,448,harda,Rural,35-39,29025,14732,14293,11939,4169,7770,17086,10563,6523
23,448,harda,Rural,40-44,25475,13159,12316,11680,4097,7583,13795,9062,4733
23,448,harda,Rural,45-49,21629,11449,10180,10722,3995,6727,10907,7454,3453
23,448,harda,Rural,50-54,16561,8810,7751,8379,3004,5375,8182,5806,2376
23,448,harda,Rural,55-59,12636,6519,6117,6601,2069,4532,6035,4450,1585
23,448,harda,Rural,60-64,11437,5804,5633,6739,2304,4435,4698,3500,1198
23,448,harda,Rural,65-69,8374,3996,4378,5204,1663,3541,3170,2333,837
23,448,harda,Rural,70-74,7166,3440,3726,4916,1696,3220,2250,1744,506
23,448,harda,Rural,75-79,3831,1788,2043,2693,899,1794,1138,889,249
23,448,harda,Rural,80+,5436,2538,2898,3740,1275,2465,1696,1263,433
23,448,harda,Rural,Age not stated,356,184,172,156,64,92,200,120,80
23,448,harda,Urban,All ages,119364,61526,57838,28043,11759,16284,91321,49767,41554
23,448,harda,Urban,0-6,14687,7655,7032,14687,7655,7032,0,0,0
23,448,harda,Urban,7,2343,1217,1126,436,225,211,1907,992,915
23,448,harda,Urban,8,2372,1323,1049,172,94,78,2200,1229,971
23,448,harda,Urban,9,2255,1199,1056,108,56,52,2147,1143,1004
23,448,harda,Urban,10,2689,1419,1270,128,63,65,2561,1356,1205
23,448,harda,Urban,11,2444,1269,1175,70,31,39,2374,1238,1136
23,448,harda,Urban,12,2523,1289,1234,80,41,39,2443,1248,1195
23,448,harda,Urban,13,2418,1188,1230,76,41,35,2342,1147,1195
23,448,harda,Urban,14,2582,1346,1236,88,44,44,2494,1302,1192
23,448,harda,Urban,15,2600,1348,1252,96,45,51,2504,1303,1201
23,448,harda,Urban,16,2612,1381,1231,97,48,49,2515,1333,1182
23,448,harda,Urban,17,2555,1348,1207,95,47,48,2460,1301,1159
23,448,harda,Urban,18,2905,1550,1355,134,68,66,2771,1482,1289
23,448,harda,Urban,19,2423,1284,1139,105,44,61,2318,1240,1078
23,448,harda,Urban,20-24,11810,6041,5769,692,264,428,11118,5777,5341
23,448,harda,Urban,25-29,10345,5176,5169,861,307,554,9484,4869,4615
23,448,harda,Urban,30-34,9247,4651,4596,1061,330,731,8186,4321,3865
23,448,harda,Urban,35-39,8494,4334,4160,1237,389,848,7257,3945,3312
23,448,harda,Urban,40-44,7533,3892,3641,1349,369,980,6184,3523,2661
23,448,harda,Urban,45-49,6515,3526,2989,1264,360,904,5251,3166,2085
23,448,harda,Urban,50-54,4873,2600,2273,1001,284,717,3872,2316,1556
23,448,harda,Urban,55-59,3814,2068,1746,900,201,699,2914,1867,1047
23,448,harda,Urban,60-64,3220,1582,1638,934,206,728,2286,1376,910
23,448,harda,Urban,65-69,2199,1009,1190,753,161,592,1446,848,598
23,448,harda,Urban,70-74,1791,850,941,705,169,536,1086,681,405
23,448,harda,Urban,75-79,922,460,462,360,89,271,562,371,191
23,448,harda,Urban,80+,1157,500,657,547,122,425,610,378,232
23,448,harda,Urban,Age not stated,36,21,15,7,6,1,29,15,14
23,449,hoshangabad,Total,All ages,1241350,648725,592625,430706,179526,251180,810644,469199,341445
23,449,hoshangabad,Total,0-6,164602,85781,78821,164602,85781,78821,0,0,0
23,449,hoshangabad,Total,7,25332,13190,12142,6139,3223,2916,19193,9967,9226
23,449,hoshangabad,Total,8,26849,14045,12804,2595,1375,1220,24254,12670,11584
23,449,hoshangabad,Total,9,23693,12294,11399,1420,704,716,22273,11590,10683
23,449,hoshangabad,Total,10,29418,15301,14117,1947,1026,921,27471,14275,13196
23,449,hoshangabad,Total,11,26472,13691,12781,1221,616,605,25251,13075,12176
23,449,hoshangabad,Total,12,28123,14786,13337,1183,600,583,26940,14186,12754
23,449,hoshangabad,Total,13,26053,13252,12801,1037,484,553,25016,12768,12248
23,449,hoshangabad,Total,14,26291,13506,12785,1267,614,653,25024,12892,12132
23,449,hoshangabad,Total,15,27214,14466,12748,1673,827,846,25541,13639,11902
23,449,hoshangabad,Total,16,27214,14459,12755,1750,858,892,25464,13601,11863
23,449,hoshangabad,Total,17,24069,13044,11025,1564,720,844,22505,12324,10181
23,449,hoshangabad,Total,18,29194,16333,12861,2705,1241,1464,26489,15092,11397
23,449,hoshangabad,Total,19,22524,12100,10424,2038,782,1256,20486,11318,9168
23,449,hoshangabad,Total,20-24,119694,65040,54654,16307,5776,10531,103387,59264,44123
23,449,hoshangabad,Total,25-29,104026,54510,49516,20550,6798,13752,83476,47712,35764
23,449,hoshangabad,Total,30-34,92122,47774,44348,23872,7848,16024,68250,39926,28324
23,449,hoshangabad,Total,35-39,85841,43971,41870,27547,9074,18473,58294,34897,23397
23,449,hoshangabad,Total,40-44,75261,39267,35994,27904,9585,18319,47357,29682,17675
23,449,hoshangabad,Total,45-49,65008,34410,30598,25645,8987,16658,39363,25423,13940
23,449,hoshangabad,Total,50-54,50196,27101,23095,20740,7280,13460,29456,19821,9635
23,449,hoshangabad,Total,55-59,38053,19790,18263,16571,5106,11465,21482,14684,6798
23,449,hoshangabad,Total,60-64,35937,17821,18116,18677,6001,12676,17260,11820,5440
23,449,hoshangabad,Total,65-69,25417,12285,13132,14539,4665,9874,10878,7620,3258
23,449,hoshangabad,Total,70-74,19919,9601,10318,12859,4553,8306,7060,5048,2012
23,449,hoshangabad,Total,75-79,9581,4485,5096,6059,1989,4070,3522,2496,1026
23,449,hoshangabad,Total,80+,12398,5917,6481,8035,2893,5142,4363,3024,1339
23,449,hoshangabad,Total,Age not stated,849,505,344,260,120,140,589,385,204
23,449,hoshangabad,Rural,All ages,851364,445062,406302,341153,141973,199180,510211,303089,207122
23,449,hoshangabad,Rural,0-6,120738,62809,57929,120738,62809,57929,0,0,0
23,449,hoshangabad,Rural,7,18497,9509,8988,4769,2482,2287,13728,7027,6701
23,449,hoshangabad,Rural,8,19912,10345,9567,2076,1068,1008,17836,9277,8559
23,449,hoshangabad,Rural,9,17279,8903,8376,1119,542,577,16160,8361,7799
23,449,hoshangabad,Rural,10,21643,11185,10458,1552,808,744,20091,10377,9714
23,449,hoshangabad,Rural,11,19164,9839,9325,954,470,484,18210,9369,8841
23,449,hoshangabad,Rural,12,20693,10745,9948,926,450,476,19767,10295,9472
23,449,hoshangabad,Rural,13,18646,9441,9205,794,360,434,17852,9081,8771
23,449,hoshangabad,Rural,14,18941,9800,9141,1011,486,525,17930,9314,8616
23,449,hoshangabad,Rural,15,19396,10309,9087,1367,665,702,18029,9644,8385
23,449,hoshangabad,Rural,16,19486,10303,9183,1449,679,770,18037,9624,8413
23,449,hoshangabad,Rural,17,16574,9054,7520,1275,564,711,15299,8490,6809
23,449,hoshangabad,Rural,18,20394,11587,8807,2275,1007,1268,18119,10580,7539
23,449,hoshangabad,Rural,19,15090,8262,6828,1703,633,1070,13387,7629,5758
23,449,hoshangabad,Rural,20-24,79122,43834,35288,13784,4725,9059,65338,39109,26229
23,449,hoshangabad,Rural,25-29,67521,35555,31966,17397,5671,11726,50124,29884,20240
23,449,hoshangabad,Rural,30-34,60581,31323,29258,20274,6585,13689,40307,24738,15569
23,449,hoshangabad,Rural,35-39,57331,29358,27973,23384,7758,15626,33947,21600,12347
23,449,hoshangabad,Rural,40-44,49925,26187,23738,23387,8214,15173,26538,17973,8565
23,449,hoshangabad,Rural,45-49,41459,22194,19265,21050,7747,13303,20409,14447,5962
23,449,hoshangabad,Rural,50-54,31655,16868,14787,16906,6257,10649,14749,10611,4138
23,449,hoshangabad,Rural,55-59,24433,12293,12140,13644,4382,9262,10789,7911,2878
23,449,hoshangabad,Rural,60-64,24492,11999,12493,15380,5223,10157,9112,6776,2336
23,449,hoshangabad,Rural,65-69,17892,8495,9397,12021,4089,7932,5871,4406,1465
23,449,hoshangabad,Rural,70-74,14401,7050,7351,10484,4003,6481,3917,3047,870
23,449,hoshangabad,Rural,75-79,6743,3164,3579,4902,1726,3176,1841,1438,403
23,449,hoshangabad,Rural,80+,8917,4396,4521,6374,2497,3877,2543,1899,644
23,449,hoshangabad,Rural,Age not stated,439,255,184,158,73,85,281,182,99
23,449,hoshangabad,Urban,All ages,389986,203663,186323,89553,37553,52000,300433,166110,134323
23,449,hoshangabad,Urban,0-6,43864,22972,20892,43864,22972,20892,0,0,0
23,449,hoshangabad,Urban,7,6835,3681,3154,1370,741,629,5465,2940,2525
23,449,hoshangabad,Urban,8,6937,3700,3237,519,307,212,6418,3393,3025
23,449,hoshangabad,Urban,9,6414,3391,3023,301,162,139,6113,3229,2884
23,449,hoshangabad,Urban,10,7775,4116,3659,395,218,177,7380,3898,3482
23,449,hoshangabad,Urban,11,7308,3852,3456,267,146,121,7041,3706,3335
23,449,hoshangabad,Urban,12,7430,4041,3389,257,150,107,7173,3891,3282
23,449,hoshangabad,Urban,13,7407,3811,3596,243,124,119,7164,3687,3477
23,449,hoshangabad,Urban,14,7350,3706,3644,256,128,128,7094,3578,3516
23,449,hoshangabad,Urban,15,7818,4157,3661,306,162,144,7512,3995,3517
23,449,hoshangabad,Urban,16,7728,4156,3572,301,179,122,7427,3977,3450
23,449,hoshangabad,Urban,17,7495,3990,3505,289,156,133,7206,3834,3372
23,449,hoshangabad,Urban,18,8800,4746,4054,430,234,196,8370,4512,3858
23,449,hoshangabad,Urban,19,7434,3838,3596,335,149,186,7099,3689,3410
23,449,hoshangabad,Urban,20-24,40572,21206,19366,2523,1051,1472,38049,20155,17894
23,449,hoshangabad,Urban,25-29,36505,18955,17550,3153,1127,2026,33352,17828,15524
23,449,hoshangabad,Urban,30-34,31541,16451,15090,3598,1263,2335,27943,15188,12755
23,449,hoshangabad,Urban,35-39,28510,14613,13897,4163,1316,2847,24347,13297,11050
23,449,hoshangabad,Urban,40-44,25336,13080,12256,4517,1371,3146,20819,11709,9110
23,449,hoshangabad,Urban,45-49,23549,12216,11333,4595,1240,3355,18954,10976,7978
23,449,hoshangabad,Urban,50-54,18541,10233,8308,3834,1023,2811,14707,9210,5497
23,449,hoshangabad,Urban,55-59,13620,7497,6123,2927,724,2203,10693,6773,3920
23,449,hoshangabad,Urban,60-64,11445,5822,5623,3297,778,2519,8148,5044,3104
23,449,hoshangabad,Urban,65-69,7525,3790,3735,2518,576,1942,5007,3214,1793
23,449,hoshangabad,Urban,70-74,5518,2551,2967,2375,550,1825,3143,2001,1142
23,449,hoshangabad,Urban,75-79,2838,1321,1517,1157,263,894,1681,1058,623
23,449,hoshangabad,Urban,80+,3481,1521,1960,1661,396,1265,1820,1125,695
23,449,hoshangabad,Urban,Age not stated,410,250,160,102,47,55,308,203,105
23,450,katni,Total,All ages,1292042,662013,630029,501269,201430,299839,790773,460583,330190
23,450,katni,Total,0-6,193395,99761,93634,193395,99761,93634,0,0,0
23,450,katni,Total,7,28811,14908,13903,7392,3876,3516,21419,11032,10387
23,450,katni,Total,8,31805,16298,15507,3682,1921,1761,28123,14377,13746
23,450,katni,Total,9,28511,14504,14007,2030,1038,992,26481,13466,13015
23,450,katni,Total,10,34142,17444,16698,2443,1245,1198,31699,16199,15500
23,450,katni,Total,11,30210,15234,14976,1419,677,742,28791,14557,14234
23,450,katni,Total,12,30294,15488,14806,1524,754,770,28770,14734,14036
23,450,katni,Total,13,28357,14400,13957,1371,632,739,26986,13768,13218
23,450,katni,Total,14,28599,14784,13815,1580,719,861,27019,14065,12954
23,450,katni,Total,15,28539,14900,13639,2074,983,1091,26465,13917,12548
23,450,katni,Total,16,26908,14021,12887,2000,869,1131,24908,13152,11756
23,450,katni,Total,17,23110,12076,11034,1794,706,1088,21316,11370,9946
23,450,katni,Total,18,29815,15762,14053,3249,1269,1980,26566,14493,12073
23,450,katni,Total,19,21773,11353,10420,2318,767,1551,19455,10586,8869
23,450,katni,Total,20-24,114601,59445,55156,19297,5651,13646,95304,53794,41510
23,450,katni,Total,25-29,99544,51037,48507,24955,7591,17364,74589,43446,31143
23,450,katni,Total,30-34,92676,46411,46265,29368,8523,20845,63308,37888,25420
23,450,katni,Total,35-39,88944,45279,43665,33502,9979,23523,55442,35300,20142
23,450,katni,Total,40-44,79146,40617,38529,34159,10694,23465,44987,29923,15064
23,450,katni,Total,45-49,65816,34544,31272,30644,10341,20303,35172,24203,10969
23,450,katni,Total,50-54,49985,26435,23550,23956,8022,15934,26029,18413,7616
23,450,katni,Total,55-59,37234,19363,17871,18719,5947,12772,18515,13416,5099
23,450,katni,Total,60-64,34997,16778,18219,20167,6154,14013,14830,10624,4206
23,450,katni,Total,65-69,25724,12283,13441,15653,4914,10739,10071,7369,2702
23,450,katni,Total,70-74,18926,9137,9789,12435,4224,8211,6491,4913,1578
23,450,katni,Total,75-79,8844,4238,4606,5567,1818,3749,3277,2420,857
23,450,katni,Total,80+,10147,4909,5238,6089,2148,3941,4058,2761,1297
23,450,katni,Total,Age not stated,1189,604,585,487,207,280,702,397,305
23,450,katni,Rural,All ages,1028499,525188,503311,435547,173348,262199,592952,351840,241112
23,450,katni,Rural,0-6,162016,83220,78796,162016,83220,78796,0,0,0
23,450,katni,Rural,7,23878,12331,11547,6372,3338,3034,17506,8993,8513
23,450,katni,Rural,8,26562,13604,12958,3275,1714,1561,23287,11890,11397
23,450,katni,Rural,9,23927,12103,11824,1777,900,877,22150,11203,10947
23,450,katni,Rural,10,28254,14315,13939,2074,1045,1029,26180,13270,12910
23,450,katni,Rural,11,25071,12505,12566,1215,565,650,23856,11940,11916
23,450,katni,Rural,12,24902,12598,12304,1256,602,654,23646,11996,11650
23,450,katni,Rural,13,23366,11791,11575,1183,527,656,22183,11264,10919
23,450,katni,Rural,14,23388,12062,11326,1335,602,733,22053,11460,10593
23,450,katni,Rural,15,23190,12085,11105,1768,821,947,21422,11264,10158
23,450,katni,Rural,16,21701,11260,10441,1687,722,965,20014,10538,9476
23,450,katni,Rural,17,18252,9546,8706,1550,585,965,16702,8961,7741
23,450,katni,Rural,18,23774,12508,11266,2805,1044,1761,20969,11464,9505
23,450,katni,Rural,19,17184,8947,8237,2028,622,1406,15156,8325,6831
23,450,katni,Rural,20-24,88524,46179,42345,17140,4766,12374,71384,41413,29971
23,450,katni,Rural,25-29,76113,39086,37027,22290,6644,15646,53823,32442,21381
23,450,katni,Rural,30-34,71301,35436,35865,26533,7544,18989,44768,27892,16876
23,450,katni,Rural,35-39,69141,35210,33931,30121,8924,21197,39020,26286,12734
23,450,katni,Rural,40-44,61226,31340,29886,30591,9601,20990,30635,21739,8896
23,450,katni,Rural,45-49,50195,26425,23770,27220,9310,17910,22975,17115,5860
23,450,katni,Rural,50-54,37747,19761,17986,21315,7215,14100,16432,12546,3886
23,450,katni,Rural,55-59,28319,14411,13908,16591,5369,11222,11728,9042,2686
23,450,katni,Rural,60-64,27891,13180,14711,18026,5607,12419,9865,7573,2292
23,450,katni,Rural,65-69,20918,9933,10985,13996,4495,9501,6922,5438,1484
23,450,katni,Rural,70-74,15291,7357,7934,10859,3803,7056,4432,3554,878
23,450,katni,Rural,75-79,7031,3364,3667,4840,1630,3210,2191,1734,457
23,450,katni,Rural,80+,8234,4071,4163,5223,1936,3287,3011,2135,876
23,450,katni,Rural,Age not stated,1103,560,543,461,197,264,642,363,279
23,450,katni,Urban,All ages,263543,136825,126718,65722,28082,37640,197821,108743,89078
23,450,katni,Urban,0-6,31379,16541,14838,31379,16541,14838,0,0,0
23,450,katni,Urban,7,4933,2577,2356,1020,538,482,3913,2039,1874
23,450,katni,Urban,8,5243,2694,2549,407,207,200,4836,2487,2349
23,450,katni,Urban,9,4584,2401,2183,253,138,115,4331,2263,2068
23,450,katni,Urban,10,5888,3129,2759,369,200,169,5519,2929,2590
23,450,katni,Urban,11,5139,2729,2410,204,112,92,4935,2617,2318
23,450,katni,Urban,12,5392,2890,2502,268,152,116,5124,2738,2386
23,450,katni,Urban,13,4991,2609,2382,188,105,83,4803,2504,2299
23,450,katni,Urban,14,5211,2722,2489,245,117,128,4966,2605,2361
23,450,katni,Urban,15,5349,2815,2534,306,162,144,5043,2653,2390
23,450,katni,Urban,16,5207,2761,2446,313,147,166,4894,2614,2280
23,450,katni,Urban,17,4858,2530,2328,244,121,123,4614,2409,2205
23,450,katni,Urban,18,6041,3254,2787,444,225,219,5597,3029,2568
23,450,katni,Urban,19,4589,2406,2183,290,145,145,4299,2261,2038
23,450,katni,Urban,20-24,26077,13266,12811,2157,885,1272,23920,12381,11539
23,450,katni,Urban,25-29,23431,11951,11480,2665,947,1718,20766,11004,9762
23,450,katni,Urban,30-34,21375,10975,10400,2835,979,1856,18540,9996,8544
23,450,katni,Urban,35-39,19803,10069,9734,3381,1055,2326,16422,9014,7408
23,450,katni,Urban,40-44,17920,9277,8643,3568,1093,2475,14352,8184,6168
23,450,katni,Urban,45-49,15621,8119,7502,3424,1031,2393,12197,7088,5109
23,450,katni,Urban,50-54,12238,6674,5564,2641,807,1834,9597,5867,3730
23,450,katni,Urban,55-59,8915,4952,3963,2128,578,1550,6787,4374,2413
23,450,katni,Urban,60-64,7106,3598,3508,2141,547,1594,4965,3051,1914
23,450,katni,Urban,65-69,4806,2350,2456,1657,419,1238,3149,1931,1218
23,450,katni,Urban,70-74,3635,1780,1855,1576,421,1155,2059,1359,700
23,450,katni,Urban,75-79,1813,874,939,727,188,539,1086,686,400
23,450,katni,Urban,80+,1913,838,1075,866,212,654,1047,626,421
23,450,katni,Urban,Age not stated,86,44,42,26,10,16,60,34,26
23,451,jabalpur,Total,All ages,2463289,1277278,1186011,706821,296971,409850,1756468,980307,776161
23,451,jabalpur,Total,0-6,296565,154210,142355,296565,154210,142355,0,0,0
23,451,jabalpur,Total,7,45407,23565,21842,9748,5062,4686,35659,18503,17156
23,451,jabalpur,Total,8,46308,24224,22084,3993,2128,1865,42315,22096,20219
23,451,jabalpur,Total,9,42946,22438,20508,2591,1349,1242,40355,21089,19266
23,451,jabalpur,Total,10,51563,26921,24642,3168,1708,1460,48395,25213,23182
23,451,jabalpur,Total,11,47887,24843,23044,2031,1023,1008,45856,23820,22036
23,451,jabalpur,Total,12,48455,25078,23377,2022,1042,980,46433,24036,22397
23,451,jabalpur,Total,13,47617,24555,23062,1916,977,939,45701,23578,22123
23,451,jabalpur,Total,14,48628,25081,23547,2177,1100,1077,46451,23981,22470
23,451,jabalpur,Total,15,49147,25816,23331,2831,1408,1423,46316,24408,21908
23,451,jabalpur,Total,16,48683,25564,23119,2845,1457,1388,45838,24107,21731
23,451,jabalpur,Total,17,45541,24300,21241,2654,1349,1305,42887,22951,19936
23,451,jabalpur,Total,18,57508,31401,26107,4313,2156,2157,53195,29245,23950
23,451,jabalpur,Total,19,46722,25484,21238,3165,1447,1718,43557,24037,19520
23,451,jabalpur,Total,20-24,247013,131524,115489,23399,9367,14032,223614,122157,101457
23,451,jabalpur,Total,25-29,217379,112129,105250,28883,10399,18484,188496,101730,86766
23,451,jabalpur,Total,30-34,194062,99963,94099,34241,11631,22610,159821,88332,71489
23,451,jabalpur,Total,35-39,182748,93798,88950,42090,14003,28087,140658,79795,60863
23,451,jabalpur,Total,40-44,162583,84568,78015,44518,14982,29536,118065,69586,48479
23,451,jabalpur,Total,45-49,139792,72961,66831,42067,14560,27507,97725,58401,39324
23,451,jabalpur,Total,50-54,107978,57287,50691,32971,11275,21696,75007,46012,28995
23,451,jabalpur,Total,55-59,82683,42549,40134,26608,7714,18894,56075,34835,21240
23,451,jabalpur,Total,60-64,72707,36294,36413,28479,8160,20319,44228,28134,16094
23,451,jabalpur,Total,65-69,49428,24082,25346,21852,6238,15614,27576,17844,9732
23,451,jabalpur,Total,70-74,36499,17346,19153,18668,5568,13100,17831,11778,6053
23,451,jabalpur,Total,75-79,18586,8498,10088,9223,2566,6657,9363,5932,3431
23,451,jabalpur,Total,80+,24022,10312,13710,12510,3545,8965,11512,6767,4745
23,451,jabalpur,Total,Age not stated,4832,2487,2345,1293,547,746,3539,1940,1599
23,451,jabalpur,Rural,All ages,1023255,527031,496224,385431,155686,229745,637824,371345,266479
23,451,jabalpur,Rural,0-6,141756,73183,68573,141756,73183,68573,0,0,0
23,451,jabalpur,Rural,7,21287,10911,10376,5041,2579,2462,16246,8332,7914
23,451,jabalpur,Rural,8,22419,11611,10808,2110,1126,984,20309,10485,9824
23,451,jabalpur,Rural,9,20453,10472,9981,1196,613,583,19257,9859,9398
23,451,jabalpur,Rural,10,24149,12477,11672,1420,756,664,22729,11721,11008
23,451,jabalpur,Rural,11,22281,11350,10931,846,386,460,21435,10964,10471
23,451,jabalpur,Rural,12,23068,11653,11415,891,419,472,22177,11234,10943
23,451,jabalpur,Rural,13,22007,11219,10788,795,350,445,21212,10869,10343
23,451,jabalpur,Rural,14,22382,11533,10849,944,428,516,21438,11105,10333
23,451,jabalpur,Rural,15,22187,11664,10523,1265,586,679,20922,11078,9844
23,451,jabalpur,Rural,16,21725,11412,10313,1272,594,678,20453,10818,9635
23,451,jabalpur,Rural,17,19152,10359,8793,1168,522,646,17984,9837,8147
23,451,jabalpur,Rural,18,23949,13327,10622,2118,940,1178,21831,12387,9444
23,451,jabalpur,Rural,19,18292,9969,8323,1514,550,964,16778,9419,7359
23,451,jabalpur,Rural,20-24,94038,50596,43442,12675,4178,8497,81363,46418,34945
23,451,jabalpur,Rural,25-29,82520,42885,39635,17119,5530,11589,65401,37355,28046
23,451,jabalpur,Rural,30-34,76271,38714,37557,21273,6644,14629,54998,32070,22928
23,451,jabalpur,Rural,35-39,73704,37762,35942,26192,8384,17808,47512,29378,18134
23,451,jabalpur,Rural,40-44,65243,33786,31457,28132,9407,18725,37111,24379,12732
23,451,jabalpur,Rural,45-49,53512,28306,25206,25885,9239,16646,27627,19067,8560
23,451,jabalpur,Rural,50-54,38906,20695,18211,19904,7063,12841,19002,13632,5370
23,451,jabalpur,Rural,55-59,29513,14619,14894,16041,4863,11178,13472,9756,3716
23,451,jabalpur,Rural,60-64,28376,13407,14969,17395,5310,12085,10981,8097,2884
23,451,jabalpur,Rural,65-69,21031,9623,11408,13859,4193,9666,7172,5430,1742
23,451,jabalpur,Rural,70-74,16085,7154,8931,11536,3655,7881,4549,3499,1050
23,451,jabalpur,Rural,75-79,7911,3464,4447,5559,1684,3875,2352,1780,572
23,451,jabalpur,Rural,80+,9936,4338,5598,7053,2300,4753,2883,2038,845
23,451,jabalpur,Rural,Age not stated,1102,542,560,472,204,268,630,338,292
23,451,jabalpur,Urban,All ages,1440034,750247,689787,321390,141285,180105,1118644,608962,509682
23,451,jabalpur,Urban,0-6,154809,81027,73782,154809,81027,73782,0,0,0
23,451,jabalpur,Urban,7,24120,12654,11466,4707,2483,2224,19413,10171,9242
23,451,jabalpur,Urban,8,23889,12613,11276,1883,1002,881,22006,11611,10395
23,451,jabalpur,Urban,9,22493,11966,10527,1395,736,659,21098,11230,9868
23,451,jabalpur,Urban,10,27414,14444,12970,1748,952,796,25666,13492,12174
23,451,jabalpur,Urban,11,25606,13493,12113,1185,637,548,24421,12856,11565
23,451,jabalpur,Urban,12,25387,13425,11962,1131,623,508,24256,12802,11454
23,451,jabalpur,Urban,13,25610,13336,12274,1121,627,494,24489,12709,11780
23,451,jabalpur,Urban,14,26246,13548,12698,1233,672,561,25013,12876,12137
23,451,jabalpur,Urban,15,26960,14152,12808,1566,822,744,25394,13330,12064
23,451,jabalpur,Urban,16,26958,14152,12806,1573,863,710,25385,13289,12096
23,451,jabalpur,Urban,17,26389,13941,12448,1486,827,659,24903,13114,11789
23,451,jabalpur,Urban,18,33559,18074,15485,2195,1216,979,31364,16858,14506
23,451,jabalpur,Urban,19,28430,15515,12915,1651,897,754,26779,14618,12161
23,451,jabalpur,Urban,20-24,152975,80928,72047,10724,5189,5535,142251,75739,66512
23,451,jabalpur,Urban,25-29,134859,69244,65615,11764,4869,6895,123095,64375,58720
23,451,jabalpur,Urban,30-34,117791,61249,56542,12968,4987,7981,104823,56262,48561
23,451,jabalpur,Urban,35-39,109044,56036,53008,15898,5619,10279,93146,50417,42729
23,451,jabalpur,Urban,40-44,97340,50782,46558,16386,5575,10811,80954,45207,35747
23,451,jabalpur,Urban,45-49,86280,44655,41625,16182,5321,10861,70098,39334,30764
23,451,jabalpur,Urban,50-54,69072,36592,32480,13067,4212,8855,56005,32380,23625
23,451,jabalpur,Urban,55-59,53170,27930,25240,10567,2851,7716,42603,25079,17524
23,451,jabalpur,Urban,60-64,44331,22887,21444,11084,2850,8234,33247,20037,13210
23,451,jabalpur,Urban,65-69,28397,14459,13938,7993,2045,5948,20404,12414,7990
23,451,jabalpur,Urban,70-74,20414,10192,10222,7132,1913,5219,13282,8279,5003
23,451,jabalpur,Urban,75-79,10675,5034,5641,3664,882,2782,7011,4152,2859
23,451,jabalpur,Urban,80+,14086,5974,8112,5457,1245,4212,8629,4729,3900
23,451,jabalpur,Urban,Age not stated,3730,1945,1785,821,343,478,2909,1602,1307
23,452,narsimhapur,Total,All ages,1091854,568810,523044,373069,155319,217750,718785,413491,305294
23,452,narsimhapur,Total,0-6,142250,74445,67805,142250,74445,67805,0,0,0
23,452,narsimhapur,Total,7,21516,11080,10436,4821,2515,2306,16695,8565,8130
23,452,narsimhapur,Total,8,22602,11816,10786,1571,837,734,21031,10979,10052
23,452,narsimhapur,Total,9,20625,10621,10004,793,400,393,19832,10221,9611
23,452,narsimhapur,Total,10,24337,12663,11674,1122,552,570,23215,12111,11104
23,452,narsimhapur,Total,11,22708,11774,10934,691,363,328,22017,11411,10606
23,452,narsimhapur,Total,12,23203,12104,11099,776,360,416,22427,11744,10683
23,452,narsimhapur,Total,13,22463,11659,10804,710,339,371,21753,11320,10433
23,452,narsimhapur,Total,14,22535,11795,10740,816,381,435,21719,11414,10305
23,452,narsimhapur,Total,15,22349,11911,10438,1188,601,587,21161,11310,9851
23,452,narsimhapur,Total,16,22525,12295,10230,1258,653,605,21267,11642,9625
23,452,narsimhapur,Total,17,19562,10874,8688,1074,525,549,18488,10349,8139
23,452,narsimhapur,Total,18,23249,13309,9940,1918,903,1015,21331,12406,8925
23,452,narsimhapur,Total,19,18553,10030,8523,1569,586,983,16984,9444,7540
23,452,narsimhapur,Total,20-24,100999,54160,46839,13802,4675,9127,87197,49485,37712
23,452,narsimhapur,Total,25-29,90939,47629,43310,17729,6004,11725,73210,41625,31585
23,452,narsimhapur,Total,30-34,81715,41555,40160,19977,6592,13385,61738,34963,26775
23,452,narsimhapur,Total,35-39,78190,40136,38054,23224,7965,15259,54966,32171,22795
23,452,narsimhapur,Total,40-44,69679,35895,33784,24570,8513,16057,45109,27382,17727
23,452,narsimhapur,Total,45-49,59976,31807,28169,23054,8314,14740,36922,23493,13429
23,452,narsimhapur,Total,50-54,46082,24662,21420,17977,6483,11494,28105,18179,9926
23,452,narsimhapur,Total,55-59,34894,17839,17055,14561,4359,10202,20333,13480,6853
23,452,narsimhapur,Total,60-64,33914,16911,17003,17044,5433,11611,16870,11478,5392
23,452,narsimhapur,Total,65-69,24419,11796,12623,13688,4333,9355,10731,7463,3268
23,452,narsimhapur,Total,70-74,19109,9080,10029,12033,4140,7893,7076,4940,2136
23,452,narsimhapur,Total,75-79,10211,4616,5595,6592,2049,4543,3619,2567,1052
23,452,narsimhapur,Total,80+,12202,5787,6415,7929,2858,5071,4273,2929,1344
23,452,narsimhapur,Total,Age not stated,1048,561,487,332,141,191,716,420,296
23,452,narsimhapur,Rural,All ages,888314,462699,425615,326227,134965,191262,562087,327734,234353
23,452,narsimhapur,Rural,0-6,119361,62300,57061,119361,62300,57061,0,0,0
23,452,narsimhapur,Rural,7,17884,9168,8716,4027,2086,1941,13857,7082,6775
23,452,narsimhapur,Rural,8,18908,9857,9051,1344,704,640,17564,9153,8411
23,452,narsimhapur,Rural,9,17208,8850,8358,684,350,334,16524,8500,8024
23,452,narsimhapur,Rural,10,20172,10492,9680,936,454,482,19236,10038,9198
23,452,narsimhapur,Rural,11,18643,9614,9029,593,299,294,18050,9315,8735
23,452,narsimhapur,Rural,12,19300,10009,9291,660,298,362,18640,9711,8929
23,452,narsimhapur,Rural,13,18562,9600,8962,609,288,321,17953,9312,8641
23,452,narsimhapur,Rural,14,18498,9634,8864,703,321,382,17795,9313,8482
23,452,narsimhapur,Rural,15,18246,9697,8549,1025,500,525,17221,9197,8024
23,452,narsimhapur,Rural,16,18507,10135,8372,1105,569,536,17402,9566,7836
23,452,narsimhapur,Rural,17,15765,8866,6899,918,441,477,14847,8425,6422
23,452,narsimhapur,Rural,18,18899,10952,7947,1649,747,902,17250,10205,7045
23,452,narsimhapur,Rural,19,14953,8101,6852,1372,485,887,13581,7616,5965
23,452,narsimhapur,Rural,20-24,81245,43817,37428,12294,4032,8262,68951,39785,29166
23,452,narsimhapur,Rural,25-29,72878,38365,34513,16041,5360,10681,56837,33005,23832
23,452,narsimhapur,Rural,30-34,65302,33245,32057,18018,5967,12051,47284,27278,20006
23,452,narsimhapur,Rural,35-39,62614,32120,30494,21009,7180,13829,41605,24940,16665
23,452,narsimhapur,Rural,40-44,55721,28651,27070,22154,7712,14442,33567,20939,12628
23,452,narsimhapur,Rural,45-49,47855,25310,22545,20774,7552,13222,27081,17758,9323
23,452,narsimhapur,Rural,50-54,36375,19485,16890,16132,5900,10232,20243,13585,6658
23,452,narsimhapur,Rural,55-59,27936,14100,13836,13163,3988,9175,14773,10112,4661
23,452,narsimhapur,Rural,60-64,27642,13697,13945,15339,4973,10366,12303,8724,3579
23,452,narsimhapur,Rural,65-69,20273,9771,10502,12338,3995,8343,7935,5776,2159
23,452,narsimhapur,Rural,70-74,15948,7619,8329,10764,3826,6938,5184,3793,1391
23,452,narsimhapur,Rural,75-79,8560,3839,4721,5958,1907,4051,2602,1932,670
23,452,narsimhapur,Rural,80+,10209,4937,5272,6984,2613,4371,3225,2324,901
23,452,narsimhapur,Rural,Age not stated,850,468,382,273,118,155,577,350,227
23,452,narsimhapur,Urban,All ages,203540,106111,97429,46842,20354,26488,156698,85757,70941
23,452,narsimhapur,Urban,0-6,22889,12145,10744,22889,12145,10744,0,0,0
23,452,narsimhapur,Urban,7,3632,1912,1720,794,429,365,2838,1483,1355
23,452,narsimhapur,Urban,8,3694,1959,1735,227,133,94,3467,1826,1641
23,452,narsimhapur,Urban,9,3417,1771,1646,109,50,59,3308,1721,1587
23,452,narsimhapur,Urban,10,4165,2171,1994,186,98,88,3979,2073,1906
23,452,narsimhapur,Urban,11,4065,2160,1905,98,64,34,3967,2096,1871
23,452,narsimhapur,Urban,12,3903,2095,1808,116,62,54,3787,2033,1754
23,452,narsimhapur,Urban,13,3901,2059,1842,101,51,50,3800,2008,1792
23,452,narsimhapur,Urban,14,4037,2161,1876,113,60,53,3924,2101,1823
23,452,narsimhapur,Urban,15,4103,2214,1889,163,101,62,3940,2113,1827
23,452,narsimhapur,Urban,16,4018,2160,1858,153,84,69,3865,2076,1789
23,452,narsimhapur,Urban,17,3797,2008,1789,156,84,72,3641,1924,1717
23,452,narsimhapur,Urban,18,4350,2357,1993,269,156,113,4081,2201,1880
23,452,narsimhapur,Urban,19,3600,1929,1671,197,101,96,3403,1828,1575
23,452,narsimhapur,Urban,20-24,19754,10343,9411,1508,643,865,18246,9700,8546
23,452,narsimhapur,Urban,25-29,18061,9264,8797,1688,644,1044,16373,8620,7753
23,452,narsimhapur,Urban,30-34,16413,8310,8103,1959,625,1334,14454,7685,6769
23,452,narsimhapur,Urban,35-39,15576,8016,7560,2215,785,1430,13361,7231,6130
23,452,narsimhapur,Urban,40-44,13958,7244,6714,2416,801,1615,11542,6443,5099
23,452,narsimhapur,Urban,45-49,12121,6497,5624,2280,762,1518,9841,5735,4106
23,452,narsimhapur,Urban,50-54,9707,5177,4530,1845,583,1262,7862,4594,3268
23,452,narsimhapur,Urban,55-59,6958,3739,3219,1398,371,1027,5560,3368,2192
23,452,narsimhapur,Urban,60-64,6272,3214,3058,1705,460,1245,4567,2754,1813
23,452,narsimhapur,Urban,65-69,4146,2025,2121,1350,338,1012,2796,1687,1109
23,452,narsimhapur,Urban,70-74,3161,1461,1700,1269,314,955,1892,1147,745
23,452,narsimhapur,Urban,75-79,1651,777,874,634,142,492,1017,635,382
23,452,narsimhapur,Urban,80+,1993,850,1143,945,245,700,1048,605,443
23,452,narsimhapur,Urban,Age not stated,198,93,105,59,23,36,139,70,69
23,453,dindori,Total,All ages,704524,351913,352611,325810,129154,196656,378714,222759,155955
23,453,dindori,Total,0-6,111820,56767,55053,111820,56767,55053,0,0,0
23,453,dindori,Total,7,15419,7856,7563,3386,1665,1721,12033,6191,5842
23,453,dindori,Total,8,16268,8112,8156,1821,883,938,14447,7229,7218
23,453,dindori,Total,9,14032,6879,7153,1049,494,555,12983,6385,6598
23,453,dindori,Total,10,16308,8189,8119,1284,650,634,15024,7539,7485
23,453,dindori,Total,11,14584,7137,7447,825,387,438,13759,6750,7009
23,453,dindori,Total,12,16058,8012,8046,901,410,491,15157,7602,7555
23,453,dindori,Total,13,14756,7306,7450,764,338,426,13992,6968,7024
23,453,dindori,Total,14,15204,7642,7562,915,402,513,14289,7240,7049
23,453,dindori,Total,15,15437,8060,7377,1393,638,755,14044,7422,6622
23,453,dindori,Total,16,13879,7136,6743,1186,482,704,12693,6654,6039
23,453,dindori,Total,17,11462,5937,5525,1210,488,722,10252,5449,4803
23,453,dindori,Total,18,14049,7045,7004,2047,687,1360,12002,6358,5644
23,453,dindori,Total,19,11079,5363,5716,1746,491,1255,9333,4872,4461
23,453,dindori,Total,20-24,62273,30428,31845,14850,4239,10611,47423,26189,21234
23,453,dindori,Total,25-29,56903,28711,28192,18792,6007,12785,38111,22704,15407
23,453,dindori,Total,30-34,50009,24349,25660,20095,5891,14204,29914,18458,11456
23,453,dindori,Total,35-39,51218,25982,25236,24240,7468,16772,26978,18514,8464
23,453,dindori,Total,40-44,42965,21537,21428,24062,7865,16197,18903,13672,5231
23,453,dindori,Total,45-49,37649,19446,18203,23058,8424,14634,14591,11022,3569
23,453,dindori,Total,50-54,27275,14081,13194,17227,6309,10918,10048,7772,2276
23,453,dindori,Total,55-59,21178,10408,10770,13830,4733,9097,7348,5675,1673
23,453,dindori,Total,60-64,20181,9503,10678,14052,4711,9341,6129,4792,1337
23,453,dindori,Total,65-69,14261,6822,7439,10078,3454,6624,4183,3368,815
23,453,dindori,Total,70-74,9570,4320,5250,7245,2461,4784,2325,1859,466
23,453,dindori,Total,75-79,4560,2048,2512,3475,1152,2323,1085,896,189
23,453,dindori,Total,80+,5497,2505,2992,4202,1543,2659,1295,962,333
23,453,dindori,Total,Age not stated,630,332,298,257,115,142,373,217,156
23,453,dindori,Rural,All ages,672206,335393,336813,317364,125861,191503,354842,209532,145310
23,453,dindori,Rural,0-6,107702,54706,52996,107702,54706,52996,0,0,0
23,453,dindori,Rural,7,14799,7537,7262,3285,1614,1671,11514,5923,5591
23,453,dindori,Rural,8,15622,7780,7842,1775,860,915,13847,6920,6927
23,453,dindori,Rural,9,13476,6595,6881,1025,485,540,12451,6110,6341
23,453,dindori,Rural,10,15608,7839,7769,1251,635,616,14357,7204,7153
23,453,dindori,Rural,11,13977,6811,7166,801,379,422,13176,6432,6744
23,453,dindori,Rural,12,15417,7683,7734,874,394,480,14543,7289,7254
23,453,dindori,Rural,13,14084,6951,7133,734,328,406,13350,6623,6727
23,453,dindori,Rural,14,14577,7317,7260,890,389,501,13687,6928,6759
23,453,dindori,Rural,15,14752,7704,7048,1354,617,737,13398,7087,6311
23,453,dindori,Rural,16,13233,6797,6436,1150,465,685,12083,6332,5751
23,453,dindori,Rural,17,10921,5664,5257,1182,476,706,9739,5188,4551
23,453,dindori,Rural,18,13335,6670,6665,2000,664,1336,11335,6006,5329
23,453,dindori,Rural,19,10487,5059,5428,1707,471,1236,8780,4588,4192
23,453,dindori,Rural,20-24,59051,28802,30249,14524,4123,10401,44527,24679,19848
23,453,dindori,Rural,25-29,54018,27273,26745,18468,5920,12548,35550,21353,14197
23,453,dindori,Rural,30-34,47354,23007,24347,19689,5786,13903,27665,17221,10444
23,453,dindori,Rural,35-39,48694,24707,23987,23824,7361,16463,24870,17346,7524
23,453,dindori,Rural,40-44,40669,20331,20338,23595,7737,15858,17074,12594,4480
23,453,dindori,Rural,45-49,35794,18447,17347,22634,8314,14320,13160,10133,3027
23,453,dindori,Rural,50-54,25848,13281,12567,16886,6223,10663,8962,7058,1904
23,453,dindori,Rural,55-59,20226,9891,10335,13589,4670,8919,6637,5221,1416
23,453,dindori,Rural,60-64,19397,9137,10260,13765,4648,9117,5632,4489,1143
23,453,dindori,Rural,65-69,13710,6563,7147,9858,3397,6461,3852,3166,686
23,453,dindori,Rural,70-74,9165,4137,5028,7057,2421,4636,2108,1716,392
23,453,dindori,Rural,75-79,4364,1951,2413,3394,1137,2257,970,814,156
23,453,dindori,Rural,80+,5307,2429,2878,4094,1526,2568,1213,903,310
23,453,dindori,Rural,Age not stated,619,324,295,257,115,142,362,209,153
23,453,dindori,Urban,All ages,32318,16520,15798,8446,3293,5153,23872,13227,10645
23,453,dindori,Urban,0-6,4118,2061,2057,4118,2061,2057,0,0,0
23,453,dindori,Urban,7,620,319,301,101,51,50,519,268,251
23,453,dindori,Urban,8,646,332,314,46,23,23,600,309,291
23,453,dindori,Urban,9,556,284,272,24,9,15,532,275,257
23,453,dindori,Urban,10,700,350,350,33,15,18,667,335,332
23,453,dindori,Urban,11,607,326,281,24,8,16,583,318,265
23,453,dindori,Urban,12,641,329,312,27,16,11,614,313,301
23,453,dindori,Urban,13,672,355,317,30,10,20,642,345,297
23,453,dindori,Urban,14,627,325,302,25,13,12,602,312,290
23,453,dindori,Urban,15,685,356,329,39,21,18,646,335,311
23,453,dindori,Urban,16,646,339,307,36,17,19,610,322,288
23,453,dindori,Urban,17,541,273,268,28,12,16,513,261,252
23,453,dindori,Urban,18,714,375,339,47,23,24,667,352,315
23,453,dindori,Urban,19,592,304,288,39,20,19,553,284,269
23,453,dindori,Urban,20-24,3222,1626,1596,326,116,210,2896,1510,1386
23,453,dindori,Urban,25-29,2885,1438,1447,324,87,237,2561,1351,1210
23,453,dindori,Urban,30-34,2655,1342,1313,406,105,301,2249,1237,1012
23,453,dindori,Urban,35-39,2524,1275,1249,416,107,309,2108,1168,940
23,453,dindori,Urban,40-44,2296,1206,1090,467,128,339,1829,1078,751
23,453,dindori,Urban,45-49,1855,999,856,424,110,314,1431,889,542
23,453,dindori,Urban,50-54,1427,800,627,341,86,255,1086,714,372
23,453,dindori,Urban,55-59,952,517,435,241,63,178,711,454,257
23,453,dindori,Urban,60-64,784,366,418,287,63,224,497,303,194
23,453,dindori,Urban,65-69,551,259,292,220,57,163,331,202,129
23,453,dindori,Urban,70-74,405,183,222,188,40,148,217,143,74
23,453,dindori,Urban,75-79,196,97,99,81,15,66,115,82,33
23,453,dindori,Urban,80+,190,76,114,108,17,91,82,59,23
23,453,dindori,Urban,Age not stated,11,8,3,0,0,0,11,8,3
23,454,mandla,Total,All ages,1054905,525272,529633,449943,177239,272704,604962,348033,256929
23,454,mandla,Total,0-6,150263,76288,73975,150263,76288,73975,0,0,0
23,454,mandla,Total,7,22725,11539,11186,5953,2969,2984,16772,8570,8202
23,454,mandla,Total,8,23100,11736,11364,2471,1244,1227,20629,10492,10137
23,454,mandla,Total,9,20515,10249,10266,1322,632,690,19193,9617,9576
23,454,mandla,Total,10,23897,11989,11908,1506,701,805,22391,11288,11103
23,454,mandla,Total,11,21919,10974,10945,979,465,514,20940,10509,10431
23,454,mandla,Total,12,23329,11696,11633,997,471,526,22332,11225,11107
23,454,mandla,Total,13,21640,10701,10939,833,369,464,20807,10332,10475
23,454,mandla,Total,14,22714,11360,11354,1079,488,591,21635,10872,10763
23,454,mandla,Total,15,22579,11478,11101,1504,649,855,21075,10829,10246
23,454,mandla,Total,16,21704,11142,10562,1689,691,998,20015,10451,9564
23,454,mandla,Total,17,18980,9696,9284,1496,556,940,17484,9140,8344
23,454,mandla,Total,18,23530,12058,11472,2644,944,1700,20886,11114,9772
23,454,mandla,Total,19,18164,9061,9103,2112,578,1534,16052,8483,7569
23,454,mandla,Total,20-24,96245,48205,48040,18362,5355,13007,77883,42850,35033
23,454,mandla,Total,25-29,83490,41991,41499,23558,7512,16046,59932,34479,25453
23,454,mandla,Total,30-34,74634,36448,38186,26267,7872,18395,48367,28576,19791
23,454,mandla,Total,35-39,75782,37450,38332,32964,9970,22994,42818,27480,15338
23,454,mandla,Total,40-44,68750,34122,34628,35395,11702,23693,33355,22420,10935
23,454,mandla,Total,45-49,59387,30258,29129,33899,12331,21568,25488,17927,7561
23,454,mandla,Total,50-54,43897,22690,21207,25654,9572,16082,18243,13118,5125
23,454,mandla,Total,55-59,33398,16441,16957,20272,6899,13373,13126,9542,3584
23,454,mandla,Total,60-64,31149,14431,16718,21004,6975,14029,10145,7456,2689
23,454,mandla,Total,65-69,21768,9761,12007,15262,4888,10374,6506,4873,1633
23,454,mandla,Total,70-74,15133,6520,8613,11087,3516,7571,4046,3004,1042
23,454,mandla,Total,75-79,6866,2843,4023,4995,1450,3545,1871,1393,478
23,454,mandla,Total,80+,8299,3594,4705,5956,1995,3961,2343,1599,744
23,454,mandla,Total,Age not stated,1048,551,497,420,157,263,628,394,234
23,454,mandla,Rural,All ages,924716,459151,465565,420991,165398,255593,503725,293753,209972
23,454,mandla,Rural,0-6,136223,68942,67281,136223,68942,67281,0,0,0
23,454,mandla,Rural,7,20439,10377,10062,5564,2775,2789,14875,7602,7273
23,454,mandla,Rural,8,20916,10613,10303,2347,1176,1171,18569,9437,9132
23,454,mandla,Rural,9,18372,9196,9176,1245,592,653,17127,8604,8523
23,454,mandla,Rural,10,21407,10686,10721,1419,654,765,19988,10032,9956
23,454,mandla,Rural,11,19540,9713,9827,940,438,502,18600,9275,9325
23,454,mandla,Rural,12,20949,10456,10493,957,450,507,19992,10006,9986
23,454,mandla,Rural,13,19116,9405,9711,792,349,443,18324,9056,9268
23,454,mandla,Rural,14,20179,10099,10080,1033,463,570,19146,9636,9510
23,454,mandla,Rural,15,19882,10101,9781,1440,619,821,18442,9482,8960
23,454,mandla,Rural,16,19025,9783,9242,1624,662,962,17401,9121,8280
23,454,mandla,Rural,17,16468,8417,8051,1431,527,904,15037,7890,7147
23,454,mandla,Rural,18,20520,10472,10048,2519,879,1640,18001,9593,8408
23,454,mandla,Rural,19,15718,7790,7928,2033,552,1481,13685,7238,6447
23,454,mandla,Rural,20-24,82785,41426,41359,17647,5059,12588,65138,36367,28771
23,454,mandla,Rural,25-29,71939,36199,35740,22635,7169,15466,49304,29030,20274
23,454,mandla,Rural,30-34,64065,31179,32886,25098,7469,17629,38967,23710,15257
23,454,mandla,Rural,35-39,65792,32478,33314,31472,9529,21943,34320,22949,11371
23,454,mandla,Rural,40-44,59261,29351,29910,33708,11213,22495,25553,18138,7415
23,454,mandla,Rural,45-49,51183,25957,25226,32272,11862,20410,18911,14095,4816
23,454,mandla,Rural,50-54,37655,19338,18317,24357,9207,15150,13298,10131,3167
23,454,mandla,Rural,55-59,28957,14073,14884,19289,6653,12636,9668,7420,2248
23,454,mandla,Rural,60-64,27624,12724,14900,19906,6721,13185,7718,6003,1715
23,454,mandla,Rural,65-69,19255,8598,10657,14323,4694,9629,4932,3904,1028
23,454,mandla,Rural,70-74,13243,5672,7571,10280,3356,6924,2963,2316,647
23,454,mandla,Rural,75-79,5918,2412,3506,4594,1371,3223,1324,1041,283
23,454,mandla,Rural,80+,7294,3174,4120,5439,1867,3572,1855,1307,548
23,454,mandla,Rural,Age not stated,991,520,471,404,150,254,587,370,217
23,454,mandla,Urban,All ages,130189,66121,64068,28952,11841,17111,101237,54280,46957
23,454,mandla,Urban,0-6,14040,7346,6694,14040,7346,6694,0,0,0
23,454,mandla,Urban,7,2286,1162,1124,389,194,195,1897,968,929
23,454,mandla,Urban,8,2184,1123,1061,124,68,56,2060,1055,1005
23,454,mandla,Urban,9,2143,1053,1090,77,40,37,2066,1013,1053
23,454,mandla,Urban,10,2490,1303,1187,87,47,40,2403,1256,1147
23,454,mandla,Urban,11,2379,1261,1118,39,27,12,2340,1234,1106
23,454,mandla,Urban,12,2380,1240,1140,40,21,19,2340,1219,1121
23,454,mandla,Urban,13,2524,1296,1228,41,20,21,2483,1276,1207
23,454,mandla,Urban,14,2535,1261,1274,46,25,21,2489,1236,1253
23,454,mandla,Urban,15,2697,1377,1320,64,30,34,2633,1347,1286
23,454,mandla,Urban,16,2679,1359,1320,65,29,36,2614,1330,1284
23,454,mandla,Urban,17,2512,1279,1233,65,29,36,2447,1250,1197
23,454,mandla,Urban,18,3010,1586,1424,125,65,60,2885,1521,1364
23,454,mandla,Urban,19,2446,1271,1175,79,26,53,2367,1245,1122
23,454,mandla,Urban,20-24,13460,6779,6681,715,296,419,12745,6483,6262
23,454,mandla,Urban,25-29,11551,5792,5759,923,343,580,10628,5449,5179
23,454,mandla,Urban,30-34,10569,5269,5300,1169,403,766,9400,4866,4534
23,454,mandla,Urban,35-39,9990,4972,5018,1492,441,1051,8498,4531,3967
23,454,mandla,Urban,40-44,9489,4771,4718,1687,489,1198,7802,4282,3520
23,454,mandla,Urban,45-49,8204,4301,3903,1627,469,1158,6577,3832,2745
23,454,mandla,Urban,50-54,6242,3352,2890,1297,365,932,4945,2987,1958
23,454,mandla,Urban,55-59,4441,2368,2073,983,246,737,3458,2122,1336
23,454,mandla,Urban,60-64,3525,1707,1818,1098,254,844,2427,1453,974
23,454,mandla,Urban,65-69,2513,1163,1350,939,194,745,1574,969,605
23,454,mandla,Urban,70-74,1890,848,1042,807,160,647,1083,688,395
23,454,mandla,Urban,75-79,948,431,517,401,79,322,547,352,195
23,454,mandla,Urban,80+,1005,420,585,517,128,389,488,292,196
23,454,mandla,Urban,Age not stated,57,31,26,16,7,9,41,24,17
23,455,chhindwara,Total,All ages,2090922,1064468,1026454,796724,333174,463550,1294198,731294,562904
23,455,chhindwara,Total,0-6,272289,139220,133069,272289,139220,133069,0,0,0
23,455,chhindwara,Total,7,42480,21509,20971,10449,5272,5177,32031,16237,15794
23,455,chhindwara,Total,8,43774,22579,21195,4320,2259,2061,39454,20320,19134
23,455,chhindwara,Total,9,39828,20179,19649,2546,1279,1267,37282,18900,18382
23,455,chhindwara,Total,10,47660,24403,23257,2922,1471,1451,44738,22932,21806
23,455,chhindwara,Total,11,44472,22434,22038,1949,975,974,42523,21459,21064
23,455,chhindwara,Total,12,46809,23860,22949,2201,1052,1149,44608,22808,21800
23,455,chhindwara,Total,13,43435,21965,21470,1926,904,1022,41509,21061,20448
23,455,chhindwara,Total,14,45742,23331,22411,2388,1116,1272,43354,22215,21139
23,455,chhindwara,Total,15,46559,24221,22338,3347,1512,1835,43212,22709,20503
23,455,chhindwara,Total,16,47603,24623,22980,3760,1655,2105,43843,22968,20875
23,455,chhindwara,Total,17,41900,21344,20556,3270,1370,1900,38630,19974,18656
23,455,chhindwara,Total,18,49892,25940,23952,5597,2259,3338,44295,23681,20614
23,455,chhindwara,Total,19,40961,21047,19914,4366,1528,2838,36595,19519,17076
23,455,chhindwara,Total,20-24,208854,108526,100328,33649,12242,21407,175205,96284,78921
23,455,chhindwara,Total,25-29,170005,88138,81867,39247,14572,24675,130758,73566,57192
23,455,chhindwara,Total,30-34,149620,76005,73615,44271,15972,28299,105349,60033,45316
23,455,chhindwara,Total,35-39,143285,72241,71044,51767,17830,33937,91518,54411,37107
23,455,chhindwara,Total,40-44,131728,67233,64495,57664,20673,36991,74064,46560,27504
23,455,chhindwara,Total,45-49,110683,57882,52801,53611,20550,33061,57072,37332,19740
23,455,chhindwara,Total,50-54,84764,44248,40516,42994,16394,26600,41770,27854,13916
23,455,chhindwara,Total,55-59,65312,33361,31951,34598,12167,22431,30714,21194,9520
23,455,chhindwara,Total,60-64,60292,29163,31129,37165,12942,24223,23127,16221,6906
23,455,chhindwara,Total,65-69,42376,19246,23130,28574,9478,19096,13802,9768,4034
23,455,chhindwara,Total,70-74,33353,15077,18276,24683,8780,15903,8670,6297,2373
23,455,chhindwara,Total,75-79,16373,7297,9076,12043,4173,7870,4330,3124,1206
23,455,chhindwara,Total,80+,19507,8688,10819,14639,5321,9318,4868,3367,1501
23,455,chhindwara,Total,Age not stated,1366,708,658,489,208,281,877,500,377
23,455,chhindwara,Rural,All ages,1585739,806199,779540,677901,283766,394135,907838,522433,385405
23,455,chhindwara,Rural,0-6,217696,111228,106468,217696,111228,106468,0,0,0
23,455,chhindwara,Rural,7,33761,17078,16683,8990,4531,4459,24771,12547,12224
23,455,chhindwara,Rural,8,35290,18084,17206,3847,1979,1868,31443,16105,15338
23,455,chhindwara,Rural,9,31628,15855,15773,2294,1130,1164,29334,14725,14609
23,455,chhindwara,Rural,10,37910,19298,18612,2577,1274,1303,35333,18024,17309
23,455,chhindwara,Rural,11,35083,17691,17392,1742,859,883,33341,16832,16509
23,455,chhindwara,Rural,12,37226,18896,18330,2008,950,1058,35218,17946,17272
23,455,chhindwara,Rural,13,33981,17157,16824,1739,806,933,32242,16351,15891
23,455,chhindwara,Rural,14,35832,18310,17522,2163,991,1172,33669,17319,16350
23,455,chhindwara,Rural,15,36420,18892,17528,3023,1350,1673,33397,17542,15855
23,455,chhindwara,Rural,16,37381,19326,18055,3430,1465,1965,33951,17861,16090
23,455,chhindwara,Rural,17,32410,16471,15939,2988,1204,1784,29422,15267,14155
23,455,chhindwara,Rural,18,38962,20325,18637,5175,2043,3132,33787,18282,15505
23,455,chhindwara,Rural,19,31231,15949,15282,4026,1347,2679,27205,14602,12603
23,455,chhindwara,Rural,20-24,156159,81648,74511,30827,10969,19858,125332,70679,54653
23,455,chhindwara,Rural,25-29,122995,64018,58977,35752,13097,22655,87243,50921,36322
23,455,chhindwara,Rural,30-34,109114,55263,53851,40307,14481,25826,68807,40782,28025
23,455,chhindwara,Rural,35-39,105818,53189,52629,46725,16193,30532,59093,36996,22097
23,455,chhindwara,Rural,40-44,97908,49730,48178,51558,18687,32871,46350,31043,15307
23,455,chhindwara,Rural,45-49,81362,42589,38773,47039,18509,28530,34323,24080,10243
23,455,chhindwara,Rural,50-54,60776,31880,28896,36723,14560,22163,24053,17320,6733
23,455,chhindwara,Rural,55-59,47027,23573,23454,29585,10676,18909,17442,12897,4545
23,455,chhindwara,Rural,60-64,44581,21293,23288,31273,11310,19963,13308,9983,3325
23,455,chhindwara,Rural,65-69,31830,14313,17517,23880,8250,15630,7950,6063,1887
23,455,chhindwara,Rural,70-74,25378,11538,13840,20368,7592,12776,5010,3946,1064
23,455,chhindwara,Rural,75-79,12171,5365,6806,9872,3559,6313,2299,1806,493
23,455,chhindwara,Rural,80+,14880,6749,8131,11923,4556,7367,2957,2193,764
23,455,chhindwara,Rural,Age not stated,929,491,438,371,170,201,558,321,237
23,455,chhindwara,Urban,All ages,505183,258269,246914,118823,49408,69415,386360,208861,177499
23,455,chhindwara,Urban,0-6,54593,27992,26601,54593,27992,26601,0,0,0
23,455,chhindwara,Urban,7,8719,4431,4288,1459,741,718,7260,3690,3570
23,455,chhindwara,Urban,8,8484,4495,3989,473,280,193,8011,4215,3796
23,455,chhindwara,Urban,9,8200,4324,3876,252,149,103,7948,4175,3773
23,455,chhindwara,Urban,10,9750,5105,4645,345,197,148,9405,4908,4497
23,455,chhindwara,Urban,11,9389,4743,4646,207,116,91,9182,4627,4555
23,455,chhindwara,Urban,12,9583,4964,4619,193,102,91,9390,4862,4528
23,455,chhindwara,Urban,13,9454,4808,4646,187,98,89,9267,4710,4557
23,455,chhindwara,Urban,14,9910,5021,4889,225,125,100,9685,4896,4789
23,455,chhindwara,Urban,15,10139,5329,4810,324,162,162,9815,5167,4648
23,455,chhindwara,Urban,16,10222,5297,4925,330,190,140,9892,5107,4785
23,455,chhindwara,Urban,17,9490,4873,4617,282,166,116,9208,4707,4501
23,455,chhindwara,Urban,18,10930,5615,5315,422,216,206,10508,5399,5109
23,455,chhindwara,Urban,19,9730,5098,4632,340,181,159,9390,4917,4473
23,455,chhindwara,Urban,20-24,52695,26878,25817,2822,1273,1549,49873,25605,24268
23,455,chhindwara,Urban,25-29,47010,24120,22890,3495,1475,2020,43515,22645,20870
23,455,chhindwara,Urban,30-34,40506,20742,19764,3964,1491,2473,36542,19251,17291
23,455,chhindwara,Urban,35-39,37467,19052,18415,5042,1637,3405,32425,17415,15010
23,455,chhindwara,Urban,40-44,33820,17503,16317,6106,1986,4120,27714,15517,12197
23,455,chhindwara,Urban,45-49,29321,15293,14028,6572,2041,4531,22749,13252,9497
23,455,chhindwara,Urban,50-54,23988,12368,11620,6271,1834,4437,17717,10534,7183
23,455,chhindwara,Urban,55-59,18285,9788,8497,5013,1491,3522,13272,8297,4975
23,455,chhindwara,Urban,60-64,15711,7870,7841,5892,1632,4260,9819,6238,3581
23,455,chhindwara,Urban,65-69,10546,4933,5613,4694,1228,3466,5852,3705,2147
23,455,chhindwara,Urban,70-74,7975,3539,4436,4315,1188,3127,3660,2351,1309
23,455,chhindwara,Urban,75-79,4202,1932,2270,2171,614,1557,2031,1318,713
23,455,chhindwara,Urban,80+,4627,1939,2688,2716,765,1951,1911,1174,737
23,455,chhindwara,Urban,Age not stated,437,217,220,118,38,80,319,179,140
23,456,seoni,Total,All ages,1379131,695879,683252,514937,210538,304399,864194,485341,378853
23,456,seoni,Total,0-6,180784,92567,88217,180784,92567,88217,0,0,0
23,456,seoni,Total,7,28276,14312,13964,7952,4081,3871,20324,10231,10093
23,456,seoni,Total,8,30295,15305,14990,2524,1275,1249,27771,14030,13741
23,456,seoni,Total,9,27492,13792,13700,1210,637,573,26282,13155,13127
23,456,seoni,Total,10,32122,16299,15823,1198,619,579,30924,15680,15244
23,456,seoni,Total,11,31107,15556,15551,799,430,369,30308,15126,15182
23,456,seoni,Total,12,31218,15587,15631,882,472,410,30336,15115,15221
23,456,seoni,Total,13,30250,15058,15192,815,401,414,29435,14657,14778
23,456,seoni,Total,14,30374,15045,15329,936,473,463,29438,14572,14866
23,456,seoni,Total,15,31652,16205,15447,1351,694,657,30301,15511,14790
23,456,seoni,Total,16,30948,15884,15064,1449,677,772,29499,15207,14292
23,456,seoni,Total,17,27587,14041,13546,1387,648,739,26200,13393,12807
23,456,seoni,Total,18,32164,16716,15448,2307,987,1320,29857,15729,14128
23,456,seoni,Total,19,25871,13299,12572,1938,759,1179,23933,12540,11393
23,456,seoni,Total,20-24,130909,67733,63176,16660,5745,10915,114249,61988,52261
23,456,seoni,Total,25-29,108873,55665,53208,22631,7877,14754,86242,47788,38454
23,456,seoni,Total,30-34,100597,50132,50465,28535,9331,19204,72062,40801,31261
23,456,seoni,Total,35-39,96835,48961,47874,36365,12040,24325,60470,36921,23549
23,456,seoni,Total,40-44,90032,44999,45033,41487,14275,27212,48545,30724,17821
23,456,seoni,Total,45-49,75573,39299,36274,38624,14492,24132,36949,24807,12142
23,456,seoni,Total,50-54,56491,29413,27078,29679,10917,18762,26812,18496,8316
23,456,seoni,Total,55-59,42669,21464,21205,23010,7579,15431,19659,13885,5774
23,456,seoni,Total,60-64,38556,18035,20521,24174,7807,16367,14382,10228,4154
23,456,seoni,Total,65-69,27661,12510,15151,18741,5940,12801,8920,6570,2350
23,456,seoni,Total,70-74,20443,9083,11360,14955,4988,9967,5488,4095,1393
23,456,seoni,Total,75-79,9246,3972,5274,6799,2171,4628,2447,1801,646
23,456,seoni,Total,80+,10171,4461,5710,7417,2505,4912,2754,1956,798
23,456,seoni,Total,Age not stated,935,486,449,328,151,177,607,335,272
23,456,seoni,Rural,All ages,1215241,612314,602927,480873,196209,284664,734368,416105,318263
23,456,seoni,Rural,0-6,162978,83218,79760,162978,83218,79760,0,0,0
23,456,seoni,Rural,7,25471,12858,12613,7447,3817,3630,18024,9041,8983
23,456,seoni,Rural,8,27336,13786,13550,2398,1216,1182,24938,12570,12368
23,456,seoni,Rural,9,24916,12469,12447,1136,601,535,23780,11868,11912
23,456,seoni,Rural,10,28868,14590,14278,1100,568,532,27768,14022,13746
23,456,seoni,Rural,11,28038,13972,14066,739,398,341,27299,13574,13725
23,456,seoni,Rural,12,28013,13930,14083,821,440,381,27192,13490,13702
23,456,seoni,Rural,13,27031,13430,13601,765,372,393,26266,13058,13208
23,456,seoni,Rural,14,27094,13367,13727,903,452,451,26191,12915,13276
23,456,seoni,Rural,15,28315,14494,13821,1279,656,623,27036,13838,13198
23,456,seoni,Rural,16,27472,14086,13386,1384,647,737,26088,13439,12649
23,456,seoni,Rural,17,24407,12415,11992,1317,609,708,23090,11806,11284
23,456,seoni,Rural,18,28394,14711,13683,2196,926,1270,26198,13785,12413
23,456,seoni,Rural,19,22828,11708,11120,1853,722,1131,20975,10986,9989
23,456,seoni,Rural,20-24,114048,59313,54735,16001,5444,10557,98047,53869,44178
23,456,seoni,Rural,25-29,94041,48318,45723,21709,7532,14177,72332,40786,31546
23,456,seoni,Rural,30-34,87085,43281,43804,27460,8973,18487,59625,34308,25317
23,456,seoni,Rural,35-39,84630,42725,41905,34902,11560,23342,49728,31165,18563
23,456,seoni,Rural,40-44,78521,39254,39267,39700,13770,25930,38821,25484,13337
23,456,seoni,Rural,45-49,65583,34045,31538,36817,13913,22904,28766,20132,8634
23,456,seoni,Rural,50-54,48659,25239,23420,28163,10511,17652,20496,14728,5768
23,456,seoni,Rural,55-59,37054,18509,18545,21845,7301,14544,15209,11208,4001
23,456,seoni,Rural,60-64,33867,15747,18120,22779,7480,15299,11088,8267,2821
23,456,seoni,Rural,65-69,24634,11048,13586,17730,5744,11986,6904,5304,1600
23,456,seoni,Rural,70-74,18114,7985,10129,13988,4754,9234,4126,3231,895
23,456,seoni,Rural,75-79,8110,3456,4654,6346,2060,4286,1764,1396,368
23,456,seoni,Rural,80+,8870,3902,4968,6798,2377,4421,2072,1525,547
23,456,seoni,Rural,Age not stated,864,458,406,319,148,171,545,310,235
23,456,seoni,Urban,All ages,163890,83565,80325,34064,14329,19735,129826,69236,60590
23,456,seoni,Urban,0-6,17806,9349,8457,17806,9349,8457,0,0,0
23,456,seoni,Urban,7,2805,1454,1351,505,264,241,2300,1190,1110
23,456,seoni,Urban,8,2959,1519,1440,126,59,67,2833,1460,1373
23,456,seoni,Urban,9,2576,1323,1253,74,36,38,2502,1287,1215
23,456,seoni,Urban,10,3254,1709,1545,98,51,47,3156,1658,1498
23,456,seoni,Urban,11,3069,1584,1485,60,32,28,3009,1552,1457
23,456,seoni,Urban,12,3205,1657,1548,61,32,29,3144,1625,1519
23,456,seoni,Urban,13,3219,1628,1591,50,29,21,3169,1599,1570
23,456,seoni,Urban,14,3280,1678,1602,33,21,12,3247,1657,1590
23,456,seoni,Urban,15,3337,1711,1626,72,38,34,3265,1673,1592
23,456,seoni,Urban,16,3476,1798,1678,65,30,35,3411,1768,1643
23,456,seoni,Urban,17,3180,1626,1554,70,39,31,3110,1587,1523
23,456,seoni,Urban,18,3770,2005,1765,111,61,50,3659,1944,1715
23,456,seoni,Urban,19,3043,1591,1452,85,37,48,2958,1554,1404
23,456,seoni,Urban,20-24,16861,8420,8441,659,301,358,16202,8119,8083
23,456,seoni,Urban,25-29,14832,7347,7485,922,345,577,13910,7002,6908
23,456,seoni,Urban,30-34,13512,6851,6661,1075,358,717,12437,6493,5944
23,456,seoni,Urban,35-39,12205,6236,5969,1463,480,983,10742,5756,4986
23,456,seoni,Urban,40-44,11511,5745,5766,1787,505,1282,9724,5240,4484
23,456,seoni,Urban,45-49,9990,5254,4736,1807,579,1228,8183,4675,3508
23,456,seoni,Urban,50-54,7832,4174,3658,1516,406,1110,6316,3768,2548
23,456,seoni,Urban,55-59,5615,2955,2660,1165,278,887,4450,2677,1773
23,456,seoni,Urban,60-64,4689,2288,2401,1395,327,1068,3294,1961,1333
23,456,seoni,Urban,65-69,3027,1462,1565,1011,196,815,2016,1266,750
23,456,seoni,Urban,70-74,2329,1098,1231,967,234,733,1362,864,498
23,456,seoni,Urban,75-79,1136,516,620,453,111,342,683,405,278
23,456,seoni,Urban,80+,1301,559,742,619,128,491,682,431,251
23,456,seoni,Urban,Age not stated,71,28,43,9,3,6,62,25,37
23,457,balaghat,Total,All ages,1701698,842178,859520,554075,215710,338365,1147623,626468,521155
23,457,balaghat,Total,0-6,212931,108278,104653,212931,108278,104653,0,0,0
23,457,balaghat,Total,7,33552,16982,16570,6551,3369,3182,27001,13613,13388
23,457,balaghat,Total,8,35595,17903,17692,2463,1278,1185,33132,16625,16507
23,457,balaghat,Total,9,32559,16249,16310,1451,712,739,31108,15537,15571
23,457,balaghat,Total,10,38289,19284,19005,1644,820,824,36645,18464,18181
23,457,balaghat,Total,11,35437,17824,17613,1033,508,525,34404,17316,17088
23,457,balaghat,Total,12,35868,18361,17507,1091,576,515,34777,17785,16992
23,457,balaghat,Total,13,34878,17573,17305,980,494,486,33898,17079,16819
23,457,balaghat,Total,14,34456,17307,17149,1124,532,592,33332,16775,16557
23,457,balaghat,Total,15,37418,18745,18673,1600,730,870,35818,18015,17803
23,457,balaghat,Total,16,37909,18779,19130,1648,756,892,36261,18023,18238
23,457,balaghat,Total,17,32896,16306,16590,1423,600,823,31473,15706,15767
23,457,balaghat,Total,18,38326,19160,19166,2510,1005,1505,35816,18155,17661
23,457,balaghat,Total,19,31771,15344,16427,1858,692,1166,29913,14652,15261
23,457,balaghat,Total,20-24,161929,79365,82564,14750,5362,9388,147179,74003,73176
23,457,balaghat,Total,25-29,135959,68790,67169,18732,6694,12038,117227,62096,55131
23,457,balaghat,Total,30-34,122853,60079,62774,24542,7744,16798,98311,52335,45976
23,457,balaghat,Total,35-39,120046,59345,60701,33278,10211,23067,86768,49134,37634
23,457,balaghat,Total,40-44,114358,56973,57385,40375,12645,27730,73983,44328,29655
23,457,balaghat,Total,45-49,96348,48560,47788,38842,12615,26227,57506,35945,21561
23,457,balaghat,Total,50-54,76188,37976,38212,32849,9866,22983,43339,28110,15229
23,457,balaghat,Total,55-59,60245,29705,30540,27471,7483,19988,32774,22222,10552
23,457,balaghat,Total,60-64,54855,24795,30060,30649,7976,22673,24206,16819,7387
23,457,balaghat,Total,65-69,38509,16937,21572,23289,5973,17316,15220,10964,4256
23,457,balaghat,Total,70-74,26085,11557,14528,17086,4799,12287,8999,6758,2241
23,457,balaghat,Total,75-79,10416,4666,5750,6687,1846,4841,3729,2820,909
23,457,balaghat,Total,80+,10501,4578,5923,6745,1956,4789,3756,2622,1134
23,457,balaghat,Total,Age not stated,1521,757,764,473,190,283,1048,567,481
23,457,balaghat,Rural,All ages,1456882,719794,737088,496664,192705,303959,960218,527089,433129
23,457,balaghat,Rural,0-6,186683,94690,91993,186683,94690,91993,0,0,0
23,457,balaghat,Rural,7,29328,14788,14540,5777,2964,2813,23551,11824,11727
23,457,balaghat,Rural,8,31284,15701,15583,2200,1144,1056,29084,14557,14527
23,457,balaghat,Rural,9,28537,14194,14343,1253,609,644,27284,13585,13699
23,457,balaghat,Rural,10,33516,16815,16701,1435,709,726,32081,16106,15975
23,457,balaghat,Rural,11,30768,15429,15339,903,440,463,29865,14989,14876
23,457,balaghat,Rural,12,31227,15939,15288,958,489,469,30269,15450,14819
23,457,balaghat,Rural,13,30069,15072,14997,864,435,429,29205,14637,14568
23,457,balaghat,Rural,14,29734,14961,14773,983,445,538,28751,14516,14235
23,457,balaghat,Rural,15,32301,16145,16156,1424,649,775,30877,15496,15381
23,457,balaghat,Rural,16,32804,16209,16595,1446,659,787,31358,15550,15808
23,457,balaghat,Rural,17,28071,13905,14166,1245,520,725,26826,13385,13441
23,457,balaghat,Rural,18,32904,16372,16532,2204,871,1333,30700,15501,15199
23,457,balaghat,Rural,19,27195,13118,14077,1666,624,1042,25529,12494,13035
23,457,balaghat,Rural,20-24,137324,67271,70053,13237,4723,8514,124087,62548,61539
23,457,balaghat,Rural,25-29,114301,58039,56262,16928,6005,10923,97373,52034,45339
23,457,balaghat,Rural,30-34,103757,50607,53150,22546,7090,15456,81211,43517,37694
23,457,balaghat,Rural,35-39,101631,50355,51276,30441,9417,21024,71190,40938,30252
23,457,balaghat,Rural,40-44,96898,48285,48613,36997,11656,25341,59901,36629,23272
23,457,balaghat,Rural,45-49,81014,40846,40168,35401,11561,23840,45613,29285,16328
23,457,balaghat,Rural,50-54,63974,31654,32320,29942,9055,20887,34032,22599,11433
23,457,balaghat,Rural,55-59,51027,24845,26182,25074,6918,18156,25953,17927,8026
23,457,balaghat,Rural,60-64,47399,21307,26092,27975,7389,20586,19424,13918,5506
23,457,balaghat,Rural,65-69,33682,14770,18912,21297,5548,15749,12385,9222,3163
23,457,balaghat,Rural,70-74,22679,10045,12634,15482,4428,11054,7197,5617,1580
23,457,balaghat,Rural,75-79,8784,3947,4837,5954,1709,4245,2830,2238,592
23,457,balaghat,Rural,80+,8816,3911,4905,5928,1795,4133,2888,2116,772
23,457,balaghat,Rural,Age not stated,1175,574,601,421,163,258,754,411,343
23,457,balaghat,Urban,All ages,244816,122384,122432,57411,23005,34406,187405,99379,88026
23,457,balaghat,Urban,0-6,26248,13588,12660,26248,13588,12660,0,0,0
23,457,balaghat,Urban,7,4224,2194,2030,774,405,369,3450,1789,1661
23,457,balaghat,Urban,8,4311,2202,2109,263,134,129,4048,2068,1980
23,457,balaghat,Urban,9,4022,2055,1967,198,103,95,3824,1952,1872
23,457,balaghat,Urban,10,4773,2469,2304,209,111,98,4564,2358,2206
23,457,balaghat,Urban,11,4669,2395,2274,130,68,62,4539,2327,2212
23,457,balaghat,Urban,12,4641,2422,2219,133,87,46,4508,2335,2173
23,457,balaghat,Urban,13,4809,2501,2308,116,59,57,4693,2442,2251
23,457,balaghat,Urban,14,4722,2346,2376,141,87,54,4581,2259,2322
23,457,balaghat,Urban,15,5117,2600,2517,176,81,95,4941,2519,2422
23,457,balaghat,Urban,16,5105,2570,2535,202,97,105,4903,2473,2430
23,457,balaghat,Urban,17,4825,2401,2424,178,80,98,4647,2321,2326
23,457,balaghat,Urban,18,5422,2788,2634,306,134,172,5116,2654,2462
23,457,balaghat,Urban,19,4576,2226,2350,192,68,124,4384,2158,2226
23,457,balaghat,Urban,20-24,24605,12094,12511,1513,639,874,23092,11455,11637
23,457,balaghat,Urban,25-29,21658,10751,10907,1804,689,1115,19854,10062,9792
23,457,balaghat,Urban,30-34,19096,9472,9624,1996,654,1342,17100,8818,8282
23,457,balaghat,Urban,35-39,18415,8990,9425,2837,794,2043,15578,8196,7382
23,457,balaghat,Urban,40-44,17460,8688,8772,3378,989,2389,14082,7699,6383
23,457,balaghat,Urban,45-49,15334,7714,7620,3441,1054,2387,11893,6660,5233
23,457,balaghat,Urban,50-54,12214,6322,5892,2907,811,2096,9307,5511,3796
23,457,balaghat,Urban,55-59,9218,4860,4358,2397,565,1832,6821,4295,2526
23,457,balaghat,Urban,60-64,7456,3488,3968,2674,587,2087,4782,2901,1881
23,457,balaghat,Urban,65-69,4827,2167,2660,1992,425,1567,2835,1742,1093
23,457,balaghat,Urban,70-74,3406,1512,1894,1604,371,1233,1802,1141,661
23,457,balaghat,Urban,75-79,1632,719,913,733,137,596,899,582,317
23,457,balaghat,Urban,80+,1685,667,1018,817,161,656,868,506,362
23,457,balaghat,Urban,Age not stated,346,183,163,52,27,25,294,156,138
23,458,guna,Total,All ages,1241519,649362,592157,587539,248825,338714,653980,400537,253443
23,458,guna,Total,0-6,207177,108473,98704,207177,108473,98704,0,0,0
23,458,guna,Total,7,31018,15986,15032,8549,4297,4252,22469,11689,10780
23,458,guna,Total,8,37246,19282,17964,5748,2843,2905,31498,16439,15059
23,458,guna,Total,9,27385,14034,13351,2996,1432,1564,24389,12602,11787
23,458,guna,Total,10,39281,20336,18945,4189,1946,2243,35092,18390,16702
23,458,guna,Total,11,27709,14524,13185,2226,1044,1182,25483,13480,12003
23,458,guna,Total,12,35846,18962,16884,3161,1445,1716,32685,17517,15168
23,458,guna,Total,13,26847,14015,12832,2164,893,1271,24683,13122,11561
23,458,guna,Total,14,27839,14669,13170,2634,1105,1529,25205,13564,11641
23,458,guna,Total,15,28880,15636,13244,3853,1702,2151,25027,13934,11093
23,458,guna,Total,16,26244,14205,12039,3677,1516,2161,22567,12689,9878
23,458,guna,Total,17,19849,10804,9045,3021,1100,1921,16828,9704,7124
23,458,guna,Total,18,30206,16080,14126,6673,2102,4571,23533,13978,9555
23,458,guna,Total,19,19229,9741,9488,4343,1113,3230,14886,8628,6258
23,458,guna,Total,20-24,112185,58632,53553,34104,9814,24290,78081,48818,29263
23,458,guna,Total,25-29,96209,49669,46540,38612,12058,26554,57597,37611,19986
23,458,guna,Total,30-34,87193,44548,42645,40678,13465,27213,46515,31083,15432
23,458,guna,Total,35-39,79059,41160,37899,39971,14012,25959,39088,27148,11940
23,458,guna,Total,40-44,65384,35324,30060,35030,13571,21459,30354,21753,8601
23,458,guna,Total,45-49,53540,28129,25411,30342,11281,19061,23198,16848,6350
23,458,guna,Total,50-54,39792,22698,17094,22894,9893,13001,16898,12805,4093
23,458,guna,Total,55-59,30636,14896,15740,19212,6392,12820,11424,8504,2920
23,458,guna,Total,60-64,32440,16910,15530,22091,8966,13125,10349,7944,2405
23,458,guna,Total,65-69,22768,11207,11561,16171,6137,10034,6597,5070,1527
23,458,guna,Total,70-74,17926,9684,8242,13485,6134,7351,4441,3550,891
23,458,guna,Total,75-79,8095,3920,4175,6164,2437,3727,1931,1483,448
23,458,guna,Total,80+,10447,5239,5208,7948,3448,4500,2499,1791,708
23,458,guna,Total,Age not stated,1089,599,490,426,206,220,663,393,270
23,458,guna,Rural,All ages,928844,486127,442717,481674,204634,277040,447170,281493,165677
23,458,guna,Rural,0-6,162565,84946,77619,162565,84946,77619,0,0,0
23,458,guna,Rural,7,23740,12264,11476,6818,3425,3393,16922,8839,8083
23,458,guna,Rural,8,29582,15170,14412,4810,2360,2450,24772,12810,11962
23,458,guna,Rural,9,21100,10694,10406,2432,1133,1299,18668,9561,9107
23,458,guna,Rural,10,31020,16023,14997,3426,1581,1845,27594,14442,13152
23,458,guna,Rural,11,20992,10911,10081,1783,814,969,19209,10097,9112
23,458,guna,Rural,12,27928,14738,13190,2658,1203,1455,25270,13535,11735
23,458,guna,Rural,13,20296,10544,9752,1774,704,1070,18522,9840,8682
23,458,guna,Rural,14,21012,11145,9867,2208,902,1306,18804,10243,8561
23,458,guna,Rural,15,21846,11884,9962,3285,1412,1873,18561,10472,8089
23,458,guna,Rural,16,19449,10552,8897,3098,1221,1877,16351,9331,7020
23,458,guna,Rural,17,13963,7614,6349,2513,874,1639,11450,6740,4710
23,458,guna,Rural,18,22473,11886,10587,5746,1719,4027,16727,10167,6560
23,458,guna,Rural,19,13571,6830,6741,3721,896,2825,9850,5934,3916
23,458,guna,Rural,20-24,81332,42813,38519,29100,8228,20872,52232,34585,17647
23,458,guna,Rural,25-29,69279,36025,33254,32478,10253,22225,36801,25772,11029
23,458,guna,Rural,30-34,63190,32319,30871,34020,11446,22574,29170,20873,8297
23,458,guna,Rural,35-39,57096,29889,27207,33256,11914,21342,23840,17975,5865
23,458,guna,Rural,40-44,47082,25573,21509,29188,11586,17602,17894,13987,3907
23,458,guna,Rural,45-49,38514,20070,18444,25514,9760,15754,13000,10310,2690
23,458,guna,Rural,50-54,28606,16473,12133,19182,8643,10539,9424,7830,1594
23,458,guna,Rural,55-59,22508,10644,11864,16260,5614,10646,6248,5030,1218
23,458,guna,Rural,60-64,24843,13066,11777,18606,7870,10736,6237,5196,1041
23,458,guna,Rural,65-69,17665,8728,8937,13686,5397,8289,3979,3331,648
23,458,guna,Rural,70-74,13949,7666,6283,11337,5404,5933,2612,2262,350
23,458,guna,Rural,75-79,6376,3073,3303,5253,2143,3110,1123,930,193
23,458,guna,Rural,80+,8259,4230,4029,6699,3052,3647,1560,1178,382
23,458,guna,Rural,Age not stated,608,357,251,258,134,124,350,223,127
23,458,guna,Urban,All ages,312675,163235,149440,105865,44191,61674,206810,119044,87766
23,458,guna,Urban,0-6,44612,23527,21085,44612,23527,21085,0,0,0
23,458,guna,Urban,7,7278,3722,3556,1731,872,859,5547,2850,2697
23,458,guna,Urban,8,7664,4112,3552,938,483,455,6726,3629,3097
23,458,guna,Urban,9,6285,3340,2945,564,299,265,5721,3041,2680
23,458,guna,Urban,10,8261,4313,3948,763,365,398,7498,3948,3550
23,458,guna,Urban,11,6717,3613,3104,443,230,213,6274,3383,2891
23,458,guna,Urban,12,7918,4224,3694,503,242,261,7415,3982,3433
23,458,guna,Urban,13,6551,3471,3080,390,189,201,6161,3282,2879
23,458,guna,Urban,14,6827,3524,3303,426,203,223,6401,3321,3080
23,458,guna,Urban,15,7034,3752,3282,568,290,278,6466,3462,3004
23,458,guna,Urban,16,6795,3653,3142,579,295,284,6216,3358,2858
23,458,guna,Urban,17,5886,3190,2696,508,226,282,5378,2964,2414
23,458,guna,Urban,18,7733,4194,3539,927,383,544,6806,3811,2995
23,458,guna,Urban,19,5658,2911,2747,622,217,405,5036,2694,2342
23,458,guna,Urban,20-24,30853,15819,15034,5004,1586,3418,25849,14233,11616
23,458,guna,Urban,25-29,26930,13644,13286,6134,1805,4329,20796,11839,8957
23,458,guna,Urban,30-34,24003,12229,11774,6658,2019,4639,17345,10210,7135
23,458,guna,Urban,35-39,21963,11271,10692,6715,2098,4617,15248,9173,6075
23,458,guna,Urban,40-44,18302,9751,8551,5842,1985,3857,12460,7766,4694
23,458,guna,Urban,45-49,15026,8059,6967,4828,1521,3307,10198,6538,3660
23,458,guna,Urban,50-54,11186,6225,4961,3712,1250,2462,7474,4975,2499
23,458,guna,Urban,55-59,8128,4252,3876,2952,778,2174,5176,3474,1702
23,458,guna,Urban,60-64,7597,3844,3753,3485,1096,2389,4112,2748,1364
23,458,guna,Urban,65-69,5103,2479,2624,2485,740,1745,2618,1739,879
23,458,guna,Urban,70-74,3977,2018,1959,2148,730,1418,1829,1288,541
23,458,guna,Urban,75-79,1719,847,872,911,294,617,808,553,255
23,458,guna,Urban,80+,2188,1009,1179,1249,396,853,939,613,326
23,458,guna,Urban,Age not stated,481,242,239,168,72,96,313,170,143
23,459,ashoknagar,Total,All ages,845071,443837,401234,375962,153533,222429,469109,290304,178805
23,459,ashoknagar,Total,0-6,138787,72239,66548,138787,72239,66548,0,0,0
23,459,ashoknagar,Total,7,21027,10837,10190,6380,3222,3158,14647,7615,7032
23,459,ashoknagar,Total,8,25044,12859,12185,3547,1750,1797,21497,11109,10388
23,459,ashoknagar,Total,9,18953,9843,9110,1874,951,923,17079,8892,8187
23,459,ashoknagar,Total,10,26626,14051,12575,2519,1238,1281,24107,12813,11294
23,459,ashoknagar,Total,11,19279,9917,9362,1193,576,617,18086,9341,8745
23,459,ashoknagar,Total,12,23724,12528,11196,1514,736,778,22210,11792,10418
23,459,ashoknagar,Total,13,17971,9337,8634,1127,516,611,16844,8821,8023
23,459,ashoknagar,Total,14,18349,9653,8696,1292,560,732,17057,9093,7964
23,459,ashoknagar,Total,15,19021,10343,8678,1778,858,920,17243,9485,7758
23,459,ashoknagar,Total,16,17373,9628,7745,1743,878,865,15630,8750,6880
23,459,ashoknagar,Total,17,13376,7325,6051,1496,618,878,11880,6707,5173
23,459,ashoknagar,Total,18,19641,10998,8643,3138,1187,1951,16503,9811,6692
23,459,ashoknagar,Total,19,12468,6684,5784,2203,660,1543,10265,6024,4241
23,459,ashoknagar,Total,20-24,75819,39969,35850,19948,5473,14475,55871,34496,21375
23,459,ashoknagar,Total,25-29,67952,35575,32377,24269,6954,17315,43683,28621,15062
23,459,ashoknagar,Total,30-34,60220,31065,29155,25299,7514,17785,34921,23551,11370
23,459,ashoknagar,Total,35-39,53375,28330,25045,24929,8033,16896,28446,20297,8149
23,459,ashoknagar,Total,40-44,44656,23924,20732,22465,7679,14786,22191,16245,5946
23,459,ashoknagar,Total,45-49,36521,19428,17093,19088,6419,12669,17433,13009,4424
23,459,ashoknagar,Total,50-54,27554,15427,12127,14543,5408,9135,13011,10019,2992
23,459,ashoknagar,Total,55-59,20826,10075,10751,12139,3483,8656,8687,6592,2095
23,459,ashoknagar,Total,60-64,23178,11987,11191,14693,5249,9444,8485,6738,1747
23,459,ashoknagar,Total,65-69,16699,8314,8385,11088,3868,7220,5611,4446,1165
23,459,ashoknagar,Total,70-74,12896,6695,6201,9301,3776,5525,3595,2919,676
23,459,ashoknagar,Total,75-79,5619,2765,2854,3961,1462,2499,1658,1303,355
23,459,ashoknagar,Total,80+,7359,3655,3704,5289,2074,3215,2070,1581,489
23,459,ashoknagar,Total,Age not stated,758,386,372,359,152,207,399,234,165
23,459,ashoknagar,Rural,All ages,691387,363411,327976,325073,132685,192388,366314,230726,135588
23,459,ashoknagar,Rural,0-6,116890,60811,56079,116890,60811,56079,0,0,0
23,459,ashoknagar,Rural,7,17498,8938,8560,5512,2778,2734,11986,6160,5826
23,459,ashoknagar,Rural,8,21016,10716,10300,3122,1528,1594,17894,9188,8706
23,459,ashoknagar,Rural,9,15912,8284,7628,1619,820,799,14293,7464,6829
23,459,ashoknagar,Rural,10,22243,11679,10564,2157,1067,1090,20086,10612,9474
23,459,ashoknagar,Rural,11,16078,8255,7823,1032,491,541,15046,7764,7282
23,459,ashoknagar,Rural,12,19668,10370,9298,1267,620,647,18401,9750,8651
23,459,ashoknagar,Rural,13,14834,7721,7113,931,433,498,13903,7288,6615
23,459,ashoknagar,Rural,14,15005,7811,7194,1080,449,631,13925,7362,6563
23,459,ashoknagar,Rural,15,15519,8489,7030,1501,728,773,14018,7761,6257
23,459,ashoknagar,Rural,16,14131,7819,6312,1485,746,739,12646,7073,5573
23,459,ashoknagar,Rural,17,10605,5897,4708,1276,506,770,9329,5391,3938
23,459,ashoknagar,Rural,18,15876,8925,6951,2747,1005,1742,13129,7920,5209
23,459,ashoknagar,Rural,19,9936,5287,4649,1958,543,1415,7978,4744,3234
23,459,ashoknagar,Rural,20-24,61008,32353,28655,17759,4782,12977,43249,27571,15678
23,459,ashoknagar,Rural,25-29,54638,28805,25833,21462,6196,15266,33176,22609,10567
23,459,ashoknagar,Rural,30-34,48383,25012,23371,22210,6588,15622,26173,18424,7749
23,459,ashoknagar,Rural,35-39,42798,22730,20068,21858,7087,14771,20940,15643,5297
23,459,ashoknagar,Rural,40-44,35949,19353,16596,19752,6830,12922,16197,12523,3674
23,459,ashoknagar,Rural,45-49,29075,15354,13721,16762,5691,11071,12313,9663,2650
23,459,ashoknagar,Rural,50-54,22119,12431,9688,12709,4820,7889,9410,7611,1799
23,459,ashoknagar,Rural,55-59,16817,8023,8794,10721,3131,7590,6096,4892,1204
23,459,ashoknagar,Rural,60-64,19190,9963,9227,12980,4772,8208,6210,5191,1019
23,459,ashoknagar,Rural,65-69,13946,6991,6955,9734,3500,6234,4212,3491,721
23,459,ashoknagar,Rural,70-74,10821,5695,5126,8165,3431,4734,2656,2264,392
23,459,ashoknagar,Rural,75-79,4709,2339,2370,3495,1342,2153,1214,997,217
23,459,ashoknagar,Rural,80+,6123,3067,3056,4594,1864,2730,1529,1203,326
23,459,ashoknagar,Rural,Age not stated,600,293,307,295,126,169,305,167,138
23,459,ashoknagar,Urban,All ages,153684,80426,73258,50889,20848,30041,102795,59578,43217
23,459,ashoknagar,Urban,0-6,21897,11428,10469,21897,11428,10469,0,0,0
23,459,ashoknagar,Urban,7,3529,1899,1630,868,444,424,2661,1455,1206
23,459,ashoknagar,Urban,8,4028,2143,1885,425,222,203,3603,1921,1682
23,459,ashoknagar,Urban,9,3041,1559,1482,255,131,124,2786,1428,1358
23,459,ashoknagar,Urban,10,4383,2372,2011,362,171,191,4021,2201,1820
23,459,ashoknagar,Urban,11,3201,1662,1539,161,85,76,3040,1577,1463
23,459,ashoknagar,Urban,12,4056,2158,1898,247,116,131,3809,2042,1767
23,459,ashoknagar,Urban,13,3137,1616,1521,196,83,113,2941,1533,1408
23,459,ashoknagar,Urban,14,3344,1842,1502,212,111,101,3132,1731,1401
23,459,ashoknagar,Urban,15,3502,1854,1648,277,130,147,3225,1724,1501
23,459,ashoknagar,Urban,16,3242,1809,1433,258,132,126,2984,1677,1307
23,459,ashoknagar,Urban,17,2771,1428,1343,220,112,108,2551,1316,1235
23,459,ashoknagar,Urban,18,3765,2073,1692,391,182,209,3374,1891,1483
23,459,ashoknagar,Urban,19,2532,1397,1135,245,117,128,2287,1280,1007
23,459,ashoknagar,Urban,20-24,14811,7616,7195,2189,691,1498,12622,6925,5697
23,459,ashoknagar,Urban,25-29,13314,6770,6544,2807,758,2049,10507,6012,4495
23,459,ashoknagar,Urban,30-34,11837,6053,5784,3089,926,2163,8748,5127,3621
23,459,ashoknagar,Urban,35-39,10577,5600,4977,3071,946,2125,7506,4654,2852
23,459,ashoknagar,Urban,40-44,8707,4571,4136,2713,849,1864,5994,3722,2272
23,459,ashoknagar,Urban,45-49,7446,4074,3372,2326,728,1598,5120,3346,1774
23,459,ashoknagar,Urban,50-54,5435,2996,2439,1834,588,1246,3601,2408,1193
23,459,ashoknagar,Urban,55-59,4009,2052,1957,1418,352,1066,2591,1700,891
23,459,ashoknagar,Urban,60-64,3988,2024,1964,1713,477,1236,2275,1547,728
23,459,ashoknagar,Urban,65-69,2753,1323,1430,1354,368,986,1399,955,444
23,459,ashoknagar,Urban,70-74,2075,1000,1075,1136,345,791,939,655,284
23,459,ashoknagar,Urban,75-79,910,426,484,466,120,346,444,306,138
23,459,ashoknagar,Urban,80+,1236,588,648,695,210,485,541,378,163
23,459,ashoknagar,Urban,Age not stated,158,93,65,64,26,38,94,67,27
23,460,shahdol,Total,All ages,1066063,540021,526042,461869,191260,270609,604194,348761,255433
23,460,shahdol,Total,0-6,159806,81943,77863,159806,81943,77863,0,0,0
23,460,shahdol,Total,7,23149,11605,11544,4815,2416,2399,18334,9189,9145
23,460,shahdol,Total,8,24004,12202,11802,2288,1136,1152,21716,11066,10650
23,460,shahdol,Total,9,23146,11671,11475,1374,643,731,21772,11028,10744
23,460,shahdol,Total,10,28589,14484,14105,2005,998,1007,26584,13486,13098
23,460,shahdol,Total,11,25342,12788,12554,1247,609,638,24095,12179,11916
23,460,shahdol,Total,12,24957,12453,12504,1210,615,595,23747,11838,11909
23,460,shahdol,Total,13,23275,11635,11640,1066,489,577,22209,11146,11063
23,460,shahdol,Total,14,22851,11476,11375,1255,598,657,21596,10878,10718
23,460,shahdol,Total,15,22558,11485,11073,1652,742,910,20906,10743,10163
23,460,shahdol,Total,16,21363,11274,10089,1755,817,938,19608,10457,9151
23,460,shahdol,Total,17,18156,9459,8697,1565,618,947,16591,8841,7750
23,460,shahdol,Total,18,22617,11543,11074,3008,1061,1947,19609,10482,9127
23,460,shahdol,Total,19,18289,9144,9145,2513,733,1780,15776,8411,7365
23,460,shahdol,Total,20-24,102082,51554,50528,21274,6377,14897,80808,45177,35631
23,460,shahdol,Total,25-29,85435,43701,41734,26141,8631,17510,59294,35070,24224
23,460,shahdol,Total,30-34,75360,37429,37931,29509,9392,20117,45851,28037,17814
23,460,shahdol,Total,35-39,73332,36787,36545,34244,11583,22661,39088,25204,13884
23,460,shahdol,Total,40-44,65042,32894,32148,33800,11875,21925,31242,21019,10223
23,460,shahdol,Total,45-49,55411,28653,26758,31791,12325,19466,23620,16328,7292
23,460,shahdol,Total,50-54,40763,21534,19229,24159,9529,14630,16604,12005,4599
23,460,shahdol,Total,55-59,31174,15885,15289,19602,7308,12294,11572,8577,2995
23,460,shahdol,Total,60-64,29337,14139,15198,20198,7437,12761,9139,6702,2437
23,460,shahdol,Total,65-69,21236,10209,11027,15095,5517,9578,6141,4692,1449
23,460,shahdol,Total,70-74,14586,7105,7481,10742,4129,6613,3844,2976,868
23,460,shahdol,Total,75-79,6504,3229,3275,4639,1748,2891,1865,1481,384
23,460,shahdol,Total,80+,7055,3389,3666,4880,1874,3006,2175,1515,660
23,460,shahdol,Total,Age not stated,644,351,293,236,117,119,408,234,174
23,460,shahdol,Rural,All ages,846463,426583,419880,403762,167552,236210,442701,259031,183670
23,460,shahdol,Rural,0-6,134299,68686,65613,134299,68686,65613,0,0,0
23,460,shahdol,Rural,7,19107,9518,9589,4065,2023,2042,15042,7495,7547
23,460,shahdol,Rural,8,19900,10045,9855,1938,960,978,17962,9085,8877
23,460,shahdol,Rural,9,19302,9637,9665,1182,540,642,18120,9097,9023
23,460,shahdol,Rural,10,23652,11908,11744,1737,845,892,21915,11063,10852
23,460,shahdol,Rural,11,20859,10428,10431,1085,532,553,19774,9896,9878
23,460,shahdol,Rural,12,20303,10032,10271,1034,525,509,19269,9507,9762
23,460,shahdol,Rural,13,18822,9375,9447,931,421,510,17891,8954,8937
23,460,shahdol,Rural,14,18140,9108,9032,1095,522,573,17045,8586,8459
23,460,shahdol,Rural,15,17687,9000,8687,1435,641,794,16252,8359,7893
23,460,shahdol,Rural,16,16568,8763,7805,1539,703,836,15029,8060,6969
23,460,shahdol,Rural,17,13785,7146,6639,1362,521,841,12423,6625,5798
23,460,shahdol,Rural,18,17394,8821,8573,2662,905,1757,14732,7916,6816
23,460,shahdol,Rural,19,13952,6940,7012,2250,631,1619,11702,6309,5393
23,460,shahdol,Rural,20-24,78973,39580,39393,19382,5649,13733,59591,33931,25660
23,460,shahdol,Rural,25-29,65955,33738,32217,23814,7823,15991,42141,25915,16226
23,460,shahdol,Rural,30-34,58609,28874,29735,26890,8562,18328,31719,20312,11407
23,460,shahdol,Rural,35-39,57561,28842,28719,31078,10639,20439,26483,18203,8280
23,460,shahdol,Rural,40-44,50247,25291,24956,30271,10881,19390,19976,14410,5566
23,460,shahdol,Rural,45-49,42684,22040,20644,28284,11296,16988,14400,10744,3656
23,460,shahdol,Rural,50-54,30590,15920,14670,21226,8699,12527,9364,7221,2143
23,460,shahdol,Rural,55-59,24121,12032,12089,17332,6676,10656,6789,5356,1433
23,460,shahdol,Rural,60-64,23631,11285,12346,17853,6744,11109,5778,4541,1237
23,460,shahdol,Rural,65-69,17298,8345,8953,13353,5068,8285,3945,3277,668
23,460,shahdol,Rural,70-74,11767,5709,6058,9367,3741,5626,2400,1968,432
23,460,shahdol,Rural,75-79,5159,2542,2617,4020,1587,2433,1139,955,184
23,460,shahdol,Rural,80+,5581,2703,2878,4083,1642,2441,1498,1061,437
23,460,shahdol,Rural,Age not stated,517,275,242,195,90,105,322,185,137
23,460,shahdol,Urban,All ages,219600,113438,106162,58107,23708,34399,161493,89730,71763
23,460,shahdol,Urban,0-6,25507,13257,12250,25507,13257,12250,0,0,0
23,460,shahdol,Urban,7,4042,2087,1955,750,393,357,3292,1694,1598
23,460,shahdol,Urban,8,4104,2157,1947,350,176,174,3754,1981,1773
23,460,shahdol,Urban,9,3844,2034,1810,192,103,89,3652,1931,1721
23,460,shahdol,Urban,10,4937,2576,2361,268,153,115,4669,2423,2246
23,460,shahdol,Urban,11,4483,2360,2123,162,77,85,4321,2283,2038
23,460,shahdol,Urban,12,4654,2421,2233,176,90,86,4478,2331,2147
23,460,shahdol,Urban,13,4453,2260,2193,135,68,67,4318,2192,2126
23,460,shahdol,Urban,14,4711,2368,2343,160,76,84,4551,2292,2259
23,460,shahdol,Urban,15,4871,2485,2386,217,101,116,4654,2384,2270
23,460,shahdol,Urban,16,4795,2511,2284,216,114,102,4579,2397,2182
23,460,shahdol,Urban,17,4371,2313,2058,203,97,106,4168,2216,1952
23,460,shahdol,Urban,18,5223,2722,2501,346,156,190,4877,2566,2311
23,460,shahdol,Urban,19,4337,2204,2133,263,102,161,4074,2102,1972
23,460,shahdol,Urban,20-24,23109,11974,11135,1892,728,1164,21217,11246,9971
23,460,shahdol,Urban,25-29,19480,9963,9517,2327,808,1519,17153,9155,7998
23,460,shahdol,Urban,30-34,16751,8555,8196,2619,830,1789,14132,7725,6407
23,460,shahdol,Urban,35-39,15771,7945,7826,3166,944,2222,12605,7001,5604
23,460,shahdol,Urban,40-44,14795,7603,7192,3529,994,2535,11266,6609,4657
23,460,shahdol,Urban,45-49,12727,6613,6114,3507,1029,2478,9220,5584,3636
23,460,shahdol,Urban,50-54,10173,5614,4559,2933,830,2103,7240,4784,2456
23,460,shahdol,Urban,55-59,7053,3853,3200,2270,632,1638,4783,3221,1562
23,460,shahdol,Urban,60-64,5706,2854,2852,2345,693,1652,3361,2161,1200
23,460,shahdol,Urban,65-69,3938,1864,2074,1742,449,1293,2196,1415,781
23,460,shahdol,Urban,70-74,2819,1396,1423,1375,388,987,1444,1008,436
23,460,shahdol,Urban,75-79,1345,687,658,619,161,458,726,526,200
23,460,shahdol,Urban,80+,1474,686,788,797,232,565,677,454,223
23,460,shahdol,Urban,Age not stated,127,76,51,41,27,14,86,49,37
23,461,anuppur,Total,All ages,749237,379114,370123,312642,124994,187648,436595,254120,182475
23,461,anuppur,Total,0-6,106071,54388,51683,106071,54388,51683,0,0,0
23,461,anuppur,Total,7,15881,8077,7804,3459,1758,1701,12422,6319,6103
23,461,anuppur,Total,8,15842,8098,7744,1419,710,709,14423,7388,7035
23,461,anuppur,Total,9,15180,7564,7616,831,430,401,14349,7134,7215
23,461,anuppur,Total,10,17950,9109,8841,1074,554,520,16876,8555,8321
23,461,anuppur,Total,11,17017,8440,8577,681,320,361,16336,8120,8216
23,461,anuppur,Total,12,16920,8514,8406,656,320,336,16264,8194,8070
23,461,anuppur,Total,13,16386,8191,8195,606,280,326,15780,7911,7869
23,461,anuppur,Total,14,16612,8343,8269,789,373,416,15823,7970,7853
23,461,anuppur,Total,15,16445,8528,7917,1002,487,515,15443,8041,7402
23,461,anuppur,Total,16,15742,8166,7576,1022,434,588,14720,7732,6988
23,461,anuppur,Total,17,13349,7063,6286,899,356,543,12450,6707,5743
23,461,anuppur,Total,18,15456,8036,7420,1629,652,977,13827,7384,6443
23,461,anuppur,Total,19,13065,6468,6597,1434,453,981,11631,6015,5616
23,461,anuppur,Total,20-24,72692,36654,36038,11931,3584,8347,60761,33070,27691
23,461,anuppur,Total,25-29,60346,31029,29317,15774,4813,10961,44572,26216,18356
23,461,anuppur,Total,30-34,51917,25879,26038,19055,5587,13468,32862,20292,12570
23,461,anuppur,Total,35-39,51793,25775,26018,23397,7103,16294,28396,18672,9724
23,461,anuppur,Total,40-44,46601,22951,23650,23947,7531,16416,22654,15420,7234
23,461,anuppur,Total,45-49,43209,21983,21226,24066,8336,15730,19143,13647,5496
23,461,anuppur,Total,50-54,32344,17161,15183,18572,6707,11865,13772,10454,3318
23,461,anuppur,Total,55-59,23777,12787,10990,14665,5443,9222,9112,7344,1768
23,461,anuppur,Total,60-64,19646,9421,10225,13812,4875,8937,5834,4546,1288
23,461,anuppur,Total,65-69,13839,6663,7176,10035,3640,6395,3804,3023,781
23,461,anuppur,Total,70-74,9797,4508,5289,7557,2740,4817,2240,1768,472
23,461,anuppur,Total,75-79,4730,2145,2585,3641,1297,2344,1089,848,241
23,461,anuppur,Total,80+,5680,2676,3004,4266,1674,2592,1414,1002,412
23,461,anuppur,Total,Age not stated,950,497,453,352,149,203,598,348,250
23,461,anuppur,Rural,All ages,543996,272030,271966,253103,101377,151726,290893,170653,120240
23,461,anuppur,Rural,0-6,82311,42018,40293,82311,42018,40293,0,0,0
23,461,anuppur,Rural,7,11763,5955,5808,2806,1426,1380,8957,4529,4428
23,461,anuppur,Rural,8,11888,6028,5860,1174,593,581,10714,5435,5279
23,461,anuppur,Rural,9,11428,5629,5799,674,351,323,10754,5278,5476
23,461,anuppur,Rural,10,13367,6649,6718,842,437,405,12525,6212,6313
23,461,anuppur,Rural,11,12596,6191,6405,551,254,297,12045,5937,6108
23,461,anuppur,Rural,12,12398,6128,6270,529,262,267,11869,5866,6003
23,461,anuppur,Rural,13,11887,5842,6045,487,223,264,11400,5619,5781
23,461,anuppur,Rural,14,11846,5824,6022,645,300,345,11201,5524,5677
23,461,anuppur,Rural,15,11392,5837,5555,805,386,419,10587,5451,5136
23,461,anuppur,Rural,16,10670,5526,5144,815,339,476,9855,5187,4668
23,461,anuppur,Rural,17,8862,4671,4191,732,291,441,8130,4380,3750
23,461,anuppur,Rural,18,10316,5314,5002,1347,528,819,8969,4786,4183
23,461,anuppur,Rural,19,8674,4245,4429,1193,364,829,7481,3881,3600
23,461,anuppur,Rural,20-24,50132,24822,25310,10191,3016,7175,39941,21806,18135
23,461,anuppur,Rural,25-29,43543,22094,21449,13476,4101,9375,30067,17993,12074
23,461,anuppur,Rural,30-34,38299,18818,19481,16225,4814,11411,22074,14004,8070
23,461,anuppur,Rural,35-39,38769,19440,19329,19829,6136,13693,18940,13304,5636
23,461,anuppur,Rural,40-44,33089,16499,16590,19446,6385,13061,13643,10114,3529
23,461,anuppur,Rural,45-49,29102,14865,14237,18933,6922,12011,10169,7943,2226
23,461,anuppur,Rural,50-54,20863,10596,10267,14207,5327,8880,6656,5269,1387
23,461,anuppur,Rural,55-59,16753,8352,8401,11868,4365,7503,4885,3987,898
23,461,anuppur,Rural,60-64,15728,7379,8349,11873,4234,7639,3855,3145,710
23,461,anuppur,Rural,65-69,11368,5456,5912,8706,3220,5486,2662,2236,426
23,461,anuppur,Rural,70-74,7960,3681,4279,6428,2394,4034,1532,1287,245
23,461,anuppur,Rural,75-79,3821,1710,2111,3139,1150,1989,682,560,122
23,461,anuppur,Rural,80+,4522,2111,2411,3595,1421,2174,927,690,237
23,461,anuppur,Rural,Age not stated,649,350,299,276,120,156,373,230,143
23,461,anuppur,Urban,All ages,205241,107084,98157,59539,23617,35922,145702,83467,62235
23,461,anuppur,Urban,0-6,23760,12370,11390,23760,12370,11390,0,0,0
23,461,anuppur,Urban,7,4118,2122,1996,653,332,321,3465,1790,1675
23,461,anuppur,Urban,8,3954,2070,1884,245,117,128,3709,1953,1756
23,461,anuppur,Urban,9,3752,1935,1817,157,79,78,3595,1856,1739
23,461,anuppur,Urban,10,4583,2460,2123,232,117,115,4351,2343,2008
23,461,anuppur,Urban,11,4421,2249,2172,130,66,64,4291,2183,2108
23,461,anuppur,Urban,12,4522,2386,2136,127,58,69,4395,2328,2067
23,461,anuppur,Urban,13,4499,2349,2150,119,57,62,4380,2292,2088
23,461,anuppur,Urban,14,4766,2519,2247,144,73,71,4622,2446,2176
23,461,anuppur,Urban,15,5053,2691,2362,197,101,96,4856,2590,2266
23,461,anuppur,Urban,16,5072,2640,2432,207,95,112,4865,2545,2320
23,461,anuppur,Urban,17,4487,2392,2095,167,65,102,4320,2327,1993
23,461,anuppur,Urban,18,5140,2722,2418,282,124,158,4858,2598,2260
23,461,anuppur,Urban,19,4391,2223,2168,241,89,152,4150,2134,2016
23,461,anuppur,Urban,20-24,22560,11832,10728,1740,568,1172,20820,11264,9556
23,461,anuppur,Urban,25-29,16803,8935,7868,2298,712,1586,14505,8223,6282
23,461,anuppur,Urban,30-34,13618,7061,6557,2830,773,2057,10788,6288,4500
23,461,anuppur,Urban,35-39,13024,6335,6689,3568,967,2601,9456,5368,4088
23,461,anuppur,Urban,40-44,13512,6452,7060,4501,1146,3355,9011,5306,3705
23,461,anuppur,Urban,45-49,14107,7118,6989,5133,1414,3719,8974,5704,3270
23,461,anuppur,Urban,50-54,11481,6565,4916,4365,1380,2985,7116,5185,1931
23,461,anuppur,Urban,55-59,7024,4435,2589,2797,1078,1719,4227,3357,870
23,461,anuppur,Urban,60-64,3918,2042,1876,1939,641,1298,1979,1401,578
23,461,anuppur,Urban,65-69,2471,1207,1264,1329,420,909,1142,787,355
23,461,anuppur,Urban,70-74,1837,827,1010,1129,346,783,708,481,227
23,461,anuppur,Urban,75-79,909,435,474,502,147,355,407,288,119
23,461,anuppur,Urban,80+,1158,565,593,671,253,418,487,312,175
23,461,anuppur,Urban,Age not stated,301,147,154,76,29,47,225,118,107
23,462,sidhi,Total,All ages,1127033,575912,551121,526248,222882,303366,600785,353030,247755
23,462,sidhi,Total,0-6,194528,101633,92895,194528,101633,92895,0,0,0
23,462,sidhi,Total,7,28292,14639,13653,7746,3939,3807,20546,10700,9846
23,462,sidhi,Total,8,30372,15783,14589,3923,2020,1903,26449,13763,12686
23,462,sidhi,Total,9,27476,13780,13696,2108,1015,1093,25368,12765,12603
23,462,sidhi,Total,10,34341,17273,17068,2619,1297,1322,31722,15976,15746
23,462,sidhi,Total,11,28522,14568,13954,1552,728,824,26970,13840,13130
23,462,sidhi,Total,12,30502,15553,14949,1644,768,876,28858,14785,14073
23,462,sidhi,Total,13,26744,13531,13213,1377,623,754,25367,12908,12459
23,462,sidhi,Total,14,26327,13417,12910,1548,694,854,24779,12723,12056
23,462,sidhi,Total,15,26974,14135,12839,2150,1010,1140,24824,13125,11699
23,462,sidhi,Total,16,24192,12632,11560,2001,861,1140,22191,11771,10420
23,462,sidhi,Total,17,19677,10394,9283,1725,708,1017,17952,9686,8266
23,462,sidhi,Total,18,26825,14360,12465,3440,1196,2244,23385,13164,10221
23,462,sidhi,Total,19,18038,9046,8992,2661,665,1996,15377,8381,6996
23,462,sidhi,Total,20-24,97863,50330,47533,22671,6090,16581,75192,44240,30952
23,462,sidhi,Total,25-29,80858,40699,40159,28260,8289,19971,52598,32410,20188
23,462,sidhi,Total,30-34,74796,36577,38219,33079,9831,23248,41717,26746,14971
23,462,sidhi,Total,35-39,70558,35189,35369,36767,12126,24641,33791,23063,10728
23,462,sidhi,Total,40-44,59422,30014,29408,34578,12440,22138,24844,17574,7270
23,462,sidhi,Total,45-49,48909,25169,23740,30754,11826,18928,18155,13343,4812
23,462,sidhi,Total,50-54,36486,19431,17055,24055,9964,14091,12431,9467,2964
23,462,sidhi,Total,55-59,28318,13886,14432,19757,7257,12500,8561,6629,1932
23,462,sidhi,Total,60-64,30170,14897,15273,22819,8977,13842,7351,5920,1431
23,462,sidhi,Total,65-69,22162,10797,11365,17299,6819,10480,4863,3978,885
23,462,sidhi,Total,70-74,17224,9095,8129,13920,6285,7635,3304,2810,494
23,462,sidhi,Total,75-79,7765,4032,3733,6168,2665,3503,1597,1367,230
23,462,sidhi,Total,80+,8834,4612,4222,6749,3008,3741,2085,1604,481
23,462,sidhi,Total,Age not stated,858,440,418,350,148,202,508,292,216
23,462,sidhi,Rural,All ages,1033912,527378,506534,496157,210229,285928,537755,317149,220606
23,462,sidhi,Rural,0-6,181480,94723,86757,181480,94723,86757,0,0,0
23,462,sidhi,Rural,7,26173,13497,12676,7286,3698,3588,18887,9799,9088
23,462,sidhi,Rural,8,28153,14570,13583,3687,1913,1774,24466,12657,11809
23,462,sidhi,Rural,9,25579,12779,12800,1989,957,1032,23590,11822,11768
23,462,sidhi,Rural,10,31801,15979,15822,2452,1213,1239,29349,14766,14583
23,462,sidhi,Rural,11,26398,13412,12986,1463,682,781,24935,12730,12205
23,462,sidhi,Rural,12,28111,14219,13892,1539,721,818,26572,13498,13074
23,462,sidhi,Rural,13,24523,12329,12194,1284,576,708,23239,11753,11486
23,462,sidhi,Rural,14,24001,12195,11806,1440,645,795,22561,11550,11011
23,462,sidhi,Rural,15,24609,12900,11709,2008,940,1068,22601,11960,10641
23,462,sidhi,Rural,16,21922,11442,10480,1879,804,1075,20043,10638,9405
23,462,sidhi,Rural,17,17804,9401,8403,1636,665,971,16168,8736,7432
23,462,sidhi,Rural,18,24467,13099,11368,3268,1131,2137,21199,11968,9231
23,462,sidhi,Rural,19,16341,8156,8185,2539,630,1909,13802,7526,6276
23,462,sidhi,Rural,20-24,89093,45819,43274,21709,5800,15909,67384,40019,27365
23,462,sidhi,Rural,25-29,73346,36944,36402,26844,7867,18977,46502,29077,17425
23,462,sidhi,Rural,30-34,68007,33189,34818,31500,9349,22151,36507,23840,12667
23,462,sidhi,Rural,35-39,64042,31877,32165,34883,11549,23334,29159,20328,8831
23,462,sidhi,Rural,40-44,53642,27044,26598,32822,11896,20926,20820,15148,5672
23,462,sidhi,Rural,45-49,44325,22749,21576,29145,11316,17829,15180,11433,3747
23,462,sidhi,Rural,50-54,33096,17537,15559,22787,9515,13272,10309,8022,2287
23,462,sidhi,Rural,55-59,25952,12667,13285,18722,6965,11757,7230,5702,1528
23,462,sidhi,Rural,60-64,28017,13821,14196,21634,8597,13037,6383,5224,1159
23,462,sidhi,Rural,65-69,20630,10032,10598,16393,6491,9902,4237,3541,696
23,462,sidhi,Rural,70-74,16115,8536,7579,13197,6026,7171,2918,2510,408
23,462,sidhi,Rural,75-79,7231,3741,3490,5838,2540,3298,1393,1201,192
23,462,sidhi,Rural,80+,8234,4297,3937,6396,2876,3520,1838,1421,417
23,462,sidhi,Rural,Age not stated,820,424,396,337,144,193,483,280,203
23,462,sidhi,Urban,All ages,93121,48534,44587,30091,12653,17438,63030,35881,27149
23,462,sidhi,Urban,0-6,13048,6910,6138,13048,6910,6138,0,0,0
23,462,sidhi,Urban,7,2119,1142,977,460,241,219,1659,901,758
23,462,sidhi,Urban,8,2219,1213,1006,236,107,129,1983,1106,877
23,462,sidhi,Urban,9,1897,1001,896,119,58,61,1778,943,835
23,462,sidhi,Urban,10,2540,1294,1246,167,84,83,2373,1210,1163
23,462,sidhi,Urban,11,2124,1156,968,89,46,43,2035,1110,925
23,462,sidhi,Urban,12,2391,1334,1057,105,47,58,2286,1287,999
23,462,sidhi,Urban,13,2221,1202,1019,93,47,46,2128,1155,973
23,462,sidhi,Urban,14,2326,1222,1104,108,49,59,2218,1173,1045
23,462,sidhi,Urban,15,2365,1235,1130,142,70,72,2223,1165,1058
23,462,sidhi,Urban,16,2270,1190,1080,122,57,65,2148,1133,1015
23,462,sidhi,Urban,17,1873,993,880,89,43,46,1784,950,834
23,462,sidhi,Urban,18,2358,1261,1097,172,65,107,2186,1196,990
23,462,sidhi,Urban,19,1697,890,807,122,35,87,1575,855,720
23,462,sidhi,Urban,20-24,8770,4511,4259,962,290,672,7808,4221,3587
23,462,sidhi,Urban,25-29,7512,3755,3757,1416,422,994,6096,3333,2763
23,462,sidhi,Urban,30-34,6789,3388,3401,1579,482,1097,5210,2906,2304
23,462,sidhi,Urban,35-39,6516,3312,3204,1884,577,1307,4632,2735,1897
23,462,sidhi,Urban,40-44,5780,2970,2810,1756,544,1212,4024,2426,1598
23,462,sidhi,Urban,45-49,4584,2420,2164,1609,510,1099,2975,1910,1065
23,462,sidhi,Urban,50-54,3390,1894,1496,1268,449,819,2122,1445,677
23,462,sidhi,Urban,55-59,2366,1219,1147,1035,292,743,1331,927,404
23,462,sidhi,Urban,60-64,2153,1076,1077,1185,380,805,968,696,272
23,462,sidhi,Urban,65-69,1532,765,767,906,328,578,626,437,189
23,462,sidhi,Urban,70-74,1109,559,550,723,259,464,386,300,86
23,462,sidhi,Urban,75-79,534,291,243,330,125,205,204,166,38
23,462,sidhi,Urban,80+,600,315,285,353,132,221,247,183,64
23,462,sidhi,Urban,Age not stated,38,16,22,13,4,9,25,12,13
23,463,singrauli,Total,All ages,1178273,613637,564636,593219,253714,339505,585054,359923,225131
23,463,singrauli,Total,0-6,209792,109094,100698,209792,109094,100698,0,0,0
23,463,singrauli,Total,7,29111,14880,14231,8946,4495,4451,20165,10385,9780
23,463,singrauli,Total,8,33335,16978,16357,5530,2682,2848,27805,14296,13509
23,463,singrauli,Total,9,28317,14332,13985,3186,1502,1684,25131,12830,12301
23,463,singrauli,Total,10,38758,19716,19042,4529,2188,2341,34229,17528,16701
23,463,singrauli,Total,11,30384,15423,14961,2609,1202,1407,27775,14221,13554
23,463,singrauli,Total,12,33981,17420,16561,2982,1266,1716,30999,16154,14845
23,463,singrauli,Total,13,28252,14385,13867,2417,993,1424,25835,13392,12443
23,463,singrauli,Total,14,28487,14726,13761,2797,1085,1712,25690,13641,12049
23,463,singrauli,Total,15,27571,14734,12837,3558,1434,2124,24013,13300,10713
23,463,singrauli,Total,16,25434,13377,12057,3678,1391,2287,21756,11986,9770
23,463,singrauli,Total,17,19631,10593,9038,2903,1029,1874,16728,9564,7164
23,463,singrauli,Total,18,27988,15148,12840,5925,1883,4042,22063,13265,8798
23,463,singrauli,Total,19,19290,9879,9411,4253,1078,3175,15037,8801,6236
23,463,singrauli,Total,20-24,106329,56703,49626,33430,9254,24176,72899,47449,25450
23,463,singrauli,Total,25-29,85065,44812,40253,37033,11440,25593,48032,33372,14660
23,463,singrauli,Total,30-34,78631,39788,38843,41158,13083,28075,37473,26705,10768
23,463,singrauli,Total,35-39,75103,38629,36474,43417,15380,28037,31686,23249,8437
23,463,singrauli,Total,40-44,62351,32639,29712,38235,14879,23356,24116,17760,6356
23,463,singrauli,Total,45-49,51104,27043,24061,32568,13119,19449,18536,13924,4612
23,463,singrauli,Total,50-54,36911,20599,16312,24539,10769,13770,12372,9830,2542
23,463,singrauli,Total,55-59,27307,14335,12972,19446,7830,11616,7861,6505,1356
23,463,singrauli,Total,60-64,26744,13414,13330,21259,8964,12295,5485,4450,1035
23,463,singrauli,Total,65-69,19278,9675,9603,15641,6710,8931,3637,2965,672
23,463,singrauli,Total,70-74,14001,7495,6506,11668,5570,6098,2333,1925,408
23,463,singrauli,Total,75-79,6139,3101,3038,5136,2292,2844,1003,809,194
23,463,singrauli,Total,80+,7896,4166,3730,6071,2893,3178,1825,1273,552
23,463,singrauli,Total,Age not stated,1083,553,530,513,209,304,570,344,226
23,463,singrauli,Rural,All ages,951487,493324,458163,514423,220809,293614,437064,272515,164549
23,463,singrauli,Rural,0-6,178988,92875,86113,178988,92875,86113,0,0,0
23,463,singrauli,Rural,7,24400,12424,11976,7513,3761,3752,16887,8663,8224
23,463,singrauli,Rural,8,27834,14029,13805,4695,2237,2458,23139,11792,11347
23,463,singrauli,Rural,9,23726,11871,11855,2684,1250,1434,21042,10621,10421
23,463,singrauli,Rural,10,32657,16495,16162,3825,1821,2004,28832,14674,14158
23,463,singrauli,Rural,11,25157,12702,12455,2172,1005,1167,22985,11697,11288
23,463,singrauli,Rural,12,28315,14441,13874,2549,1091,1458,25766,13350,12416
23,463,singrauli,Rural,13,22879,11571,11308,2002,805,1197,20877,10766,10111
23,463,singrauli,Rural,14,22776,11792,10984,2358,915,1443,20418,10877,9541
23,463,singrauli,Rural,15,21911,11684,10227,3071,1222,1849,18840,10462,8378
23,463,singrauli,Rural,16,19766,10396,9370,3192,1200,1992,16574,9196,7378
23,463,singrauli,Rural,17,14671,7851,6820,2527,864,1663,12144,6987,5157
23,463,singrauli,Rural,18,22000,11770,10230,5300,1615,3685,16700,10155,6545
23,463,singrauli,Rural,19,14858,7522,7336,3783,906,2877,11075,6616,4459
23,463,singrauli,Rural,20-24,84132,44937,39195,30036,8198,21838,54096,36739,17357
23,463,singrauli,Rural,25-29,67404,35492,31912,32873,10178,22695,34531,25314,9217
23,463,singrauli,Rural,30-34,63226,31998,31228,36538,11809,24729,26688,20189,6499
23,463,singrauli,Rural,35-39,59394,30834,28560,37934,13761,24173,21460,17073,4387
23,463,singrauli,Rural,40-44,47371,25119,22252,32897,13247,19650,14474,11872,2602
23,463,singrauli,Rural,45-49,37227,19424,17803,27700,11530,16170,9527,7894,1633
23,463,singrauli,Rural,50-54,27089,14731,12358,20944,9519,11425,6145,5212,933
23,463,singrauli,Rural,55-59,21295,10528,10767,16997,6912,10085,4298,3616,682
23,463,singrauli,Rural,60-64,23071,11433,11638,19158,8132,11026,3913,3301,612
23,463,singrauli,Rural,65-69,16754,8415,8339,14068,6142,7926,2686,2273,413
23,463,singrauli,Rural,70-74,12068,6494,5574,10375,5027,5348,1693,1467,226
23,463,singrauli,Rural,75-79,5302,2656,2646,4587,2056,2531,715,600,115
23,463,singrauli,Rural,80+,6427,3441,2986,5256,2565,2691,1171,876,295
23,463,singrauli,Rural,Age not stated,789,399,390,401,166,235,388,233,155
23,463,singrauli,Urban,All ages,226786,120313,106473,78796,32905,45891,147990,87408,60582
23,463,singrauli,Urban,0-6,30804,16219,14585,30804,16219,14585,0,0,0
23,463,singrauli,Urban,7,4711,2456,2255,1433,734,699,3278,1722,1556
23,463,singrauli,Urban,8,5501,2949,2552,835,445,390,4666,2504,2162
23,463,singrauli,Urban,9,4591,2461,2130,502,252,250,4089,2209,1880
23,463,singrauli,Urban,10,6101,3221,2880,704,367,337,5397,2854,2543
23,463,singrauli,Urban,11,5227,2721,2506,437,197,240,4790,2524,2266
23,463,singrauli,Urban,12,5666,2979,2687,433,175,258,5233,2804,2429
23,463,singrauli,Urban,13,5373,2814,2559,415,188,227,4958,2626,2332
23,463,singrauli,Urban,14,5711,2934,2777,439,170,269,5272,2764,2508
23,463,singrauli,Urban,15,5660,3050,2610,487,212,275,5173,2838,2335
23,463,singrauli,Urban,16,5668,2981,2687,486,191,295,5182,2790,2392
23,463,singrauli,Urban,17,4960,2742,2218,376,165,211,4584,2577,2007
23,463,singrauli,Urban,18,5988,3378,2610,625,268,357,5363,3110,2253
23,463,singrauli,Urban,19,4432,2357,2075,470,172,298,3962,2185,1777
23,463,singrauli,Urban,20-24,22197,11766,10431,3394,1056,2338,18803,10710,8093
23,463,singrauli,Urban,25-29,17661,9320,8341,4160,1262,2898,13501,8058,5443
23,463,singrauli,Urban,30-34,15405,7790,7615,4620,1274,3346,10785,6516,4269
23,463,singrauli,Urban,35-39,15709,7795,7914,5483,1619,3864,10226,6176,4050
23,463,singrauli,Urban,40-44,14980,7520,7460,5338,1632,3706,9642,5888,3754
23,463,singrauli,Urban,45-49,13877,7619,6258,4868,1589,3279,9009,6030,2979
23,463,singrauli,Urban,50-54,9822,5868,3954,3595,1250,2345,6227,4618,1609
23,463,singrauli,Urban,55-59,6012,3807,2205,2449,918,1531,3563,2889,674
23,463,singrauli,Urban,60-64,3673,1981,1692,2101,832,1269,1572,1149,423
23,463,singrauli,Urban,65-69,2524,1260,1264,1573,568,1005,951,692,259
23,463,singrauli,Urban,70-74,1933,1001,932,1293,543,750,640,458,182
23,463,singrauli,Urban,75-79,837,445,392,549,236,313,288,209,79
23,463,singrauli,Urban,80+,1469,725,744,815,328,487,654,397,257
23,463,singrauli,Urban,Age not stated,294,154,140,112,43,69,182,111,71
23,464,jhabua,Total,All ages,1025048,515023,510025,672967,300441,372526,352081,214582,137499
23,464,jhabua,Total,0-6,211869,109040,102829,211869,109040,102829,0,0,0
23,464,jhabua,Total,7,29710,15165,14545,15166,7567,7599,14544,7598,6946
23,464,jhabua,Total,8,36963,19194,17769,13465,6666,6799,23498,12528,10970
23,464,jhabua,Total,9,25918,13364,12554,7222,3372,3850,18696,9992,8704
23,464,jhabua,Total,10,37574,19451,18123,11768,5479,6289,25806,13972,11834
23,464,jhabua,Total,11,24167,12456,11711,5724,2560,3164,18443,9896,8547
23,464,jhabua,Total,12,32189,16658,15531,9815,4271,5544,22374,12387,9987
23,464,jhabua,Total,13,22069,11313,10756,6342,2584,3758,15727,8729,6998
23,464,jhabua,Total,14,23038,11885,11153,7308,2964,4344,15730,8921,6809
23,464,jhabua,Total,15,22674,11767,10907,8651,3530,5121,14023,8237,5786
23,464,jhabua,Total,16,20398,10323,10075,8350,3041,5309,12048,7282,4766
23,464,jhabua,Total,17,14568,7103,7465,5938,1973,3965,8630,5130,3500
23,464,jhabua,Total,18,21947,10360,11587,11171,3767,7404,10776,6593,4183
23,464,jhabua,Total,19,13526,6087,7439,6737,1872,4865,6789,4215,2574
23,464,jhabua,Total,20-24,78040,37982,40058,43779,15578,28201,34261,22404,11857
23,464,jhabua,Total,25-29,69550,34511,35039,43171,16867,26304,26379,17644,8735
23,464,jhabua,Total,30-34,63945,32007,31938,41340,16639,24701,22605,15368,7237
23,464,jhabua,Total,35-39,57949,28980,28969,40968,17045,23923,16981,11935,5046
23,464,jhabua,Total,40-44,52089,26227,25862,39130,17092,22038,12959,9135,3824
23,464,jhabua,Total,45-49,46786,23399,23387,36404,16059,20345,10382,7340,3042
23,464,jhabua,Total,50-54,34883,18486,16397,27362,13043,14319,7521,5443,2078
23,464,jhabua,Total,55-59,26065,12343,13722,21164,8826,12338,4901,3517,1384
23,464,jhabua,Total,60-64,22597,11247,11350,18951,8623,10328,3646,2624,1022
23,464,jhabua,Total,65-69,14472,6181,8291,12343,4694,7649,2129,1487,642
23,464,jhabua,Total,70-74,11011,4983,6028,9595,3995,5600,1416,988,428
23,464,jhabua,Total,75-79,4680,1833,2847,3937,1327,2610,743,506,237
23,464,jhabua,Total,80+,5973,2445,3528,5138,1893,3245,835,552,283
23,464,jhabua,Total,Age not stated,398,233,165,159,74,85,239,159,80
23,464,jhabua,Rural,All ages,933065,467468,465597,646834,289487,357347,286231,177981,108250
23,464,jhabua,Rural,0-6,198754,102214,96540,198754,102214,96540,0,0,0
23,464,jhabua,Rural,7,27640,14036,13604,14731,7323,7408,12909,6713,6196
23,464,jhabua,Rural,8,34878,18043,16835,13198,6520,6678,21680,11523,10157
23,464,jhabua,Rural,9,24042,12340,11702,7099,3319,3780,16943,9021,7922
23,464,jhabua,Rural,10,35287,18205,17082,11578,5383,6195,23709,12822,10887
23,464,jhabua,Rural,11,22113,11305,10808,5601,2493,3108,16512,8812,7700
23,464,jhabua,Rural,12,30061,15467,14594,9676,4209,5467,20385,11258,9127
23,464,jhabua,Rural,13,20261,10335,9926,6245,2547,3698,14016,7788,6228
23,464,jhabua,Rural,14,21014,10781,10233,7183,2904,4279,13831,7877,5954
23,464,jhabua,Rural,15,20648,10669,9979,8519,3466,5053,12129,7203,4926
23,464,jhabua,Rural,16,18492,9287,9205,8207,2993,5214,10285,6294,3991
23,464,jhabua,Rural,17,12902,6206,6696,5838,1926,3912,7064,4280,2784
23,464,jhabua,Rural,18,19825,9243,10582,10934,3682,7252,8891,5561,3330
23,464,jhabua,Rural,19,11930,5281,6649,6614,1841,4773,5316,3440,1876
23,464,jhabua,Rural,20-24,69417,33606,35811,42695,15207,27488,26722,18399,8323
23,464,jhabua,Rural,25-29,61715,30616,31099,42091,16515,25576,19624,14101,5523
23,464,jhabua,Rural,30-34,56728,28354,28374,40277,16291,23986,16451,12063,4388
23,464,jhabua,Rural,35-39,51734,25827,25907,39837,16730,23107,11897,9097,2800
23,464,jhabua,Rural,40-44,46392,23304,23088,37911,16752,21159,8481,6552,1929
23,464,jhabua,Rural,45-49,41713,20843,20870,35188,15754,19434,6525,5089,1436
23,464,jhabua,Rural,50-54,30821,16321,14500,26367,12758,13609,4454,3563,891
23,464,jhabua,Rural,55-59,23424,10970,12454,20435,8616,11819,2989,2354,635
23,464,jhabua,Rural,60-64,20496,10218,10278,18215,8436,9779,2281,1782,499
23,464,jhabua,Rural,65-69,13064,5506,7558,11830,4555,7275,1234,951,283
23,464,jhabua,Rural,70-74,9926,4511,5415,9115,3870,5245,811,641,170
23,464,jhabua,Rural,75-79,4121,1581,2540,3728,1283,2445,393,298,95
23,464,jhabua,Rural,80+,5303,2180,3123,4822,1832,2990,481,348,133
23,464,jhabua,Rural,Age not stated,364,219,145,146,68,78,218,151,67
23,464,jhabua,Urban,All ages,91983,47555,44428,26133,10954,15179,65850,36601,29249
23,464,jhabua,Urban,0-6,13115,6826,6289,13115,6826,6289,0,0,0
23,464,jhabua,Urban,7,2070,1129,941,435,244,191,1635,885,750
23,464,jhabua,Urban,8,2085,1151,934,267,146,121,1818,1005,813
23,464,jhabua,Urban,9,1876,1024,852,123,53,70,1753,971,782
23,464,jhabua,Urban,10,2287,1246,1041,190,96,94,2097,1150,947
23,464,jhabua,Urban,11,2054,1151,903,123,67,56,1931,1084,847
23,464,jhabua,Urban,12,2128,1191,937,139,62,77,1989,1129,860
23,464,jhabua,Urban,13,1808,978,830,97,37,60,1711,941,770
23,464,jhabua,Urban,14,2024,1104,920,125,60,65,1899,1044,855
23,464,jhabua,Urban,15,2026,1098,928,132,64,68,1894,1034,860
23,464,jhabua,Urban,16,1906,1036,870,143,48,95,1763,988,775
23,464,jhabua,Urban,17,1666,897,769,100,47,53,1566,850,716
23,464,jhabua,Urban,18,2122,1117,1005,237,85,152,1885,1032,853
23,464,jhabua,Urban,19,1596,806,790,123,31,92,1473,775,698
23,464,jhabua,Urban,20-24,8623,4376,4247,1084,371,713,7539,4005,3534
23,464,jhabua,Urban,25-29,7835,3895,3940,1080,352,728,6755,3543,3212
23,464,jhabua,Urban,30-34,7217,3653,3564,1063,348,715,6154,3305,2849
23,464,jhabua,Urban,35-39,6215,3153,3062,1131,315,816,5084,2838,2246
23,464,jhabua,Urban,40-44,5697,2923,2774,1219,340,879,4478,2583,1895
23,464,jhabua,Urban,45-49,5073,2556,2517,1216,305,911,3857,2251,1606
23,464,jhabua,Urban,50-54,4062,2165,1897,995,285,710,3067,1880,1187
23,464,jhabua,Urban,55-59,2641,1373,1268,729,210,519,1912,1163,749
23,464,jhabua,Urban,60-64,2101,1029,1072,736,187,549,1365,842,523
23,464,jhabua,Urban,65-69,1408,675,733,513,139,374,895,536,359
23,464,jhabua,Urban,70-74,1085,472,613,480,125,355,605,347,258
23,464,jhabua,Urban,75-79,559,252,307,209,44,165,350,208,142
23,464,jhabua,Urban,80+,670,265,405,316,61,255,354,204,150
23,464,jhabua,Urban,Age not stated,34,14,20,13,6,7,21,8,13
23,465,alirajpur,Total,All ages,728999,362542,366457,519245,241637,277608,209754,120905,88849
23,465,alirajpur,Total,0-6,147961,74818,73143,147961,74818,73143,0,0,0
23,465,alirajpur,Total,7,21360,10707,10653,12345,6234,6111,9015,4473,4542
23,465,alirajpur,Total,8,26184,13116,13068,11403,5616,5787,14781,7500,7281
23,465,alirajpur,Total,9,19654,9864,9790,7071,3547,3524,12583,6317,6266
23,465,alirajpur,Total,10,26639,13645,12994,9958,5083,4875,16681,8562,8119
23,465,alirajpur,Total,11,18368,9291,9077,5860,2890,2970,12508,6401,6107
23,465,alirajpur,Total,12,23386,11917,11469,8410,4106,4304,14976,7811,7165
23,465,alirajpur,Total,13,16759,8478,8281,6035,2825,3210,10724,5653,5071
23,465,alirajpur,Total,14,17844,9026,8818,7385,3422,3963,10459,5604,4855
23,465,alirajpur,Total,15,16459,8264,8195,7766,3475,4291,8693,4789,3904
23,465,alirajpur,Total,16,16733,8135,8598,8595,3588,5007,8138,4547,3591
23,465,alirajpur,Total,17,11669,5759,5910,5896,2416,3480,5773,3343,2430
23,465,alirajpur,Total,18,16746,7828,8918,9990,3881,6109,6756,3947,2809
23,465,alirajpur,Total,19,10619,4640,5979,6250,2119,4131,4369,2521,1848
23,465,alirajpur,Total,20-24,52304,25106,27198,34620,13995,20625,17684,11111,6573
23,465,alirajpur,Total,25-29,46163,22490,23673,32828,14035,18793,13335,8455,4880
23,465,alirajpur,Total,30-34,43756,21735,22021,31866,13728,18138,11890,8007,3883
23,465,alirajpur,Total,35-39,41555,20859,20696,32142,14161,17981,9413,6698,2715
23,465,alirajpur,Total,40-44,36500,18362,18138,29961,13778,16183,6539,4584,1955
23,465,alirajpur,Total,45-49,33517,16828,16689,28474,13298,15176,5043,3530,1513
23,465,alirajpur,Total,50-54,25464,13248,12216,21930,10769,11161,3534,2479,1055
23,465,alirajpur,Total,55-59,19700,9668,10032,17251,7959,9292,2449,1709,740
23,465,alirajpur,Total,60-64,15711,7865,7846,14067,6777,7290,1644,1088,556
23,465,alirajpur,Total,65-69,9731,4447,5284,8727,3779,4948,1004,668,336
23,465,alirajpur,Total,70-74,6819,3227,3592,6162,2777,3385,657,450,207
23,465,alirajpur,Total,75-79,2964,1251,1713,2640,1046,1594,324,205,119
23,465,alirajpur,Total,80+,3760,1646,2114,3216,1319,1897,544,327,217
23,465,alirajpur,Total,Age not stated,674,322,352,436,196,240,238,126,112
23,465,alirajpur,Rural,All ages,671925,333593,338332,501113,234019,267094,170812,99574,71238
23,465,alirajpur,Rural,0-6,139536,70536,69000,139536,70536,69000,0,0,0
23,465,alirajpur,Rural,7,20096,10051,10045,12037,6069,5968,8059,3982,4077
23,465,alirajpur,Rural,8,24893,12467,12426,11225,5530,5695,13668,6937,6731
23,465,alirajpur,Rural,9,18497,9283,9214,6955,3491,3464,11542,5792,5750
23,465,alirajpur,Rural,10,25221,12874,12347,9791,5002,4789,15430,7872,7558
23,465,alirajpur,Rural,11,17039,8599,8440,5752,2831,2921,11287,5768,5519
23,465,alirajpur,Rural,12,21989,11215,10774,8269,4050,4219,13720,7165,6555
23,465,alirajpur,Rural,13,15541,7839,7702,5933,2775,3158,9608,5064,4544
23,465,alirajpur,Rural,14,16526,8313,8213,7273,3368,3905,9253,4945,4308
23,465,alirajpur,Rural,15,15162,7590,7572,7642,3419,4223,7520,4171,3349
23,465,alirajpur,Rural,16,15471,7477,7994,8481,3539,4942,6990,3938,3052
23,465,alirajpur,Rural,17,10551,5175,5376,5801,2381,3420,4750,2794,1956
23,465,alirajpur,Rural,18,15514,7202,8312,9820,3819,6001,5694,3383,2311
23,465,alirajpur,Rural,19,9510,4078,5432,6114,2070,4044,3396,2008,1388
23,465,alirajpur,Rural,20-24,47106,22522,24584,33827,13693,20134,13279,8829,4450
23,465,alirajpur,Rural,25-29,41507,20250,21257,32025,13742,18283,9482,6508,2974
23,465,alirajpur,Rural,30-34,39297,19468,19829,31079,13466,17613,8218,6002,2216
23,465,alirajpur,Rural,35-39,37636,18865,18771,31265,13877,17388,6371,4988,1383
23,465,alirajpur,Rural,40-44,32972,16560,16412,29007,13474,15533,3965,3086,879
23,465,alirajpur,Rural,45-49,30578,15247,15331,27648,13012,14636,2930,2235,695
23,465,alirajpur,Rural,50-54,23186,12084,11102,21220,10573,10647,1966,1511,455
23,465,alirajpur,Rural,55-59,18023,8785,9238,16706,7798,8908,1317,987,330
23,465,alirajpur,Rural,60-64,14359,7217,7142,13507,6600,6907,852,617,235
23,465,alirajpur,Rural,65-69,8864,4055,4809,8350,3694,4656,514,361,153
23,465,alirajpur,Rural,70-74,6151,2915,3236,5849,2701,3148,302,214,88
23,465,alirajpur,Rural,75-79,2658,1108,1550,2513,1016,1497,145,92,53
23,465,alirajpur,Rural,80+,3416,1519,1897,3060,1298,1762,356,221,135
23,465,alirajpur,Rural,Age not stated,626,299,327,428,195,233,198,104,94
23,465,alirajpur,Urban,All ages,57074,28949,28125,18132,7618,10514,38942,21331,17611
23,465,alirajpur,Urban,0-6,8425,4282,4143,8425,4282,4143,0,0,0
23,465,alirajpur,Urban,7,1264,656,608,308,165,143,956,491,465
23,465,alirajpur,Urban,8,1291,649,642,178,86,92,1113,563,550
23,465,alirajpur,Urban,9,1157,581,576,116,56,60,1041,525,516
23,465,alirajpur,Urban,10,1418,771,647,167,81,86,1251,690,561
23,465,alirajpur,Urban,11,1329,692,637,108,59,49,1221,633,588
23,465,alirajpur,Urban,12,1397,702,695,141,56,85,1256,646,610
23,465,alirajpur,Urban,13,1218,639,579,102,50,52,1116,589,527
23,465,alirajpur,Urban,14,1318,713,605,112,54,58,1206,659,547
23,465,alirajpur,Urban,15,1297,674,623,124,56,68,1173,618,555
23,465,alirajpur,Urban,16,1262,658,604,114,49,65,1148,609,539
23,465,alirajpur,Urban,17,1118,584,534,95,35,60,1023,549,474
23,465,alirajpur,Urban,18,1232,626,606,170,62,108,1062,564,498
23,465,alirajpur,Urban,19,1109,562,547,136,49,87,973,513,460
23,465,alirajpur,Urban,20-24,5198,2584,2614,793,302,491,4405,2282,2123
23,465,alirajpur,Urban,25-29,4656,2240,2416,803,293,510,3853,1947,1906
23,465,alirajpur,Urban,30-34,4459,2267,2192,787,262,525,3672,2005,1667
23,465,alirajpur,Urban,35-39,3919,1994,1925,877,284,593,3042,1710,1332
23,465,alirajpur,Urban,40-44,3528,1802,1726,954,304,650,2574,1498,1076
23,465,alirajpur,Urban,45-49,2939,1581,1358,826,286,540,2113,1295,818
23,465,alirajpur,Urban,50-54,2278,1164,1114,710,196,514,1568,968,600
23,465,alirajpur,Urban,55-59,1677,883,794,545,161,384,1132,722,410
23,465,alirajpur,Urban,60-64,1352,648,704,560,177,383,792,471,321
23,465,alirajpur,Urban,65-69,867,392,475,377,85,292,490,307,183
23,465,alirajpur,Urban,70-74,668,312,356,313,76,237,355,236,119
23,465,alirajpur,Urban,75-79,306,143,163,127,30,97,179,113,66
23,465,alirajpur,Urban,80+,344,127,217,156,21,135,188,106,82
23,465,alirajpur,Urban,Age not stated,48,23,25,8,1,7,40,22,18
23,466,khandwa (east nimar),Total,All ages,1310061,674329,635732,578446,242070,336376,731615,432259,299356
23,466,khandwa (east nimar),Total,0-6,208140,107730,100410,208140,107730,100410,0,0,0
23,466,khandwa (east nimar),Total,7,30337,15600,14737,9298,4807,4491,21039,10793,10246
23,466,khandwa (east nimar),Total,8,34408,17700,16708,6339,3200,3139,28069,14500,13569
23,466,khandwa (east nimar),Total,9,28288,14332,13956,3347,1605,1742,24941,12727,12214
23,466,khandwa (east nimar),Total,10,37205,19131,18074,4661,2367,2294,32544,16764,15780
23,466,khandwa (east nimar),Total,11,29380,15179,14201,2687,1298,1389,26693,13881,12812
23,466,khandwa (east nimar),Total,12,33919,17490,16429,4049,1943,2106,29870,15547,14323
23,466,khandwa (east nimar),Total,13,27359,14237,13122,2814,1318,1496,24545,12919,11626
23,466,khandwa (east nimar),Total,14,28931,14944,13987,3710,1677,2033,25221,13267,11954
23,466,khandwa (east nimar),Total,15,27860,14790,13070,4276,1924,2352,23584,12866,10718
23,466,khandwa (east nimar),Total,16,28352,14915,13437,4725,2104,2621,23627,12811,10816
23,466,khandwa (east nimar),Total,17,22912,12089,10823,3638,1534,2104,19274,10555,8719
23,466,khandwa (east nimar),Total,18,31818,17409,14409,6451,2702,3749,25367,14707,10660
23,466,khandwa (east nimar),Total,19,22359,11887,10472,4421,1537,2884,17938,10350,7588
23,466,khandwa (east nimar),Total,20-24,117160,62699,54461,30567,10789,19778,86593,51910,34683
23,466,khandwa (east nimar),Total,25-29,100663,51438,49225,33742,11582,22160,66921,39856,27065
23,466,khandwa (east nimar),Total,30-34,91071,46026,45045,35353,12130,23223,55718,33896,21822
23,466,khandwa (east nimar),Total,35-39,85267,43600,41667,36741,12725,24016,48526,30875,17651
23,466,khandwa (east nimar),Total,40-44,74878,38907,35971,34961,12485,22476,39917,26422,13495
23,466,khandwa (east nimar),Total,45-49,62240,32646,29594,30084,10828,19256,32156,21818,10338
23,466,khandwa (east nimar),Total,50-54,47500,25365,22135,23547,8707,14840,23953,16658,7295
23,466,khandwa (east nimar),Total,55-59,36957,18013,18944,19730,5971,13759,17227,12042,5185
23,466,khandwa (east nimar),Total,60-64,35898,17648,18250,21058,7020,14038,14840,10628,4212
23,466,khandwa (east nimar),Total,65-69,25523,11794,13729,16015,5018,10997,9508,6776,2732
23,466,khandwa (east nimar),Total,70-74,19967,9406,10561,13460,4605,8855,6507,4801,1706
23,466,khandwa (east nimar),Total,75-79,9267,4101,5166,6226,1917,4309,3041,2184,857
23,466,khandwa (east nimar),Total,80+,11816,4944,6872,8133,2431,5702,3683,2513,1170
23,466,khandwa (east nimar),Total,Age not stated,586,309,277,273,116,157,313,193,120
23,466,khandwa (east nimar),Rural,All ages,1050625,541183,509442,509636,212280,297356,540989,328903,212086
23,466,khandwa (east nimar),Rural,0-6,174888,90364,84524,174888,90364,84524,0,0,0
23,466,khandwa (east nimar),Rural,7,25249,12965,12284,8276,4288,3988,16973,8677,8296
23,466,khandwa (east nimar),Rural,8,29167,14915,14252,5812,2914,2898,23355,12001,11354
23,466,khandwa (east nimar),Rural,9,23532,11876,11656,3070,1454,1616,20462,10422,10040
23,466,khandwa (east nimar),Rural,10,31204,15959,15245,4224,2123,2101,26980,13836,13144
23,466,khandwa (east nimar),Rural,11,24016,12394,11622,2454,1170,1284,21562,11224,10338
23,466,khandwa (east nimar),Rural,12,28340,14630,13710,3736,1751,1985,24604,12879,11725
23,466,khandwa (east nimar),Rural,13,22272,11641,10631,2602,1193,1409,19670,10448,9222
23,466,khandwa (east nimar),Rural,14,23443,12161,11282,3446,1516,1930,19997,10645,9352
23,466,khandwa (east nimar),Rural,15,22413,11928,10485,3959,1746,2213,18454,10182,8272
23,466,khandwa (east nimar),Rural,16,23009,12165,10844,4404,1935,2469,18605,10230,8375
23,466,khandwa (east nimar),Rural,17,17937,9528,8409,3321,1355,1966,14616,8173,6443
23,466,khandwa (east nimar),Rural,18,25637,14177,11460,5990,2464,3526,19647,11713,7934
23,466,khandwa (east nimar),Rural,19,17167,9152,8015,4071,1372,2699,13096,7780,5316
23,466,khandwa (east nimar),Rural,20-24,91377,49340,42037,28149,9775,18374,63228,39565,23663
23,466,khandwa (east nimar),Rural,25-29,78643,40381,38262,31071,10643,20428,47572,29738,17834
23,466,khandwa (east nimar),Rural,30-34,71909,36297,35612,32328,11018,21310,39581,25279,14302
23,466,khandwa (east nimar),Rural,35-39,67285,34550,32735,33325,11566,21759,33960,22984,10976
23,466,khandwa (east nimar),Rural,40-44,58433,30379,28054,31512,11333,20179,26921,19046,7875
23,466,khandwa (east nimar),Rural,45-49,48040,25210,22830,26987,9821,17166,21053,15389,5664
23,466,khandwa (east nimar),Rural,50-54,36396,19334,17062,21059,7896,13163,15337,11438,3899
23,466,khandwa (east nimar),Rural,55-59,28862,13865,14997,17754,5502,12252,11108,8363,2745
23,466,khandwa (east nimar),Rural,60-64,28336,13926,14410,18677,6388,12289,9659,7538,2121
23,466,khandwa (east nimar),Rural,65-69,20335,9350,10985,14223,4579,9644,6112,4771,1341
23,466,khandwa (east nimar),Rural,70-74,15824,7448,8376,11730,4146,7584,4094,3302,792
23,466,khandwa (east nimar),Rural,75-79,7219,3110,4109,5455,1719,3736,1764,1391,373
23,466,khandwa (east nimar),Rural,80+,9224,3889,5335,6882,2152,4730,2342,1737,605
23,466,khandwa (east nimar),Rural,Age not stated,468,249,219,231,97,134,237,152,85
23,466,khandwa (east nimar),Urban,All ages,259436,133146,126290,68810,29790,39020,190626,103356,87270
23,466,khandwa (east nimar),Urban,0-6,33252,17366,15886,33252,17366,15886,0,0,0
23,466,khandwa (east nimar),Urban,7,5088,2635,2453,1022,519,503,4066,2116,1950
23,466,khandwa (east nimar),Urban,8,5241,2785,2456,527,286,241,4714,2499,2215
23,466,khandwa (east nimar),Urban,9,4756,2456,2300,277,151,126,4479,2305,2174
23,466,khandwa (east nimar),Urban,10,6001,3172,2829,437,244,193,5564,2928,2636
23,466,khandwa (east nimar),Urban,11,5364,2785,2579,233,128,105,5131,2657,2474
23,466,khandwa (east nimar),Urban,12,5579,2860,2719,313,192,121,5266,2668,2598
23,466,khandwa (east nimar),Urban,13,5087,2596,2491,212,125,87,4875,2471,2404
23,466,khandwa (east nimar),Urban,14,5488,2783,2705,264,161,103,5224,2622,2602
23,466,khandwa (east nimar),Urban,15,5447,2862,2585,317,178,139,5130,2684,2446
23,466,khandwa (east nimar),Urban,16,5343,2750,2593,321,169,152,5022,2581,2441
23,466,khandwa (east nimar),Urban,17,4975,2561,2414,317,179,138,4658,2382,2276
23,466,khandwa (east nimar),Urban,18,6181,3232,2949,461,238,223,5720,2994,2726
23,466,khandwa (east nimar),Urban,19,5192,2735,2457,350,165,185,4842,2570,2272
23,466,khandwa (east nimar),Urban,20-24,25783,13359,12424,2418,1014,1404,23365,12345,11020
23,466,khandwa (east nimar),Urban,25-29,22020,11057,10963,2671,939,1732,19349,10118,9231
23,466,khandwa (east nimar),Urban,30-34,19162,9729,9433,3025,1112,1913,16137,8617,7520
23,466,khandwa (east nimar),Urban,35-39,17982,9050,8932,3416,1159,2257,14566,7891,6675
23,466,khandwa (east nimar),Urban,40-44,16445,8528,7917,3449,1152,2297,12996,7376,5620
23,466,khandwa (east nimar),Urban,45-49,14200,7436,6764,3097,1007,2090,11103,6429,4674
23,466,khandwa (east nimar),Urban,50-54,11104,6031,5073,2488,811,1677,8616,5220,3396
23,466,khandwa (east nimar),Urban,55-59,8095,4148,3947,1976,469,1507,6119,3679,2440
23,466,khandwa (east nimar),Urban,60-64,7562,3722,3840,2381,632,1749,5181,3090,2091
23,466,khandwa (east nimar),Urban,65-69,5188,2444,2744,1792,439,1353,3396,2005,1391
23,466,khandwa (east nimar),Urban,70-74,4143,1958,2185,1730,459,1271,2413,1499,914
23,466,khandwa (east nimar),Urban,75-79,2048,991,1057,771,198,573,1277,793,484
23,466,khandwa (east nimar),Urban,80+,2592,1055,1537,1251,279,972,1341,776,565
23,466,khandwa (east nimar),Urban,Age not stated,118,60,58,42,19,23,76,41,35
23,467,burhanpur,Total,All ages,757847,388504,369343,349168,155431,193737,408679,233073,175606
23,467,burhanpur,Total,0-6,122869,63874,58995,122869,63874,58995,0,0,0
23,467,burhanpur,Total,7,17219,8953,8266,6832,3559,3273,10387,5394,4993
23,467,burhanpur,Total,8,19804,10012,9792,5442,2711,2731,14362,7301,7061
23,467,burhanpur,Total,9,15715,8100,7615,2811,1443,1368,12904,6657,6247
23,467,burhanpur,Total,10,21256,10837,10419,4523,2293,2230,16733,8544,8189
23,467,burhanpur,Total,11,16485,8513,7972,2384,1216,1168,14101,7297,6804
23,467,burhanpur,Total,12,19341,10046,9295,3784,1949,1835,15557,8097,7460
23,467,burhanpur,Total,13,15530,8005,7525,2511,1215,1296,13019,6790,6229
23,467,burhanpur,Total,14,16336,8503,7833,3187,1548,1639,13149,6955,6194
23,467,burhanpur,Total,15,15278,8167,7111,3136,1562,1574,12142,6605,5537
23,467,burhanpur,Total,16,15822,8593,7229,3554,1836,1718,12268,6757,5511
23,467,burhanpur,Total,17,12916,6944,5972,2374,1119,1255,10542,5825,4717
23,467,burhanpur,Total,18,17798,9395,8403,4612,2013,2599,13186,7382,5804
23,467,burhanpur,Total,19,13004,6445,6559,2984,1062,1922,10020,5383,4637
23,467,burhanpur,Total,20-24,71763,37582,34181,20850,8584,12266,50913,28998,21915
23,467,burhanpur,Total,25-29,58702,30348,28354,20170,8246,11924,38532,22102,16430
23,467,burhanpur,Total,30-34,52267,26565,25702,20538,8145,12393,31729,18420,13309
23,467,burhanpur,Total,35-39,47754,23959,23795,20513,8027,12486,27241,15932,11309
23,467,burhanpur,Total,40-44,43777,22113,21664,20321,7915,12406,23456,14198,9258
23,467,burhanpur,Total,45-49,37807,19653,18154,17798,7054,10744,20009,12599,7410
23,467,burhanpur,Total,50-54,29024,15244,13780,13825,5450,8375,15199,9794,5405
23,467,burhanpur,Total,55-59,22068,11011,11057,11021,3720,7301,11047,7291,3756
23,467,burhanpur,Total,60-64,20220,9758,10462,11358,3881,7477,8862,5877,2985
23,467,burhanpur,Total,65-69,14414,6559,7855,8630,2742,5888,5784,3817,1967
23,467,burhanpur,Total,70-74,10647,4930,5717,6821,2360,4461,3826,2570,1256
23,467,burhanpur,Total,75-79,4769,2160,2609,2934,880,2054,1835,1280,555
23,467,burhanpur,Total,80+,4892,2041,2851,3212,945,2267,1680,1096,584
23,467,burhanpur,Total,Age not stated,370,194,176,174,82,92,196,112,84
23,467,burhanpur,Rural,All ages,497560,254978,242582,268376,119482,148894,229184,135496,93688
23,467,burhanpur,Rural,0-6,87926,45631,42295,87926,45631,42295,0,0,0
23,467,burhanpur,Rural,7,12151,6304,5847,5421,2803,2618,6730,3501,3229
23,467,burhanpur,Rural,8,14613,7381,7232,4768,2345,2423,9845,5036,4809
23,467,burhanpur,Rural,9,10856,5563,5293,2408,1213,1195,8448,4350,4098
23,467,burhanpur,Rural,10,15457,7847,7610,3980,1995,1985,11477,5852,5625
23,467,burhanpur,Rural,11,11251,5701,5550,2047,997,1050,9204,4704,4500
23,467,burhanpur,Rural,12,13672,7096,6576,3334,1659,1675,10338,5437,4901
23,467,burhanpur,Rural,13,10406,5398,5008,2140,992,1148,8266,4406,3860
23,467,burhanpur,Rural,14,11121,5814,5307,2783,1301,1482,8338,4513,3825
23,467,burhanpur,Rural,15,10074,5462,4612,2623,1275,1348,7451,4187,3264
23,467,burhanpur,Rural,16,10463,5725,4738,3023,1515,1508,7440,4210,3230
23,467,burhanpur,Rural,17,7965,4306,3659,1922,868,1054,6043,3438,2605
23,467,burhanpur,Rural,18,11515,6104,5411,3878,1630,2248,7637,4474,3163
23,467,burhanpur,Rural,19,7966,3894,4072,2470,805,1665,5496,3089,2407
23,467,burhanpur,Rural,20-24,45388,23790,21598,17240,6856,10384,28148,16934,11214
23,467,burhanpur,Rural,25-29,37198,19239,17959,16607,6751,9856,20591,12488,8103
23,467,burhanpur,Rural,30-34,33624,17033,16591,16738,6626,10112,16886,10407,6479
23,467,burhanpur,Rural,35-39,30494,15436,15058,16333,6493,9840,14161,8943,5218
23,467,burhanpur,Rural,40-44,27811,14034,13777,16005,6285,9720,11806,7749,4057
23,467,burhanpur,Rural,45-49,23243,12165,11078,13824,5675,8149,9419,6490,2929
23,467,burhanpur,Rural,50-54,17550,9165,8385,10604,4330,6274,6946,4835,2111
23,467,burhanpur,Rural,55-59,13507,6535,6972,8478,2986,5492,5029,3549,1480
23,467,burhanpur,Rural,60-64,12299,5922,6377,8407,3093,5314,3892,2829,1063
23,467,burhanpur,Rural,65-69,8657,3895,4762,6162,2096,4066,2495,1799,696
23,467,burhanpur,Rural,70-74,6378,2954,3424,4807,1793,3014,1571,1161,410
23,467,burhanpur,Rural,75-79,2774,1213,1561,2100,687,1413,674,526,148
23,467,burhanpur,Rural,80+,2964,1239,1725,2233,723,1510,731,516,215
23,467,burhanpur,Rural,Age not stated,237,132,105,115,59,56,122,73,49
23,467,burhanpur,Urban,All ages,260287,133526,126761,80792,35949,44843,179495,97577,81918
23,467,burhanpur,Urban,0-6,34943,18243,16700,34943,18243,16700,0,0,0
23,467,burhanpur,Urban,7,5068,2649,2419,1411,756,655,3657,1893,1764
23,467,burhanpur,Urban,8,5191,2631,2560,674,366,308,4517,2265,2252
23,467,burhanpur,Urban,9,4859,2537,2322,403,230,173,4456,2307,2149
23,467,burhanpur,Urban,10,5799,2990,2809,543,298,245,5256,2692,2564
23,467,burhanpur,Urban,11,5234,2812,2422,337,219,118,4897,2593,2304
23,467,burhanpur,Urban,12,5669,2950,2719,450,290,160,5219,2660,2559
23,467,burhanpur,Urban,13,5124,2607,2517,371,223,148,4753,2384,2369
23,467,burhanpur,Urban,14,5215,2689,2526,404,247,157,4811,2442,2369
23,467,burhanpur,Urban,15,5204,2705,2499,513,287,226,4691,2418,2273
23,467,burhanpur,Urban,16,5359,2868,2491,531,321,210,4828,2547,2281
23,467,burhanpur,Urban,17,4951,2638,2313,452,251,201,4499,2387,2112
23,467,burhanpur,Urban,18,6283,3291,2992,734,383,351,5549,2908,2641
23,467,burhanpur,Urban,19,5038,2551,2487,514,257,257,4524,2294,2230
23,467,burhanpur,Urban,20-24,26375,13792,12583,3610,1728,1882,22765,12064,10701
23,467,burhanpur,Urban,25-29,21504,11109,10395,3563,1495,2068,17941,9614,8327
23,467,burhanpur,Urban,30-34,18643,9532,9111,3800,1519,2281,14843,8013,6830
23,467,burhanpur,Urban,35-39,17260,8523,8737,4180,1534,2646,13080,6989,6091
23,467,burhanpur,Urban,40-44,15966,8079,7887,4316,1630,2686,11650,6449,5201
23,467,burhanpur,Urban,45-49,14564,7488,7076,3974,1379,2595,10590,6109,4481
23,467,burhanpur,Urban,50-54,11474,6079,5395,3221,1120,2101,8253,4959,3294
23,467,burhanpur,Urban,55-59,8561,4476,4085,2543,734,1809,6018,3742,2276
23,467,burhanpur,Urban,60-64,7921,3836,4085,2951,788,2163,4970,3048,1922
23,467,burhanpur,Urban,65-69,5757,2664,3093,2468,646,1822,3289,2018,1271
23,467,burhanpur,Urban,70-74,4269,1976,2293,2014,567,1447,2255,1409,846
23,467,burhanpur,Urban,75-79,1995,947,1048,834,193,641,1161,754,407
23,467,burhanpur,Urban,80+,1928,802,1126,979,222,757,949,580,369
23,467,burhanpur,Urban,Age not stated,133,62,71,59,23,36,74,39,35
06,069,panchkula,Total,All ages,561293,299679,261614,155975,69817,86158,405318,229862,175456
06,069,panchkula,Total,0-6,66302,35583,30719,66302,35583,30719,0,0,0
06,069,panchkula,Total,7,10268,5532,4736,2514,1341,1173,7754,4191,3563
06,069,panchkula,Total,8,9851,5260,4591,1244,604,640,8607,4656,3951
06,069,panchkula,Total,9,9948,5555,4393,1106,554,552,8842,5001,3841
06,069,panchkula,Total,10,11997,6689,5308,1529,748,781,10468,5941,4527
06,069,panchkula,Total,11,10681,5941,4740,848,440,408,9833,5501,4332
06,069,panchkula,Total,12,10328,5749,4579,679,328,351,9649,5421,4228
06,069,panchkula,Total,13,9906,5394,4512,585,284,301,9321,5110,4211
06,069,panchkula,Total,14,10113,5525,4588,645,300,345,9468,5225,4243
06,069,panchkula,Total,15,10241,5641,4600,742,362,380,9499,5279,4220
06,069,panchkula,Total,16,10394,5769,4625,723,368,355,9671,5401,4270
06,069,panchkula,Total,17,9731,5317,4414,634,332,302,9097,4985,4112
06,069,panchkula,Total,18,11348,6387,4961,1037,521,516,10311,5866,4445
06,069,panchkula,Total,19,9870,5403,4467,710,329,381,9160,5074,4086
06,069,panchkula,Total,20-24,54745,29406,25339,5062,2051,3011,49683,27355,22328
06,069,panchkula,Total,25-29,53355,27987,25368,6119,2228,3891,47236,25759,21477
06,069,panchkula,Total,30-34,46752,24280,22472,7186,2412,4774,39566,21868,17698
06,069,panchkula,Total,35-39,43620,22763,20857,8914,3019,5895,34706,19744,14962
06,069,panchkula,Total,40-44,36599,19607,16992,9063,3294,5769,27536,16313,11223
06,069,panchkula,Total,45-49,30105,16377,13728,8017,2981,5036,22088,13396,8692
06,069,panchkula,Total,50-54,23658,12437,11221,6501,2345,4156,17157,10092,7065
06,069,panchkula,Total,55-59,19016,9986,9030,5077,1592,3485,13939,8394,5545
06,069,panchkula,Total,60-64,18786,9299,9487,6627,2230,4397,12159,7069,5090
06,069,panchkula,Total,65-69,12598,6691,5907,4486,1646,2840,8112,5045,3067
06,069,panchkula,Total,70-74,8857,4733,4124,3788,1518,2270,5069,3215,1854
06,069,panchkula,Total,75-79,4668,2488,2180,2096,828,1268,2572,1660,912
06,069,panchkula,Total,80+,6023,3057,2966,3295,1365,1930,2728,1692,1036
06,069,panchkula,Total,Age not stated,1533,823,710,446,214,232,1087,609,478
06,069,panchkula,Rural,All ages,248063,133153,114910,84636,37227,47409,163427,95926,67501
06,069,panchkula,Rural,0-6,32010,17107,14903,32010,17107,14903,0,0,0
06,069,panchkula,Rural,7,4889,2657,2232,1263,696,567,3626,1961,1665
06,069,panchkula,Rural,8,4691,2506,2185,571,281,290,4120,2225,1895
06,069,panchkula,Rural,9,4701,2644,2057,486,258,228,4215,2386,1829
06,069,panchkula,Rural,10,5628,3116,2512,654,324,330,4974,2792,2182
06,069,panchkula,Rural,11,5166,2835,2331,370,185,185,4796,2650,2146
06,069,panchkula,Rural,12,4913,2734,2179,281,137,144,4632,2597,2035
06,069,panchkula,Rural,13,4693,2526,2167,254,115,139,4439,2411,2028
06,069,panchkula,Rural,14,4904,2700,2204,290,145,145,4614,2555,2059
06,069,panchkula,Rural,15,4832,2617,2215,303,148,155,4529,2469,2060
06,069,panchkula,Rural,16,5079,2783,2296,321,166,155,4758,2617,2141
06,069,panchkula,Rural,17,4558,2479,2079,289,161,128,4269,2318,1951
06,069,panchkula,Rural,18,5378,2926,2452,458,229,229,4920,2697,2223
06,069,panchkula,Rural,19,4537,2435,2102,292,129,163,4245,2306,1939
06,069,panchkula,Rural,20-24,25512,13518,11994,2413,964,1449,23099,12554,10545
06,069,panchkula,Rural,25-29,23471,12625,10846,2963,1064,1899,20508,11561,8947
06,069,panchkula,Rural,30-34,19570,10429,9141,3652,1174,2478,15918,9255,6663
06,069,panchkula,Rural,35-39,18207,9772,8435,4902,1588,3314,13305,8184,5121
06,069,panchkula,Rural,40-44,15222,8252,6970,5377,1875,3502,9845,6377,3468
06,069,panchkula,Rural,45-49,12136,6754,5382,5001,1824,3177,7135,4930,2205
06,069,panchkula,Rural,50-54,8717,4748,3969,4081,1516,2565,4636,3232,1404
06,069,panchkula,Rural,55-59,6639,3422,3217,3312,1052,2260,3327,2370,957
06,069,panchkula,Rural,60-64,7774,3819,3955,4727,1642,3085,3047,2177,870
06,069,panchkula,Rural,65-69,5231,2710,2521,3336,1291,2045,1895,1419,476
06,069,panchkula,Rural,70-74,3861,2042,1819,2825,1214,1611,1036,828,208
06,069,panchkula,Rural,75-79,1973,1016,957,1558,691,867,415,325,90
06,069,panchkula,Rural,80+,2962,1556,1406,2355,1110,1245,607,446,161
06,069,panchkula,Rural,Age not stated,809,425,384,292,141,151,517,284,233
06,069,panchkula,Urban,All ages,313230,166526,146704,71339,32590,38749,241891,133936,107955
06,069,panchkula,Urban,0-6,34292,18476,15816,34292,18476,15816,0,0,0
06,069,panchkula,Urban,7,5379,2875,2504,1251,645,606,4128,2230,1898
06,069,panchkula,Urban,8,5160,2754,2406,673,323,350,4487,2431,2056
06,069,panchkula,Urban,9,5247,2911,2336,620,296,324,4627,2615,2012
06,069,panchkula,Urban,10,6369,3573,2796,875,424,451,5494,3149,2345
06,069,panchkula,Urban,11,5515,3106,2409,478,255,223,5037,2851,2186
06,069,panchkula,Urban,12,5415,3015,2400,398,191,207,5017,2824,2193
06,069,panchkula,Urban,13,5213,2868,2345,331,169,162,4882,2699,2183
06,069,panchkula,Urban,14,5209,2825,2384,355,155,200,4854,2670,2184
06,069,panchkula,Urban,15,5409,3024,2385,439,214,225,4970,2810,2160
06,069,panchkula,Urban,16,5315,2986,2329,402,202,200,4913,2784,2129
06,069,panchkula,Urban,17,5173,2838,2335,345,171,174,4828,2667,2161
06,069,panchkula,Urban,18,5970,3461,2509,579,292,287,5391,3169,2222
06,069,panchkula,Urban,19,5333,2968,2365,418,200,218,4915,2768,2147
06,069,panchkula,Urban,20-24,29233,15888,13345,2649,1087,1562,26584,14801,11783
06,069,panchkula,Urban,25-29,29884,15362,14522,3156,1164,1992,26728,14198,12530
06,069,panchkula,Urban,30-34,27182,13851,13331,3534,1238,2296,23648,12613,11035
06,069,panchkula,Urban,35-39,25413,12991,12422,4012,1431,2581,21401,11560,9841
06,069,panchkula,Urban,40-44,21377,11355,10022,3686,1419,2267,17691,9936,7755
06,069,panchkula,Urban,45-49,17969,9623,8346,3016,1157,1859,14953,8466,6487
06,069,panchkula,Urban,50-54,14941,7689,7252,2420,829,1591,12521,6860,5661
06,069,panchkula,Urban,55-59,12377,6564,5813,1765,540,1225,10612,6024,4588
06,069,panchkula,Urban,60-64,11012,5480,5532,1900,588,1312,9112,4892,4220
06,069,panchkula,Urban,65-69,7367,3981,3386,1150,355,795,6217,3626,2591
06,069,panchkula,Urban,70-74,4996,2691,2305,963,304,659,4033,2387,1646
06,069,panchkula,Urban,75-79,2695,1472,1223,538,137,401,2157,1335,822
06,069,panchkula,Urban,80+,3061,1501,1560,940,255,685,2121,1246,875
06,069,panchkula,Urban,Age not stated,724,398,326,154,73,81,570,325,245
06,070,ambala,Total,All ages,1128350,598703,529647,310325,137415,172910,818025,461288,356737
06,070,ambala,Total,0-6,127689,70541,57148,127689,70541,57148,0,0,0
06,070,ambala,Total,7,19475,10783,8692,3002,1606,1396,16473,9177,7296
06,070,ambala,Total,8,18654,10527,8127,1420,748,672,17234,9779,7455
06,070,ambala,Total,9,18564,10581,7983,943,489,454,17621,10092,7529
06,070,ambala,Total,10,20772,12003,8769,1247,631,616,19525,11372,8153
06,070,ambala,Total,11,19446,11013,8433,775,398,377,18671,10615,8056
06,070,ambala,Total,12,19989,11314,8675,811,413,398,19178,10901,8277
06,070,ambala,Total,13,19459,10944,8515,679,337,342,18780,10607,8173
06,070,ambala,Total,14,20766,11552,9214,774,408,366,19992,11144,8848
06,070,ambala,Total,15,21361,11784,9577,923,494,429,20438,11290,9148
06,070,ambala,Total,16,22282,12282,10000,884,449,435,21398,11833,9565
06,070,ambala,Total,17,21224,11696,9528,867,478,389,20357,11218,9139
06,070,ambala,Total,18,24393,13497,10896,1274,662,612,23119,12835,10284
06,070,ambala,Total,19,21498,11786,9712,1101,534,567,20397,11252,9145
06,070,ambala,Total,20-24,116232,60611,55621,7813,3254,4559,108419,57357,51062
06,070,ambala,Total,25-29,106055,55711,50344,9575,3772,5803,96480,51939,44541
06,070,ambala,Total,30-34,88568,45862,42706,11678,4154,7524,76890,41708,35182
06,070,ambala,Total,35-39,82358,42252,40106,15663,5327,10336,66695,36925,29770
06,070,ambala,Total,40-44,72855,37253,35602,18547,6180,12367,54308,31073,23235
06,070,ambala,Total,45-49,64345,33878,30467,18352,6289,12063,45993,27589,18404
06,070,ambala,Total,50-54,50087,26284,23803,15692,5420,10272,34395,20864,13531
06,070,ambala,Total,55-59,40011,20311,19700,13451,4064,9387,26560,16247,10313
06,070,ambala,Total,60-64,41344,20577,20767,17855,5894,11961,23489,14683,8806
06,070,ambala,Total,65-69,26171,13256,12915,12688,4389,8299,13483,8867,4616
06,070,ambala,Total,70-74,19641,10018,9623,11103,4362,6741,8538,5656,2882
06,070,ambala,Total,75-79,10429,5215,5214,6132,2368,3764,4297,2847,1450
06,070,ambala,Total,80+,14002,6774,7228,9203,3667,5536,4799,3107,1692
06,070,ambala,Total,Age not stated,680,398,282,184,87,97,496,311,185
06,070,ambala,Rural,All ages,627576,331703,295873,200934,87421,113513,426642,244282,182360
06,070,ambala,Rural,0-6,74425,41467,32958,74425,41467,32958,0,0,0
06,070,ambala,Rural,7,11346,6306,5040,1734,943,791,9612,5363,4249
06,070,ambala,Rural,8,10845,6130,4715,783,409,374,10062,5721,4341
06,070,ambala,Rural,9,10846,6211,4635,515,272,243,10331,5939,4392
06,070,ambala,Rural,10,12033,6974,5059,635,337,298,11398,6637,4761
06,070,ambala,Rural,11,11430,6535,4895,390,202,188,11040,6333,4707
06,070,ambala,Rural,12,11756,6630,5126,403,195,208,11353,6435,4918
06,070,ambala,Rural,13,11637,6544,5093,345,174,171,11292,6370,4922
06,070,ambala,Rural,14,12353,6832,5521,415,215,200,11938,6617,5321
06,070,ambala,Rural,15,12748,6987,5761,471,245,226,12277,6742,5535
06,070,ambala,Rural,16,13320,7312,6008,450,217,233,12870,7095,5775
06,070,ambala,Rural,17,12580,6907,5673,462,241,221,12118,6666,5452
06,070,ambala,Rural,18,14381,7916,6465,654,326,328,13727,7590,6137
06,070,ambala,Rural,19,12454,6748,5706,591,266,325,11863,6482,5381
06,070,ambala,Rural,20-24,64579,32902,31677,4298,1659,2639,60281,31243,29038
06,070,ambala,Rural,25-29,55698,28693,27005,5633,2094,3539,50065,26599,23466
06,070,ambala,Rural,30-34,46737,23761,22976,7489,2484,5005,39248,21277,17971
06,070,ambala,Rural,35-39,44530,22675,21855,10833,3475,7358,33697,19200,14497
06,070,ambala,Rural,40-44,39741,20304,19437,13385,4375,9010,26356,15929,10427
06,070,ambala,Rural,45-49,33696,17768,15928,13247,4480,8767,20449,13288,7161
06,070,ambala,Rural,50-54,25614,13517,12097,11409,3993,7416,14205,9524,4681
06,070,ambala,Rural,55-59,20258,10096,10162,9759,2946,6813,10499,7150,3349
06,070,ambala,Rural,60-64,23277,11498,11779,13406,4557,8849,9871,6941,2930
06,070,ambala,Rural,65-69,14817,7459,7358,9522,3447,6075,5295,4012,1283
06,070,ambala,Rural,70-74,11445,5988,5457,8200,3481,4719,3245,2507,738
06,070,ambala,Rural,75-79,5971,2978,2993,4520,1875,2645,1451,1103,348
06,070,ambala,Rural,80+,8722,4355,4367,6858,2991,3867,1864,1364,500
06,070,ambala,Rural,Age not stated,337,210,127,102,55,47,235,155,80
06,070,ambala,Urban,All ages,500774,267000,233774,109391,49994,59397,391383,217006,174377
06,070,ambala,Urban,0-6,53264,29074,24190,53264,29074,24190,0,0,0
06,070,ambala,Urban,7,8129,4477,3652,1268,663,605,6861,3814,3047
06,070,ambala,Urban,8,7809,4397,3412,637,339,298,7172,4058,3114
06,070,ambala,Urban,9,7718,4370,3348,428,217,211,7290,4153,3137
06,070,ambala,Urban,10,8739,5029,3710,612,294,318,8127,4735,3392
06,070,ambala,Urban,11,8016,4478,3538,385,196,189,7631,4282,3349
06,070,ambala,Urban,12,8233,4684,3549,408,218,190,7825,4466,3359
06,070,ambala,Urban,13,7822,4400,3422,334,163,171,7488,4237,3251
06,070,ambala,Urban,14,8413,4720,3693,359,193,166,8054,4527,3527
06,070,ambala,Urban,15,8613,4797,3816,452,249,203,8161,4548,3613
06,070,ambala,Urban,16,8962,4970,3992,434,232,202,8528,4738,3790
06,070,ambala,Urban,17,8644,4789,3855,405,237,168,8239,4552,3687
06,070,ambala,Urban,18,10012,5581,4431,620,336,284,9392,5245,4147
06,070,ambala,Urban,19,9044,5038,4006,510,268,242,8534,4770,3764
06,070,ambala,Urban,20-24,51653,27709,23944,3515,1595,1920,48138,26114,22024
06,070,ambala,Urban,25-29,50357,27018,23339,3942,1678,2264,46415,25340,21075
06,070,ambala,Urban,30-34,41831,22101,19730,4189,1670,2519,37642,20431,17211
06,070,ambala,Urban,35-39,37828,19577,18251,4830,1852,2978,32998,17725,15273
06,070,ambala,Urban,40-44,33114,16949,16165,5162,1805,3357,27952,15144,12808
06,070,ambala,Urban,45-49,30649,16110,14539,5105,1809,3296,25544,14301,11243
06,070,ambala,Urban,50-54,24473,12767,11706,4283,1427,2856,20190,11340,8850
06,070,ambala,Urban,55-59,19753,10215,9538,3692,1118,2574,16061,9097,6964
06,070,ambala,Urban,60-64,18067,9079,8988,4449,1337,3112,13618,7742,5876
06,070,ambala,Urban,65-69,11354,5797,5557,3166,942,2224,8188,4855,3333
06,070,ambala,Urban,70-74,8196,4030,4166,2903,881,2022,5293,3149,2144
06,070,ambala,Urban,75-79,4458,2237,2221,1612,493,1119,2846,1744,1102
06,070,ambala,Urban,80+,5280,2419,2861,2345,676,1669,2935,1743,1192
06,070,ambala,Urban,Age not stated,343,188,155,82,32,50,261,156,105
06,071,yamunanagar,Total,All ages,1214205,646718,567487,381748,171925,209823,832457,474793,357664
06,071,yamunanagar,Total,0-6,146789,80393,66396,146789,80393,66396,0,0,0
06,071,yamunanagar,Total,7,21957,12065,9892,4007,2161,1846,17950,9904,8046
06,071,yamunanagar,Total,8,22405,12296,10109,2053,1014,1039,20352,11282,9070
06,071,yamunanagar,Total,9,21090,11914,9176,1250,678,572,19840,11236,8604
06,071,yamunanagar,Total,10,24828,14071,10757,1688,862,826,23140,13209,9931
06,071,yamunanagar,Total,11,22481,12458,10023,1031,509,522,21450,11949,9501
06,071,yamunanagar,Total,12,24609,13757,10852,1218,613,605,23391,13144,10247
06,071,yamunanagar,Total,13,22886,12657,10229,985,463,522,21901,12194,9707
06,071,yamunanagar,Total,14,24572,13515,11057,1326,648,678,23246,12867,10379
06,071,yamunanagar,Total,15,25528,14225,11303,1609,823,786,23919,13402,10517
06,071,yamunanagar,Total,16,26261,14596,11665,1684,840,844,24577,13756,10821
06,071,yamunanagar,Total,17,23957,13301,10656,1576,790,786,22381,12511,9870
06,071,yamunanagar,Total,18,28682,16308,12374,2625,1405,1220,26057,14903,11154
06,071,yamunanagar,Total,19,23389,13044,10345,1758,839,919,21631,12205,9426
06,071,yamunanagar,Total,20-24,126631,66914,59717,12788,5585,7203,113843,61329,52514
06,071,yamunanagar,Total,25-29,108748,57130,51618,13890,5585,8305,94858,51545,43313
06,071,yamunanagar,Total,30-34,90975,46695,44280,16730,6083,10647,74245,40612,33633
06,071,yamunanagar,Total,35-39,85597,44075,41522,21348,7496,13852,64249,36579,27670
06,071,yamunanagar,Total,40-44,76437,39595,36842,24556,8895,15661,51881,30700,21181
06,071,yamunanagar,Total,45-49,64699,34357,30342,22485,8379,14106,42214,25978,16236
06,071,yamunanagar,Total,50-54,49723,26344,23379,19017,7077,11940,30706,19267,11439
06,071,yamunanagar,Total,55-59,39654,20156,19498,16465,5369,11096,23189,14787,8402
06,071,yamunanagar,Total,60-64,43597,21856,21741,22480,8126,14354,21117,13730,7387
06,071,yamunanagar,Total,65-69,25252,12874,12378,14071,5425,8646,11181,7449,3732
06,071,yamunanagar,Total,70-74,19159,9965,9194,11997,5055,6942,7162,4910,2252
06,071,yamunanagar,Total,75-79,10177,5238,4939,6478,2704,3774,3699,2534,1165
06,071,yamunanagar,Total,80+,13824,6761,7063,9762,4066,5696,4062,2695,1367
06,071,yamunanagar,Total,Age not stated,298,158,140,82,42,40,216,116,100
06,071,yamunanagar,Rural,All ages,741376,393957,347419,263563,117124,146439,477813,276833,200980
06,071,yamunanagar,Rural,0-6,93904,51380,42524,93904,51380,42524,0,0,0
06,071,yamunanagar,Rural,7,13899,7640,6259,2466,1337,1129,11433,6303,5130
06,071,yamunanagar,Rural,8,14355,7897,6458,1196,591,605,13159,7306,5853
06,071,yamunanagar,Rural,9,13513,7590,5923,704,393,311,12809,7197,5612
06,071,yamunanagar,Rural,10,15715,8825,6890,930,459,471,14785,8366,6419
06,071,yamunanagar,Rural,11,14385,7915,6470,603,275,328,13782,7640,6142
06,071,yamunanagar,Rural,12,15689,8701,6988,713,340,373,14976,8361,6615
06,071,yamunanagar,Rural,13,14774,8111,6663,617,263,354,14157,7848,6309
06,071,yamunanagar,Rural,14,15702,8561,7141,809,370,439,14893,8191,6702
06,071,yamunanagar,Rural,15,16461,9108,7353,1028,487,541,15433,8621,6812
06,071,yamunanagar,Rural,16,17142,9431,7711,1136,539,597,16006,8892,7114
06,071,yamunanagar,Rural,17,15018,8277,6741,1007,479,528,14011,7798,6213
06,071,yamunanagar,Rural,18,18033,10119,7914,1747,889,858,16286,9230,7056
06,071,yamunanagar,Rural,19,14280,7908,6372,1177,528,649,13103,7380,5723
06,071,yamunanagar,Rural,20-24,77049,40311,36738,8477,3533,4944,68572,36778,31794
06,071,yamunanagar,Rural,25-29,63802,33548,30254,8990,3497,5493,54812,30051,24761
06,071,yamunanagar,Rural,30-34,54139,27544,26595,11340,3984,7356,42799,23560,19239
06,071,yamunanagar,Rural,35-39,51575,26594,24981,15149,5106,10043,36426,21488,14938
06,071,yamunanagar,Rural,40-44,45997,23997,22000,18098,6461,11637,27899,17536,10363
06,071,yamunanagar,Rural,45-49,36532,19761,16771,16435,6129,10306,20097,13632,6465
06,071,yamunanagar,Rural,50-54,26775,14016,12759,14074,5287,8787,12701,8729,3972
06,071,yamunanagar,Rural,55-59,22260,10946,11314,12552,4150,8402,9708,6796,2912
06,071,yamunanagar,Rural,60-64,27535,13666,13869,17787,6517,11270,9748,7149,2599
06,071,yamunanagar,Rural,65-69,15631,8021,7610,11005,4414,6591,4626,3607,1019
06,071,yamunanagar,Rural,70-74,11834,6261,5573,9189,4113,5076,2645,2148,497
06,071,yamunanagar,Rural,75-79,6239,3222,3017,4968,2226,2742,1271,996,275
06,071,yamunanagar,Rural,80+,9006,4542,4464,7423,3357,4066,1583,1185,398
06,071,yamunanagar,Rural,Age not stated,132,65,67,39,20,19,93,45,48
06,071,yamunanagar,Urban,All ages,472829,252761,220068,118185,54801,63384,354644,197960,156684
06,071,yamunanagar,Urban,0-6,52885,29013,23872,52885,29013,23872,0,0,0
06,071,yamunanagar,Urban,7,8058,4425,3633,1541,824,717,6517,3601,2916
06,071,yamunanagar,Urban,8,8050,4399,3651,857,423,434,7193,3976,3217
06,071,yamunanagar,Urban,9,7577,4324,3253,546,285,261,7031,4039,2992
06,071,yamunanagar,Urban,10,9113,5246,3867,758,403,355,8355,4843,3512
06,071,yamunanagar,Urban,11,8096,4543,3553,428,234,194,7668,4309,3359
06,071,yamunanagar,Urban,12,8920,5056,3864,505,273,232,8415,4783,3632
06,071,yamunanagar,Urban,13,8112,4546,3566,368,200,168,7744,4346,3398
06,071,yamunanagar,Urban,14,8870,4954,3916,517,278,239,8353,4676,3677
06,071,yamunanagar,Urban,15,9067,5117,3950,581,336,245,8486,4781,3705
06,071,yamunanagar,Urban,16,9119,5165,3954,548,301,247,8571,4864,3707
06,071,yamunanagar,Urban,17,8939,5024,3915,569,311,258,8370,4713,3657
06,071,yamunanagar,Urban,18,10649,6189,4460,878,516,362,9771,5673,4098
06,071,yamunanagar,Urban,19,9109,5136,3973,581,311,270,8528,4825,3703
06,071,yamunanagar,Urban,20-24,49582,26603,22979,4311,2052,2259,45271,24551,20720
06,071,yamunanagar,Urban,25-29,44946,23582,21364,4900,2088,2812,40046,21494,18552
06,071,yamunanagar,Urban,30-34,36836,19151,17685,5390,2099,3291,31446,17052,14394
06,071,yamunanagar,Urban,35-39,34022,17481,16541,6199,2390,3809,27823,15091,12732
06,071,yamunanagar,Urban,40-44,30440,15598,14842,6458,2434,4024,23982,13164,10818
06,071,yamunanagar,Urban,45-49,28167,14596,13571,6050,2250,3800,22117,12346,9771
06,071,yamunanagar,Urban,50-54,22948,12328,10620,4943,1790,3153,18005,10538,7467
06,071,yamunanagar,Urban,55-59,17394,9210,8184,3913,1219,2694,13481,7991,5490
06,071,yamunanagar,Urban,60-64,16062,8190,7872,4693,1609,3084,11369,6581,4788
06,071,yamunanagar,Urban,65-69,9621,4853,4768,3066,1011,2055,6555,3842,2713
06,071,yamunanagar,Urban,70-74,7325,3704,3621,2808,942,1866,4517,2762,1755
06,071,yamunanagar,Urban,75-79,3938,2016,1922,1510,478,1032,2428,1538,890
06,071,yamunanagar,Urban,80+,4818,2219,2599,2339,709,1630,2479,1510,969
06,071,yamunanagar,Urban,Age not stated,166,93,73,43,22,21,123,71,52
06,072,kurukshetra,Total,All ages,964655,510976,453679,317762,140148,177614,646893,370828,276065
06,072,kurukshetra,Total,0-6,116957,64320,52637,116957,64320,52637,0,0,0
06,072,kurukshetra,Total,7,17276,9516,7760,2948,1581,1367,14328,7935,6393
06,072,kurukshetra,Total,8,16840,9299,7541,1363,744,619,15477,8555,6922
06,072,kurukshetra,Total,9,16652,9555,7097,1093,600,493,15559,8955,6604
06,072,kurukshetra,Total,10,19675,11435,8240,1524,836,688,18151,10599,7552
06,072,kurukshetra,Total,11,17616,10183,7433,838,443,395,16778,9740,7038
06,072,kurukshetra,Total,12,18635,10650,7985,830,440,390,17805,10210,7595
06,072,kurukshetra,Total,13,18042,10102,7940,655,350,305,17387,9752,7635
06,072,kurukshetra,Total,14,18465,10411,8054,724,364,360,17741,10047,7694
06,072,kurukshetra,Total,15,19905,11279,8626,1042,552,490,18863,10727,8136
06,072,kurukshetra,Total,16,20405,11533,8872,1008,570,438,19397,10963,8434
06,072,kurukshetra,Total,17,19191,10870,8321,915,516,399,18276,10354,7922
06,072,kurukshetra,Total,18,22801,12778,10023,1554,835,719,21247,11943,9304
06,072,kurukshetra,Total,19,19593,10866,8727,1165,564,601,18428,10302,8126
06,072,kurukshetra,Total,20-24,103442,53295,50147,9171,3742,5429,94271,49553,44718
06,072,kurukshetra,Total,25-29,86539,44579,41960,11836,4566,7270,74703,40013,34690
06,072,kurukshetra,Total,30-34,71429,36446,34983,14364,5049,9315,57065,31397,25668
06,072,kurukshetra,Total,35-39,67589,34489,33100,18450,6269,12181,49139,28220,20919
06,072,kurukshetra,Total,40-44,60903,31155,29748,21317,7361,13956,39586,23794,15792
06,072,kurukshetra,Total,45-49,50909,26775,24134,19991,7143,12848,30918,19632,11286
06,072,kurukshetra,Total,50-54,38587,20168,18419,16659,6033,10626,21928,14135,7793
06,072,kurukshetra,Total,55-59,30979,15294,15685,14423,4493,9930,16556,10801,5755
06,072,kurukshetra,Total,60-64,35085,17445,17640,20044,7195,12849,15041,10250,4791
06,072,kurukshetra,Total,65-69,20417,10247,10170,12698,4805,7893,7719,5442,2277
06,072,kurukshetra,Total,70-74,15188,7799,7389,10597,4431,6166,4591,3368,1223
06,072,kurukshetra,Total,75-79,7943,3879,4064,5766,2288,3478,2177,1591,586
06,072,kurukshetra,Total,80+,12017,5780,6237,9267,3808,5459,2750,1972,778
06,072,kurukshetra,Total,Age not stated,1575,828,747,563,250,313,1012,578,434
06,072,kurukshetra,Rural,All ages,685430,361020,324410,247759,107733,140026,437671,253287,184384
06,072,kurukshetra,Rural,0-6,86773,47734,39039,86773,47734,39039,0,0,0
06,072,kurukshetra,Rural,7,12760,7031,5729,2133,1153,980,10627,5878,4749
06,072,kurukshetra,Rural,8,12421,6803,5618,900,497,403,11521,6306,5215
06,072,kurukshetra,Rural,9,12437,7116,5321,731,400,331,11706,6716,4990
06,072,kurukshetra,Rural,10,14232,8190,6042,995,535,460,13237,7655,5582
06,072,kurukshetra,Rural,11,12886,7397,5489,543,293,250,12343,7104,5239
06,072,kurukshetra,Rural,12,13622,7719,5903,504,277,227,13118,7442,5676
06,072,kurukshetra,Rural,13,13234,7315,5919,392,202,190,12842,7113,5729
06,072,kurukshetra,Rural,14,13424,7433,5991,443,215,228,12981,7218,5763
06,072,kurukshetra,Rural,15,14431,8054,6377,640,326,314,13791,7728,6063
06,072,kurukshetra,Rural,16,14903,8274,6629,636,350,286,14267,7924,6343
06,072,kurukshetra,Rural,17,13784,7692,6092,574,310,264,13210,7382,5828
06,072,kurukshetra,Rural,18,15900,8816,7084,1015,529,486,14885,8287,6598
06,072,kurukshetra,Rural,19,13479,7294,6185,801,374,427,12678,6920,5758
06,072,kurukshetra,Rural,20-24,71138,36308,34830,6594,2552,4042,64544,33756,30788
06,072,kurukshetra,Rural,25-29,60707,31094,29613,8890,3249,5641,51817,27845,23972
06,072,kurukshetra,Rural,30-34,50616,25810,24806,11337,3825,7512,39279,21985,17294
06,072,kurukshetra,Rural,35-39,47834,24516,23318,14902,4907,9995,32932,19609,13323
06,072,kurukshetra,Rural,40-44,42827,21917,20910,17523,5879,11644,25304,16038,9266
06,072,kurukshetra,Rural,45-49,34539,18235,16304,16351,5851,10500,18188,12384,5804
06,072,kurukshetra,Rural,50-54,25268,13189,12079,13548,4928,8620,11720,8261,3459
06,072,kurukshetra,Rural,55-59,20391,9693,10698,11935,3721,8214,8456,5972,2484
06,072,kurukshetra,Rural,60-64,25254,12239,13015,16971,6131,10840,8283,6108,2175
06,072,kurukshetra,Rural,65-69,14920,7399,7521,10755,4167,6588,4165,3232,933
06,072,kurukshetra,Rural,70-74,11154,5727,5427,8787,3820,4967,2367,1907,460
06,072,kurukshetra,Rural,75-79,5998,2897,3101,4894,2011,2883,1104,886,218
06,072,kurukshetra,Rural,80+,9383,4545,4838,7763,3310,4453,1620,1235,385
06,072,kurukshetra,Rural,Age not stated,1115,583,532,429,187,242,686,396,290
06,072,kurukshetra,Urban,All ages,279225,149956,129269,70003,32415,37588,209222,117541,91681
06,072,kurukshetra,Urban,0-6,30184,16586,13598,30184,16586,13598,0,0,0
06,072,kurukshetra,Urban,7,4516,2485,2031,815,428,387,3701,2057,1644
06,072,kurukshetra,Urban,8,4419,2496,1923,463,247,216,3956,2249,1707
06,072,kurukshetra,Urban,9,4215,2439,1776,362,200,162,3853,2239,1614
06,072,kurukshetra,Urban,10,5443,3245,2198,529,301,228,4914,2944,1970
06,072,kurukshetra,Urban,11,4730,2786,1944,295,150,145,4435,2636,1799
06,072,kurukshetra,Urban,12,5013,2931,2082,326,163,163,4687,2768,1919
06,072,kurukshetra,Urban,13,4808,2787,2021,263,148,115,4545,2639,1906
06,072,kurukshetra,Urban,14,5041,2978,2063,281,149,132,4760,2829,1931
06,072,kurukshetra,Urban,15,5474,3225,2249,402,226,176,5072,2999,2073
06,072,kurukshetra,Urban,16,5502,3259,2243,372,220,152,5130,3039,2091
06,072,kurukshetra,Urban,17,5407,3178,2229,341,206,135,5066,2972,2094
06,072,kurukshetra,Urban,18,6901,3962,2939,539,306,233,6362,3656,2706
06,072,kurukshetra,Urban,19,6114,3572,2542,364,190,174,5750,3382,2368
06,072,kurukshetra,Urban,20-24,32304,16987,15317,2577,1190,1387,29727,15797,13930
06,072,kurukshetra,Urban,25-29,25832,13485,12347,2946,1317,1629,22886,12168,10718
06,072,kurukshetra,Urban,30-34,20813,10636,10177,3027,1224,1803,17786,9412,8374
06,072,kurukshetra,Urban,35-39,19755,9973,9782,3548,1362,2186,16207,8611,7596
06,072,kurukshetra,Urban,40-44,18076,9238,8838,3794,1482,2312,14282,7756,6526
06,072,kurukshetra,Urban,45-49,16370,8540,7830,3640,1292,2348,12730,7248,5482
06,072,kurukshetra,Urban,50-54,13319,6979,6340,3111,1105,2006,10208,5874,4334
06,072,kurukshetra,Urban,55-59,10588,5601,4987,2488,772,1716,8100,4829,3271
06,072,kurukshetra,Urban,60-64,9831,5206,4625,3073,1064,2009,6758,4142,2616
06,072,kurukshetra,Urban,65-69,5497,2848,2649,1943,638,1305,3554,2210,1344
06,072,kurukshetra,Urban,70-74,4034,2072,1962,1810,611,1199,2224,1461,763
06,072,kurukshetra,Urban,75-79,1945,982,963,872,277,595,1073,705,368
06,072,kurukshetra,Urban,80+,2634,1235,1399,1504,498,1006,1130,737,393
06,072,kurukshetra,Urban,Age not stated,460,245,215,134,63,71,326,182,144
06,073,kaithal,Total,All ages,1074304,571003,503301,427775,185221,242554,646529,385782,260747
06,073,kaithal,Total,0-6,139393,76258,63135,139393,76258,63135,0,0,0
06,073,kaithal,Total,7,20782,11317,9465,3450,1847,1603,17332,9470,7862
06,073,kaithal,Total,8,20237,11164,9073,1463,775,688,18774,10389,8385
06,073,kaithal,Total,9,19608,10841,8767,1138,603,535,18470,10238,8232
06,073,kaithal,Total,10,23768,13418,10350,1493,748,745,22275,12670,9605
06,073,kaithal,Total,11,20804,11712,9092,787,409,378,20017,11303,8714
06,073,kaithal,Total,12,22877,12828,10049,817,438,379,22060,12390,9670
06,073,kaithal,Total,13,21491,11828,9663,654,288,366,20837,11540,9297
06,073,kaithal,Total,14,22401,12211,10190,764,346,418,21637,11865,9772
06,073,kaithal,Total,15,23459,13144,10315,1126,544,582,22333,12600,9733
06,073,kaithal,Total,16,24000,13297,10703,1197,542,655,22803,12755,10048
06,073,kaithal,Total,17,21373,12104,9269,1055,467,588,20318,11637,8681
06,073,kaithal,Total,18,26041,14607,11434,1929,848,1081,24112,13759,10353
06,073,kaithal,Total,19,20940,11601,9339,1435,546,889,19505,11055,8450
06,073,kaithal,Total,20-24,110863,59260,51603,12779,4418,8361,98084,54842,43242
06,073,kaithal,Total,25-29,92157,49174,42983,17841,6078,11763,74316,43096,31220
06,073,kaithal,Total,30-34,77660,39942,37718,22926,7623,15303,54734,32319,22415
06,073,kaithal,Total,35-39,73047,37744,35303,29315,9713,19602,43732,28031,15701
06,073,kaithal,Total,40-44,63723,33138,30585,32009,11383,20626,31714,21755,9959
06,073,kaithal,Total,45-49,51383,26763,24620,28577,10501,18076,22806,16262,6544
06,073,kaithal,Total,50-54,39517,20579,18938,23824,9121,14703,15693,11458,4235
06,073,kaithal,Total,55-59,31623,14811,16812,20613,6755,13858,11010,8056,2954
06,073,kaithal,Total,60-64,41019,19847,21172,30344,11670,18674,10675,8177,2498
06,073,kaithal,Total,65-69,24637,12389,12248,18817,7868,10949,5820,4521,1299
06,073,kaithal,Total,70-74,17967,9146,8821,14743,6597,8146,3224,2549,675
06,073,kaithal,Total,75-79,8830,4471,4359,7375,3324,4051,1455,1147,308
06,073,kaithal,Total,80+,12727,6362,6365,10915,4992,5923,1812,1370,442
06,073,kaithal,Total,Age not stated,1977,1047,930,996,519,477,981,528,453
06,073,kaithal,Rural,All ages,838293,445931,392362,353070,152865,200205,485223,293066,192157
06,073,kaithal,Rural,0-6,110499,60425,50074,110499,60425,50074,0,0,0
06,073,kaithal,Rural,7,16333,8845,7488,2679,1455,1224,13654,7390,6264
06,073,kaithal,Rural,8,15995,8820,7175,1117,594,523,14878,8226,6652
06,073,kaithal,Rural,9,15381,8485,6896,817,429,388,14564,8056,6508
06,073,kaithal,Rural,10,18839,10550,8289,1101,539,562,17738,10011,7727
06,073,kaithal,Rural,11,16456,9186,7270,550,281,269,15906,8905,7001
06,073,kaithal,Rural,12,18169,10129,8040,590,308,282,17579,9821,7758
06,073,kaithal,Rural,13,17027,9300,7727,449,188,261,16578,9112,7466
06,073,kaithal,Rural,14,17828,9700,8128,557,242,315,17271,9458,7813
06,073,kaithal,Rural,15,18384,10227,8157,835,386,449,17549,9841,7708
06,073,kaithal,Rural,16,18875,10425,8450,915,398,517,17960,10027,7933
06,073,kaithal,Rural,17,16681,9448,7233,794,331,463,15887,9117,6770
06,073,kaithal,Rural,18,20475,11453,9022,1486,631,855,18989,10822,8167
06,073,kaithal,Rural,19,16358,9054,7304,1107,401,706,15251,8653,6598
06,073,kaithal,Rural,20-24,85876,46191,39685,10272,3488,6784,75604,42703,32901
06,073,kaithal,Rural,25-29,70963,38188,32775,14899,5050,9849,56064,33138,22926
06,073,kaithal,Rural,30-34,60163,31110,29053,19440,6457,12983,40723,24653,16070
06,073,kaithal,Rural,35-39,56339,29353,26986,24781,8218,16563,31558,21135,10423
06,073,kaithal,Rural,40-44,48928,25453,23475,27194,9703,17491,21734,15750,5984
06,073,kaithal,Rural,45-49,38579,20142,18437,24050,8928,15122,14529,11214,3315
06,073,kaithal,Rural,50-54,29530,15310,14220,20073,7785,12288,9457,7525,1932
06,073,kaithal,Rural,55-59,24079,11049,13030,17516,5874,11642,6563,5175,1388
06,073,kaithal,Rural,60-64,32913,15781,17132,26124,10222,15902,6789,5559,1230
06,073,kaithal,Rural,65-69,19850,9991,9859,16146,6925,9221,3704,3066,638
06,073,kaithal,Rural,70-74,14506,7461,7045,12544,5781,6763,1962,1680,282
06,073,kaithal,Rural,75-79,7160,3639,3521,6338,2930,3408,822,709,113
06,073,kaithal,Rural,80+,10490,5359,5131,9366,4464,4902,1124,895,229
06,073,kaithal,Rural,Age not stated,1617,857,760,831,432,399,786,425,361
06,073,kaithal,Urban,All ages,236011,125072,110939,74705,32356,42349,161306,92716,68590
06,073,kaithal,Urban,0-6,28894,15833,13061,28894,15833,13061,0,0,0
06,073,kaithal,Urban,7,4449,2472,1977,771,392,379,3678,2080,1598
06,073,kaithal,Urban,8,4242,2344,1898,346,181,165,3896,2163,1733
06,073,kaithal,Urban,9,4227,2356,1871,321,174,147,3906,2182,1724
06,073,kaithal,Urban,10,4929,2868,2061,392,209,183,4537,2659,1878
06,073,kaithal,Urban,11,4348,2526,1822,237,128,109,4111,2398,1713
06,073,kaithal,Urban,12,4708,2699,2009,227,130,97,4481,2569,1912
06,073,kaithal,Urban,13,4464,2528,1936,205,100,105,4259,2428,1831
06,073,kaithal,Urban,14,4573,2511,2062,207,104,103,4366,2407,1959
06,073,kaithal,Urban,15,5075,2917,2158,291,158,133,4784,2759,2025
06,073,kaithal,Urban,16,5125,2872,2253,282,144,138,4843,2728,2115
06,073,kaithal,Urban,17,4692,2656,2036,261,136,125,4431,2520,1911
06,073,kaithal,Urban,18,5566,3154,2412,443,217,226,5123,2937,2186
06,073,kaithal,Urban,19,4582,2547,2035,328,145,183,4254,2402,1852
06,073,kaithal,Urban,20-24,24987,13069,11918,2507,930,1577,22480,12139,10341
06,073,kaithal,Urban,25-29,21194,10986,10208,2942,1028,1914,18252,9958,8294
06,073,kaithal,Urban,30-34,17497,8832,8665,3486,1166,2320,14011,7666,6345
06,073,kaithal,Urban,35-39,16708,8391,8317,4534,1495,3039,12174,6896,5278
06,073,kaithal,Urban,40-44,14795,7685,7110,4815,1680,3135,9980,6005,3975
06,073,kaithal,Urban,45-49,12804,6621,6183,4527,1573,2954,8277,5048,3229
06,073,kaithal,Urban,50-54,9987,5269,4718,3751,1336,2415,6236,3933,2303
06,073,kaithal,Urban,55-59,7544,3762,3782,3097,881,2216,4447,2881,1566
06,073,kaithal,Urban,60-64,8106,4066,4040,4220,1448,2772,3886,2618,1268
06,073,kaithal,Urban,65-69,4787,2398,2389,2671,943,1728,2116,1455,661
06,073,kaithal,Urban,70-74,3461,1685,1776,2199,816,1383,1262,869,393
06,073,kaithal,Urban,75-79,1670,832,838,1037,394,643,633,438,195
06,073,kaithal,Urban,80+,2237,1003,1234,1549,528,1021,688,475,213
06,073,kaithal,Urban,Age not stated,360,190,170,165,87,78,195,103,92
06,074,karnal,Total,All ages,1505324,797712,707612,527311,233196,294115,978013,564516,413497
06,074,karnal,Total,0-6,196610,107797,88813,196610,107797,88813,0,0,0
06,074,karnal,Total,7,29572,16241,13331,6256,3319,2937,23316,12922,10394
06,074,karnal,Total,8,26971,14880,12091,3018,1562,1456,23953,13318,10635
06,074,karnal,Total,9,27648,15500,12148,2635,1357,1278,25013,14143,10870
06,074,karnal,Total,10,33821,18897,14924,4092,2143,1949,29729,16754,12975
06,074,karnal,Total,11,29664,16726,12938,2432,1308,1124,27232,15418,11814
06,074,karnal,Total,12,30539,17121,13418,1713,902,811,28826,16219,12607
06,074,karnal,Total,13,28832,15642,13190,1374,690,684,27458,14952,12506
06,074,karnal,Total,14,30204,16751,13453,1595,831,764,28609,15920,12689
06,074,karnal,Total,15,31647,17502,14145,2000,1060,940,29647,16442,13205
06,074,karnal,Total,16,32415,17933,14482,2079,1064,1015,30336,16869,13467
06,074,karnal,Total,17,29512,16551,12961,1844,915,929,27668,15636,12032
06,074,karnal,Total,18,35267,19738,15529,3109,1574,1535,32158,18164,13994
06,074,karnal,Total,19,28822,15701,13121,2448,1149,1299,26374,14552,11822
06,074,karnal,Total,20-24,157928,82427,75501,17845,7032,10813,140083,75395,64688
06,074,karnal,Total,25-29,135520,70967,64553,21858,8263,13595,113662,62704,50958
06,074,karnal,Total,30-34,112201,57454,54747,25765,8793,16972,86436,48661,37775
06,074,karnal,Total,35-39,104746,54345,50401,31738,10798,20940,73008,43547,29461
06,074,karnal,Total,40-44,89197,46005,43192,33765,11603,22162,55432,34402,21030
06,074,karnal,Total,45-49,74265,38971,35294,31216,11007,20209,43049,27964,15085
06,074,karnal,Total,50-54,56516,29514,27002,25866,9583,16283,30650,19931,10719
06,074,karnal,Total,55-59,45187,22036,23151,21983,6820,15163,23204,15216,7988
06,074,karnal,Total,60-64,50922,25032,25890,29560,10548,19012,21362,14484,6878
06,074,karnal,Total,65-69,31039,15739,15300,18835,7224,11611,12204,8515,3689
06,074,karnal,Total,70-74,22436,11442,10994,15143,6314,8829,7293,5128,2165
06,074,karnal,Total,75-79,11551,5660,5891,8313,3382,4931,3238,2278,960
06,074,karnal,Total,80+,17033,8386,8647,12320,5232,7088,4713,3154,1559
06,074,karnal,Total,Age not stated,5259,2754,2505,1899,926,973,3360,1828,1532
06,074,karnal,Rural,All ages,1050514,557110,493404,402631,176224,226407,647883,380886,266997
06,074,karnal,Rural,0-6,142691,78011,64680,142691,78011,64680,0,0,0
06,074,karnal,Rural,7,21221,11619,9602,4383,2324,2059,16838,9295,7543
06,074,karnal,Rural,8,19499,10697,8802,2136,1094,1042,17363,9603,7760
06,074,karnal,Rural,9,20028,11203,8825,1862,947,915,18166,10256,7910
06,074,karnal,Rural,10,24430,13619,10811,2995,1566,1429,21435,12053,9382
06,074,karnal,Rural,11,21384,12010,9374,1729,925,804,19655,11085,8570
06,074,karnal,Rural,12,22106,12324,9782,1196,626,570,20910,11698,9212
06,074,karnal,Rural,13,20763,11211,9552,902,437,465,19861,10774,9087
06,074,karnal,Rural,14,21921,12092,9829,1112,572,540,20809,11520,9289
06,074,karnal,Rural,15,22967,12633,10334,1380,710,670,21587,11923,9664
06,074,karnal,Rural,16,23659,13022,10637,1474,740,734,22185,12282,9903
06,074,karnal,Rural,17,21277,11923,9354,1312,630,682,19965,11293,8672
06,074,karnal,Rural,18,25463,14151,11312,2245,1105,1140,23218,13046,10172
06,074,karnal,Rural,19,20571,11134,9437,1766,786,980,18805,10348,8457
06,074,karnal,Rural,20-24,110872,57827,53045,13198,4981,8217,97674,52846,44828
06,074,karnal,Rural,25-29,92429,48772,43657,16419,6079,10340,76010,42693,33317
06,074,karnal,Rural,30-34,76598,39394,37204,19983,6630,13353,56615,32764,23851
06,074,karnal,Rural,35-39,71669,37404,34265,24973,8302,16671,46696,29102,17594
06,074,karnal,Rural,40-44,60881,31630,29251,27163,9243,17920,33718,22387,11331
06,074,karnal,Rural,45-49,48498,25727,22771,24807,8791,16016,23691,16936,6755
06,074,karnal,Rural,50-54,35736,18677,17059,20629,7728,12901,15107,10949,4158
06,074,karnal,Rural,55-59,28746,13619,15127,17780,5582,12198,10966,8037,2929
06,074,karnal,Rural,60-64,35612,17274,18338,24479,8850,15629,11133,8424,2709
06,074,karnal,Rural,65-69,21751,10934,10817,15572,6148,9424,6179,4786,1393
06,074,karnal,Rural,70-74,15974,8208,7766,12403,5388,7015,3571,2820,751
06,074,karnal,Rural,75-79,8189,4049,4140,6774,2907,3867,1415,1142,273
06,074,karnal,Rural,80+,12326,6204,6122,10002,4510,5492,2324,1694,630
06,074,karnal,Rural,Age not stated,3253,1742,1511,1266,612,654,1987,1130,857
06,074,karnal,Urban,All ages,454810,240602,214208,124680,56972,67708,330130,183630,146500
06,074,karnal,Urban,0-6,53919,29786,24133,53919,29786,24133,0,0,0
06,074,karnal,Urban,7,8351,4622,3729,1873,995,878,6478,3627,2851
06,074,karnal,Urban,8,7472,4183,3289,882,468,414,6590,3715,2875
06,074,karnal,Urban,9,7620,4297,3323,773,410,363,6847,3887,2960
06,074,karnal,Urban,10,9391,5278,4113,1097,577,520,8294,4701,3593
06,074,karnal,Urban,11,8280,4716,3564,703,383,320,7577,4333,3244
06,074,karnal,Urban,12,8433,4797,3636,517,276,241,7916,4521,3395
06,074,karnal,Urban,13,8069,4431,3638,472,253,219,7597,4178,3419
06,074,karnal,Urban,14,8283,4659,3624,483,259,224,7800,4400,3400
06,074,karnal,Urban,15,8680,4869,3811,620,350,270,8060,4519,3541
06,074,karnal,Urban,16,8756,4911,3845,605,324,281,8151,4587,3564
06,074,karnal,Urban,17,8235,4628,3607,532,285,247,7703,4343,3360
06,074,karnal,Urban,18,9804,5587,4217,864,469,395,8940,5118,3822
06,074,karnal,Urban,19,8251,4567,3684,682,363,319,7569,4204,3365
06,074,karnal,Urban,20-24,47056,24600,22456,4647,2051,2596,42409,22549,19860
06,074,karnal,Urban,25-29,43091,22195,20896,5439,2184,3255,37652,20011,17641
06,074,karnal,Urban,30-34,35603,18060,17543,5782,2163,3619,29821,15897,13924
06,074,karnal,Urban,35-39,33077,16941,16136,6765,2496,4269,26312,14445,11867
06,074,karnal,Urban,40-44,28316,14375,13941,6602,2360,4242,21714,12015,9699
06,074,karnal,Urban,45-49,25767,13244,12523,6409,2216,4193,19358,11028,8330
06,074,karnal,Urban,50-54,20780,10837,9943,5237,1855,3382,15543,8982,6561
06,074,karnal,Urban,55-59,16441,8417,8024,4203,1238,2965,12238,7179,5059
06,074,karnal,Urban,60-64,15310,7758,7552,5081,1698,3383,10229,6060,4169
06,074,karnal,Urban,65-69,9288,4805,4483,3263,1076,2187,6025,3729,2296
06,074,karnal,Urban,70-74,6462,3234,3228,2740,926,1814,3722,2308,1414
06,074,karnal,Urban,75-79,3362,1611,1751,1539,475,1064,1823,1136,687
06,074,karnal,Urban,80+,4707,2182,2525,2318,722,1596,2389,1460,929
06,074,karnal,Urban,Age not stated,2006,1012,994,633,314,319,1373,698,675
06,075,panipat,Total,All ages,1205437,646857,558580,418838,182721,236117,786599,464136,322463
06,075,panipat,Total,0-6,169662,92380,77282,169662,92380,77282,0,0,0
06,075,panipat,Total,7,24323,13174,11149,5863,3108,2755,18460,10066,8394
06,075,panipat,Total,8,26160,14332,11828,3693,1864,1829,22467,12468,9999
06,075,panipat,Total,9,22777,12521,10256,2152,1100,1052,20625,11421,9204
06,075,panipat,Total,10,28843,16042,12801,3036,1545,1491,25807,14497,11310
06,075,panipat,Total,11,24520,13684,10836,1729,833,896,22791,12851,9940
06,075,panipat,Total,12,27775,15601,12174,2136,1040,1096,25639,14561,11078
06,075,panipat,Total,13,24268,13359,10909,1524,718,806,22744,12641,10103
06,075,panipat,Total,14,26045,14390,11655,1892,905,987,24153,13485,10668
06,075,panipat,Total,15,27215,14863,12352,2223,1052,1171,24992,13811,11181
06,075,panipat,Total,16,26557,14663,11894,2257,1029,1228,24300,13634,10666
06,075,panipat,Total,17,23579,13393,10186,1942,967,975,21637,12426,9211
06,075,panipat,Total,18,30020,17166,12854,3269,1589,1680,26751,15577,11174
06,075,panipat,Total,19,23259,12966,10293,2270,987,1283,20989,11979,9010
06,075,panipat,Total,20-24,126101,67661,58440,16263,6177,10086,109838,61484,48354
06,075,panipat,Total,25-29,107971,57386,50585,18579,6551,12028,89392,50835,38557
06,075,panipat,Total,30-34,89134,46052,43082,20178,6397,13781,68956,39655,29301
06,075,panipat,Total,35-39,83196,43356,39840,24496,7645,16851,58700,35711,22989
06,075,panipat,Total,40-44,69586,36992,32594,24503,7919,16584,45083,29073,16010
06,075,panipat,Total,45-49,56848,30222,26626,22398,7190,15208,34450,23032,11418
06,075,panipat,Total,50-54,43473,23229,20244,18275,6130,12145,25198,17099,8099
06,075,panipat,Total,55-59,33363,16950,16413,15099,4374,10725,18264,12576,5688
06,075,panipat,Total,60-64,34671,17327,17344,19149,6434,12715,15522,10893,4629
06,075,panipat,Total,65-69,20708,10659,10049,12227,4529,7698,8481,6130,2351
06,075,panipat,Total,70-74,15253,8004,7249,9999,4131,5868,5254,3873,1381
06,075,panipat,Total,75-79,7827,4015,3812,5331,2186,3145,2496,1829,667
06,075,panipat,Total,80+,11949,6276,5673,8564,3881,4683,3385,2395,990
06,075,panipat,Total,Age not stated,354,194,160,129,60,69,225,134,91
06,075,panipat,Rural,All ages,650352,349642,300710,247408,105928,141480,402944,243714,159230
06,075,panipat,Rural,0-6,94584,51786,42798,94584,51786,42798,0,0,0
06,075,panipat,Rural,7,13364,7184,6180,2978,1554,1424,10386,5630,4756
06,075,panipat,Rural,8,14429,7954,6475,1815,905,910,12614,7049,5565
06,075,panipat,Rural,9,12715,7020,5695,1027,538,489,11688,6482,5206
06,075,panipat,Rural,10,15865,8799,7066,1533,785,748,14332,8014,6318
06,075,panipat,Rural,11,13675,7527,6148,841,396,445,12834,7131,5703
06,075,panipat,Rural,12,15468,8694,6774,1039,502,537,14429,8192,6237
06,075,panipat,Rural,13,13546,7403,6143,728,325,403,12818,7078,5740
06,075,panipat,Rural,14,14512,8004,6508,899,427,472,13613,7577,6036
06,075,panipat,Rural,15,15226,8263,6963,1094,485,609,14132,7778,6354
06,075,panipat,Rural,16,14899,8199,6700,1139,513,626,13760,7686,6074
06,075,panipat,Rural,17,12952,7283,5669,936,432,504,12016,6851,5165
06,075,panipat,Rural,18,16352,9237,7115,1656,743,913,14696,8494,6202
06,075,panipat,Rural,19,12664,6971,5693,1101,432,669,11563,6539,5024
06,075,panipat,Rural,20-24,68185,36844,31341,8568,3055,5513,59617,33789,25828
06,075,panipat,Rural,25-29,55836,30181,25655,9881,3380,6501,45955,26801,19154
06,075,panipat,Rural,30-34,46059,23939,22120,11328,3423,7905,34731,20516,14215
06,075,panipat,Rural,35-39,42773,22443,20330,14524,4316,10208,28249,18127,10122
06,075,panipat,Rural,40-44,35794,19160,16634,15452,4744,10708,20342,14416,5926
06,075,panipat,Rural,45-49,28330,15024,13306,14326,4410,9916,14004,10614,3390
06,075,panipat,Rural,50-54,22067,11646,10421,12237,4004,8233,9830,7642,2188
06,075,panipat,Rural,55-59,17394,8579,8815,10293,2983,7310,7101,5596,1505
06,075,panipat,Rural,60-64,19948,9738,10210,13627,4638,8989,6321,5100,1221
06,075,panipat,Rural,65-69,12142,6270,5872,8654,3318,5336,3488,2952,536
06,075,panipat,Rural,70-74,9091,4828,4263,7060,3070,3990,2031,1758,273
06,075,panipat,Rural,75-79,4745,2441,2304,3835,1694,2141,910,747,163
06,075,panipat,Rural,80+,7534,4107,3427,6189,3038,3151,1345,1069,276
06,075,panipat,Rural,Age not stated,203,118,85,64,32,32,139,86,53
06,075,panipat,Urban,All ages,555085,297215,257870,171430,76793,94637,383655,220422,163233
06,075,panipat,Urban,0-6,75078,40594,34484,75078,40594,34484,0,0,0
06,075,panipat,Urban,7,10959,5990,4969,2885,1554,1331,8074,4436,3638
06,075,panipat,Urban,8,11731,6378,5353,1878,959,919,9853,5419,4434
06,075,panipat,Urban,9,10062,5501,4561,1125,562,563,8937,4939,3998
06,075,panipat,Urban,10,12978,7243,5735,1503,760,743,11475,6483,4992
06,075,panipat,Urban,11,10845,6157,4688,888,437,451,9957,5720,4237
06,075,panipat,Urban,12,12307,6907,5400,1097,538,559,11210,6369,4841
06,075,panipat,Urban,13,10722,5956,4766,796,393,403,9926,5563,4363
06,075,panipat,Urban,14,11533,6386,5147,993,478,515,10540,5908,4632
06,075,panipat,Urban,15,11989,6600,5389,1129,567,562,10860,6033,4827
06,075,panipat,Urban,16,11658,6464,5194,1118,516,602,10540,5948,4592
06,075,panipat,Urban,17,10627,6110,4517,1006,535,471,9621,5575,4046
06,075,panipat,Urban,18,13668,7929,5739,1613,846,767,12055,7083,4972
06,075,panipat,Urban,19,10595,5995,4600,1169,555,614,9426,5440,3986
06,075,panipat,Urban,20-24,57916,30817,27099,7695,3122,4573,50221,27695,22526
06,075,panipat,Urban,25-29,52135,27205,24930,8698,3171,5527,43437,24034,19403
06,075,panipat,Urban,30-34,43075,22113,20962,8850,2974,5876,34225,19139,15086
06,075,panipat,Urban,35-39,40423,20913,19510,9972,3329,6643,30451,17584,12867
06,075,panipat,Urban,40-44,33792,17832,15960,9051,3175,5876,24741,14657,10084
06,075,panipat,Urban,45-49,28518,15198,13320,8072,2780,5292,20446,12418,8028
06,075,panipat,Urban,50-54,21406,11583,9823,6038,2126,3912,15368,9457,5911
06,075,panipat,Urban,55-59,15969,8371,7598,4806,1391,3415,11163,6980,4183
06,075,panipat,Urban,60-64,14723,7589,7134,5522,1796,3726,9201,5793,3408
06,075,panipat,Urban,65-69,8566,4389,4177,3573,1211,2362,4993,3178,1815
06,075,panipat,Urban,70-74,6162,3176,2986,2939,1061,1878,3223,2115,1108
06,075,panipat,Urban,75-79,3082,1574,1508,1496,492,1004,1586,1082,504
06,075,panipat,Urban,80+,4415,2169,2246,2375,843,1532,2040,1326,714
06,075,panipat,Urban,Age not stated,151,76,75,65,28,37,86,48,38
06,076,sonipat,Total,All ages,1450001,781299,668702,451685,191418,260267,998316,589881,408435
06,076,sonipat,Total,0-6,188262,104693,83569,188262,104693,83569,0,0,0
06,076,sonipat,Total,7,27699,15366,12333,5382,2938,2444,22317,12428,9889
06,076,sonipat,Total,8,28916,16048,12868,2621,1435,1186,26295,14613,11682
06,076,sonipat,Total,9,26424,14960,11464,1585,840,745,24839,14120,10719
06,076,sonipat,Total,10,32044,18142,13902,1965,1012,953,30079,17130,12949
06,076,sonipat,Total,11,28488,16079,12409,1079,519,560,27409,15560,11849
06,076,sonipat,Total,12,31004,17432,13572,1275,626,649,29729,16806,12923
06,076,sonipat,Total,13,28413,15676,12737,1047,502,545,27366,15174,12192
06,076,sonipat,Total,14,29785,16325,13460,1318,643,675,28467,15682,12785
06,076,sonipat,Total,15,32198,17793,14405,1606,762,844,30592,17031,13561
06,076,sonipat,Total,16,31151,17260,13891,1634,807,827,29517,16453,13064
06,076,sonipat,Total,17,28640,16077,12563,1439,726,713,27201,15351,11850
06,076,sonipat,Total,18,35346,20114,15232,2387,1201,1186,32959,18913,14046
06,076,sonipat,Total,19,27990,15257,12733,1795,809,986,26195,14448,11747
06,076,sonipat,Total,20-24,150360,81351,69009,13428,5120,8308,136932,76231,60701
06,076,sonipat,Total,25-29,128481,68783,59698,15926,5544,10382,112555,63239,49316
06,076,sonipat,Total,30-34,105709,55637,50072,17278,5457,11821,88431,50180,38251
06,076,sonipat,Total,35-39,98086,50991,47095,22269,6406,15863,75817,44585,31232
06,076,sonipat,Total,40-44,85217,45422,39795,25178,7232,17946,60039,38190,21849
06,076,sonipat,Total,45-49,71204,37903,33301,24852,6873,17979,46352,31030,15322
06,076,sonipat,Total,50-54,58140,30737,27403,22340,6168,16172,35800,24569,11231
06,076,sonipat,Total,55-59,45826,23570,22256,19008,4602,14406,26818,18968,7850
06,076,sonipat,Total,60-64,48341,23776,24565,25228,6939,18289,23113,16837,6276
06,076,sonipat,Total,65-69,28685,14465,14220,16318,5098,11220,12367,9367,3000
06,076,sonipat,Total,70-74,22691,11526,11165,14669,5234,9435,8022,6292,1730
06,076,sonipat,Total,75-79,11930,6101,5829,8341,3279,5062,3589,2822,767
06,076,sonipat,Total,80+,17705,9165,8540,13068,5792,7276,4637,3373,1264
06,076,sonipat,Total,Age not stated,1266,650,616,387,161,226,879,489,390
06,076,sonipat,Rural,All ages,996637,538750,457887,331496,138638,192858,665141,400112,265029
06,076,sonipat,Rural,0-6,132007,73328,58679,132007,73328,58679,0,0,0
06,076,sonipat,Rural,7,19180,10632,8548,3701,2047,1654,15479,8585,6894
06,076,sonipat,Rural,8,20255,11196,9059,1765,963,802,18490,10233,8257
06,076,sonipat,Rural,9,18389,10356,8033,1027,552,475,17362,9804,7558
06,076,sonipat,Rural,10,22323,12546,9777,1307,674,633,21016,11872,9144
06,076,sonipat,Rural,11,20103,11307,8796,717,350,367,19386,10957,8429
06,076,sonipat,Rural,12,22082,12301,9781,850,418,432,21232,11883,9349
06,076,sonipat,Rural,13,19986,10986,9000,684,320,364,19302,10666,8636
06,076,sonipat,Rural,14,20979,11403,9576,894,441,453,20085,10962,9123
06,076,sonipat,Rural,15,22856,12537,10319,1107,524,583,21749,12013,9736
06,076,sonipat,Rural,16,22102,12153,9949,1128,548,580,20974,11605,9369
06,076,sonipat,Rural,17,20053,11175,8878,976,468,508,19077,10707,8370
06,076,sonipat,Rural,18,25079,14300,10779,1650,818,832,23429,13482,9947
06,076,sonipat,Rural,19,19404,10470,8934,1225,547,678,18179,9923,8256
06,076,sonipat,Rural,20-24,103171,56658,46513,9498,3549,5949,93673,53109,40564
06,076,sonipat,Rural,25-29,86222,46990,39232,11256,3888,7368,74966,43102,31864
06,076,sonipat,Rural,30-34,70955,37863,33092,12368,3813,8555,58587,34050,24537
06,076,sonipat,Rural,35-39,65116,34253,30863,16346,4531,11815,48770,29722,19048
06,076,sonipat,Rural,40-44,56842,30637,26205,19158,5303,13855,37684,25334,12350
06,076,sonipat,Rural,45-49,46899,25114,21785,19010,5171,13839,27889,19943,7946
06,076,sonipat,Rural,50-54,38504,20262,18242,17374,4751,12623,21130,15511,5619
06,076,sonipat,Rural,55-59,30516,15422,15094,14918,3638,11280,15598,11784,3814
06,076,sonipat,Rural,60-64,33962,16524,17438,20011,5580,14431,13951,10944,3007
06,076,sonipat,Rural,65-69,20253,10085,10168,12974,4149,8825,7279,5936,1343
06,076,sonipat,Rural,70-74,16629,8383,8246,11897,4405,7492,4732,3978,754
06,076,sonipat,Rural,75-79,8752,4493,4259,6754,2800,3954,1998,1693,305
06,076,sonipat,Rural,80+,13281,7019,6262,10659,4965,5694,2622,2054,568
06,076,sonipat,Rural,Age not stated,737,357,380,235,97,138,502,260,242
06,076,sonipat,Urban,All ages,453364,242549,210815,120189,52780,67409,333175,189769,143406
06,076,sonipat,Urban,0-6,56255,31365,24890,56255,31365,24890,0,0,0
06,076,sonipat,Urban,7,8519,4734,3785,1681,891,790,6838,3843,2995
06,076,sonipat,Urban,8,8661,4852,3809,856,472,384,7805,4380,3425
06,076,sonipat,Urban,9,8035,4604,3431,558,288,270,7477,4316,3161
06,076,sonipat,Urban,10,9721,5596,4125,658,338,320,9063,5258,3805
06,076,sonipat,Urban,11,8385,4772,3613,362,169,193,8023,4603,3420
06,076,sonipat,Urban,12,8922,5131,3791,425,208,217,8497,4923,3574
06,076,sonipat,Urban,13,8427,4690,3737,363,182,181,8064,4508,3556
06,076,sonipat,Urban,14,8806,4922,3884,424,202,222,8382,4720,3662
06,076,sonipat,Urban,15,9342,5256,4086,499,238,261,8843,5018,3825
06,076,sonipat,Urban,16,9049,5107,3942,506,259,247,8543,4848,3695
06,076,sonipat,Urban,17,8587,4902,3685,463,258,205,8124,4644,3480
06,076,sonipat,Urban,18,10267,5814,4453,737,383,354,9530,5431,4099
06,076,sonipat,Urban,19,8586,4787,3799,570,262,308,8016,4525,3491
06,076,sonipat,Urban,20-24,47189,24693,22496,3930,1571,2359,43259,23122,20137
06,076,sonipat,Urban,25-29,42259,21793,20466,4670,1656,3014,37589,20137,17452
06,076,sonipat,Urban,30-34,34754,17774,16980,4910,1644,3266,29844,16130,13714
06,076,sonipat,Urban,35-39,32970,16738,16232,5923,1875,4048,27047,14863,12184
06,076,sonipat,Urban,40-44,28375,14785,13590,6020,1929,4091,22355,12856,9499
06,076,sonipat,Urban,45-49,24305,12789,11516,5842,1702,4140,18463,11087,7376
06,076,sonipat,Urban,50-54,19636,10475,9161,4966,1417,3549,14670,9058,5612
06,076,sonipat,Urban,55-59,15310,8148,7162,4090,964,3126,11220,7184,4036
06,076,sonipat,Urban,60-64,14379,7252,7127,5217,1359,3858,9162,5893,3269
06,076,sonipat,Urban,65-69,8432,4380,4052,3344,949,2395,5088,3431,1657
06,076,sonipat,Urban,70-74,6062,3143,2919,2772,829,1943,3290,2314,976
06,076,sonipat,Urban,75-79,3178,1608,1570,1587,479,1108,1591,1129,462
06,076,sonipat,Urban,80+,4424,2146,2278,2409,827,1582,2015,1319,696
06,076,sonipat,Urban,Age not stated,529,293,236,152,64,88,377,229,148
06,077,jind,Total,All ages,1334152,713006,621146,501394,210957,290437,832758,502049,330709
06,077,jind,Total,0-6,168554,91710,76844,168554,91710,76844,0,0,0
06,077,jind,Total,7,25716,13928,11788,4127,2231,1896,21589,11697,9892
06,077,jind,Total,8,27355,14852,12503,2101,1096,1005,25254,13756,11498
06,077,jind,Total,9,24352,13534,10818,1151,580,571,23201,12954,10247
06,077,jind,Total,10,30088,16693,13395,1526,810,716,28562,15883,12679
06,077,jind,Total,11,27249,14937,12312,965,467,498,26284,14470,11814
06,077,jind,Total,12,30179,16734,13445,1104,551,553,29075,16183,12892
06,077,jind,Total,13,27622,15040,12582,975,473,502,26647,14567,12080
06,077,jind,Total,14,28581,15386,13195,1233,570,663,27348,14816,12532
06,077,jind,Total,15,31603,17319,14284,1584,747,837,30019,16572,13447
06,077,jind,Total,16,30541,16983,13558,1666,814,852,28875,16169,12706
06,077,jind,Total,17,27012,15096,11916,1489,709,780,25523,14387,11136
06,077,jind,Total,18,33921,19211,14710,2554,1187,1367,31367,18024,13343
06,077,jind,Total,19,25728,14056,11672,1825,723,1102,23903,13333,10570
06,077,jind,Total,20-24,134678,74269,60409,14550,5367,9183,120128,68902,51226
06,077,jind,Total,25-29,110906,60339,50567,18800,6577,12223,92106,53762,38344
06,077,jind,Total,30-34,95474,49261,46213,24893,7703,17190,70581,41558,29023
06,077,jind,Total,35-39,92293,47687,44606,33973,10148,23825,58320,37539,20781
06,077,jind,Total,40-44,81688,42606,39082,37887,11991,25896,43801,30615,13186
06,077,jind,Total,45-49,66249,34959,31290,33983,11012,22971,32266,23947,8319
06,077,jind,Total,50-54,50971,27032,23939,28382,9735,18647,22589,17297,5292
06,077,jind,Total,55-59,39488,19264,20224,24069,7302,16767,15419,11962,3457
06,077,jind,Total,60-64,47651,23144,24507,33892,12230,21662,13759,10914,2845
06,077,jind,Total,65-69,28771,14341,14430,21667,8596,13071,7104,5745,1359
06,077,jind,Total,70-74,21256,10825,10431,17012,7411,9601,4244,3414,830
06,077,jind,Total,75-79,11057,5734,5323,9181,4254,4927,1876,1480,396
06,077,jind,Total,80+,14284,7583,6701,11886,5814,6072,2398,1769,629
06,077,jind,Total,Age not stated,885,483,402,365,149,216,520,334,186
06,077,jind,Rural,All ages,1028569,550519,478050,410854,172552,238302,617715,377967,239748
06,077,jind,Rural,0-6,131390,71437,59953,131390,71437,59953,0,0,0
06,077,jind,Rural,7,20265,10951,9314,3231,1736,1495,17034,9215,7819
06,077,jind,Rural,8,21314,11543,9771,1545,800,745,19769,10743,9026
06,077,jind,Rural,9,19112,10550,8562,839,422,417,18273,10128,8145
06,077,jind,Rural,10,23441,12926,10515,1060,564,496,22381,12362,10019
06,077,jind,Rural,11,21419,11647,9772,685,318,367,20734,11329,9405
06,077,jind,Rural,12,23821,13138,10683,795,399,396,23026,12739,10287
06,077,jind,Rural,13,21623,11687,9936,700,325,375,20923,11362,9561
06,077,jind,Rural,14,22413,11994,10419,901,412,489,21512,11582,9930
06,077,jind,Rural,15,24732,13509,11223,1175,542,633,23557,12967,10590
06,077,jind,Rural,16,23972,13246,10726,1216,559,657,22756,12687,10069
06,077,jind,Rural,17,20936,11713,9223,1144,528,616,19792,11185,8607
06,077,jind,Rural,18,26526,14942,11584,1990,903,1087,24536,14039,10497
06,077,jind,Rural,19,19769,10740,9029,1409,546,863,18360,10194,8166
06,077,jind,Rural,20-24,102276,57103,45173,11616,4184,7432,90660,52919,37741
06,077,jind,Rural,25-29,83710,46092,37618,15558,5326,10232,68152,40766,27386
06,077,jind,Rural,30-34,73163,38025,35138,21127,6442,14685,52036,31583,20453
06,077,jind,Rural,35-39,70925,37092,33833,28852,8640,20212,42073,28452,13621
06,077,jind,Rural,40-44,62069,32580,29489,32190,10296,21894,29879,22284,7595
06,077,jind,Rural,45-49,49227,26026,23201,28495,9373,19122,20732,16653,4079
06,077,jind,Rural,50-54,37486,19821,17665,23689,8343,15346,13797,11478,2319
06,077,jind,Rural,55-59,29305,13916,15389,20223,6299,13924,9082,7617,1465
06,077,jind,Rural,60-64,37843,18175,19668,29174,10829,18345,8669,7346,1323
06,077,jind,Rural,65-69,23306,11534,11772,18776,7641,11135,4530,3893,637
06,077,jind,Rural,70-74,17298,8846,8452,14720,6640,8080,2578,2206,372
06,077,jind,Rural,75-79,9016,4700,4316,7948,3809,4139,1068,891,177
06,077,jind,Rural,80+,11538,6217,5321,10116,5125,4991,1422,1092,330
06,077,jind,Rural,Age not stated,674,369,305,290,114,176,384,255,129
06,077,jind,Urban,All ages,305583,162487,143096,90540,38405,52135,215043,124082,90961
06,077,jind,Urban,0-6,37164,20273,16891,37164,20273,16891,0,0,0
06,077,jind,Urban,7,5451,2977,2474,896,495,401,4555,2482,2073
06,077,jind,Urban,8,6041,3309,2732,556,296,260,5485,3013,2472
06,077,jind,Urban,9,5240,2984,2256,312,158,154,4928,2826,2102
06,077,jind,Urban,10,6647,3767,2880,466,246,220,6181,3521,2660
06,077,jind,Urban,11,5830,3290,2540,280,149,131,5550,3141,2409
06,077,jind,Urban,12,6358,3596,2762,309,152,157,6049,3444,2605
06,077,jind,Urban,13,5999,3353,2646,275,148,127,5724,3205,2519
06,077,jind,Urban,14,6168,3392,2776,332,158,174,5836,3234,2602
06,077,jind,Urban,15,6871,3810,3061,409,205,204,6462,3605,2857
06,077,jind,Urban,16,6569,3737,2832,450,255,195,6119,3482,2637
06,077,jind,Urban,17,6076,3383,2693,345,181,164,5731,3202,2529
06,077,jind,Urban,18,7395,4269,3126,564,284,280,6831,3985,2846
06,077,jind,Urban,19,5959,3316,2643,416,177,239,5543,3139,2404
06,077,jind,Urban,20-24,32402,17166,15236,2934,1183,1751,29468,15983,13485
06,077,jind,Urban,25-29,27196,14247,12949,3242,1251,1991,23954,12996,10958
06,077,jind,Urban,30-34,22311,11236,11075,3766,1261,2505,18545,9975,8570
06,077,jind,Urban,35-39,21368,10595,10773,5121,1508,3613,16247,9087,7160
06,077,jind,Urban,40-44,19619,10026,9593,5697,1695,4002,13922,8331,5591
06,077,jind,Urban,45-49,17022,8933,8089,5488,1639,3849,11534,7294,4240
06,077,jind,Urban,50-54,13485,7211,6274,4693,1392,3301,8792,5819,2973
06,077,jind,Urban,55-59,10183,5348,4835,3846,1003,2843,6337,4345,1992
06,077,jind,Urban,60-64,9808,4969,4839,4718,1401,3317,5090,3568,1522
06,077,jind,Urban,65-69,5465,2807,2658,2891,955,1936,2574,1852,722
06,077,jind,Urban,70-74,3958,1979,1979,2292,771,1521,1666,1208,458
06,077,jind,Urban,75-79,2041,1034,1007,1233,445,788,808,589,219
06,077,jind,Urban,80+,2746,1366,1380,1770,689,1081,976,677,299
06,077,jind,Urban,Age not stated,211,114,97,75,35,40,136,79,57
06,078,fatehabad,Total,All ages,942011,495360,446651,384433,167889,216544,557578,327471,230107
06,078,fatehabad,Total,0-6,121024,65279,55745,121024,65279,55745,0,0,0
06,078,fatehabad,Total,7,18108,9789,8319,4272,2285,1987,13836,7504,6332
06,078,fatehabad,Total,8,18751,10141,8610,1989,1022,967,16762,9119,7643
06,078,fatehabad,Total,9,17417,9651,7766,1164,621,543,16253,9030,7223
06,078,fatehabad,Total,10,20754,11453,9301,1532,791,741,19222,10662,8560
06,078,fatehabad,Total,11,19025,10462,8563,956,472,484,18069,9990,8079
06,078,fatehabad,Total,12,20869,11497,9372,1207,624,583,19662,10873,8789
06,078,fatehabad,Total,13,20136,10724,9412,1149,551,598,18987,10173,8814
06,078,fatehabad,Total,14,20720,11163,9557,1278,591,687,19442,10572,8870
06,078,fatehabad,Total,15,21799,12000,9799,1779,890,889,20020,11110,8910
06,078,fatehabad,Total,16,21623,11806,9817,1915,901,1014,19708,10905,8803
06,078,fatehabad,Total,17,19429,10686,8743,1702,797,905,17727,9889,7838
06,078,fatehabad,Total,18,23699,13124,10575,2933,1340,1593,20766,11784,8982
06,078,fatehabad,Total,19,17949,9695,8254,2076,865,1211,15873,8830,7043
06,078,fatehabad,Total,20-24,94904,50448,44456,15947,6252,9695,78957,44196,34761
06,078,fatehabad,Total,25-29,79538,41808,37730,19528,7181,12347,60010,34627,25383
06,078,fatehabad,Total,30-34,68842,35288,33554,23047,8259,14788,45795,27029,18766
06,078,fatehabad,Total,35-39,64915,33089,31826,27570,9813,17757,37345,23276,14069
06,078,fatehabad,Total,40-44,56715,29718,26997,28159,10798,17361,28556,18920,9636
06,078,fatehabad,Total,45-49,46537,24310,22227,24929,9584,15345,21608,14726,6882
06,078,fatehabad,Total,50-54,34601,18289,16312,19791,8081,11710,14810,10208,4602
06,078,fatehabad,Total,55-59,26535,12395,14140,16385,5505,10880,10150,6890,3260
06,078,fatehabad,Total,60-64,34889,16891,17998,24307,9399,14908,10582,7492,3090
06,078,fatehabad,Total,65-69,20053,9923,10130,14410,5818,8592,5643,4105,1538
06,078,fatehabad,Total,70-74,14081,6889,7192,10750,4463,6287,3331,2426,905
06,078,fatehabad,Total,75-79,7142,3404,3738,5598,2239,3359,1544,1165,379
06,078,fatehabad,Total,80+,10168,4482,5686,8338,3171,5167,1830,1311,519
06,078,fatehabad,Total,Age not stated,1788,956,832,698,297,401,1090,659,431
06,078,fatehabad,Rural,All ages,762423,400814,361609,327892,142000,185892,434531,258814,175717
06,078,fatehabad,Rural,0-6,99259,53426,45833,99259,53426,45833,0,0,0
06,078,fatehabad,Rural,7,14725,7994,6731,3492,1873,1619,11233,6121,5112
06,078,fatehabad,Rural,8,15503,8371,7132,1578,823,755,13925,7548,6377
06,078,fatehabad,Rural,9,14388,7951,6437,910,489,421,13478,7462,6016
06,078,fatehabad,Rural,10,17040,9389,7651,1168,588,580,15872,8801,7071
06,078,fatehabad,Rural,11,15784,8632,7152,764,371,393,15020,8261,6759
06,078,fatehabad,Rural,12,17215,9473,7742,935,480,455,16280,8993,7287
06,078,fatehabad,Rural,13,16692,8833,7859,903,418,485,15789,8415,7374
06,078,fatehabad,Rural,14,17005,9106,7899,1019,447,572,15986,8659,7327
06,078,fatehabad,Rural,15,17925,9789,8136,1459,705,754,16466,9084,7382
06,078,fatehabad,Rural,16,17834,9706,8128,1562,713,849,16272,8993,7279
06,078,fatehabad,Rural,17,15794,8687,7107,1410,641,769,14384,8046,6338
06,078,fatehabad,Rural,18,19338,10772,8566,2440,1107,1333,16898,9665,7233
06,078,fatehabad,Rural,19,14433,7767,6666,1737,713,1024,12696,7054,5642
06,078,fatehabad,Rural,20-24,76396,40772,35624,13426,5124,8302,62970,35648,27322
06,078,fatehabad,Rural,25-29,63090,33373,29717,16705,5997,10708,46385,27376,19009
06,078,fatehabad,Rural,30-34,55419,28476,26943,20189,7151,13038,35230,21325,13905
06,078,fatehabad,Rural,35-39,52368,26838,25530,24249,8553,15696,28119,18285,9834
06,078,fatehabad,Rural,40-44,45319,23765,21554,24814,9457,15357,20505,14308,6197
06,078,fatehabad,Rural,45-49,36445,19010,17435,21856,8362,13494,14589,10648,3941
06,078,fatehabad,Rural,50-54,26976,14191,12785,17374,7074,10300,9602,7117,2485
06,078,fatehabad,Rural,55-59,20812,9531,11281,14401,4848,9553,6411,4683,1728
06,078,fatehabad,Rural,60-64,28856,13870,14986,21601,8430,13171,7255,5440,1815
06,078,fatehabad,Rural,65-69,16524,8170,8354,12677,5213,7464,3847,2957,890
06,078,fatehabad,Rural,70-74,11516,5632,5884,9313,3951,5362,2203,1681,522
06,078,fatehabad,Rural,75-79,5841,2789,3052,4825,1979,2846,1016,810,206
06,078,fatehabad,Rural,80+,8586,3796,4790,7281,2840,4441,1305,956,349
06,078,fatehabad,Rural,Age not stated,1340,705,635,545,227,318,795,478,317
06,078,fatehabad,Urban,All ages,179588,94546,85042,56541,25889,30652,123047,68657,54390
06,078,fatehabad,Urban,0-6,21765,11853,9912,21765,11853,9912,0,0,0
06,078,fatehabad,Urban,7,3383,1795,1588,780,412,368,2603,1383,1220
06,078,fatehabad,Urban,8,3248,1770,1478,411,199,212,2837,1571,1266
06,078,fatehabad,Urban,9,3029,1700,1329,254,132,122,2775,1568,1207
06,078,fatehabad,Urban,10,3714,2064,1650,364,203,161,3350,1861,1489
06,078,fatehabad,Urban,11,3241,1830,1411,192,101,91,3049,1729,1320
06,078,fatehabad,Urban,12,3654,2024,1630,272,144,128,3382,1880,1502
06,078,fatehabad,Urban,13,3444,1891,1553,246,133,113,3198,1758,1440
06,078,fatehabad,Urban,14,3715,2057,1658,259,144,115,3456,1913,1543
06,078,fatehabad,Urban,15,3874,2211,1663,320,185,135,3554,2026,1528
06,078,fatehabad,Urban,16,3789,2100,1689,353,188,165,3436,1912,1524
06,078,fatehabad,Urban,17,3635,1999,1636,292,156,136,3343,1843,1500
06,078,fatehabad,Urban,18,4361,2352,2009,493,233,260,3868,2119,1749
06,078,fatehabad,Urban,19,3516,1928,1588,339,152,187,3177,1776,1401
06,078,fatehabad,Urban,20-24,18508,9676,8832,2521,1128,1393,15987,8548,7439
06,078,fatehabad,Urban,25-29,16448,8435,8013,2823,1184,1639,13625,7251,6374
06,078,fatehabad,Urban,30-34,13423,6812,6611,2858,1108,1750,10565,5704,4861
06,078,fatehabad,Urban,35-39,12547,6251,6296,3321,1260,2061,9226,4991,4235
06,078,fatehabad,Urban,40-44,11396,5953,5443,3345,1341,2004,8051,4612,3439
06,078,fatehabad,Urban,45-49,10092,5300,4792,3073,1222,1851,7019,4078,2941
06,078,fatehabad,Urban,50-54,7625,4098,3527,2417,1007,1410,5208,3091,2117
06,078,fatehabad,Urban,55-59,5723,2864,2859,1984,657,1327,3739,2207,1532
06,078,fatehabad,Urban,60-64,6033,3021,3012,2706,969,1737,3327,2052,1275
06,078,fatehabad,Urban,65-69,3529,1753,1776,1733,605,1128,1796,1148,648
06,078,fatehabad,Urban,70-74,2565,1257,1308,1437,512,925,1128,745,383
06,078,fatehabad,Urban,75-79,1301,615,686,773,260,513,528,355,173
06,078,fatehabad,Urban,80+,1582,686,896,1057,331,726,525,355,170
06,078,fatehabad,Urban,Age not stated,448,251,197,153,70,83,295,181,114
06,079,sirsa,Total,All ages,1295189,682582,612607,512292,225614,286678,782897,456968,325929
06,079,sirsa,Total,0-6,157667,84684,72983,157667,84684,72983,0,0,0
06,079,sirsa,Total,7,23733,12823,10910,4851,2569,2282,18882,10254,8628
06,079,sirsa,Total,8,24855,13644,11211,2816,1471,1345,22039,12173,9866
06,079,sirsa,Total,9,22463,12348,10115,1742,885,857,20721,11463,9258
06,079,sirsa,Total,10,28118,15607,12511,2395,1287,1108,25723,14320,11403
06,079,sirsa,Total,11,25561,14237,11324,1596,843,753,23965,13394,10571
06,079,sirsa,Total,12,27998,15528,12470,1950,1034,916,26048,14494,11554
06,079,sirsa,Total,13,26729,14562,12167,1804,913,891,24925,13649,11276
06,079,sirsa,Total,14,27350,14877,12473,2068,1022,1046,25282,13855,11427
06,079,sirsa,Total,15,28839,15980,12859,2728,1477,1251,26111,14503,11608
06,079,sirsa,Total,16,28955,15857,13098,2802,1433,1369,26153,14424,11729
06,079,sirsa,Total,17,26054,14252,11802,2532,1302,1230,23522,12950,10572
06,079,sirsa,Total,18,32963,18190,14773,4352,2235,2117,28611,15955,12656
06,079,sirsa,Total,19,25151,13614,11537,2925,1328,1597,22226,12286,9940
06,079,sirsa,Total,20-24,132254,70251,62003,21505,9220,12285,110749,61031,49718
06,079,sirsa,Total,25-29,111538,58733,52805,26569,10227,16342,84969,48506,36463
06,079,sirsa,Total,30-34,96984,49434,47550,31194,11368,19826,65790,38066,27724
06,079,sirsa,Total,35-39,90741,46388,44353,36605,13257,23348,54136,33131,21005
06,079,sirsa,Total,40-44,79902,41556,38346,37044,14169,22875,42858,27387,15471
06,079,sirsa,Total,45-49,66717,34894,31823,33295,12743,20552,33422,22151,11271
06,079,sirsa,Total,50-54,50355,26963,23392,26967,11173,15794,23388,15790,7598
06,079,sirsa,Total,55-59,37525,17875,19650,21572,7380,14192,15953,10495,5458
06,079,sirsa,Total,60-64,46991,23234,23757,30716,11716,19000,16275,11518,4757
06,079,sirsa,Total,65-69,27552,13861,13691,18840,7498,11342,8712,6363,2349
06,079,sirsa,Total,70-74,20450,10125,10325,15108,6175,8933,5342,3950,1392
06,079,sirsa,Total,75-79,10271,4913,5358,7802,3060,4742,2469,1853,616
06,079,sirsa,Total,80+,15041,6920,8121,11994,4769,7225,3047,2151,896
06,079,sirsa,Total,Age not stated,2432,1232,1200,853,376,477,1579,856,723
06,079,sirsa,Rural,All ages,975941,514177,461764,416306,182187,234119,559635,331990,227645
06,079,sirsa,Rural,0-6,120421,64422,55999,120421,64422,55999,0,0,0
06,079,sirsa,Rural,7,18053,9705,8348,3636,1925,1711,14417,7780,6637
06,079,sirsa,Rural,8,19067,10427,8640,2023,1062,961,17044,9365,7679
06,079,sirsa,Rural,9,17297,9464,7833,1245,621,624,16052,8843,7209
06,079,sirsa,Rural,10,21598,11921,9677,1648,882,766,19950,11039,8911
06,079,sirsa,Rural,11,19828,11043,8785,1150,614,536,18678,10429,8249
06,079,sirsa,Rural,12,21604,11952,9652,1397,726,671,20207,11226,8981
06,079,sirsa,Rural,13,20636,11262,9374,1347,680,667,19289,10582,8707
06,079,sirsa,Rural,14,21154,11475,9679,1583,785,798,19571,10690,8881
06,079,sirsa,Rural,15,22016,12287,9729,2045,1077,968,19971,11210,8761
06,079,sirsa,Rural,16,22230,12164,10066,2116,1068,1048,20114,11096,9018
06,079,sirsa,Rural,17,19638,10728,8910,1940,988,952,17698,9740,7958
06,079,sirsa,Rural,18,24864,13726,11138,3348,1677,1671,21516,12049,9467
06,079,sirsa,Rural,19,18918,10189,8729,2248,1012,1236,16670,9177,7493
06,079,sirsa,Rural,20-24,98454,52507,45947,17147,7297,9850,81307,45210,36097
06,079,sirsa,Rural,25-29,82143,43451,38692,21698,8243,13455,60445,35208,25237
06,079,sirsa,Rural,30-34,72763,37006,35757,26233,9454,16779,46530,27552,18978
06,079,sirsa,Rural,35-39,68134,34939,33195,30956,11151,19805,37178,23788,13390
06,079,sirsa,Rural,40-44,59812,31249,28563,31596,12155,19441,28216,19094,9122
06,079,sirsa,Rural,45-49,48619,25411,23208,28288,10845,17443,20331,14566,5765
06,079,sirsa,Rural,50-54,35971,19433,16538,22832,9660,13172,13139,9773,3366
06,079,sirsa,Rural,55-59,26922,12581,14341,18253,6353,11900,8669,6228,2441
06,079,sirsa,Rural,60-64,36213,17706,18507,26429,10212,16217,9784,7494,2290
06,079,sirsa,Rural,65-69,21503,10767,10736,16235,6613,9622,5268,4154,1114
06,079,sirsa,Rural,70-74,16136,8011,8125,12892,5451,7441,3244,2560,684
06,079,sirsa,Rural,75-79,8133,3880,4253,6686,2724,3962,1447,1156,291
06,079,sirsa,Rural,80+,12239,5657,6582,10296,4218,6078,1943,1439,504
06,079,sirsa,Rural,Age not stated,1575,814,761,618,272,346,957,542,415
06,079,sirsa,Urban,All ages,319248,168405,150843,95986,43427,52559,223262,124978,98284
06,079,sirsa,Urban,0-6,37246,20262,16984,37246,20262,16984,0,0,0
06,079,sirsa,Urban,7,5680,3118,2562,1215,644,571,4465,2474,1991
06,079,sirsa,Urban,8,5788,3217,2571,793,409,384,4995,2808,2187
06,079,sirsa,Urban,9,5166,2884,2282,497,264,233,4669,2620,2049
06,079,sirsa,Urban,10,6520,3686,2834,747,405,342,5773,3281,2492
06,079,sirsa,Urban,11,5733,3194,2539,446,229,217,5287,2965,2322
06,079,sirsa,Urban,12,6394,3576,2818,553,308,245,5841,3268,2573
06,079,sirsa,Urban,13,6093,3300,2793,457,233,224,5636,3067,2569
06,079,sirsa,Urban,14,6196,3402,2794,485,237,248,5711,3165,2546
06,079,sirsa,Urban,15,6823,3693,3130,683,400,283,6140,3293,2847
06,079,sirsa,Urban,16,6725,3693,3032,686,365,321,6039,3328,2711
06,079,sirsa,Urban,17,6416,3524,2892,592,314,278,5824,3210,2614
06,079,sirsa,Urban,18,8099,4464,3635,1004,558,446,7095,3906,3189
06,079,sirsa,Urban,19,6233,3425,2808,677,316,361,5556,3109,2447
06,079,sirsa,Urban,20-24,33800,17744,16056,4358,1923,2435,29442,15821,13621
06,079,sirsa,Urban,25-29,29395,15282,14113,4871,1984,2887,24524,13298,11226
06,079,sirsa,Urban,30-34,24221,12428,11793,4961,1914,3047,19260,10514,8746
06,079,sirsa,Urban,35-39,22607,11449,11158,5649,2106,3543,16958,9343,7615
06,079,sirsa,Urban,40-44,20090,10307,9783,5448,2014,3434,14642,8293,6349
06,079,sirsa,Urban,45-49,18098,9483,8615,5007,1898,3109,13091,7585,5506
06,079,sirsa,Urban,50-54,14384,7530,6854,4135,1513,2622,10249,6017,4232
06,079,sirsa,Urban,55-59,10603,5294,5309,3319,1027,2292,7284,4267,3017
06,079,sirsa,Urban,60-64,10778,5528,5250,4287,1504,2783,6491,4024,2467
06,079,sirsa,Urban,65-69,6049,3094,2955,2605,885,1720,3444,2209,1235
06,079,sirsa,Urban,70-74,4314,2114,2200,2216,724,1492,2098,1390,708
06,079,sirsa,Urban,75-79,2138,1033,1105,1116,336,780,1022,697,325
06,079,sirsa,Urban,80+,2802,1263,1539,1698,551,1147,1104,712,392
06,079,sirsa,Urban,Age not stated,857,418,439,235,104,131,622,314,308
06,080,hisar,Total,All ages,1743931,931562,812369,629620,261362,368258,1114311,670200,444111
06,080,hisar,Total,0-6,215167,116229,98938,215167,116229,98938,0,0,0
06,080,hisar,Total,7,32739,17674,15065,6559,3477,3082,26180,14197,11983
06,080,hisar,Total,8,33941,18658,15283,3261,1755,1506,30680,16903,13777
06,080,hisar,Total,9,31752,17478,14274,2301,1228,1073,29451,16250,13201
06,080,hisar,Total,10,38531,21242,17289,2967,1550,1417,35564,19692,15872
06,080,hisar,Total,11,35184,19476,15708,1848,919,929,33336,18557,14779
06,080,hisar,Total,12,37623,20654,16969,1874,947,927,35749,19707,16042
06,080,hisar,Total,13,35304,18924,16380,1611,748,863,33693,18176,15517
06,080,hisar,Total,14,37016,19884,17132,1920,870,1050,35096,19014,16082
06,080,hisar,Total,15,39326,21473,17853,2547,1203,1344,36779,20270,16509
06,080,hisar,Total,16,38877,21560,17317,2476,1202,1274,36401,20358,16043
06,080,hisar,Total,17,34981,19640,15341,2224,1065,1159,32757,18575,14182
06,080,hisar,Total,18,43154,24501,18653,3824,1774,2050,39330,22727,16603
06,080,hisar,Total,19,33759,18603,15156,2777,1204,1573,30982,17399,13583
06,080,hisar,Total,20-24,177501,98746,78755,20594,8096,12498,156907,90650,66257
06,080,hisar,Total,25-29,152975,83398,69577,25915,8905,17010,127060,74493,52567
06,080,hisar,Total,30-34,131450,68401,63049,32997,9982,23015,98453,58419,40034
06,080,hisar,Total,35-39,125209,64849,60360,44196,12867,31329,81013,51982,29031
06,080,hisar,Total,40-44,110169,58018,52151,48432,15440,32992,61737,42578,19159
06,080,hisar,Total,45-49,89708,47144,42564,43205,14154,29051,46503,32990,13513
06,080,hisar,Total,50-54,68850,36743,32107,35023,12200,22823,33827,24543,9284
06,080,hisar,Total,55-59,50521,24864,25657,27658,8377,19281,22863,16487,6376
06,080,hisar,Total,60-64,58871,28599,30272,38078,13539,24539,20793,15060,5733
06,080,hisar,Total,65-69,32992,16402,16590,21792,8204,13588,11200,8198,3002
06,080,hisar,Total,70-74,24183,11620,12563,17027,6292,10735,7156,5328,1828
06,080,hisar,Total,75-79,12647,6114,6533,9154,3490,5664,3493,2624,869
06,080,hisar,Total,80+,17045,8229,8816,12693,5030,7663,4352,3199,1153
06,080,hisar,Total,Age not stated,4456,2439,2017,1500,615,885,2956,1824,1132
06,080,hisar,Rural,All ages,1190443,634139,556304,475647,195113,280534,714796,439026,275770
06,080,hisar,Rural,0-6,150650,81222,69428,150650,81222,69428,0,0,0
06,080,hisar,Rural,7,22855,12270,10585,4630,2467,2163,18225,9803,8422
06,080,hisar,Rural,8,24146,13290,10856,2264,1231,1033,21882,12059,9823
06,080,hisar,Rural,9,22325,12154,10171,1560,851,709,20765,11303,9462
06,080,hisar,Rural,10,27139,14778,12361,1991,1049,942,25148,13729,11419
06,080,hisar,Rural,11,24888,13595,11293,1234,590,644,23654,13005,10649
06,080,hisar,Rural,12,26979,14707,12272,1266,619,647,25713,14088,11625
06,080,hisar,Rural,13,25043,13346,11697,1081,508,573,23962,12838,11124
06,080,hisar,Rural,14,26395,14064,12331,1324,567,757,25071,13497,11574
06,080,hisar,Rural,15,27987,15198,12789,1764,795,969,26223,14403,11820
06,080,hisar,Rural,16,27731,15307,12424,1748,802,946,25983,14505,11478
06,080,hisar,Rural,17,24455,13612,10843,1587,714,873,22868,12898,9970
06,080,hisar,Rural,18,30240,17137,13103,2781,1268,1513,27459,15869,11590
06,080,hisar,Rural,19,23179,12761,10418,2017,855,1162,21162,11906,9256
06,080,hisar,Rural,20-24,119371,67132,52239,15393,5919,9474,103978,61213,42765
06,080,hisar,Rural,25-29,99641,54550,45091,19668,6609,13059,79973,47941,32032
06,080,hisar,Rural,30-34,87791,45335,42456,26026,7620,18406,61765,37715,24050
06,080,hisar,Rural,35-39,84173,43598,40575,35139,10086,25053,49034,33512,15522
06,080,hisar,Rural,40-44,74065,38966,35099,38838,12304,26534,35227,26662,8565
06,080,hisar,Rural,45-49,58507,30599,27908,34367,11298,23069,24140,19301,4839
06,080,hisar,Rural,50-54,44411,23647,20764,27640,9814,17826,16771,13833,2938
06,080,hisar,Rural,55-59,32514,15369,17145,22117,6798,15319,10397,8571,1826
06,080,hisar,Rural,60-64,41505,20008,21497,31101,11480,19621,10404,8528,1876
06,080,hisar,Rural,65-69,23116,11370,11746,17549,6860,10689,5567,4510,1057
06,080,hisar,Rural,70-74,17206,8181,9025,13651,5225,8426,3555,2956,599
06,080,hisar,Rural,75-79,9050,4402,4648,7294,2938,4356,1756,1464,292
06,080,hisar,Rural,80+,12272,6035,6237,9879,4171,5708,2393,1864,529
06,080,hisar,Rural,Age not stated,2809,1506,1303,1088,453,635,1721,1053,668
06,080,hisar,Urban,All ages,553488,297423,256065,153973,66249,87724,399515,231174,168341
06,080,hisar,Urban,0-6,64517,35007,29510,64517,35007,29510,0,0,0
06,080,hisar,Urban,7,9884,5404,4480,1929,1010,919,7955,4394,3561
06,080,hisar,Urban,8,9795,5368,4427,997,524,473,8798,4844,3954
06,080,hisar,Urban,9,9427,5324,4103,741,377,364,8686,4947,3739
06,080,hisar,Urban,10,11392,6464,4928,976,501,475,10416,5963,4453
06,080,hisar,Urban,11,10296,5881,4415,614,329,285,9682,5552,4130
06,080,hisar,Urban,12,10644,5947,4697,608,328,280,10036,5619,4417
06,080,hisar,Urban,13,10261,5578,4683,530,240,290,9731,5338,4393
06,080,hisar,Urban,14,10621,5820,4801,596,303,293,10025,5517,4508
06,080,hisar,Urban,15,11339,6275,5064,783,408,375,10556,5867,4689
06,080,hisar,Urban,16,11146,6253,4893,728,400,328,10418,5853,4565
06,080,hisar,Urban,17,10526,6028,4498,637,351,286,9889,5677,4212
06,080,hisar,Urban,18,12914,7364,5550,1043,506,537,11871,6858,5013
06,080,hisar,Urban,19,10580,5842,4738,760,349,411,9820,5493,4327
06,080,hisar,Urban,20-24,58130,31614,26516,5201,2177,3024,52929,29437,23492
06,080,hisar,Urban,25-29,53334,28848,24486,6247,2296,3951,47087,26552,20535
06,080,hisar,Urban,30-34,43659,23066,20593,6971,2362,4609,36688,20704,15984
06,080,hisar,Urban,35-39,41036,21251,19785,9057,2781,6276,31979,18470,13509
06,080,hisar,Urban,40-44,36104,19052,17052,9594,3136,6458,26510,15916,10594
06,080,hisar,Urban,45-49,31201,16545,14656,8838,2856,5982,22363,13689,8674
06,080,hisar,Urban,50-54,24439,13096,11343,7383,2386,4997,17056,10710,6346
06,080,hisar,Urban,55-59,18007,9495,8512,5541,1579,3962,12466,7916,4550
06,080,hisar,Urban,60-64,17366,8591,8775,6977,2059,4918,10389,6532,3857
06,080,hisar,Urban,65-69,9876,5032,4844,4243,1344,2899,5633,3688,1945
06,080,hisar,Urban,70-74,6977,3439,3538,3376,1067,2309,3601,2372,1229
06,080,hisar,Urban,75-79,3597,1712,1885,1860,552,1308,1737,1160,577
06,080,hisar,Urban,80+,4773,2194,2579,2814,859,1955,1959,1335,624
06,080,hisar,Urban,Age not stated,1647,933,714,412,162,250,1235,771,464
06,081,bhiwani,Total,All ages,1634445,866672,767773,564574,223514,341060,1069871,643158,426713
06,081,bhiwani,Total,0-6,212011,115756,96255,212011,115756,96255,0,0,0
06,081,bhiwani,Total,7,31763,17158,14605,4899,2584,2315,26864,14574,12290
06,081,bhiwani,Total,8,33376,18317,15059,2175,1123,1052,31201,17194,14007
06,081,bhiwani,Total,9,29644,16127,13517,1205,595,610,28439,15532,12907
06,081,bhiwani,Total,10,36001,20057,15944,1707,874,833,34294,19183,15111
06,081,bhiwani,Total,11,33890,18603,15287,1009,497,512,32881,18106,14775
06,081,bhiwani,Total,12,36393,19783,16610,1005,488,517,35388,19295,16093
06,081,bhiwani,Total,13,34263,18331,15932,881,407,474,33382,17924,15458
06,081,bhiwani,Total,14,34287,18650,15637,996,458,538,33291,18192,15099
06,081,bhiwani,Total,15,37862,20927,16935,1491,701,790,36371,20226,16145
06,081,bhiwani,Total,16,35790,19916,15874,1465,692,773,34325,19224,15101
06,081,bhiwani,Total,17,32229,18307,13922,1274,604,670,30955,17703,13252
06,081,bhiwani,Total,18,40049,22497,17552,2426,1102,1324,37623,21395,16228
06,081,bhiwani,Total,19,30867,16946,13921,1799,730,1069,29068,16216,12852
06,081,bhiwani,Total,20-24,163504,88846,74658,15023,5386,9637,148481,83460,65021
06,081,bhiwani,Total,25-29,143031,75801,67230,20371,6264,14107,122660,69537,53123
06,081,bhiwani,Total,30-34,121942,62925,59017,25928,7080,18848,96014,55845,40169
06,081,bhiwani,Total,35-39,110894,57511,53383,34441,8703,25738,76453,48808,27645
06,081,bhiwani,Total,40-44,94702,49517,45185,38682,10614,28068,56020,38903,17117
06,081,bhiwani,Total,45-49,78222,40472,37750,35476,9178,26298,42746,31294,11452
06,081,bhiwani,Total,50-54,62787,32674,30113,30706,8427,22279,32081,24247,7834
06,081,bhiwani,Total,55-59,48122,23654,24468,25190,6090,19100,22932,17564,5368
06,081,bhiwani,Total,60-64,59421,28240,31181,37791,11157,26634,21630,17083,4547
06,081,bhiwani,Total,65-69,33532,16775,16757,22408,7563,14845,11124,9212,1912
06,081,bhiwani,Total,70-74,25294,12328,12966,18445,6669,11776,6849,5659,1190
06,081,bhiwani,Total,75-79,13721,6739,6982,10368,3990,6378,3353,2749,604
06,081,bhiwani,Total,80+,18551,8548,10003,14650,5472,9178,3901,3076,825
06,081,bhiwani,Total,Age not stated,2297,1267,1030,752,310,442,1545,957,588
06,081,bhiwani,Rural,All ages,1313123,696212,616911,472961,184449,288512,840162,511763,328399
06,081,bhiwani,Rural,0-6,172608,94039,78569,172608,94039,78569,0,0,0
06,081,bhiwani,Rural,7,25705,13852,11853,3971,2104,1867,21734,11748,9986
06,081,bhiwani,Rural,8,27147,14809,12338,1653,849,804,25494,13960,11534
06,081,bhiwani,Rural,9,24139,13064,11075,889,436,453,23250,12628,10622
06,081,bhiwani,Rural,10,29199,16238,12961,1240,634,606,27959,15604,12355
06,081,bhiwani,Rural,11,27696,15101,12595,749,355,394,26947,14746,12201
06,081,bhiwani,Rural,12,29823,16150,13673,704,334,370,29119,15816,13303
06,081,bhiwani,Rural,13,28004,14870,13134,656,314,342,27348,14556,12792
06,081,bhiwani,Rural,14,27879,15158,12721,719,329,390,27160,14829,12331
06,081,bhiwani,Rural,15,30885,17022,13863,1085,468,617,29800,16554,13246
06,081,bhiwani,Rural,16,29044,16198,12846,1087,494,593,27957,15704,12253
06,081,bhiwani,Rural,17,26092,14822,11270,963,423,540,25129,14399,10730
06,081,bhiwani,Rural,18,32258,18103,14155,1854,798,1056,30404,17305,13099
06,081,bhiwani,Rural,19,24763,13605,11158,1424,551,873,23339,13054,10285
06,081,bhiwani,Rural,20-24,129781,71030,58751,11954,4114,7840,117827,66916,50911
06,081,bhiwani,Rural,25-29,113348,60356,52992,16698,4913,11785,96650,55443,41207
06,081,bhiwani,Rural,30-34,97459,50399,47060,21861,5707,16154,75598,44692,30906
06,081,bhiwani,Rural,35-39,88138,45922,42216,29357,7122,22235,58781,38800,19981
06,081,bhiwani,Rural,40-44,74902,39205,35697,33264,8900,24364,41638,30305,11333
06,081,bhiwani,Rural,45-49,60872,31512,29360,30303,7687,22616,30569,23825,6744
06,081,bhiwani,Rural,50-54,48708,25219,23489,26261,7113,19148,22447,18106,4341
06,081,bhiwani,Rural,55-59,37406,18094,19312,21737,5209,16528,15669,12885,2784
06,081,bhiwani,Rural,60-64,48678,22862,25816,33092,9812,23280,15586,13050,2536
06,081,bhiwani,Rural,65-69,27912,13947,13965,19668,6752,12916,8244,7195,1049
06,081,bhiwani,Rural,70-74,21398,10446,10952,16347,6027,10320,5051,4419,632
06,081,bhiwani,Rural,75-79,11652,5800,5852,9234,3682,5552,2418,2118,300
06,081,bhiwani,Rural,80+,15897,7433,8464,12996,5041,7955,2901,2392,509
06,081,bhiwani,Rural,Age not stated,1730,956,774,587,242,345,1143,714,429
06,081,bhiwani,Urban,All ages,321322,170460,150862,91613,39065,52548,229709,131395,98314
06,081,bhiwani,Urban,0-6,39403,21717,17686,39403,21717,17686,0,0,0
06,081,bhiwani,Urban,7,6058,3306,2752,928,480,448,5130,2826,2304
06,081,bhiwani,Urban,8,6229,3508,2721,522,274,248,5707,3234,2473
06,081,bhiwani,Urban,9,5505,3063,2442,316,159,157,5189,2904,2285
06,081,bhiwani,Urban,10,6802,3819,2983,467,240,227,6335,3579,2756
06,081,bhiwani,Urban,11,6194,3502,2692,260,142,118,5934,3360,2574
06,081,bhiwani,Urban,12,6570,3633,2937,301,154,147,6269,3479,2790
06,081,bhiwani,Urban,13,6259,3461,2798,225,93,132,6034,3368,2666
06,081,bhiwani,Urban,14,6408,3492,2916,277,129,148,6131,3363,2768
06,081,bhiwani,Urban,15,6977,3905,3072,406,233,173,6571,3672,2899
06,081,bhiwani,Urban,16,6746,3718,3028,378,198,180,6368,3520,2848
06,081,bhiwani,Urban,17,6137,3485,2652,311,181,130,5826,3304,2522
06,081,bhiwani,Urban,18,7791,4394,3397,572,304,268,7219,4090,3129
06,081,bhiwani,Urban,19,6104,3341,2763,375,179,196,5729,3162,2567
06,081,bhiwani,Urban,20-24,33723,17816,15907,3069,1272,1797,30654,16544,14110
06,081,bhiwani,Urban,25-29,29683,15445,14238,3673,1351,2322,26010,14094,11916
06,081,bhiwani,Urban,30-34,24483,12526,11957,4067,1373,2694,20416,11153,9263
06,081,bhiwani,Urban,35-39,22756,11589,11167,5084,1581,3503,17672,10008,7664
06,081,bhiwani,Urban,40-44,19800,10312,9488,5418,1714,3704,14382,8598,5784
06,081,bhiwani,Urban,45-49,17350,8960,8390,5173,1491,3682,12177,7469,4708
06,081,bhiwani,Urban,50-54,14079,7455,6624,4445,1314,3131,9634,6141,3493
06,081,bhiwani,Urban,55-59,10716,5560,5156,3453,881,2572,7263,4679,2584
06,081,bhiwani,Urban,60-64,10743,5378,5365,4699,1345,3354,6044,4033,2011
06,081,bhiwani,Urban,65-69,5620,2828,2792,2740,811,1929,2880,2017,863
06,081,bhiwani,Urban,70-74,3896,1882,2014,2098,642,1456,1798,1240,558
06,081,bhiwani,Urban,75-79,2069,939,1130,1134,308,826,935,631,304
06,081,bhiwani,Urban,80+,2654,1115,1539,1654,431,1223,1000,684,316
06,081,bhiwani,Urban,Age not stated,567,311,256,165,68,97,402,243,159
06,082,rohtak,Total,All ages,1061204,568479,492725,313622,132454,181168,747582,436025,311557
06,082,rohtak,Total,0-6,129330,71041,58289,129330,71041,58289,0,0,0
06,082,rohtak,Total,7,19422,10731,8691,3279,1807,1472,16143,8924,7219
06,082,rohtak,Total,8,20678,11409,9269,1515,817,698,19163,10592,8571
06,082,rohtak,Total,9,18050,10082,7968,841,433,408,17209,9649,7560
06,082,rohtak,Total,10,22343,12449,9894,1119,600,519,21224,11849,9375
06,082,rohtak,Total,11,19738,11062,8676,632,341,291,19106,10721,8385
06,082,rohtak,Total,12,22029,12272,9757,828,429,399,21201,11843,9358
06,082,rohtak,Total,13,20509,11208,9301,688,342,346,19821,10866,8955
06,082,rohtak,Total,14,20689,11448,9241,776,379,397,19913,11069,8844
06,082,rohtak,Total,15,23920,13379,10541,1120,609,511,22800,12770,10030
06,082,rohtak,Total,16,22587,12906,9681,1070,579,491,21517,12327,9190
06,082,rohtak,Total,17,20332,11484,8848,908,454,454,19424,11030,8394
06,082,rohtak,Total,18,25641,14391,11250,1594,819,775,24047,13572,10475
06,082,rohtak,Total,19,19854,10877,8977,1110,538,572,18744,10339,8405
06,082,rohtak,Total,20-24,107524,58580,48944,8446,3476,4970,99078,55104,43974
06,082,rohtak,Total,25-29,93095,49523,43572,10033,3670,6363,83062,45853,37209
06,082,rohtak,Total,30-34,77927,40927,37000,11497,3941,7556,66430,36986,29444
06,082,rohtak,Total,35-39,72290,37485,34805,15481,4677,10804,56809,32808,24001
06,082,rohtak,Total,40-44,64264,33894,30370,17770,5219,12551,46494,28675,17819
06,082,rohtak,Total,45-49,54873,28886,25987,17386,4905,12481,37487,23981,13506
06,082,rohtak,Total,50-54,46402,24656,21746,16070,4637,11433,30332,20019,10313
06,082,rohtak,Total,55-59,36352,18503,17849,13556,3248,10308,22796,15255,7541
06,082,rohtak,Total,60-64,38753,19036,19717,19061,5408,13653,19692,13628,6064
06,082,rohtak,Total,65-69,22808,11584,11224,12249,3895,8354,10559,7689,2870
06,082,rohtak,Total,70-74,18476,9079,9397,11395,3922,7473,7081,5157,1924
06,082,rohtak,Total,75-79,9616,4805,4811,6214,2335,3879,3402,2470,932
06,082,rohtak,Total,80+,13278,6556,6722,9516,3880,5636,3762,2676,1086
06,082,rohtak,Total,Age not stated,424,226,198,138,53,85,286,173,113
06,082,rohtak,Rural,All ages,615040,332034,283006,202373,83184,119189,412667,248850,163817
06,082,rohtak,Rural,0-6,77793,42691,35102,77793,42691,35102,0,0,0
06,082,rohtak,Rural,7,11709,6421,5288,1786,984,802,9923,5437,4486
06,082,rohtak,Rural,8,12419,6810,5609,736,406,330,11683,6404,5279
06,082,rohtak,Rural,9,10833,6023,4810,412,224,188,10421,5799,4622
06,082,rohtak,Rural,10,13489,7444,6045,525,300,225,12964,7144,5820
06,082,rohtak,Rural,11,11964,6653,5311,301,169,132,11663,6484,5179
06,082,rohtak,Rural,12,13487,7453,6034,394,205,189,13093,7248,5845
06,082,rohtak,Rural,13,12495,6781,5714,335,150,185,12160,6631,5529
06,082,rohtak,Rural,14,12398,6752,5646,396,173,223,12002,6579,5423
06,082,rohtak,Rural,15,14555,8071,6484,576,296,280,13979,7775,6204
06,082,rohtak,Rural,16,13443,7629,5814,556,295,261,12887,7334,5553
06,082,rohtak,Rural,17,11955,6755,5200,470,219,251,11485,6536,4949
06,082,rohtak,Rural,18,15116,8635,6481,882,412,470,14234,8223,6011
06,082,rohtak,Rural,19,11223,6214,5009,585,266,319,10638,5948,4690
06,082,rohtak,Rural,20-24,61189,34115,27074,4790,1872,2918,56399,32243,24156
06,082,rohtak,Rural,25-29,51896,28415,23481,5854,2072,3782,46042,26343,19699
06,082,rohtak,Rural,30-34,44042,23570,20472,7131,2318,4813,36911,21252,15659
06,082,rohtak,Rural,35-39,41077,21713,19364,10269,2822,7447,30808,18891,11917
06,082,rohtak,Rural,40-44,36115,19475,16640,12277,3420,8857,23838,16055,7783
06,082,rohtak,Rural,45-49,29722,15947,13775,12044,3210,8834,17678,12737,4941
06,082,rohtak,Rural,50-54,24975,13253,11722,11359,3192,8167,13616,10061,3555
06,082,rohtak,Rural,55-59,19496,9635,9861,9749,2344,7405,9747,7291,2456
06,082,rohtak,Rural,60-64,23136,11167,11969,14030,4038,9992,9106,7129,1977
06,082,rohtak,Rural,65-69,13809,6931,6878,9041,2982,6059,4768,3949,819
06,082,rohtak,Rural,70-74,11654,5719,5935,8408,3045,5363,3246,2674,572
06,082,rohtak,Rural,75-79,6036,3077,2959,4623,1911,2712,1413,1166,247
06,082,rohtak,Rural,80+,8691,4516,4175,6937,3126,3811,1754,1390,364
06,082,rohtak,Rural,Age not stated,323,169,154,114,42,72,209,127,82
06,082,rohtak,Urban,All ages,446164,236445,209719,111249,49270,61979,334915,187175,147740
06,082,rohtak,Urban,0-6,51537,28350,23187,51537,28350,23187,0,0,0
06,082,rohtak,Urban,7,7713,4310,3403,1493,823,670,6220,3487,2733
06,082,rohtak,Urban,8,8259,4599,3660,779,411,368,7480,4188,3292
06,082,rohtak,Urban,9,7217,4059,3158,429,209,220,6788,3850,2938
06,082,rohtak,Urban,10,8854,5005,3849,594,300,294,8260,4705,3555
06,082,rohtak,Urban,11,7774,4409,3365,331,172,159,7443,4237,3206
06,082,rohtak,Urban,12,8542,4819,3723,434,224,210,8108,4595,3513
06,082,rohtak,Urban,13,8014,4427,3587,353,192,161,7661,4235,3426
06,082,rohtak,Urban,14,8291,4696,3595,380,206,174,7911,4490,3421
06,082,rohtak,Urban,15,9365,5308,4057,544,313,231,8821,4995,3826
06,082,rohtak,Urban,16,9144,5277,3867,514,284,230,8630,4993,3637
06,082,rohtak,Urban,17,8377,4729,3648,438,235,203,7939,4494,3445
06,082,rohtak,Urban,18,10525,5756,4769,712,407,305,9813,5349,4464
06,082,rohtak,Urban,19,8631,4663,3968,525,272,253,8106,4391,3715
06,082,rohtak,Urban,20-24,46335,24465,21870,3656,1604,2052,42679,22861,19818
06,082,rohtak,Urban,25-29,41199,21108,20091,4179,1598,2581,37020,19510,17510
06,082,rohtak,Urban,30-34,33885,17357,16528,4366,1623,2743,29519,15734,13785
06,082,rohtak,Urban,35-39,31213,15772,15441,5212,1855,3357,26001,13917,12084
06,082,rohtak,Urban,40-44,28149,14419,13730,5493,1799,3694,22656,12620,10036
06,082,rohtak,Urban,45-49,25151,12939,12212,5342,1695,3647,19809,11244,8565
06,082,rohtak,Urban,50-54,21427,11403,10024,4711,1445,3266,16716,9958,6758
06,082,rohtak,Urban,55-59,16856,8868,7988,3807,904,2903,13049,7964,5085
06,082,rohtak,Urban,60-64,15617,7869,7748,5031,1370,3661,10586,6499,4087
06,082,rohtak,Urban,65-69,8999,4653,4346,3208,913,2295,5791,3740,2051
06,082,rohtak,Urban,70-74,6822,3360,3462,2987,877,2110,3835,2483,1352
06,082,rohtak,Urban,75-79,3580,1728,1852,1591,424,1167,1989,1304,685
06,082,rohtak,Urban,80+,4587,2040,2547,2579,754,1825,2008,1286,722
06,082,rohtak,Urban,Age not stated,101,57,44,24,11,13,77,46,31
06,083,jhajjar,Total,All ages,958405,514667,443738,282314,115187,167127,676091,399480,276611
06,083,jhajjar,Total,0-6,120051,67380,52671,120051,67380,52671,0,0,0
06,083,jhajjar,Total,7,17437,9687,7750,2391,1309,1082,15046,8378,6668
06,083,jhajjar,Total,8,17883,10119,7764,1172,659,513,16711,9460,7251
06,083,jhajjar,Total,9,16526,9356,7170,735,399,336,15791,8957,6834
06,083,jhajjar,Total,10,19924,11370,8554,960,509,451,18964,10861,8103
06,083,jhajjar,Total,11,18295,10344,7951,591,302,289,17704,10042,7662
06,083,jhajjar,Total,12,19611,11108,8503,638,328,310,18973,10780,8193
06,083,jhajjar,Total,13,18536,10383,8153,541,300,241,17995,10083,7912
06,083,jhajjar,Total,14,18924,10444,8480,581,286,295,18343,10158,8185
06,083,jhajjar,Total,15,20892,11598,9294,722,360,362,20170,11238,8932
06,083,jhajjar,Total,16,19986,11183,8803,732,389,343,19254,10794,8460
06,083,jhajjar,Total,17,18232,10231,8001,651,329,322,17581,9902,7679
06,083,jhajjar,Total,18,22000,12389,9611,1052,531,521,20948,11858,9090
06,083,jhajjar,Total,19,18122,10115,8007,809,363,446,17313,9752,7561
06,083,jhajjar,Total,20-24,97455,52164,45291,6304,2412,3892,91151,49752,41399
06,083,jhajjar,Total,25-29,86101,45694,40407,7684,2656,5028,78417,43038,35379
06,083,jhajjar,Total,30-34,72322,37871,34451,9324,2854,6470,62998,35017,27981
06,083,jhajjar,Total,35-39,67372,35408,31964,12953,3439,9514,54419,31969,22450
06,083,jhajjar,Total,40-44,57535,30571,26964,15773,4012,11761,41762,26559,15203
06,083,jhajjar,Total,45-49,47866,25629,22237,15648,3843,11805,32218,21786,10432
06,083,jhajjar,Total,50-54,38988,20562,18426,14383,3494,10889,24605,17068,7537
06,083,jhajjar,Total,55-59,30614,15597,15017,12449,2582,9867,18165,13015,5150
06,083,jhajjar,Total,60-64,34994,16580,18414,18476,4215,14261,16518,12365,4153
06,083,jhajjar,Total,65-69,20450,10296,10154,11587,3205,8382,8863,7091,1772
06,083,jhajjar,Total,70-74,15912,7643,8269,10390,3192,7198,5522,4451,1071
06,083,jhajjar,Total,75-79,8905,4365,4540,6212,2200,4012,2693,2165,528
06,083,jhajjar,Total,80+,12493,6005,6488,9231,3509,5722,3262,2496,766
06,083,jhajjar,Total,Age not stated,979,575,404,274,130,144,705,445,260
06,083,jhajjar,Rural,All ages,715066,384219,330847,218611,87386,131225,496455,296833,199622
06,083,jhajjar,Rural,0-6,89704,50465,39239,89704,50465,39239,0,0,0
06,083,jhajjar,Rural,7,12922,7175,5747,1755,956,799,11167,6219,4948
06,083,jhajjar,Rural,8,13465,7628,5837,798,460,338,12667,7168,5499
06,083,jhajjar,Rural,9,12247,6928,5319,434,236,198,11813,6692,5121
06,083,jhajjar,Rural,10,14679,8344,6335,598,308,290,14081,8036,6045
06,083,jhajjar,Rural,11,13675,7667,6008,359,186,173,13316,7481,5835
06,083,jhajjar,Rural,12,14828,8367,6461,372,191,181,14456,8176,6280
06,083,jhajjar,Rural,13,13956,7847,6109,338,193,145,13618,7654,5964
06,083,jhajjar,Rural,14,14228,7809,6419,359,179,180,13869,7630,6239
06,083,jhajjar,Rural,15,15778,8746,7032,456,212,244,15322,8534,6788
06,083,jhajjar,Rural,16,15028,8356,6672,486,251,235,14542,8105,6437
06,083,jhajjar,Rural,17,13613,7622,5991,437,206,231,13176,7416,5760
06,083,jhajjar,Rural,18,16470,9219,7251,718,350,368,15752,8869,6883
06,083,jhajjar,Rural,19,13517,7504,6013,536,227,309,12981,7277,5704
06,083,jhajjar,Rural,20-24,72149,38925,33224,4371,1668,2703,67778,37257,30521
06,083,jhajjar,Rural,25-29,62896,33790,29106,5312,1832,3480,57584,31958,25626
06,083,jhajjar,Rural,30-34,53162,28082,25080,6841,2000,4841,46321,26082,20239
06,083,jhajjar,Rural,35-39,49243,26194,23049,9872,2489,7383,39371,23705,15666
06,083,jhajjar,Rural,40-44,42138,22367,19771,12603,3060,9543,29535,19307,10228
06,083,jhajjar,Rural,45-49,34891,18686,16205,12488,2930,9558,22403,15756,6647
06,083,jhajjar,Rural,50-54,28814,15021,13793,11699,2706,8993,17115,12315,4800
06,083,jhajjar,Rural,55-59,22754,11447,11307,10200,2051,8149,12554,9396,3158
06,083,jhajjar,Rural,60-64,27378,12732,14646,15545,3503,12042,11833,9229,2604
06,083,jhajjar,Rural,65-69,16126,8010,8116,9824,2725,7099,6302,5285,1017
06,083,jhajjar,Rural,70-74,12921,6163,6758,8921,2800,6121,4000,3363,637
06,083,jhajjar,Rural,75-79,7323,3606,3717,5383,1966,3417,1940,1640,300
06,083,jhajjar,Rural,80+,10412,5084,5328,7997,3149,4848,2415,1935,480
06,083,jhajjar,Rural,Age not stated,749,435,314,205,87,118,544,348,196
06,083,jhajjar,Urban,All ages,243339,130448,112891,63703,27801,35902,179636,102647,76989
06,083,jhajjar,Urban,0-6,30347,16915,13432,30347,16915,13432,0,0,0
06,083,jhajjar,Urban,7,4515,2512,2003,636,353,283,3879,2159,1720
06,083,jhajjar,Urban,8,4418,2491,1927,374,199,175,4044,2292,1752
06,083,jhajjar,Urban,9,4279,2428,1851,301,163,138,3978,2265,1713
06,083,jhajjar,Urban,10,5245,3026,2219,362,201,161,4883,2825,2058
06,083,jhajjar,Urban,11,4620,2677,1943,232,116,116,4388,2561,1827
06,083,jhajjar,Urban,12,4783,2741,2042,266,137,129,4517,2604,1913
06,083,jhajjar,Urban,13,4580,2536,2044,203,107,96,4377,2429,1948
06,083,jhajjar,Urban,14,4696,2635,2061,222,107,115,4474,2528,1946
06,083,jhajjar,Urban,15,5114,2852,2262,266,148,118,4848,2704,2144
06,083,jhajjar,Urban,16,4958,2827,2131,246,138,108,4712,2689,2023
06,083,jhajjar,Urban,17,4619,2609,2010,214,123,91,4405,2486,1919
06,083,jhajjar,Urban,18,5530,3170,2360,334,181,153,5196,2989,2207
06,083,jhajjar,Urban,19,4605,2611,1994,273,136,137,4332,2475,1857
06,083,jhajjar,Urban,20-24,25306,13239,12067,1933,744,1189,23373,12495,10878
06,083,jhajjar,Urban,25-29,23205,11904,11301,2372,824,1548,20833,11080,9753
06,083,jhajjar,Urban,30-34,19160,9789,9371,2483,854,1629,16677,8935,7742
06,083,jhajjar,Urban,35-39,18129,9214,8915,3081,950,2131,15048,8264,6784
06,083,jhajjar,Urban,40-44,15397,8204,7193,3170,952,2218,12227,7252,4975
06,083,jhajjar,Urban,45-49,12975,6943,6032,3160,913,2247,9815,6030,3785
06,083,jhajjar,Urban,50-54,10174,5541,4633,2684,788,1896,7490,4753,2737
06,083,jhajjar,Urban,55-59,7860,4150,3710,2249,531,1718,5611,3619,1992
06,083,jhajjar,Urban,60-64,7616,3848,3768,2931,712,2219,4685,3136,1549
06,083,jhajjar,Urban,65-69,4324,2286,2038,1763,480,1283,2561,1806,755
06,083,jhajjar,Urban,70-74,2991,1480,1511,1469,392,1077,1522,1088,434
06,083,jhajjar,Urban,75-79,1582,759,823,829,234,595,753,525,228
06,083,jhajjar,Urban,80+,2081,921,1160,1234,360,874,847,561,286
06,083,jhajjar,Urban,Age not stated,230,140,90,69,43,26,161,97,64
06,084,mahendragarh,Total,All ages,922088,486665,435423,291833,106225,185608,630255,380440,249815
06,084,mahendragarh,Total,0-6,111181,62638,48543,111181,62638,48543,0,0,0
06,084,mahendragarh,Total,7,17090,9418,7672,2401,1266,1135,14689,8152,6537
06,084,mahendragarh,Total,8,17557,9864,7693,969,516,453,16588,9348,7240
06,084,mahendragarh,Total,9,16254,9018,7236,629,335,294,15625,8683,6942
06,084,mahendragarh,Total,10,19832,11269,8563,933,508,425,18899,10761,8138
06,084,mahendragarh,Total,11,19133,10681,8452,580,310,270,18553,10371,8182
06,084,mahendragarh,Total,12,19916,11089,8827,489,230,259,19427,10859,8568
06,084,mahendragarh,Total,13,19633,10573,9060,468,196,272,19165,10377,8788
06,084,mahendragarh,Total,14,19907,10770,9137,480,217,263,19427,10553,8874
06,084,mahendragarh,Total,15,21077,11575,9502,652,291,361,20425,11284,9141
06,084,mahendragarh,Total,16,19973,11152,8821,633,278,355,19340,10874,8466
06,084,mahendragarh,Total,17,18592,10445,8147,599,241,358,17993,10204,7789
06,084,mahendragarh,Total,18,22393,12366,10027,997,372,625,21396,11994,9402
06,084,mahendragarh,Total,19,18354,9966,8388,761,257,504,17593,9709,7884
06,084,mahendragarh,Total,20-24,91649,48700,42949,6045,1762,4283,85604,46938,38666
06,084,mahendragarh,Total,25-29,77459,40627,36832,8137,1919,6218,69322,38708,30614
06,084,mahendragarh,Total,30-34,66799,33538,33261,11084,2139,8945,55715,31399,24316
06,084,mahendragarh,Total,35-39,62872,32011,30861,16020,2815,13205,46852,29196,17656
06,084,mahendragarh,Total,40-44,54218,27553,26665,19034,3394,15640,35184,24159,11025
06,084,mahendragarh,Total,45-49,45503,23562,21941,17948,3288,14660,27555,20274,7281
06,084,mahendragarh,Total,50-54,36786,18974,17812,15802,2885,12917,20984,16089,4895
06,084,mahendragarh,Total,55-59,29112,14723,14389,13511,2394,11117,15601,12329,3272
06,084,mahendragarh,Total,60-64,34887,16410,18477,20015,4371,15644,14872,12039,2833
06,084,mahendragarh,Total,65-69,21441,10702,10739,13125,3673,9452,8316,7029,1287
06,084,mahendragarh,Total,70-74,16625,8127,8498,11475,3693,7782,5150,4434,716
06,084,mahendragarh,Total,75-79,9111,4324,4787,6753,2318,4435,2358,2006,352
06,084,mahendragarh,Total,80+,13296,5852,7444,10650,3754,6896,2646,2098,548
06,084,mahendragarh,Total,Age not stated,1438,738,700,462,165,297,976,573,403
06,084,mahendragarh,Rural,All ages,789233,416358,372875,255791,91617,164174,533442,324741,208701
06,084,mahendragarh,Rural,0-6,95381,53778,41603,95381,53778,41603,0,0,0
06,084,mahendragarh,Rural,7,14672,8095,6577,1948,1026,922,12724,7069,5655
06,084,mahendragarh,Rural,8,15015,8445,6570,721,379,342,14294,8066,6228
06,084,mahendragarh,Rural,9,13939,7732,6207,466,245,221,13473,7487,5986
06,084,mahendragarh,Rural,10,17011,9641,7370,678,365,313,16333,9276,7057
06,084,mahendragarh,Rural,11,16566,9226,7340,444,237,207,16122,8989,7133
06,084,mahendragarh,Rural,12,17190,9542,7648,339,156,183,16851,9386,7465
06,084,mahendragarh,Rural,13,16962,9147,7815,361,154,207,16601,8993,7608
06,084,mahendragarh,Rural,14,17171,9259,7912,342,146,196,16829,9113,7716
06,084,mahendragarh,Rural,15,18247,10006,8241,501,209,292,17746,9797,7949
06,084,mahendragarh,Rural,16,17190,9590,7600,483,200,283,16707,9390,7317
06,084,mahendragarh,Rural,17,15977,8928,7049,473,181,292,15504,8747,6757
06,084,mahendragarh,Rural,18,19222,10630,8592,787,275,512,18435,10355,8080
06,084,mahendragarh,Rural,19,15870,8630,7240,637,207,430,15233,8423,6810
06,084,mahendragarh,Rural,20-24,77898,41655,36243,5023,1364,3659,72875,40291,32584
06,084,mahendragarh,Rural,25-29,65467,34314,31153,6889,1517,5372,58578,32797,25781
06,084,mahendragarh,Rural,30-34,56758,28448,28310,9667,1722,7945,47091,26726,20365
06,084,mahendragarh,Rural,35-39,53269,27119,26150,14201,2340,11861,39068,24779,14289
06,084,mahendragarh,Rural,40-44,45910,23262,22648,17046,2910,14136,28864,20352,8512
06,084,mahendragarh,Rural,45-49,38296,19869,18427,16022,2882,13140,22274,16987,5287
06,084,mahendragarh,Rural,50-54,30861,15811,15050,14101,2488,11613,16760,13323,3437
06,084,mahendragarh,Rural,55-59,24776,12402,12374,12134,2120,10014,12642,10282,2360
06,084,mahendragarh,Rural,60-64,30705,14357,16348,18306,3976,14330,12399,10381,2018
06,084,mahendragarh,Rural,65-69,18851,9407,9444,12013,3412,8601,6838,5995,843
06,084,mahendragarh,Rural,70-74,14748,7234,7514,10498,3449,7049,4250,3785,465
06,084,mahendragarh,Rural,75-79,8066,3858,4208,6163,2187,3976,1903,1671,232
06,084,mahendragarh,Rural,80+,11913,5303,6610,9733,3538,6195,2180,1765,415
06,084,mahendragarh,Rural,Age not stated,1302,670,632,434,154,280,868,516,352
06,084,mahendragarh,Urban,All ages,132855,70307,62548,36042,14608,21434,96813,55699,41114
06,084,mahendragarh,Urban,0-6,15800,8860,6940,15800,8860,6940,0,0,0
06,084,mahendragarh,Urban,7,2418,1323,1095,453,240,213,1965,1083,882
06,084,mahendragarh,Urban,8,2542,1419,1123,248,137,111,2294,1282,1012
06,084,mahendragarh,Urban,9,2315,1286,1029,163,90,73,2152,1196,956
06,084,mahendragarh,Urban,10,2821,1628,1193,255,143,112,2566,1485,1081
06,084,mahendragarh,Urban,11,2567,1455,1112,136,73,63,2431,1382,1049
06,084,mahendragarh,Urban,12,2726,1547,1179,150,74,76,2576,1473,1103
06,084,mahendragarh,Urban,13,2671,1426,1245,107,42,65,2564,1384,1180
06,084,mahendragarh,Urban,14,2736,1511,1225,138,71,67,2598,1440,1158
06,084,mahendragarh,Urban,15,2830,1569,1261,151,82,69,2679,1487,1192
06,084,mahendragarh,Urban,16,2783,1562,1221,150,78,72,2633,1484,1149
06,084,mahendragarh,Urban,17,2615,1517,1098,126,60,66,2489,1457,1032
06,084,mahendragarh,Urban,18,3171,1736,1435,210,97,113,2961,1639,1322
06,084,mahendragarh,Urban,19,2484,1336,1148,124,50,74,2360,1286,1074
06,084,mahendragarh,Urban,20-24,13751,7045,6706,1022,398,624,12729,6647,6082
06,084,mahendragarh,Urban,25-29,11992,6313,5679,1248,402,846,10744,5911,4833
06,084,mahendragarh,Urban,30-34,10041,5090,4951,1417,417,1000,8624,4673,3951
06,084,mahendragarh,Urban,35-39,9603,4892,4711,1819,475,1344,7784,4417,3367
06,084,mahendragarh,Urban,40-44,8308,4291,4017,1988,484,1504,6320,3807,2513
06,084,mahendragarh,Urban,45-49,7207,3693,3514,1926,406,1520,5281,3287,1994
06,084,mahendragarh,Urban,50-54,5925,3163,2762,1701,397,1304,4224,2766,1458
06,084,mahendragarh,Urban,55-59,4336,2321,2015,1377,274,1103,2959,2047,912
06,084,mahendragarh,Urban,60-64,4182,2053,2129,1709,395,1314,2473,1658,815
06,084,mahendragarh,Urban,65-69,2590,1295,1295,1112,261,851,1478,1034,444
06,084,mahendragarh,Urban,70-74,1877,893,984,977,244,733,900,649,251
06,084,mahendragarh,Urban,75-79,1045,466,579,590,131,459,455,335,120
06,084,mahendragarh,Urban,80+,1383,549,834,917,216,701,466,333,133
06,084,mahendragarh,Urban,Age not stated,136,68,68,28,11,17,108,57,51
06,085,rewari,Total,All ages,900332,474335,425997,263385,98882,164503,636947,375453,261494
06,085,rewari,Total,0-6,113893,63743,50150,113893,63743,50150,0,0,0
06,085,rewari,Total,7,16426,8934,7492,2962,1568,1394,13464,7366,6098
06,085,rewari,Total,8,17137,9576,7561,1221,666,555,15916,8910,7006
06,085,rewari,Total,9,15663,8855,6808,706,374,332,14957,8481,6476
06,085,rewari,Total,10,19014,10841,8173,945,517,428,18069,10324,7745
06,085,rewari,Total,11,17595,9934,7661,505,265,240,17090,9669,7421
06,085,rewari,Total,12,18410,10402,8008,582,314,268,17828,10088,7740
06,085,rewari,Total,13,18037,9916,8121,477,232,245,17560,9684,7876
06,085,rewari,Total,14,18235,9911,8324,513,260,253,17722,9651,8071
06,085,rewari,Total,15,19163,10540,8623,636,325,311,18527,10215,8312
06,085,rewari,Total,16,18495,10216,8279,610,316,294,17885,9900,7985
06,085,rewari,Total,17,16963,9398,7565,533,267,266,16430,9131,7299
06,085,rewari,Total,18,20683,11322,9361,955,453,502,19728,10869,8859
06,085,rewari,Total,19,16880,9065,7815,658,261,397,16222,8804,7418
06,085,rewari,Total,20-24,91183,46855,44328,5520,1864,3656,85663,44991,40672
06,085,rewari,Total,25-29,80970,41888,39082,6961,1940,5021,74009,39948,34061
06,085,rewari,Total,30-34,68949,35064,33885,8818,1998,6820,60131,33066,27065
06,085,rewari,Total,35-39,63093,32622,30471,12054,2277,9777,51039,30345,20694
06,085,rewari,Total,40-44,53572,27531,26041,14754,2529,12225,38818,25002,13816
06,085,rewari,Total,45-49,45090,23344,21746,14688,2331,12357,30402,21013,9389
06,085,rewari,Total,50-54,35854,18584,17270,12902,2065,10837,22952,16519,6433
06,085,rewari,Total,55-59,28375,14268,14107,11369,1558,9811,17006,12710,4296
06,085,rewari,Total,60-64,33678,16177,17501,17055,3068,13987,16623,13109,3514
06,085,rewari,Total,65-69,18907,9449,9458,10337,2306,8031,8570,7143,1427
06,085,rewari,Total,70-74,14022,6610,7412,9046,2460,6586,4976,4150,826
06,085,rewari,Total,75-79,8072,3813,4259,5573,1715,3858,2499,2098,401
06,085,rewari,Total,80+,11649,5282,6367,9016,3161,5855,2633,2121,512
06,085,rewari,Total,Age not stated,324,195,129,96,49,47,228,146,82
06,085,rewari,Rural,All ages,666902,349710,317192,202450,73152,129298,464452,276558,187894
06,085,rewari,Rural,0-6,84052,47154,36898,84052,47154,36898,0,0,0
06,085,rewari,Rural,7,12059,6583,5476,2091,1127,964,9968,5456,4512
06,085,rewari,Rural,8,12530,6985,5545,733,407,326,11797,6578,5219
06,085,rewari,Rural,9,11645,6642,5003,434,238,196,11211,6404,4807
06,085,rewari,Rural,10,13942,7894,6048,580,309,271,13362,7585,5777
06,085,rewari,Rural,11,13218,7416,5802,340,187,153,12878,7229,5649
06,085,rewari,Rural,12,13755,7751,6004,329,168,161,13426,7583,5843
06,085,rewari,Rural,13,13621,7541,6080,283,135,148,13338,7406,5932
06,085,rewari,Rural,14,13825,7451,6374,300,141,159,13525,7310,6215
06,085,rewari,Rural,15,14410,7877,6533,363,186,177,14047,7691,6356
06,085,rewari,Rural,16,13898,7646,6252,362,184,178,13536,7462,6074
06,085,rewari,Rural,17,12733,7046,5687,338,166,172,12395,6880,5515
06,085,rewari,Rural,18,15347,8345,7002,609,285,324,14738,8060,6678
06,085,rewari,Rural,19,12624,6740,5884,434,163,271,12190,6577,5613
06,085,rewari,Rural,20-24,66797,34089,32708,3643,1124,2519,63154,32965,30189
06,085,rewari,Rural,25-29,58296,30060,28236,4773,1208,3565,53523,28852,24671
06,085,rewari,Rural,30-34,49665,25183,24482,6318,1259,5059,43347,23924,19423
06,085,rewari,Rural,35-39,45403,23427,21976,9133,1500,7633,36270,21927,14343
06,085,rewari,Rural,40-44,38699,19684,19015,11688,1732,9956,27011,17952,9059
06,085,rewari,Rural,45-49,32733,16740,15993,11912,1692,10220,20821,15048,5773
06,085,rewari,Rural,50-54,26457,13561,12896,10567,1535,9032,15890,12026,3864
06,085,rewari,Rural,55-59,21392,10651,10741,9415,1215,8200,11977,9436,2541
06,085,rewari,Rural,60-64,26739,12656,14083,14484,2538,11946,12255,10118,2137
06,085,rewari,Rural,65-69,15091,7506,7585,8784,1951,6833,6307,5555,752
06,085,rewari,Rural,70-74,11343,5344,5999,7707,2114,5593,3636,3230,406
06,085,rewari,Rural,75-79,6621,3130,3491,4834,1541,3293,1787,1589,198
06,085,rewari,Rural,80+,9753,4461,5292,7868,2859,5009,1885,1602,283
06,085,rewari,Rural,Age not stated,254,147,107,76,34,42,178,113,65
06,085,rewari,Urban,All ages,233430,124625,108805,60935,25730,35205,172495,98895,73600
06,085,rewari,Urban,0-6,29841,16589,13252,29841,16589,13252,0,0,0
06,085,rewari,Urban,7,4367,2351,2016,871,441,430,3496,1910,1586
06,085,rewari,Urban,8,4607,2591,2016,488,259,229,4119,2332,1787
06,085,rewari,Urban,9,4018,2213,1805,272,136,136,3746,2077,1669
06,085,rewari,Urban,10,5072,2947,2125,365,208,157,4707,2739,1968
06,085,rewari,Urban,11,4377,2518,1859,165,78,87,4212,2440,1772
06,085,rewari,Urban,12,4655,2651,2004,253,146,107,4402,2505,1897
06,085,rewari,Urban,13,4416,2375,2041,194,97,97,4222,2278,1944
06,085,rewari,Urban,14,4410,2460,1950,213,119,94,4197,2341,1856
06,085,rewari,Urban,15,4753,2663,2090,273,139,134,4480,2524,1956
06,085,rewari,Urban,16,4597,2570,2027,248,132,116,4349,2438,1911
06,085,rewari,Urban,17,4230,2352,1878,195,101,94,4035,2251,1784
06,085,rewari,Urban,18,5336,2977,2359,346,168,178,4990,2809,2181
06,085,rewari,Urban,19,4256,2325,1931,224,98,126,4032,2227,1805
06,085,rewari,Urban,20-24,24386,12766,11620,1877,740,1137,22509,12026,10483
06,085,rewari,Urban,25-29,22674,11828,10846,2188,732,1456,20486,11096,9390
06,085,rewari,Urban,30-34,19284,9881,9403,2500,739,1761,16784,9142,7642
06,085,rewari,Urban,35-39,17690,9195,8495,2921,777,2144,14769,8418,6351
06,085,rewari,Urban,40-44,14873,7847,7026,3066,797,2269,11807,7050,4757
06,085,rewari,Urban,45-49,12357,6604,5753,2776,639,2137,9581,5965,3616
06,085,rewari,Urban,50-54,9397,5023,4374,2335,530,1805,7062,4493,2569
06,085,rewari,Urban,55-59,6983,3617,3366,1954,343,1611,5029,3274,1755
06,085,rewari,Urban,60-64,6939,3521,3418,2571,530,2041,4368,2991,1377
06,085,rewari,Urban,65-69,3816,1943,1873,1553,355,1198,2263,1588,675
06,085,rewari,Urban,70-74,2679,1266,1413,1339,346,993,1340,920,420
06,085,rewari,Urban,75-79,1451,683,768,739,174,565,712,509,203
06,085,rewari,Urban,80+,1896,821,1075,1148,302,846,748,519,229
06,085,rewari,Urban,Age not stated,70,48,22,20,15,5,50,33,17
06,086,gurgaon,Total,All ages,1514432,816690,697742,403316,178024,225292,1111116,638666,472450
06,086,gurgaon,Total,0-6,202602,110705,91897,202602,110705,91897,0,0,0
06,086,gurgaon,Total,7,28720,15630,13090,5800,3055,2745,22920,12575,10345
06,086,gurgaon,Total,8,28841,15923,12918,2930,1503,1427,25911,14420,11491
06,086,gurgaon,Total,9,25876,14412,11464,1977,1016,961,23899,13396,10503
06,086,gurgaon,Total,10,31206,17525,13681,2620,1330,1290,28586,16195,12391
06,086,gurgaon,Total,11,27158,15172,11986,1435,695,740,25723,14477,11246
06,086,gurgaon,Total,12,28579,15799,12780,1534,708,826,27045,15091,11954
06,086,gurgaon,Total,13,26372,14496,11876,1292,577,715,25080,13919,11161
06,086,gurgaon,Total,14,27033,14851,12182,1296,574,722,25737,14277,11460
06,086,gurgaon,Total,15,27282,15108,12174,1568,778,790,25714,14330,11384
06,086,gurgaon,Total,16,27148,15226,11922,1484,711,773,25664,14515,11149
06,086,gurgaon,Total,17,24568,13800,10768,1346,662,684,23222,13138,10084
06,086,gurgaon,Total,18,31729,18126,13603,2447,1226,1221,29282,16900,12382
06,086,gurgaon,Total,19,26179,14971,11208,1811,911,900,24368,14060,10308
06,086,gurgaon,Total,20-24,153479,83840,69639,14200,5994,8206,139279,77846,61433
06,086,gurgaon,Total,25-29,158759,83403,75356,16496,6033,10463,142263,77370,64893
06,086,gurgaon,Total,30-34,142161,75510,66651,16755,5674,11081,125406,69836,55570
06,086,gurgaon,Total,35-39,123113,66384,56729,19507,6024,13483,103606,60360,43246
06,086,gurgaon,Total,40-44,92575,51037,41538,18982,5748,13234,73593,45289,28304
06,086,gurgaon,Total,45-49,70252,38273,31979,16993,4689,12304,53259,33584,19675
06,086,gurgaon,Total,50-54,54138,28528,25610,13987,3704,10283,40151,24824,15327
06,086,gurgaon,Total,55-59,42466,21147,21319,11387,2595,8792,31079,18552,12527
06,086,gurgaon,Total,60-64,42350,20643,21707,14432,3596,10836,27918,17047,10871
06,086,gurgaon,Total,65-69,27179,13941,13238,9448,2508,6940,17731,11433,6298
06,086,gurgaon,Total,70-74,19674,9888,9786,8385,2605,5780,11289,7283,4006
06,086,gurgaon,Total,75-79,10555,5384,5171,4722,1558,3164,5833,3826,2007
06,086,gurgaon,Total,80+,13945,6692,7253,7764,2788,4976,6181,3904,2277
06,086,gurgaon,Total,Age not stated,493,276,217,116,57,59,377,219,158
06,086,gurgaon,Rural,All ages,472179,251462,220717,148092,59174,88918,324087,192288,131799
06,086,gurgaon,Rural,0-6,67473,37469,30004,67473,37469,30004,0,0,0
06,086,gurgaon,Rural,7,9296,5066,4230,1808,960,848,7488,4106,3382
06,086,gurgaon,Rural,8,9776,5353,4423,764,377,387,9012,4976,4036
06,086,gurgaon,Rural,9,8755,4887,3868,535,277,258,8220,4610,3610
06,086,gurgaon,Rural,10,10655,5972,4683,687,364,323,9968,5608,4360
06,086,gurgaon,Rural,11,9516,5315,4201,358,159,199,9158,5156,4002
06,086,gurgaon,Rural,12,10250,5618,4632,329,141,188,9921,5477,4444
06,086,gurgaon,Rural,13,9541,5197,4344,312,129,183,9229,5068,4161
06,086,gurgaon,Rural,14,9994,5466,4528,292,110,182,9702,5356,4346
06,086,gurgaon,Rural,15,9926,5339,4587,388,152,236,9538,5187,4351
06,086,gurgaon,Rural,16,10143,5653,4490,389,158,231,9754,5495,4259
06,086,gurgaon,Rural,17,9060,4989,4071,325,124,201,8735,4865,3870
06,086,gurgaon,Rural,18,11610,6357,5253,612,220,392,10998,6137,4861
06,086,gurgaon,Rural,19,9283,5111,4172,446,179,267,8837,4932,3905
06,086,gurgaon,Rural,20-24,50829,26704,24125,3771,1140,2631,47058,25564,21494
06,086,gurgaon,Rural,25-29,43885,23398,20487,4274,1157,3117,39611,22241,17370
06,086,gurgaon,Rural,30-34,35988,18779,17209,4945,1141,3804,31043,17638,13405
06,086,gurgaon,Rural,35-39,32071,16847,15224,6872,1417,5455,25199,15430,9769
06,086,gurgaon,Rural,40-44,25852,13689,12163,7869,1655,6214,17983,12034,5949
06,086,gurgaon,Rural,45-49,20546,10874,9672,7679,1599,6080,12867,9275,3592
06,086,gurgaon,Rural,50-54,16219,8338,7881,6868,1411,5457,9351,6927,2424
06,086,gurgaon,Rural,55-59,12547,6260,6287,5908,1144,4764,6639,5116,1523
06,086,gurgaon,Rural,60-64,14246,6778,7468,8018,1866,6152,6228,4912,1316
06,086,gurgaon,Rural,65-69,8560,4102,4458,5314,1423,3891,3246,2679,567
06,086,gurgaon,Rural,70-74,6826,3336,3490,4730,1588,3142,2096,1748,348
06,086,gurgaon,Rural,75-79,3570,1770,1800,2648,997,1651,922,773,149
06,086,gurgaon,Rural,80+,5661,2739,2922,4446,1803,2643,1215,936,279
06,086,gurgaon,Rural,Age not stated,101,56,45,32,14,18,69,42,27
06,086,gurgaon,Urban,All ages,1042253,565228,477025,255224,118850,136374,787029,446378,340651
06,086,gurgaon,Urban,0-6,135129,73236,61893,135129,73236,61893,0,0,0
06,086,gurgaon,Urban,7,19424,10564,8860,3992,2095,1897,15432,8469,6963
06,086,gurgaon,Urban,8,19065,10570,8495,2166,1126,1040,16899,9444,7455
06,086,gurgaon,Urban,9,17121,9525,7596,1442,739,703,15679,8786,6893
06,086,gurgaon,Urban,10,20551,11553,8998,1933,966,967,18618,10587,8031
06,086,gurgaon,Urban,11,17642,9857,7785,1077,536,541,16565,9321,7244
06,086,gurgaon,Urban,12,18329,10181,8148,1205,567,638,17124,9614,7510
06,086,gurgaon,Urban,13,16831,9299,7532,980,448,532,15851,8851,7000
06,086,gurgaon,Urban,14,17039,9385,7654,1004,464,540,16035,8921,7114
06,086,gurgaon,Urban,15,17356,9769,7587,1180,626,554,16176,9143,7033
06,086,gurgaon,Urban,16,17005,9573,7432,1095,553,542,15910,9020,6890
06,086,gurgaon,Urban,17,15508,8811,6697,1021,538,483,14487,8273,6214
06,086,gurgaon,Urban,18,20119,11769,8350,1835,1006,829,18284,10763,7521
06,086,gurgaon,Urban,19,16896,9860,7036,1365,732,633,15531,9128,6403
06,086,gurgaon,Urban,20-24,102650,57136,45514,10429,4854,5575,92221,52282,39939
06,086,gurgaon,Urban,25-29,114874,60005,54869,12222,4876,7346,102652,55129,47523
06,086,gurgaon,Urban,30-34,106173,56731,49442,11810,4533,7277,94363,52198,42165
06,086,gurgaon,Urban,35-39,91042,49537,41505,12635,4607,8028,78407,44930,33477
06,086,gurgaon,Urban,40-44,66723,37348,29375,11113,4093,7020,55610,33255,22355
06,086,gurgaon,Urban,45-49,49706,27399,22307,9314,3090,6224,40392,24309,16083
06,086,gurgaon,Urban,50-54,37919,20190,17729,7119,2293,4826,30800,17897,12903
06,086,gurgaon,Urban,55-59,29919,14887,15032,5479,1451,4028,24440,13436,11004
06,086,gurgaon,Urban,60-64,28104,13865,14239,6414,1730,4684,21690,12135,9555
06,086,gurgaon,Urban,65-69,18619,9839,8780,4134,1085,3049,14485,8754,5731
06,086,gurgaon,Urban,70-74,12848,6552,6296,3655,1017,2638,9193,5535,3658
06,086,gurgaon,Urban,75-79,6985,3614,3371,2074,561,1513,4911,3053,1858
06,086,gurgaon,Urban,80+,8284,3953,4331,3318,985,2333,4966,2968,1998
06,086,gurgaon,Urban,Age not stated,392,220,172,84,43,41,308,177,131
06,087,mewat,Total,All ages,1089263,571162,518101,634366,262727,371639,454897,308435,146462
06,087,mewat,Total,0-6,248128,130168,117960,248128,130168,117960,0,0,0
06,087,mewat,Total,7,33174,17560,15614,14406,6601,7805,18768,10959,7809
06,087,mewat,Total,8,37900,20047,17853,11495,4745,6750,26405,15302,11103
06,087,mewat,Total,9,29837,15878,13959,7289,2797,4492,22548,13081,9467
06,087,mewat,Total,10,39134,20859,18275,9421,3451,5970,29713,17408,12305
06,087,mewat,Total,11,28997,15622,13375,6012,1981,4031,22985,13641,9344
06,087,mewat,Total,12,34857,18843,16014,7938,2394,5544,26919,16449,10470
06,087,mewat,Total,13,27760,14821,12939,6686,1952,4734,21074,12869,8205
06,087,mewat,Total,14,29437,15908,13529,8035,2417,5618,21402,13491,7911
06,087,mewat,Total,15,26793,14619,12174,7993,2424,5569,18800,12195,6605
06,087,mewat,Total,16,25913,14097,11816,8264,2451,5813,17649,11646,6003
06,087,mewat,Total,17,19798,10690,9108,6632,1888,4744,13166,8802,4364
06,087,mewat,Total,18,27366,14650,12716,10356,3010,7346,17010,11640,5370
06,087,mewat,Total,19,18032,9229,8803,7095,1729,5366,10937,7500,3437
06,087,mewat,Total,20-24,93889,49309,44580,41665,11450,30215,52224,37859,14365
06,087,mewat,Total,25-29,69915,36664,33251,34488,10255,24233,35427,26409,9018
06,087,mewat,Total,30-34,56654,28320,28334,30851,8999,21852,25803,19321,6482
06,087,mewat,Total,35-39,52633,26644,25989,30484,9226,21258,22149,17418,4731
06,087,mewat,Total,40-44,43918,23196,20722,27586,9857,17729,16332,13339,2993
06,087,mewat,Total,45-49,33711,17621,16090,22947,8802,14145,10764,8819,1945
06,087,mewat,Total,50-54,25528,13713,11815,18235,7763,10472,7293,5950,1343
06,087,mewat,Total,55-59,20272,9482,10790,15178,5346,9832,5094,4136,958
06,087,mewat,Total,60-64,25498,12673,12825,19941,8108,11833,5557,4565,992
06,087,mewat,Total,65-69,15802,8059,7743,12730,5512,7218,3072,2547,525
06,087,mewat,Total,70-74,10899,5786,5113,9145,4312,4833,1754,1474,280
06,087,mewat,Total,75-79,5365,2680,2685,4562,2017,2545,803,663,140
06,087,mewat,Total,80+,7324,3630,3694,6361,2873,3488,963,757,206
06,087,mewat,Total,Age not stated,729,394,335,443,199,244,286,195,91
06,087,mewat,Rural,All ages,965157,506086,459071,580408,240000,340408,384749,266086,118663
06,087,mewat,Rural,0-6,225069,117967,107102,225069,117967,107102,0,0,0
06,087,mewat,Rural,7,29848,15760,14088,13335,6066,7269,16513,9694,6819
06,087,mewat,Rural,8,34231,18096,16135,10740,4438,6302,23491,13658,9833
06,087,mewat,Rural,9,26756,14223,12533,6791,2565,4226,19965,11658,8307
06,087,mewat,Rural,10,35381,18804,16577,8827,3184,5643,26554,15620,10934
06,087,mewat,Rural,11,26049,14060,11989,5576,1802,3774,20473,12258,8215
06,087,mewat,Rural,12,31392,17015,14377,7434,2189,5245,23958,14826,9132
06,087,mewat,Rural,13,24792,13240,11552,6243,1777,4466,18549,11463,7086
06,087,mewat,Rural,14,26366,14276,12090,7522,2224,5298,18844,12052,6792
06,087,mewat,Rural,15,23843,13027,10816,7484,2222,5262,16359,10805,5554
06,087,mewat,Rural,16,23097,12589,10508,7721,2243,5478,15376,10346,5030
06,087,mewat,Rural,17,17430,9360,8070,6201,1726,4475,11229,7634,3595
06,087,mewat,Rural,18,24119,12900,11219,9630,2760,6870,14489,10140,4349
06,087,mewat,Rural,19,15847,8037,7810,6633,1580,5053,9214,6457,2757
06,087,mewat,Rural,20-24,82290,43260,39030,38725,10601,28124,43565,32659,10906
06,087,mewat,Rural,25-29,60517,31784,28733,31650,9401,22249,28867,22383,6484
06,087,mewat,Rural,30-34,48836,24392,24444,28253,8253,20000,20583,16139,4444
06,087,mewat,Rural,35-39,45348,22971,22377,27690,8428,19262,17658,14543,3115
06,087,mewat,Rural,40-44,37838,19980,17858,25143,9074,16069,12695,10906,1789
06,087,mewat,Rural,45-49,28787,15021,13766,20807,8061,12746,7980,6960,1020
06,087,mewat,Rural,50-54,21889,11766,10123,16630,7171,9459,5259,4595,664
06,087,mewat,Rural,55-59,17499,8098,9401,13892,4963,8929,3607,3135,472
06,087,mewat,Rural,60-64,22549,11235,11314,18281,7545,10736,4268,3690,578
06,087,mewat,Rural,65-69,13971,7131,6840,11616,5098,6518,2355,2033,322
06,087,mewat,Rural,70-74,9599,5134,4465,8287,3981,4306,1312,1153,159
06,087,mewat,Rural,75-79,4709,2376,2333,4118,1869,2249,591,507,84
06,087,mewat,Rural,80+,6510,3265,3245,5759,2661,3098,751,604,147
06,087,mewat,Rural,Age not stated,595,319,276,351,151,200,244,168,76
06,087,mewat,Urban,All ages,124106,65076,59030,53958,22727,31231,70148,42349,27799
06,087,mewat,Urban,0-6,23059,12201,10858,23059,12201,10858,0,0,0
06,087,mewat,Urban,7,3326,1800,1526,1071,535,536,2255,1265,990
06,087,mewat,Urban,8,3669,1951,1718,755,307,448,2914,1644,1270
06,087,mewat,Urban,9,3081,1655,1426,498,232,266,2583,1423,1160
06,087,mewat,Urban,10,3753,2055,1698,594,267,327,3159,1788,1371
06,087,mewat,Urban,11,2948,1562,1386,436,179,257,2512,1383,1129
06,087,mewat,Urban,12,3465,1828,1637,504,205,299,2961,1623,1338
06,087,mewat,Urban,13,2968,1581,1387,443,175,268,2525,1406,1119
06,087,mewat,Urban,14,3071,1632,1439,513,193,320,2558,1439,1119
06,087,mewat,Urban,15,2950,1592,1358,509,202,307,2441,1390,1051
06,087,mewat,Urban,16,2816,1508,1308,543,208,335,2273,1300,973
06,087,mewat,Urban,17,2368,1330,1038,431,162,269,1937,1168,769
06,087,mewat,Urban,18,3247,1750,1497,726,250,476,2521,1500,1021
06,087,mewat,Urban,19,2185,1192,993,462,149,313,1723,1043,680
06,087,mewat,Urban,20-24,11599,6049,5550,2940,849,2091,8659,5200,3459
06,087,mewat,Urban,25-29,9398,4880,4518,2838,854,1984,6560,4026,2534
06,087,mewat,Urban,30-34,7818,3928,3890,2598,746,1852,5220,3182,2038
06,087,mewat,Urban,35-39,7285,3673,3612,2794,798,1996,4491,2875,1616
06,087,mewat,Urban,40-44,6080,3216,2864,2443,783,1660,3637,2433,1204
06,087,mewat,Urban,45-49,4924,2600,2324,2140,741,1399,2784,1859,925
06,087,mewat,Urban,50-54,3639,1947,1692,1605,592,1013,2034,1355,679
06,087,mewat,Urban,55-59,2773,1384,1389,1286,383,903,1487,1001,486
06,087,mewat,Urban,60-64,2949,1438,1511,1660,563,1097,1289,875,414
06,087,mewat,Urban,65-69,1831,928,903,1114,414,700,717,514,203
06,087,mewat,Urban,70-74,1300,652,648,858,331,527,442,321,121
06,087,mewat,Urban,75-79,656,304,352,444,148,296,212,156,56
06,087,mewat,Urban,80+,814,365,449,602,212,390,212,153,59
06,087,mewat,Urban,Age not stated,134,75,59,92,48,44,42,27,15
06,088,faridabad,Total,All ages,1809733,966110,843623,536994,231170,305824,1272739,734940,537799
06,088,faridabad,Total,0-6,251955,136679,115276,251955,136679,115276,0,0,0
06,088,faridabad,Total,7,37435,20283,17152,8416,4311,4105,29019,15972,13047
06,088,faridabad,Total,8,38406,20798,17608,5330,2623,2707,33076,18175,14901
06,088,faridabad,Total,9,34807,19118,15689,3575,1788,1787,31232,17330,13902
06,088,faridabad,Total,10,43147,23907,19240,4301,2121,2180,38846,21786,17060
06,088,faridabad,Total,11,36946,20383,16563,2760,1291,1469,34186,19092,15094
06,088,faridabad,Total,12,39955,21884,18071,2963,1352,1611,36992,20532,16460
06,088,faridabad,Total,13,36035,19446,16589,2473,1100,1373,33562,18346,15216
06,088,faridabad,Total,14,37902,20665,17237,2768,1178,1590,35134,19487,15647
06,088,faridabad,Total,15,38063,21092,16971,3028,1372,1656,35035,19720,15315
06,088,faridabad,Total,16,37064,20443,16621,3000,1348,1652,34064,19095,14969
06,088,faridabad,Total,17,34137,19054,15083,2666,1238,1428,31471,17816,13655
06,088,faridabad,Total,18,42710,24021,18689,4177,1848,2329,38533,22173,16360
06,088,faridabad,Total,19,33967,18807,15160,3181,1325,1856,30786,17482,13304
06,088,faridabad,Total,20-24,183097,95954,87143,21948,7440,14508,161149,88514,72635
06,088,faridabad,Total,25-29,169976,86977,82999,26034,8008,18026,143942,78969,64973
06,088,faridabad,Total,30-34,146586,75110,71476,27407,7678,19729,119179,67432,51747
06,088,faridabad,Total,35-39,136115,70887,65228,31342,8827,22515,104773,62060,42713
06,088,faridabad,Total,40-44,108868,58575,50293,28441,8573,19868,80427,50002,30425
06,088,faridabad,Total,45-49,89749,48392,41357,25004,7537,17467,64745,40855,23890
06,088,faridabad,Total,50-54,67430,36914,30516,18699,5876,12823,48731,31038,17693
06,088,faridabad,Total,55-59,50587,26645,23942,14523,4004,10519,36064,22641,13423
06,088,faridabad,Total,60-64,45359,23861,21498,15168,4578,10590,30191,19283,10908
06,088,faridabad,Total,65-69,27231,14513,12718,9698,2959,6739,17533,11554,5979
06,088,faridabad,Total,70-74,18485,9730,8755,7554,2489,5065,10931,7241,3690
06,088,faridabad,Total,75-79,9385,4828,4557,4011,1315,2696,5374,3513,1861
06,088,faridabad,Total,80+,12552,6195,6357,6060,2118,3942,6492,4077,2415
06,088,faridabad,Total,Age not stated,1784,949,835,512,194,318,1272,755,517
06,088,faridabad,Rural,All ages,370878,198103,172775,143856,58386,85470,227022,139717,87305
06,088,faridabad,Rural,0-6,60653,33077,27576,60653,33077,27576,0,0,0
06,088,faridabad,Rural,7,8429,4599,3830,1967,999,968,6462,3600,2862
06,088,faridabad,Rural,8,9443,5105,4338,1409,663,746,8034,4442,3592
06,088,faridabad,Rural,9,7766,4240,3526,791,359,432,6975,3881,3094
06,088,faridabad,Rural,10,9724,5362,4362,1007,460,547,8717,4902,3815
06,088,faridabad,Rural,11,8229,4505,3724,671,269,402,7558,4236,3322
06,088,faridabad,Rural,12,9448,5198,4250,855,316,539,8593,4882,3711
06,088,faridabad,Rural,13,8370,4582,3788,709,262,447,7661,4320,3341
06,088,faridabad,Rural,14,8920,4810,4110,851,297,554,8069,4513,3556
06,088,faridabad,Rural,15,8801,4910,3891,897,347,550,7904,4563,3341
06,088,faridabad,Rural,16,8618,4680,3938,914,358,556,7704,4322,3382
06,088,faridabad,Rural,17,7547,4199,3348,800,311,489,6747,3888,2859
06,088,faridabad,Rural,18,9989,5435,4554,1321,491,830,8668,4944,3724
06,088,faridabad,Rural,19,7379,3983,3396,980,348,632,6399,3635,2764
06,088,faridabad,Rural,20-24,38970,20657,18313,6413,1923,4490,32557,18734,13823
06,088,faridabad,Rural,25-29,31180,16570,14610,6872,1954,4918,24308,14616,9692
06,088,faridabad,Rural,30-34,25565,13281,12284,7107,1846,5261,18458,11435,7023
06,088,faridabad,Rural,35-39,23333,12208,11125,8114,2008,6106,15219,10200,5019
06,088,faridabad,Rural,40-44,18914,9982,8932,7914,2053,5861,11000,7929,3071
06,088,faridabad,Rural,45-49,15130,8130,7000,7126,1912,5214,8004,6218,1786
06,088,faridabad,Rural,50-54,11113,5973,5140,5556,1556,4000,5557,4417,1140
06,088,faridabad,Rural,55-59,8382,4211,4171,4498,1130,3368,3884,3081,803
06,088,faridabad,Rural,60-64,8751,4256,4495,5369,1547,3822,3382,2709,673
06,088,faridabad,Rural,65-69,5785,2870,2915,3756,1161,2595,2029,1709,320
06,088,faridabad,Rural,70-74,4385,2195,2190,3055,1046,2009,1330,1149,181
06,088,faridabad,Rural,75-79,2268,1117,1151,1676,624,1052,592,493,99
06,088,faridabad,Rural,80+,3314,1705,1609,2430,1026,1404,884,679,205
06,088,faridabad,Rural,Age not stated,472,263,209,145,43,102,327,220,107
06,088,faridabad,Urban,All ages,1438855,768007,670848,393138,172784,220354,1045717,595223,450494
06,088,faridabad,Urban,0-6,191302,103602,87700,191302,103602,87700,0,0,0
06,088,faridabad,Urban,7,29006,15684,13322,6449,3312,3137,22557,12372,10185
06,088,faridabad,Urban,8,28963,15693,13270,3921,1960,1961,25042,13733,11309
06,088,faridabad,Urban,9,27041,14878,12163,2784,1429,1355,24257,13449,10808
06,088,faridabad,Urban,10,33423,18545,14878,3294,1661,1633,30129,16884,13245
06,088,faridabad,Urban,11,28717,15878,12839,2089,1022,1067,26628,14856,11772
06,088,faridabad,Urban,12,30507,16686,13821,2108,1036,1072,28399,15650,12749
06,088,faridabad,Urban,13,27665,14864,12801,1764,838,926,25901,14026,11875
06,088,faridabad,Urban,14,28982,15855,13127,1917,881,1036,27065,14974,12091
06,088,faridabad,Urban,15,29262,16182,13080,2131,1025,1106,27131,15157,11974
06,088,faridabad,Urban,16,28446,15763,12683,2086,990,1096,26360,14773,11587
06,088,faridabad,Urban,17,26590,14855,11735,1866,927,939,24724,13928,10796
06,088,faridabad,Urban,18,32721,18586,14135,2856,1357,1499,29865,17229,12636
06,088,faridabad,Urban,19,26588,14824,11764,2201,977,1224,24387,13847,10540
06,088,faridabad,Urban,20-24,144127,75297,68830,15535,5517,10018,128592,69780,58812
06,088,faridabad,Urban,25-29,138796,70407,68389,19162,6054,13108,119634,64353,55281
06,088,faridabad,Urban,30-34,121021,61829,59192,20300,5832,14468,100721,55997,44724
06,088,faridabad,Urban,35-39,112782,58679,54103,23228,6819,16409,89554,51860,37694
06,088,faridabad,Urban,40-44,89954,48593,41361,20527,6520,14007,69427,42073,27354
06,088,faridabad,Urban,45-49,74619,40262,34357,17878,5625,12253,56741,34637,22104
06,088,faridabad,Urban,50-54,56317,30941,25376,13143,4320,8823,43174,26621,16553
06,088,faridabad,Urban,55-59,42205,22434,19771,10025,2874,7151,32180,19560,12620
06,088,faridabad,Urban,60-64,36608,19605,17003,9799,3031,6768,26809,16574,10235
06,088,faridabad,Urban,65-69,21446,11643,9803,5942,1798,4144,15504,9845,5659
06,088,faridabad,Urban,70-74,14100,7535,6565,4499,1443,3056,9601,6092,3509
06,088,faridabad,Urban,75-79,7117,3711,3406,2335,691,1644,4782,3020,1762
06,088,faridabad,Urban,80+,9238,4490,4748,3630,1092,2538,5608,3398,2210
06,088,faridabad,Urban,Age not stated,1312,686,626,367,151,216,945,535,410
06,089,palwal,Total,All ages,1042708,554497,488211,442912,174801,268111,599796,379696,220100
06,089,palwal,Total,0-6,177494,95132,82362,177494,95132,82362,0,0,0
06,089,palwal,Total,7,24634,13385,11249,6423,3150,3273,18211,10235,7976
06,089,palwal,Total,8,27193,14501,12692,4151,1858,2293,23042,12643,10399
06,089,palwal,Total,9,23547,12572,10975,2630,1054,1576,20917,11518,9399
06,089,palwal,Total,10,29862,16349,13513,3331,1318,2013,26531,15031,11500
06,089,palwal,Total,11,24413,13330,11083,2059,712,1347,22354,12618,9736
06,089,palwal,Total,12,28715,15708,13007,2633,880,1753,26082,14828,11254
06,089,palwal,Total,13,24473,13226,11247,2270,712,1558,22203,12514,9689
06,089,palwal,Total,14,26064,14137,11927,2743,842,1901,23321,13295,10026
06,089,palwal,Total,15,25554,14235,11319,3034,1043,1991,22520,13192,9328
06,089,palwal,Total,16,25218,14155,11063,3157,1079,2078,22061,13076,8985
06,089,palwal,Total,17,20859,11850,9009,2691,903,1788,18168,10947,7221
06,089,palwal,Total,18,27585,15585,12000,4526,1431,3095,23059,14154,8905
06,089,palwal,Total,19,19641,10861,8780,3213,849,2364,16428,10012,6416
06,089,palwal,Total,20-24,100067,53912,46155,21432,5526,15906,78635,48386,30249
06,089,palwal,Total,25-29,78870,41768,37102,21578,5375,16203,57292,36393,20899
06,089,palwal,Total,30-34,65073,32827,32246,22238,5054,17184,42835,27773,15062
06,089,palwal,Total,35-39,62084,31737,30347,25121,6001,19120,36963,25736,11227
06,089,palwal,Total,40-44,53307,27642,25665,24882,6478,18404,28425,21164,7261
06,089,palwal,Total,45-49,43579,23017,20562,22041,6273,15768,21538,16744,4794
06,089,palwal,Total,50-54,32837,17764,15073,17500,5570,11930,15337,12194,3143
06,089,palwal,Total,55-59,25310,12678,12632,14424,4061,10363,10886,8617,2269
06,089,palwal,Total,60-64,27242,13311,13931,17488,5495,11993,9754,7816,1938
06,089,palwal,Total,65-69,18214,9104,9110,12362,4326,8036,5852,4778,1074
06,089,palwal,Total,70-74,13612,7021,6591,10122,4052,6070,3490,2969,521
06,089,palwal,Total,75-79,7015,3522,3493,5425,2204,3221,1590,1318,272
06,089,palwal,Total,80+,9683,4862,4821,7627,3274,4353,2056,1588,468
06,089,palwal,Total,Age not stated,563,306,257,317,149,168,246,157,89
06,089,palwal,Rural,All ages,806164,428907,377257,364179,141547,222632,441985,287360,154625
06,089,palwal,Rural,0-6,143766,76705,67061,143766,76705,67061,0,0,0
06,089,palwal,Rural,7,19647,10644,9003,5262,2543,2719,14385,8101,6284
06,089,palwal,Rural,8,21989,11633,10356,3485,1487,1998,18504,10146,8358
06,089,palwal,Rural,9,18769,9995,8774,2160,847,1313,16609,9148,7461
06,089,palwal,Rural,10,23763,12895,10868,2714,996,1718,21049,11899,9150
06,089,palwal,Rural,11,19319,10495,8824,1745,546,1199,17574,9949,7625
06,089,palwal,Rural,12,22835,12491,10344,2252,690,1562,20583,11801,8782
06,089,palwal,Rural,13,19326,10451,8875,1950,552,1398,17376,9899,7477
06,089,palwal,Rural,14,20573,11180,9393,2352,668,1684,18221,10512,7709
06,089,palwal,Rural,15,19889,11084,8805,2554,791,1763,17335,10293,7042
06,089,palwal,Rural,16,19809,11128,8681,2667,833,1834,17142,10295,6847
06,089,palwal,Rural,17,15887,9060,6827,2246,691,1555,13641,8369,5272
06,089,palwal,Rural,18,21415,12172,9243,3811,1096,2715,17604,11076,6528
06,089,palwal,Rural,19,14929,8318,6611,2725,663,2062,12204,7655,4549
06,089,palwal,Rural,20-24,75797,41069,34728,17978,4313,13665,57819,36756,21063
06,089,palwal,Rural,25-29,59044,31485,27559,17888,4238,13650,41156,27247,13909
06,089,palwal,Rural,30-34,48752,24583,24169,18515,4022,14493,30237,20561,9676
06,089,palwal,Rural,35-39,46088,23632,22456,20462,4677,15785,25626,18955,6671
06,089,palwal,Rural,40-44,39504,20402,19102,20351,5181,15170,19153,15221,3932
06,089,palwal,Rural,45-49,32070,16988,15082,18099,5137,12962,13971,11851,2120
06,089,palwal,Rural,50-54,24197,13096,11101,14422,4627,9795,9775,8469,1306
06,089,palwal,Rural,55-59,18800,9323,9477,11921,3398,8523,6879,5925,954
06,089,palwal,Rural,60-64,21083,10295,10788,14623,4672,9951,6460,5623,837
06,089,palwal,Rural,65-69,14278,7125,7153,10495,3786,6709,3783,3339,444
06,089,palwal,Rural,70-74,10874,5635,5239,8543,3517,5026,2331,2118,213
06,089,palwal,Rural,75-79,5652,2861,2791,4610,1930,2680,1042,931,111
06,089,palwal,Rural,80+,7655,3917,3738,6333,2826,3507,1322,1091,231
06,089,palwal,Rural,Age not stated,454,245,209,250,115,135,204,130,74
06,089,palwal,Urban,All ages,236544,125590,110954,78733,33254,45479,157811,92336,65475
06,089,palwal,Urban,0-6,33728,18427,15301,33728,18427,15301,0,0,0
06,089,palwal,Urban,7,4987,2741,2246,1161,607,554,3826,2134,1692
06,089,palwal,Urban,8,5204,2868,2336,666,371,295,4538,2497,2041
06,089,palwal,Urban,9,4778,2577,2201,470,207,263,4308,2370,1938
06,089,palwal,Urban,10,6099,3454,2645,617,322,295,5482,3132,2350
06,089,palwal,Urban,11,5094,2835,2259,314,166,148,4780,2669,2111
06,089,palwal,Urban,12,5880,3217,2663,381,190,191,5499,3027,2472
06,089,palwal,Urban,13,5147,2775,2372,320,160,160,4827,2615,2212
06,089,palwal,Urban,14,5491,2957,2534,391,174,217,5100,2783,2317
06,089,palwal,Urban,15,5665,3151,2514,480,252,228,5185,2899,2286
06,089,palwal,Urban,16,5409,3027,2382,490,246,244,4919,2781,2138
06,089,palwal,Urban,17,4972,2790,2182,445,212,233,4527,2578,1949
06,089,palwal,Urban,18,6170,3413,2757,715,335,380,5455,3078,2377
06,089,palwal,Urban,19,4712,2543,2169,488,186,302,4224,2357,1867
06,089,palwal,Urban,20-24,24270,12843,11427,3454,1213,2241,20816,11630,9186
06,089,palwal,Urban,25-29,19826,10283,9543,3690,1137,2553,16136,9146,6990
06,089,palwal,Urban,30-34,16321,8244,8077,3723,1032,2691,12598,7212,5386
06,089,palwal,Urban,35-39,15996,8105,7891,4659,1324,3335,11337,6781,4556
06,089,palwal,Urban,40-44,13803,7240,6563,4531,1297,3234,9272,5943,3329
06,089,palwal,Urban,45-49,11509,6029,5480,3942,1136,2806,7567,4893,2674
06,089,palwal,Urban,50-54,8640,4668,3972,3078,943,2135,5562,3725,1837
06,089,palwal,Urban,55-59,6510,3355,3155,2503,663,1840,4007,2692,1315
06,089,palwal,Urban,60-64,6159,3016,3143,2865,823,2042,3294,2193,1101
06,089,palwal,Urban,65-69,3936,1979,1957,1867,540,1327,2069,1439,630
06,089,palwal,Urban,70-74,2738,1386,1352,1579,535,1044,1159,851,308
06,089,palwal,Urban,75-79,1363,661,702,815,274,541,548,387,161
06,089,palwal,Urban,80+,2028,945,1083,1294,448,846,734,497,237
06,089,palwal,Urban,Age not stated,109,61,48,67,34,33,42,27,15
31,587,lakshadweep,Total,All ages,64473,33123,31350,11920,5100,6820,52553,28023,24530
31,587,lakshadweep,Total,0-6,7255,3797,3458,7255,3797,3458,0,0,0
31,587,lakshadweep,Total,7,1111,566,545,335,168,167,776,398,378
31,587,lakshadweep,Total,8,905,450,455,79,39,40,826,411,415
31,587,lakshadweep,Total,9,1188,595,593,76,35,41,1112,560,552
31,587,lakshadweep,Total,10,1319,641,678,72,31,41,1247,610,637
31,587,lakshadweep,Total,11,1249,606,643,44,26,18,1205,580,625
31,587,lakshadweep,Total,12,1161,537,624,13,5,8,1148,532,616
31,587,lakshadweep,Total,13,1150,519,631,5,3,2,1145,516,629
31,587,lakshadweep,Total,14,1119,551,568,12,3,9,1107,548,559
31,587,lakshadweep,Total,15,1159,586,573,8,5,3,1151,581,570
31,587,lakshadweep,Total,16,1133,530,603,12,4,8,1121,526,595
31,587,lakshadweep,Total,17,1152,564,588,18,8,10,1134,556,578
31,587,lakshadweep,Total,18,1140,579,561,19,9,10,1121,570,551
31,587,lakshadweep,Total,19,1040,549,491,25,15,10,1015,534,481
31,587,lakshadweep,Total,20-24,5829,3071,2758,113,60,53,5716,3011,2705
31,587,lakshadweep,Total,25-29,5967,3135,2832,121,67,54,5846,3068,2778
31,587,lakshadweep,Total,30-34,5437,2777,2660,130,53,77,5307,2724,2583
31,587,lakshadweep,Total,35-39,5389,2756,2633,173,57,116,5216,2699,2517
31,587,lakshadweep,Total,40-44,4608,2453,2155,245,69,176,4363,2384,1979
31,587,lakshadweep,Total,45-49,3810,1975,1835,285,59,226,3525,1916,1609
31,587,lakshadweep,Total,50-54,3066,1625,1441,367,48,319,2699,1577,1122
31,587,lakshadweep,Total,55-59,2901,1513,1388,497,65,432,2404,1448,956
31,587,lakshadweep,Total,60-64,2034,1046,988,548,93,455,1486,953,533
31,587,lakshadweep,Total,65-69,1413,753,660,529,117,412,884,636,248
31,587,lakshadweep,Total,70-74,849,410,439,419,105,314,430,305,125
31,587,lakshadweep,Total,75-79,493,244,249,242,80,162,251,164,87
31,587,lakshadweep,Total,80+,481,221,260,247,61,186,234,160,74
31,587,lakshadweep,Total,Age not stated,115,74,41,31,18,13,84,56,28
31,587,lakshadweep,Rural,All ages,14141,7243,6898,2853,1294,1559,11288,5949,5339
31,587,lakshadweep,Rural,0-6,1815,950,865,1815,950,865,0,0,0
31,587,lakshadweep,Rural,7,272,136,136,122,61,61,150,75,75
31,587,lakshadweep,Rural,8,237,114,123,43,21,22,194,93,101
31,587,lakshadweep,Rural,9,295,158,137,27,15,12,268,143,125
31,587,lakshadweep,Rural,10,312,154,158,16,8,8,296,146,150
31,587,lakshadweep,Rural,11,319,151,168,16,11,5,303,140,163
31,587,lakshadweep,Rural,12,256,119,137,4,1,3,252,118,134
31,587,lakshadweep,Rural,13,262,98,164,1,0,1,261,98,163
31,587,lakshadweep,Rural,14,240,90,150,2,0,2,238,90,148
31,587,lakshadweep,Rural,15,235,111,124,1,1,0,234,110,124
31,587,lakshadweep,Rural,16,217,81,136,3,0,3,214,81,133
31,587,lakshadweep,Rural,17,231,109,122,3,1,2,228,108,120
31,587,lakshadweep,Rural,18,247,117,130,4,2,2,243,115,128
31,587,lakshadweep,Rural,19,217,107,110,4,2,2,213,105,108
31,587,lakshadweep,Rural,20-24,1280,680,600,28,15,13,1252,665,587
31,587,lakshadweep,Rural,25-29,1305,682,623,25,17,8,1280,665,615
31,587,lakshadweep,Rural,30-34,1235,642,593,30,13,17,1205,629,576
31,587,lakshadweep,Rural,35-39,1116,590,526,32,11,21,1084,579,505
31,587,lakshadweep,Rural,40-44,916,478,438,33,12,21,883,466,417
31,587,lakshadweep,Rural,45-49,762,405,357,39,15,24,723,390,333
31,587,lakshadweep,Rural,50-54,669,368,301,51,11,40,618,357,261
31,587,lakshadweep,Rural,55-59,577,298,279,94,13,81,483,285,198
31,587,lakshadweep,Rural,60-64,425,227,198,113,20,93,312,207,105
31,587,lakshadweep,Rural,65-69,319,175,144,135,26,109,184,149,35
31,587,lakshadweep,Rural,70-74,170,75,95,108,26,82,62,49,13
31,587,lakshadweep,Rural,75-79,95,53,42,58,25,33,37,28,9
31,587,lakshadweep,Rural,80+,90,55,35,43,15,28,47,40,7
31,587,lakshadweep,Rural,Age not stated,27,20,7,3,2,1,24,18,6
31,587,lakshadweep,Urban,All ages,50332,25880,24452,9067,3806,5261,41265,22074,19191
31,587,lakshadweep,Urban,0-6,5440,2847,2593,5440,2847,2593,0,0,0
31,587,lakshadweep,Urban,7,839,430,409,213,107,106,626,323,303
31,587,lakshadweep,Urban,8,668,336,332,36,18,18,632,318,314
31,587,lakshadweep,Urban,9,893,437,456,49,20,29,844,417,427
31,587,lakshadweep,Urban,10,1007,487,520,56,23,33,951,464,487
31,587,lakshadweep,Urban,11,930,455,475,28,15,13,902,440,462
31,587,lakshadweep,Urban,12,905,418,487,9,4,5,896,414,482
31,587,lakshadweep,Urban,13,888,421,467,4,3,1,884,418,466
31,587,lakshadweep,Urban,14,879,461,418,10,3,7,869,458,411
31,587,lakshadweep,Urban,15,924,475,449,7,4,3,917,471,446
31,587,lakshadweep,Urban,16,916,449,467,9,4,5,907,445,462
31,587,lakshadweep,Urban,17,921,455,466,15,7,8,906,448,458
31,587,lakshadweep,Urban,18,893,462,431,15,7,8,878,455,423
31,587,lakshadweep,Urban,19,823,442,381,21,13,8,802,429,373
31,587,lakshadweep,Urban,20-24,4549,2391,2158,85,45,40,4464,2346,2118
31,587,lakshadweep,Urban,25-29,4662,2453,2209,96,50,46,4566,2403,2163
31,587,lakshadweep,Urban,30-34,4202,2135,2067,100,40,60,4102,2095,2007
31,587,lakshadweep,Urban,35-39,4273,2166,2107,141,46,95,4132,2120,2012
31,587,lakshadweep,Urban,40-44,3692,1975,1717,212,57,155,3480,1918,1562
31,587,lakshadweep,Urban,45-49,3048,1570,1478,246,44,202,2802,1526,1276
31,587,lakshadweep,Urban,50-54,2397,1257,1140,316,37,279,2081,1220,861
31,587,lakshadweep,Urban,55-59,2324,1215,1109,403,52,351,1921,1163,758
31,587,lakshadweep,Urban,60-64,1609,819,790,435,73,362,1174,746,428
31,587,lakshadweep,Urban,65-69,1094,578,516,394,91,303,700,487,213
31,587,lakshadweep,Urban,70-74,679,335,344,311,79,232,368,256,112
31,587,lakshadweep,Urban,75-79,398,191,207,184,55,129,214,136,78
31,587,lakshadweep,Urban,80+,391,166,225,204,46,158,187,120,67
31,587,lakshadweep,Urban,Age not stated,88,54,34,28,16,12,60,38,22
20,346,garhwa,Total,All ages,1322784,683575,639209,669308,278414,390894,653476,405161,248315
20,346,garhwa,Total,0-6,239664,122305,117359,239664,122305,117359,0,0,0
20,346,garhwa,Total,7,33554,17012,16542,11737,5615,6122,21817,11397,10420
20,346,garhwa,Total,8,44268,22449,21819,8642,3895,4747,35626,18554,17072
20,346,garhwa,Total,9,30454,15461,14993,3880,1719,2161,26574,13742,12832
20,346,garhwa,Total,10,48451,24947,23504,5623,2463,3160,42828,22484,20344
20,346,garhwa,Total,11,32147,16540,15607,2746,1144,1602,29401,15396,14005
20,346,garhwa,Total,12,44760,23101,21659,4216,1719,2497,40544,21382,19162
20,346,garhwa,Total,13,32536,16587,15949,2695,986,1709,29841,15601,14240
20,346,garhwa,Total,14,33751,17295,16456,3103,1139,1964,30648,16156,14492
20,346,garhwa,Total,15,32119,17325,14794,3935,1557,2378,28184,15768,12416
20,346,garhwa,Total,16,28028,15311,12717,3707,1379,2328,24321,13932,10389
20,346,garhwa,Total,17,18018,10147,7871,2516,872,1644,15502,9275,6227
20,346,garhwa,Total,18,28293,16370,11923,5922,1924,3998,22371,14446,7925
20,346,garhwa,Total,19,15396,8327,7069,3346,876,2470,12050,7451,4599
20,346,garhwa,Total,20-24,101489,53035,48454,33116,8967,24149,68373,44068,24305
20,346,garhwa,Total,25-29,97941,49152,48789,42816,12435,30381,55125,36717,18408
20,346,garhwa,Total,30-34,90036,45202,44834,45458,14135,31323,44578,31067,13511
20,346,garhwa,Total,35-39,78920,40998,37922,43655,15076,28579,35265,25922,9343
20,346,garhwa,Total,40-44,63932,33537,30395,38575,14227,24348,25357,19310,6047
20,346,garhwa,Total,45-49,51148,26539,24609,33263,12568,20695,17885,13971,3914
20,346,garhwa,Total,50-54,39226,21041,18185,26230,10780,15450,12996,10261,2735
20,346,garhwa,Total,55-59,33233,16274,16959,23115,8264,14851,10118,8010,2108
20,346,garhwa,Total,60-64,35840,17350,18490,26990,10187,16803,8850,7163,1687
20,346,garhwa,Total,65-69,31577,16364,15213,24136,10012,14124,7441,6352,1089
20,346,garhwa,Total,70-74,19202,10887,8315,15242,7388,7854,3960,3499,461
20,346,garhwa,Total,75-79,8566,4389,4177,6832,2891,3941,1734,1498,236
20,346,garhwa,Total,80+,9955,5471,4484,8009,3829,4180,1946,1642,304
20,346,garhwa,Total,Age not stated,280,159,121,139,62,77,141,97,44
20,346,garhwa,Rural,All ages,1253114,646947,606167,645586,268495,377091,607528,378452,229076
20,346,garhwa,Rural,0-6,229136,116898,112238,229136,116898,112238,0,0,0
20,346,garhwa,Rural,7,32007,16261,15746,11368,5442,5926,20639,10819,9820
20,346,garhwa,Rural,8,42480,21502,20978,8451,3810,4641,34029,17692,16337
20,346,garhwa,Rural,9,29122,14797,14325,3794,1689,2105,25328,13108,12220
20,346,garhwa,Rural,10,46319,23822,22497,5452,2383,3069,40867,21439,19428
20,346,garhwa,Rural,11,30681,15769,14912,2678,1111,1567,28003,14658,13345
20,346,garhwa,Rural,12,42802,22083,20719,4092,1662,2430,38710,20421,18289
20,346,garhwa,Rural,13,31005,15818,15187,2607,949,1658,28398,14869,13529
20,346,garhwa,Rural,14,32037,16401,15636,3011,1098,1913,29026,15303,13723
20,346,garhwa,Rural,15,30534,16531,14003,3821,1510,2311,26713,15021,11692
20,346,garhwa,Rural,16,26345,14404,11941,3581,1323,2258,22764,13081,9683
20,346,garhwa,Rural,17,16788,9506,7282,2444,843,1601,14344,8663,5681
20,346,garhwa,Rural,18,26534,15360,11174,5747,1846,3901,20787,13514,7273
20,346,garhwa,Rural,19,14368,7736,6632,3265,844,2421,11103,6892,4211
20,346,garhwa,Rural,20-24,95228,49688,45540,32233,8680,23553,62995,41008,21987
20,346,garhwa,Rural,25-29,92211,46162,46049,41675,12093,29582,50536,34069,16467
20,346,garhwa,Rural,30-34,84865,42540,42325,44239,13769,30470,40626,28771,11855
20,346,garhwa,Rural,35-39,74170,38505,35665,42327,14655,27672,31843,23850,7993
20,346,garhwa,Rural,40-44,60186,31462,28724,37412,13827,23585,22774,17635,5139
20,346,garhwa,Rural,45-49,48076,24898,23178,32126,12211,19915,15950,12687,3263
20,346,garhwa,Rural,50-54,36706,19675,17031,25316,10457,14859,11390,9218,2172
20,346,garhwa,Rural,55-59,31199,15202,15997,22271,8028,14243,8928,7174,1754
20,346,garhwa,Rural,60-64,33883,16342,17541,25994,9849,16145,7889,6493,1396
20,346,garhwa,Rural,65-69,30214,15637,14577,23406,9751,13655,6808,5886,922
20,346,garhwa,Rural,70-74,18272,10381,7891,14677,7178,7499,3595,3203,392
20,346,garhwa,Rural,75-79,8173,4177,3996,6617,2815,3802,1556,1362,194
20,346,garhwa,Rural,80+,9503,5237,4266,7711,3714,3997,1792,1523,269
20,346,garhwa,Rural,Age not stated,270,153,117,135,60,75,135,93,42
20,346,garhwa,Urban,All ages,69670,36628,33042,23722,9919,13803,45948,26709,19239
20,346,garhwa,Urban,0-6,10528,5407,5121,10528,5407,5121,0,0,0
20,346,garhwa,Urban,7,1547,751,796,369,173,196,1178,578,600
20,346,garhwa,Urban,8,1788,947,841,191,85,106,1597,862,735
20,346,garhwa,Urban,9,1332,664,668,86,30,56,1246,634,612
20,346,garhwa,Urban,10,2132,1125,1007,171,80,91,1961,1045,916
20,346,garhwa,Urban,11,1466,771,695,68,33,35,1398,738,660
20,346,garhwa,Urban,12,1958,1018,940,124,57,67,1834,961,873
20,346,garhwa,Urban,13,1531,769,762,88,37,51,1443,732,711
20,346,garhwa,Urban,14,1714,894,820,92,41,51,1622,853,769
20,346,garhwa,Urban,15,1585,794,791,114,47,67,1471,747,724
20,346,garhwa,Urban,16,1683,907,776,126,56,70,1557,851,706
20,346,garhwa,Urban,17,1230,641,589,72,29,43,1158,612,546
20,346,garhwa,Urban,18,1759,1010,749,175,78,97,1584,932,652
20,346,garhwa,Urban,19,1028,591,437,81,32,49,947,559,388
20,346,garhwa,Urban,20-24,6261,3347,2914,883,287,596,5378,3060,2318
20,346,garhwa,Urban,25-29,5730,2990,2740,1141,342,799,4589,2648,1941
20,346,garhwa,Urban,30-34,5171,2662,2509,1219,366,853,3952,2296,1656
20,346,garhwa,Urban,35-39,4750,2493,2257,1328,421,907,3422,2072,1350
20,346,garhwa,Urban,40-44,3746,2075,1671,1163,400,763,2583,1675,908
20,346,garhwa,Urban,45-49,3072,1641,1431,1137,357,780,1935,1284,651
20,346,garhwa,Urban,50-54,2520,1366,1154,914,323,591,1606,1043,563
20,346,garhwa,Urban,55-59,2034,1072,962,844,236,608,1190,836,354
20,346,garhwa,Urban,60-64,1957,1008,949,996,338,658,961,670,291
20,346,garhwa,Urban,65-69,1363,727,636,730,261,469,633,466,167
20,346,garhwa,Urban,70-74,930,506,424,565,210,355,365,296,69
20,346,garhwa,Urban,75-79,393,212,181,215,76,139,178,136,42
20,346,garhwa,Urban,80+,452,234,218,298,115,183,154,119,35
20,346,garhwa,Urban,Age not stated,10,6,4,4,2,2,6,4,2
20,347,chatra,Total,All ages,1042886,533935,508951,532825,230033,302792,510061,303902,206159
20,347,chatra,Total,0-6,195321,99312,96009,195321,99312,96009,0,0,0
20,347,chatra,Total,7,27852,14084,13768,9105,4301,4804,18747,9783,8964
20,347,chatra,Total,8,36149,18301,17848,7128,3238,3890,29021,15063,13958
20,347,chatra,Total,9,24353,12308,12045,3446,1533,1913,20907,10775,10132
20,347,chatra,Total,10,38816,20085,18731,5165,2342,2823,33651,17743,15908
20,347,chatra,Total,11,23622,12037,11585,2441,1031,1410,21181,11006,10175
20,347,chatra,Total,12,34627,18153,16474,3938,1725,2213,30689,16428,14261
20,347,chatra,Total,13,23697,12042,11655,2424,985,1439,21273,11057,10216
20,347,chatra,Total,14,24758,12706,12052,2869,1210,1659,21889,11496,10393
20,347,chatra,Total,15,25553,13753,11800,3705,1675,2030,21848,12078,9770
20,347,chatra,Total,16,21430,11422,10008,3278,1396,1882,18152,10026,8126
20,347,chatra,Total,17,14613,7886,6727,2340,871,1469,12273,7015,5258
20,347,chatra,Total,18,23993,13174,10819,5649,2011,3638,18344,11163,7181
20,347,chatra,Total,19,13421,6746,6675,3322,944,2378,10099,5802,4297
20,347,chatra,Total,20-24,84903,42912,41991,28029,8683,19346,56874,34229,22645
20,347,chatra,Total,25-29,79542,39533,40009,33631,11156,22475,45911,28377,17534
20,347,chatra,Total,30-34,70015,35159,34856,34739,12456,22283,35276,22703,12573
20,347,chatra,Total,35-39,61578,31371,30207,33984,12443,21541,27594,18928,8666
20,347,chatra,Total,40-44,49880,26347,23533,30272,12334,17938,19608,14013,5595
20,347,chatra,Total,45-49,41419,21242,20177,27366,10827,16539,14053,10415,3638
20,347,chatra,Total,50-54,32168,17223,14945,22317,9698,12619,9851,7525,2326
20,347,chatra,Total,55-59,26682,12610,14072,19371,7027,12344,7311,5583,1728
20,347,chatra,Total,60-64,26991,13937,13054,20738,8893,11845,6253,5044,1209
20,347,chatra,Total,65-69,17598,8834,8764,13662,5600,8062,3936,3234,702
20,347,chatra,Total,70-74,12403,6701,5702,9823,4512,5311,2580,2189,391
20,347,chatra,Total,75-79,4850,2445,2405,3836,1600,2236,1014,845,169
20,347,chatra,Total,80+,5990,3135,2855,4706,2108,2598,1284,1027,257
20,347,chatra,Total,Age not stated,662,477,185,220,122,98,442,355,87
20,347,chatra,Rural,All ages,979932,500211,479721,513335,221466,291869,466597,278745,187852
20,347,chatra,Rural,0-6,186068,94540,91528,186068,94540,91528,0,0,0
20,347,chatra,Rural,7,26415,13325,13090,8726,4107,4619,17689,9218,8471
20,347,chatra,Rural,8,34306,17352,16954,6874,3114,3760,27432,14238,13194
20,347,chatra,Rural,9,23112,11681,11431,3339,1481,1858,19773,10200,9573
20,347,chatra,Rural,10,36876,19064,17812,5002,2263,2739,31874,16801,15073
20,347,chatra,Rural,11,22340,11368,10972,2363,982,1381,19977,10386,9591
20,347,chatra,Rural,12,32698,17164,15534,3823,1659,2164,28875,15505,13370
20,347,chatra,Rural,13,22202,11281,10921,2345,947,1398,19857,10334,9523
20,347,chatra,Rural,14,23162,11896,11266,2762,1160,1602,20400,10736,9664
20,347,chatra,Rural,15,23924,12883,11041,3590,1620,1970,20334,11263,9071
20,347,chatra,Rural,16,19763,10531,9232,3156,1336,1820,16607,9195,7412
20,347,chatra,Rural,17,13431,7244,6187,2285,841,1444,11146,6403,4743
20,347,chatra,Rural,18,22149,12112,10037,5493,1930,3563,16656,10182,6474
20,347,chatra,Rural,19,12326,6155,6171,3244,905,2339,9082,5250,3832
20,347,chatra,Rural,20-24,78790,39485,39305,27376,8412,18964,51414,31073,20341
20,347,chatra,Rural,25-29,74279,36603,37676,32834,10876,21958,41445,25727,15718
20,347,chatra,Rural,30-34,65488,32840,32648,33755,12115,21640,31733,20725,11008
20,347,chatra,Rural,35-39,57382,29044,28338,32965,12087,20878,24417,16957,7460
20,347,chatra,Rural,40-44,46392,24363,22029,29314,11987,17327,17078,12376,4702
20,347,chatra,Rural,45-49,38680,19740,18940,26477,10531,15946,12203,9209,2994
20,347,chatra,Rural,50-54,29983,16009,13974,21544,9448,12096,8439,6561,1878
20,347,chatra,Rural,55-59,25095,11726,13369,18805,6853,11952,6290,4873,1417
20,347,chatra,Rural,60-64,25676,13268,12408,20104,8699,11405,5572,4569,1003
20,347,chatra,Rural,65-69,16760,8411,8349,13218,5467,7751,3542,2944,598
20,347,chatra,Rural,70-74,11767,6387,5380,9470,4391,5079,2297,1996,301
20,347,chatra,Rural,75-79,4587,2307,2280,3705,1561,2144,882,746,136
20,347,chatra,Rural,80+,5637,2970,2667,4483,2035,2448,1154,935,219
20,347,chatra,Rural,Age not stated,644,462,182,215,119,96,429,343,86
20,347,chatra,Urban,All ages,62954,33724,29230,19490,8567,10923,43464,25157,18307
20,347,chatra,Urban,0-6,9253,4772,4481,9253,4772,4481,0,0,0
20,347,chatra,Urban,7,1437,759,678,379,194,185,1058,565,493
20,347,chatra,Urban,8,1843,949,894,254,124,130,1589,825,764
20,347,chatra,Urban,9,1241,627,614,107,52,55,1134,575,559
20,347,chatra,Urban,10,1940,1021,919,163,79,84,1777,942,835
20,347,chatra,Urban,11,1282,669,613,78,49,29,1204,620,584
20,347,chatra,Urban,12,1929,989,940,115,66,49,1814,923,891
20,347,chatra,Urban,13,1495,761,734,79,38,41,1416,723,693
20,347,chatra,Urban,14,1596,810,786,107,50,57,1489,760,729
20,347,chatra,Urban,15,1629,870,759,115,55,60,1514,815,699
20,347,chatra,Urban,16,1667,891,776,122,60,62,1545,831,714
20,347,chatra,Urban,17,1182,642,540,55,30,25,1127,612,515
20,347,chatra,Urban,18,1844,1062,782,156,81,75,1688,981,707
20,347,chatra,Urban,19,1095,591,504,78,39,39,1017,552,465
20,347,chatra,Urban,20-24,6113,3427,2686,653,271,382,5460,3156,2304
20,347,chatra,Urban,25-29,5263,2930,2333,797,280,517,4466,2650,1816
20,347,chatra,Urban,30-34,4527,2319,2208,984,341,643,3543,1978,1565
20,347,chatra,Urban,35-39,4196,2327,1869,1019,356,663,3177,1971,1206
20,347,chatra,Urban,40-44,3488,1984,1504,958,347,611,2530,1637,893
20,347,chatra,Urban,45-49,2739,1502,1237,889,296,593,1850,1206,644
20,347,chatra,Urban,50-54,2185,1214,971,773,250,523,1412,964,448
20,347,chatra,Urban,55-59,1587,884,703,566,174,392,1021,710,311
20,347,chatra,Urban,60-64,1315,669,646,634,194,440,681,475,206
20,347,chatra,Urban,65-69,838,423,415,444,133,311,394,290,104
20,347,chatra,Urban,70-74,636,314,322,353,121,232,283,193,90
20,347,chatra,Urban,75-79,263,138,125,131,39,92,132,99,33
20,347,chatra,Urban,80+,353,165,188,223,73,150,130,92,38
20,347,chatra,Urban,Age not stated,18,15,3,5,3,2,13,12,1
20,348,kodarma,Total,All ages,716259,367222,349037,326010,128442,197568,390249,238780,151469
20,348,kodarma,Total,0-6,132375,67916,64459,132375,67916,64459,0,0,0
20,348,kodarma,Total,7,18098,9183,8915,5126,2417,2709,12972,6766,6206
20,348,kodarma,Total,8,22963,11769,11194,3252,1492,1760,19711,10277,9434
20,348,kodarma,Total,9,15140,7703,7437,1408,654,754,13732,7049,6683
20,348,kodarma,Total,10,24465,12650,11815,2046,869,1177,22419,11781,10638
20,348,kodarma,Total,11,14719,7582,7137,987,421,566,13732,7161,6571
20,348,kodarma,Total,12,21535,11330,10205,1437,563,874,20098,10767,9331
20,348,kodarma,Total,13,15702,8000,7702,973,374,599,14729,7626,7103
20,348,kodarma,Total,14,15104,7978,7126,1016,377,639,14088,7601,6487
20,348,kodarma,Total,15,17229,9561,7668,1534,640,894,15695,8921,6774
20,348,kodarma,Total,16,13580,7684,5896,1226,501,725,12354,7183,5171
20,348,kodarma,Total,17,10933,6200,4733,983,350,633,9950,5850,4100
20,348,kodarma,Total,18,16160,9166,6994,2244,738,1506,13916,8428,5488
20,348,kodarma,Total,19,9879,5057,4822,1460,389,1071,8419,4668,3751
20,348,kodarma,Total,20-24,59560,30338,29222,13515,3159,10356,46045,27179,18866
20,348,kodarma,Total,25-29,54656,27005,27651,17521,4025,13496,37135,22980,14155
20,348,kodarma,Total,30-34,48333,24157,24176,18889,4569,14320,29444,19588,9856
20,348,kodarma,Total,35-39,43167,21807,21360,19529,5117,14412,23638,16690,6948
20,348,kodarma,Total,40-44,36217,18735,17482,18642,5700,12942,17575,13035,4540
20,348,kodarma,Total,45-49,30886,15863,15023,17557,5703,11854,13329,10160,3169
20,348,kodarma,Total,50-54,23991,12741,11250,14485,5303,9182,9506,7438,2068
20,348,kodarma,Total,55-59,19667,9360,10307,12560,3858,8702,7107,5502,1605
20,348,kodarma,Total,60-64,19538,9721,9817,13474,4754,8720,6064,4967,1097
20,348,kodarma,Total,65-69,13385,6511,6874,9554,3300,6254,3831,3211,620
20,348,kodarma,Total,70-74,9914,4933,4981,7471,2842,4629,2443,2091,352
20,348,kodarma,Total,75-79,4020,1883,2137,3012,1051,1961,1008,832,176
20,348,kodarma,Total,80+,4794,2260,2534,3644,1325,2319,1150,935,215
20,348,kodarma,Total,Age not stated,249,129,120,90,35,55,159,94,65
20,348,kodarma,Rural,All ages,575013,293595,281418,278866,109084,169782,296147,184511,111636
20,348,kodarma,Rural,0-6,110025,56294,53731,110025,56294,53731,0,0,0
20,348,kodarma,Rural,7,14845,7497,7348,4426,2081,2345,10419,5416,5003
20,348,kodarma,Rural,8,19142,9803,9339,2814,1288,1526,16328,8515,7813
20,348,kodarma,Rural,9,12327,6227,6100,1193,540,653,11134,5687,5447
20,348,kodarma,Rural,10,20381,10509,9872,1773,756,1017,18608,9753,8855
20,348,kodarma,Rural,11,11762,6066,5696,823,350,473,10939,5716,5223
20,348,kodarma,Rural,12,17753,9314,8439,1242,479,763,16511,8835,7676
20,348,kodarma,Rural,13,12517,6414,6103,827,309,518,11690,6105,5585
20,348,kodarma,Rural,14,12072,6403,5669,866,322,544,11206,6081,5125
20,348,kodarma,Rural,15,13923,7769,6154,1312,535,777,12611,7234,5377
20,348,kodarma,Rural,16,10742,6195,4547,1043,428,615,9699,5767,3932
20,348,kodarma,Rural,17,8413,4843,3570,823,288,535,7590,4555,3035
20,348,kodarma,Rural,18,12782,7330,5452,1937,610,1327,10845,6720,4125
20,348,kodarma,Rural,19,7628,3823,3805,1294,325,969,6334,3498,2836
20,348,kodarma,Rural,20-24,46832,23757,23075,11877,2635,9242,34955,21122,13833
20,348,kodarma,Rural,25-29,43177,21117,22060,15517,3467,12050,27660,17650,10010
20,348,kodarma,Rural,30-34,38138,18896,19242,16664,3989,12675,21474,14907,6567
20,348,kodarma,Rural,35-39,33924,17019,16905,17117,4462,12655,16807,12557,4250
20,348,kodarma,Rural,40-44,28489,14660,13829,16342,5034,11308,12147,9626,2521
20,348,kodarma,Rural,45-49,24186,12341,11845,15239,5036,10203,8947,7305,1642
20,348,kodarma,Rural,50-54,18667,9862,8805,12558,4689,7869,6109,5173,936
20,348,kodarma,Rural,55-59,15397,7135,8262,10929,3398,7531,4468,3737,731
20,348,kodarma,Rural,60-64,15782,7752,8030,11761,4244,7517,4021,3508,513
20,348,kodarma,Rural,65-69,10866,5198,5668,8315,2915,5400,2551,2283,268
20,348,kodarma,Rural,70-74,8080,3998,4082,6455,2517,3938,1625,1481,144
20,348,kodarma,Rural,75-79,3181,1479,1702,2553,912,1641,628,567,61
20,348,kodarma,Rural,80+,3840,1824,2016,3076,1158,1918,764,666,98
20,348,kodarma,Rural,Age not stated,142,70,72,65,23,42,77,47,30
20,348,kodarma,Urban,All ages,141246,73627,67619,47144,19358,27786,94102,54269,39833
20,348,kodarma,Urban,0-6,22350,11622,10728,22350,11622,10728,0,0,0
20,348,kodarma,Urban,7,3253,1686,1567,700,336,364,2553,1350,1203
20,348,kodarma,Urban,8,3821,1966,1855,438,204,234,3383,1762,1621
20,348,kodarma,Urban,9,2813,1476,1337,215,114,101,2598,1362,1236
20,348,kodarma,Urban,10,4084,2141,1943,273,113,160,3811,2028,1783
20,348,kodarma,Urban,11,2957,1516,1441,164,71,93,2793,1445,1348
20,348,kodarma,Urban,12,3782,2016,1766,195,84,111,3587,1932,1655
20,348,kodarma,Urban,13,3185,1586,1599,146,65,81,3039,1521,1518
20,348,kodarma,Urban,14,3032,1575,1457,150,55,95,2882,1520,1362
20,348,kodarma,Urban,15,3306,1792,1514,222,105,117,3084,1687,1397
20,348,kodarma,Urban,16,2838,1489,1349,183,73,110,2655,1416,1239
20,348,kodarma,Urban,17,2520,1357,1163,160,62,98,2360,1295,1065
20,348,kodarma,Urban,18,3378,1836,1542,307,128,179,3071,1708,1363
20,348,kodarma,Urban,19,2251,1234,1017,166,64,102,2085,1170,915
20,348,kodarma,Urban,20-24,12728,6581,6147,1638,524,1114,11090,6057,5033
20,348,kodarma,Urban,25-29,11479,5888,5591,2004,558,1446,9475,5330,4145
20,348,kodarma,Urban,30-34,10195,5261,4934,2225,580,1645,7970,4681,3289
20,348,kodarma,Urban,35-39,9243,4788,4455,2412,655,1757,6831,4133,2698
20,348,kodarma,Urban,40-44,7728,4075,3653,2300,666,1634,5428,3409,2019
20,348,kodarma,Urban,45-49,6700,3522,3178,2318,667,1651,4382,2855,1527
20,348,kodarma,Urban,50-54,5324,2879,2445,1927,614,1313,3397,2265,1132
20,348,kodarma,Urban,55-59,4270,2225,2045,1631,460,1171,2639,1765,874
20,348,kodarma,Urban,60-64,3756,1969,1787,1713,510,1203,2043,1459,584
20,348,kodarma,Urban,65-69,2519,1313,1206,1239,385,854,1280,928,352
20,348,kodarma,Urban,70-74,1834,935,899,1016,325,691,818,610,208
20,348,kodarma,Urban,75-79,839,404,435,459,139,320,380,265,115
20,348,kodarma,Urban,80+,954,436,518,568,167,401,386,269,117
20,348,kodarma,Urban,Age not stated,107,59,48,25,12,13,82,47,35
20,349,giridih,Total,All ages,2445474,1258098,1187376,1191999,474362,717637,1253475,783736,469739
20,349,giridih,Total,0-6,460251,237056,223195,460251,237056,223195,0,0,0
20,349,giridih,Total,7,63474,32058,31416,20000,9607,10393,43474,22451,21023
20,349,giridih,Total,8,80569,40784,39785,13476,5998,7478,67093,34786,32307
20,349,giridih,Total,9,53064,26736,26328,6831,3029,3802,46233,23707,22526
20,349,giridih,Total,10,85807,44757,41050,9735,4317,5418,76072,40440,35632
20,349,giridih,Total,11,50834,26081,24753,4440,1842,2598,46394,24239,22155
20,349,giridih,Total,12,75678,39599,36079,6436,2500,3936,69242,37099,32143
20,349,giridih,Total,13,52898,26740,26158,4231,1552,2679,48667,25188,23479
20,349,giridih,Total,14,52003,27198,24805,4644,1696,2948,47359,25502,21857
20,349,giridih,Total,15,57330,32616,24714,6743,2688,4055,50587,29928,20659
20,349,giridih,Total,16,45234,26098,19136,5915,2291,3624,39319,23807,15512
20,349,giridih,Total,17,33089,19043,14046,4830,1566,3264,28259,17477,10782
20,349,giridih,Total,18,55673,30525,25148,11883,3399,8484,43790,27126,16664
20,349,giridih,Total,19,33150,16670,16480,7547,1644,5903,25603,15026,10577
20,349,giridih,Total,20-24,206884,104095,102789,63786,15470,48316,143098,88625,54473
20,349,giridih,Total,25-29,191331,96255,95076,73682,18929,54753,117649,77326,40323
20,349,giridih,Total,30-34,164333,83093,81240,72683,19707,52976,91650,63386,28264
20,349,giridih,Total,35-39,145511,73947,71564,72252,20800,51452,73259,53147,20112
20,349,giridih,Total,40-44,121491,62938,58553,66797,21392,45405,54694,41546,13148
20,349,giridih,Total,45-49,102453,52387,50066,61825,20868,40957,40628,31519,9109
20,349,giridih,Total,50-54,79822,42177,37645,50439,18712,31727,29383,23465,5918
20,349,giridih,Total,55-59,66115,31399,34716,44292,14115,30177,21823,17284,4539
20,349,giridih,Total,60-64,66061,33695,32366,45704,16925,28779,20357,16770,3587
20,349,giridih,Total,65-69,43684,21665,22019,31038,11220,19818,12646,10445,2201
20,349,giridih,Total,70-74,30770,16183,14587,22566,9169,13397,8204,7014,1190
20,349,giridih,Total,75-79,12202,6117,6085,8948,3397,5551,3254,2720,534
20,349,giridih,Total,80+,14313,7349,6964,10343,4170,6173,3970,3179,791
20,349,giridih,Total,Age not stated,1450,837,613,682,303,379,768,534,234
20,349,giridih,Rural,All ages,2237450,1149608,1087842,1123937,444508,679429,1113513,705100,408413
20,349,giridih,Rural,0-6,428388,220351,208037,428388,220351,208037,0,0,0
20,349,giridih,Rural,7,58983,29710,29273,18833,8987,9846,40150,20723,19427
20,349,giridih,Rural,8,75183,37992,37191,12714,5644,7070,62469,32348,30121
20,349,giridih,Rural,9,49074,24720,24354,6380,2804,3576,42694,21916,20778
20,349,giridih,Rural,10,79857,41636,38221,9109,4008,5101,70748,37628,33120
20,349,giridih,Rural,11,46837,24021,22816,4179,1706,2473,42658,22315,20343
20,349,giridih,Rural,12,70287,36812,33475,6044,2300,3744,64243,34512,29731
20,349,giridih,Rural,13,48497,24538,23959,3952,1410,2542,44545,23128,21417
20,349,giridih,Rural,14,47352,24803,22549,4351,1563,2788,43001,23240,19761
20,349,giridih,Rural,15,52433,30012,22421,6303,2444,3859,46130,27568,18562
20,349,giridih,Rural,16,40617,23614,17003,5476,2065,3411,35141,21549,13592
20,349,giridih,Rural,17,29465,17086,12379,4506,1411,3095,24959,15675,9284
20,349,giridih,Rural,18,50217,27645,22572,11153,3065,8088,39064,24580,14484
20,349,giridih,Rural,19,29838,14928,14910,7214,1509,5705,22624,13419,9205
20,349,giridih,Rural,20-24,186691,93668,93023,60709,14305,46404,125982,79363,46619
20,349,giridih,Rural,25-29,174025,87249,86776,70406,17771,52635,103619,69478,34141
20,349,giridih,Rural,30-34,149503,75458,74045,69440,18551,50889,80063,56907,23156
20,349,giridih,Rural,35-39,132048,67031,65017,68872,19677,49195,63176,47354,15822
20,349,giridih,Rural,40-44,109720,56775,52945,63557,20337,43220,46163,36438,9725
20,349,giridih,Rural,45-49,92144,47063,45081,58643,19839,38804,33501,27224,6277
20,349,giridih,Rural,50-54,71728,37724,34004,47874,17798,30076,23854,19926,3928
20,349,giridih,Rural,55-59,59922,28152,31770,42207,13515,28692,17715,14637,3078
20,349,giridih,Rural,60-64,60468,30758,29710,43481,16256,27225,16987,14502,2485
20,349,giridih,Rural,65-69,40256,19898,20358,29743,10828,18915,10513,9070,1443
20,349,giridih,Rural,70-74,28353,14900,13453,21477,8803,12674,6876,6097,779
20,349,giridih,Rural,75-79,11125,5533,5592,8536,3279,5257,2589,2254,335
20,349,giridih,Rural,80+,13074,6745,6329,9746,3998,5748,3328,2747,581
20,349,giridih,Rural,Age not stated,1365,786,579,644,284,360,721,502,219
20,349,giridih,Urban,All ages,208024,108490,99534,68062,29854,38208,139962,78636,61326
20,349,giridih,Urban,0-6,31863,16705,15158,31863,16705,15158,0,0,0
20,349,giridih,Urban,7,4491,2348,2143,1167,620,547,3324,1728,1596
20,349,giridih,Urban,8,5386,2792,2594,762,354,408,4624,2438,2186
20,349,giridih,Urban,9,3990,2016,1974,451,225,226,3539,1791,1748
20,349,giridih,Urban,10,5950,3121,2829,626,309,317,5324,2812,2512
20,349,giridih,Urban,11,3997,2060,1937,261,136,125,3736,1924,1812
20,349,giridih,Urban,12,5391,2787,2604,392,200,192,4999,2587,2412
20,349,giridih,Urban,13,4401,2202,2199,279,142,137,4122,2060,2062
20,349,giridih,Urban,14,4651,2395,2256,293,133,160,4358,2262,2096
20,349,giridih,Urban,15,4897,2604,2293,440,244,196,4457,2360,2097
20,349,giridih,Urban,16,4617,2484,2133,439,226,213,4178,2258,1920
20,349,giridih,Urban,17,3624,1957,1667,324,155,169,3300,1802,1498
20,349,giridih,Urban,18,5456,2880,2576,730,334,396,4726,2546,2180
20,349,giridih,Urban,19,3312,1742,1570,333,135,198,2979,1607,1372
20,349,giridih,Urban,20-24,20193,10427,9766,3077,1165,1912,17116,9262,7854
20,349,giridih,Urban,25-29,17306,9006,8300,3276,1158,2118,14030,7848,6182
20,349,giridih,Urban,30-34,14830,7635,7195,3243,1156,2087,11587,6479,5108
20,349,giridih,Urban,35-39,13463,6916,6547,3380,1123,2257,10083,5793,4290
20,349,giridih,Urban,40-44,11771,6163,5608,3240,1055,2185,8531,5108,3423
20,349,giridih,Urban,45-49,10309,5324,4985,3182,1029,2153,7127,4295,2832
20,349,giridih,Urban,50-54,8094,4453,3641,2565,914,1651,5529,3539,1990
20,349,giridih,Urban,55-59,6193,3247,2946,2085,600,1485,4108,2647,1461
20,349,giridih,Urban,60-64,5593,2937,2656,2223,669,1554,3370,2268,1102
20,349,giridih,Urban,65-69,3428,1767,1661,1295,392,903,2133,1375,758
20,349,giridih,Urban,70-74,2417,1283,1134,1089,366,723,1328,917,411
20,349,giridih,Urban,75-79,1077,584,493,412,118,294,665,466,199
20,349,giridih,Urban,80+,1239,604,635,597,172,425,642,432,210
20,349,giridih,Urban,Age not stated,85,51,34,38,19,19,47,32,15
20,350,deoghar,Total,All ages,1492073,775022,717051,698535,285185,413350,793538,489837,303701
20,350,deoghar,Total,0-6,268453,137658,130795,268453,137658,130795,0,0,0
20,350,deoghar,Total,7,36104,18034,18070,10624,5002,5622,25480,13032,12448
20,350,deoghar,Total,8,44309,22580,21729,6855,3136,3719,37454,19444,18010
20,350,deoghar,Total,9,31508,15921,15587,3512,1561,1951,27996,14360,13636
20,350,deoghar,Total,10,47246,24564,22682,5163,2210,2953,42083,22354,19729
20,350,deoghar,Total,11,31143,16237,14906,2613,1060,1553,28530,15177,13353
20,350,deoghar,Total,12,42534,22363,20171,4038,1624,2414,38496,20739,17757
20,350,deoghar,Total,13,31062,16176,14886,2804,1019,1785,28258,15157,13101
20,350,deoghar,Total,14,31775,17232,14543,3265,1223,2042,28510,16009,12501
20,350,deoghar,Total,15,31467,18303,13164,4103,1776,2327,27364,16527,10837
20,350,deoghar,Total,16,26922,15788,11134,3973,1575,2398,22949,14213,8736
20,350,deoghar,Total,17,20074,11844,8230,3188,1153,2035,16886,10691,6195
20,350,deoghar,Total,18,33004,18388,14616,7813,2420,5393,25191,15968,9223
20,350,deoghar,Total,19,21471,10683,10788,5412,1261,4151,16059,9422,6637
20,350,deoghar,Total,20-24,126952,64111,62841,39842,10565,29277,87110,53546,33564
20,350,deoghar,Total,25-29,120937,61363,59574,45058,13111,31947,75879,48252,27627
20,350,deoghar,Total,30-34,105761,54158,51603,43689,13762,29927,62072,40396,21676
20,350,deoghar,Total,35-39,92929,48779,44150,41509,14161,27348,51420,34618,16802
20,350,deoghar,Total,40-44,75645,39779,35866,36843,12857,23986,38802,26922,11880
20,350,deoghar,Total,45-49,64078,33438,30640,33576,11836,21740,30502,21602,8900
20,350,deoghar,Total,50-54,50425,26651,23774,28063,10482,17581,22362,16169,6193
20,350,deoghar,Total,55-59,43532,20996,22536,25736,8246,17490,17796,12750,5046
20,350,deoghar,Total,60-64,44429,22818,21611,27715,10200,17515,16714,12618,4096
20,350,deoghar,Total,65-69,29609,15226,14383,18837,6850,11987,10772,8376,2396
20,350,deoghar,Total,70-74,19952,10908,9044,13038,5340,7698,6914,5568,1346
20,350,deoghar,Total,75-79,8161,4331,3830,5199,1973,3226,2962,2358,604
20,350,deoghar,Total,80+,9406,4981,4425,5981,2389,3592,3425,2592,833
20,350,deoghar,Total,Age not stated,3185,1712,1473,1633,735,898,1552,977,575
20,350,deoghar,Rural,All ages,1233712,638136,595576,628820,255264,373556,604892,382872,222020
20,350,deoghar,Rural,0-6,233712,119310,114402,233712,119310,114402,0,0,0
20,350,deoghar,Rural,7,30732,15302,15430,9764,4596,5168,20968,10706,10262
20,350,deoghar,Rural,8,38056,19276,18780,6295,2861,3434,31761,16415,15346
20,350,deoghar,Rural,9,26942,13528,13414,3272,1443,1829,23670,12085,11585
20,350,deoghar,Rural,10,40245,20854,19391,4721,1995,2726,35524,18859,16665
20,350,deoghar,Rural,11,26207,13557,12650,2387,941,1446,23820,12616,11204
20,350,deoghar,Rural,12,35996,18789,17207,3730,1468,2262,32266,17321,14945
20,350,deoghar,Rural,13,25823,13450,12373,2560,917,1643,23263,12533,10730
20,350,deoghar,Rural,14,26116,14232,11884,2992,1111,1881,23124,13121,10003
20,350,deoghar,Rural,15,25876,15193,10683,3742,1607,2135,22134,13586,8548
20,350,deoghar,Rural,16,21497,12838,8659,3623,1434,2189,17874,11404,6470
20,350,deoghar,Rural,17,15535,9299,6236,2952,1064,1888,12583,8235,4348
20,350,deoghar,Rural,18,26614,14767,11847,7199,2169,5030,19415,12598,6817
20,350,deoghar,Rural,19,17244,8407,8837,5057,1137,3920,12187,7270,4917
20,350,deoghar,Rural,20-24,102861,51506,51355,37092,9681,27411,65769,41825,23944
20,350,deoghar,Rural,25-29,98650,49976,48674,41870,12116,29754,56780,37860,18920
20,350,deoghar,Rural,30-34,86046,43961,42085,40593,12767,27826,45453,31194,14259
20,350,deoghar,Rural,35-39,74648,39334,35314,38107,13034,25073,36541,26300,10241
20,350,deoghar,Rural,40-44,60197,31500,28697,33711,11853,21858,26486,19647,6839
20,350,deoghar,Rural,45-49,50957,26443,24514,30665,10945,19720,20292,15498,4794
20,350,deoghar,Rural,50-54,40108,21012,19096,25509,9645,15864,14599,11367,3232
20,350,deoghar,Rural,55-59,35105,16559,18546,23593,7667,15926,11512,8892,2620
20,350,deoghar,Rural,60-64,36660,18657,18003,25359,9508,15851,11301,9149,2152
20,350,deoghar,Rural,65-69,24494,12490,12004,17164,6399,10765,7330,6091,1239
20,350,deoghar,Rural,70-74,16334,8873,7461,11733,4924,6809,4601,3949,652
20,350,deoghar,Rural,75-79,6509,3422,3087,4624,1814,2810,1885,1608,277
20,350,deoghar,Rural,80+,7495,3965,3530,5202,2144,3058,2293,1821,472
20,350,deoghar,Rural,Age not stated,3053,1636,1417,1592,714,878,1461,922,539
20,350,deoghar,Urban,All ages,258361,136886,121475,69715,29921,39794,188646,106965,81681
20,350,deoghar,Urban,0-6,34741,18348,16393,34741,18348,16393,0,0,0
20,350,deoghar,Urban,7,5372,2732,2640,860,406,454,4512,2326,2186
20,350,deoghar,Urban,8,6253,3304,2949,560,275,285,5693,3029,2664
20,350,deoghar,Urban,9,4566,2393,2173,240,118,122,4326,2275,2051
20,350,deoghar,Urban,10,7001,3710,3291,442,215,227,6559,3495,3064
20,350,deoghar,Urban,11,4936,2680,2256,226,119,107,4710,2561,2149
20,350,deoghar,Urban,12,6538,3574,2964,308,156,152,6230,3418,2812
20,350,deoghar,Urban,13,5239,2726,2513,244,102,142,4995,2624,2371
20,350,deoghar,Urban,14,5659,3000,2659,273,112,161,5386,2888,2498
20,350,deoghar,Urban,15,5591,3110,2481,361,169,192,5230,2941,2289
20,350,deoghar,Urban,16,5425,2950,2475,350,141,209,5075,2809,2266
20,350,deoghar,Urban,17,4539,2545,1994,236,89,147,4303,2456,1847
20,350,deoghar,Urban,18,6390,3621,2769,614,251,363,5776,3370,2406
20,350,deoghar,Urban,19,4227,2276,1951,355,124,231,3872,2152,1720
20,350,deoghar,Urban,20-24,24091,12605,11486,2750,884,1866,21341,11721,9620
20,350,deoghar,Urban,25-29,22287,11387,10900,3188,995,2193,19099,10392,8707
20,350,deoghar,Urban,30-34,19715,10197,9518,3096,995,2101,16619,9202,7417
20,350,deoghar,Urban,35-39,18281,9445,8836,3402,1127,2275,14879,8318,6561
20,350,deoghar,Urban,40-44,15448,8279,7169,3132,1004,2128,12316,7275,5041
20,350,deoghar,Urban,45-49,13121,6995,6126,2911,891,2020,10210,6104,4106
20,350,deoghar,Urban,50-54,10317,5639,4678,2554,837,1717,7763,4802,2961
20,350,deoghar,Urban,55-59,8427,4437,3990,2143,579,1564,6284,3858,2426
20,350,deoghar,Urban,60-64,7769,4161,3608,2356,692,1664,5413,3469,1944
20,350,deoghar,Urban,65-69,5115,2736,2379,1673,451,1222,3442,2285,1157
20,350,deoghar,Urban,70-74,3618,2035,1583,1305,416,889,2313,1619,694
20,350,deoghar,Urban,75-79,1652,909,743,575,159,416,1077,750,327
20,350,deoghar,Urban,80+,1911,1016,895,779,245,534,1132,771,361
20,350,deoghar,Urban,Age not stated,132,76,56,41,21,20,91,55,36
20,351,godda,Total,All ages,1313551,677927,635624,709032,301715,407317,604519,376212,228307
20,351,godda,Total,0-6,241784,123368,118416,241784,123368,118416,0,0,0
20,351,godda,Total,7,31561,15987,15574,12630,6098,6532,18931,9889,9042
20,351,godda,Total,8,44026,22426,21600,11410,5335,6075,32616,17091,15525
20,351,godda,Total,9,26776,13569,13207,5162,2307,2855,21614,11262,10352
20,351,godda,Total,10,45393,23950,21443,8674,4046,4628,36719,19904,16815
20,351,godda,Total,11,24884,12980,11904,3800,1691,2109,21084,11289,9795
20,351,godda,Total,12,40384,21235,19149,6892,2991,3901,33492,18244,15248
20,351,godda,Total,13,25586,13320,12266,3861,1605,2256,21725,11715,10010
20,351,godda,Total,14,26919,14459,12460,4545,1917,2628,22374,12542,9832
20,351,godda,Total,15,29214,16871,12343,6485,3067,3418,22729,13804,8925
20,351,godda,Total,16,23079,13440,9639,5134,2312,2822,17945,11128,6817
20,351,godda,Total,17,15272,8930,6342,3556,1557,1999,11716,7373,4343
20,351,godda,Total,18,29410,16622,12788,9364,3660,5704,20046,12962,7084
20,351,godda,Total,19,15635,7547,8088,5358,1515,3843,10277,6032,4245
20,351,godda,Total,20-24,100556,50738,49818,41354,13344,28010,59202,37394,21808
20,351,godda,Total,25-29,99888,49734,50154,47363,16380,30983,52525,33354,19171
20,351,godda,Total,30-34,93299,46794,46505,47335,17232,30103,45964,29562,16402
20,351,godda,Total,35-39,86695,44797,41898,46303,17487,28816,40392,27310,13082
20,351,godda,Total,40-44,70485,37814,32671,39831,15989,23842,30654,21825,8829
20,351,godda,Total,45-49,58160,30521,27639,34847,13564,21283,23313,16957,6356
20,351,godda,Total,50-54,46168,24573,21595,28964,11870,17094,17204,12703,4501
20,351,godda,Total,55-59,38074,18028,20046,24674,8196,16478,13400,9832,3568
20,351,godda,Total,60-64,39631,19363,20268,27570,10107,17463,12061,9256,2805
20,351,godda,Total,65-69,26707,13231,13476,18609,6783,11826,8098,6448,1650
20,351,godda,Total,70-74,17802,9387,8415,12732,5173,7559,5070,4214,856
20,351,godda,Total,75-79,6773,3347,3426,4710,1718,2992,2063,1629,434
20,351,godda,Total,80+,8364,4304,4060,5642,2204,3438,2722,2100,622
20,351,godda,Total,Age not stated,1026,592,434,443,199,244,583,393,190
20,351,godda,Rural,All ages,1249132,643907,605225,689786,293197,396589,559346,350710,208636
20,351,godda,Rural,0-6,232349,118423,113926,232349,118423,113926,0,0,0
20,351,godda,Rural,7,30206,15294,14912,12317,5956,6361,17889,9338,8551
20,351,godda,Rural,8,42256,21507,20749,11207,5241,5966,31049,16266,14783
20,351,godda,Rural,9,25592,12939,12653,5075,2261,2814,20517,10678,9839
20,351,godda,Rural,10,43581,22955,20626,8529,3976,4553,35052,18979,16073
20,351,godda,Rural,11,23653,12346,11307,3708,1656,2052,19945,10690,9255
20,351,godda,Rural,12,38666,20355,18311,6763,2929,3834,31903,17426,14477
20,351,godda,Rural,13,24243,12644,11599,3777,1562,2215,20466,11082,9384
20,351,godda,Rural,14,25524,13727,11797,4459,1873,2586,21065,11854,9211
20,351,godda,Rural,15,27810,16127,11683,6395,3024,3371,21415,13103,8312
20,351,godda,Rural,16,21768,12752,9016,5034,2261,2773,16734,10491,6243
20,351,godda,Rural,17,14174,8344,5830,3491,1525,1966,10683,6819,3864
20,351,godda,Rural,18,27832,15776,12056,9206,3588,5618,18626,12188,6438
20,351,godda,Rural,19,14655,7029,7626,5258,1469,3789,9397,5560,3837
20,351,godda,Rural,20-24,94843,47803,47040,40560,13067,27493,54283,34736,19547
20,351,godda,Rural,25-29,94564,46976,47588,46499,16061,30438,48065,30915,17150
20,351,godda,Rural,30-34,88287,44190,44097,46387,16881,29506,41900,27309,14591
20,351,godda,Rural,35-39,82191,42415,39776,45391,17168,28223,36800,25247,11553
20,351,godda,Rural,40-44,66707,35730,30977,38973,15682,23291,27734,20048,7686
20,351,godda,Rural,45-49,54960,28791,26169,34039,13292,20747,20921,15499,5422
20,351,godda,Rural,50-54,43655,23234,20421,28281,11638,16643,15374,11596,3778
20,351,godda,Rural,55-59,36038,16899,19139,24135,8049,16086,11903,8850,3053
20,351,godda,Rural,60-64,37810,18398,19412,26953,9906,17047,10857,8492,2365
20,351,godda,Rural,65-69,25457,12544,12913,18128,6630,11498,7329,5914,1415
20,351,godda,Rural,70-74,16989,8908,8081,12412,5061,7351,4577,3847,730
20,351,godda,Rural,75-79,6418,3151,3267,4576,1675,2901,1842,1476,366
20,351,godda,Rural,80+,7918,4085,3833,5455,2154,3301,2463,1931,532
20,351,godda,Rural,Age not stated,986,565,421,429,189,240,557,376,181
20,351,godda,Urban,All ages,64419,34020,30399,19246,8518,10728,45173,25502,19671
20,351,godda,Urban,0-6,9435,4945,4490,9435,4945,4490,0,0,0
20,351,godda,Urban,7,1355,693,662,313,142,171,1042,551,491
20,351,godda,Urban,8,1770,919,851,203,94,109,1567,825,742
20,351,godda,Urban,9,1184,630,554,87,46,41,1097,584,513
20,351,godda,Urban,10,1812,995,817,145,70,75,1667,925,742
20,351,godda,Urban,11,1231,634,597,92,35,57,1139,599,540
20,351,godda,Urban,12,1718,880,838,129,62,67,1589,818,771
20,351,godda,Urban,13,1343,676,667,84,43,41,1259,633,626
20,351,godda,Urban,14,1395,732,663,86,44,42,1309,688,621
20,351,godda,Urban,15,1404,744,660,90,43,47,1314,701,613
20,351,godda,Urban,16,1311,688,623,100,51,49,1211,637,574
20,351,godda,Urban,17,1098,586,512,65,32,33,1033,554,479
20,351,godda,Urban,18,1578,846,732,158,72,86,1420,774,646
20,351,godda,Urban,19,980,518,462,100,46,54,880,472,408
20,351,godda,Urban,20-24,5713,2935,2778,794,277,517,4919,2658,2261
20,351,godda,Urban,25-29,5324,2758,2566,864,319,545,4460,2439,2021
20,351,godda,Urban,30-34,5012,2604,2408,948,351,597,4064,2253,1811
20,351,godda,Urban,35-39,4504,2382,2122,912,319,593,3592,2063,1529
20,351,godda,Urban,40-44,3778,2084,1694,858,307,551,2920,1777,1143
20,351,godda,Urban,45-49,3200,1730,1470,808,272,536,2392,1458,934
20,351,godda,Urban,50-54,2513,1339,1174,683,232,451,1830,1107,723
20,351,godda,Urban,55-59,2036,1129,907,539,147,392,1497,982,515
20,351,godda,Urban,60-64,1821,965,856,617,201,416,1204,764,440
20,351,godda,Urban,65-69,1250,687,563,481,153,328,769,534,235
20,351,godda,Urban,70-74,813,479,334,320,112,208,493,367,126
20,351,godda,Urban,75-79,355,196,159,134,43,91,221,153,68
20,351,godda,Urban,80+,446,219,227,187,50,137,259,169,90
20,351,godda,Urban,Age not stated,40,27,13,14,10,4,26,17,9
20,352,sahibganj,Total,All ages,1150567,589391,561176,667304,302088,365216,483263,287303,195960
20,352,sahibganj,Total,0-6,221955,113220,108735,221955,113220,108735,0,0,0
20,352,sahibganj,Total,7,32468,16569,15899,12083,5996,6087,20385,10573,9812
20,352,sahibganj,Total,8,35913,18267,17646,8959,4295,4664,26954,13972,12982
20,352,sahibganj,Total,9,26340,13362,12978,5065,2406,2659,21275,10956,10319
20,352,sahibganj,Total,10,38612,20061,18551,7448,3602,3846,31164,16459,14705
20,352,sahibganj,Total,11,25339,13056,12283,4061,1909,2152,21278,11147,10131
20,352,sahibganj,Total,12,33799,17667,16132,5739,2739,3000,28060,14928,13132
20,352,sahibganj,Total,13,24021,12397,11624,3917,1765,2152,20104,10632,9472
20,352,sahibganj,Total,14,24765,13170,11595,4744,2272,2472,20021,10898,9123
20,352,sahibganj,Total,15,24406,13667,10739,6169,3097,3072,18237,10570,7667
20,352,sahibganj,Total,16,21053,11968,9085,5708,2834,2874,15345,9134,6211
20,352,sahibganj,Total,17,15688,8914,6774,4605,2105,2500,11083,6809,4274
20,352,sahibganj,Total,18,24421,13156,11265,9152,3874,5278,15269,9282,5987
20,352,sahibganj,Total,19,16070,7548,8522,6377,2114,4263,9693,5434,4259
20,352,sahibganj,Total,20-24,91835,45506,46329,43778,16370,27408,48057,29136,18921
20,352,sahibganj,Total,25-29,88342,43913,44429,48967,19595,29372,39375,24318,15057
20,352,sahibganj,Total,30-34,77761,39102,38659,46231,19065,27166,31530,20037,11493
20,352,sahibganj,Total,35-39,73425,37479,35946,46398,19630,26768,27027,17849,9178
20,352,sahibganj,Total,40-44,60231,31936,28295,39485,17821,21664,20746,14115,6631
20,352,sahibganj,Total,45-49,50432,26168,24264,34227,14947,19280,16205,11221,4984
20,352,sahibganj,Total,50-54,38766,20451,18315,26847,12017,14830,11919,8434,3485
20,352,sahibganj,Total,55-59,30576,14888,15688,21717,8493,13224,8859,6395,2464
20,352,sahibganj,Total,60-64,30453,15209,15244,22572,9424,13148,7881,5785,2096
20,352,sahibganj,Total,65-69,17785,8674,9111,13082,5151,7931,4703,3523,1180
20,352,sahibganj,Total,70-74,11171,5554,5617,8466,3459,5007,2705,2095,610
20,352,sahibganj,Total,75-79,4244,2027,2217,3111,1139,1972,1133,888,245
20,352,sahibganj,Total,80+,4732,2301,2431,3467,1389,2078,1265,912,353
20,352,sahibganj,Total,Age not stated,5964,3161,2803,2974,1360,1614,2990,1801,1189
20,352,sahibganj,Rural,All ages,990901,505892,485009,606242,274783,331459,384659,231109,153550
20,352,sahibganj,Rural,0-6,196990,100386,96604,196990,100386,96604,0,0,0
20,352,sahibganj,Rural,7,28424,14507,13917,11124,5517,5607,17300,8990,8310
20,352,sahibganj,Rural,8,32195,16316,15879,8354,3998,4356,23841,12318,11523
20,352,sahibganj,Rural,9,23036,11692,11344,4682,2222,2460,18354,9470,8884
20,352,sahibganj,Rural,10,34179,17751,16428,6864,3321,3543,27315,14430,12885
20,352,sahibganj,Rural,11,21909,11253,10656,3723,1744,1979,18186,9509,8677
20,352,sahibganj,Rural,12,29675,15527,14148,5305,2525,2780,24370,13002,11368
20,352,sahibganj,Rural,13,20594,10678,9916,3599,1608,1991,16995,9070,7925
20,352,sahibganj,Rural,14,21197,11322,9875,4372,2098,2274,16825,9224,7601
20,352,sahibganj,Rural,15,20891,11781,9110,5741,2871,2870,15150,8910,6240
20,352,sahibganj,Rural,16,17777,10161,7616,5293,2618,2675,12484,7543,4941
20,352,sahibganj,Rural,17,12760,7286,5474,4242,1941,2301,8518,5345,3173
20,352,sahibganj,Rural,18,20570,11073,9497,8434,3542,4892,12136,7531,4605
20,352,sahibganj,Rural,19,13281,6154,7127,5894,1933,3961,7387,4221,3166
20,352,sahibganj,Rural,20-24,77431,37932,39499,40537,15080,25457,36894,22852,14042
20,352,sahibganj,Rural,25-29,75387,37213,38174,45428,18195,27233,29959,19018,10941
20,352,sahibganj,Rural,30-34,66880,33495,33385,42898,17805,25093,23982,15690,8292
20,352,sahibganj,Rural,35-39,63192,32195,30997,42904,18260,24644,20288,13935,6353
20,352,sahibganj,Rural,40-44,51563,27305,24258,36398,16552,19846,15165,10753,4412
20,352,sahibganj,Rural,45-49,42875,22142,20733,31484,13897,17587,11391,8245,3146
20,352,sahibganj,Rural,50-54,32851,17281,15570,24589,11189,13400,8262,6092,2170
20,352,sahibganj,Rural,55-59,25927,12400,13527,19756,7811,11945,6171,4589,1582
20,352,sahibganj,Rural,60-64,26314,13074,13240,20636,8723,11913,5678,4351,1327
20,352,sahibganj,Rural,65-69,15094,7248,7846,11836,4713,7123,3258,2535,723
20,352,sahibganj,Rural,70-74,9301,4562,4739,7509,3122,4387,1792,1440,352
20,352,sahibganj,Rural,75-79,3422,1585,1837,2697,1008,1689,725,577,148
20,352,sahibganj,Rural,80+,3838,1869,1969,2948,1215,1733,890,654,236
20,352,sahibganj,Rural,Age not stated,3348,1704,1644,2005,889,1116,1343,815,528
20,352,sahibganj,Urban,All ages,159666,83499,76167,61062,27305,33757,98604,56194,42410
20,352,sahibganj,Urban,0-6,24965,12834,12131,24965,12834,12131,0,0,0
20,352,sahibganj,Urban,7,4044,2062,1982,959,479,480,3085,1583,1502
20,352,sahibganj,Urban,8,3718,1951,1767,605,297,308,3113,1654,1459
20,352,sahibganj,Urban,9,3304,1670,1634,383,184,199,2921,1486,1435
20,352,sahibganj,Urban,10,4433,2310,2123,584,281,303,3849,2029,1820
20,352,sahibganj,Urban,11,3430,1803,1627,338,165,173,3092,1638,1454
20,352,sahibganj,Urban,12,4124,2140,1984,434,214,220,3690,1926,1764
20,352,sahibganj,Urban,13,3427,1719,1708,318,157,161,3109,1562,1547
20,352,sahibganj,Urban,14,3568,1848,1720,372,174,198,3196,1674,1522
20,352,sahibganj,Urban,15,3515,1886,1629,428,226,202,3087,1660,1427
20,352,sahibganj,Urban,16,3276,1807,1469,415,216,199,2861,1591,1270
20,352,sahibganj,Urban,17,2928,1628,1300,363,164,199,2565,1464,1101
20,352,sahibganj,Urban,18,3851,2083,1768,718,332,386,3133,1751,1382
20,352,sahibganj,Urban,19,2789,1394,1395,483,181,302,2306,1213,1093
20,352,sahibganj,Urban,20-24,14404,7574,6830,3241,1290,1951,11163,6284,4879
20,352,sahibganj,Urban,25-29,12955,6700,6255,3539,1400,2139,9416,5300,4116
20,352,sahibganj,Urban,30-34,10881,5607,5274,3333,1260,2073,7548,4347,3201
20,352,sahibganj,Urban,35-39,10233,5284,4949,3494,1370,2124,6739,3914,2825
20,352,sahibganj,Urban,40-44,8668,4631,4037,3087,1269,1818,5581,3362,2219
20,352,sahibganj,Urban,45-49,7557,4026,3531,2743,1050,1693,4814,2976,1838
20,352,sahibganj,Urban,50-54,5915,3170,2745,2258,828,1430,3657,2342,1315
20,352,sahibganj,Urban,55-59,4649,2488,2161,1961,682,1279,2688,1806,882
20,352,sahibganj,Urban,60-64,4139,2135,2004,1936,701,1235,2203,1434,769
20,352,sahibganj,Urban,65-69,2691,1426,1265,1246,438,808,1445,988,457
20,352,sahibganj,Urban,70-74,1870,992,878,957,337,620,913,655,258
20,352,sahibganj,Urban,75-79,822,442,380,414,131,283,408,311,97
20,352,sahibganj,Urban,80+,894,432,462,519,174,345,375,258,117
20,352,sahibganj,Urban,Age not stated,2616,1457,1159,969,471,498,1647,986,661
20,353,pakur,Total,All ages,900422,452661,447761,547541,245672,301869,352881,206989,145892
20,353,pakur,Total,0-6,177623,89935,87688,177623,89935,87688,0,0,0
20,353,pakur,Total,7,24016,12182,11834,11345,5622,5723,12671,6560,6111
20,353,pakur,Total,8,28722,14555,14167,9126,4528,4598,19596,10027,9569
20,353,pakur,Total,9,20564,10442,10122,5228,2562,2666,15336,7880,7456
20,353,pakur,Total,10,30767,15860,14907,7674,3891,3783,23093,11969,11124
20,353,pakur,Total,11,19075,9816,9259,3803,1887,1916,15272,7929,7343
20,353,pakur,Total,12,26468,13781,12687,5646,2846,2800,20822,10935,9887
20,353,pakur,Total,13,18427,9422,9005,3633,1838,1795,14794,7584,7210
20,353,pakur,Total,14,19248,10017,9231,4223,2081,2142,15025,7936,7089
20,353,pakur,Total,15,18583,10157,8426,5184,2603,2581,13399,7554,5845
20,353,pakur,Total,16,16876,9342,7534,5272,2608,2664,11604,6734,4870
20,353,pakur,Total,17,10536,5743,4793,3519,1588,1931,7017,4155,2862
20,353,pakur,Total,18,19503,9767,9736,8425,3269,5156,11078,6498,4580
20,353,pakur,Total,19,11359,4961,6398,4866,1504,3362,6493,3457,3036
20,353,pakur,Total,20-24,74920,35173,39747,38392,14036,24356,36528,21137,15391
20,353,pakur,Total,25-29,71289,35191,36098,41105,16575,24530,30184,18616,11568
20,353,pakur,Total,30-34,62359,31429,30930,38166,16072,22094,24193,15357,8836
20,353,pakur,Total,35-39,55862,28380,27482,35588,15011,20577,20274,13369,6905
20,353,pakur,Total,40-44,47627,24442,23185,31964,13672,18292,15663,10770,4893
20,353,pakur,Total,45-49,40978,20761,20217,28686,12150,16536,12292,8611,3681
20,353,pakur,Total,50-54,32236,16879,15357,23225,10379,12846,9011,6500,2511
20,353,pakur,Total,55-59,23456,11184,12272,17174,6651,10523,6282,4533,1749
20,353,pakur,Total,60-64,22535,10674,11861,17131,6748,10383,5404,3926,1478
20,353,pakur,Total,65-69,12474,5709,6765,9300,3437,5863,3174,2272,902
20,353,pakur,Total,70-74,7926,3582,4344,6181,2270,3911,1745,1312,433
20,353,pakur,Total,75-79,2700,1185,1515,2034,694,1340,666,491,175
20,353,pakur,Total,80+,3091,1459,1632,2264,868,1396,827,591,236
20,353,pakur,Total,Age not stated,1202,633,569,764,347,417,438,286,152
20,353,pakur,Rural,All ages,832910,418251,414659,517357,231719,285638,315553,186532,129021
20,353,pakur,Rural,0-6,166244,84221,82023,166244,84221,82023,0,0,0
20,353,pakur,Rural,7,22489,11402,11087,10710,5301,5409,11779,6101,5678
20,353,pakur,Rural,8,26789,13569,13220,8540,4243,4297,18249,9326,8923
20,353,pakur,Rural,9,19199,9743,9456,4908,2395,2513,14291,7348,6943
20,353,pakur,Rural,10,28645,14734,13911,7191,3632,3559,21454,11102,10352
20,353,pakur,Rural,11,17627,9107,8520,3549,1757,1792,14078,7350,6728
20,353,pakur,Rural,12,24605,12805,11800,5269,2657,2612,19336,10148,9188
20,353,pakur,Rural,13,16980,8720,8260,3386,1722,1664,13594,6998,6596
20,353,pakur,Rural,14,17668,9245,8423,3964,1948,2016,13704,7297,6407
20,353,pakur,Rural,15,17014,9362,7652,4833,2436,2397,12181,6926,5255
20,353,pakur,Rural,16,15400,8553,6847,4930,2426,2504,10470,6127,4343
20,353,pakur,Rural,17,9449,5200,4249,3290,1479,1811,6159,3721,2438
20,353,pakur,Rural,18,17717,8847,8870,7868,3019,4849,9849,5828,4021
20,353,pakur,Rural,19,10295,4460,5835,4614,1417,3197,5681,3043,2638
20,353,pakur,Rural,20-24,68683,32039,36644,36423,13215,23208,32260,18824,13436
20,353,pakur,Rural,25-29,66007,32503,33504,39347,15820,23527,26660,16683,9977
20,353,pakur,Rural,30-34,57670,29080,28590,36387,15335,21052,21283,13745,7538
20,353,pakur,Rural,35-39,51532,26166,25366,33927,14275,19652,17605,11891,5714
20,353,pakur,Rural,40-44,43871,22438,21433,30440,12988,17452,13431,9450,3981
20,353,pakur,Rural,45-49,37925,19137,18788,27451,11607,15844,10474,7530,2944
20,353,pakur,Rural,50-54,29726,15554,14172,22113,9878,12235,7613,5676,1937
20,353,pakur,Rural,55-59,21595,10181,11414,16390,6346,10044,5205,3835,1370
20,353,pakur,Rural,60-64,20796,9788,11008,16268,6409,9859,4528,3379,1149
20,353,pakur,Rural,65-69,11481,5225,6256,8803,3266,5537,2678,1959,719
20,353,pakur,Rural,70-74,7185,3229,3956,5762,2123,3639,1423,1106,317
20,353,pakur,Rural,75-79,2420,1059,1361,1900,652,1248,520,407,113
20,353,pakur,Rural,80+,2757,1288,1469,2108,818,1290,649,470,179
20,353,pakur,Rural,Age not stated,1141,596,545,742,334,408,399,262,137
20,353,pakur,Urban,All ages,67512,34410,33102,30184,13953,16231,37328,20457,16871
20,353,pakur,Urban,0-6,11379,5714,5665,11379,5714,5665,0,0,0
20,353,pakur,Urban,7,1527,780,747,635,321,314,892,459,433
20,353,pakur,Urban,8,1933,986,947,586,285,301,1347,701,646
20,353,pakur,Urban,9,1365,699,666,320,167,153,1045,532,513
20,353,pakur,Urban,10,2122,1126,996,483,259,224,1639,867,772
20,353,pakur,Urban,11,1448,709,739,254,130,124,1194,579,615
20,353,pakur,Urban,12,1863,976,887,377,189,188,1486,787,699
20,353,pakur,Urban,13,1447,702,745,247,116,131,1200,586,614
20,353,pakur,Urban,14,1580,772,808,259,133,126,1321,639,682
20,353,pakur,Urban,15,1569,795,774,351,167,184,1218,628,590
20,353,pakur,Urban,16,1476,789,687,342,182,160,1134,607,527
20,353,pakur,Urban,17,1087,543,544,229,109,120,858,434,424
20,353,pakur,Urban,18,1786,920,866,557,250,307,1229,670,559
20,353,pakur,Urban,19,1064,501,563,252,87,165,812,414,398
20,353,pakur,Urban,20-24,6237,3134,3103,1969,821,1148,4268,2313,1955
20,353,pakur,Urban,25-29,5282,2688,2594,1758,755,1003,3524,1933,1591
20,353,pakur,Urban,30-34,4689,2349,2340,1779,737,1042,2910,1612,1298
20,353,pakur,Urban,35-39,4330,2214,2116,1661,736,925,2669,1478,1191
20,353,pakur,Urban,40-44,3756,2004,1752,1524,684,840,2232,1320,912
20,353,pakur,Urban,45-49,3053,1624,1429,1235,543,692,1818,1081,737
20,353,pakur,Urban,50-54,2510,1325,1185,1112,501,611,1398,824,574
20,353,pakur,Urban,55-59,1861,1003,858,784,305,479,1077,698,379
20,353,pakur,Urban,60-64,1739,886,853,863,339,524,876,547,329
20,353,pakur,Urban,65-69,993,484,509,497,171,326,496,313,183
20,353,pakur,Urban,70-74,741,353,388,419,147,272,322,206,116
20,353,pakur,Urban,75-79,280,126,154,134,42,92,146,84,62
20,353,pakur,Urban,80+,334,171,163,156,50,106,178,121,57
20,353,pakur,Urban,Age not stated,61,37,24,22,13,9,39,24,15
20,354,dhanbad,Total,All ages,2684487,1405956,1278531,962283,391006,571277,1722204,1014950,707254
20,354,dhanbad,Total,0-6,373394,194879,178515,373394,194879,178515,0,0,0
20,354,dhanbad,Total,7,58821,30478,28343,13350,6591,6759,45471,23887,21584
20,354,dhanbad,Total,8,64986,33820,31166,8629,4170,4459,56357,29650,26707
20,354,dhanbad,Total,9,51087,26415,24672,5044,2350,2694,46043,24065,21978
20,354,dhanbad,Total,10,72597,37980,34617,7299,3516,3783,65298,34464,30834
20,354,dhanbad,Total,11,54396,28364,26032,4122,1942,2180,50274,26422,23852
20,354,dhanbad,Total,12,69788,36200,33588,5523,2458,3065,64265,33742,30523
20,354,dhanbad,Total,13,58588,29673,28915,4327,1805,2522,54261,27868,26393
20,354,dhanbad,Total,14,63228,32393,30835,5321,2217,3104,57907,30176,27731
20,354,dhanbad,Total,15,64172,33781,30391,6609,2805,3804,57563,30976,26587
20,354,dhanbad,Total,16,60724,32251,28473,6466,2641,3825,54258,29610,24648
20,354,dhanbad,Total,17,49477,26784,22693,5310,2190,3120,44167,24594,19573
20,354,dhanbad,Total,18,68225,37863,30362,10088,4043,6045,58137,33820,24317
20,354,dhanbad,Total,19,48316,25785,22531,6697,2344,4353,41619,23441,18178
20,354,dhanbad,Total,20-24,250370,132310,118060,45407,14613,30794,204963,117697,87266
20,354,dhanbad,Total,25-29,226666,118625,108041,52259,16121,36138,174407,102504,71903
20,354,dhanbad,Total,30-34,190301,99172,91129,52867,15861,37006,137434,83311,54123
20,354,dhanbad,Total,35-39,177516,91400,86116,58752,17300,41452,118764,74100,44664
20,354,dhanbad,Total,40-44,149580,78416,71164,56363,17466,38897,93217,60950,32267
20,354,dhanbad,Total,45-49,131479,68818,62661,52981,16836,36145,78498,51982,26516
20,354,dhanbad,Total,50-54,104814,55311,49503,44491,14239,30252,60323,41072,19251
20,354,dhanbad,Total,55-59,87120,45964,41156,37986,11032,26954,49134,34932,14202
20,354,dhanbad,Total,60-64,70850,37184,33666,35554,11412,24142,35296,25772,9524
20,354,dhanbad,Total,65-69,42730,22164,20566,22492,7366,15126,20238,14798,5440
20,354,dhanbad,Total,70-74,26185,13736,12449,14236,4915,9321,11949,8821,3128
20,354,dhanbad,Total,75-79,11093,5655,5438,5547,1778,3769,5546,3877,1669
20,354,dhanbad,Total,80+,13653,6786,6867,6676,2155,4521,6977,4631,2346
20,354,dhanbad,Total,Age not stated,44331,23749,20582,14493,5961,8532,29838,17788,12050
20,354,dhanbad,Rural,All ages,1124093,581956,542137,474838,184812,290026,649255,397144,252111
20,354,dhanbad,Rural,0-6,171670,88786,82884,171670,88786,82884,0,0,0
20,354,dhanbad,Rural,7,26242,13389,12853,5990,2852,3138,20252,10537,9715
20,354,dhanbad,Rural,8,29377,15090,14287,3631,1695,1936,25746,13395,12351
20,354,dhanbad,Rural,9,22897,11716,11181,2125,968,1157,20772,10748,10024
20,354,dhanbad,Rural,10,32088,16596,15492,3020,1385,1635,29068,15211,13857
20,354,dhanbad,Rural,11,23998,12326,11672,1739,766,973,22259,11560,10699
20,354,dhanbad,Rural,12,31366,16081,15285,2425,972,1453,28941,15109,13832
20,354,dhanbad,Rural,13,26076,13004,13072,1961,710,1251,24115,12294,11821
20,354,dhanbad,Rural,14,26974,13572,13402,2350,856,1494,24624,12716,11908
20,354,dhanbad,Rural,15,26562,14080,12482,2989,1085,1904,23573,12995,10578
20,354,dhanbad,Rural,16,23889,12909,10980,2993,1077,1916,20896,11832,9064
20,354,dhanbad,Rural,17,18217,9964,8253,2403,841,1562,15814,9123,6691
20,354,dhanbad,Rural,18,26002,14652,11350,4867,1715,3152,21135,12937,8198
20,354,dhanbad,Rural,19,18433,9831,8602,3325,973,2352,15108,8858,6250
20,354,dhanbad,Rural,20-24,99284,51750,47534,24036,6659,17377,75248,45091,30157
20,354,dhanbad,Rural,25-29,95022,49395,45627,28602,7991,20611,66420,41404,25016
20,354,dhanbad,Rural,30-34,80240,41512,38728,28980,8151,20829,51260,33361,17899
20,354,dhanbad,Rural,35-39,73257,38094,35163,31106,8858,22248,42151,29236,12915
20,354,dhanbad,Rural,40-44,59909,31286,28623,28928,8745,20183,30981,22541,8440
20,354,dhanbad,Rural,45-49,50854,26528,24326,26846,8693,18153,24008,17835,6173
20,354,dhanbad,Rural,50-54,39398,20226,19172,22099,7329,14770,17299,12897,4402
20,354,dhanbad,Rural,55-59,33716,16318,17398,19617,5612,14005,14099,10706,3393
20,354,dhanbad,Rural,60-64,31358,15639,15719,19777,6409,13368,11581,9230,2351
20,354,dhanbad,Rural,65-69,20516,10295,10221,13295,4437,8858,7221,5858,1363
20,354,dhanbad,Rural,70-74,11941,6174,5767,8048,2925,5123,3893,3249,644
20,354,dhanbad,Rural,75-79,4656,2329,2327,2997,1004,1993,1659,1325,334
20,354,dhanbad,Rural,80+,5200,2575,2625,3119,1044,2075,2081,1531,550
20,354,dhanbad,Rural,Age not stated,14951,7839,7112,5900,2274,3626,9051,5565,3486
20,354,dhanbad,Urban,All ages,1560394,824000,736394,487445,206194,281251,1072949,617806,455143
20,354,dhanbad,Urban,0-6,201724,106093,95631,201724,106093,95631,0,0,0
20,354,dhanbad,Urban,7,32579,17089,15490,7360,3739,3621,25219,13350,11869
20,354,dhanbad,Urban,8,35609,18730,16879,4998,2475,2523,30611,16255,14356
20,354,dhanbad,Urban,9,28190,14699,13491,2919,1382,1537,25271,13317,11954
20,354,dhanbad,Urban,10,40509,21384,19125,4279,2131,2148,36230,19253,16977
20,354,dhanbad,Urban,11,30398,16038,14360,2383,1176,1207,28015,14862,13153
20,354,dhanbad,Urban,12,38422,20119,18303,3098,1486,1612,35324,18633,16691
20,354,dhanbad,Urban,13,32512,16669,15843,2366,1095,1271,30146,15574,14572
20,354,dhanbad,Urban,14,36254,18821,17433,2971,1361,1610,33283,17460,15823
20,354,dhanbad,Urban,15,37610,19701,17909,3620,1720,1900,33990,17981,16009
20,354,dhanbad,Urban,16,36835,19342,17493,3473,1564,1909,33362,17778,15584
20,354,dhanbad,Urban,17,31260,16820,14440,2907,1349,1558,28353,15471,12882
20,354,dhanbad,Urban,18,42223,23211,19012,5221,2328,2893,37002,20883,16119
20,354,dhanbad,Urban,19,29883,15954,13929,3372,1371,2001,26511,14583,11928
20,354,dhanbad,Urban,20-24,151086,80560,70526,21371,7954,13417,129715,72606,57109
20,354,dhanbad,Urban,25-29,131644,69230,62414,23657,8130,15527,107987,61100,46887
20,354,dhanbad,Urban,30-34,110061,57660,52401,23887,7710,16177,86174,49950,36224
20,354,dhanbad,Urban,35-39,104259,53306,50953,27646,8442,19204,76613,44864,31749
20,354,dhanbad,Urban,40-44,89671,47130,42541,27435,8721,18714,62236,38409,23827
20,354,dhanbad,Urban,45-49,80625,42290,38335,26135,8143,17992,54490,34147,20343
20,354,dhanbad,Urban,50-54,65416,35085,30331,22392,6910,15482,43024,28175,14849
20,354,dhanbad,Urban,55-59,53404,29646,23758,18369,5420,12949,35035,24226,10809
20,354,dhanbad,Urban,60-64,39492,21545,17947,15777,5003,10774,23715,16542,7173
20,354,dhanbad,Urban,65-69,22214,11869,10345,9197,2929,6268,13017,8940,4077
20,354,dhanbad,Urban,70-74,14244,7562,6682,6188,1990,4198,8056,5572,2484
20,354,dhanbad,Urban,75-79,6437,3326,3111,2550,774,1776,3887,2552,1335
20,354,dhanbad,Urban,80+,8453,4211,4242,3557,1111,2446,4896,3100,1796
20,354,dhanbad,Urban,Age not stated,29380,15910,13470,8593,3687,4906,20787,12223,8564
20,355,bokaro,Total,All ages,2062330,1072807,989523,788810,313719,475091,1273520,759088,514432
20,355,bokaro,Total,0-6,293786,152803,140983,293786,152803,140983,0,0,0
20,355,bokaro,Total,7,48065,24711,23354,11126,5467,5659,36939,19244,17695
20,355,bokaro,Total,8,48357,24898,23459,5426,2573,2853,42931,22325,20606
20,355,bokaro,Total,9,39907,20428,19479,3191,1430,1761,36716,18998,17718
20,355,bokaro,Total,10,54290,28134,26156,4175,1882,2293,50115,26252,23863
20,355,bokaro,Total,11,43905,22529,21376,2513,1084,1429,41392,21445,19947
20,355,bokaro,Total,12,55521,28575,26946,3468,1438,2030,52053,27137,24916
20,355,bokaro,Total,13,48031,23956,24075,2739,995,1744,45292,22961,22331
20,355,bokaro,Total,14,48487,24509,23978,3355,1221,2134,45132,23288,21844
20,355,bokaro,Total,15,49226,25684,23542,4275,1521,2754,44951,24163,20788
20,355,bokaro,Total,16,44550,23843,20707,4206,1549,2657,40344,22294,18050
20,355,bokaro,Total,17,38104,20803,17301,3912,1374,2538,34192,19429,14763
20,355,bokaro,Total,18,47638,26397,21241,6645,2365,4280,40993,24032,16961
20,355,bokaro,Total,19,35361,18579,16782,5115,1549,3566,30246,17030,13216
20,355,bokaro,Total,20-24,188396,98069,90327,36634,10540,26094,151762,87529,64233
20,355,bokaro,Total,25-29,177614,92413,85201,44624,12966,31658,132990,79447,53543
20,355,bokaro,Total,30-34,154947,79646,75301,48800,13607,35193,106147,66039,40108
20,355,bokaro,Total,35-39,142131,73872,68259,54127,15936,38191,88004,57936,30068
20,355,bokaro,Total,40-44,115619,61298,54321,50044,16218,33826,65575,45080,20495
20,355,bokaro,Total,45-49,97678,51200,46478,45913,15297,30616,51765,35903,15862
20,355,bokaro,Total,50-54,76561,38836,37725,37519,12284,25235,39042,26552,12490
20,355,bokaro,Total,55-59,69302,35144,34158,34156,10045,24111,35146,25099,10047
20,355,bokaro,Total,60-64,61650,32908,28742,33164,11168,21996,28486,21740,6746
20,355,bokaro,Total,65-69,36126,19417,16709,21170,7580,13590,14956,11837,3119
20,355,bokaro,Total,70-74,20785,10876,9909,13667,5207,8460,7118,5669,1449
20,355,bokaro,Total,75-79,8629,4267,4362,5690,2005,3685,2939,2262,677
20,355,bokaro,Total,80+,9062,4475,4587,6087,2334,3753,2975,2141,834
20,355,bokaro,Total,Age not stated,8602,4537,4065,3283,1281,2002,5319,3256,2063
20,355,bokaro,Rural,All ages,1078686,554954,523732,501508,197591,303917,577178,357363,219815
20,355,bokaro,Rural,0-6,169694,87270,82424,169694,87270,82424,0,0,0
20,355,bokaro,Rural,7,27112,13676,13436,6598,3154,3444,20514,10522,9992
20,355,bokaro,Rural,8,27717,14008,13709,3288,1514,1774,24429,12494,11935
20,355,bokaro,Rural,9,22603,11404,11199,1896,797,1099,20707,10607,10100
20,355,bokaro,Rural,10,30881,15820,15061,2479,1066,1413,28402,14754,13648
20,355,bokaro,Rural,11,24351,12370,11981,1522,614,908,22829,11756,11073
20,355,bokaro,Rural,12,31734,16156,15578,2189,849,1340,29545,15307,14238
20,355,bokaro,Rural,13,26858,13212,13646,1818,626,1192,25040,12586,12454
20,355,bokaro,Rural,14,26376,13214,13162,2158,715,1443,24218,12499,11719
20,355,bokaro,Rural,15,26358,13823,12535,2895,954,1941,23463,12869,10594
20,355,bokaro,Rural,16,22182,12005,10177,2821,967,1854,19361,11038,8323
20,355,bokaro,Rural,17,18107,10125,7982,2611,838,1773,15496,9287,6209
20,355,bokaro,Rural,18,23472,13233,10239,4546,1505,3041,18926,11728,7198
20,355,bokaro,Rural,19,16880,8906,7974,3513,997,2516,13367,7909,5458
20,355,bokaro,Rural,20-24,90537,47046,43491,25629,6985,18644,64908,40061,24847
20,355,bokaro,Rural,25-29,88050,45543,42507,31394,8917,22477,56656,36626,20030
20,355,bokaro,Rural,30-34,78230,39437,38793,33977,9503,24474,44253,29934,14319
20,355,bokaro,Rural,35-39,73001,37876,35125,36686,11296,25390,36315,26580,9735
20,355,bokaro,Rural,40-44,58153,30671,27482,33076,11167,21909,25077,19504,5573
20,355,bokaro,Rural,45-49,48298,25623,22675,29721,10716,19005,18577,14907,3670
20,355,bokaro,Rural,50-54,35847,18257,17590,23723,8518,15205,12124,9739,2385
20,355,bokaro,Rural,55-59,31679,14920,16759,21836,7075,14761,9843,7845,1998
20,355,bokaro,Rural,60-64,31727,15629,16098,22530,8084,14446,9197,7545,1652
20,355,bokaro,Rural,65-69,21350,10767,10583,15274,5695,9579,6076,5072,1004
20,355,bokaro,Rural,70-74,12894,6651,6243,9705,3890,5815,3189,2761,428
20,355,bokaro,Rural,75-79,5227,2569,2658,3965,1487,2478,1262,1082,180
20,355,bokaro,Rural,80+,5113,2534,2579,3947,1596,2351,1166,938,228
20,355,bokaro,Rural,Age not stated,4255,2209,2046,2017,796,1221,2238,1413,825
20,355,bokaro,Urban,All ages,983644,517853,465791,287302,116128,171174,696342,401725,294617
20,355,bokaro,Urban,0-6,124092,65533,58559,124092,65533,58559,0,0,0
20,355,bokaro,Urban,7,20953,11035,9918,4528,2313,2215,16425,8722,7703
20,355,bokaro,Urban,8,20640,10890,9750,2138,1059,1079,18502,9831,8671
20,355,bokaro,Urban,9,17304,9024,8280,1295,633,662,16009,8391,7618
20,355,bokaro,Urban,10,23409,12314,11095,1696,816,880,21713,11498,10215
20,355,bokaro,Urban,11,19554,10159,9395,991,470,521,18563,9689,8874
20,355,bokaro,Urban,12,23787,12419,11368,1279,589,690,22508,11830,10678
20,355,bokaro,Urban,13,21173,10744,10429,921,369,552,20252,10375,9877
20,355,bokaro,Urban,14,22111,11295,10816,1197,506,691,20914,10789,10125
20,355,bokaro,Urban,15,22868,11861,11007,1380,567,813,21488,11294,10194
20,355,bokaro,Urban,16,22368,11838,10530,1385,582,803,20983,11256,9727
20,355,bokaro,Urban,17,19997,10678,9319,1301,536,765,18696,10142,8554
20,355,bokaro,Urban,18,24166,13164,11002,2099,860,1239,22067,12304,9763
20,355,bokaro,Urban,19,18481,9673,8808,1602,552,1050,16879,9121,7758
20,355,bokaro,Urban,20-24,97859,51023,46836,11005,3555,7450,86854,47468,39386
20,355,bokaro,Urban,25-29,89564,46870,42694,13230,4049,9181,76334,42821,33513
20,355,bokaro,Urban,30-34,76717,40209,36508,14823,4104,10719,61894,36105,25789
20,355,bokaro,Urban,35-39,69130,35996,33134,17441,4640,12801,51689,31356,20333
20,355,bokaro,Urban,40-44,57466,30627,26839,16968,5051,11917,40498,25576,14922
20,355,bokaro,Urban,45-49,49380,25577,23803,16192,4581,11611,33188,20996,12192
20,355,bokaro,Urban,50-54,40714,20579,20135,13796,3766,10030,26918,16813,10105
20,355,bokaro,Urban,55-59,37623,20224,17399,12320,2970,9350,25303,17254,8049
20,355,bokaro,Urban,60-64,29923,17279,12644,10634,3084,7550,19289,14195,5094
20,355,bokaro,Urban,65-69,14776,8650,6126,5896,1885,4011,8880,6765,2115
20,355,bokaro,Urban,70-74,7891,4225,3666,3962,1317,2645,3929,2908,1021
20,355,bokaro,Urban,75-79,3402,1698,1704,1725,518,1207,1677,1180,497
20,355,bokaro,Urban,80+,3949,1941,2008,2140,738,1402,1809,1203,606
20,355,bokaro,Urban,Age not stated,4347,2328,2019,1266,485,781,3081,1843,1238
20,356,lohardaga,Total,All ages,461790,232629,229161,202083,83061,119022,259707,149568,110139
20,356,lohardaga,Total,0-6,77649,39412,38237,77649,39412,38237,0,0,0
20,356,lohardaga,Total,7,11983,6145,5838,4258,2057,2201,7725,4088,3637
20,356,lohardaga,Total,8,14169,7288,6881,2013,971,1042,12156,6317,5839
20,356,lohardaga,Total,9,10756,5478,5278,1017,502,515,9739,4976,4763
20,356,lohardaga,Total,10,15194,7789,7405,1262,595,667,13932,7194,6738
20,356,lohardaga,Total,11,10959,5572,5387,670,322,348,10289,5250,5039
20,356,lohardaga,Total,12,15012,7773,7239,920,435,485,14092,7338,6754
20,356,lohardaga,Total,13,11919,5859,6060,583,255,328,11336,5604,5732
20,356,lohardaga,Total,14,12478,6230,6248,784,313,471,11694,5917,5777
20,356,lohardaga,Total,15,11709,5948,5761,1043,415,628,10666,5533,5133
20,356,lohardaga,Total,16,11170,5760,5410,1117,436,681,10053,5324,4729
20,356,lohardaga,Total,17,7941,4122,3819,792,278,514,7149,3844,3305
20,356,lohardaga,Total,18,11965,6344,5621,1811,642,1169,10154,5702,4452
20,356,lohardaga,Total,19,6777,3411,3366,1066,322,744,5711,3089,2622
20,356,lohardaga,Total,20-24,36799,18306,18493,8287,2301,5986,28512,16005,12507
20,356,lohardaga,Total,25-29,32364,16113,16251,9935,2962,6973,22429,13151,9278
20,356,lohardaga,Total,30-34,28495,13871,14624,10775,3040,7735,17720,10831,6889
20,356,lohardaga,Total,35-39,27082,13382,13700,12385,3919,8466,14697,9463,5234
20,356,lohardaga,Total,40-44,23723,11847,11876,12652,4333,8319,11071,7514,3557
20,356,lohardaga,Total,45-49,21040,10861,10179,11989,4402,7587,9051,6459,2592
20,356,lohardaga,Total,50-54,15806,8017,7789,9548,3512,6036,6258,4505,1753
20,356,lohardaga,Total,55-59,13501,6634,6867,8543,2949,5594,4958,3685,1273
20,356,lohardaga,Total,60-64,13660,6567,7093,9289,3317,5972,4371,3250,1121
20,356,lohardaga,Total,65-69,9167,4508,4659,6333,2345,3988,2834,2163,671
20,356,lohardaga,Total,70-74,5569,2825,2744,4037,1635,2402,1532,1190,342
20,356,lohardaga,Total,75-79,2234,1131,1103,1578,637,941,656,494,162
20,356,lohardaga,Total,80+,2307,1239,1068,1597,693,904,710,546,164
20,356,lohardaga,Total,Age not stated,362,197,165,150,61,89,212,136,76
20,356,lohardaga,Rural,All ages,404379,203255,201124,186975,76402,110573,217404,126853,90551
20,356,lohardaga,Rural,0-6,69791,35332,34459,69791,35332,34459,0,0,0
20,356,lohardaga,Rural,7,10746,5503,5243,3940,1908,2032,6806,3595,3211
20,356,lohardaga,Rural,8,12833,6614,6219,1913,916,997,10920,5698,5222
20,356,lohardaga,Rural,9,9620,4886,4734,961,476,485,8659,4410,4249
20,356,lohardaga,Rural,10,13664,6956,6708,1171,547,624,12493,6409,6084
20,356,lohardaga,Rural,11,9732,4945,4787,627,292,335,9105,4653,4452
20,356,lohardaga,Rural,12,13551,7008,6543,857,401,456,12694,6607,6087
20,356,lohardaga,Rural,13,10615,5215,5400,532,225,307,10083,4990,5093
20,356,lohardaga,Rural,14,11069,5546,5523,724,282,442,10345,5264,5081
20,356,lohardaga,Rural,15,10406,5297,5109,971,383,588,9435,4914,4521
20,356,lohardaga,Rural,16,9763,5028,4735,1039,390,649,8724,4638,4086
20,356,lohardaga,Rural,17,6757,3517,3240,742,258,484,6015,3259,2756
20,356,lohardaga,Rural,18,10392,5563,4829,1699,585,1114,8693,4978,3715
20,356,lohardaga,Rural,19,5699,2908,2791,1008,299,709,4691,2609,2082
20,356,lohardaga,Rural,20-24,31065,15466,15599,7811,2111,5700,23254,13355,9899
20,356,lohardaga,Rural,25-29,27434,13679,13755,9401,2738,6663,18033,10941,7092
20,356,lohardaga,Rural,30-34,24280,11749,12531,10197,2846,7351,14083,8903,5180
20,356,lohardaga,Rural,35-39,23151,11418,11733,11635,3647,7988,11516,7771,3745
20,356,lohardaga,Rural,40-44,20415,10069,10346,11951,4111,7840,8464,5958,2506
20,356,lohardaga,Rural,45-49,18192,9290,8902,11339,4184,7155,6853,5106,1747
20,356,lohardaga,Rural,50-54,13814,6959,6855,9064,3376,5688,4750,3583,1167
20,356,lohardaga,Rural,55-59,11858,5772,6086,8055,2826,5229,3803,2946,857
20,356,lohardaga,Rural,60-64,12189,5822,6367,8757,3173,5584,3432,2649,783
20,356,lohardaga,Rural,65-69,8212,4020,4192,5963,2247,3716,2249,1773,476
20,356,lohardaga,Rural,70-74,4962,2512,2450,3792,1564,2228,1170,948,222
20,356,lohardaga,Rural,75-79,1931,985,946,1451,595,856,480,390,90
20,356,lohardaga,Rural,80+,2000,1073,927,1468,646,822,532,427,105
20,356,lohardaga,Rural,Age not stated,238,123,115,116,44,72,122,79,43
20,356,lohardaga,Urban,All ages,57411,29374,28037,15108,6659,8449,42303,22715,19588
20,356,lohardaga,Urban,0-6,7858,4080,3778,7858,4080,3778,0,0,0
20,356,lohardaga,Urban,7,1237,642,595,318,149,169,919,493,426
20,356,lohardaga,Urban,8,1336,674,662,100,55,45,1236,619,617
20,356,lohardaga,Urban,9,1136,592,544,56,26,30,1080,566,514
20,356,lohardaga,Urban,10,1530,833,697,91,48,43,1439,785,654
20,356,lohardaga,Urban,11,1227,627,600,43,30,13,1184,597,587
20,356,lohardaga,Urban,12,1461,765,696,63,34,29,1398,731,667
20,356,lohardaga,Urban,13,1304,644,660,51,30,21,1253,614,639
20,356,lohardaga,Urban,14,1409,684,725,60,31,29,1349,653,696
20,356,lohardaga,Urban,15,1303,651,652,72,32,40,1231,619,612
20,356,lohardaga,Urban,16,1407,732,675,78,46,32,1329,686,643
20,356,lohardaga,Urban,17,1184,605,579,50,20,30,1134,585,549
20,356,lohardaga,Urban,18,1573,781,792,112,57,55,1461,724,737
20,356,lohardaga,Urban,19,1078,503,575,58,23,35,1020,480,540
20,356,lohardaga,Urban,20-24,5734,2840,2894,476,190,286,5258,2650,2608
20,356,lohardaga,Urban,25-29,4930,2434,2496,534,224,310,4396,2210,2186
20,356,lohardaga,Urban,30-34,4215,2122,2093,578,194,384,3637,1928,1709
20,356,lohardaga,Urban,35-39,3931,1964,1967,750,272,478,3181,1692,1489
20,356,lohardaga,Urban,40-44,3308,1778,1530,701,222,479,2607,1556,1051
20,356,lohardaga,Urban,45-49,2848,1571,1277,650,218,432,2198,1353,845
20,356,lohardaga,Urban,50-54,1992,1058,934,484,136,348,1508,922,586
20,356,lohardaga,Urban,55-59,1643,862,781,488,123,365,1155,739,416
20,356,lohardaga,Urban,60-64,1471,745,726,532,144,388,939,601,338
20,356,lohardaga,Urban,65-69,955,488,467,370,98,272,585,390,195
20,356,lohardaga,Urban,70-74,607,313,294,245,71,174,362,242,120
20,356,lohardaga,Urban,75-79,303,146,157,127,42,85,176,104,72
20,356,lohardaga,Urban,80+,307,166,141,129,47,82,178,119,59
20,356,lohardaga,Urban,Age not stated,124,74,50,34,17,17,90,57,33
20,357,purbi singhbhum,Total,All ages,2293919,1176902,1117017,786220,320376,465844,1507699,856526,651173
20,357,purbi singhbhum,Total,0-6,296626,154229,142397,296626,154229,142397,0,0,0
20,357,purbi singhbhum,Total,7,44873,23308,21565,10588,5245,5343,34285,18063,16222
20,357,purbi singhbhum,Total,8,46578,24175,22403,5523,2607,2916,41055,21568,19487
20,357,purbi singhbhum,Total,9,39902,20475,19427,3104,1464,1640,36798,19011,17787
20,357,purbi singhbhum,Total,10,50040,26281,23759,3927,1918,2009,46113,24363,21750
20,357,purbi singhbhum,Total,11,41605,21584,20021,2252,984,1268,39353,20600,18753
20,357,purbi singhbhum,Total,12,48289,25231,23058,2975,1303,1672,45314,23928,21386
20,357,purbi singhbhum,Total,13,43034,22049,20985,2268,972,1296,40766,21077,19689
20,357,purbi singhbhum,Total,14,43472,22627,20845,2617,1116,1501,40855,21511,19344
20,357,purbi singhbhum,Total,15,45280,24380,20900,3463,1533,1930,41817,22847,18970
20,357,purbi singhbhum,Total,16,42801,23188,19613,3372,1503,1869,39429,21685,17744
20,357,purbi singhbhum,Total,17,36777,19924,16853,2975,1237,1738,33802,18687,15115
20,357,purbi singhbhum,Total,18,49764,26411,23353,6032,2271,3761,43732,24140,19592
20,357,purbi singhbhum,Total,19,39143,19649,19494,4546,1432,3114,34597,18217,16380
20,357,purbi singhbhum,Total,20-24,215693,107205,108488,34099,10452,23647,181594,96753,84841
20,357,purbi singhbhum,Total,25-29,208718,104263,104455,42466,13523,28943,166252,90740,75512
20,357,purbi singhbhum,Total,30-34,181709,92187,89522,44298,14336,29962,137411,77851,59560
20,357,purbi singhbhum,Total,35-39,173162,88307,84855,51071,16691,34380,122091,71616,50475
20,357,purbi singhbhum,Total,40-44,148502,77462,71040,51116,17822,33294,97386,59640,37746
20,357,purbi singhbhum,Total,45-49,128941,67712,61229,48326,17342,30984,80615,50370,30245
20,357,purbi singhbhum,Total,50-54,100372,52468,47904,40051,14245,25806,60321,38223,22098
20,357,purbi singhbhum,Total,55-59,79855,41310,38545,32353,10491,21862,47502,30819,16683
20,357,purbi singhbhum,Total,60-64,73924,35784,38140,34956,10741,24215,38968,25043,13925
20,357,purbi singhbhum,Total,65-69,50227,24940,25287,24181,7223,16958,26046,17717,8329
20,357,purbi singhbhum,Total,70-74,33534,16976,16558,16996,5146,11850,16538,11830,4708
20,357,purbi singhbhum,Total,75-79,15500,7621,7879,7683,2174,5509,7817,5447,2370
20,357,purbi singhbhum,Total,80+,14736,6681,8055,8032,2258,5774,6704,4423,2281
20,357,purbi singhbhum,Total,Age not stated,862,475,387,324,118,206,538,357,181
20,357,purbi singhbhum,Rural,All ages,1019328,514498,504830,471331,186606,284725,547997,327892,220105
20,357,purbi singhbhum,Rural,0-6,147492,75554,71938,147492,75554,71938,0,0,0
20,357,purbi singhbhum,Rural,7,21719,11110,10609,5674,2769,2905,16045,8341,7704
20,357,purbi singhbhum,Rural,8,22705,11485,11220,3030,1372,1658,19675,10113,9562
20,357,purbi singhbhum,Rural,9,19476,9829,9647,1711,790,921,17765,9039,8726
20,357,purbi singhbhum,Rural,10,24396,12619,11777,2169,1005,1164,22227,11614,10613
20,357,purbi singhbhum,Rural,11,19312,9847,9465,1236,503,733,18076,9344,8732
20,357,purbi singhbhum,Rural,12,23513,12113,11400,1700,687,1013,21813,11426,10387
20,357,purbi singhbhum,Rural,13,20313,10309,10004,1339,517,822,18974,9792,9182
20,357,purbi singhbhum,Rural,14,19985,10586,9399,1534,609,925,18451,9977,8474
20,357,purbi singhbhum,Rural,15,20510,11242,9268,2178,909,1269,18332,10333,7999
20,357,purbi singhbhum,Rural,16,18954,10497,8457,2138,873,1265,16816,9624,7192
20,357,purbi singhbhum,Rural,17,14419,8079,6340,1852,691,1161,12567,7388,5179
20,357,purbi singhbhum,Rural,18,21552,11422,10130,3858,1300,2558,17694,10122,7572
20,357,purbi singhbhum,Rural,19,16586,8189,8397,3015,840,2175,13571,7349,6222
20,357,purbi singhbhum,Rural,20-24,89377,44147,45230,22343,6415,15928,67034,37732,29302
20,357,purbi singhbhum,Rural,25-29,85788,42448,43340,28025,8602,19423,57763,33846,23917
20,357,purbi singhbhum,Rural,30-34,73817,36704,37113,29384,9326,20058,44433,27378,17055
20,357,purbi singhbhum,Rural,35-39,72485,36366,36119,33888,11117,22771,38597,25249,13348
20,357,purbi singhbhum,Rural,40-44,63996,32662,31334,34559,12328,22231,29437,20334,9103
20,357,purbi singhbhum,Rural,45-49,55664,29028,26636,32339,12287,20052,23325,16741,6584
20,357,purbi singhbhum,Rural,50-54,43573,22191,21382,27037,10098,16939,16536,12093,4443
20,357,purbi singhbhum,Rural,55-59,34855,17242,17613,22154,7806,14348,12701,9436,3265
20,357,purbi singhbhum,Rural,60-64,34760,16191,18569,24025,7945,16080,10735,8246,2489
20,357,purbi singhbhum,Rural,65-69,24207,11114,13093,17044,5455,11589,7163,5659,1504
20,357,purbi singhbhum,Rural,70-74,15756,7204,8552,11508,3739,7769,4248,3465,783
20,357,purbi singhbhum,Rural,75-79,7209,3273,3936,5157,1569,3588,2052,1704,348
20,357,purbi singhbhum,Rural,80+,6529,2859,3670,4770,1449,3321,1759,1410,349
20,357,purbi singhbhum,Rural,Age not stated,380,188,192,172,51,121,208,137,71
20,357,purbi singhbhum,Urban,All ages,1274591,662404,612187,314889,133770,181119,959702,528634,431068
20,357,purbi singhbhum,Urban,0-6,149134,78675,70459,149134,78675,70459,0,0,0
20,357,purbi singhbhum,Urban,7,23154,12198,10956,4914,2476,2438,18240,9722,8518
20,357,purbi singhbhum,Urban,8,23873,12690,11183,2493,1235,1258,21380,11455,9925
20,357,purbi singhbhum,Urban,9,20426,10646,9780,1393,674,719,19033,9972,9061
20,357,purbi singhbhum,Urban,10,25644,13662,11982,1758,913,845,23886,12749,11137
20,357,purbi singhbhum,Urban,11,22293,11737,10556,1016,481,535,21277,11256,10021
20,357,purbi singhbhum,Urban,12,24776,13118,11658,1275,616,659,23501,12502,10999
20,357,purbi singhbhum,Urban,13,22721,11740,10981,929,455,474,21792,11285,10507
20,357,purbi singhbhum,Urban,14,23487,12041,11446,1083,507,576,22404,11534,10870
20,357,purbi singhbhum,Urban,15,24770,13138,11632,1285,624,661,23485,12514,10971
20,357,purbi singhbhum,Urban,16,23847,12691,11156,1234,630,604,22613,12061,10552
20,357,purbi singhbhum,Urban,17,22358,11845,10513,1123,546,577,21235,11299,9936
20,357,purbi singhbhum,Urban,18,28212,14989,13223,2174,971,1203,26038,14018,12020
20,357,purbi singhbhum,Urban,19,22557,11460,11097,1531,592,939,21026,10868,10158
20,357,purbi singhbhum,Urban,20-24,126316,63058,63258,11756,4037,7719,114560,59021,55539
20,357,purbi singhbhum,Urban,25-29,122930,61815,61115,14441,4921,9520,108489,56894,51595
20,357,purbi singhbhum,Urban,30-34,107892,55483,52409,14914,5010,9904,92978,50473,42505
20,357,purbi singhbhum,Urban,35-39,100677,51941,48736,17183,5574,11609,83494,46367,37127
20,357,purbi singhbhum,Urban,40-44,84506,44800,39706,16557,5494,11063,67949,39306,28643
20,357,purbi singhbhum,Urban,45-49,73277,38684,34593,15987,5055,10932,57290,33629,23661
20,357,purbi singhbhum,Urban,50-54,56799,30277,26522,13014,4147,8867,43785,26130,17655
20,357,purbi singhbhum,Urban,55-59,45000,24068,20932,10199,2685,7514,34801,21383,13418
20,357,purbi singhbhum,Urban,60-64,39164,19593,19571,10931,2796,8135,28233,16797,11436
20,357,purbi singhbhum,Urban,65-69,26020,13826,12194,7137,1768,5369,18883,12058,6825
20,357,purbi singhbhum,Urban,70-74,17778,9772,8006,5488,1407,4081,12290,8365,3925
20,357,purbi singhbhum,Urban,75-79,8291,4348,3943,2526,605,1921,5765,3743,2022
20,357,purbi singhbhum,Urban,80+,8207,3822,4385,3262,809,2453,4945,3013,1932
20,357,purbi singhbhum,Urban,Age not stated,482,287,195,152,67,85,330,220,110
20,358,palamu,Total,All ages,1939869,1006302,933567,915306,384596,530710,1024563,621706,402857
20,358,palamu,Total,0-6,329728,169543,160185,329728,169543,160185,0,0,0
20,358,palamu,Total,7,48317,24569,23748,15011,7181,7830,33306,17388,15918
20,358,palamu,Total,8,62838,31925,30913,11419,5278,6141,51419,26647,24772
20,358,palamu,Total,9,42700,21699,21001,5355,2436,2919,37345,19263,18082
20,358,palamu,Total,10,68155,35368,32787,7917,3578,4339,60238,31790,28448
20,358,palamu,Total,11,45114,23417,21697,4017,1801,2216,41097,21616,19481
20,358,palamu,Total,12,63342,32615,30727,5994,2460,3534,57348,30155,27193
20,358,palamu,Total,13,44603,22718,21885,3807,1478,2329,40796,21240,19556
20,358,palamu,Total,14,47912,24538,23374,4400,1733,2667,43512,22805,20707
20,358,palamu,Total,15,47998,25577,22421,6005,2503,3502,41993,23074,18919
20,358,palamu,Total,16,41492,22248,19244,5249,2052,3197,36243,20196,16047
20,358,palamu,Total,17,28449,15699,12750,3885,1425,2460,24564,14274,10290
20,358,palamu,Total,18,44210,25116,19094,8634,3027,5607,35576,22089,13487
20,358,palamu,Total,19,25956,13782,12174,5497,1552,3945,20459,12230,8229
20,358,palamu,Total,20-24,155614,81804,73810,46678,13837,32841,108936,67967,40969
20,358,palamu,Total,25-29,148144,75125,73019,57245,17703,39542,90899,57422,33477
20,358,palamu,Total,30-34,133054,67531,65523,58358,18989,39369,74696,48542,26154
20,358,palamu,Total,35-39,118056,61006,57050,57309,19635,37674,60747,41371,19376
20,358,palamu,Total,40-44,96738,51642,45096,51260,19210,32050,45478,32432,13046
20,358,palamu,Total,45-49,77820,40500,37320,45251,16776,28475,32569,23724,8845
20,358,palamu,Total,50-54,60918,32725,28193,37173,15118,22055,23745,17607,6138
20,358,palamu,Total,55-59,53473,25119,28354,34682,11128,23554,18791,13991,4800
20,358,palamu,Total,60-64,58406,30110,28296,40356,15975,24381,18050,14135,3915
20,358,palamu,Total,65-69,40388,21187,19201,28612,11605,17007,11776,9582,2194
20,358,palamu,Total,70-74,28335,15793,12542,20993,9704,11289,7342,6089,1253
20,358,palamu,Total,75-79,12222,6312,5910,9060,3706,5354,3162,2606,556
20,358,palamu,Total,80+,14645,7866,6779,10942,4941,6001,3703,2925,778
20,358,palamu,Total,Age not stated,1242,768,474,469,222,247,773,546,227
20,358,palamu,Rural,All ages,1713866,887551,826315,846052,354982,491070,867814,532569,335245
20,358,palamu,Rural,0-6,298338,153161,145177,298338,153161,145177,0,0,0
20,358,palamu,Rural,7,43521,22056,21465,13987,6678,7309,29534,15378,14156
20,358,palamu,Rural,8,56972,28918,28054,10651,4920,5731,46321,23998,22323
20,358,palamu,Rural,9,38474,19456,19018,5015,2265,2750,33459,17191,16268
20,358,palamu,Rural,10,61790,31949,29841,7424,3328,4096,54366,28621,25745
20,358,palamu,Rural,11,40361,20933,19428,3762,1664,2098,36599,19269,17330
20,358,palamu,Rural,12,57141,29427,27714,5641,2290,3351,51500,27137,24363
20,358,palamu,Rural,13,39719,20235,19484,3588,1371,2217,36131,18864,17267
20,358,palamu,Rural,14,42638,21898,20740,4115,1600,2515,38523,20298,18225
20,358,palamu,Rural,15,42526,22744,19782,5612,2329,3283,36914,20415,16499
20,358,palamu,Rural,16,36205,19486,16719,4853,1854,2999,31352,17632,13720
20,358,palamu,Rural,17,24349,13495,10854,3631,1304,2327,20718,12191,8527
20,358,palamu,Rural,18,38421,21907,16514,8069,2778,5291,30352,19129,11223
20,358,palamu,Rural,19,22169,11761,10408,5182,1410,3772,16987,10351,6636
20,358,palamu,Rural,20-24,134803,70634,64169,43925,12807,31118,90878,57827,33051
20,358,palamu,Rural,25-29,129322,65420,63902,53991,16612,37379,75331,48808,26523
20,358,palamu,Rural,30-34,116418,58940,57478,55021,17886,37135,61397,41054,20343
20,358,palamu,Rural,35-39,102906,53208,49698,53846,18535,35311,49060,34673,14387
20,358,palamu,Rural,40-44,83600,44473,39127,47859,18007,29852,35741,26466,9275
20,358,palamu,Rural,45-49,67138,34712,32426,42159,15826,26333,24979,18886,6093
20,358,palamu,Rural,50-54,52464,28233,24231,34399,14175,20224,18065,14058,4007
20,358,palamu,Rural,55-59,46689,21636,25053,32373,10567,21806,14316,11069,3247
20,358,palamu,Rural,60-64,51818,26688,25130,37584,15110,22474,14234,11578,2656
20,358,palamu,Rural,65-69,35933,18879,17054,26581,10972,15609,9352,7907,1445
20,358,palamu,Rural,70-74,25133,14020,11113,19466,9159,10307,5667,4861,806
20,358,palamu,Rural,75-79,10826,5547,5279,8447,3521,4926,2379,2026,353
20,358,palamu,Rural,80+,13084,7057,6027,10096,4647,5449,2988,2410,578
20,358,palamu,Rural,Age not stated,1108,678,430,437,206,231,671,472,199
20,358,palamu,Urban,All ages,226003,118751,107252,69254,29614,39640,156749,89137,67612
20,358,palamu,Urban,0-6,31390,16382,15008,31390,16382,15008,0,0,0
20,358,palamu,Urban,7,4796,2513,2283,1024,503,521,3772,2010,1762
20,358,palamu,Urban,8,5866,3007,2859,768,358,410,5098,2649,2449
20,358,palamu,Urban,9,4226,2243,1983,340,171,169,3886,2072,1814
20,358,palamu,Urban,10,6365,3419,2946,493,250,243,5872,3169,2703
20,358,palamu,Urban,11,4753,2484,2269,255,137,118,4498,2347,2151
20,358,palamu,Urban,12,6201,3188,3013,353,170,183,5848,3018,2830
20,358,palamu,Urban,13,4884,2483,2401,219,107,112,4665,2376,2289
20,358,palamu,Urban,14,5274,2640,2634,285,133,152,4989,2507,2482
20,358,palamu,Urban,15,5472,2833,2639,393,174,219,5079,2659,2420
20,358,palamu,Urban,16,5287,2762,2525,396,198,198,4891,2564,2327
20,358,palamu,Urban,17,4100,2204,1896,254,121,133,3846,2083,1763
20,358,palamu,Urban,18,5789,3209,2580,565,249,316,5224,2960,2264
20,358,palamu,Urban,19,3787,2021,1766,315,142,173,3472,1879,1593
20,358,palamu,Urban,20-24,20811,11170,9641,2753,1030,1723,18058,10140,7918
20,358,palamu,Urban,25-29,18822,9705,9117,3254,1091,2163,15568,8614,6954
20,358,palamu,Urban,30-34,16636,8591,8045,3337,1103,2234,13299,7488,5811
20,358,palamu,Urban,35-39,15150,7798,7352,3463,1100,2363,11687,6698,4989
20,358,palamu,Urban,40-44,13138,7169,5969,3401,1203,2198,9737,5966,3771
20,358,palamu,Urban,45-49,10682,5788,4894,3092,950,2142,7590,4838,2752
20,358,palamu,Urban,50-54,8454,4492,3962,2774,943,1831,5680,3549,2131
20,358,palamu,Urban,55-59,6784,3483,3301,2309,561,1748,4475,2922,1553
20,358,palamu,Urban,60-64,6588,3422,3166,2772,865,1907,3816,2557,1259
20,358,palamu,Urban,65-69,4455,2308,2147,2031,633,1398,2424,1675,749
20,358,palamu,Urban,70-74,3202,1773,1429,1527,545,982,1675,1228,447
20,358,palamu,Urban,75-79,1396,765,631,613,185,428,783,580,203
20,358,palamu,Urban,80+,1561,809,752,846,294,552,715,515,200
20,358,palamu,Urban,Age not stated,134,90,44,32,16,16,102,74,28
20,359,latehar,Total,All ages,726978,369666,357312,376296,159960,216336,350682,209706,140976
20,359,latehar,Total,0-6,137699,69971,67728,137699,69971,67728,0,0,0
20,359,latehar,Total,7,19098,9677,9421,6784,3273,3511,12314,6404,5910
20,359,latehar,Total,8,24255,12219,12036,5648,2641,3007,18607,9578,9029
20,359,latehar,Total,9,16548,8286,8262,2789,1290,1499,13759,6996,6763
20,359,latehar,Total,10,25885,13319,12566,4091,1872,2219,21794,11447,10347
20,359,latehar,Total,11,16537,8464,8073,2035,844,1191,14502,7620,6882
20,359,latehar,Total,12,25033,12697,12336,3184,1290,1894,21849,11407,10442
20,359,latehar,Total,13,17449,8779,8670,1978,767,1211,15471,8012,7459
20,359,latehar,Total,14,19320,9766,9554,2536,955,1581,16784,8811,7973
20,359,latehar,Total,15,18205,9346,8859,3069,1205,1864,15136,8141,6995
20,359,latehar,Total,16,16270,8361,7909,2952,1067,1885,13318,7294,6024
20,359,latehar,Total,17,10918,5595,5323,2104,691,1413,8814,4904,3910
20,359,latehar,Total,18,17072,9028,8044,4541,1504,3037,12531,7524,5007
20,359,latehar,Total,19,9388,4588,4800,2602,687,1915,6786,3901,2885
20,359,latehar,Total,20-24,57565,28671,28894,20818,6214,14604,36747,22457,14290
20,359,latehar,Total,25-29,52842,26983,25859,23053,7699,15354,29789,19284,10505
20,359,latehar,Total,30-34,44636,22155,22481,22144,7417,14727,22492,14738,7754
20,359,latehar,Total,35-39,41245,21156,20089,22245,8107,14138,19000,13049,5951
20,359,latehar,Total,40-44,35401,18080,17321,21008,7883,13125,14393,10197,4196
20,359,latehar,Total,45-49,31438,16549,14889,20160,8151,12009,11278,8398,2880
20,359,latehar,Total,50-54,23004,12237,10767,15265,6393,8872,7739,5844,1895
20,359,latehar,Total,55-59,19555,9538,10017,13533,4972,8561,6022,4566,1456
20,359,latehar,Total,60-64,19412,9446,9966,14721,5844,8877,4691,3602,1089
20,359,latehar,Total,65-69,13176,6891,6285,9879,4213,5666,3297,2678,619
20,359,latehar,Total,70-74,7817,4156,3661,6097,2732,3365,1720,1424,296
20,359,latehar,Total,75-79,3180,1609,1571,2442,1014,1428,738,595,143
20,359,latehar,Total,80+,3726,1908,1818,2793,1198,1595,933,710,223
20,359,latehar,Total,Age not stated,304,191,113,126,66,60,178,125,53
20,359,latehar,Rural,All ages,675120,342566,332554,358962,152405,206557,316158,190161,125997
20,359,latehar,Rural,0-6,129917,65927,63990,129917,65927,63990,0,0,0
20,359,latehar,Rural,7,17946,9082,8864,6529,3149,3380,11417,5933,5484
20,359,latehar,Rural,8,22906,11547,11359,5460,2535,2925,17446,9012,8434
20,359,latehar,Rural,9,15531,7762,7769,2703,1251,1452,12828,6511,6317
20,359,latehar,Rural,10,24507,12577,11930,3946,1803,2143,20561,10774,9787
20,359,latehar,Rural,11,15407,7875,7532,1943,806,1137,13464,7069,6395
20,359,latehar,Rural,12,23610,11983,11627,3055,1235,1820,20555,10748,9807
20,359,latehar,Rural,13,16262,8178,8084,1905,736,1169,14357,7442,6915
20,359,latehar,Rural,14,17988,9098,8890,2442,910,1532,15546,8188,7358
20,359,latehar,Rural,15,17002,8731,8271,2956,1152,1804,14046,7579,6467
20,359,latehar,Rural,16,15021,7769,7252,2840,1022,1818,12181,6747,5434
20,359,latehar,Rural,17,9968,5117,4851,1997,635,1362,7971,4482,3489
20,359,latehar,Rural,18,15790,8362,7428,4351,1432,2919,11439,6930,4509
20,359,latehar,Rural,19,8498,4133,4365,2485,639,1846,6013,3494,2519
20,359,latehar,Rural,20-24,52790,26192,26598,20014,5887,14127,32776,20305,12471
20,359,latehar,Rural,25-29,48385,24619,23766,22134,7353,14781,26251,17266,8985
20,359,latehar,Rural,30-34,40850,20169,20681,21262,7089,14173,19588,13080,6508
20,359,latehar,Rural,35-39,37859,19294,18565,21419,7798,13621,16440,11496,4944
20,359,latehar,Rural,40-44,32505,16532,15973,20179,7606,12573,12326,8926,3400
20,359,latehar,Rural,45-49,29011,15220,13791,19367,7884,11483,9644,7336,2308
20,359,latehar,Rural,50-54,21031,11191,9840,14569,6195,8374,6462,4996,1466
20,359,latehar,Rural,55-59,17934,8652,9282,12957,4800,8157,4977,3852,1125
20,359,latehar,Rural,60-64,18171,8811,9360,14163,5653,8510,4008,3158,850
20,359,latehar,Rural,65-69,12362,6460,5902,9519,4097,5422,2843,2363,480
20,359,latehar,Rural,70-74,7253,3866,3387,5797,2625,3172,1456,1241,215
20,359,latehar,Rural,75-79,2936,1482,1454,2323,978,1345,613,504,109
20,359,latehar,Rural,80+,3400,1761,1639,2607,1144,1463,793,617,176
20,359,latehar,Rural,Age not stated,280,176,104,123,64,59,157,112,45
20,359,latehar,Urban,All ages,51858,27100,24758,17334,7555,9779,34524,19545,14979
20,359,latehar,Urban,0-6,7782,4044,3738,7782,4044,3738,0,0,0
20,359,latehar,Urban,7,1152,595,557,255,124,131,897,471,426
20,359,latehar,Urban,8,1349,672,677,188,106,82,1161,566,595
20,359,latehar,Urban,9,1017,524,493,86,39,47,931,485,446
20,359,latehar,Urban,10,1378,742,636,145,69,76,1233,673,560
20,359,latehar,Urban,11,1130,589,541,92,38,54,1038,551,487
20,359,latehar,Urban,12,1423,714,709,129,55,74,1294,659,635
20,359,latehar,Urban,13,1187,601,586,73,31,42,1114,570,544
20,359,latehar,Urban,14,1332,668,664,94,45,49,1238,623,615
20,359,latehar,Urban,15,1203,615,588,113,53,60,1090,562,528
20,359,latehar,Urban,16,1249,592,657,112,45,67,1137,547,590
20,359,latehar,Urban,17,950,478,472,107,56,51,843,422,421
20,359,latehar,Urban,18,1282,666,616,190,72,118,1092,594,498
20,359,latehar,Urban,19,890,455,435,117,48,69,773,407,366
20,359,latehar,Urban,20-24,4775,2479,2296,804,327,477,3971,2152,1819
20,359,latehar,Urban,25-29,4457,2364,2093,919,346,573,3538,2018,1520
20,359,latehar,Urban,30-34,3786,1986,1800,882,328,554,2904,1658,1246
20,359,latehar,Urban,35-39,3386,1862,1524,826,309,517,2560,1553,1007
20,359,latehar,Urban,40-44,2896,1548,1348,829,277,552,2067,1271,796
20,359,latehar,Urban,45-49,2427,1329,1098,793,267,526,1634,1062,572
20,359,latehar,Urban,50-54,1973,1046,927,696,198,498,1277,848,429
20,359,latehar,Urban,55-59,1621,886,735,576,172,404,1045,714,331
20,359,latehar,Urban,60-64,1241,635,606,558,191,367,683,444,239
20,359,latehar,Urban,65-69,814,431,383,360,116,244,454,315,139
20,359,latehar,Urban,70-74,564,290,274,300,107,193,264,183,81
20,359,latehar,Urban,75-79,244,127,117,119,36,83,125,91,34
20,359,latehar,Urban,80+,326,147,179,186,54,132,140,93,47
20,359,latehar,Urban,Age not stated,24,15,9,3,2,1,21,13,8
20,360,hazaribagh,Total,All ages,1734495,890881,843614,721246,294768,426478,1013249,596113,417136
20,360,hazaribagh,Total,0-6,281863,145821,136042,281863,145821,136042,0,0,0
20,360,hazaribagh,Total,7,41748,21043,20705,11251,5481,5770,30497,15562,14935
20,360,hazaribagh,Total,8,50854,26207,24647,6320,3046,3274,44534,23161,21373
20,360,hazaribagh,Total,9,36059,18291,17768,2890,1356,1534,33169,16935,16234
20,360,hazaribagh,Total,10,55935,28959,26976,3964,1866,2098,51971,27093,24878
20,360,hazaribagh,Total,11,37629,19111,18518,1875,790,1085,35754,18321,17433
20,360,hazaribagh,Total,12,52893,27139,25754,2823,1255,1568,50070,25884,24186
20,360,hazaribagh,Total,13,40769,20318,20451,1941,769,1172,38828,19549,19279
20,360,hazaribagh,Total,14,41539,20856,20683,2135,863,1272,39404,19993,19411
20,360,hazaribagh,Total,15,43303,22894,20409,2900,1262,1638,40403,21632,18771
20,360,hazaribagh,Total,16,37799,19968,17831,2726,1181,1545,35073,18787,16286
20,360,hazaribagh,Total,17,29402,15711,13691,2185,859,1326,27217,14852,12365
20,360,hazaribagh,Total,18,42442,23645,18797,4771,1745,3026,37671,21900,15771
20,360,hazaribagh,Total,19,26205,13569,12636,3077,843,2234,23128,12726,10402
20,360,hazaribagh,Total,20-24,150498,78018,72480,27746,7339,20407,122752,70679,52073
20,360,hazaribagh,Total,25-29,138514,70097,68417,37885,10074,27811,100629,60023,40606
20,360,hazaribagh,Total,30-34,119690,60144,59546,42391,11242,31149,77299,48902,28397
20,360,hazaribagh,Total,35-39,109327,55563,53764,46804,13804,33000,62523,41759,20764
20,360,hazaribagh,Total,40-44,90494,46933,43561,44313,14408,29905,46181,32525,13656
20,360,hazaribagh,Total,45-49,76955,39806,37149,42398,14963,27435,34557,24843,9714
20,360,hazaribagh,Total,50-54,57903,30425,27478,33585,12686,20899,24318,17739,6579
20,360,hazaribagh,Total,55-59,48022,23534,24488,29412,9875,19537,18610,13659,4951
20,360,hazaribagh,Total,60-64,46126,22918,23208,30827,11334,19493,15299,11584,3715
20,360,hazaribagh,Total,65-69,33401,16610,16791,22876,8452,14424,10525,8158,2367
20,360,hazaribagh,Total,70-74,23044,12060,10984,16608,7027,9581,6436,5033,1403
20,360,hazaribagh,Total,75-79,9908,4965,4943,7012,2742,4270,2896,2223,673
20,360,hazaribagh,Total,80+,11629,5966,5663,8458,3582,4876,3171,2384,787
20,360,hazaribagh,Total,Age not stated,544,310,234,210,103,107,334,207,127
20,360,hazaribagh,Rural,All ages,1459188,746934,712254,651179,264598,386581,808009,482336,325673
20,360,hazaribagh,Rural,0-6,246642,127467,119175,246642,127467,119175,0,0,0
20,360,hazaribagh,Rural,7,36180,18141,18039,10097,4899,5198,26083,13242,12841
20,360,hazaribagh,Rural,8,44264,22811,21453,5749,2760,2989,38515,20051,18464
20,360,hazaribagh,Rural,9,31296,15820,15476,2617,1214,1403,28679,14606,14073
20,360,hazaribagh,Rural,10,48717,25144,23573,3586,1686,1900,45131,23458,21673
20,360,hazaribagh,Rural,11,32200,16268,15932,1676,704,972,30524,15564,14960
20,360,hazaribagh,Rural,12,45762,23362,22400,2561,1120,1441,43201,22242,20959
20,360,hazaribagh,Rural,13,34790,17290,17500,1753,678,1075,33037,16612,16425
20,360,hazaribagh,Rural,14,35162,17595,17567,1913,749,1164,33249,16846,16403
20,360,hazaribagh,Rural,15,36817,19557,17260,2615,1123,1492,34202,18434,15768
20,360,hazaribagh,Rural,16,31185,16598,14587,2422,1018,1404,28763,15580,13183
20,360,hazaribagh,Rural,17,23860,12916,10944,1954,734,1220,21906,12182,9724
20,360,hazaribagh,Rural,18,34978,19696,15282,4349,1531,2818,30629,18165,12464
20,360,hazaribagh,Rural,19,21295,11027,10268,2843,737,2106,18452,10290,8162
20,360,hazaribagh,Rural,20-24,123377,63927,59450,25837,6610,19227,97540,57317,40223
20,360,hazaribagh,Rural,25-29,114476,57635,56841,35416,9244,26172,79060,48391,30669
20,360,hazaribagh,Rural,30-34,98993,49348,49645,39527,10339,29188,59466,39009,20457
20,360,hazaribagh,Rural,35-39,90229,45660,44569,43281,12714,30567,46948,32946,14002
20,360,hazaribagh,Rural,40-44,74038,38030,36008,40832,13318,27514,33206,24712,8494
20,360,hazaribagh,Rural,45-49,62826,32268,30558,38808,13832,24976,24018,18436,5582
20,360,hazaribagh,Rural,50-54,46755,24435,22320,30623,11757,18866,16132,12678,3454
20,360,hazaribagh,Rural,55-59,39303,18769,20534,27038,9223,17815,12265,9546,2719
20,360,hazaribagh,Rural,60-64,39052,19213,19839,28382,10611,17771,10670,8602,2068
20,360,hazaribagh,Rural,65-69,28670,14177,14493,21112,7947,13165,7558,6230,1328
20,360,hazaribagh,Rural,70-74,19630,10279,9351,15213,6566,8647,4417,3713,704
20,360,hazaribagh,Rural,75-79,8309,4105,4204,6452,2576,3876,1857,1529,328
20,360,hazaribagh,Rural,80+,9874,5107,4767,7679,3343,4336,2195,1764,431
20,360,hazaribagh,Rural,Age not stated,508,289,219,202,98,104,306,191,115
20,360,hazaribagh,Urban,All ages,275307,143947,131360,70067,30170,39897,205240,113777,91463
20,360,hazaribagh,Urban,0-6,35221,18354,16867,35221,18354,16867,0,0,0
20,360,hazaribagh,Urban,7,5568,2902,2666,1154,582,572,4414,2320,2094
20,360,hazaribagh,Urban,8,6590,3396,3194,571,286,285,6019,3110,2909
20,360,hazaribagh,Urban,9,4763,2471,2292,273,142,131,4490,2329,2161
20,360,hazaribagh,Urban,10,7218,3815,3403,378,180,198,6840,3635,3205
20,360,hazaribagh,Urban,11,5429,2843,2586,199,86,113,5230,2757,2473
20,360,hazaribagh,Urban,12,7131,3777,3354,262,135,127,6869,3642,3227
20,360,hazaribagh,Urban,13,5979,3028,2951,188,91,97,5791,2937,2854
20,360,hazaribagh,Urban,14,6377,3261,3116,222,114,108,6155,3147,3008
20,360,hazaribagh,Urban,15,6486,3337,3149,285,139,146,6201,3198,3003
20,360,hazaribagh,Urban,16,6614,3370,3244,304,163,141,6310,3207,3103
20,360,hazaribagh,Urban,17,5542,2795,2747,231,125,106,5311,2670,2641
20,360,hazaribagh,Urban,18,7464,3949,3515,422,214,208,7042,3735,3307
20,360,hazaribagh,Urban,19,4910,2542,2368,234,106,128,4676,2436,2240
20,360,hazaribagh,Urban,20-24,27121,14091,13030,1909,729,1180,25212,13362,11850
20,360,hazaribagh,Urban,25-29,24038,12462,11576,2469,830,1639,21569,11632,9937
20,360,hazaribagh,Urban,30-34,20697,10796,9901,2864,903,1961,17833,9893,7940
20,360,hazaribagh,Urban,35-39,19098,9903,9195,3523,1090,2433,15575,8813,6762
20,360,hazaribagh,Urban,40-44,16456,8903,7553,3481,1090,2391,12975,7813,5162
20,360,hazaribagh,Urban,45-49,14129,7538,6591,3590,1131,2459,10539,6407,4132
20,360,hazaribagh,Urban,50-54,11148,5990,5158,2962,929,2033,8186,5061,3125
20,360,hazaribagh,Urban,55-59,8719,4765,3954,2374,652,1722,6345,4113,2232
20,360,hazaribagh,Urban,60-64,7074,3705,3369,2445,723,1722,4629,2982,1647
20,360,hazaribagh,Urban,65-69,4731,2433,2298,1764,505,1259,2967,1928,1039
20,360,hazaribagh,Urban,70-74,3414,1781,1633,1395,461,934,2019,1320,699
20,360,hazaribagh,Urban,75-79,1599,860,739,560,166,394,1039,694,345
20,360,hazaribagh,Urban,80+,1755,859,896,779,239,540,976,620,356
20,360,hazaribagh,Urban,Age not stated,36,21,15,8,5,3,28,16,12
20,361,ramgarh,Total,All ages,949443,494230,455213,352946,144199,208747,596497,350031,246466
20,361,ramgarh,Total,0-6,134226,69661,64565,134226,69661,64565,0,0,0
20,361,ramgarh,Total,7,20724,10459,10265,5370,2652,2718,15354,7807,7547
20,361,ramgarh,Total,8,23850,12366,11484,2592,1274,1318,21258,11092,10166
20,361,ramgarh,Total,9,18414,9417,8997,1382,628,754,17032,8789,8243
20,361,ramgarh,Total,10,26848,13985,12863,1863,966,897,24985,13019,11966
20,361,ramgarh,Total,11,19743,10116,9627,922,442,480,18821,9674,9147
20,361,ramgarh,Total,12,26807,13801,13006,1103,502,601,25704,13299,12405
20,361,ramgarh,Total,13,22469,11243,11226,823,368,455,21646,10875,10771
20,361,ramgarh,Total,14,23676,11955,11721,916,402,514,22760,11553,11207
20,361,ramgarh,Total,15,24434,12432,12002,1424,634,790,23010,11798,11212
20,361,ramgarh,Total,16,22879,11794,11085,1391,579,812,21488,11215,10273
20,361,ramgarh,Total,17,18004,9400,8604,1198,470,728,16806,8930,7876
20,361,ramgarh,Total,18,25548,13979,11569,2484,953,1531,23064,13026,10038
20,361,ramgarh,Total,19,16916,9100,7816,1573,503,1070,15343,8597,6746
20,361,ramgarh,Total,20-24,89788,48026,41762,13154,3951,9203,76634,44075,32559
20,361,ramgarh,Total,25-29,80421,42272,38149,18317,5392,12925,62104,36880,25224
20,361,ramgarh,Total,30-34,68177,35418,32759,20733,5896,14837,47444,29522,17922
20,361,ramgarh,Total,35-39,63462,32789,30673,24008,7058,16950,39454,25731,13723
20,361,ramgarh,Total,40-44,53353,27946,25407,23731,7612,16119,29622,20334,9288
20,361,ramgarh,Total,45-49,45533,23783,21750,22496,7794,14702,23037,15989,7048
20,361,ramgarh,Total,50-54,35920,18607,17313,18799,6516,12283,17121,12091,5030
20,361,ramgarh,Total,55-59,29483,15996,13487,15705,5333,10372,13778,10663,3115
20,361,ramgarh,Total,60-64,23616,11995,11621,14932,5445,9487,8684,6550,2134
20,361,ramgarh,Total,65-69,15531,7722,7809,10150,3720,6430,5381,4002,1379
20,361,ramgarh,Total,70-74,10173,5239,4934,7115,2886,4229,3058,2353,705
20,361,ramgarh,Total,75-79,4117,2034,2083,2840,1050,1790,1277,984,293
20,361,ramgarh,Total,80+,4954,2479,2475,3553,1455,2098,1401,1024,377
20,361,ramgarh,Total,Age not stated,377,216,161,146,57,89,231,159,72
20,361,ramgarh,Rural,All ages,530488,272167,258321,229282,92255,137027,301206,179912,121294
20,361,ramgarh,Rural,0-6,79756,41044,38712,79756,41044,38712,0,0,0
20,361,ramgarh,Rural,7,12036,6018,6018,3355,1646,1709,8681,4372,4309
20,361,ramgarh,Rural,8,14127,7255,6872,1661,819,842,12466,6436,6030
20,361,ramgarh,Rural,9,10846,5451,5395,888,394,494,9958,5057,4901
20,361,ramgarh,Rural,10,15762,8082,7680,1157,586,571,14605,7496,7109
20,361,ramgarh,Rural,11,11355,5773,5582,534,245,289,10821,5528,5293
20,361,ramgarh,Rural,12,15848,8018,7830,646,294,352,15202,7724,7478
20,361,ramgarh,Rural,13,13040,6487,6553,504,219,285,12536,6268,6268
20,361,ramgarh,Rural,14,13631,6793,6838,541,230,311,13090,6563,6527
20,361,ramgarh,Rural,15,14063,7068,6995,852,353,499,13211,6715,6496
20,361,ramgarh,Rural,16,12435,6339,6096,835,321,514,11600,6018,5582
20,361,ramgarh,Rural,17,9427,4856,4571,731,253,478,8696,4603,4093
20,361,ramgarh,Rural,18,13788,7550,6238,1635,573,1062,12153,6977,5176
20,361,ramgarh,Rural,19,8663,4538,4125,1012,295,717,7651,4243,3408
20,361,ramgarh,Rural,20-24,46913,24733,22180,8848,2416,6432,38065,22317,15748
20,361,ramgarh,Rural,25-29,43615,22815,20800,12612,3529,9083,31003,19286,11717
20,361,ramgarh,Rural,30-34,36854,18914,17940,14270,3901,10369,22584,15013,7571
20,361,ramgarh,Rural,35-39,34367,17571,16796,16445,4790,11655,17922,12781,5141
20,361,ramgarh,Rural,40-44,28650,14734,13916,16226,5274,10952,12424,9460,2964
20,361,ramgarh,Rural,45-49,24241,12683,11558,15221,5545,9676,9020,7138,1882
20,361,ramgarh,Rural,50-54,18144,9219,8925,12226,4509,7717,5918,4710,1208
20,361,ramgarh,Rural,55-59,15224,7528,7696,10529,3662,6867,4695,3866,829
20,361,ramgarh,Rural,60-64,14733,7202,7531,10941,4112,6829,3792,3090,702
20,361,ramgarh,Rural,65-69,10243,5054,5189,7720,2965,4755,2523,2089,434
20,361,ramgarh,Rural,70-74,6682,3436,3246,5346,2292,3054,1336,1144,192
20,361,ramgarh,Rural,75-79,2667,1291,1376,2137,834,1303,530,457,73
20,361,ramgarh,Rural,80+,3184,1596,1588,2572,1118,1454,612,478,134
20,361,ramgarh,Rural,Age not stated,194,119,75,82,36,46,112,83,29
20,361,ramgarh,Urban,All ages,418955,222063,196892,123664,51944,71720,295291,170119,125172
20,361,ramgarh,Urban,0-6,54470,28617,25853,54470,28617,25853,0,0,0
20,361,ramgarh,Urban,7,8688,4441,4247,2015,1006,1009,6673,3435,3238
20,361,ramgarh,Urban,8,9723,5111,4612,931,455,476,8792,4656,4136
20,361,ramgarh,Urban,9,7568,3966,3602,494,234,260,7074,3732,3342
20,361,ramgarh,Urban,10,11086,5903,5183,706,380,326,10380,5523,4857
20,361,ramgarh,Urban,11,8388,4343,4045,388,197,191,8000,4146,3854
20,361,ramgarh,Urban,12,10959,5783,5176,457,208,249,10502,5575,4927
20,361,ramgarh,Urban,13,9429,4756,4673,319,149,170,9110,4607,4503
20,361,ramgarh,Urban,14,10045,5162,4883,375,172,203,9670,4990,4680
20,361,ramgarh,Urban,15,10371,5364,5007,572,281,291,9799,5083,4716
20,361,ramgarh,Urban,16,10444,5455,4989,556,258,298,9888,5197,4691
20,361,ramgarh,Urban,17,8577,4544,4033,467,217,250,8110,4327,3783
20,361,ramgarh,Urban,18,11760,6429,5331,849,380,469,10911,6049,4862
20,361,ramgarh,Urban,19,8253,4562,3691,561,208,353,7692,4354,3338
20,361,ramgarh,Urban,20-24,42875,23293,19582,4306,1535,2771,38569,21758,16811
20,361,ramgarh,Urban,25-29,36806,19457,17349,5705,1863,3842,31101,17594,13507
20,361,ramgarh,Urban,30-34,31323,16504,14819,6463,1995,4468,24860,14509,10351
20,361,ramgarh,Urban,35-39,29095,15218,13877,7563,2268,5295,21532,12950,8582
20,361,ramgarh,Urban,40-44,24703,13212,11491,7505,2338,5167,17198,10874,6324
20,361,ramgarh,Urban,45-49,21292,11100,10192,7275,2249,5026,14017,8851,5166
20,361,ramgarh,Urban,50-54,17776,9388,8388,6573,2007,4566,11203,7381,3822
20,361,ramgarh,Urban,55-59,14259,8468,5791,5176,1671,3505,9083,6797,2286
20,361,ramgarh,Urban,60-64,8883,4793,4090,3991,1333,2658,4892,3460,1432
20,361,ramgarh,Urban,65-69,5288,2668,2620,2430,755,1675,2858,1913,945
20,361,ramgarh,Urban,70-74,3491,1803,1688,1769,594,1175,1722,1209,513
20,361,ramgarh,Urban,75-79,1450,743,707,703,216,487,747,527,220
20,361,ramgarh,Urban,80+,1770,883,887,981,337,644,789,546,243
20,361,ramgarh,Urban,Age not stated,183,97,86,64,21,43,119,76,43
20,362,dumka,Total,All ages,1321442,668514,652928,649033,262239,386794,672409,406275,266134
20,362,dumka,Total,0-6,219449,111641,107808,219449,111641,107808,0,0,0
20,362,dumka,Total,7,30868,15567,15301,10693,5149,5544,20175,10418,9757
20,362,dumka,Total,8,36858,18753,18105,7445,3542,3903,29413,15211,14202
20,362,dumka,Total,9,26523,13394,13129,3845,1793,2052,22678,11601,11077
20,362,dumka,Total,10,38685,20138,18547,5312,2557,2755,33373,17581,15792
20,362,dumka,Total,11,25428,12870,12558,2705,1192,1513,22723,11678,11045
20,362,dumka,Total,12,36792,19064,17728,4415,1976,2439,32377,17088,15289
20,362,dumka,Total,13,25191,12888,12303,2659,1150,1509,22532,11738,10794
20,362,dumka,Total,14,26548,13795,12753,3075,1215,1860,23473,12580,10893
20,362,dumka,Total,15,27469,15363,12106,4227,1961,2266,23242,13402,9840
20,362,dumka,Total,16,23547,13146,10401,3872,1648,2224,19675,11498,8177
20,362,dumka,Total,17,16364,9187,7177,2863,1141,1722,13501,8046,5455
20,362,dumka,Total,18,28725,15187,13538,6979,2391,4588,21746,12796,8950
20,362,dumka,Total,19,17979,8521,9458,4641,1222,3419,13338,7299,6039
20,362,dumka,Total,20-24,109730,52921,56809,36898,10672,26226,72832,42249,30583
20,362,dumka,Total,25-29,109167,54676,54491,42699,13509,29190,66468,41167,25301
20,362,dumka,Total,30-34,95954,48422,47532,41676,13684,27992,54278,34738,19540
20,362,dumka,Total,35-39,88897,45261,43636,41889,14292,27597,47008,30969,16039
20,362,dumka,Total,40-44,74803,38726,36077,38877,13946,24931,35926,24780,11146
20,362,dumka,Total,45-49,64572,33175,31397,36204,13000,23204,28368,20175,8193
20,362,dumka,Total,50-54,50991,26318,24673,30443,11430,19013,20548,14888,5660
20,362,dumka,Total,55-59,42017,19759,22258,26368,8513,17855,15649,11246,4403
20,362,dumka,Total,60-64,44314,20869,23445,30202,10264,19938,14112,10605,3507
20,362,dumka,Total,65-69,29024,13576,15448,20077,6617,13460,8947,6959,1988
20,362,dumka,Total,70-74,17152,8328,8824,12187,4416,7771,4965,3912,1053
20,362,dumka,Total,75-79,6158,2949,3209,4201,1442,2759,1957,1507,450
20,362,dumka,Total,80+,6508,3123,3385,4353,1550,2803,2155,1573,582
20,362,dumka,Total,Age not stated,1729,897,832,779,326,453,950,571,379
20,362,dumka,Rural,All ages,1231264,620928,610336,624604,251667,372937,606660,369261,237399
20,362,dumka,Rural,0-6,207804,105570,102234,207804,105570,102234,0,0,0
20,362,dumka,Rural,7,29044,14596,14448,10285,4933,5352,18759,9663,9096
20,362,dumka,Rural,8,34886,17734,17152,7207,3431,3776,27679,14303,13376
20,362,dumka,Rural,9,24997,12590,12407,3728,1723,2005,21269,10867,10402
20,362,dumka,Rural,10,36498,18965,17533,5117,2465,2652,31381,16500,14881
20,362,dumka,Rural,11,23784,11994,11790,2623,1146,1477,21161,10848,10313
20,362,dumka,Rural,12,34660,17920,16740,4254,1898,2356,30406,16022,14384
20,362,dumka,Rural,13,23451,12022,11429,2560,1109,1451,20891,10913,9978
20,362,dumka,Rural,14,24692,12862,11830,2977,1177,1800,21715,11685,10030
20,362,dumka,Rural,15,25529,14317,11212,4094,1888,2206,21435,12429,9006
20,362,dumka,Rural,16,21544,12073,9471,3713,1575,2138,17831,10498,7333
20,362,dumka,Rural,17,14804,8344,6460,2752,1085,1667,12052,7259,4793
20,362,dumka,Rural,18,26568,14016,12552,6784,2313,4471,19784,11703,8081
20,362,dumka,Rural,19,16506,7765,8741,4537,1180,3357,11969,6585,5384
20,362,dumka,Rural,20-24,101433,48582,52851,35927,10358,25569,65506,38224,27282
20,362,dumka,Rural,25-29,101223,50594,50629,41549,13122,28427,59674,37472,22202
20,362,dumka,Rural,30-34,88785,44588,44197,40493,13247,27246,48292,31341,16951
20,362,dumka,Rural,35-39,82330,41889,40441,40634,13844,26790,41696,28045,13651
20,362,dumka,Rural,40-44,69069,35588,33481,37723,13544,24179,31346,22044,9302
20,362,dumka,Rural,45-49,59742,30545,29197,35170,12681,22489,24572,17864,6708
20,362,dumka,Rural,50-54,47043,24179,22864,29518,11121,18397,17525,13058,4467
20,362,dumka,Rural,55-59,38948,18102,20846,25627,8313,17314,13321,9789,3532
20,362,dumka,Rural,60-64,41508,19396,22112,29290,9975,19315,12218,9421,2797
20,362,dumka,Rural,65-69,27304,12673,14631,19525,6467,13058,7779,6206,1573
20,362,dumka,Rural,70-74,15923,7674,8249,11779,4297,7482,4144,3377,767
20,362,dumka,Rural,75-79,5582,2628,2954,4034,1394,2640,1548,1234,314
20,362,dumka,Rural,80+,5962,2865,3097,4144,1492,2652,1818,1373,445
20,362,dumka,Rural,Age not stated,1645,857,788,756,319,437,889,538,351
20,362,dumka,Urban,All ages,90178,47586,42592,24429,10572,13857,65749,37014,28735
20,362,dumka,Urban,0-6,11645,6071,5574,11645,6071,5574,0,0,0
20,362,dumka,Urban,7,1824,971,853,408,216,192,1416,755,661
20,362,dumka,Urban,8,1972,1019,953,238,111,127,1734,908,826
20,362,dumka,Urban,9,1526,804,722,117,70,47,1409,734,675
20,362,dumka,Urban,10,2187,1173,1014,195,92,103,1992,1081,911
20,362,dumka,Urban,11,1644,876,768,82,46,36,1562,830,732
20,362,dumka,Urban,12,2132,1144,988,161,78,83,1971,1066,905
20,362,dumka,Urban,13,1740,866,874,99,41,58,1641,825,816
20,362,dumka,Urban,14,1856,933,923,98,38,60,1758,895,863
20,362,dumka,Urban,15,1940,1046,894,133,73,60,1807,973,834
20,362,dumka,Urban,16,2003,1073,930,159,73,86,1844,1000,844
20,362,dumka,Urban,17,1560,843,717,111,56,55,1449,787,662
20,362,dumka,Urban,18,2157,1171,986,195,78,117,1962,1093,869
20,362,dumka,Urban,19,1473,756,717,104,42,62,1369,714,655
20,362,dumka,Urban,20-24,8297,4339,3958,971,314,657,7326,4025,3301
20,362,dumka,Urban,25-29,7944,4082,3862,1150,387,763,6794,3695,3099
20,362,dumka,Urban,30-34,7169,3834,3335,1183,437,746,5986,3397,2589
20,362,dumka,Urban,35-39,6567,3372,3195,1255,448,807,5312,2924,2388
20,362,dumka,Urban,40-44,5734,3138,2596,1154,402,752,4580,2736,1844
20,362,dumka,Urban,45-49,4830,2630,2200,1034,319,715,3796,2311,1485
20,362,dumka,Urban,50-54,3948,2139,1809,925,309,616,3023,1830,1193
20,362,dumka,Urban,55-59,3069,1657,1412,741,200,541,2328,1457,871
20,362,dumka,Urban,60-64,2806,1473,1333,912,289,623,1894,1184,710
20,362,dumka,Urban,65-69,1720,903,817,552,150,402,1168,753,415
20,362,dumka,Urban,70-74,1229,654,575,408,119,289,821,535,286
20,362,dumka,Urban,75-79,576,321,255,167,48,119,409,273,136
20,362,dumka,Urban,80+,546,258,288,209,58,151,337,200,137
20,362,dumka,Urban,Age not stated,84,40,44,23,7,16,61,33,28
20,363,jamtara,Total,All ages,791042,404830,386212,364730,146570,218160,426312,258260,168052
20,363,jamtara,Total,0-6,130993,67051,63942,130993,67051,63942,0,0,0
20,363,jamtara,Total,7,18172,9237,8935,5747,2729,3018,12425,6508,5917
20,363,jamtara,Total,8,22073,11208,10865,4347,1985,2362,17726,9223,8503
20,363,jamtara,Total,9,16115,8167,7948,2216,1032,1184,13899,7135,6764
20,363,jamtara,Total,10,23842,12454,11388,3300,1481,1819,20542,10973,9569
20,363,jamtara,Total,11,15250,7927,7323,1514,706,808,13736,7221,6515
20,363,jamtara,Total,12,20906,10850,10056,2521,1064,1457,18385,9786,8599
20,363,jamtara,Total,13,15961,8018,7943,1768,705,1063,14193,7313,6880
20,363,jamtara,Total,14,16333,8409,7924,2119,836,1283,14214,7573,6641
20,363,jamtara,Total,15,16675,9171,7504,2657,1172,1485,14018,7999,6019
20,363,jamtara,Total,16,14259,7918,6341,2493,1036,1457,11766,6882,4884
20,363,jamtara,Total,17,10022,5639,4383,1624,616,1008,8398,5023,3375
20,363,jamtara,Total,18,17183,9168,8015,4041,1338,2703,13142,7830,5312
20,363,jamtara,Total,19,11177,5450,5727,2627,735,1892,8550,4715,3835
20,363,jamtara,Total,20-24,66737,32992,33745,20031,5784,14247,46706,27208,19498
20,363,jamtara,Total,25-29,65197,33200,31997,22447,6986,15461,42750,26214,16536
20,363,jamtara,Total,30-34,56600,28714,27886,22048,6880,15168,34552,21834,12718
20,363,jamtara,Total,35-39,52698,27358,25340,22369,7194,15175,30329,20164,10165
20,363,jamtara,Total,40-44,43070,22235,20835,20576,6824,13752,22494,15411,7083
20,363,jamtara,Total,45-49,37521,19687,17834,19196,6691,12505,18325,12996,5329
20,363,jamtara,Total,50-54,29023,14987,14036,15870,5626,10244,13153,9361,3792
20,363,jamtara,Total,55-59,25334,12100,13234,14450,4427,10023,10884,7673,3211
20,363,jamtara,Total,60-64,26504,12938,13566,16525,5605,10920,9979,7333,2646
20,363,jamtara,Total,65-69,16895,8523,8372,10434,3601,6833,6461,4922,1539
20,363,jamtara,Total,70-74,10205,5241,4964,6481,2319,4162,3724,2922,802
20,363,jamtara,Total,75-79,3976,1919,2057,2450,753,1697,1526,1166,360
20,363,jamtara,Total,80+,4873,2425,2448,2719,945,1774,2154,1480,674
20,363,jamtara,Total,Age not stated,3448,1844,1604,1167,449,718,2281,1395,886
20,363,jamtara,Rural,All ages,715296,365043,350253,343512,137758,205754,371784,227285,144499
20,363,jamtara,Rural,0-6,121244,61975,59269,121244,61975,59269,0,0,0
20,363,jamtara,Rural,7,16644,8421,8223,5387,2528,2859,11257,5893,5364
20,363,jamtara,Rural,8,20437,10339,10098,4190,1893,2297,16247,8446,7801
20,363,jamtara,Rural,9,14750,7437,7313,2118,973,1145,12632,6464,6168
20,363,jamtara,Rural,10,21916,11461,10455,3182,1419,1763,18734,10042,8692
20,363,jamtara,Rural,11,13906,7221,6685,1457,682,775,12449,6539,5910
20,363,jamtara,Rural,12,19162,9945,9217,2441,1022,1419,16721,8923,7798
20,363,jamtara,Rural,13,14494,7254,7240,1704,669,1035,12790,6585,6205
20,363,jamtara,Rural,14,14768,7579,7189,2040,795,1245,12728,6784,5944
20,363,jamtara,Rural,15,15065,8313,6752,2533,1116,1417,12532,7197,5335
20,363,jamtara,Rural,16,12657,7039,5618,2408,990,1418,10249,6049,4200
20,363,jamtara,Rural,17,8705,4949,3756,1543,580,963,7162,4369,2793
20,363,jamtara,Rural,18,15308,8198,7110,3859,1277,2582,11449,6921,4528
20,363,jamtara,Rural,19,9891,4802,5089,2500,689,1811,7391,4113,3278
20,363,jamtara,Rural,20-24,59512,29222,30290,19228,5522,13706,40284,23700,16584
20,363,jamtara,Rural,25-29,58451,29729,28722,21470,6672,14798,36981,23057,13924
20,363,jamtara,Rural,30-34,50709,25617,25092,20994,6535,14459,29715,19082,10633
20,363,jamtara,Rural,35-39,47109,24383,22726,21202,6842,14360,25907,17541,8366
20,363,jamtara,Rural,40-44,38566,19794,18772,19498,6491,13007,19068,13303,5765
20,363,jamtara,Rural,45-49,33634,17629,16005,18185,6385,11800,15449,11244,4205
20,363,jamtara,Rural,50-54,25964,13364,12600,14998,5370,9628,10966,7994,2972
20,363,jamtara,Rural,55-59,22754,10790,11964,13670,4264,9406,9084,6526,2558
20,363,jamtara,Rural,60-64,24163,11729,12434,15703,5370,10333,8460,6359,2101
20,363,jamtara,Rural,65-69,15394,7692,7702,9933,3462,6471,5461,4230,1231
20,363,jamtara,Rural,70-74,9241,4717,4524,6126,2220,3906,3115,2497,618
20,363,jamtara,Rural,75-79,3560,1704,1856,2303,712,1591,1257,992,265
20,363,jamtara,Rural,80+,4367,2174,2193,2531,896,1635,1836,1278,558
20,363,jamtara,Rural,Age not stated,2925,1566,1359,1065,409,656,1860,1157,703
20,363,jamtara,Urban,All ages,75746,39787,35959,21218,8812,12406,54528,30975,23553
20,363,jamtara,Urban,0-6,9749,5076,4673,9749,5076,4673,0,0,0
20,363,jamtara,Urban,7,1528,816,712,360,201,159,1168,615,553
20,363,jamtara,Urban,8,1636,869,767,157,92,65,1479,777,702
20,363,jamtara,Urban,9,1365,730,635,98,59,39,1267,671,596
20,363,jamtara,Urban,10,1926,993,933,118,62,56,1808,931,877
20,363,jamtara,Urban,11,1344,706,638,57,24,33,1287,682,605
20,363,jamtara,Urban,12,1744,905,839,80,42,38,1664,863,801
20,363,jamtara,Urban,13,1467,764,703,64,36,28,1403,728,675
20,363,jamtara,Urban,14,1565,830,735,79,41,38,1486,789,697
20,363,jamtara,Urban,15,1610,858,752,124,56,68,1486,802,684
20,363,jamtara,Urban,16,1602,879,723,85,46,39,1517,833,684
20,363,jamtara,Urban,17,1317,690,627,81,36,45,1236,654,582
20,363,jamtara,Urban,18,1875,970,905,182,61,121,1693,909,784
20,363,jamtara,Urban,19,1286,648,638,127,46,81,1159,602,557
20,363,jamtara,Urban,20-24,7225,3770,3455,803,262,541,6422,3508,2914
20,363,jamtara,Urban,25-29,6746,3471,3275,977,314,663,5769,3157,2612
20,363,jamtara,Urban,30-34,5891,3097,2794,1054,345,709,4837,2752,2085
20,363,jamtara,Urban,35-39,5589,2975,2614,1167,352,815,4422,2623,1799
20,363,jamtara,Urban,40-44,4504,2441,2063,1078,333,745,3426,2108,1318
20,363,jamtara,Urban,45-49,3887,2058,1829,1011,306,705,2876,1752,1124
20,363,jamtara,Urban,50-54,3059,1623,1436,872,256,616,2187,1367,820
20,363,jamtara,Urban,55-59,2580,1310,1270,780,163,617,1800,1147,653
20,363,jamtara,Urban,60-64,2341,1209,1132,822,235,587,1519,974,545
20,363,jamtara,Urban,65-69,1501,831,670,501,139,362,1000,692,308
20,363,jamtara,Urban,70-74,964,524,440,355,99,256,609,425,184
20,363,jamtara,Urban,75-79,416,215,201,147,41,106,269,174,95
20,363,jamtara,Urban,80+,506,251,255,188,49,139,318,202,116
20,363,jamtara,Urban,Age not stated,523,278,245,102,40,62,421,238,183
20,364,ranchi,Total,All ages,2914253,1494937,1419316,1002820,409693,593127,1911433,1085244,826189
20,364,ranchi,Total,0-6,401214,207029,194185,401214,207029,194185,0,0,0
20,364,ranchi,Total,7,64649,33100,31549,15930,7883,8047,48719,25217,23502
20,364,ranchi,Total,8,65507,33833,31674,8187,4086,4101,57320,29747,27573
20,364,ranchi,Total,9,57397,29449,27948,5063,2455,2608,52334,26994,25340
20,364,ranchi,Total,10,76247,39418,36829,5967,2888,3079,70280,36530,33750
20,364,ranchi,Total,11,59686,30936,28750,3371,1587,1784,56315,29349,26966
20,364,ranchi,Total,12,74661,38075,36586,3948,1805,2143,70713,36270,34443
20,364,ranchi,Total,13,62943,31455,31488,2927,1305,1622,60016,30150,29866
20,364,ranchi,Total,14,66637,33807,32830,3547,1513,2034,63090,32294,30796
20,364,ranchi,Total,15,67304,34579,32725,4579,1900,2679,62725,32679,30046
20,364,ranchi,Total,16,63313,32641,30672,4440,1793,2647,58873,30848,28025
20,364,ranchi,Total,17,53527,28265,25262,3997,1528,2469,49530,26737,22793
20,364,ranchi,Total,18,71662,38332,33330,6927,2577,4350,64735,35755,28980
20,364,ranchi,Total,19,50750,25889,24861,5013,1568,3445,45737,24321,21416
20,364,ranchi,Total,20-24,261237,131590,129647,35447,10475,24972,225790,121115,104675
20,364,ranchi,Total,25-29,245559,123579,121980,46314,13007,33307,199245,110572,88673
20,364,ranchi,Total,30-34,211030,106157,104873,52339,14170,38169,158691,91987,66704
20,364,ranchi,Total,35-39,202274,103076,99198,63154,18725,44429,139120,84351,54769
20,364,ranchi,Total,40-44,167658,87559,80099,61082,19717,41365,106576,67842,38734
20,364,ranchi,Total,45-49,144976,76824,68152,58040,19879,38161,86936,56945,29991
20,364,ranchi,Total,50-54,108855,57105,51750,46858,16391,30467,61997,40714,21283
20,364,ranchi,Total,55-59,90068,46033,44035,40969,13129,27840,49099,32904,16195
20,364,ranchi,Total,60-64,84206,42054,42152,43534,14792,28742,40672,27262,13410
20,364,ranchi,Total,65-69,56399,28729,27670,29980,10324,19656,26419,18405,8014
20,364,ranchi,Total,70-74,35965,19132,16833,20011,7608,12403,15954,11524,4430
20,364,ranchi,Total,75-79,15625,7973,7652,8273,2906,5367,7352,5067,2285
20,364,ranchi,Total,80+,18048,9174,8874,9917,3749,6168,8131,5425,2706
20,364,ranchi,Total,Age not stated,36856,19144,17712,11792,4904,6888,25064,14240,10824
20,364,ranchi,Rural,All ages,1656918,840528,816390,703446,280176,423270,953472,560352,393120
20,364,ranchi,Rural,0-6,250753,127908,122845,250753,127908,122845,0,0,0
20,364,ranchi,Rural,7,40319,20416,19903,10958,5365,5593,29361,15051,14310
20,364,ranchi,Rural,8,42100,21675,20425,5789,2836,2953,36311,18839,17472
20,364,ranchi,Rural,9,35837,18166,17671,3511,1664,1847,32326,16502,15824
20,364,ranchi,Rural,10,48196,24811,23385,3994,1923,2071,44202,22888,21314
20,364,ranchi,Rural,11,36746,18904,17842,2196,1008,1188,34550,17896,16654
20,364,ranchi,Rural,12,47591,24169,23422,2717,1197,1520,44874,22972,21902
20,364,ranchi,Rural,13,39041,19326,19715,1990,843,1147,37051,18483,18568
20,364,ranchi,Rural,14,40907,20615,20292,2443,1003,1440,38464,19612,18852
20,364,ranchi,Rural,15,40700,20850,19850,3210,1239,1971,37490,19611,17879
20,364,ranchi,Rural,16,36565,18941,17624,3122,1197,1925,33443,17744,15699
20,364,ranchi,Rural,17,29188,15388,13800,2832,990,1842,26356,14398,11958
20,364,ranchi,Rural,18,40678,21993,18685,4976,1693,3283,35702,20300,15402
20,364,ranchi,Rural,19,26907,13820,13087,3601,1027,2574,23306,12793,10513
20,364,ranchi,Rural,20-24,136322,69294,67028,25842,7069,18773,110480,62225,48255
20,364,ranchi,Rural,25-29,127453,63986,63467,34333,9189,25144,93120,54797,38323
20,364,ranchi,Rural,30-34,110038,54023,56015,39539,10223,29316,70499,43800,26699
20,364,ranchi,Rural,35-39,108373,54476,53897,48011,14141,33870,60362,40335,20027
20,364,ranchi,Rural,40-44,90757,46348,44409,46910,15171,31739,43847,31177,12670
20,364,ranchi,Rural,45-49,79343,41458,37885,44758,15762,28996,34585,25696,8889
20,364,ranchi,Rural,50-54,59254,30520,28734,36046,13161,22885,23208,17359,5849
20,364,ranchi,Rural,55-59,49941,24298,25643,31935,10652,21283,18006,13646,4360
20,364,ranchi,Rural,60-64,49485,24010,25475,34045,12105,21940,15440,11905,3535
20,364,ranchi,Rural,65-69,34011,16681,17330,23765,8641,15124,10246,8040,2206
20,364,ranchi,Rural,70-74,21370,10840,10530,15739,6231,9508,5631,4609,1022
20,364,ranchi,Rural,75-79,8676,4210,4466,6353,2365,3988,2323,1845,478
20,364,ranchi,Rural,80+,10131,5096,5035,7253,2917,4336,2878,2179,699
20,364,ranchi,Rural,Age not stated,16236,8306,7930,6825,2656,4169,9411,5650,3761
20,364,ranchi,Urban,All ages,1257335,654409,602926,299374,129517,169857,957961,524892,433069
20,364,ranchi,Urban,0-6,150461,79121,71340,150461,79121,71340,0,0,0
20,364,ranchi,Urban,7,24330,12684,11646,4972,2518,2454,19358,10166,9192
20,364,ranchi,Urban,8,23407,12158,11249,2398,1250,1148,21009,10908,10101
20,364,ranchi,Urban,9,21560,11283,10277,1552,791,761,20008,10492,9516
20,364,ranchi,Urban,10,28051,14607,13444,1973,965,1008,26078,13642,12436
20,364,ranchi,Urban,11,22940,12032,10908,1175,579,596,21765,11453,10312
20,364,ranchi,Urban,12,27070,13906,13164,1231,608,623,25839,13298,12541
20,364,ranchi,Urban,13,23902,12129,11773,937,462,475,22965,11667,11298
20,364,ranchi,Urban,14,25730,13192,12538,1104,510,594,24626,12682,11944
20,364,ranchi,Urban,15,26604,13729,12875,1369,661,708,25235,13068,12167
20,364,ranchi,Urban,16,26748,13700,13048,1318,596,722,25430,13104,12326
20,364,ranchi,Urban,17,24339,12877,11462,1165,538,627,23174,12339,10835
20,364,ranchi,Urban,18,30984,16339,14645,1951,884,1067,29033,15455,13578
20,364,ranchi,Urban,19,23843,12069,11774,1412,541,871,22431,11528,10903
20,364,ranchi,Urban,20-24,124915,62296,62619,9605,3406,6199,115310,58890,56420
20,364,ranchi,Urban,25-29,118106,59593,58513,11981,3818,8163,106125,55775,50350
20,364,ranchi,Urban,30-34,100992,52134,48858,12800,3947,8853,88192,48187,40005
20,364,ranchi,Urban,35-39,93901,48600,45301,15143,4584,10559,78758,44016,34742
20,364,ranchi,Urban,40-44,76901,41211,35690,14172,4546,9626,62729,36665,26064
20,364,ranchi,Urban,45-49,65633,35366,30267,13282,4117,9165,52351,31249,21102
20,364,ranchi,Urban,50-54,49601,26585,23016,10812,3230,7582,38789,23355,15434
20,364,ranchi,Urban,55-59,40127,21735,18392,9034,2477,6557,31093,19258,11835
20,364,ranchi,Urban,60-64,34721,18044,16677,9489,2687,6802,25232,15357,9875
20,364,ranchi,Urban,65-69,22388,12048,10340,6215,1683,4532,16173,10365,5808
20,364,ranchi,Urban,70-74,14595,8292,6303,4272,1377,2895,10323,6915,3408
20,364,ranchi,Urban,75-79,6949,3763,3186,1920,541,1379,5029,3222,1807
20,364,ranchi,Urban,80+,7917,4078,3839,2664,832,1832,5253,3246,2007
20,364,ranchi,Urban,Age not stated,20620,10838,9782,4967,2248,2719,15653,8590,7063
20,365,khunti,Total,All ages,531885,266335,265550,247310,101594,145716,284575,164741,119834
20,365,khunti,Total,0-6,86292,43947,42345,86292,43947,42345,0,0,0
20,365,khunti,Total,7,12610,6366,6244,5451,2625,2826,7159,3741,3418
20,365,khunti,Total,8,14220,7310,6910,3621,1716,1905,10599,5594,5005
20,365,khunti,Total,9,11068,5630,5438,2003,973,1030,9065,4657,4408
20,365,khunti,Total,10,16039,8292,7747,2524,1194,1330,13515,7098,6417
20,365,khunti,Total,11,10744,5458,5286,1293,544,749,9451,4914,4537
20,365,khunti,Total,12,15507,7853,7654,1742,714,1028,13765,7139,6626
20,365,khunti,Total,13,11738,5795,5943,1204,457,747,10534,5338,5196
20,365,khunti,Total,14,12106,6088,6018,1268,470,798,10838,5618,5220
20,365,khunti,Total,15,12742,6591,6151,1689,671,1018,11053,5920,5133
20,365,khunti,Total,16,10990,5569,5421,1498,536,962,9492,5033,4459
20,365,khunti,Total,17,8187,4245,3942,1171,426,745,7016,3819,3197
20,365,khunti,Total,18,12783,6487,6296,2488,812,1676,10295,5675,4620
20,365,khunti,Total,19,7868,3828,4040,1451,406,1045,6417,3422,2995
20,365,khunti,Total,20-24,43958,21418,22540,11123,3197,7926,32835,18221,14614
20,365,khunti,Total,25-29,40300,20163,20137,12896,4001,8895,27404,16162,11242
20,365,khunti,Total,30-34,34348,16701,17647,13329,3973,9356,21019,12728,8291
20,365,khunti,Total,35-39,34503,17128,17375,15425,5031,10394,19078,12097,6981
20,365,khunti,Total,40-44,29657,14892,14765,15365,5440,9925,14292,9452,4840
20,365,khunti,Total,45-49,27141,13951,13190,14917,5694,9223,12224,8257,3967
20,365,khunti,Total,50-54,20677,10604,10073,12111,4755,7356,8566,5849,2717
20,365,khunti,Total,55-59,17316,8462,8854,10471,3769,6702,6845,4693,2152
20,365,khunti,Total,60-64,17636,8221,9415,11891,4186,7705,5745,4035,1710
20,365,khunti,Total,65-69,11298,5456,5842,7750,2857,4893,3548,2599,949
20,365,khunti,Total,70-74,6732,3250,3482,4780,1854,2926,1952,1396,556
20,365,khunti,Total,75-79,2592,1266,1326,1733,638,1095,859,628,231
20,365,khunti,Total,80+,2485,1182,1303,1666,639,1027,819,543,276
20,365,khunti,Total,Age not stated,348,182,166,158,69,89,190,113,77
20,365,khunti,Rural,All ages,486903,243494,243409,235170,96494,138676,251733,147000,104733
20,365,khunti,Rural,0-6,80544,40974,39570,80544,40974,39570,0,0,0
20,365,khunti,Rural,7,11678,5864,5814,5178,2492,2686,6500,3372,3128
20,365,khunti,Rural,8,13201,6793,6408,3494,1656,1838,9707,5137,4570
20,365,khunti,Rural,9,10222,5190,5032,1928,938,990,8294,4252,4042
20,365,khunti,Rural,10,14913,7724,7189,2415,1142,1273,12498,6582,5916
20,365,khunti,Rural,11,9817,4978,4839,1224,512,712,8593,4466,4127
20,365,khunti,Rural,12,14337,7265,7072,1666,671,995,12671,6594,6077
20,365,khunti,Rural,13,10740,5325,5415,1157,436,721,9583,4889,4694
20,365,khunti,Rural,14,10990,5542,5448,1202,448,754,9788,5094,4694
20,365,khunti,Rural,15,11691,6079,5612,1626,648,978,10065,5431,4634
20,365,khunti,Rural,16,9905,5034,4871,1436,510,926,8469,4524,3945
20,365,khunti,Rural,17,7319,3767,3552,1143,415,728,6176,3352,2824
20,365,khunti,Rural,18,11567,5865,5702,2391,772,1619,9176,5093,4083
20,365,khunti,Rural,19,7018,3420,3598,1409,396,1013,5609,3024,2585
20,365,khunti,Rural,20-24,39383,19097,20286,10766,3058,7708,28617,16039,12578
20,365,khunti,Rural,25-29,36378,18187,18191,12434,3861,8573,23944,14326,9618
20,365,khunti,Rural,30-34,31042,15031,16011,12771,3806,8965,18271,11225,7046
20,365,khunti,Rural,35-39,31293,15575,15718,14748,4817,9931,16545,10758,5787
20,365,khunti,Rural,40-44,26978,13471,13507,14685,5192,9493,12293,8279,4014
20,365,khunti,Rural,45-49,24681,12663,12018,14291,5504,8787,10390,7159,3231
20,365,khunti,Rural,50-54,19026,9732,9294,11699,4624,7075,7327,5108,2219
20,365,khunti,Rural,55-59,15997,7760,8237,10122,3676,6446,5875,4084,1791
20,365,khunti,Rural,60-64,16500,7661,8839,11480,4081,7399,5020,3580,1440
20,365,khunti,Rural,65-69,10539,5087,5452,7440,2781,4659,3099,2306,793
20,365,khunti,Rural,70-74,6221,3019,3202,4564,1795,2769,1657,1224,433
20,365,khunti,Rural,75-79,2344,1133,1211,1647,617,1030,697,516,181
20,365,khunti,Rural,80+,2234,1077,1157,1553,603,950,681,474,207
20,365,khunti,Rural,Age not stated,345,181,164,157,69,88,188,112,76
20,365,khunti,Urban,All ages,44982,22841,22141,12140,5100,7040,32842,17741,15101
20,365,khunti,Urban,0-6,5748,2973,2775,5748,2973,2775,0,0,0
20,365,khunti,Urban,7,932,502,430,273,133,140,659,369,290
20,365,khunti,Urban,8,1019,517,502,127,60,67,892,457,435
20,365,khunti,Urban,9,846,440,406,75,35,40,771,405,366
20,365,khunti,Urban,10,1126,568,558,109,52,57,1017,516,501
20,365,khunti,Urban,11,927,480,447,69,32,37,858,448,410
20,365,khunti,Urban,12,1170,588,582,76,43,33,1094,545,549
20,365,khunti,Urban,13,998,470,528,47,21,26,951,449,502
20,365,khunti,Urban,14,1116,546,570,66,22,44,1050,524,526
20,365,khunti,Urban,15,1051,512,539,63,23,40,988,489,499
20,365,khunti,Urban,16,1085,535,550,62,26,36,1023,509,514
20,365,khunti,Urban,17,868,478,390,28,11,17,840,467,373
20,365,khunti,Urban,18,1216,622,594,97,40,57,1119,582,537
20,365,khunti,Urban,19,850,408,442,42,10,32,808,398,410
20,365,khunti,Urban,20-24,4575,2321,2254,357,139,218,4218,2182,2036
20,365,khunti,Urban,25-29,3922,1976,1946,462,140,322,3460,1836,1624
20,365,khunti,Urban,30-34,3306,1670,1636,558,167,391,2748,1503,1245
20,365,khunti,Urban,35-39,3210,1553,1657,677,214,463,2533,1339,1194
20,365,khunti,Urban,40-44,2679,1421,1258,680,248,432,1999,1173,826
20,365,khunti,Urban,45-49,2460,1288,1172,626,190,436,1834,1098,736
20,365,khunti,Urban,50-54,1651,872,779,412,131,281,1239,741,498
20,365,khunti,Urban,55-59,1319,702,617,349,93,256,970,609,361
20,365,khunti,Urban,60-64,1136,560,576,411,105,306,725,455,270
20,365,khunti,Urban,65-69,759,369,390,310,76,234,449,293,156
20,365,khunti,Urban,70-74,511,231,280,216,59,157,295,172,123
20,365,khunti,Urban,75-79,248,133,115,86,21,65,162,112,50
20,365,khunti,Urban,80+,251,105,146,113,36,77,138,69,69
20,365,khunti,Urban,Age not stated,3,1,2,1,0,1,2,1,1
20,366,gumla,Total,All ages,1025213,514390,510823,465493,192595,272898,559720,321795,237925
20,366,gumla,Total,0-6,173647,88472,85175,173647,88472,85175,0,0,0
20,366,gumla,Total,7,26705,13319,13386,10536,5162,5374,16169,8157,8012
20,366,gumla,Total,8,29264,15095,14169,6497,3219,3278,22767,11876,10891
20,366,gumla,Total,9,23266,11836,11430,3836,1889,1947,19430,9947,9483
20,366,gumla,Total,10,32507,16725,15782,4254,2042,2212,28253,14683,13570
20,366,gumla,Total,11,23118,11724,11394,2110,992,1118,21008,10732,10276
20,366,gumla,Total,12,31989,16063,15926,2691,1158,1533,29298,14905,14393
20,366,gumla,Total,13,24300,11992,12308,1695,676,1019,22605,11316,11289
20,366,gumla,Total,14,25643,12885,12758,2057,862,1195,23586,12023,11563
20,366,gumla,Total,15,25297,12854,12443,2579,991,1588,22718,11863,10855
20,366,gumla,Total,16,21878,11138,10740,2442,910,1532,19436,10228,9208
20,366,gumla,Total,17,16001,8169,7832,1948,707,1241,14053,7462,6591
20,366,gumla,Total,18,23742,12443,11299,3830,1305,2525,19912,11138,8774
20,366,gumla,Total,19,14193,6907,7286,2382,707,1675,11811,6200,5611
20,366,gumla,Total,20-24,80087,39624,40463,18082,5293,12789,62005,34331,27674
20,366,gumla,Total,25-29,71942,35662,36280,21216,6357,14859,50726,29305,21421
20,366,gumla,Total,30-34,63064,30501,32563,23041,6635,16406,40023,23866,16157
20,366,gumla,Total,35-39,60898,30657,30241,25885,8177,17708,35013,22480,12533
20,366,gumla,Total,40-44,53218,26123,27095,26849,8710,18139,26369,17413,8956
20,366,gumla,Total,45-49,48691,25133,23558,26784,9892,16892,21907,15241,6666
20,366,gumla,Total,50-54,38040,19545,18495,22373,8393,13980,15667,11152,4515
20,366,gumla,Total,55-59,32354,15717,16637,20080,6948,13132,12274,8769,3505
20,366,gumla,Total,60-64,34080,16107,17973,23533,8422,15111,10547,7685,2862
20,366,gumla,Total,65-69,23896,11769,12127,16894,6385,10509,7002,5384,1618
20,366,gumla,Total,70-74,14853,7541,7312,11148,4568,6580,3705,2973,732
20,366,gumla,Total,75-79,6035,3033,3002,4428,1744,2684,1607,1289,318
20,366,gumla,Total,80+,6194,3179,3015,4528,1913,2615,1666,1266,400
20,366,gumla,Total,Age not stated,311,177,134,148,66,82,163,111,52
20,366,gumla,Rural,All ages,960132,481135,478997,450127,185968,264159,510005,295167,214838
20,366,gumla,Rural,0-6,165197,84100,81097,165197,84100,81097,0,0,0
20,366,gumla,Rural,7,25220,12546,12674,10253,5016,5237,14967,7530,7437
20,366,gumla,Rural,8,27770,14305,13465,6402,3162,3240,21368,11143,10225
20,366,gumla,Rural,9,21907,11109,10798,3760,1841,1919,18147,9268,8879
20,366,gumla,Rural,10,30677,15772,14905,4174,1998,2176,26503,13774,12729
20,366,gumla,Rural,11,21548,10922,10626,2058,965,1093,19490,9957,9533
20,366,gumla,Rural,12,30142,15123,15019,2641,1133,1508,27501,13990,13511
20,366,gumla,Rural,13,22625,11163,11462,1657,660,997,20968,10503,10465
20,366,gumla,Rural,14,23867,12021,11846,2008,840,1168,21859,11181,10678
20,366,gumla,Rural,15,23613,12045,11568,2530,966,1564,21083,11079,10004
20,366,gumla,Rural,16,20165,10280,9885,2365,868,1497,17800,9412,8388
20,366,gumla,Rural,17,14611,7492,7119,1898,683,1215,12713,6809,5904
20,366,gumla,Rural,18,21935,11507,10428,3729,1254,2475,18206,10253,7953
20,366,gumla,Rural,19,12911,6248,6663,2317,679,1638,10594,5569,5025
20,366,gumla,Rural,20-24,73644,36318,37326,17689,5143,12546,55955,31175,24780
20,366,gumla,Rural,25-29,66368,32931,33437,20689,6188,14501,45679,26743,18936
20,366,gumla,Rural,30-34,58399,28206,30193,22439,6460,15979,35960,21746,14214
20,366,gumla,Rural,35-39,56367,28393,27974,25164,7966,17198,31203,20427,10776
20,366,gumla,Rural,40-44,49494,24143,25351,26167,8492,17675,23327,15651,7676
20,366,gumla,Rural,45-49,45615,23453,22162,26127,9678,16449,19488,13775,5713
20,366,gumla,Rural,50-54,35754,18302,17452,21857,8249,13608,13897,10053,3844
20,366,gumla,Rural,55-59,30688,14808,15880,19692,6866,12826,10996,7942,3054
20,366,gumla,Rural,60-64,32613,15396,17217,23046,8307,14739,9567,7089,2478
20,366,gumla,Rural,65-69,22866,11237,11629,16544,6292,10252,6322,4945,1377
20,366,gumla,Rural,70-74,14242,7238,7004,10889,4503,6386,3353,2735,618
20,366,gumla,Rural,75-79,5774,2901,2873,4331,1715,2616,1443,1186,257
20,366,gumla,Rural,80+,5824,3005,2819,4359,1878,2481,1465,1127,338
20,366,gumla,Rural,Age not stated,296,171,125,145,66,79,151,105,46
20,366,gumla,Urban,All ages,65081,33255,31826,15366,6627,8739,49715,26628,23087
20,366,gumla,Urban,0-6,8450,4372,4078,8450,4372,4078,0,0,0
20,366,gumla,Urban,7,1485,773,712,283,146,137,1202,627,575
20,366,gumla,Urban,8,1494,790,704,95,57,38,1399,733,666
20,366,gumla,Urban,9,1359,727,632,76,48,28,1283,679,604
20,366,gumla,Urban,10,1830,953,877,80,44,36,1750,909,841
20,366,gumla,Urban,11,1570,802,768,52,27,25,1518,775,743
20,366,gumla,Urban,12,1847,940,907,50,25,25,1797,915,882
20,366,gumla,Urban,13,1675,829,846,38,16,22,1637,813,824
20,366,gumla,Urban,14,1776,864,912,49,22,27,1727,842,885
20,366,gumla,Urban,15,1684,809,875,49,25,24,1635,784,851
20,366,gumla,Urban,16,1713,858,855,77,42,35,1636,816,820
20,366,gumla,Urban,17,1390,677,713,50,24,26,1340,653,687
20,366,gumla,Urban,18,1807,936,871,101,51,50,1706,885,821
20,366,gumla,Urban,19,1282,659,623,65,28,37,1217,631,586
20,366,gumla,Urban,20-24,6443,3306,3137,393,150,243,6050,3156,2894
20,366,gumla,Urban,25-29,5574,2731,2843,527,169,358,5047,2562,2485
20,366,gumla,Urban,30-34,4665,2295,2370,602,175,427,4063,2120,1943
20,366,gumla,Urban,35-39,4531,2264,2267,721,211,510,3810,2053,1757
20,366,gumla,Urban,40-44,3724,1980,1744,682,218,464,3042,1762,1280
20,366,gumla,Urban,45-49,3076,1680,1396,657,214,443,2419,1466,953
20,366,gumla,Urban,50-54,2286,1243,1043,516,144,372,1770,1099,671
20,366,gumla,Urban,55-59,1666,909,757,388,82,306,1278,827,451
20,366,gumla,Urban,60-64,1467,711,756,487,115,372,980,596,384
20,366,gumla,Urban,65-69,1030,532,498,350,93,257,680,439,241
20,366,gumla,Urban,70-74,611,303,308,259,65,194,352,238,114
20,366,gumla,Urban,75-79,261,132,129,97,29,68,164,103,61
20,366,gumla,Urban,80+,370,174,196,169,35,134,201,139,62
20,366,gumla,Urban,Age not stated,15,6,9,3,0,3,12,6,6
20,367,simdega,Total,All ages,599578,300309,299269,256095,108318,147777,343483,191991,151492
20,367,simdega,Total,0-6,94414,47962,46452,94414,47962,46452,0,0,0
20,367,simdega,Total,7,13829,6981,6848,5383,2656,2727,8446,4325,4121
20,367,simdega,Total,8,15255,7707,7548,3798,1871,1927,11457,5836,5621
20,367,simdega,Total,9,11765,6052,5713,2083,1064,1019,9682,4988,4694
20,367,simdega,Total,10,17147,8789,8358,2524,1219,1305,14623,7570,7053
20,367,simdega,Total,11,11875,6025,5850,1154,515,639,10721,5510,5211
20,367,simdega,Total,12,17059,8630,8429,1681,774,907,15378,7856,7522
20,367,simdega,Total,13,12928,6455,6473,1083,494,589,11845,5961,5884
20,367,simdega,Total,14,13713,6827,6886,1220,539,681,12493,6288,6205
20,367,simdega,Total,15,14258,7269,6989,1509,666,843,12749,6603,6146
20,367,simdega,Total,16,12334,6124,6210,1432,596,836,10902,5528,5374
20,367,simdega,Total,17,9334,4769,4565,1042,429,613,8292,4340,3952
20,367,simdega,Total,18,13561,6963,6598,2072,838,1234,11489,6125,5364
20,367,simdega,Total,19,8094,4044,4050,1236,464,772,6858,3580,3278
20,367,simdega,Total,20-24,48374,24053,24321,9783,3507,6276,38591,20546,18045
20,367,simdega,Total,25-29,43919,22219,21700,11519,4039,7480,32400,18180,14220
20,367,simdega,Total,30-34,38839,18968,19871,12377,4007,8370,26462,14961,11501
20,367,simdega,Total,35-39,38505,19279,19226,14406,4931,9475,24099,14348,9751
20,367,simdega,Total,40-44,34442,17277,17165,15091,5432,9659,19351,11845,7506
20,367,simdega,Total,45-49,31774,16511,15263,15346,5969,9377,16428,10542,5886
20,367,simdega,Total,50-54,24197,12476,11721,12391,4853,7538,11806,7623,4183
20,367,simdega,Total,55-59,20766,9968,10798,11187,3874,7313,9579,6094,3485
20,367,simdega,Total,60-64,21964,10087,11877,13331,4459,8872,8633,5628,3005
20,367,simdega,Total,65-69,14862,7002,7860,9495,3313,6182,5367,3689,1678
20,367,simdega,Total,70-74,9030,4301,4729,5999,2209,3790,3031,2092,939
20,367,simdega,Total,75-79,3703,1767,1936,2352,809,1543,1351,958,393
20,367,simdega,Total,80+,3295,1615,1680,2088,789,1299,1207,826,381
20,367,simdega,Total,Age not stated,342,189,153,99,40,59,243,149,94
20,367,simdega,Rural,All ages,556634,278425,278209,245218,103511,141707,311416,174914,136502
20,367,simdega,Rural,0-6,88993,45218,43775,88993,45218,43775,0,0,0
20,367,simdega,Rural,7,12897,6486,6411,5218,2558,2660,7679,3928,3751
20,367,simdega,Rural,8,14264,7195,7069,3737,1837,1900,10527,5358,5169
20,367,simdega,Rural,9,10932,5620,5312,2039,1046,993,8893,4574,4319
20,367,simdega,Rural,10,15953,8146,7807,2466,1195,1271,13487,6951,6536
20,367,simdega,Rural,11,10898,5494,5404,1116,495,621,9782,4999,4783
20,367,simdega,Rural,12,15815,7982,7833,1631,749,882,14184,7233,6951
20,367,simdega,Rural,13,11844,5887,5957,1044,469,575,10800,5418,5382
20,367,simdega,Rural,14,12580,6233,6347,1180,517,663,11400,5716,5684
20,367,simdega,Rural,15,13146,6721,6425,1442,632,810,11704,6089,5615
20,367,simdega,Rural,16,11210,5581,5629,1373,569,804,9837,5012,4825
20,367,simdega,Rural,17,8352,4297,4055,987,399,588,7365,3898,3467
20,367,simdega,Rural,18,12414,6397,6017,1979,790,1189,10435,5607,4828
20,367,simdega,Rural,19,7297,3661,3636,1177,437,740,6120,3224,2896
20,367,simdega,Rural,20-24,44090,21846,22244,9373,3320,6053,34717,18526,16191
20,367,simdega,Rural,25-29,40237,20340,19897,11058,3857,7201,29179,16483,12696
20,367,simdega,Rural,30-34,35871,17505,18366,11930,3854,8076,23941,13651,10290
20,367,simdega,Rural,35-39,35691,17877,17814,13941,4766,9175,21750,13111,8639
20,367,simdega,Rural,40-44,31895,15949,15946,14577,5246,9331,17318,10703,6615
20,367,simdega,Rural,45-49,29632,15368,14264,14840,5790,9050,14792,9578,5214
20,367,simdega,Rural,50-54,22624,11620,11004,11986,4711,7275,10638,6909,3729
20,367,simdega,Rural,55-59,19522,9345,10177,10845,3781,7064,8677,5564,3113
20,367,simdega,Rural,60-64,20866,9571,11295,12918,4332,8586,7948,5239,2709
20,367,simdega,Rural,65-69,14153,6649,7504,9219,3226,5993,4934,3423,1511
20,367,simdega,Rural,70-74,8566,4079,4487,5782,2134,3648,2784,1945,839
20,367,simdega,Rural,75-79,3488,1655,1833,2277,783,1494,1211,872,339
20,367,simdega,Rural,80+,3068,1517,1551,1993,760,1233,1075,757,318
20,367,simdega,Rural,Age not stated,336,186,150,97,40,57,239,146,93
20,367,simdega,Urban,All ages,42944,21884,21060,10877,4807,6070,32067,17077,14990
20,367,simdega,Urban,0-6,5421,2744,2677,5421,2744,2677,0,0,0
20,367,simdega,Urban,7,932,495,437,165,98,67,767,397,370
20,367,simdega,Urban,8,991,512,479,61,34,27,930,478,452
20,367,simdega,Urban,9,833,432,401,44,18,26,789,414,375
20,367,simdega,Urban,10,1194,643,551,58,24,34,1136,619,517
20,367,simdega,Urban,11,977,531,446,38,20,18,939,511,428
20,367,simdega,Urban,12,1244,648,596,50,25,25,1194,623,571
20,367,simdega,Urban,13,1084,568,516,39,25,14,1045,543,502
20,367,simdega,Urban,14,1133,594,539,40,22,18,1093,572,521
20,367,simdega,Urban,15,1112,548,564,67,34,33,1045,514,531
20,367,simdega,Urban,16,1124,543,581,59,27,32,1065,516,549
20,367,simdega,Urban,17,982,472,510,55,30,25,927,442,485
20,367,simdega,Urban,18,1147,566,581,93,48,45,1054,518,536
20,367,simdega,Urban,19,797,383,414,59,27,32,738,356,382
20,367,simdega,Urban,20-24,4284,2207,2077,410,187,223,3874,2020,1854
20,367,simdega,Urban,25-29,3682,1879,1803,461,182,279,3221,1697,1524
20,367,simdega,Urban,30-34,2968,1463,1505,447,153,294,2521,1310,1211
20,367,simdega,Urban,35-39,2814,1402,1412,465,165,300,2349,1237,1112
20,367,simdega,Urban,40-44,2547,1328,1219,514,186,328,2033,1142,891
20,367,simdega,Urban,45-49,2142,1143,999,506,179,327,1636,964,672
20,367,simdega,Urban,50-54,1573,856,717,405,142,263,1168,714,454
20,367,simdega,Urban,55-59,1244,623,621,342,93,249,902,530,372
20,367,simdega,Urban,60-64,1098,516,582,413,127,286,685,389,296
20,367,simdega,Urban,65-69,709,353,356,276,87,189,433,266,167
20,367,simdega,Urban,70-74,464,222,242,217,75,142,247,147,100
20,367,simdega,Urban,75-79,215,112,103,75,26,49,140,86,54
20,367,simdega,Urban,80+,227,98,129,95,29,66,132,69,63
20,367,simdega,Urban,Age not stated,6,3,3,2,0,2,4,3,1
20,368,pashchimi singhbhum,Total,All ages,1502338,749385,752953,774777,310112,464665,727561,439273,288288
20,368,pashchimi singhbhum,Total,0-6,261493,131836,129657,261493,131836,129657,0,0,0
20,368,pashchimi singhbhum,Total,7,38407,19261,19146,16496,7933,8563,21911,11328,10583
20,368,pashchimi singhbhum,Total,8,40613,20618,19995,11933,5668,6265,28680,14950,13730
20,368,pashchimi singhbhum,Total,9,34130,17185,16945,8083,3751,4332,26047,13434,12613
20,368,pashchimi singhbhum,Total,10,44104,22770,21334,9852,4505,5347,34252,18265,15987
20,368,pashchimi singhbhum,Total,11,33227,17014,16213,5675,2441,3234,27552,14573,12979
20,368,pashchimi singhbhum,Total,12,41862,21469,20393,7545,3248,4297,34317,18221,16096
20,368,pashchimi singhbhum,Total,13,33956,17058,16898,5578,2306,3272,28378,14752,13626
20,368,pashchimi singhbhum,Total,14,34968,17879,17089,6078,2445,3633,28890,15434,13456
20,368,pashchimi singhbhum,Total,15,35249,18394,16855,7474,3059,4415,27775,15335,12440
20,368,pashchimi singhbhum,Total,16,30986,15917,15069,6994,2689,4305,23992,13228,10764
20,368,pashchimi singhbhum,Total,17,23649,12379,11270,5464,2034,3430,18185,10345,7840
20,368,pashchimi singhbhum,Total,18,35075,17589,17486,10822,3747,7075,24253,13842,10411
20,368,pashchimi singhbhum,Total,19,24068,11271,12797,7424,2154,5270,16644,9117,7527
20,368,pashchimi singhbhum,Total,20-24,131468,62879,68589,48425,14533,33892,83043,48346,34697
20,368,pashchimi singhbhum,Total,25-29,117732,59494,58238,49515,16897,32618,68217,42597,25620
20,368,pashchimi singhbhum,Total,30-34,97881,48288,49593,44494,14163,30331,53387,34125,19262
20,368,pashchimi singhbhum,Total,35-39,95491,47161,48330,48281,15625,32656,47210,31536,15674
20,368,pashchimi singhbhum,Total,40-44,84353,42208,42145,46940,15849,31091,37413,26359,11054
20,368,pashchimi singhbhum,Total,45-49,75580,39142,36438,44218,16076,28142,31362,23066,8296
20,368,pashchimi singhbhum,Total,50-54,55503,28073,27430,33876,11966,21910,21627,16107,5520
20,368,pashchimi singhbhum,Total,55-59,42495,21014,21481,26296,8554,17742,16199,12460,3739
20,368,pashchimi singhbhum,Total,60-64,40091,17913,22178,27643,8329,19314,12448,9584,2864
20,368,pashchimi singhbhum,Total,65-69,25349,11489,13860,17557,5334,12223,7792,6155,1637
20,368,pashchimi singhbhum,Total,70-74,14022,6232,7790,9832,2963,6869,4190,3269,921
20,368,pashchimi singhbhum,Total,75-79,5283,2395,2888,3449,987,2462,1834,1408,426
20,368,pashchimi singhbhum,Total,80+,4892,2222,2670,3137,929,2208,1755,1293,462
20,368,pashchimi singhbhum,Total,Age not stated,411,235,176,203,91,112,208,144,64
20,368,pashchimi singhbhum,Rural,All ages,1284304,637657,646647,713900,285712,428188,570404,351945,218459
20,368,pashchimi singhbhum,Rural,0-6,234093,117879,116214,234093,117879,116214,0,0,0
20,368,pashchimi singhbhum,Rural,7,34065,17010,17055,15606,7484,8122,18459,9526,8933
20,368,pashchimi singhbhum,Rural,8,36216,18373,17843,11474,5451,6023,24742,12922,11820
20,368,pashchimi singhbhum,Rural,9,30189,15138,15051,7720,3577,4143,22469,11561,10908
20,368,pashchimi singhbhum,Rural,10,39087,20144,18943,9365,4272,5093,29722,15872,13850
20,368,pashchimi singhbhum,Rural,11,28864,14742,14122,5411,2315,3096,23453,12427,11026
20,368,pashchimi singhbhum,Rural,12,37028,19008,18020,7214,3090,4124,29814,15918,13896
20,368,pashchimi singhbhum,Rural,13,29537,14863,14674,5328,2197,3131,24209,12666,11543
20,368,pashchimi singhbhum,Rural,14,30402,15594,14808,5833,2348,3485,24569,13246,11323
20,368,pashchimi singhbhum,Rural,15,30655,16034,14621,7150,2919,4231,23505,13115,10390
20,368,pashchimi singhbhum,Rural,16,26430,13580,12850,6619,2510,4109,19811,11070,8741
20,368,pashchimi singhbhum,Rural,17,19662,10332,9330,5179,1902,3277,14483,8430,6053
20,368,pashchimi singhbhum,Rural,18,29870,14933,14937,10250,3537,6713,19620,11396,8224
20,368,pashchimi singhbhum,Rural,19,20001,9287,10714,7003,1993,5010,12998,7294,5704
20,368,pashchimi singhbhum,Rural,20-24,109107,51841,57266,45560,13594,31966,63547,38247,25300
20,368,pashchimi singhbhum,Rural,25-29,97658,49179,48479,46458,15831,30627,51200,33348,17852
20,368,pashchimi singhbhum,Rural,30-34,80837,39571,41266,41481,13195,28286,39356,26376,12980
20,368,pashchimi singhbhum,Rural,35-39,79687,39126,40561,44975,14614,30361,34712,24512,10200
20,368,pashchimi singhbhum,Rural,40-44,70382,34798,35584,43741,14937,28804,26641,19861,6780
20,368,pashchimi singhbhum,Rural,45-49,62970,32427,30543,41043,15181,25862,21927,17246,4681
20,368,pashchimi singhbhum,Rural,50-54,45968,22901,23067,31381,11304,20077,14587,11597,2990
20,368,pashchimi singhbhum,Rural,55-59,35332,16960,18372,24397,8066,16331,10935,8894,2041
20,368,pashchimi singhbhum,Rural,60-64,34788,15345,19443,25732,7909,17823,9056,7436,1620
20,368,pashchimi singhbhum,Rural,65-69,21782,9806,11976,16210,5046,11164,5572,4760,812
20,368,pashchimi singhbhum,Rural,70-74,11573,5084,6489,8847,2765,6082,2726,2319,407
20,368,pashchimi singhbhum,Rural,75-79,4082,1842,2240,3019,907,2112,1063,935,128
20,368,pashchimi singhbhum,Rural,80+,3685,1659,2026,2635,811,1824,1050,848,202
20,368,pashchimi singhbhum,Rural,Age not stated,354,201,153,176,78,98,178,123,55
20,368,pashchimi singhbhum,Urban,All ages,218034,111728,106306,60877,24400,36477,157157,87328,69829
20,368,pashchimi singhbhum,Urban,0-6,27400,13957,13443,27400,13957,13443,0,0,0
20,368,pashchimi singhbhum,Urban,7,4342,2251,2091,890,449,441,3452,1802,1650
20,368,pashchimi singhbhum,Urban,8,4397,2245,2152,459,217,242,3938,2028,1910
20,368,pashchimi singhbhum,Urban,9,3941,2047,1894,363,174,189,3578,1873,1705
20,368,pashchimi singhbhum,Urban,10,5017,2626,2391,487,233,254,4530,2393,2137
20,368,pashchimi singhbhum,Urban,11,4363,2272,2091,264,126,138,4099,2146,1953
20,368,pashchimi singhbhum,Urban,12,4834,2461,2373,331,158,173,4503,2303,2200
20,368,pashchimi singhbhum,Urban,13,4419,2195,2224,250,109,141,4169,2086,2083
20,368,pashchimi singhbhum,Urban,14,4566,2285,2281,245,97,148,4321,2188,2133
20,368,pashchimi singhbhum,Urban,15,4594,2360,2234,324,140,184,4270,2220,2050
20,368,pashchimi singhbhum,Urban,16,4556,2337,2219,375,179,196,4181,2158,2023
20,368,pashchimi singhbhum,Urban,17,3987,2047,1940,285,132,153,3702,1915,1787
20,368,pashchimi singhbhum,Urban,18,5205,2656,2549,572,210,362,4633,2446,2187
20,368,pashchimi singhbhum,Urban,19,4067,1984,2083,421,161,260,3646,1823,1823
20,368,pashchimi singhbhum,Urban,20-24,22361,11038,11323,2865,939,1926,19496,10099,9397
20,368,pashchimi singhbhum,Urban,25-29,20074,10315,9759,3057,1066,1991,17017,9249,7768
20,368,pashchimi singhbhum,Urban,30-34,17044,8717,8327,3013,968,2045,14031,7749,6282
20,368,pashchimi singhbhum,Urban,35-39,15804,8035,7769,3306,1011,2295,12498,7024,5474
20,368,pashchimi singhbhum,Urban,40-44,13971,7410,6561,3199,912,2287,10772,6498,4274
20,368,pashchimi singhbhum,Urban,45-49,12610,6715,5895,3175,895,2280,9435,5820,3615
20,368,pashchimi singhbhum,Urban,50-54,9535,5172,4363,2495,662,1833,7040,4510,2530
20,368,pashchimi singhbhum,Urban,55-59,7163,4054,3109,1899,488,1411,5264,3566,1698
20,368,pashchimi singhbhum,Urban,60-64,5303,2568,2735,1911,420,1491,3392,2148,1244
20,368,pashchimi singhbhum,Urban,65-69,3567,1683,1884,1347,288,1059,2220,1395,825
20,368,pashchimi singhbhum,Urban,70-74,2449,1148,1301,985,198,787,1464,950,514
20,368,pashchimi singhbhum,Urban,75-79,1201,553,648,430,80,350,771,473,298
20,368,pashchimi singhbhum,Urban,80+,1207,563,644,502,118,384,705,445,260
20,368,pashchimi singhbhum,Urban,Age not stated,57,34,23,27,13,14,30,21,9
20,369,saraikela-kharsawan,Total,All ages,1065056,544411,520645,452063,179079,272984,612993,365332,247661
20,369,saraikela-kharsawan,Total,0-6,159596,82120,77476,159596,82120,77476,0,0,0
20,369,saraikela-kharsawan,Total,7,24072,12187,11885,6163,2992,3171,17909,9195,8714
20,369,saraikela-kharsawan,Total,8,25522,13186,12336,3475,1665,1810,22047,11521,10526
20,369,saraikela-kharsawan,Total,9,21205,10906,10299,2061,964,1097,19144,9942,9202
20,369,saraikela-kharsawan,Total,10,27413,14147,13266,2707,1194,1513,24706,12953,11753
20,369,saraikela-kharsawan,Total,11,21183,10906,10277,1535,691,844,19648,10215,9433
20,369,saraikela-kharsawan,Total,12,25445,13246,12199,2103,888,1215,23342,12358,10984
20,369,saraikela-kharsawan,Total,13,22121,11141,10980,1677,670,1007,20444,10471,9973
20,369,saraikela-kharsawan,Total,14,22746,11649,11097,2021,806,1215,20725,10843,9882
20,369,saraikela-kharsawan,Total,15,23180,12250,10930,2800,1017,1783,20380,11233,9147
20,369,saraikela-kharsawan,Total,16,20712,11273,9439,2644,951,1693,18068,10322,7746
20,369,saraikela-kharsawan,Total,17,16356,8943,7413,2209,827,1382,14147,8116,6031
20,369,saraikela-kharsawan,Total,18,24206,12869,11337,4626,1528,3098,19580,11341,8239
20,369,saraikela-kharsawan,Total,19,17395,8687,8708,3103,832,2271,14292,7855,6437
20,369,saraikela-kharsawan,Total,20-24,94209,47469,46740,21926,6373,15553,72283,41096,31187
20,369,saraikela-kharsawan,Total,25-29,89614,45284,44330,25711,7870,17841,63903,37414,26489
20,369,saraikela-kharsawan,Total,30-34,76674,38897,37777,25910,7853,18057,50764,31044,19720
20,369,saraikela-kharsawan,Total,35-39,73430,37722,35708,28936,8986,19950,44494,28736,15758
20,369,saraikela-kharsawan,Total,40-44,62387,32249,30138,28534,9486,19048,33853,22763,11090
20,369,saraikela-kharsawan,Total,45-49,53401,28395,25006,26589,9383,17206,26812,19012,7800
20,369,saraikela-kharsawan,Total,50-54,40795,21212,19583,21896,7630,14266,18899,13582,5317
20,369,saraikela-kharsawan,Total,55-59,33238,16573,16665,18692,6016,12676,14546,10557,3989
20,369,saraikela-kharsawan,Total,60-64,35565,16697,18868,22392,7040,15352,13173,9657,3516
20,369,saraikela-kharsawan,Total,65-69,24109,11655,12454,15490,4939,10551,8619,6716,1903
20,369,saraikela-kharsawan,Total,70-74,14567,7057,7510,9767,3242,6525,4800,3815,985
20,369,saraikela-kharsawan,Total,75-79,6183,2922,3261,4048,1229,2819,2135,1693,442
20,369,saraikela-kharsawan,Total,80+,7085,3328,3757,4471,1479,2992,2614,1849,765
20,369,saraikela-kharsawan,Total,Age not stated,2647,1441,1206,981,408,573,1666,1033,633
20,369,saraikela-kharsawan,Rural,All ages,806310,408848,397462,371962,144302,227660,434348,264546,169802
20,369,saraikela-kharsawan,Rural,0-6,122667,62906,59761,122667,62906,59761,0,0,0
20,369,saraikela-kharsawan,Rural,7,18257,9175,9082,4851,2316,2535,13406,6859,6547
20,369,saraikela-kharsawan,Rural,8,19619,10091,9528,2697,1248,1449,16922,8843,8079
20,369,saraikela-kharsawan,Rural,9,16357,8302,8055,1630,727,903,14727,7575,7152
20,369,saraikela-kharsawan,Rural,10,21245,10864,10381,2163,933,1230,19082,9931,9151
20,369,saraikela-kharsawan,Rural,11,16472,8458,8014,1237,549,688,15235,7909,7326
20,369,saraikela-kharsawan,Rural,12,19857,10275,9582,1676,655,1021,18181,9620,8561
20,369,saraikela-kharsawan,Rural,13,17270,8750,8520,1381,532,849,15889,8218,7671
20,369,saraikela-kharsawan,Rural,14,17760,9030,8730,1663,630,1033,16097,8400,7697
20,369,saraikela-kharsawan,Rural,15,17984,9463,8521,2338,807,1531,15646,8656,6990
20,369,saraikela-kharsawan,Rural,16,15748,8638,7110,2165,736,1429,13583,7902,5681
20,369,saraikela-kharsawan,Rural,17,12130,6648,5482,1853,658,1195,10277,5990,4287
20,369,saraikela-kharsawan,Rural,18,18253,9742,8511,3897,1225,2672,14356,8517,5839
20,369,saraikela-kharsawan,Rural,19,12886,6426,6460,2577,662,1915,10309,5764,4545
20,369,saraikela-kharsawan,Rural,20-24,69263,35111,34152,18287,5142,13145,50976,29969,21007
20,369,saraikela-kharsawan,Rural,25-29,64269,32595,31674,21288,6311,14977,42981,26284,16697
20,369,saraikela-kharsawan,Rural,30-34,55031,27519,27512,21628,6399,15229,33403,21120,12283
20,369,saraikela-kharsawan,Rural,35-39,53564,27035,26529,24342,7361,16981,29222,19674,9548
20,369,saraikela-kharsawan,Rural,40-44,46784,23767,23017,24382,8022,16360,22402,15745,6657
20,369,saraikela-kharsawan,Rural,45-49,40446,21129,19317,22821,8013,14808,17625,13116,4509
20,369,saraikela-kharsawan,Rural,50-54,31561,16272,15289,19003,6668,12335,12558,9604,2954
20,369,saraikela-kharsawan,Rural,55-59,25833,12630,13203,16405,5310,11095,9428,7320,2108
20,369,saraikela-kharsawan,Rural,60-64,28789,13158,15631,20039,6291,13748,8750,6867,1883
20,369,saraikela-kharsawan,Rural,65-69,19928,9354,10574,14116,4553,9563,5812,4801,1011
20,369,saraikela-kharsawan,Rural,70-74,11853,5570,6283,8680,2927,5753,3173,2643,530
20,369,saraikela-kharsawan,Rural,75-79,4984,2291,2693,3574,1099,2475,1410,1192,218
20,369,saraikela-kharsawan,Rural,80+,5536,2585,2951,3818,1296,2522,1718,1289,429
20,369,saraikela-kharsawan,Rural,Age not stated,1964,1064,900,784,326,458,1180,738,442
20,369,saraikela-kharsawan,Urban,All ages,258746,135563,123183,80101,34777,45324,178645,100786,77859
20,369,saraikela-kharsawan,Urban,0-6,36929,19214,17715,36929,19214,17715,0,0,0
20,369,saraikela-kharsawan,Urban,7,5815,3012,2803,1312,676,636,4503,2336,2167
20,369,saraikela-kharsawan,Urban,8,5903,3095,2808,778,417,361,5125,2678,2447
20,369,saraikela-kharsawan,Urban,9,4848,2604,2244,431,237,194,4417,2367,2050
20,369,saraikela-kharsawan,Urban,10,6168,3283,2885,544,261,283,5624,3022,2602
20,369,saraikela-kharsawan,Urban,11,4711,2448,2263,298,142,156,4413,2306,2107
20,369,saraikela-kharsawan,Urban,12,5588,2971,2617,427,233,194,5161,2738,2423
20,369,saraikela-kharsawan,Urban,13,4851,2391,2460,296,138,158,4555,2253,2302
20,369,saraikela-kharsawan,Urban,14,4986,2619,2367,358,176,182,4628,2443,2185
20,369,saraikela-kharsawan,Urban,15,5196,2787,2409,462,210,252,4734,2577,2157
20,369,saraikela-kharsawan,Urban,16,4964,2635,2329,479,215,264,4485,2420,2065
20,369,saraikela-kharsawan,Urban,17,4226,2295,1931,356,169,187,3870,2126,1744
20,369,saraikela-kharsawan,Urban,18,5953,3127,2826,729,303,426,5224,2824,2400
20,369,saraikela-kharsawan,Urban,19,4509,2261,2248,526,170,356,3983,2091,1892
20,369,saraikela-kharsawan,Urban,20-24,24946,12358,12588,3639,1231,2408,21307,11127,10180
20,369,saraikela-kharsawan,Urban,25-29,25345,12689,12656,4423,1559,2864,20922,11130,9792
20,369,saraikela-kharsawan,Urban,30-34,21643,11378,10265,4282,1454,2828,17361,9924,7437
20,369,saraikela-kharsawan,Urban,35-39,19866,10687,9179,4594,1625,2969,15272,9062,6210
20,369,saraikela-kharsawan,Urban,40-44,15603,8482,7121,4152,1464,2688,11451,7018,4433
20,369,saraikela-kharsawan,Urban,45-49,12955,7266,5689,3768,1370,2398,9187,5896,3291
20,369,saraikela-kharsawan,Urban,50-54,9234,4940,4294,2893,962,1931,6341,3978,2363
20,369,saraikela-kharsawan,Urban,55-59,7405,3943,3462,2287,706,1581,5118,3237,1881
20,369,saraikela-kharsawan,Urban,60-64,6776,3539,3237,2353,749,1604,4423,2790,1633
20,369,saraikela-kharsawan,Urban,65-69,4181,2301,1880,1374,386,988,2807,1915,892
20,369,saraikela-kharsawan,Urban,70-74,2714,1487,1227,1087,315,772,1627,1172,455
20,369,saraikela-kharsawan,Urban,75-79,1199,631,568,474,130,344,725,501,224
20,369,saraikela-kharsawan,Urban,80+,1549,743,806,653,183,470,896,560,336
20,369,saraikela-kharsawan,Urban,Age not stated,683,377,306,197,82,115,486,295,191
17,293,west garo hills,Total,All ages,643291,324159,319132,284589,130721,153868,358702,193438,165264
17,293,west garo hills,Total,0-6,112514,56950,55564,112514,56950,55564,0,0,0
17,293,west garo hills,Total,7,16532,8319,8213,8108,4054,4054,8424,4265,4159
17,293,west garo hills,Total,8,15469,7774,7695,5598,2819,2779,9871,4955,4916
17,293,west garo hills,Total,9,15663,7869,7794,4764,2451,2313,10899,5418,5481
17,293,west garo hills,Total,10,17967,9178,8789,4761,2503,2258,13206,6675,6531
17,293,west garo hills,Total,11,16710,8596,8114,3254,1815,1439,13456,6781,6675
17,293,west garo hills,Total,12,16671,8451,8220,2558,1444,1114,14113,7007,7106
17,293,west garo hills,Total,13,15344,7673,7671,2044,1108,936,13300,6565,6735
17,293,west garo hills,Total,14,15246,7743,7503,1848,977,871,13398,6766,6632
17,293,west garo hills,Total,15,15702,8080,7622,2135,1213,922,13567,6867,6700
17,293,west garo hills,Total,16,15077,7786,7291,1985,1080,905,13092,6706,6386
17,293,west garo hills,Total,17,13411,6967,6444,1850,975,875,11561,5992,5569
17,293,west garo hills,Total,18,14825,7398,7427,2369,1158,1211,12456,6240,6216
17,293,west garo hills,Total,19,12259,5903,6356,2168,921,1247,10091,4982,5109
17,293,west garo hills,Total,20-24,59906,28920,30986,12992,5400,7592,46914,23520,23394
17,293,west garo hills,Total,25-29,54333,26593,27740,15557,6216,9341,38776,20377,18399
17,293,west garo hills,Total,30-34,39873,20092,19781,13535,5441,8094,26338,14651,11687
17,293,west garo hills,Total,35-39,38213,18756,19457,15102,5678,9424,23111,13078,10033
17,293,west garo hills,Total,40-44,35364,17451,17913,16110,5919,10191,19254,11532,7722
17,293,west garo hills,Total,45-49,30154,15518,14636,14831,5728,9103,15323,9790,5533
17,293,west garo hills,Total,50-54,22242,11947,10295,11777,4954,6823,10465,6993,3472
17,293,west garo hills,Total,55-59,15336,8090,7246,8443,3437,5006,6893,4653,2240
17,293,west garo hills,Total,60-64,12489,6529,5960,7270,2964,4306,5219,3565,1654
17,293,west garo hills,Total,65-69,9195,4877,4318,5375,2233,3142,3820,2644,1176
17,293,west garo hills,Total,70-74,5303,2745,2558,3352,1399,1953,1951,1346,605
17,293,west garo hills,Total,75-79,2753,1474,1279,1751,773,978,1002,701,301
17,293,west garo hills,Total,80+,3281,1722,1559,1942,845,1097,1339,877,462
17,293,west garo hills,Total,Age not stated,1459,758,701,596,266,330,863,492,371
17,293,west garo hills,Rural,All ages,568433,286923,281510,269985,123903,146082,298448,163020,135428
17,293,west garo hills,Rural,0-6,103630,52362,51268,103630,52362,51268,0,0,0
17,293,west garo hills,Rural,7,15176,7633,7543,7807,3907,3900,7369,3726,3643
17,293,west garo hills,Rural,8,14171,7131,7040,5481,2767,2714,8690,4364,4326
17,293,west garo hills,Rural,9,14225,7191,7034,4634,2384,2250,9591,4807,4784
17,293,west garo hills,Rural,10,16298,8359,7939,4645,2450,2195,11653,5909,5744
17,293,west garo hills,Rural,11,14994,7756,7238,3174,1772,1402,11820,5984,5836
17,293,west garo hills,Rural,12,14921,7631,7290,2499,1418,1081,12422,6213,6209
17,293,west garo hills,Rural,13,13523,6816,6707,1998,1090,908,11525,5726,5799
17,293,west garo hills,Rural,14,13339,6854,6485,1802,952,850,11537,5902,5635
17,293,west garo hills,Rural,15,13579,7110,6469,2072,1181,891,11507,5929,5578
17,293,west garo hills,Rural,16,12988,6775,6213,1929,1050,879,11059,5725,5334
17,293,west garo hills,Rural,17,11392,5993,5399,1801,945,856,9591,5048,4543
17,293,west garo hills,Rural,18,12688,6365,6323,2290,1121,1169,10398,5244,5154
17,293,west garo hills,Rural,19,10470,5033,5437,2086,878,1208,8384,4155,4229
17,293,west garo hills,Rural,20-24,51536,24817,26719,12629,5243,7386,38907,19574,19333
17,293,west garo hills,Rural,25-29,47163,23039,24124,15148,6048,9100,32015,16991,15024
17,293,west garo hills,Rural,30-34,34496,17402,17094,13133,5286,7847,21363,12116,9247
17,293,west garo hills,Rural,35-39,33027,16191,16836,14583,5483,9100,18444,10708,7736
17,293,west garo hills,Rural,40-44,30855,15202,15653,15543,5756,9787,15312,9446,5866
17,293,west garo hills,Rural,45-49,26194,13425,12769,14305,5532,8773,11889,7893,3996
17,293,west garo hills,Rural,50-54,19506,10473,9033,11337,4803,6534,8169,5670,2499
17,293,west garo hills,Rural,55-59,13455,7128,6327,8097,3331,4766,5358,3797,1561
17,293,west garo hills,Rural,60-64,11168,5865,5303,6957,2862,4095,4211,3003,1208
17,293,west garo hills,Rural,65-69,8215,4386,3829,5112,2144,2968,3103,2242,861
17,293,west garo hills,Rural,70-74,4742,2451,2291,3193,1326,1867,1549,1125,424
17,293,west garo hills,Rural,75-79,2442,1318,1124,1669,746,923,773,572,201
17,293,west garo hills,Rural,80+,2904,1531,1373,1842,800,1042,1062,731,331
17,293,west garo hills,Rural,Age not stated,1336,686,650,589,266,323,747,420,327
17,293,west garo hills,Urban,All ages,74858,37236,37622,14604,6818,7786,60254,30418,29836
17,293,west garo hills,Urban,0-6,8884,4588,4296,8884,4588,4296,0,0,0
17,293,west garo hills,Urban,7,1356,686,670,301,147,154,1055,539,516
17,293,west garo hills,Urban,8,1298,643,655,117,52,65,1181,591,590
17,293,west garo hills,Urban,9,1438,678,760,130,67,63,1308,611,697
17,293,west garo hills,Urban,10,1669,819,850,116,53,63,1553,766,787
17,293,west garo hills,Urban,11,1716,840,876,80,43,37,1636,797,839
17,293,west garo hills,Urban,12,1750,820,930,59,26,33,1691,794,897
17,293,west garo hills,Urban,13,1821,857,964,46,18,28,1775,839,936
17,293,west garo hills,Urban,14,1907,889,1018,46,25,21,1861,864,997
17,293,west garo hills,Urban,15,2123,970,1153,63,32,31,2060,938,1122
17,293,west garo hills,Urban,16,2089,1011,1078,56,30,26,2033,981,1052
17,293,west garo hills,Urban,17,2019,974,1045,49,30,19,1970,944,1026
17,293,west garo hills,Urban,18,2137,1033,1104,79,37,42,2058,996,1062
17,293,west garo hills,Urban,19,1789,870,919,82,43,39,1707,827,880
17,293,west garo hills,Urban,20-24,8370,4103,4267,363,157,206,8007,3946,4061
17,293,west garo hills,Urban,25-29,7170,3554,3616,409,168,241,6761,3386,3375
17,293,west garo hills,Urban,30-34,5377,2690,2687,402,155,247,4975,2535,2440
17,293,west garo hills,Urban,35-39,5186,2565,2621,519,195,324,4667,2370,2297
17,293,west garo hills,Urban,40-44,4509,2249,2260,567,163,404,3942,2086,1856
17,293,west garo hills,Urban,45-49,3960,2093,1867,526,196,330,3434,1897,1537
17,293,west garo hills,Urban,50-54,2736,1474,1262,440,151,289,2296,1323,973
17,293,west garo hills,Urban,55-59,1881,962,919,346,106,240,1535,856,679
17,293,west garo hills,Urban,60-64,1321,664,657,313,102,211,1008,562,446
17,293,west garo hills,Urban,65-69,980,491,489,263,89,174,717,402,315
17,293,west garo hills,Urban,70-74,561,294,267,159,73,86,402,221,181
17,293,west garo hills,Urban,75-79,311,156,155,82,27,55,229,129,100
17,293,west garo hills,Urban,80+,377,191,186,100,45,55,277,146,131
17,293,west garo hills,Urban,Age not stated,123,72,51,7,0,7,116,72,44
17,294,east garo hills,Total,All ages,317917,161223,156694,125770,58710,67060,192147,102513,89634
17,294,east garo hills,Total,0-6,58071,29328,28743,58071,29328,28743,0,0,0
17,294,east garo hills,Total,7,8101,4096,4005,4208,2142,2066,3893,1954,1939
17,294,east garo hills,Total,8,8337,4196,4141,3228,1663,1565,5109,2533,2576
17,294,east garo hills,Total,9,7917,4104,3813,2644,1347,1297,5273,2757,2516
17,294,east garo hills,Total,10,9337,4798,4539,2585,1388,1197,6752,3410,3342
17,294,east garo hills,Total,11,8045,4167,3878,1643,811,832,6402,3356,3046
17,294,east garo hills,Total,12,8505,4340,4165,1304,707,597,7201,3633,3568
17,294,east garo hills,Total,13,7571,3797,3774,960,518,442,6611,3279,3332
17,294,east garo hills,Total,14,7783,3941,3842,931,506,425,6852,3435,3417
17,294,east garo hills,Total,15,7697,3864,3833,965,510,455,6732,3354,3378
17,294,east garo hills,Total,16,7371,3707,3664,846,449,397,6525,3258,3267
17,294,east garo hills,Total,17,6744,3400,3344,739,373,366,6005,3027,2978
17,294,east garo hills,Total,18,7612,3799,3813,1021,482,539,6591,3317,3274
17,294,east garo hills,Total,19,5888,2872,3016,855,381,474,5033,2491,2542
17,294,east garo hills,Total,20-24,29973,14124,15849,5561,2197,3364,24412,11927,12485
17,294,east garo hills,Total,25-29,27790,13555,14235,6211,2377,3834,21579,11178,10401
17,294,east garo hills,Total,30-34,20428,10476,9952,5217,2084,3133,15211,8392,6819
17,294,east garo hills,Total,35-39,19500,9895,9605,5969,2241,3728,13531,7654,5877
17,294,east garo hills,Total,40-44,15949,8155,7794,5223,2022,3201,10726,6133,4593
17,294,east garo hills,Total,45-49,14547,7726,6821,5139,2005,3134,9408,5721,3687
17,294,east garo hills,Total,50-54,9571,5126,4445,3540,1428,2112,6031,3698,2333
17,294,east garo hills,Total,55-59,6628,3529,3099,2650,1014,1636,3978,2515,1463
17,294,east garo hills,Total,60-64,5315,2948,2367,2319,991,1328,2996,1957,1039
17,294,east garo hills,Total,65-69,3929,2117,1812,1697,704,993,2232,1413,819
17,294,east garo hills,Total,70-74,2170,1186,984,1053,475,578,1117,711,406
17,294,east garo hills,Total,75-79,1083,623,460,502,204,298,581,419,162
17,294,east garo hills,Total,80+,1230,723,507,547,290,257,683,433,250
17,294,east garo hills,Total,Age not stated,825,631,194,142,73,69,683,558,125
17,294,east garo hills,Rural,All ages,273725,138763,134962,115832,54058,61774,157893,84705,73188
17,294,east garo hills,Rural,0-6,51865,26266,25599,51865,26266,25599,0,0,0
17,294,east garo hills,Rural,7,7182,3630,3552,3984,2022,1962,3198,1608,1590
17,294,east garo hills,Rural,8,7356,3722,3634,3112,1605,1507,4244,2117,2127
17,294,east garo hills,Rural,9,6981,3612,3369,2513,1276,1237,4468,2336,2132
17,294,east garo hills,Rural,10,8233,4259,3974,2477,1334,1143,5756,2925,2831
17,294,east garo hills,Rural,11,6867,3561,3306,1576,784,792,5291,2777,2514
17,294,east garo hills,Rural,12,7307,3728,3579,1259,682,577,6048,3046,3002
17,294,east garo hills,Rural,13,6425,3242,3183,922,499,423,5503,2743,2760
17,294,east garo hills,Rural,14,6480,3286,3194,871,477,394,5609,2809,2800
17,294,east garo hills,Rural,15,6454,3297,3157,905,484,421,5549,2813,2736
17,294,east garo hills,Rural,16,6079,3134,2945,789,421,368,5290,2713,2577
17,294,east garo hills,Rural,17,5565,2839,2726,699,349,350,4866,2490,2376
17,294,east garo hills,Rural,18,6400,3206,3194,972,460,512,5428,2746,2682
17,294,east garo hills,Rural,19,4971,2424,2547,812,362,450,4159,2062,2097
17,294,east garo hills,Rural,20-24,25282,11796,13486,5262,2060,3202,20020,9736,10284
17,294,east garo hills,Rural,25-29,23576,11394,12182,5878,2230,3648,17698,9164,8534
17,294,east garo hills,Rural,30-34,17409,8926,8483,4907,1962,2945,12502,6964,5538
17,294,east garo hills,Rural,35-39,16848,8543,8305,5627,2114,3513,11221,6429,4792
17,294,east garo hills,Rural,40-44,13594,6945,6649,4899,1895,3004,8695,5050,3645
17,294,east garo hills,Rural,45-49,12546,6632,5914,4827,1890,2937,7719,4742,2977
17,294,east garo hills,Rural,50-54,8239,4407,3832,3330,1348,1982,4909,3059,1850
17,294,east garo hills,Rural,55-59,5738,3057,2681,2494,966,1528,3244,2091,1153
17,294,east garo hills,Rural,60-64,4683,2597,2086,2173,925,1248,2510,1672,838
17,294,east garo hills,Rural,65-69,3441,1876,1565,1599,669,930,1842,1207,635
17,294,east garo hills,Rural,70-74,1895,1044,851,987,448,539,908,596,312
17,294,east garo hills,Rural,75-79,938,545,393,468,198,270,470,347,123
17,294,east garo hills,Rural,80+,1031,618,413,494,264,230,537,354,183
17,294,east garo hills,Rural,Age not stated,340,177,163,131,68,63,209,109,100
17,294,east garo hills,Urban,All ages,44192,22460,21732,9938,4652,5286,34254,17808,16446
17,294,east garo hills,Urban,0-6,6206,3062,3144,6206,3062,3144,0,0,0
17,294,east garo hills,Urban,7,919,466,453,224,120,104,695,346,349
17,294,east garo hills,Urban,8,981,474,507,116,58,58,865,416,449
17,294,east garo hills,Urban,9,936,492,444,131,71,60,805,421,384
17,294,east garo hills,Urban,10,1104,539,565,108,54,54,996,485,511
17,294,east garo hills,Urban,11,1178,606,572,67,27,40,1111,579,532
17,294,east garo hills,Urban,12,1198,612,586,45,25,20,1153,587,566
17,294,east garo hills,Urban,13,1146,555,591,38,19,19,1108,536,572
17,294,east garo hills,Urban,14,1303,655,648,60,29,31,1243,626,617
17,294,east garo hills,Urban,15,1243,567,676,60,26,34,1183,541,642
17,294,east garo hills,Urban,16,1292,573,719,57,28,29,1235,545,690
17,294,east garo hills,Urban,17,1179,561,618,40,24,16,1139,537,602
17,294,east garo hills,Urban,18,1212,593,619,49,22,27,1163,571,592
17,294,east garo hills,Urban,19,917,448,469,43,19,24,874,429,445
17,294,east garo hills,Urban,20-24,4691,2328,2363,299,137,162,4392,2191,2201
17,294,east garo hills,Urban,25-29,4214,2161,2053,333,147,186,3881,2014,1867
17,294,east garo hills,Urban,30-34,3019,1550,1469,310,122,188,2709,1428,1281
17,294,east garo hills,Urban,35-39,2652,1352,1300,342,127,215,2310,1225,1085
17,294,east garo hills,Urban,40-44,2355,1210,1145,324,127,197,2031,1083,948
17,294,east garo hills,Urban,45-49,2001,1094,907,312,115,197,1689,979,710
17,294,east garo hills,Urban,50-54,1332,719,613,210,80,130,1122,639,483
17,294,east garo hills,Urban,55-59,890,472,418,156,48,108,734,424,310
17,294,east garo hills,Urban,60-64,632,351,281,146,66,80,486,285,201
17,294,east garo hills,Urban,65-69,488,241,247,98,35,63,390,206,184
17,294,east garo hills,Urban,70-74,275,142,133,66,27,39,209,115,94
17,294,east garo hills,Urban,75-79,145,78,67,34,6,28,111,72,39
17,294,east garo hills,Urban,80+,199,105,94,53,26,27,146,79,67
17,294,east garo hills,Urban,Age not stated,485,454,31,11,5,6,474,449,25
17,295,south garo hills,Total,All ages,142334,73170,69164,60272,28167,32105,82062,45003,37059
17,295,south garo hills,Total,0-6,27909,14136,13773,27909,14136,13773,0,0,0
17,295,south garo hills,Total,7,3610,1897,1713,1770,961,809,1840,936,904
17,295,south garo hills,Total,8,3726,1886,1840,1324,690,634,2402,1196,1206
17,295,south garo hills,Total,9,3313,1693,1620,934,496,438,2379,1197,1182
17,295,south garo hills,Total,10,4077,2074,2003,1046,533,513,3031,1541,1490
17,295,south garo hills,Total,11,3653,1878,1775,677,375,302,2976,1503,1473
17,295,south garo hills,Total,12,3922,2010,1912,588,316,272,3334,1694,1640
17,295,south garo hills,Total,13,3436,1745,1691,410,213,197,3026,1532,1494
17,295,south garo hills,Total,14,3476,1739,1737,374,196,178,3102,1543,1559
17,295,south garo hills,Total,15,3418,1741,1677,388,194,194,3030,1547,1483
17,295,south garo hills,Total,16,3410,1753,1657,375,222,153,3035,1531,1504
17,295,south garo hills,Total,17,2794,1479,1315,314,161,153,2480,1318,1162
17,295,south garo hills,Total,18,3222,1661,1561,483,228,255,2739,1433,1306
17,295,south garo hills,Total,19,2593,1232,1361,394,176,218,2199,1056,1143
17,295,south garo hills,Total,20-24,12801,6294,6507,2362,1028,1334,10439,5266,5173
17,295,south garo hills,Total,25-29,11722,5906,5816,2764,1093,1671,8958,4813,4145
17,295,south garo hills,Total,30-34,8690,4493,4197,2433,961,1472,6257,3532,2725
17,295,south garo hills,Total,35-39,8593,4407,4186,2874,1045,1829,5719,3362,2357
17,295,south garo hills,Total,40-44,7089,3800,3289,2676,1019,1657,4413,2781,1632
17,295,south garo hills,Total,45-49,6233,3310,2923,2721,1033,1688,3512,2277,1235
17,295,south garo hills,Total,50-54,4337,2369,1968,2070,865,1205,2267,1504,763
17,295,south garo hills,Total,55-59,2961,1659,1302,1403,564,839,1558,1095,463
17,295,south garo hills,Total,60-64,2665,1421,1244,1388,531,857,1277,890,387
17,295,south garo hills,Total,65-69,1987,1074,913,1058,435,623,929,639,290
17,295,south garo hills,Total,70-74,1207,630,577,734,303,431,473,327,146
17,295,south garo hills,Total,75-79,594,340,254,330,144,186,264,196,68
17,295,south garo hills,Total,80+,744,445,299,429,224,205,315,221,94
17,295,south garo hills,Total,Age not stated,152,98,54,44,25,19,108,73,35
17,295,south garo hills,Rural,All ages,129203,66470,62733,56928,26590,30338,72275,39880,32395
17,295,south garo hills,Rural,0-6,25678,13026,12652,25678,13026,12652,0,0,0
17,295,south garo hills,Rural,7,3326,1746,1580,1706,920,786,1620,826,794
17,295,south garo hills,Rural,8,3424,1739,1685,1284,672,612,2140,1067,1073
17,295,south garo hills,Rural,9,3031,1544,1487,911,481,430,2120,1063,1057
17,295,south garo hills,Rural,10,3702,1896,1806,1021,520,501,2681,1376,1305
17,295,south garo hills,Rural,11,3282,1679,1603,663,366,297,2619,1313,1306
17,295,south garo hills,Rural,12,3540,1831,1709,576,311,265,2964,1520,1444
17,295,south garo hills,Rural,13,3067,1560,1507,399,206,193,2668,1354,1314
17,295,south garo hills,Rural,14,3127,1583,1544,361,190,171,2766,1393,1373
17,295,south garo hills,Rural,15,3081,1588,1493,381,189,192,2700,1399,1301
17,295,south garo hills,Rural,16,3073,1585,1488,357,213,144,2716,1372,1344
17,295,south garo hills,Rural,17,2509,1337,1172,303,155,148,2206,1182,1024
17,295,south garo hills,Rural,18,2940,1515,1425,466,221,245,2474,1294,1180
17,295,south garo hills,Rural,19,2337,1120,1217,378,170,208,1959,950,1009
17,295,south garo hills,Rural,20-24,11531,5659,5872,2276,994,1282,9255,4665,4590
17,295,south garo hills,Rural,25-29,10520,5295,5225,2682,1049,1633,7838,4246,3592
17,295,south garo hills,Rural,30-34,7800,4021,3779,2361,938,1423,5439,3083,2356
17,295,south garo hills,Rural,35-39,7736,3951,3785,2768,997,1771,4968,2954,2014
17,295,south garo hills,Rural,40-44,6375,3403,2972,2586,986,1600,3789,2417,1372
17,295,south garo hills,Rural,45-49,5639,2971,2668,2616,997,1619,3023,1974,1049
17,295,south garo hills,Rural,50-54,3970,2174,1796,1988,835,1153,1982,1339,643
17,295,south garo hills,Rural,55-59,2706,1502,1204,1354,544,810,1352,958,394
17,295,south garo hills,Rural,60-64,2453,1311,1142,1316,510,806,1137,801,336
17,295,south garo hills,Rural,65-69,1850,1012,838,1021,426,595,829,586,243
17,295,south garo hills,Rural,70-74,1126,598,528,704,295,409,422,303,119
17,295,south garo hills,Rural,75-79,552,317,235,320,142,178,232,175,57
17,295,south garo hills,Rural,80+,692,419,273,414,218,196,278,201,77
17,295,south garo hills,Rural,Age not stated,136,88,48,38,19,19,98,69,29
17,295,south garo hills,Urban,All ages,13131,6700,6431,3344,1577,1767,9787,5123,4664
17,295,south garo hills,Urban,0-6,2231,1110,1121,2231,1110,1121,0,0,0
17,295,south garo hills,Urban,7,284,151,133,64,41,23,220,110,110
17,295,south garo hills,Urban,8,302,147,155,40,18,22,262,129,133
17,295,south garo hills,Urban,9,282,149,133,23,15,8,259,134,125
17,295,south garo hills,Urban,10,375,178,197,25,13,12,350,165,185
17,295,south garo hills,Urban,11,371,199,172,14,9,5,357,190,167
17,295,south garo hills,Urban,12,382,179,203,12,5,7,370,174,196
17,295,south garo hills,Urban,13,369,185,184,11,7,4,358,178,180
17,295,south garo hills,Urban,14,349,156,193,13,6,7,336,150,186
17,295,south garo hills,Urban,15,337,153,184,7,5,2,330,148,182
17,295,south garo hills,Urban,16,337,168,169,18,9,9,319,159,160
17,295,south garo hills,Urban,17,285,142,143,11,6,5,274,136,138
17,295,south garo hills,Urban,18,282,146,136,17,7,10,265,139,126
17,295,south garo hills,Urban,19,256,112,144,16,6,10,240,106,134
17,295,south garo hills,Urban,20-24,1270,635,635,86,34,52,1184,601,583
17,295,south garo hills,Urban,25-29,1202,611,591,82,44,38,1120,567,553
17,295,south garo hills,Urban,30-34,890,472,418,72,23,49,818,449,369
17,295,south garo hills,Urban,35-39,857,456,401,106,48,58,751,408,343
17,295,south garo hills,Urban,40-44,714,397,317,90,33,57,624,364,260
17,295,south garo hills,Urban,45-49,594,339,255,105,36,69,489,303,186
17,295,south garo hills,Urban,50-54,367,195,172,82,30,52,285,165,120
17,295,south garo hills,Urban,55-59,255,157,98,49,20,29,206,137,69
17,295,south garo hills,Urban,60-64,212,110,102,72,21,51,140,89,51
17,295,south garo hills,Urban,65-69,137,62,75,37,9,28,100,53,47
17,295,south garo hills,Urban,70-74,81,32,49,30,8,22,51,24,27
17,295,south garo hills,Urban,75-79,42,23,19,10,2,8,32,21,11
17,295,south garo hills,Urban,80+,52,26,26,15,6,9,37,20,17
17,295,south garo hills,Urban,Age not stated,16,10,6,6,6,0,10,4,6
17,296,west khasi hills,Total,All ages,383461,193715,189746,152783,76408,76375,230678,117307,113371
17,296,west khasi hills,Total,0-6,87214,44342,42872,87214,44342,42872,0,0,0
17,296,west khasi hills,Total,7,11463,5803,5660,5311,2721,2590,6152,3082,3070
17,296,west khasi hills,Total,8,10834,5468,5366,3097,1619,1478,7737,3849,3888
17,296,west khasi hills,Total,9,10507,5375,5132,2255,1200,1055,8252,4175,4077
17,296,west khasi hills,Total,10,12123,6250,5873,2326,1269,1057,9797,4981,4816
17,296,west khasi hills,Total,11,10636,5420,5216,1429,735,694,9207,4685,4522
17,296,west khasi hills,Total,12,10536,5286,5250,1055,566,489,9481,4720,4761
17,296,west khasi hills,Total,13,9923,4995,4928,856,474,382,9067,4521,4546
17,296,west khasi hills,Total,14,9812,4930,4882,842,482,360,8970,4448,4522
17,296,west khasi hills,Total,15,9164,4784,4380,813,483,330,8351,4301,4050
17,296,west khasi hills,Total,16,9167,4746,4421,851,520,331,8316,4226,4090
17,296,west khasi hills,Total,17,8092,4187,3905,789,487,302,7303,3700,3603
17,296,west khasi hills,Total,18,8489,4347,4142,997,580,417,7492,3767,3725
17,296,west khasi hills,Total,19,7022,3454,3568,815,416,399,6207,3038,3169
17,296,west khasi hills,Total,20-24,34772,17140,17632,5103,2717,2386,29669,14423,15246
17,296,west khasi hills,Total,25-29,28815,14358,14457,5280,2645,2635,23535,11713,11822
17,296,west khasi hills,Total,30-34,21868,10960,10908,4599,2301,2298,17269,8659,8610
17,296,west khasi hills,Total,35-39,19284,9795,9489,4839,2386,2453,14445,7409,7036
17,296,west khasi hills,Total,40-44,15755,7988,7767,4647,2168,2479,11108,5820,5288
17,296,west khasi hills,Total,45-49,13081,6646,6435,4389,1965,2424,8692,4681,4011
17,296,west khasi hills,Total,50-54,9786,5042,4744,3565,1641,1924,6221,3401,2820
17,296,west khasi hills,Total,55-59,6579,3329,3250,2570,1066,1504,4009,2263,1746
17,296,west khasi hills,Total,60-64,5785,2939,2846,2595,1087,1508,3190,1852,1338
17,296,west khasi hills,Total,65-69,4445,2164,2281,2135,831,1304,2310,1333,977
17,296,west khasi hills,Total,70-74,3048,1461,1587,1704,648,1056,1344,813,531
17,296,west khasi hills,Total,75-79,1699,782,917,1003,383,620,696,399,297
17,296,west khasi hills,Total,80+,2089,922,1167,1253,441,812,836,481,355
17,296,west khasi hills,Total,Age not stated,1473,802,671,451,235,216,1022,567,455
17,296,west khasi hills,Rural,All ages,340356,172380,167976,139783,69887,69896,200573,102493,98080
17,296,west khasi hills,Rural,0-6,78310,39848,38462,78310,39848,38462,0,0,0
17,296,west khasi hills,Rural,7,10167,5137,5030,4830,2460,2370,5337,2677,2660
17,296,west khasi hills,Rural,8,9596,4845,4751,2939,1529,1410,6657,3316,3341
17,296,west khasi hills,Rural,9,9382,4779,4603,2164,1146,1018,7218,3633,3585
17,296,west khasi hills,Rural,10,10778,5543,5235,2236,1220,1016,8542,4323,4219
17,296,west khasi hills,Rural,11,9417,4778,4639,1380,705,675,8037,4073,3964
17,296,west khasi hills,Rural,12,9344,4702,4642,1018,545,473,8326,4157,4169
17,296,west khasi hills,Rural,13,8758,4416,4342,828,458,370,7930,3958,3972
17,296,west khasi hills,Rural,14,8628,4335,4293,806,457,349,7822,3878,3944
17,296,west khasi hills,Rural,15,7985,4197,3788,770,459,311,7215,3738,3477
17,296,west khasi hills,Rural,16,7982,4143,3839,814,493,321,7168,3650,3518
17,296,west khasi hills,Rural,17,7033,3672,3361,742,457,285,6291,3215,3076
17,296,west khasi hills,Rural,18,7432,3808,3624,953,547,406,6479,3261,3218
17,296,west khasi hills,Rural,19,6119,2998,3121,780,398,382,5339,2600,2739
17,296,west khasi hills,Rural,20-24,30565,15098,15467,4839,2559,2280,25726,12539,13187
17,296,west khasi hills,Rural,25-29,25452,12743,12709,4988,2477,2511,20464,10266,10198
17,296,west khasi hills,Rural,30-34,19239,9643,9596,4267,2123,2144,14972,7520,7452
17,296,west khasi hills,Rural,35-39,17102,8783,8319,4517,2226,2291,12585,6557,6028
17,296,west khasi hills,Rural,40-44,13963,7134,6829,4359,2025,2334,9604,5109,4495
17,296,west khasi hills,Rural,45-49,11635,5949,5686,4107,1840,2267,7528,4109,3419
17,296,west khasi hills,Rural,50-54,8724,4519,4205,3313,1528,1785,5411,2991,2420
17,296,west khasi hills,Rural,55-59,5905,2993,2912,2389,1002,1387,3516,1991,1525
17,296,west khasi hills,Rural,60-64,5209,2672,2537,2410,1017,1393,2799,1655,1144
17,296,west khasi hills,Rural,65-69,4083,1989,2094,2001,781,1220,2082,1208,874
17,296,west khasi hills,Rural,70-74,2741,1327,1414,1550,596,954,1191,731,460
17,296,west khasi hills,Rural,75-79,1532,716,816,915,360,555,617,356,261
17,296,west khasi hills,Rural,80+,1882,850,1032,1131,405,726,751,445,306
17,296,west khasi hills,Rural,Age not stated,1393,763,630,427,226,201,966,537,429
17,296,west khasi hills,Urban,All ages,43105,21335,21770,13000,6521,6479,30105,14814,15291
17,296,west khasi hills,Urban,0-6,8904,4494,4410,8904,4494,4410,0,0,0
17,296,west khasi hills,Urban,7,1296,666,630,481,261,220,815,405,410
17,296,west khasi hills,Urban,8,1238,623,615,158,90,68,1080,533,547
17,296,west khasi hills,Urban,9,1125,596,529,91,54,37,1034,542,492
17,296,west khasi hills,Urban,10,1345,707,638,90,49,41,1255,658,597
17,296,west khasi hills,Urban,11,1219,642,577,49,30,19,1170,612,558
17,296,west khasi hills,Urban,12,1192,584,608,37,21,16,1155,563,592
17,296,west khasi hills,Urban,13,1165,579,586,28,16,12,1137,563,574
17,296,west khasi hills,Urban,14,1184,595,589,36,25,11,1148,570,578
17,296,west khasi hills,Urban,15,1179,587,592,43,24,19,1136,563,573
17,296,west khasi hills,Urban,16,1185,603,582,37,27,10,1148,576,572
17,296,west khasi hills,Urban,17,1059,515,544,47,30,17,1012,485,527
17,296,west khasi hills,Urban,18,1057,539,518,44,33,11,1013,506,507
17,296,west khasi hills,Urban,19,903,456,447,35,18,17,868,438,430
17,296,west khasi hills,Urban,20-24,4207,2042,2165,264,158,106,3943,1884,2059
17,296,west khasi hills,Urban,25-29,3363,1615,1748,292,168,124,3071,1447,1624
17,296,west khasi hills,Urban,30-34,2629,1317,1312,332,178,154,2297,1139,1158
17,296,west khasi hills,Urban,35-39,2182,1012,1170,322,160,162,1860,852,1008
17,296,west khasi hills,Urban,40-44,1792,854,938,288,143,145,1504,711,793
17,296,west khasi hills,Urban,45-49,1446,697,749,282,125,157,1164,572,592
17,296,west khasi hills,Urban,50-54,1062,523,539,252,113,139,810,410,400
17,296,west khasi hills,Urban,55-59,674,336,338,181,64,117,493,272,221
17,296,west khasi hills,Urban,60-64,576,267,309,185,70,115,391,197,194
17,296,west khasi hills,Urban,65-69,362,175,187,134,50,84,228,125,103
17,296,west khasi hills,Urban,70-74,307,134,173,154,52,102,153,82,71
17,296,west khasi hills,Urban,75-79,167,66,101,88,23,65,79,43,36
17,296,west khasi hills,Urban,80+,207,72,135,122,36,86,85,36,49
17,296,west khasi hills,Urban,Age not stated,80,39,41,24,9,15,56,30,26
17,297,ribhoi,Total,All ages,258840,132531,126309,102981,51554,51427,155859,80977,74882
17,297,ribhoi,Total,0-6,52862,27074,25788,52862,27074,25788,0,0,0
17,297,ribhoi,Total,7,7201,3660,3541,3226,1696,1530,3975,1964,2011
17,297,ribhoi,Total,8,7210,3677,3533,2007,1067,940,5203,2610,2593
17,297,ribhoi,Total,9,6733,3457,3276,1351,727,624,5382,2730,2652
17,297,ribhoi,Total,10,7990,4050,3940,1301,753,548,6689,3297,3392
17,297,ribhoi,Total,11,7132,3700,3432,823,490,333,6309,3210,3099
17,297,ribhoi,Total,12,7263,3756,3507,651,376,275,6612,3380,3232
17,297,ribhoi,Total,13,6676,3382,3294,573,335,238,6103,3047,3056
17,297,ribhoi,Total,14,6378,3223,3155,555,349,206,5823,2874,2949
17,297,ribhoi,Total,15,6238,3194,3044,587,338,249,5651,2856,2795
17,297,ribhoi,Total,16,6147,3151,2996,616,376,240,5531,2775,2756
17,297,ribhoi,Total,17,5489,2831,2658,609,364,245,4880,2467,2413
17,297,ribhoi,Total,18,5676,2890,2786,687,389,298,4989,2501,2488
17,297,ribhoi,Total,19,4735,2344,2391,599,314,285,4136,2030,2106
17,297,ribhoi,Total,20-24,24142,11840,12302,3861,1971,1890,20281,9869,10412
17,297,ribhoi,Total,25-29,21471,11025,10446,4366,2116,2250,17105,8909,8196
17,297,ribhoi,Total,30-34,16352,8467,7885,3996,1930,2066,12356,6537,5819
17,297,ribhoi,Total,35-39,14909,7588,7321,4561,2077,2484,10348,5511,4837
17,297,ribhoi,Total,40-44,11672,6101,5571,4137,1918,2219,7535,4183,3352
17,297,ribhoi,Total,45-49,10012,5207,4805,3999,1770,2229,6013,3437,2576
17,297,ribhoi,Total,50-54,6969,3759,3210,3066,1415,1651,3903,2344,1559
17,297,ribhoi,Total,55-59,4464,2412,2052,2162,980,1182,2302,1432,870
17,297,ribhoi,Total,60-64,4081,2188,1893,2123,951,1172,1958,1237,721
17,297,ribhoi,Total,65-69,2749,1422,1327,1596,683,913,1153,739,414
17,297,ribhoi,Total,70-74,1862,932,930,1181,491,690,681,441,240
17,297,ribhoi,Total,75-79,955,481,474,610,254,356,345,227,118
17,297,ribhoi,Total,80+,1285,606,679,797,309,488,488,297,191
17,297,ribhoi,Total,Age not stated,187,114,73,79,41,38,108,73,35
17,297,ribhoi,Rural,All ages,233587,118705,114882,95770,48023,47747,137817,70682,67135
17,297,ribhoi,Rural,0-6,48727,24963,23764,48727,24963,23764,0,0,0
17,297,ribhoi,Rural,7,6588,3343,3245,2987,1568,1419,3601,1775,1826
17,297,ribhoi,Rural,8,6663,3408,3255,1891,1006,885,4772,2402,2370
17,297,ribhoi,Rural,9,6154,3158,2996,1288,694,594,4866,2464,2402
17,297,ribhoi,Rural,10,7348,3698,3650,1246,720,526,6102,2978,3124
17,297,ribhoi,Rural,11,6554,3387,3167,797,476,321,5757,2911,2846
17,297,ribhoi,Rural,12,6632,3421,3211,626,360,266,6006,3061,2945
17,297,ribhoi,Rural,13,6097,3088,3009,553,325,228,5544,2763,2781
17,297,ribhoi,Rural,14,5805,2940,2865,532,339,193,5273,2601,2672
17,297,ribhoi,Rural,15,5701,2931,2770,552,322,230,5149,2609,2540
17,297,ribhoi,Rural,16,5560,2877,2683,586,361,225,4974,2516,2458
17,297,ribhoi,Rural,17,4970,2547,2423,584,348,236,4386,2199,2187
17,297,ribhoi,Rural,18,5145,2633,2512,645,368,277,4500,2265,2235
17,297,ribhoi,Rural,19,4255,2122,2133,567,298,269,3688,1824,1864
17,297,ribhoi,Rural,20-24,21431,10436,10995,3682,1889,1793,17749,8547,9202
17,297,ribhoi,Rural,25-29,18535,9206,9329,4118,2008,2110,14417,7198,7219
17,297,ribhoi,Rural,30-34,14168,7053,7115,3787,1832,1955,10381,5221,5160
17,297,ribhoi,Rural,35-39,13225,6582,6643,4267,1938,2329,8958,4644,4314
17,297,ribhoi,Rural,40-44,10419,5344,5075,3890,1806,2084,6529,3538,2991
17,297,ribhoi,Rural,45-49,9000,4643,4357,3709,1647,2062,5291,2996,2295
17,297,ribhoi,Rural,50-54,6352,3462,2890,2831,1321,1510,3521,2141,1380
17,297,ribhoi,Rural,55-59,4049,2187,1862,1984,901,1083,2065,1286,779
17,297,ribhoi,Rural,60-64,3752,2016,1736,1975,884,1091,1777,1132,645
17,297,ribhoi,Rural,65-69,2545,1316,1229,1495,639,856,1050,677,373
17,297,ribhoi,Rural,70-74,1697,855,842,1085,453,632,612,402,210
17,297,ribhoi,Rural,75-79,878,440,438,561,233,328,317,207,110
17,297,ribhoi,Rural,80+,1157,541,616,726,283,443,431,258,173
17,297,ribhoi,Rural,Age not stated,180,108,72,79,41,38,101,67,34
17,297,ribhoi,Urban,All ages,25253,13826,11427,7211,3531,3680,18042,10295,7747
17,297,ribhoi,Urban,0-6,4135,2111,2024,4135,2111,2024,0,0,0
17,297,ribhoi,Urban,7,613,317,296,239,128,111,374,189,185
17,297,ribhoi,Urban,8,547,269,278,116,61,55,431,208,223
17,297,ribhoi,Urban,9,579,299,280,63,33,30,516,266,250
17,297,ribhoi,Urban,10,642,352,290,55,33,22,587,319,268
17,297,ribhoi,Urban,11,578,313,265,26,14,12,552,299,253
17,297,ribhoi,Urban,12,631,335,296,25,16,9,606,319,287
17,297,ribhoi,Urban,13,579,294,285,20,10,10,559,284,275
17,297,ribhoi,Urban,14,573,283,290,23,10,13,550,273,277
17,297,ribhoi,Urban,15,537,263,274,35,16,19,502,247,255
17,297,ribhoi,Urban,16,587,274,313,30,15,15,557,259,298
17,297,ribhoi,Urban,17,519,284,235,25,16,9,494,268,226
17,297,ribhoi,Urban,18,531,257,274,42,21,21,489,236,253
17,297,ribhoi,Urban,19,480,222,258,32,16,16,448,206,242
17,297,ribhoi,Urban,20-24,2711,1404,1307,179,82,97,2532,1322,1210
17,297,ribhoi,Urban,25-29,2936,1819,1117,248,108,140,2688,1711,977
17,297,ribhoi,Urban,30-34,2184,1414,770,209,98,111,1975,1316,659
17,297,ribhoi,Urban,35-39,1684,1006,678,294,139,155,1390,867,523
17,297,ribhoi,Urban,40-44,1253,757,496,247,112,135,1006,645,361
17,297,ribhoi,Urban,45-49,1012,564,448,290,123,167,722,441,281
17,297,ribhoi,Urban,50-54,617,297,320,235,94,141,382,203,179
17,297,ribhoi,Urban,55-59,415,225,190,178,79,99,237,146,91
17,297,ribhoi,Urban,60-64,329,172,157,148,67,81,181,105,76
17,297,ribhoi,Urban,65-69,204,106,98,101,44,57,103,62,41
17,297,ribhoi,Urban,70-74,165,77,88,96,38,58,69,39,30
17,297,ribhoi,Urban,75-79,77,41,36,49,21,28,28,20,8
17,297,ribhoi,Urban,80+,128,65,63,71,26,45,57,39,18
17,297,ribhoi,Urban,Age not stated,7,6,1,0,0,0,7,6,1
17,298,east khasi hills,Total,All ages,825922,410749,415173,247892,123479,124413,578030,287270,290760
17,298,east khasi hills,Total,0-6,139055,70805,68250,139055,70805,68250,0,0,0
17,298,east khasi hills,Total,7,18937,9601,9336,6582,3477,3105,12355,6124,6231
17,298,east khasi hills,Total,8,19165,9717,9448,3375,1820,1555,15790,7897,7893
17,298,east khasi hills,Total,9,18045,9137,8908,2037,1176,861,16008,7961,8047
17,298,east khasi hills,Total,10,20893,10628,10265,2044,1155,889,18849,9473,9376
17,298,east khasi hills,Total,11,19684,10015,9669,1292,755,537,18392,9260,9132
17,298,east khasi hills,Total,12,19719,9959,9760,1161,666,495,18558,9293,9265
17,298,east khasi hills,Total,13,18966,9455,9511,1010,597,413,17956,8858,9098
17,298,east khasi hills,Total,14,19221,9526,9695,1030,649,381,18191,8877,9314
17,298,east khasi hills,Total,15,18857,9393,9464,1103,652,451,17754,8741,9013
17,298,east khasi hills,Total,16,18767,9298,9469,1113,639,474,17654,8659,8995
17,298,east khasi hills,Total,17,17116,8592,8524,1120,670,450,15996,7922,8074
17,298,east khasi hills,Total,18,18688,9479,9209,1359,799,560,17329,8680,8649
17,298,east khasi hills,Total,19,16758,8593,8165,1338,744,594,15420,7849,7571
17,298,east khasi hills,Total,20-24,86204,42763,43441,8067,4390,3677,78137,38373,39764
17,298,east khasi hills,Total,25-29,75886,37573,38313,9364,4974,4390,66522,32599,33923
17,298,east khasi hills,Total,30-34,59711,29788,29923,8643,4571,4072,51068,25217,25851
17,298,east khasi hills,Total,35-39,53648,26455,27193,9896,4942,4954,43752,21513,22239
17,298,east khasi hills,Total,40-44,43322,21652,21670,8981,4360,4621,34341,17292,17049
17,298,east khasi hills,Total,45-49,35747,18026,17721,8779,4045,4734,26968,13981,12987
17,298,east khasi hills,Total,50-54,26567,13104,13463,7152,3155,3997,19415,9949,9466
17,298,east khasi hills,Total,55-59,17928,8749,9179,5084,2084,3000,12844,6665,6179
17,298,east khasi hills,Total,60-64,14889,6961,7928,5384,2191,3193,9505,4770,4735
17,298,east khasi hills,Total,65-69,10012,4320,5692,4196,1485,2711,5816,2835,2981
17,298,east khasi hills,Total,70-74,7415,3087,4328,3573,1234,2339,3842,1853,1989
17,298,east khasi hills,Total,75-79,4339,1623,2716,2151,614,1537,2188,1009,1179
17,298,east khasi hills,Total,80+,5426,1928,3498,2703,674,2029,2723,1254,1469
17,298,east khasi hills,Total,Age not stated,957,522,435,300,156,144,657,366,291
17,298,east khasi hills,Rural,All ages,459441,228409,231032,176433,90164,86269,283008,138245,144763
17,298,east khasi hills,Rural,0-6,95328,48233,47095,95328,48233,47095,0,0,0
17,298,east khasi hills,Rural,7,12518,6326,6192,5304,2793,2511,7214,3533,3681
17,298,east khasi hills,Rural,8,12830,6489,6341,2955,1586,1369,9875,4903,4972
17,298,east khasi hills,Rural,9,11556,5795,5761,1691,974,717,9865,4821,5044
17,298,east khasi hills,Rural,10,13320,6766,6554,1683,968,715,11637,5798,5839
17,298,east khasi hills,Rural,11,12266,6245,6021,1080,648,432,11186,5597,5589
17,298,east khasi hills,Rural,12,12222,6175,6047,972,574,398,11250,5601,5649
17,298,east khasi hills,Rural,13,11549,5674,5875,821,493,328,10728,5181,5547
17,298,east khasi hills,Rural,14,11308,5654,5654,812,540,272,10496,5114,5382
17,298,east khasi hills,Rural,15,10800,5475,5325,845,528,317,9955,4947,5008
17,298,east khasi hills,Rural,16,10132,5051,5081,854,528,326,9278,4523,4755
17,298,east khasi hills,Rural,17,8985,4622,4363,854,549,305,8131,4073,4058
17,298,east khasi hills,Rural,18,9473,4799,4674,1029,656,373,8444,4143,4301
17,298,east khasi hills,Rural,19,8199,4065,4134,1002,584,418,7197,3481,3716
17,298,east khasi hills,Rural,20-24,43231,21040,22191,5995,3458,2537,37236,17582,19654
17,298,east khasi hills,Rural,25-29,38019,18960,19059,6902,3937,2965,31117,15023,16094
17,298,east khasi hills,Rural,30-34,28998,14474,14524,6278,3587,2691,22720,10887,11833
17,298,east khasi hills,Rural,35-39,26360,13262,13098,7100,3851,3249,19260,9411,9849
17,298,east khasi hills,Rural,40-44,21020,10509,10511,6480,3385,3095,14540,7124,7416
17,298,east khasi hills,Rural,45-49,17430,8779,8651,6392,3186,3206,11038,5593,5445
17,298,east khasi hills,Rural,50-54,12538,6176,6362,5106,2449,2657,7432,3727,3705
17,298,east khasi hills,Rural,55-59,8382,4007,4375,3676,1644,2032,4706,2363,2343
17,298,east khasi hills,Rural,60-64,7621,3525,4096,3980,1734,2246,3641,1791,1850
17,298,east khasi hills,Rural,65-69,5464,2327,3137,3098,1180,1918,2366,1147,1219
17,298,east khasi hills,Rural,70-74,4116,1748,2368,2623,1000,1623,1493,748,745
17,298,east khasi hills,Rural,75-79,2237,828,1409,1488,454,1034,749,374,375
17,298,east khasi hills,Rural,80+,2856,1019,1837,1856,518,1338,1000,501,499
17,298,east khasi hills,Rural,Age not stated,683,386,297,229,127,102,454,259,195
17,298,east khasi hills,Urban,All ages,366481,182340,184141,71459,33315,38144,295022,149025,145997
17,298,east khasi hills,Urban,0-6,43727,22572,21155,43727,22572,21155,0,0,0
17,298,east khasi hills,Urban,7,6419,3275,3144,1278,684,594,5141,2591,2550
17,298,east khasi hills,Urban,8,6335,3228,3107,420,234,186,5915,2994,2921
17,298,east khasi hills,Urban,9,6489,3342,3147,346,202,144,6143,3140,3003
17,298,east khasi hills,Urban,10,7573,3862,3711,361,187,174,7212,3675,3537
17,298,east khasi hills,Urban,11,7418,3770,3648,212,107,105,7206,3663,3543
17,298,east khasi hills,Urban,12,7497,3784,3713,189,92,97,7308,3692,3616
17,298,east khasi hills,Urban,13,7417,3781,3636,189,104,85,7228,3677,3551
17,298,east khasi hills,Urban,14,7913,3872,4041,218,109,109,7695,3763,3932
17,298,east khasi hills,Urban,15,8057,3918,4139,258,124,134,7799,3794,4005
17,298,east khasi hills,Urban,16,8635,4247,4388,259,111,148,8376,4136,4240
17,298,east khasi hills,Urban,17,8131,3970,4161,266,121,145,7865,3849,4016
17,298,east khasi hills,Urban,18,9215,4680,4535,330,143,187,8885,4537,4348
17,298,east khasi hills,Urban,19,8559,4528,4031,336,160,176,8223,4368,3855
17,298,east khasi hills,Urban,20-24,42973,21723,21250,2072,932,1140,40901,20791,20110
17,298,east khasi hills,Urban,25-29,37867,18613,19254,2462,1037,1425,35405,17576,17829
17,298,east khasi hills,Urban,30-34,30713,15314,15399,2365,984,1381,28348,14330,14018
17,298,east khasi hills,Urban,35-39,27288,13193,14095,2796,1091,1705,24492,12102,12390
17,298,east khasi hills,Urban,40-44,22302,11143,11159,2501,975,1526,19801,10168,9633
17,298,east khasi hills,Urban,45-49,18317,9247,9070,2387,859,1528,15930,8388,7542
17,298,east khasi hills,Urban,50-54,14029,6928,7101,2046,706,1340,11983,6222,5761
17,298,east khasi hills,Urban,55-59,9546,4742,4804,1408,440,968,8138,4302,3836
17,298,east khasi hills,Urban,60-64,7268,3436,3832,1404,457,947,5864,2979,2885
17,298,east khasi hills,Urban,65-69,4548,1993,2555,1098,305,793,3450,1688,1762
17,298,east khasi hills,Urban,70-74,3299,1339,1960,950,234,716,2349,1105,1244
17,298,east khasi hills,Urban,75-79,2102,795,1307,663,160,503,1439,635,804
17,298,east khasi hills,Urban,80+,2570,909,1661,847,156,691,1723,753,970
17,298,east khasi hills,Urban,Age not stated,274,136,138,71,29,42,203,107,96
17,299,jaintia hills,Total,All ages,395124,196285,198839,207597,108914,98683,187527,87371,100156
17,299,jaintia hills,Total,0-6,90911,46011,44900,90911,46011,44900,0,0,0
17,299,jaintia hills,Total,7,11861,5962,5899,5845,3126,2719,6016,2836,3180
17,299,jaintia hills,Total,8,11552,5692,5860,3842,2103,1739,7710,3589,4121
17,299,jaintia hills,Total,9,10624,5402,5222,2823,1640,1183,7801,3762,4039
17,299,jaintia hills,Total,10,11982,5998,5984,2836,1644,1192,9146,4354,4792
17,299,jaintia hills,Total,11,10851,5372,5479,2163,1304,859,8688,4068,4620
17,299,jaintia hills,Total,12,10978,5501,5477,2131,1322,809,8847,4179,4668
17,299,jaintia hills,Total,13,10169,5004,5165,1955,1237,718,8214,3767,4447
17,299,jaintia hills,Total,14,9931,4893,5038,1960,1208,752,7971,3685,4286
17,299,jaintia hills,Total,15,9615,4827,4788,2139,1412,727,7476,3415,4061
17,299,jaintia hills,Total,16,9276,4657,4619,2151,1363,788,7125,3294,3831
17,299,jaintia hills,Total,17,8664,4293,4371,2282,1402,880,6382,2891,3491
17,299,jaintia hills,Total,18,8661,4359,4302,2562,1521,1041,6099,2838,3261
17,299,jaintia hills,Total,19,7544,3655,3889,2383,1335,1048,5161,2320,2841
17,299,jaintia hills,Total,20-24,37214,18059,19155,13394,7497,5897,23820,10562,13258
17,299,jaintia hills,Total,25-29,31264,15666,15598,12885,7372,5513,18379,8294,10085
17,299,jaintia hills,Total,30-34,22735,11510,11225,9994,5623,4371,12741,5887,6854
17,299,jaintia hills,Total,35-39,20559,10424,10135,10115,5545,4570,10444,4879,5565
17,299,jaintia hills,Total,40-44,16299,8230,8069,8215,4350,3865,8084,3880,4204
17,299,jaintia hills,Total,45-49,13341,6610,6731,7301,3579,3722,6040,3031,3009
17,299,jaintia hills,Total,50-54,9271,4563,4708,5443,2637,2806,3828,1926,1902
17,299,jaintia hills,Total,55-59,6213,2924,3289,3768,1640,2128,2445,1284,1161
17,299,jaintia hills,Total,60-64,5484,2435,3049,3412,1388,2024,2072,1047,1025
17,299,jaintia hills,Total,65-69,3457,1508,1949,2349,926,1423,1108,582,526
17,299,jaintia hills,Total,70-74,2693,1120,1573,1959,727,1232,734,393,341
17,299,jaintia hills,Total,75-79,1422,525,897,1024,314,710,398,211,187
17,299,jaintia hills,Total,80+,1822,681,1141,1348,455,893,474,226,248
17,299,jaintia hills,Total,Age not stated,731,404,327,407,233,174,324,171,153
17,299,jaintia hills,Rural,All ages,366694,182610,184084,201554,105999,95555,165140,76611,88529
17,299,jaintia hills,Rural,0-6,87054,44053,43001,87054,44053,43001,0,0,0
17,299,jaintia hills,Rural,7,11293,5693,5600,5741,3078,2663,5552,2615,2937
17,299,jaintia hills,Rural,8,10936,5390,5546,3797,2075,1722,7139,3315,3824
17,299,jaintia hills,Rural,9,10074,5116,4958,2790,1620,1170,7284,3496,3788
17,299,jaintia hills,Rural,10,11270,5624,5646,2807,1630,1177,8463,3994,4469
17,299,jaintia hills,Rural,11,10162,5034,5128,2138,1291,847,8024,3743,4281
17,299,jaintia hills,Rural,12,10275,5147,5128,2116,1315,801,8159,3832,4327
17,299,jaintia hills,Rural,13,9387,4619,4768,1925,1223,702,7462,3396,4066
17,299,jaintia hills,Rural,14,9135,4497,4638,1936,1194,742,7199,3303,3896
17,299,jaintia hills,Rural,15,8808,4442,4366,2118,1405,713,6690,3037,3653
17,299,jaintia hills,Rural,16,8426,4251,4175,2127,1348,779,6299,2903,3396
17,299,jaintia hills,Rural,17,7876,3924,3952,2249,1384,865,5627,2540,3087
17,299,jaintia hills,Rural,18,7865,3947,3918,2534,1508,1026,5331,2439,2892
17,299,jaintia hills,Rural,19,6860,3313,3547,2350,1313,1037,4510,2000,2510
17,299,jaintia hills,Rural,20-24,34067,16526,17541,13246,7407,5839,20821,9119,11702
17,299,jaintia hills,Rural,25-29,28585,14327,14258,12678,7256,5422,15907,7071,8836
17,299,jaintia hills,Rural,30-34,20652,10515,10137,9799,5534,4265,10853,4981,5872
17,299,jaintia hills,Rural,35-39,18756,9578,9178,9929,5461,4468,8827,4117,4710
17,299,jaintia hills,Rural,40-44,14828,7558,7270,8002,4249,3753,6826,3309,3517
17,299,jaintia hills,Rural,45-49,12118,6034,6084,7119,3498,3621,4999,2536,2463
17,299,jaintia hills,Rural,50-54,8350,4155,4195,5305,2578,2727,3045,1577,1468
17,299,jaintia hills,Rural,55-59,5586,2639,2947,3656,1604,2052,1930,1035,895
17,299,jaintia hills,Rural,60-64,5016,2243,2773,3327,1366,1961,1689,877,812
17,299,jaintia hills,Rural,65-69,3185,1409,1776,2269,908,1361,916,501,415
17,299,jaintia hills,Rural,70-74,2482,1058,1424,1890,718,1172,592,340,252
17,299,jaintia hills,Rural,75-79,1276,480,796,970,308,662,306,172,134
17,299,jaintia hills,Rural,80+,1659,645,1014,1279,445,834,380,200,180
17,299,jaintia hills,Rural,Age not stated,713,393,320,403,230,173,310,163,147
17,299,jaintia hills,Urban,All ages,28430,13675,14755,6043,2915,3128,22387,10760,11627
17,299,jaintia hills,Urban,0-6,3857,1958,1899,3857,1958,1899,0,0,0
17,299,jaintia hills,Urban,7,568,269,299,104,48,56,464,221,243
17,299,jaintia hills,Urban,8,616,302,314,45,28,17,571,274,297
17,299,jaintia hills,Urban,9,550,286,264,33,20,13,517,266,251
17,299,jaintia hills,Urban,10,712,374,338,29,14,15,683,360,323
17,299,jaintia hills,Urban,11,689,338,351,25,13,12,664,325,339
17,299,jaintia hills,Urban,12,703,354,349,15,7,8,688,347,341
17,299,jaintia hills,Urban,13,782,385,397,30,14,16,752,371,381
17,299,jaintia hills,Urban,14,796,396,400,24,14,10,772,382,390
17,299,jaintia hills,Urban,15,807,385,422,21,7,14,786,378,408
17,299,jaintia hills,Urban,16,850,406,444,24,15,9,826,391,435
17,299,jaintia hills,Urban,17,788,369,419,33,18,15,755,351,404
17,299,jaintia hills,Urban,18,796,412,384,28,13,15,768,399,369
17,299,jaintia hills,Urban,19,684,342,342,33,22,11,651,320,331
17,299,jaintia hills,Urban,20-24,3147,1533,1614,148,90,58,2999,1443,1556
17,299,jaintia hills,Urban,25-29,2679,1339,1340,207,116,91,2472,1223,1249
17,299,jaintia hills,Urban,30-34,2083,995,1088,195,89,106,1888,906,982
17,299,jaintia hills,Urban,35-39,1803,846,957,186,84,102,1617,762,855
17,299,jaintia hills,Urban,40-44,1471,672,799,213,101,112,1258,571,687
17,299,jaintia hills,Urban,45-49,1223,576,647,182,81,101,1041,495,546
17,299,jaintia hills,Urban,50-54,921,408,513,138,59,79,783,349,434
17,299,jaintia hills,Urban,55-59,627,285,342,112,36,76,515,249,266
17,299,jaintia hills,Urban,60-64,468,192,276,85,22,63,383,170,213
17,299,jaintia hills,Urban,65-69,272,99,173,80,18,62,192,81,111
17,299,jaintia hills,Urban,70-74,211,62,149,69,9,60,142,53,89
17,299,jaintia hills,Urban,75-79,146,45,101,54,6,48,92,39,53
17,299,jaintia hills,Urban,80+,163,36,127,69,10,59,94,26,68
17,299,jaintia hills,Urban,Age not stated,18,11,7,4,3,1,14,8,6
12,245,tawang,Total,All ages,49977,29151,20826,23904,11431,12473,26073,17720,8353
12,245,tawang,Total,0-6,5788,2914,2874,5788,2914,2874,0,0,0
12,245,tawang,Total,7,889,432,457,400,196,204,489,236,253
12,245,tawang,Total,8,1013,521,492,284,148,136,729,373,356
12,245,tawang,Total,9,942,455,487,222,107,115,720,348,372
12,245,tawang,Total,10,1123,540,583,255,124,131,868,416,452
12,245,tawang,Total,11,912,442,470,175,80,95,737,362,375
12,245,tawang,Total,12,1053,492,561,159,65,94,894,427,467
12,245,tawang,Total,13,1013,467,546,168,64,104,845,403,442
12,245,tawang,Total,14,944,449,495,127,54,73,817,395,422
12,245,tawang,Total,15,965,459,506,178,88,90,787,371,416
12,245,tawang,Total,16,905,436,469,174,84,90,731,352,379
12,245,tawang,Total,17,818,410,408,190,97,93,628,313,315
12,245,tawang,Total,18,1120,634,486,344,185,159,776,449,327
12,245,tawang,Total,19,1062,586,476,388,200,188,674,386,288
12,245,tawang,Total,20-24,5865,3769,2096,2180,1137,1043,3685,2632,1053
12,245,tawang,Total,25-29,6297,4328,1969,2223,1126,1097,4074,3202,872
12,245,tawang,Total,30-34,4757,3274,1483,1729,827,902,3028,2447,581
12,245,tawang,Total,35-39,3864,2507,1357,1703,751,952,2161,1756,405
12,245,tawang,Total,40-44,2988,1856,1132,1551,695,856,1437,1161,276
12,245,tawang,Total,45-49,2240,1398,842,1280,578,702,960,820,140
12,245,tawang,Total,50-54,1595,915,680,1148,526,622,447,389,58
12,245,tawang,Total,55-59,972,546,426,760,354,406,212,192,20
12,245,tawang,Total,60-64,983,460,523,836,343,493,147,117,30
12,245,tawang,Total,65-69,624,283,341,557,236,321,67,47,20
12,245,tawang,Total,70-74,448,192,256,399,153,246,49,39,10
12,245,tawang,Total,75-79,299,140,159,276,121,155,23,19,4
12,245,tawang,Total,80+,478,233,245,408,178,230,70,55,15
12,245,tawang,Total,Age not stated,20,13,7,2,0,2,18,13,5
12,245,tawang,Rural,All ages,38775,20792,17983,22256,10757,11499,16519,10035,6484
12,245,tawang,Rural,0-6,5099,2568,2531,5099,2568,2531,0,0,0
12,245,tawang,Rural,7,794,391,403,375,186,189,419,205,214
12,245,tawang,Rural,8,896,467,429,275,144,131,621,323,298
12,245,tawang,Rural,9,835,413,422,214,105,109,621,308,313
12,245,tawang,Rural,10,1000,482,518,243,116,127,757,366,391
12,245,tawang,Rural,11,796,390,406,170,77,93,626,313,313
12,245,tawang,Rural,12,925,430,495,154,63,91,771,367,404
12,245,tawang,Rural,13,896,418,478,160,62,98,736,356,380
12,245,tawang,Rural,14,810,400,410,118,51,67,692,349,343
12,245,tawang,Rural,15,837,411,426,171,86,85,666,325,341
12,245,tawang,Rural,16,757,374,383,166,81,85,591,293,298
12,245,tawang,Rural,17,698,358,340,183,96,87,515,262,253
12,245,tawang,Rural,18,980,562,418,330,181,149,650,381,269
12,245,tawang,Rural,19,953,531,422,381,197,184,572,334,238
12,245,tawang,Rural,20-24,4455,2660,1795,2079,1102,977,2376,1558,818
12,245,tawang,Rural,25-29,4015,2355,1660,2116,1080,1036,1899,1275,624
12,245,tawang,Rural,30-34,2826,1617,1209,1636,804,832,1190,813,377
12,245,tawang,Rural,35-39,2555,1456,1099,1572,717,855,983,739,244
12,245,tawang,Rural,40-44,2116,1155,961,1459,658,801,657,497,160
12,245,tawang,Rural,45-49,1679,956,723,1185,546,639,494,410,84
12,245,tawang,Rural,50-54,1379,752,627,1101,513,588,278,239,39
12,245,tawang,Rural,55-59,860,464,396,721,339,382,139,125,14
12,245,tawang,Rural,60-64,903,417,486,790,328,462,113,89,24
12,245,tawang,Rural,65-69,584,257,327,533,223,310,51,34,17
12,245,tawang,Rural,70-74,423,182,241,380,149,231,43,33,10
12,245,tawang,Rural,75-79,279,131,148,261,116,145,18,15,3
12,245,tawang,Rural,80+,417,193,224,382,169,213,35,24,11
12,245,tawang,Rural,Age not stated,8,2,6,2,0,2,6,2,4
12,245,tawang,Urban,All ages,11202,8359,2843,1648,674,974,9554,7685,1869
12,245,tawang,Urban,0-6,689,346,343,689,346,343,0,0,0
12,245,tawang,Urban,7,95,41,54,25,10,15,70,31,39
12,245,tawang,Urban,8,117,54,63,9,4,5,108,50,58
12,245,tawang,Urban,9,107,42,65,8,2,6,99,40,59
12,245,tawang,Urban,10,123,58,65,12,8,4,111,50,61
12,245,tawang,Urban,11,116,52,64,5,3,2,111,49,62
12,245,tawang,Urban,12,128,62,66,5,2,3,123,60,63
12,245,tawang,Urban,13,117,49,68,8,2,6,109,47,62
12,245,tawang,Urban,14,134,49,85,9,3,6,125,46,79
12,245,tawang,Urban,15,128,48,80,7,2,5,121,46,75
12,245,tawang,Urban,16,148,62,86,8,3,5,140,59,81
12,245,tawang,Urban,17,120,52,68,7,1,6,113,51,62
12,245,tawang,Urban,18,140,72,68,14,4,10,126,68,58
12,245,tawang,Urban,19,109,55,54,7,3,4,102,52,50
12,245,tawang,Urban,20-24,1410,1109,301,101,35,66,1309,1074,235
12,245,tawang,Urban,25-29,2282,1973,309,107,46,61,2175,1927,248
12,245,tawang,Urban,30-34,1931,1657,274,93,23,70,1838,1634,204
12,245,tawang,Urban,35-39,1309,1051,258,131,34,97,1178,1017,161
12,245,tawang,Urban,40-44,872,701,171,92,37,55,780,664,116
12,245,tawang,Urban,45-49,561,442,119,95,32,63,466,410,56
12,245,tawang,Urban,50-54,216,163,53,47,13,34,169,150,19
12,245,tawang,Urban,55-59,112,82,30,39,15,24,73,67,6
12,245,tawang,Urban,60-64,80,43,37,46,15,31,34,28,6
12,245,tawang,Urban,65-69,40,26,14,24,13,11,16,13,3
12,245,tawang,Urban,70-74,25,10,15,19,4,15,6,6,0
12,245,tawang,Urban,75-79,20,9,11,15,5,10,5,4,1
12,245,tawang,Urban,80+,61,40,21,26,9,17,35,31,4
12,245,tawang,Urban,Age not stated,12,11,1,0,0,0,12,11,1
12,246,west kameng,Total,All ages,83947,46155,37792,35455,16589,18866,48492,29566,18926
12,246,west kameng,Total,0-6,11643,5900,5743,11643,5900,5743,0,0,0
12,246,west kameng,Total,7,1789,883,906,761,377,384,1028,506,522
12,246,west kameng,Total,8,1842,919,923,590,278,312,1252,641,611
12,246,west kameng,Total,9,1706,867,839,391,190,201,1315,677,638
12,246,west kameng,Total,10,2032,1022,1010,461,228,233,1571,794,777
12,246,west kameng,Total,11,1718,881,837,303,146,157,1415,735,680
12,246,west kameng,Total,12,1985,967,1018,307,146,161,1678,821,857
12,246,west kameng,Total,13,1774,890,884,232,111,121,1542,779,763
12,246,west kameng,Total,14,1788,871,917,239,97,142,1549,774,775
12,246,west kameng,Total,15,1763,906,857,264,129,135,1499,777,722
12,246,west kameng,Total,16,1695,817,878,267,128,139,1428,689,739
12,246,west kameng,Total,17,1460,716,744,252,104,148,1208,612,596
12,246,west kameng,Total,18,1882,966,916,371,166,205,1511,800,711
12,246,west kameng,Total,19,1529,752,777,329,142,187,1200,610,590
12,246,west kameng,Total,20-24,9049,4905,4144,2122,945,1177,6927,3960,2967
12,246,west kameng,Total,25-29,9371,5527,3844,2630,1222,1408,6741,4305,2436
12,246,west kameng,Total,30-34,6998,4107,2891,2261,965,1296,4737,3142,1595
12,246,west kameng,Total,35-39,6284,3630,2654,2308,931,1377,3976,2699,1277
12,246,west kameng,Total,40-44,4923,3006,1917,1986,795,1191,2937,2211,726
12,246,west kameng,Total,45-49,4157,2505,1652,1931,757,1174,2226,1748,478
12,246,west kameng,Total,50-54,2837,1781,1056,1514,685,829,1323,1096,227
12,246,west kameng,Total,55-59,1946,1213,733,1219,586,633,727,627,100
12,246,west kameng,Total,60-64,1464,844,620,1183,604,579,281,240,41
12,246,west kameng,Total,65-69,878,454,424,720,336,384,158,118,40
12,246,west kameng,Total,70-74,602,339,263,521,271,250,81,68,13
12,246,west kameng,Total,75-79,331,189,142,294,158,136,37,31,6
12,246,west kameng,Total,80+,435,256,179,338,181,157,97,75,22
12,246,west kameng,Total,Age not stated,66,42,24,18,11,7,48,31,17
12,246,west kameng,Rural,All ages,68015,37809,30206,30552,14456,16096,37463,23353,14110
12,246,west kameng,Rural,0-6,9812,4988,4824,9812,4988,4824,0,0,0
12,246,west kameng,Rural,7,1495,744,751,641,313,328,854,431,423
12,246,west kameng,Rural,8,1480,725,755,489,234,255,991,491,500
12,246,west kameng,Rural,9,1400,699,701,326,159,167,1074,540,534
12,246,west kameng,Rural,10,1655,818,837,389,192,197,1266,626,640
12,246,west kameng,Rural,11,1372,691,681,251,117,134,1121,574,547
12,246,west kameng,Rural,12,1605,765,840,266,130,136,1339,635,704
12,246,west kameng,Rural,13,1400,702,698,199,102,97,1201,600,601
12,246,west kameng,Rural,14,1400,674,726,193,75,118,1207,599,608
12,246,west kameng,Rural,15,1356,695,661,213,111,102,1143,584,559
12,246,west kameng,Rural,16,1292,623,669,220,107,113,1072,516,556
12,246,west kameng,Rural,17,1080,530,550,215,93,122,865,437,428
12,246,west kameng,Rural,18,1448,755,693,314,144,170,1134,611,523
12,246,west kameng,Rural,19,1173,561,612,292,127,165,881,434,447
12,246,west kameng,Rural,20-24,7283,4051,3232,1914,861,1053,5369,3190,2179
12,246,west kameng,Rural,25-29,7757,4772,2985,2344,1129,1215,5413,3643,1770
12,246,west kameng,Rural,30-34,5736,3461,2275,2004,881,1123,3732,2580,1152
12,246,west kameng,Rural,35-39,4955,2943,2012,1987,811,1176,2968,2132,836
12,246,west kameng,Rural,40-44,3915,2432,1483,1712,705,1007,2203,1727,476
12,246,west kameng,Rural,45-49,3320,1992,1328,1681,667,1014,1639,1325,314
12,246,west kameng,Rural,50-54,2233,1396,837,1305,608,697,928,788,140
12,246,west kameng,Rural,55-59,1594,963,631,1072,511,561,522,452,70
12,246,west kameng,Rural,60-64,1254,718,536,1038,534,504,216,184,32
12,246,west kameng,Rural,65-69,777,400,377,653,306,347,124,94,30
12,246,west kameng,Rural,70-74,523,295,228,461,243,218,62,52,10
12,246,west kameng,Rural,75-79,279,158,121,253,136,117,26,22,4
12,246,west kameng,Rural,80+,379,233,146,293,163,130,86,70,16
12,246,west kameng,Rural,Age not stated,42,25,17,15,9,6,27,16,11
12,246,west kameng,Urban,All ages,15932,8346,7586,4903,2133,2770,11029,6213,4816
12,246,west kameng,Urban,0-6,1831,912,919,1831,912,919,0,0,0
12,246,west kameng,Urban,7,294,139,155,120,64,56,174,75,99
12,246,west kameng,Urban,8,362,194,168,101,44,57,261,150,111
12,246,west kameng,Urban,9,306,168,138,65,31,34,241,137,104
12,246,west kameng,Urban,10,377,204,173,72,36,36,305,168,137
12,246,west kameng,Urban,11,346,190,156,52,29,23,294,161,133
12,246,west kameng,Urban,12,380,202,178,41,16,25,339,186,153
12,246,west kameng,Urban,13,374,188,186,33,9,24,341,179,162
12,246,west kameng,Urban,14,388,197,191,46,22,24,342,175,167
12,246,west kameng,Urban,15,407,211,196,51,18,33,356,193,163
12,246,west kameng,Urban,16,403,194,209,47,21,26,356,173,183
12,246,west kameng,Urban,17,380,186,194,37,11,26,343,175,168
12,246,west kameng,Urban,18,434,211,223,57,22,35,377,189,188
12,246,west kameng,Urban,19,356,191,165,37,15,22,319,176,143
12,246,west kameng,Urban,20-24,1766,854,912,208,84,124,1558,770,788
12,246,west kameng,Urban,25-29,1614,755,859,286,93,193,1328,662,666
12,246,west kameng,Urban,30-34,1262,646,616,257,84,173,1005,562,443
12,246,west kameng,Urban,35-39,1329,687,642,321,120,201,1008,567,441
12,246,west kameng,Urban,40-44,1008,574,434,274,90,184,734,484,250
12,246,west kameng,Urban,45-49,837,513,324,250,90,160,587,423,164
12,246,west kameng,Urban,50-54,604,385,219,209,77,132,395,308,87
12,246,west kameng,Urban,55-59,352,250,102,147,75,72,205,175,30
12,246,west kameng,Urban,60-64,210,126,84,145,70,75,65,56,9
12,246,west kameng,Urban,65-69,101,54,47,67,30,37,34,24,10
12,246,west kameng,Urban,70-74,79,44,35,60,28,32,19,16,3
12,246,west kameng,Urban,75-79,52,31,21,41,22,19,11,9,2
12,246,west kameng,Urban,80+,56,23,33,45,18,27,11,5,6
12,246,west kameng,Urban,Age not stated,24,17,7,3,2,1,21,15,6
12,247,east kameng,Total,All ages,78690,38775,39915,40241,17176,23065,38449,21599,16850
12,247,east kameng,Total,0-6,14626,7311,7315,14626,7311,7315,0,0,0
12,247,east kameng,Total,7,2495,1277,1218,1010,501,509,1485,776,709
12,247,east kameng,Total,8,2574,1279,1295,636,280,356,1938,999,939
12,247,east kameng,Total,9,2233,1048,1185,469,197,272,1764,851,913
12,247,east kameng,Total,10,2696,1338,1358,522,243,279,2174,1095,1079
12,247,east kameng,Total,11,2235,1095,1140,320,151,169,1915,944,971
12,247,east kameng,Total,12,2550,1270,1280,309,143,166,2241,1127,1114
12,247,east kameng,Total,13,2056,1022,1034,198,94,104,1858,928,930
12,247,east kameng,Total,14,2086,1022,1064,202,73,129,1884,949,935
12,247,east kameng,Total,15,2127,1075,1052,271,126,145,1856,949,907
12,247,east kameng,Total,16,1796,917,879,189,73,116,1607,844,763
12,247,east kameng,Total,17,1519,805,714,197,85,112,1322,720,602
12,247,east kameng,Total,18,1846,925,921,289,110,179,1557,815,742
12,247,east kameng,Total,19,1249,580,669,223,66,157,1026,514,512
12,247,east kameng,Total,20-24,5897,2756,3141,1607,505,1102,4290,2251,2039
12,247,east kameng,Total,25-29,5767,2650,3117,2262,571,1691,3505,2079,1426
12,247,east kameng,Total,30-34,5148,2517,2631,2419,722,1697,2729,1795,934
12,247,east kameng,Total,35-39,5083,2366,2717,2993,907,2086,2090,1459,631
12,247,east kameng,Total,40-44,4246,2138,2108,2903,1128,1775,1343,1010,333
12,247,east kameng,Total,45-49,3445,1745,1700,2535,1020,1515,910,725,185
12,247,east kameng,Total,50-54,2618,1404,1214,2148,1010,1138,470,394,76
12,247,east kameng,Total,55-59,1646,875,771,1446,699,747,200,176,24
12,247,east kameng,Total,60-64,1309,660,649,1197,575,622,112,85,27
12,247,east kameng,Total,65-69,612,291,321,555,247,308,57,44,13
12,247,east kameng,Total,70-74,394,187,207,371,174,197,23,13,10
12,247,east kameng,Total,75-79,132,72,60,126,68,58,6,4,2
12,247,east kameng,Total,80+,249,116,133,186,81,105,63,35,28
12,247,east kameng,Total,Age not stated,56,34,22,32,16,16,24,18,6
12,247,east kameng,Rural,All ages,60340,29506,30834,33426,14403,19023,26914,15103,11811
12,247,east kameng,Rural,0-6,11238,5604,5634,11238,5604,5634,0,0,0
12,247,east kameng,Rural,7,1924,991,933,821,410,411,1103,581,522
12,247,east kameng,Rural,8,2009,999,1010,549,246,303,1460,753,707
12,247,east kameng,Rural,9,1783,834,949,414,175,239,1369,659,710
12,247,east kameng,Rural,10,2102,1036,1066,450,214,236,1652,822,830
12,247,east kameng,Rural,11,1691,832,859,281,140,141,1410,692,718
12,247,east kameng,Rural,12,1935,941,994,269,129,140,1666,812,854
12,247,east kameng,Rural,13,1475,738,737,167,82,85,1308,656,652
12,247,east kameng,Rural,14,1564,776,788,173,69,104,1391,707,684
12,247,east kameng,Rural,15,1560,809,751,220,109,111,1340,700,640
12,247,east kameng,Rural,16,1302,696,606,161,67,94,1141,629,512
12,247,east kameng,Rural,17,1137,596,541,176,81,95,961,515,446
12,247,east kameng,Rural,18,1399,705,694,252,99,153,1147,606,541
12,247,east kameng,Rural,19,946,441,505,197,60,137,749,381,368
12,247,east kameng,Rural,20-24,4343,2040,2303,1371,444,927,2972,1596,1376
12,247,east kameng,Rural,25-29,4227,1906,2321,1921,508,1413,2306,1398,908
12,247,east kameng,Rural,30-34,3764,1786,1978,2054,638,1416,1710,1148,562
12,247,east kameng,Rural,35-39,3778,1683,2095,2503,770,1733,1275,913,362
12,247,east kameng,Rural,40-44,3356,1632,1724,2533,1007,1526,823,625,198
12,247,east kameng,Rural,45-49,2775,1344,1431,2236,912,1324,539,432,107
12,247,east kameng,Rural,50-54,2146,1130,1016,1870,897,973,276,233,43
12,247,east kameng,Rural,55-59,1440,759,681,1319,656,663,121,103,18
12,247,east kameng,Rural,60-64,1158,592,566,1075,531,544,83,61,22
12,247,east kameng,Rural,65-69,554,269,285,513,234,279,41,35,6
12,247,east kameng,Rural,70-74,360,174,186,345,167,178,15,7,8
12,247,east kameng,Rural,75-79,124,67,57,119,64,55,5,3,2
12,247,east kameng,Rural,80+,201,95,106,169,75,94,32,20,12
12,247,east kameng,Rural,Age not stated,49,31,18,30,15,15,19,16,3
12,247,east kameng,Urban,All ages,18350,9269,9081,6815,2773,4042,11535,6496,5039
12,247,east kameng,Urban,0-6,3388,1707,1681,3388,1707,1681,0,0,0
12,247,east kameng,Urban,7,571,286,285,189,91,98,382,195,187
12,247,east kameng,Urban,8,565,280,285,87,34,53,478,246,232
12,247,east kameng,Urban,9,450,214,236,55,22,33,395,192,203
12,247,east kameng,Urban,10,594,302,292,72,29,43,522,273,249
12,247,east kameng,Urban,11,544,263,281,39,11,28,505,252,253
12,247,east kameng,Urban,12,615,329,286,40,14,26,575,315,260
12,247,east kameng,Urban,13,581,284,297,31,12,19,550,272,278
12,247,east kameng,Urban,14,522,246,276,29,4,25,493,242,251
12,247,east kameng,Urban,15,567,266,301,51,17,34,516,249,267
12,247,east kameng,Urban,16,494,221,273,28,6,22,466,215,251
12,247,east kameng,Urban,17,382,209,173,21,4,17,361,205,156
12,247,east kameng,Urban,18,447,220,227,37,11,26,410,209,201
12,247,east kameng,Urban,19,303,139,164,26,6,20,277,133,144
12,247,east kameng,Urban,20-24,1554,716,838,236,61,175,1318,655,663
12,247,east kameng,Urban,25-29,1540,744,796,341,63,278,1199,681,518
12,247,east kameng,Urban,30-34,1384,731,653,365,84,281,1019,647,372
12,247,east kameng,Urban,35-39,1305,683,622,490,137,353,815,546,269
12,247,east kameng,Urban,40-44,890,506,384,370,121,249,520,385,135
12,247,east kameng,Urban,45-49,670,401,269,299,108,191,371,293,78
12,247,east kameng,Urban,50-54,472,274,198,278,113,165,194,161,33
12,247,east kameng,Urban,55-59,206,116,90,127,43,84,79,73,6
12,247,east kameng,Urban,60-64,151,68,83,122,44,78,29,24,5
12,247,east kameng,Urban,65-69,58,22,36,42,13,29,16,9,7
12,247,east kameng,Urban,70-74,34,13,21,26,7,19,8,6,2
12,247,east kameng,Urban,75-79,8,5,3,7,4,3,1,1,0
12,247,east kameng,Urban,80+,48,21,27,17,6,11,31,15,16
12,247,east kameng,Urban,Age not stated,7,3,4,2,1,1,5,2,3
12,248,papum pare,Total,All ages,176573,89182,87391,55525,23388,32137,121048,65794,55254
12,248,papum pare,Total,0-6,25170,12729,12441,25170,12729,12441,0,0,0
12,248,papum pare,Total,7,4022,2021,2001,1164,537,627,2858,1484,1374
12,248,papum pare,Total,8,4181,2139,2042,836,369,467,3345,1770,1575
12,248,papum pare,Total,9,3920,1980,1940,568,273,295,3352,1707,1645
12,248,papum pare,Total,10,4644,2353,2291,710,335,375,3934,2018,1916
12,248,papum pare,Total,11,4223,2102,2121,496,203,293,3727,1899,1828
12,248,papum pare,Total,12,4914,2358,2556,485,192,293,4429,2166,2263
12,248,papum pare,Total,13,4415,2077,2338,368,133,235,4047,1944,2103
12,248,papum pare,Total,14,4753,2299,2454,409,139,270,4344,2160,2184
12,248,papum pare,Total,15,4924,2350,2574,456,143,313,4468,2207,2261
12,248,papum pare,Total,16,4594,2210,2384,415,145,270,4179,2065,2114
12,248,papum pare,Total,17,4137,2012,2125,341,106,235,3796,1906,1890
12,248,papum pare,Total,18,4946,2454,2492,481,168,313,4465,2286,2179
12,248,papum pare,Total,19,3968,1941,2027,403,126,277,3565,1815,1750
12,248,papum pare,Total,20-24,20182,9843,10339,2320,732,1588,17862,9111,8751
12,248,papum pare,Total,25-29,17599,8578,9021,2907,875,2032,14692,7703,6989
12,248,papum pare,Total,30-34,13517,6686,6831,2946,835,2111,10571,5851,4720
12,248,papum pare,Total,35-39,12325,6160,6165,3231,972,2259,9094,5188,3906
12,248,papum pare,Total,40-44,10342,5614,4728,3072,991,2081,7270,4623,2647
12,248,papum pare,Total,45-49,7628,4400,3228,2583,931,1652,5045,3469,1576
12,248,papum pare,Total,50-54,4751,2878,1873,1934,744,1190,2817,2134,683
12,248,papum pare,Total,55-59,2768,1728,1040,1343,563,780,1425,1165,260
12,248,papum pare,Total,60-64,1879,951,928,1226,487,739,653,464,189
12,248,papum pare,Total,65-69,926,466,460,592,240,352,334,226,108
12,248,papum pare,Total,70-74,627,294,333,449,176,273,178,118,60
12,248,papum pare,Total,75-79,290,145,145,195,83,112,95,62,33
12,248,papum pare,Total,80+,615,262,353,302,112,190,313,150,163
12,248,papum pare,Total,Age not stated,313,152,161,123,49,74,190,103,87
12,248,papum pare,Rural,All ages,79610,39935,39675,30009,12662,17347,49601,27273,22328
12,248,papum pare,Rural,0-6,12525,6237,6288,12525,6237,6288,0,0,0
12,248,papum pare,Rural,7,1963,1001,962,680,337,343,1283,664,619
12,248,papum pare,Rural,8,2166,1105,1061,492,230,262,1674,875,799
12,248,papum pare,Rural,9,1959,997,962,300,150,150,1659,847,812
12,248,papum pare,Rural,10,2306,1176,1130,395,197,198,1911,979,932
12,248,papum pare,Rural,11,2023,1031,992,233,100,133,1790,931,859
12,248,papum pare,Rural,12,2476,1205,1271,264,124,140,2212,1081,1131
12,248,papum pare,Rural,13,2135,1015,1120,164,62,102,1971,953,1018
12,248,papum pare,Rural,14,2361,1151,1210,202,84,118,2159,1067,1092
12,248,papum pare,Rural,15,2297,1094,1203,213,82,131,2084,1012,1072
12,248,papum pare,Rural,16,2074,1005,1069,197,88,109,1877,917,960
12,248,papum pare,Rural,17,1725,837,888,160,52,108,1565,785,780
12,248,papum pare,Rural,18,2188,1078,1110,233,82,151,1955,996,959
12,248,papum pare,Rural,19,1661,797,864,183,61,122,1478,736,742
12,248,papum pare,Rural,20-24,8572,4338,4234,1188,397,791,7384,3941,3443
12,248,papum pare,Rural,25-29,7032,3429,3603,1556,459,1097,5476,2970,2506
12,248,papum pare,Rural,30-34,5506,2679,2827,1679,464,1215,3827,2215,1612
12,248,papum pare,Rural,35-39,5033,2428,2605,1873,542,1331,3160,1886,1274
12,248,papum pare,Rural,40-44,4377,2359,2018,1812,601,1211,2565,1758,807
12,248,papum pare,Rural,45-49,3099,1733,1366,1512,560,952,1587,1173,414
12,248,papum pare,Rural,50-54,2145,1203,942,1265,506,759,880,697,183
12,248,papum pare,Rural,55-59,1299,755,544,877,397,480,422,358,64
12,248,papum pare,Rural,60-64,1075,515,560,841,350,491,234,165,69
12,248,papum pare,Rural,65-69,530,256,274,420,179,241,110,77,33
12,248,papum pare,Rural,70-74,378,188,190,313,138,175,65,50,15
12,248,papum pare,Rural,75-79,176,93,83,142,67,75,34,26,8
12,248,papum pare,Rural,80+,334,144,190,209,86,123,125,58,67
12,248,papum pare,Rural,Age not stated,195,86,109,81,30,51,114,56,58
12,248,papum pare,Urban,All ages,96963,49247,47716,25516,10726,14790,71447,38521,32926
12,248,papum pare,Urban,0-6,12645,6492,6153,12645,6492,6153,0,0,0
12,248,papum pare,Urban,7,2059,1020,1039,484,200,284,1575,820,755
12,248,papum pare,Urban,8,2015,1034,981,344,139,205,1671,895,776
12,248,papum pare,Urban,9,1961,983,978,268,123,145,1693,860,833
12,248,papum pare,Urban,10,2338,1177,1161,315,138,177,2023,1039,984
12,248,papum pare,Urban,11,2200,1071,1129,263,103,160,1937,968,969
12,248,papum pare,Urban,12,2438,1153,1285,221,68,153,2217,1085,1132
12,248,papum pare,Urban,13,2280,1062,1218,204,71,133,2076,991,1085
12,248,papum pare,Urban,14,2392,1148,1244,207,55,152,2185,1093,1092
12,248,papum pare,Urban,15,2627,1256,1371,243,61,182,2384,1195,1189
12,248,papum pare,Urban,16,2520,1205,1315,218,57,161,2302,1148,1154
12,248,papum pare,Urban,17,2412,1175,1237,181,54,127,2231,1121,1110
12,248,papum pare,Urban,18,2758,1376,1382,248,86,162,2510,1290,1220
12,248,papum pare,Urban,19,2307,1144,1163,220,65,155,2087,1079,1008
12,248,papum pare,Urban,20-24,11610,5505,6105,1132,335,797,10478,5170,5308
12,248,papum pare,Urban,25-29,10567,5149,5418,1351,416,935,9216,4733,4483
12,248,papum pare,Urban,30-34,8011,4007,4004,1267,371,896,6744,3636,3108
12,248,papum pare,Urban,35-39,7292,3732,3560,1358,430,928,5934,3302,2632
12,248,papum pare,Urban,40-44,5965,3255,2710,1260,390,870,4705,2865,1840
12,248,papum pare,Urban,45-49,4529,2667,1862,1071,371,700,3458,2296,1162
12,248,papum pare,Urban,50-54,2606,1675,931,669,238,431,1937,1437,500
12,248,papum pare,Urban,55-59,1469,973,496,466,166,300,1003,807,196
12,248,papum pare,Urban,60-64,804,436,368,385,137,248,419,299,120
12,248,papum pare,Urban,65-69,396,210,186,172,61,111,224,149,75
12,248,papum pare,Urban,70-74,249,106,143,136,38,98,113,68,45
12,248,papum pare,Urban,75-79,114,52,62,53,16,37,61,36,25
12,248,papum pare,Urban,80+,281,118,163,93,26,67,188,92,96
12,248,papum pare,Urban,Age not stated,118,66,52,42,19,23,76,47,29
12,249,upper subansiri,Total,All ages,83448,41758,41690,38170,16951,21219,45278,24807,20471
12,249,upper subansiri,Total,0-6,12475,6332,6143,12475,6332,6143,0,0,0
12,249,upper subansiri,Total,7,2171,1119,1052,887,450,437,1284,669,615
12,249,upper subansiri,Total,8,2364,1193,1171,742,349,393,1622,844,778
12,249,upper subansiri,Total,9,1993,1039,954,482,245,237,1511,794,717
12,249,upper subansiri,Total,10,2717,1369,1348,658,345,313,2059,1024,1035
12,249,upper subansiri,Total,11,2229,1159,1070,432,213,219,1797,946,851
12,249,upper subansiri,Total,12,2696,1396,1300,425,186,239,2271,1210,1061
12,249,upper subansiri,Total,13,1986,998,988,257,107,150,1729,891,838
12,249,upper subansiri,Total,14,2263,1145,1118,301,131,170,1962,1014,948
12,249,upper subansiri,Total,15,2349,1192,1157,339,158,181,2010,1034,976
12,249,upper subansiri,Total,16,2362,1140,1222,298,125,173,2064,1015,1049
12,249,upper subansiri,Total,17,1763,873,890,210,92,118,1553,781,772
12,249,upper subansiri,Total,18,2478,1205,1273,370,165,205,2108,1040,1068
12,249,upper subansiri,Total,19,1717,789,928,298,123,175,1419,666,753
12,249,upper subansiri,Total,20-24,7919,3808,4111,1649,633,1016,6270,3175,3095
12,249,upper subansiri,Total,25-29,6572,3072,3500,2055,698,1357,4517,2374,2143
12,249,upper subansiri,Total,30-34,5788,2865,2923,2259,788,1471,3529,2077,1452
12,249,upper subansiri,Total,35-39,5629,2735,2894,2750,935,1815,2879,1800,1079
12,249,upper subansiri,Total,40-44,4895,2544,2351,2877,1105,1772,2018,1439,579
12,249,upper subansiri,Total,45-49,3743,1926,1817,2513,1020,1493,1230,906,324
12,249,upper subansiri,Total,50-54,2765,1508,1257,2077,944,1133,688,564,124
12,249,upper subansiri,Total,55-59,1614,833,781,1344,616,728,270,217,53
12,249,upper subansiri,Total,60-64,1357,726,631,1193,595,598,164,131,33
12,249,upper subansiri,Total,65-69,618,299,319,534,245,289,84,54,30
12,249,upper subansiri,Total,70-74,413,214,199,362,179,183,51,35,16
12,249,upper subansiri,Total,75-79,143,73,70,120,59,61,23,14,9
12,249,upper subansiri,Total,80+,320,155,165,218,95,123,102,60,42
12,249,upper subansiri,Total,Age not stated,109,51,58,45,18,27,64,33,31
12,249,upper subansiri,Rural,All ages,70043,34840,35203,33984,15225,18759,36059,19615,16444
12,249,upper subansiri,Rural,0-6,10670,5449,5221,10670,5449,5221,0,0,0
12,249,upper subansiri,Rural,7,1833,963,870,758,392,366,1075,571,504
12,249,upper subansiri,Rural,8,2028,1022,1006,667,317,350,1361,705,656
12,249,upper subansiri,Rural,9,1711,897,814,436,223,213,1275,674,601
12,249,upper subansiri,Rural,10,2293,1157,1136,608,324,284,1685,833,852
12,249,upper subansiri,Rural,11,1864,973,891,407,201,206,1457,772,685
12,249,upper subansiri,Rural,12,2268,1179,1089,402,181,221,1866,998,868
12,249,upper subansiri,Rural,13,1642,838,804,245,102,143,1397,736,661
12,249,upper subansiri,Rural,14,1875,950,925,275,119,156,1600,831,769
12,249,upper subansiri,Rural,15,1949,989,960,326,153,173,1623,836,787
12,249,upper subansiri,Rural,16,1908,924,984,274,120,154,1634,804,830
12,249,upper subansiri,Rural,17,1417,706,711,199,88,111,1218,618,600
12,249,upper subansiri,Rural,18,2011,957,1054,336,152,184,1675,805,870
12,249,upper subansiri,Rural,19,1408,641,767,267,113,154,1141,528,613
12,249,upper subansiri,Rural,20-24,6609,3168,3441,1496,593,903,5113,2575,2538
12,249,upper subansiri,Rural,25-29,5440,2516,2924,1848,633,1215,3592,1883,1709
12,249,upper subansiri,Rural,30-34,4802,2353,2449,2030,723,1307,2772,1630,1142
12,249,upper subansiri,Rural,35-39,4585,2192,2393,2453,858,1595,2132,1334,798
12,249,upper subansiri,Rural,40-44,4065,2041,2024,2583,1004,1579,1482,1037,445
12,249,upper subansiri,Rural,45-49,3194,1578,1616,2299,932,1367,895,646,249
12,249,upper subansiri,Rural,50-54,2363,1240,1123,1884,854,1030,479,386,93
12,249,upper subansiri,Rural,55-59,1415,711,704,1229,564,665,186,147,39
12,249,upper subansiri,Rural,60-64,1235,670,565,1096,559,537,139,111,28
12,249,upper subansiri,Rural,65-69,560,277,283,495,236,259,65,41,24
12,249,upper subansiri,Rural,70-74,388,201,187,346,174,172,42,27,15
12,249,upper subansiri,Rural,75-79,129,65,64,113,57,56,16,8,8
12,249,upper subansiri,Rural,80+,294,143,151,208,91,117,86,52,34
12,249,upper subansiri,Rural,Age not stated,87,40,47,34,13,21,53,27,26
12,249,upper subansiri,Urban,All ages,13405,6918,6487,4186,1726,2460,9219,5192,4027
12,249,upper subansiri,Urban,0-6,1805,883,922,1805,883,922,0,0,0
12,249,upper subansiri,Urban,7,338,156,182,129,58,71,209,98,111
12,249,upper subansiri,Urban,8,336,171,165,75,32,43,261,139,122
12,249,upper subansiri,Urban,9,282,142,140,46,22,24,236,120,116
12,249,upper subansiri,Urban,10,424,212,212,50,21,29,374,191,183
12,249,upper subansiri,Urban,11,365,186,179,25,12,13,340,174,166
12,249,upper subansiri,Urban,12,428,217,211,23,5,18,405,212,193
12,249,upper subansiri,Urban,13,344,160,184,12,5,7,332,155,177
12,249,upper subansiri,Urban,14,388,195,193,26,12,14,362,183,179
12,249,upper subansiri,Urban,15,400,203,197,13,5,8,387,198,189
12,249,upper subansiri,Urban,16,454,216,238,24,5,19,430,211,219
12,249,upper subansiri,Urban,17,346,167,179,11,4,7,335,163,172
12,249,upper subansiri,Urban,18,467,248,219,34,13,21,433,235,198
12,249,upper subansiri,Urban,19,309,148,161,31,10,21,278,138,140
12,249,upper subansiri,Urban,20-24,1310,640,670,153,40,113,1157,600,557
12,249,upper subansiri,Urban,25-29,1132,556,576,207,65,142,925,491,434
12,249,upper subansiri,Urban,30-34,986,512,474,229,65,164,757,447,310
12,249,upper subansiri,Urban,35-39,1044,543,501,297,77,220,747,466,281
12,249,upper subansiri,Urban,40-44,830,503,327,294,101,193,536,402,134
12,249,upper subansiri,Urban,45-49,549,348,201,214,88,126,335,260,75
12,249,upper subansiri,Urban,50-54,402,268,134,193,90,103,209,178,31
12,249,upper subansiri,Urban,55-59,199,122,77,115,52,63,84,70,14
12,249,upper subansiri,Urban,60-64,122,56,66,97,36,61,25,20,5
12,249,upper subansiri,Urban,65-69,58,22,36,39,9,30,19,13,6
12,249,upper subansiri,Urban,70-74,25,13,12,16,5,11,9,8,1
12,249,upper subansiri,Urban,75-79,14,8,6,7,2,5,7,6,1
12,249,upper subansiri,Urban,80+,26,12,14,10,4,6,16,8,8
12,249,upper subansiri,Urban,Age not stated,22,11,11,11,5,6,11,6,5
12,250,west siang,Total,All ages,112274,58168,54106,47528,21391,26137,64746,36777,27969
12,250,west siang,Total,0-6,14855,7655,7200,14855,7655,7200,0,0,0
12,250,west siang,Total,7,2609,1322,1287,1388,707,681,1221,615,606
12,250,west siang,Total,8,2653,1342,1311,1089,528,561,1564,814,750
12,250,west siang,Total,9,2459,1233,1226,802,373,429,1657,860,797
12,250,west siang,Total,10,3063,1555,1508,826,403,423,2237,1152,1085
12,250,west siang,Total,11,2733,1397,1336,568,270,298,2165,1127,1038
12,250,west siang,Total,12,3191,1579,1612,508,218,290,2683,1361,1322
12,250,west siang,Total,13,2818,1372,1446,331,141,190,2487,1231,1256
12,250,west siang,Total,14,3233,1587,1646,398,179,219,2835,1408,1427
12,250,west siang,Total,15,3012,1509,1503,335,167,168,2677,1342,1335
12,250,west siang,Total,16,2918,1405,1513,334,144,190,2584,1261,1323
12,250,west siang,Total,17,2400,1204,1196,272,126,146,2128,1078,1050
12,250,west siang,Total,18,2676,1365,1311,335,137,198,2341,1228,1113
12,250,west siang,Total,19,2000,995,1005,292,125,167,1708,870,838
12,250,west siang,Total,20-24,10048,5135,4913,1821,725,1096,8227,4410,3817
12,250,west siang,Total,25-29,9747,5114,4633,2154,805,1349,7593,4309,3284
12,250,west siang,Total,30-34,8374,4429,3945,2245,852,1393,6129,3577,2552
12,250,west siang,Total,35-39,7727,3914,3813,2787,928,1859,4940,2986,1954
12,250,west siang,Total,40-44,6811,3803,3008,2902,1080,1822,3909,2723,1186
12,250,west siang,Total,45-49,5393,2971,2422,2865,1071,1794,2528,1900,628
12,250,west siang,Total,50-54,4107,2289,1818,2656,1128,1528,1451,1161,290
12,250,west siang,Total,55-59,2747,1474,1273,2057,893,1164,690,581,109
12,250,west siang,Total,60-64,2761,1402,1359,2330,1040,1290,431,362,69
12,250,west siang,Total,65-69,1602,859,743,1373,674,699,229,185,44
12,250,west siang,Total,70-74,1178,640,538,1072,555,517,106,85,21
12,250,west siang,Total,75-79,435,235,200,397,205,192,38,30,8
12,250,west siang,Total,80+,639,334,305,513,253,260,126,81,45
12,250,west siang,Total,Age not stated,85,49,36,23,9,14,62,40,22
12,250,west siang,Rural,All ages,87306,44687,42619,41432,18754,22678,45874,25933,19941
12,250,west siang,Rural,0-6,11992,6179,5813,11992,6179,5813,0,0,0
12,250,west siang,Rural,7,2075,1056,1019,1210,617,593,865,439,426
12,250,west siang,Rural,8,2164,1121,1043,985,486,499,1179,635,544
12,250,west siang,Rural,9,1984,1009,975,728,340,388,1256,669,587
12,250,west siang,Rural,10,2492,1272,1220,739,364,375,1753,908,845
12,250,west siang,Rural,11,2190,1134,1056,517,253,264,1673,881,792
12,250,west siang,Rural,12,2562,1287,1275,453,194,259,2109,1093,1016
12,250,west siang,Rural,13,2203,1059,1144,294,127,167,1909,932,977
12,250,west siang,Rural,14,2526,1249,1277,356,165,191,2170,1084,1086
12,250,west siang,Rural,15,2267,1155,1112,279,150,129,1988,1005,983
12,250,west siang,Rural,16,2107,1029,1078,268,120,148,1839,909,930
12,250,west siang,Rural,17,1688,861,827,228,110,118,1460,751,709
12,250,west siang,Rural,18,2009,1008,1001,287,121,166,1722,887,835
12,250,west siang,Rural,19,1479,727,752,255,116,139,1224,611,613
12,250,west siang,Rural,20-24,7523,3795,3728,1580,653,927,5943,3142,2801
12,250,west siang,Rural,25-29,7081,3641,3440,1889,723,1166,5192,2918,2274
12,250,west siang,Rural,30-34,6062,3146,2916,1947,755,1192,4115,2391,1724
12,250,west siang,Rural,35-39,5616,2741,2875,2420,815,1605,3196,1926,1270
12,250,west siang,Rural,40-44,5037,2695,2342,2586,968,1618,2451,1727,724
12,250,west siang,Rural,45-49,4196,2192,2004,2591,986,1605,1605,1206,399
12,250,west siang,Rural,50-54,3412,1832,1580,2443,1039,1404,969,793,176
12,250,west siang,Rural,55-59,2419,1256,1163,1925,838,1087,494,418,76
12,250,west siang,Rural,60-64,2550,1280,1270,2220,998,1222,330,282,48
12,250,west siang,Rural,65-69,1489,795,694,1319,655,664,170,140,30
12,250,west siang,Rural,70-74,1111,601,510,1023,531,492,88,70,18
12,250,west siang,Rural,75-79,418,226,192,386,201,185,32,25,7
12,250,west siang,Rural,80+,579,298,281,491,241,250,88,57,31
12,250,west siang,Rural,Age not stated,75,43,32,21,9,12,54,34,20
12,250,west siang,Urban,All ages,24968,13481,11487,6096,2637,3459,18872,10844,8028
12,250,west siang,Urban,0-6,2863,1476,1387,2863,1476,1387,0,0,0
12,250,west siang,Urban,7,534,266,268,178,90,88,356,176,180
12,250,west siang,Urban,8,489,221,268,104,42,62,385,179,206
12,250,west siang,Urban,9,475,224,251,74,33,41,401,191,210
12,250,west siang,Urban,10,571,283,288,87,39,48,484,244,240
12,250,west siang,Urban,11,543,263,280,51,17,34,492,246,246
12,250,west siang,Urban,12,629,292,337,55,24,31,574,268,306
12,250,west siang,Urban,13,615,313,302,37,14,23,578,299,279
12,250,west siang,Urban,14,707,338,369,42,14,28,665,324,341
12,250,west siang,Urban,15,745,354,391,56,17,39,689,337,352
12,250,west siang,Urban,16,811,376,435,66,24,42,745,352,393
12,250,west siang,Urban,17,712,343,369,44,16,28,668,327,341
12,250,west siang,Urban,18,667,357,310,48,16,32,619,341,278
12,250,west siang,Urban,19,521,268,253,37,9,28,484,259,225
12,250,west siang,Urban,20-24,2525,1340,1185,241,72,169,2284,1268,1016
12,250,west siang,Urban,25-29,2666,1473,1193,265,82,183,2401,1391,1010
12,250,west siang,Urban,30-34,2312,1283,1029,298,97,201,2014,1186,828
12,250,west siang,Urban,35-39,2111,1173,938,367,113,254,1744,1060,684
12,250,west siang,Urban,40-44,1774,1108,666,316,112,204,1458,996,462
12,250,west siang,Urban,45-49,1197,779,418,274,85,189,923,694,229
12,250,west siang,Urban,50-54,695,457,238,213,89,124,482,368,114
12,250,west siang,Urban,55-59,328,218,110,132,55,77,196,163,33
12,250,west siang,Urban,60-64,211,122,89,110,42,68,101,80,21
12,250,west siang,Urban,65-69,113,64,49,54,19,35,59,45,14
12,250,west siang,Urban,70-74,67,39,28,49,24,25,18,15,3
12,250,west siang,Urban,75-79,17,9,8,11,4,7,6,5,1
12,250,west siang,Urban,80+,60,36,24,22,12,10,38,24,14
12,250,west siang,Urban,Age not stated,10,6,4,2,0,2,8,6,2
12,251,east siang,Total,All ages,99214,50116,49098,36638,15906,20732,62576,34210,28366
12,251,east siang,Total,0-6,12955,6517,6438,12955,6517,6438,0,0,0
12,251,east siang,Total,7,2116,1095,1021,912,442,470,1204,653,551
12,251,east siang,Total,8,2079,1028,1051,626,294,332,1453,734,719
12,251,east siang,Total,9,2065,1077,988,515,237,278,1550,840,710
12,251,east siang,Total,10,2570,1283,1287,552,262,290,2018,1021,997
12,251,east siang,Total,11,2462,1273,1189,401,207,194,2061,1066,995
12,251,east siang,Total,12,2676,1345,1331,340,165,175,2336,1180,1156
12,251,east siang,Total,13,2504,1244,1260,276,130,146,2228,1114,1114
12,251,east siang,Total,14,2673,1330,1343,261,112,149,2412,1218,1194
12,251,east siang,Total,15,2599,1281,1318,256,101,155,2343,1180,1163
12,251,east siang,Total,16,2455,1208,1247,237,100,137,2218,1108,1110
12,251,east siang,Total,17,2195,1134,1061,227,84,143,1968,1050,918
12,251,east siang,Total,18,2401,1220,1181,286,129,157,2115,1091,1024
12,251,east siang,Total,19,1944,950,994,249,97,152,1695,853,842
12,251,east siang,Total,20-24,9583,4605,4978,1485,577,908,8098,4028,4070
12,251,east siang,Total,25-29,8716,4104,4612,1723,610,1113,6993,3494,3499
12,251,east siang,Total,30-34,7243,3540,3703,1682,584,1098,5561,2956,2605
12,251,east siang,Total,35-39,7175,3485,3690,2025,699,1326,5150,2786,2364
12,251,east siang,Total,40-44,5935,3143,2792,1955,629,1326,3980,2514,1466
12,251,east siang,Total,45-49,4981,2742,2239,1947,623,1324,3034,2119,915
12,251,east siang,Total,50-54,3537,2031,1506,1766,673,1093,1771,1358,413
12,251,east siang,Total,55-59,2209,1211,998,1363,537,826,846,674,172
12,251,east siang,Total,60-64,2311,1209,1102,1685,718,967,626,491,135
12,251,east siang,Total,65-69,1656,857,799,1239,541,698,417,316,101
12,251,east siang,Total,70-74,1050,585,465,836,418,418,214,167,47
12,251,east siang,Total,75-79,543,290,253,459,230,229,84,60,24
12,251,east siang,Total,80+,496,269,227,360,180,180,136,89,47
12,251,east siang,Total,Age not stated,85,60,25,20,10,10,65,50,15
12,251,east siang,Rural,All ages,71579,36147,35432,28515,12453,16062,43064,23694,19370
12,251,east siang,Rural,0-6,9694,4836,4858,9694,4836,4858,0,0,0
12,251,east siang,Rural,7,1548,790,758,746,360,386,802,430,372
12,251,east siang,Rural,8,1530,769,761,502,240,262,1028,529,499
12,251,east siang,Rural,9,1510,806,704,419,194,225,1091,612,479
12,251,east siang,Rural,10,1865,949,916,442,218,224,1423,731,692
12,251,east siang,Rural,11,1796,940,856,333,175,158,1463,765,698
12,251,east siang,Rural,12,1940,982,958,275,134,141,1665,848,817
12,251,east siang,Rural,13,1762,872,890,222,106,116,1540,766,774
12,251,east siang,Rural,14,1871,954,917,208,94,114,1663,860,803
12,251,east siang,Rural,15,1813,898,915,205,80,125,1608,818,790
12,251,east siang,Rural,16,1669,835,834,167,79,88,1502,756,746
12,251,east siang,Rural,17,1485,786,699,166,65,101,1319,721,598
12,251,east siang,Rural,18,1667,870,797,217,108,109,1450,762,688
12,251,east siang,Rural,19,1363,676,687,184,74,110,1179,602,577
12,251,east siang,Rural,20-24,6776,3290,3486,1117,445,672,5659,2845,2814
12,251,east siang,Rural,25-29,6183,2926,3257,1265,462,803,4918,2464,2454
12,251,east siang,Rural,30-34,5070,2486,2584,1199,444,755,3871,2042,1829
12,251,east siang,Rural,35-39,4889,2388,2501,1443,499,944,3446,1889,1557
12,251,east siang,Rural,40-44,4064,2127,1937,1477,490,987,2587,1637,950
12,251,east siang,Rural,45-49,3480,1861,1619,1503,467,1036,1977,1394,583
12,251,east siang,Rural,50-54,2633,1458,1175,1457,547,910,1176,911,265
12,251,east siang,Rural,55-59,1698,889,809,1154,456,698,544,433,111
12,251,east siang,Rural,60-64,1912,961,951,1464,608,856,448,353,95
12,251,east siang,Rural,65-69,1429,729,700,1113,486,627,316,243,73
12,251,east siang,Rural,70-74,931,511,420,770,388,382,161,123,38
12,251,east siang,Rural,75-79,487,269,218,428,223,205,59,46,13
12,251,east siang,Rural,80+,429,229,200,325,165,160,104,64,40
12,251,east siang,Rural,Age not stated,85,60,25,20,10,10,65,50,15
12,251,east siang,Urban,All ages,27635,13969,13666,8123,3453,4670,19512,10516,8996
12,251,east siang,Urban,0-6,3261,1681,1580,3261,1681,1580,0,0,0
12,251,east siang,Urban,7,568,305,263,166,82,84,402,223,179
12,251,east siang,Urban,8,549,259,290,124,54,70,425,205,220
12,251,east siang,Urban,9,555,271,284,96,43,53,459,228,231
12,251,east siang,Urban,10,705,334,371,110,44,66,595,290,305
12,251,east siang,Urban,11,666,333,333,68,32,36,598,301,297
12,251,east siang,Urban,12,736,363,373,65,31,34,671,332,339
12,251,east siang,Urban,13,742,372,370,54,24,30,688,348,340
12,251,east siang,Urban,14,802,376,426,53,18,35,749,358,391
12,251,east siang,Urban,15,786,383,403,51,21,30,735,362,373
12,251,east siang,Urban,16,786,373,413,70,21,49,716,352,364
12,251,east siang,Urban,17,710,348,362,61,19,42,649,329,320
12,251,east siang,Urban,18,734,350,384,69,21,48,665,329,336
12,251,east siang,Urban,19,581,274,307,65,23,42,516,251,265
12,251,east siang,Urban,20-24,2807,1315,1492,368,132,236,2439,1183,1256
12,251,east siang,Urban,25-29,2533,1178,1355,458,148,310,2075,1030,1045
12,251,east siang,Urban,30-34,2173,1054,1119,483,140,343,1690,914,776
12,251,east siang,Urban,35-39,2286,1097,1189,582,200,382,1704,897,807
12,251,east siang,Urban,40-44,1871,1016,855,478,139,339,1393,877,516
12,251,east siang,Urban,45-49,1501,881,620,444,156,288,1057,725,332
12,251,east siang,Urban,50-54,904,573,331,309,126,183,595,447,148
12,251,east siang,Urban,55-59,511,322,189,209,81,128,302,241,61
12,251,east siang,Urban,60-64,399,248,151,221,110,111,178,138,40
12,251,east siang,Urban,65-69,227,128,99,126,55,71,101,73,28
12,251,east siang,Urban,70-74,119,74,45,66,30,36,53,44,9
12,251,east siang,Urban,75-79,56,21,35,31,7,24,25,14,11
12,251,east siang,Urban,80+,67,40,27,35,15,20,32,25,7
12,251,east siang,Urban,Age not stated,0,0,0,0,0,0,0,0,0
12,252,upper siang,Total,All ages,35320,18699,16621,17125,7976,9149,18195,10723,7472
12,252,upper siang,Total,0-6,4988,2563,2425,4988,2563,2425,0,0,0
12,252,upper siang,Total,7,811,386,425,450,218,232,361,168,193
12,252,upper siang,Total,8,853,437,416,377,204,173,476,233,243
12,252,upper siang,Total,9,730,380,350,275,134,141,455,246,209
12,252,upper siang,Total,10,961,521,440,285,153,132,676,368,308
12,252,upper siang,Total,11,884,446,438,249,121,128,635,325,310
12,252,upper siang,Total,12,951,450,501,205,97,108,746,353,393
12,252,upper siang,Total,13,800,417,383,173,84,89,627,333,294
12,252,upper siang,Total,14,893,444,449,167,91,76,726,353,373
12,252,upper siang,Total,15,838,430,408,127,59,68,711,371,340
12,252,upper siang,Total,16,771,377,394,114,54,60,657,323,334
12,252,upper siang,Total,17,621,320,301,89,42,47,532,278,254
12,252,upper siang,Total,18,721,374,347,95,51,44,626,323,303
12,252,upper siang,Total,19,538,271,267,102,51,51,436,220,216
12,252,upper siang,Total,20-24,2901,1526,1375,572,221,351,2329,1305,1024
12,252,upper siang,Total,25-29,2829,1484,1345,720,246,474,2109,1238,871
12,252,upper siang,Total,30-34,2799,1527,1272,837,299,538,1962,1228,734
12,252,upper siang,Total,35-39,2307,1258,1049,899,332,567,1408,926,482
12,252,upper siang,Total,40-44,2005,1158,847,965,374,591,1040,784,256
12,252,upper siang,Total,45-49,1799,960,839,1049,381,668,750,579,171
12,252,upper siang,Total,50-54,1442,885,557,1003,503,500,439,382,57
12,252,upper siang,Total,55-59,994,558,436,806,403,403,188,155,33
12,252,upper siang,Total,60-64,1039,559,480,915,451,464,124,108,16
12,252,upper siang,Total,65-69,622,324,298,562,277,285,60,47,13
12,252,upper siang,Total,70-74,526,270,256,497,246,251,29,24,5
12,252,upper siang,Total,75-79,277,149,128,266,140,126,11,9,2
12,252,upper siang,Total,80+,352,190,162,307,166,141,45,24,21
12,252,upper siang,Total,Age not stated,68,35,33,31,15,16,37,20,17
12,252,upper siang,Rural,All ages,28780,15335,13445,15062,7055,8007,13718,8280,5438
12,252,upper siang,Rural,0-6,4103,2104,1999,4103,2104,1999,0,0,0
12,252,upper siang,Rural,7,634,298,336,403,192,211,231,106,125
12,252,upper siang,Rural,8,687,353,334,346,188,158,341,165,176
12,252,upper siang,Rural,9,590,305,285,244,125,119,346,180,166
12,252,upper siang,Rural,10,769,422,347,251,134,117,518,288,230
12,252,upper siang,Rural,11,711,367,344,222,110,112,489,257,232
12,252,upper siang,Rural,12,774,364,410,188,92,96,586,272,314
12,252,upper siang,Rural,13,621,326,295,150,74,76,471,252,219
12,252,upper siang,Rural,14,691,349,342,147,85,62,544,264,280
12,252,upper siang,Rural,15,653,343,310,108,53,55,545,290,255
12,252,upper siang,Rural,16,595,295,300,105,50,55,490,245,245
12,252,upper siang,Rural,17,459,239,220,74,36,38,385,203,182
12,252,upper siang,Rural,18,558,289,269,80,47,33,478,242,236
12,252,upper siang,Rural,19,405,208,197,83,40,43,322,168,154
12,252,upper siang,Rural,20-24,2358,1285,1073,499,200,299,1859,1085,774
12,252,upper siang,Rural,25-29,2287,1245,1042,643,227,416,1644,1018,626
12,252,upper siang,Rural,30-34,2246,1259,987,726,265,461,1520,994,526
12,252,upper siang,Rural,35-39,1742,985,757,745,279,466,997,706,291
12,252,upper siang,Rural,40-44,1559,869,690,848,326,522,711,543,168
12,252,upper siang,Rural,45-49,1507,783,724,958,353,605,549,430,119
12,252,upper siang,Rural,50-54,1274,766,508,939,476,463,335,290,45
12,252,upper siang,Rural,55-59,869,476,393,752,378,374,117,98,19
12,252,upper siang,Rural,60-64,942,496,446,849,415,434,93,81,12
12,252,upper siang,Rural,65-69,591,308,283,543,269,274,48,39,9
12,252,upper siang,Rural,70-74,504,258,246,479,237,242,25,21,4
12,252,upper siang,Rural,75-79,269,142,127,259,133,126,10,9,1
12,252,upper siang,Rural,80+,324,172,152,293,156,137,31,16,15
12,252,upper siang,Rural,Age not stated,58,29,29,25,11,14,33,18,15
12,252,upper siang,Urban,All ages,6540,3364,3176,2063,921,1142,4477,2443,2034
12,252,upper siang,Urban,0-6,885,459,426,885,459,426,0,0,0
12,252,upper siang,Urban,7,177,88,89,47,26,21,130,62,68
12,252,upper siang,Urban,8,166,84,82,31,16,15,135,68,67
12,252,upper siang,Urban,9,140,75,65,31,9,22,109,66,43
12,252,upper siang,Urban,10,192,99,93,34,19,15,158,80,78
12,252,upper siang,Urban,11,173,79,94,27,11,16,146,68,78
12,252,upper siang,Urban,12,177,86,91,17,5,12,160,81,79
12,252,upper siang,Urban,13,179,91,88,23,10,13,156,81,75
12,252,upper siang,Urban,14,202,95,107,20,6,14,182,89,93
12,252,upper siang,Urban,15,185,87,98,19,6,13,166,81,85
12,252,upper siang,Urban,16,176,82,94,9,4,5,167,78,89
12,252,upper siang,Urban,17,162,81,81,15,6,9,147,75,72
12,252,upper siang,Urban,18,163,85,78,15,4,11,148,81,67
12,252,upper siang,Urban,19,133,63,70,19,11,8,114,52,62
12,252,upper siang,Urban,20-24,543,241,302,73,21,52,470,220,250
12,252,upper siang,Urban,25-29,542,239,303,77,19,58,465,220,245
12,252,upper siang,Urban,30-34,553,268,285,111,34,77,442,234,208
12,252,upper siang,Urban,35-39,565,273,292,154,53,101,411,220,191
12,252,upper siang,Urban,40-44,446,289,157,117,48,69,329,241,88
12,252,upper siang,Urban,45-49,292,177,115,91,28,63,201,149,52
12,252,upper siang,Urban,50-54,168,119,49,64,27,37,104,92,12
12,252,upper siang,Urban,55-59,125,82,43,54,25,29,71,57,14
12,252,upper siang,Urban,60-64,97,63,34,66,36,30,31,27,4
12,252,upper siang,Urban,65-69,31,16,15,19,8,11,12,8,4
12,252,upper siang,Urban,70-74,22,12,10,18,9,9,4,3,1
12,252,upper siang,Urban,75-79,8,7,1,7,7,0,1,0,1
12,252,upper siang,Urban,80+,28,18,10,14,10,4,14,8,6
12,252,upper siang,Urban,Age not stated,10,6,4,6,4,2,4,2,2
12,253,changlang,Total,All ages,148226,76948,71278,75052,32921,42131,73174,44027,29147
12,253,changlang,Total,0-6,25869,13075,12794,25869,13075,12794,0,0,0
12,253,changlang,Total,7,3728,1858,1870,1841,886,955,1887,972,915
12,253,changlang,Total,8,4074,2062,2012,1500,676,824,2574,1386,1188
12,253,changlang,Total,9,3269,1682,1587,885,438,447,2384,1244,1140
12,253,changlang,Total,10,4297,2158,2139,1191,489,702,3106,1669,1437
12,253,changlang,Total,11,3267,1682,1585,672,281,391,2595,1401,1194
12,253,changlang,Total,12,3908,2021,1887,846,339,507,3062,1682,1380
12,253,changlang,Total,13,3197,1642,1555,577,239,338,2620,1403,1217
12,253,changlang,Total,14,3265,1684,1581,621,261,360,2644,1423,1221
12,253,changlang,Total,15,3348,1744,1604,751,306,445,2597,1438,1159
12,253,changlang,Total,16,3079,1669,1410,642,247,395,2437,1422,1015
12,253,changlang,Total,17,2636,1439,1197,582,247,335,2054,1192,862
12,253,changlang,Total,18,3367,1748,1619,968,372,596,2399,1376,1023
12,253,changlang,Total,19,2432,1233,1199,715,246,469,1717,987,730
12,253,changlang,Total,20-24,13512,6630,6882,4522,1593,2929,8990,5037,3953
12,253,changlang,Total,25-29,13382,6853,6529,5041,1895,3146,8341,4958,3383
12,253,changlang,Total,30-34,11043,5643,5400,4636,1694,2942,6407,3949,2458
12,253,changlang,Total,35-39,10049,5253,4796,4647,1791,2856,5402,3462,1940
12,253,changlang,Total,40-44,7623,4240,3383,3700,1528,2172,3923,2712,1211
12,253,changlang,Total,45-49,6303,3460,2843,3352,1303,2049,2951,2157,794
12,253,changlang,Total,50-54,4864,2741,2123,2917,1203,1714,1947,1538,409
12,253,changlang,Total,55-59,3599,2079,1520,2350,1018,1332,1249,1061,188
12,253,changlang,Total,60-64,2899,1616,1283,2128,962,1166,771,654,117
12,253,changlang,Total,65-69,1823,919,904,1407,584,823,416,335,81
12,253,changlang,Total,70-74,1466,770,696,1200,544,656,266,226,40
12,253,changlang,Total,75-79,798,419,379,651,291,360,147,128,19
12,253,changlang,Total,80+,965,529,436,773,381,392,192,148,44
12,253,changlang,Total,Age not stated,164,99,65,68,32,36,96,67,29
12,253,changlang,Rural,All ages,128998,66283,62715,70251,30860,39391,58747,35423,23324
12,253,changlang,Rural,0-6,23628,11939,11689,23628,11939,11689,0,0,0
12,253,changlang,Rural,7,3368,1684,1684,1743,835,908,1625,849,776
12,253,changlang,Rural,8,3696,1868,1828,1443,646,797,2253,1222,1031
12,253,changlang,Rural,9,2898,1501,1397,839,421,418,2059,1080,979
12,253,changlang,Rural,10,3830,1904,1926,1142,468,674,2688,1436,1252
12,253,changlang,Rural,11,2879,1460,1419,642,268,374,2237,1192,1045
12,253,changlang,Rural,12,3449,1780,1669,810,327,483,2639,1453,1186
12,253,changlang,Rural,13,2795,1444,1351,545,231,314,2250,1213,1037
12,253,changlang,Rural,14,2793,1450,1343,583,251,332,2210,1199,1011
12,253,changlang,Rural,15,2908,1523,1385,720,294,426,2188,1229,959
12,253,changlang,Rural,16,2615,1410,1205,612,235,377,2003,1175,828
12,253,changlang,Rural,17,2231,1213,1018,554,236,318,1677,977,700
12,253,changlang,Rural,18,2909,1486,1423,921,351,570,1988,1135,853
12,253,changlang,Rural,19,2056,1038,1018,672,229,443,1384,809,575
12,253,changlang,Rural,20-24,11470,5520,5950,4285,1500,2785,7185,4020,3165
12,253,changlang,Rural,25-29,11348,5671,5677,4785,1804,2981,6563,3867,2696
12,253,changlang,Rural,30-34,9449,4813,4636,4431,1637,2794,5018,3176,1842
12,253,changlang,Rural,35-39,8442,4452,3990,4334,1697,2637,4108,2755,1353
12,253,changlang,Rural,40-44,6136,3341,2795,3412,1436,1976,2724,1905,819
12,253,changlang,Rural,45-49,5178,2733,2445,3141,1231,1910,2037,1502,535
12,253,changlang,Rural,50-54,4130,2239,1891,2764,1151,1613,1366,1088,278
12,253,changlang,Rural,55-59,3152,1756,1396,2228,965,1263,924,791,133
12,253,changlang,Rural,60-64,2692,1480,1212,2042,927,1115,650,553,97
12,253,changlang,Rural,65-69,1736,864,872,1371,570,801,365,294,71
12,253,changlang,Rural,70-74,1398,733,665,1161,529,632,237,204,33
12,253,changlang,Rural,75-79,762,397,365,633,283,350,129,114,15
12,253,changlang,Rural,80+,903,496,407,744,368,376,159,128,31
12,253,changlang,Rural,Age not stated,147,88,59,66,31,35,81,57,24
12,253,changlang,Urban,All ages,19228,10665,8563,4801,2061,2740,14427,8604,5823
12,253,changlang,Urban,0-6,2241,1136,1105,2241,1136,1105,0,0,0
12,253,changlang,Urban,7,360,174,186,98,51,47,262,123,139
12,253,changlang,Urban,8,378,194,184,57,30,27,321,164,157
12,253,changlang,Urban,9,371,181,190,46,17,29,325,164,161
12,253,changlang,Urban,10,467,254,213,49,21,28,418,233,185
12,253,changlang,Urban,11,388,222,166,30,13,17,358,209,149
12,253,changlang,Urban,12,459,241,218,36,12,24,423,229,194
12,253,changlang,Urban,13,402,198,204,32,8,24,370,190,180
12,253,changlang,Urban,14,472,234,238,38,10,28,434,224,210
12,253,changlang,Urban,15,440,221,219,31,12,19,409,209,200
12,253,changlang,Urban,16,464,259,205,30,12,18,434,247,187
12,253,changlang,Urban,17,405,226,179,28,11,17,377,215,162
12,253,changlang,Urban,18,458,262,196,47,21,26,411,241,170
12,253,changlang,Urban,19,376,195,181,43,17,26,333,178,155
12,253,changlang,Urban,20-24,2042,1110,932,237,93,144,1805,1017,788
12,253,changlang,Urban,25-29,2034,1182,852,256,91,165,1778,1091,687
12,253,changlang,Urban,30-34,1594,830,764,205,57,148,1389,773,616
12,253,changlang,Urban,35-39,1607,801,806,313,94,219,1294,707,587
12,253,changlang,Urban,40-44,1487,899,588,288,92,196,1199,807,392
12,253,changlang,Urban,45-49,1125,727,398,211,72,139,914,655,259
12,253,changlang,Urban,50-54,734,502,232,153,52,101,581,450,131
12,253,changlang,Urban,55-59,447,323,124,122,53,69,325,270,55
12,253,changlang,Urban,60-64,207,136,71,86,35,51,121,101,20
12,253,changlang,Urban,65-69,87,55,32,36,14,22,51,41,10
12,253,changlang,Urban,70-74,68,37,31,39,15,24,29,22,7
12,253,changlang,Urban,75-79,36,22,14,18,8,10,18,14,4
12,253,changlang,Urban,80+,62,33,29,29,13,16,33,20,13
12,253,changlang,Urban,Age not stated,17,11,6,2,1,1,15,10,5
12,254,tirap,Total,All ages,111975,57604,54371,64001,28291,35710,47974,29313,18661
12,254,tirap,Total,0-6,20045,10223,9822,20045,10223,9822,0,0,0
12,254,tirap,Total,7,3197,1633,1564,1989,980,1009,1208,653,555
12,254,tirap,Total,8,3136,1614,1522,1724,856,868,1412,758,654
12,254,tirap,Total,9,2913,1494,1419,1298,624,674,1615,870,745
12,254,tirap,Total,10,3382,1761,1621,1321,647,674,2061,1114,947
12,254,tirap,Total,11,2716,1420,1296,860,388,472,1856,1032,824
12,254,tirap,Total,12,2994,1521,1473,843,374,469,2151,1147,1004
12,254,tirap,Total,13,2621,1327,1294,598,243,355,2023,1084,939
12,254,tirap,Total,14,2591,1323,1268,539,230,309,2052,1093,959
12,254,tirap,Total,15,2617,1382,1235,553,220,333,2064,1162,902
12,254,tirap,Total,16,2168,1113,1055,435,159,276,1733,954,779
12,254,tirap,Total,17,2034,1050,984,458,172,286,1576,878,698
12,254,tirap,Total,18,2344,1140,1204,565,153,412,1779,987,792
12,254,tirap,Total,19,1829,887,942,527,169,358,1302,718,584
12,254,tirap,Total,20-24,8739,4292,4447,2758,811,1947,5981,3481,2500
12,254,tirap,Total,25-29,8459,4155,4304,3461,1065,2396,4998,3090,1908
12,254,tirap,Total,30-34,7071,3640,3431,3084,1048,2036,3987,2592,1395
12,254,tirap,Total,35-39,6924,3607,3317,3628,1324,2304,3296,2283,1013
12,254,tirap,Total,40-44,6195,3348,2847,3525,1352,2173,2670,1996,674
12,254,tirap,Total,45-49,5479,2961,2518,3678,1542,2136,1801,1419,382
12,254,tirap,Total,50-54,4223,2344,1879,3102,1412,1690,1121,932,189
12,254,tirap,Total,55-59,3071,1721,1350,2452,1179,1273,619,542,77
12,254,tirap,Total,60-64,2509,1245,1264,2219,1007,1212,290,238,52
12,254,tirap,Total,65-69,1587,798,789,1441,685,756,146,113,33
12,254,tirap,Total,70-74,1229,621,608,1152,565,587,77,56,21
12,254,tirap,Total,75-79,757,380,377,732,357,375,25,23,2
12,254,tirap,Total,80+,1047,539,508,974,484,490,73,55,18
12,254,tirap,Total,Age not stated,98,65,33,40,22,18,58,43,15
12,254,tirap,Rural,All ages,91165,46185,44980,57866,25557,32309,33299,20628,12671
12,254,tirap,Rural,0-6,17398,8845,8553,17398,8845,8553,0,0,0
12,254,tirap,Rural,7,2716,1392,1324,1804,881,923,912,511,401
12,254,tirap,Rural,8,2671,1393,1278,1595,793,802,1076,600,476
12,254,tirap,Rural,9,2457,1258,1199,1200,570,630,1257,688,569
12,254,tirap,Rural,10,2851,1502,1349,1208,586,622,1643,916,727
12,254,tirap,Rural,11,2209,1162,1047,791,363,428,1418,799,619
12,254,tirap,Rural,12,2503,1273,1230,787,347,440,1716,926,790
12,254,tirap,Rural,13,2140,1102,1038,556,228,328,1584,874,710
12,254,tirap,Rural,14,2104,1091,1013,492,207,285,1612,884,728
12,254,tirap,Rural,15,2098,1128,970,516,206,310,1582,922,660
12,254,tirap,Rural,16,1655,868,787,395,145,250,1260,723,537
12,254,tirap,Rural,17,1572,819,753,426,155,271,1146,664,482
12,254,tirap,Rural,18,1855,885,970,531,140,391,1324,745,579
12,254,tirap,Rural,19,1455,715,740,494,159,335,961,556,405
12,254,tirap,Rural,20-24,6770,3253,3517,2533,738,1795,4237,2515,1722
12,254,tirap,Rural,25-29,6416,3049,3367,3107,970,2137,3309,2079,1230
12,254,tirap,Rural,30-34,5243,2630,2613,2719,935,1784,2524,1695,829
12,254,tirap,Rural,35-39,5250,2650,2600,3256,1202,2054,1994,1448,546
12,254,tirap,Rural,40-44,4549,2284,2265,3176,1229,1947,1373,1055,318
12,254,tirap,Rural,45-49,4315,2231,2084,3353,1426,1927,962,805,157
12,254,tirap,Rural,50-54,3480,1827,1653,2890,1312,1578,590,515,75
12,254,tirap,Rural,55-59,2702,1457,1245,2332,1120,1212,370,337,33
12,254,tirap,Rural,60-64,2312,1128,1184,2121,961,1160,191,167,24
12,254,tirap,Rural,65-69,1494,749,745,1388,664,724,106,85,21
12,254,tirap,Rural,70-74,1166,589,577,1110,546,564,56,43,13
12,254,tirap,Rural,75-79,734,364,370,713,344,369,21,20,1
12,254,tirap,Rural,80+,989,504,485,944,469,475,45,35,10
12,254,tirap,Rural,Age not stated,61,37,24,31,16,15,30,21,9
12,254,tirap,Urban,All ages,20810,11419,9391,6135,2734,3401,14675,8685,5990
12,254,tirap,Urban,0-6,2647,1378,1269,2647,1378,1269,0,0,0
12,254,tirap,Urban,7,481,241,240,185,99,86,296,142,154
12,254,tirap,Urban,8,465,221,244,129,63,66,336,158,178
12,254,tirap,Urban,9,456,236,220,98,54,44,358,182,176
12,254,tirap,Urban,10,531,259,272,113,61,52,418,198,220
12,254,tirap,Urban,11,507,258,249,69,25,44,438,233,205
12,254,tirap,Urban,12,491,248,243,56,27,29,435,221,214
12,254,tirap,Urban,13,481,225,256,42,15,27,439,210,229
12,254,tirap,Urban,14,487,232,255,47,23,24,440,209,231
12,254,tirap,Urban,15,519,254,265,37,14,23,482,240,242
12,254,tirap,Urban,16,513,245,268,40,14,26,473,231,242
12,254,tirap,Urban,17,462,231,231,32,17,15,430,214,216
12,254,tirap,Urban,18,489,255,234,34,13,21,455,242,213
12,254,tirap,Urban,19,374,172,202,33,10,23,341,162,179
12,254,tirap,Urban,20-24,1969,1039,930,225,73,152,1744,966,778
12,254,tirap,Urban,25-29,2043,1106,937,354,95,259,1689,1011,678
12,254,tirap,Urban,30-34,1828,1010,818,365,113,252,1463,897,566
12,254,tirap,Urban,35-39,1674,957,717,372,122,250,1302,835,467
12,254,tirap,Urban,40-44,1646,1064,582,349,123,226,1297,941,356
12,254,tirap,Urban,45-49,1164,730,434,325,116,209,839,614,225
12,254,tirap,Urban,50-54,743,517,226,212,100,112,531,417,114
12,254,tirap,Urban,55-59,369,264,105,120,59,61,249,205,44
12,254,tirap,Urban,60-64,197,117,80,98,46,52,99,71,28
12,254,tirap,Urban,65-69,93,49,44,53,21,32,40,28,12
12,254,tirap,Urban,70-74,63,32,31,42,19,23,21,13,8
12,254,tirap,Urban,75-79,23,16,7,19,13,6,4,3,1
12,254,tirap,Urban,80+,58,35,23,30,15,15,28,20,8
12,254,tirap,Urban,Age not stated,37,28,9,9,6,3,28,22,6
12,255,lower subansiri,Total,All ages,83030,41843,41187,28973,12373,16600,54057,29470,24587
12,255,lower subansiri,Total,0-6,10320,5248,5072,10320,5248,5072,0,0,0
12,255,lower subansiri,Total,7,1862,956,906,743,408,335,1119,548,571
12,255,lower subansiri,Total,8,1953,982,971,540,253,287,1413,729,684
12,255,lower subansiri,Total,9,1786,935,851,412,200,212,1374,735,639
12,255,lower subansiri,Total,10,2132,1127,1005,402,211,191,1730,916,814
12,255,lower subansiri,Total,11,2106,1075,1031,354,155,199,1752,920,832
12,255,lower subansiri,Total,12,2312,1157,1155,314,149,165,1998,1008,990
12,255,lower subansiri,Total,13,2206,1106,1100,208,89,119,1998,1017,981
12,255,lower subansiri,Total,14,2391,1237,1154,202,78,124,2189,1159,1030
12,255,lower subansiri,Total,15,2714,1289,1425,241,101,140,2473,1188,1285
12,255,lower subansiri,Total,16,2379,1188,1191,164,70,94,2215,1118,1097
12,255,lower subansiri,Total,17,2062,1012,1050,159,60,99,1903,952,951
12,255,lower subansiri,Total,18,2596,1315,1281,219,91,128,2377,1224,1153
12,255,lower subansiri,Total,19,1841,905,936,166,63,103,1675,842,833
12,255,lower subansiri,Total,20-24,8913,4341,4572,987,367,620,7926,3974,3952
12,255,lower subansiri,Total,25-29,7685,3794,3891,1212,409,803,6473,3385,3088
12,255,lower subansiri,Total,30-34,5999,2935,3064,1365,401,964,4634,2534,2100
12,255,lower subansiri,Total,35-39,5781,2809,2972,1746,519,1227,4035,2290,1745
12,255,lower subansiri,Total,40-44,4650,2441,2209,1811,559,1252,2839,1882,957
12,255,lower subansiri,Total,45-49,3875,2061,1814,1952,616,1336,1923,1445,478
12,255,lower subansiri,Total,50-54,2691,1475,1216,1677,643,1034,1014,832,182
12,255,lower subansiri,Total,55-59,1704,915,789,1212,504,708,492,411,81
12,255,lower subansiri,Total,60-64,1343,670,673,1137,503,634,206,167,39
12,255,lower subansiri,Total,65-69,789,389,400,675,307,368,114,82,32
12,255,lower subansiri,Total,70-74,477,247,230,433,217,216,44,30,14
12,255,lower subansiri,Total,75-79,169,87,82,150,72,78,19,15,4
12,255,lower subansiri,Total,80+,239,116,123,156,71,85,83,45,38
12,255,lower subansiri,Total,Age not stated,55,31,24,16,9,7,39,22,17
12,255,lower subansiri,Rural,All ages,70224,35460,34764,25896,11084,14812,44328,24376,19952
12,255,lower subansiri,Rural,0-6,8890,4537,4353,8890,4537,4353,0,0,0
12,255,lower subansiri,Rural,7,1608,855,753,686,381,305,922,474,448
12,255,lower subansiri,Rural,8,1681,850,831,506,233,273,1175,617,558
12,255,lower subansiri,Rural,9,1537,802,735,396,191,205,1141,611,530
12,255,lower subansiri,Rural,10,1816,965,851,373,201,172,1443,764,679
12,255,lower subansiri,Rural,11,1820,924,896,328,141,187,1492,783,709
12,255,lower subansiri,Rural,12,1980,995,985,284,136,148,1696,859,837
12,255,lower subansiri,Rural,13,1828,923,905,184,81,103,1644,842,802
12,255,lower subansiri,Rural,14,2002,1051,951,179,74,105,1823,977,846
12,255,lower subansiri,Rural,15,2266,1101,1165,200,90,110,2066,1011,1055
12,255,lower subansiri,Rural,16,1978,993,985,143,63,80,1835,930,905
12,255,lower subansiri,Rural,17,1724,874,850,136,53,83,1588,821,767
12,255,lower subansiri,Rural,18,2172,1101,1071,189,81,108,1983,1020,963
12,255,lower subansiri,Rural,19,1558,775,783,145,54,91,1413,721,692
12,255,lower subansiri,Rural,20-24,7560,3723,3837,872,318,554,6688,3405,3283
12,255,lower subansiri,Rural,25-29,6417,3176,3241,1085,354,731,5332,2822,2510
12,255,lower subansiri,Rural,30-34,4947,2415,2532,1232,350,882,3715,2065,1650
12,255,lower subansiri,Rural,35-39,4767,2301,2466,1601,470,1131,3166,1831,1335
12,255,lower subansiri,Rural,40-44,3881,2007,1874,1671,526,1145,2210,1481,729
12,255,lower subansiri,Rural,45-49,3207,1667,1540,1769,572,1197,1438,1095,343
12,255,lower subansiri,Rural,50-54,2318,1251,1067,1539,605,934,779,646,133
12,255,lower subansiri,Rural,55-59,1488,783,705,1115,474,641,373,309,64
12,255,lower subansiri,Rural,60-64,1222,608,614,1060,475,585,162,133,29
12,255,lower subansiri,Rural,65-69,704,344,360,618,282,336,86,62,24
12,255,lower subansiri,Rural,70-74,437,227,210,400,202,198,37,25,12
12,255,lower subansiri,Rural,75-79,158,80,78,145,70,75,13,10,3
12,255,lower subansiri,Rural,80+,209,104,105,135,62,73,74,42,32
12,255,lower subansiri,Rural,Age not stated,49,28,21,15,8,7,34,20,14
12,255,lower subansiri,Urban,All ages,12806,6383,6423,3077,1289,1788,9729,5094,4635
12,255,lower subansiri,Urban,0-6,1430,711,719,1430,711,719,0,0,0
12,255,lower subansiri,Urban,7,254,101,153,57,27,30,197,74,123
12,255,lower subansiri,Urban,8,272,132,140,34,20,14,238,112,126
12,255,lower subansiri,Urban,9,249,133,116,16,9,7,233,124,109
12,255,lower subansiri,Urban,10,316,162,154,29,10,19,287,152,135
12,255,lower subansiri,Urban,11,286,151,135,26,14,12,260,137,123
12,255,lower subansiri,Urban,12,332,162,170,30,13,17,302,149,153
12,255,lower subansiri,Urban,13,378,183,195,24,8,16,354,175,179
12,255,lower subansiri,Urban,14,389,186,203,23,4,19,366,182,184
12,255,lower subansiri,Urban,15,448,188,260,41,11,30,407,177,230
12,255,lower subansiri,Urban,16,401,195,206,21,7,14,380,188,192
12,255,lower subansiri,Urban,17,338,138,200,23,7,16,315,131,184
12,255,lower subansiri,Urban,18,424,214,210,30,10,20,394,204,190
12,255,lower subansiri,Urban,19,283,130,153,21,9,12,262,121,141
12,255,lower subansiri,Urban,20-24,1353,618,735,115,49,66,1238,569,669
12,255,lower subansiri,Urban,25-29,1268,618,650,127,55,72,1141,563,578
12,255,lower subansiri,Urban,30-34,1052,520,532,133,51,82,919,469,450
12,255,lower subansiri,Urban,35-39,1014,508,506,145,49,96,869,459,410
12,255,lower subansiri,Urban,40-44,769,434,335,140,33,107,629,401,228
12,255,lower subansiri,Urban,45-49,668,394,274,183,44,139,485,350,135
12,255,lower subansiri,Urban,50-54,373,224,149,138,38,100,235,186,49
12,255,lower subansiri,Urban,55-59,216,132,84,97,30,67,119,102,17
12,255,lower subansiri,Urban,60-64,121,62,59,77,28,49,44,34,10
12,255,lower subansiri,Urban,65-69,85,45,40,57,25,32,28,20,8
12,255,lower subansiri,Urban,70-74,40,20,20,33,15,18,7,5,2
12,255,lower subansiri,Urban,75-79,11,7,4,5,2,3,6,5,1
12,255,lower subansiri,Urban,80+,30,12,18,21,9,12,9,3,6
12,255,lower subansiri,Urban,Age not stated,6,3,3,1,1,0,5,2,3
12,256,kurung kumey,Total,All ages,92076,45318,46758,55470,25060,30410,36606,20258,16348
12,256,kurung kumey,Total,0-6,16988,8568,8420,16988,8568,8420,0,0,0
12,256,kurung kumey,Total,7,2780,1402,1378,1713,855,858,1067,547,520
12,256,kurung kumey,Total,8,3150,1602,1548,1446,697,749,1704,905,799
12,256,kurung kumey,Total,9,2604,1341,1263,1047,512,535,1557,829,728
12,256,kurung kumey,Total,10,3405,1748,1657,1168,560,608,2237,1188,1049
12,256,kurung kumey,Total,11,2758,1412,1346,933,450,483,1825,962,863
12,256,kurung kumey,Total,12,2999,1476,1523,818,384,434,2181,1092,1089
12,256,kurung kumey,Total,13,2233,1101,1132,634,299,335,1599,802,797
12,256,kurung kumey,Total,14,2521,1304,1217,564,271,293,1957,1033,924
12,256,kurung kumey,Total,15,2956,1546,1410,762,381,381,2194,1165,1029
12,256,kurung kumey,Total,16,2275,1177,1098,506,236,270,1769,941,828
12,256,kurung kumey,Total,17,1899,977,922,476,236,240,1423,741,682
12,256,kurung kumey,Total,18,2347,1157,1190,622,263,359,1725,894,831
12,256,kurung kumey,Total,19,1647,815,832,473,195,278,1174,620,554
12,256,kurung kumey,Total,20-24,7240,3357,3883,2764,1062,1702,4476,2295,2181
12,256,kurung kumey,Total,25-29,6577,2916,3661,3319,1076,2243,3258,1840,1418
12,256,kurung kumey,Total,30-34,5949,2704,3245,3683,1297,2386,2266,1407,859
12,256,kurung kumey,Total,35-39,5866,2496,3370,4211,1395,2816,1655,1101,554
12,256,kurung kumey,Total,40-44,5111,2469,2642,3969,1626,2343,1142,843,299
12,256,kurung kumey,Total,45-49,3787,1992,1795,3178,1509,1669,609,483,126
12,256,kurung kumey,Total,50-54,2796,1538,1258,2436,1249,1187,360,289,71
12,256,kurung kumey,Total,55-59,1527,814,713,1397,711,686,130,103,27
12,256,kurung kumey,Total,60-64,1288,730,558,1210,671,539,78,59,19
12,256,kurung kumey,Total,65-69,520,255,265,485,237,248,35,18,17
12,256,kurung kumey,Total,70-74,364,183,181,338,164,174,26,19,7
12,256,kurung kumey,Total,75-79,107,56,51,101,53,48,6,3,3
12,256,kurung kumey,Total,80+,234,101,133,161,68,93,73,33,40
12,256,kurung kumey,Total,Age not stated,148,81,67,68,35,33,80,46,34
12,256,kurung kumey,Rural,All ages,89731,44072,45659,54432,24586,29846,35299,19486,15813
12,256,kurung kumey,Rural,0-6,16525,8324,8201,16525,8324,8201,0,0,0
12,256,kurung kumey,Rural,7,2731,1381,1350,1687,844,843,1044,537,507
12,256,kurung kumey,Rural,8,3068,1555,1513,1412,679,733,1656,876,780
12,256,kurung kumey,Rural,9,2535,1301,1234,1024,496,528,1511,805,706
12,256,kurung kumey,Rural,10,3325,1707,1618,1153,555,598,2172,1152,1020
12,256,kurung kumey,Rural,11,2714,1387,1327,926,445,481,1788,942,846
12,256,kurung kumey,Rural,12,2918,1438,1480,805,379,426,2113,1059,1054
12,256,kurung kumey,Rural,13,2185,1082,1103,625,297,328,1560,785,775
12,256,kurung kumey,Rural,14,2460,1273,1187,556,268,288,1904,1005,899
12,256,kurung kumey,Rural,15,2880,1509,1371,745,374,371,2135,1135,1000
12,256,kurung kumey,Rural,16,2230,1157,1073,503,234,269,1727,923,804
12,256,kurung kumey,Rural,17,1869,963,906,473,235,238,1396,728,668
12,256,kurung kumey,Rural,18,2295,1137,1158,611,260,351,1684,877,807
12,256,kurung kumey,Rural,19,1607,798,809,464,193,271,1143,605,538
12,256,kurung kumey,Rural,20-24,7042,3255,3787,2728,1048,1680,4314,2207,2107
12,256,kurung kumey,Rural,25-29,6340,2784,3556,3266,1054,2212,3074,1730,1344
12,256,kurung kumey,Rural,30-34,5762,2613,3149,3626,1284,2342,2136,1329,807
12,256,kurung kumey,Rural,35-39,5697,2392,3305,4145,1372,2773,1552,1020,532
12,256,kurung kumey,Rural,40-44,4993,2398,2595,3916,1606,2310,1077,792,285
12,256,kurung kumey,Rural,45-49,3709,1937,1772,3140,1490,1650,569,447,122
12,256,kurung kumey,Rural,50-54,2727,1493,1234,2395,1231,1164,332,262,70
12,256,kurung kumey,Rural,55-59,1499,801,698,1374,702,672,125,99,26
12,256,kurung kumey,Rural,60-64,1270,722,548,1192,663,529,78,59,19
12,256,kurung kumey,Rural,65-69,516,255,261,482,237,245,34,18,16
12,256,kurung kumey,Rural,70-74,355,179,176,330,161,169,25,18,7
12,256,kurung kumey,Rural,75-79,104,55,49,100,52,48,4,3,1
12,256,kurung kumey,Rural,80+,230,98,132,161,68,93,69,30,39
12,256,kurung kumey,Rural,Age not stated,145,78,67,68,35,33,77,43,34
12,256,kurung kumey,Urban,All ages,2345,1246,1099,1038,474,564,1307,772,535
12,256,kurung kumey,Urban,0-6,463,244,219,463,244,219,0,0,0
12,256,kurung kumey,Urban,7,49,21,28,26,11,15,23,10,13
12,256,kurung kumey,Urban,8,82,47,35,34,18,16,48,29,19
12,256,kurung kumey,Urban,9,69,40,29,23,16,7,46,24,22
12,256,kurung kumey,Urban,10,80,41,39,15,5,10,65,36,29
12,256,kurung kumey,Urban,11,44,25,19,7,5,2,37,20,17
12,256,kurung kumey,Urban,12,81,38,43,13,5,8,68,33,35
12,256,kurung kumey,Urban,13,48,19,29,9,2,7,39,17,22
12,256,kurung kumey,Urban,14,61,31,30,8,3,5,53,28,25
12,256,kurung kumey,Urban,15,76,37,39,17,7,10,59,30,29
12,256,kurung kumey,Urban,16,45,20,25,3,2,1,42,18,24
12,256,kurung kumey,Urban,17,30,14,16,3,1,2,27,13,14
12,256,kurung kumey,Urban,18,52,20,32,11,3,8,41,17,24
12,256,kurung kumey,Urban,19,40,17,23,9,2,7,31,15,16
12,256,kurung kumey,Urban,20-24,198,102,96,36,14,22,162,88,74
12,256,kurung kumey,Urban,25-29,237,132,105,53,22,31,184,110,74
12,256,kurung kumey,Urban,30-34,187,91,96,57,13,44,130,78,52
12,256,kurung kumey,Urban,35-39,169,104,65,66,23,43,103,81,22
12,256,kurung kumey,Urban,40-44,118,71,47,53,20,33,65,51,14
12,256,kurung kumey,Urban,45-49,78,55,23,38,19,19,40,36,4
12,256,kurung kumey,Urban,50-54,69,45,24,41,18,23,28,27,1
12,256,kurung kumey,Urban,55-59,28,13,15,23,9,14,5,4,1
12,256,kurung kumey,Urban,60-64,18,8,10,18,8,10,0,0,0
12,256,kurung kumey,Urban,65-69,4,0,4,3,0,3,1,0,1
12,256,kurung kumey,Urban,70-74,9,4,5,8,3,5,1,1,0
12,256,kurung kumey,Urban,75-79,3,1,2,1,1,0,2,0,2
12,256,kurung kumey,Urban,80+,4,3,1,0,0,0,4,3,1
12,256,kurung kumey,Urban,Age not stated,3,3,0,0,0,0,3,3,0
12,257,dibang valley,Total,All ages,8004,4414,3590,3568,1800,1768,4436,2614,1822
12,257,dibang valley,Total,0-6,1084,574,510,1084,574,510,0,0,0
12,257,dibang valley,Total,7,195,91,104,77,34,43,118,57,61
12,257,dibang valley,Total,8,165,94,71,62,40,22,103,54,49
12,257,dibang valley,Total,9,159,91,68,40,24,16,119,67,52
12,257,dibang valley,Total,10,218,109,109,48,22,26,170,87,83
12,257,dibang valley,Total,11,176,92,84,40,13,27,136,79,57
12,257,dibang valley,Total,12,230,117,113,35,19,16,195,98,97
12,257,dibang valley,Total,13,146,72,74,22,11,11,124,61,63
12,257,dibang valley,Total,14,179,78,101,13,4,9,166,74,92
12,257,dibang valley,Total,15,192,90,102,26,11,15,166,79,87
12,257,dibang valley,Total,16,151,76,75,13,7,6,138,69,69
12,257,dibang valley,Total,17,177,89,88,22,6,16,155,83,72
12,257,dibang valley,Total,18,181,88,93,24,16,8,157,72,85
12,257,dibang valley,Total,19,158,80,78,25,17,8,133,63,70
12,257,dibang valley,Total,20-24,871,511,360,185,110,75,686,401,285
12,257,dibang valley,Total,25-29,831,480,351,206,103,103,625,377,248
12,257,dibang valley,Total,30-34,591,333,258,216,92,124,375,241,134
12,257,dibang valley,Total,35-39,591,330,261,265,116,149,326,214,112
12,257,dibang valley,Total,40-44,511,310,201,297,141,156,214,169,45
12,257,dibang valley,Total,45-49,395,240,155,240,112,128,155,128,27
12,257,dibang valley,Total,50-54,252,149,103,192,99,93,60,50,10
12,257,dibang valley,Total,55-59,175,107,68,146,83,63,29,24,5
12,257,dibang valley,Total,60-64,155,93,62,134,79,55,21,14,7
12,257,dibang valley,Total,65-69,95,42,53,88,38,50,7,4,3
12,257,dibang valley,Total,70-74,36,20,16,33,18,15,3,2,1
12,257,dibang valley,Total,75-79,15,6,9,15,6,9,0,0,0
12,257,dibang valley,Total,80+,58,41,17,17,3,14,41,38,3
12,257,dibang valley,Total,Age not stated,17,11,6,3,2,1,14,9,5
12,257,dibang valley,Rural,All ages,5620,3098,2522,2928,1511,1417,2692,1587,1105
12,257,dibang valley,Rural,0-6,775,409,366,775,409,366,0,0,0
12,257,dibang valley,Rural,7,144,69,75,63,30,33,81,39,42
12,257,dibang valley,Rural,8,128,74,54,54,35,19,74,39,35
12,257,dibang valley,Rural,9,109,64,45,31,20,11,78,44,34
12,257,dibang valley,Rural,10,158,79,79,33,14,19,125,65,60
12,257,dibang valley,Rural,11,130,71,59,28,10,18,102,61,41
12,257,dibang valley,Rural,12,162,89,73,29,18,11,133,71,62
12,257,dibang valley,Rural,13,95,48,47,15,8,7,80,40,40
12,257,dibang valley,Rural,14,124,57,67,8,3,5,116,54,62
12,257,dibang valley,Rural,15,124,61,63,19,9,10,105,52,53
12,257,dibang valley,Rural,16,103,52,51,10,7,3,93,45,48
12,257,dibang valley,Rural,17,117,60,57,19,6,13,98,54,44
12,257,dibang valley,Rural,18,136,66,70,23,16,7,113,50,63
12,257,dibang valley,Rural,19,117,62,55,24,16,8,93,46,47
12,257,dibang valley,Rural,20-24,616,359,257,168,105,63,448,254,194
12,257,dibang valley,Rural,25-29,553,330,223,187,94,93,366,236,130
12,257,dibang valley,Rural,30-34,409,234,175,189,83,106,220,151,69
12,257,dibang valley,Rural,35-39,389,216,173,236,108,128,153,108,45
12,257,dibang valley,Rural,40-44,341,199,142,257,130,127,84,69,15
12,257,dibang valley,Rural,45-49,269,152,117,206,99,107,63,53,10
12,257,dibang valley,Rural,50-54,192,109,83,170,89,81,22,20,2
12,257,dibang valley,Rural,55-59,146,86,60,132,75,57,14,11,3
12,257,dibang valley,Rural,60-64,125,78,47,113,67,46,12,11,1
12,257,dibang valley,Rural,65-69,83,37,46,80,34,46,3,3,0
12,257,dibang valley,Rural,70-74,27,17,10,27,17,10,0,0,0
12,257,dibang valley,Rural,75-79,13,5,8,13,5,8,0,0,0
12,257,dibang valley,Rural,80+,21,7,14,17,3,14,4,4,0
12,257,dibang valley,Rural,Age not stated,14,8,6,2,1,1,12,7,5
12,257,dibang valley,Urban,All ages,2384,1316,1068,640,289,351,1744,1027,717
12,257,dibang valley,Urban,0-6,309,165,144,309,165,144,0,0,0
12,257,dibang valley,Urban,7,51,22,29,14,4,10,37,18,19
12,257,dibang valley,Urban,8,37,20,17,8,5,3,29,15,14
12,257,dibang valley,Urban,9,50,27,23,9,4,5,41,23,18
12,257,dibang valley,Urban,10,60,30,30,15,8,7,45,22,23
12,257,dibang valley,Urban,11,46,21,25,12,3,9,34,18,16
12,257,dibang valley,Urban,12,68,28,40,6,1,5,62,27,35
12,257,dibang valley,Urban,13,51,24,27,7,3,4,44,21,23
12,257,dibang valley,Urban,14,55,21,34,5,1,4,50,20,30
12,257,dibang valley,Urban,15,68,29,39,7,2,5,61,27,34
12,257,dibang valley,Urban,16,48,24,24,3,0,3,45,24,21
12,257,dibang valley,Urban,17,60,29,31,3,0,3,57,29,28
12,257,dibang valley,Urban,18,45,22,23,1,0,1,44,22,22
12,257,dibang valley,Urban,19,41,18,23,1,1,0,40,17,23
12,257,dibang valley,Urban,20-24,255,152,103,17,5,12,238,147,91
12,257,dibang valley,Urban,25-29,278,150,128,19,9,10,259,141,118
12,257,dibang valley,Urban,30-34,182,99,83,27,9,18,155,90,65
12,257,dibang valley,Urban,35-39,202,114,88,29,8,21,173,106,67
12,257,dibang valley,Urban,40-44,170,111,59,40,11,29,130,100,30
12,257,dibang valley,Urban,45-49,126,88,38,34,13,21,92,75,17
12,257,dibang valley,Urban,50-54,60,40,20,22,10,12,38,30,8
12,257,dibang valley,Urban,55-59,29,21,8,14,8,6,15,13,2
12,257,dibang valley,Urban,60-64,30,15,15,21,12,9,9,3,6
12,257,dibang valley,Urban,65-69,12,5,7,8,4,4,4,1,3
12,257,dibang valley,Urban,70-74,9,3,6,6,1,5,3,2,1
12,257,dibang valley,Urban,75-79,2,1,1,2,1,1,0,0,0
12,257,dibang valley,Urban,80+,37,34,3,0,0,0,37,34,3
12,257,dibang valley,Urban,Age not stated,3,3,0,1,1,0,2,2,0
12,258,lower dibang valley,Total,All ages,54080,28053,26027,22231,9966,12265,31849,18087,13762
12,258,lower dibang valley,Total,0-6,8009,4112,3897,8009,4112,3897,0,0,0
12,258,lower dibang valley,Total,7,1251,629,622,463,232,231,788,397,391
12,258,lower dibang valley,Total,8,1451,718,733,364,169,195,1087,549,538
12,258,lower dibang valley,Total,9,1177,591,586,241,124,117,936,467,469
12,258,lower dibang valley,Total,10,1530,774,756,251,110,141,1279,664,615
12,258,lower dibang valley,Total,11,1295,662,633,163,83,80,1132,579,553
12,258,lower dibang valley,Total,12,1484,778,706,184,80,104,1300,698,602
12,258,lower dibang valley,Total,13,1307,668,639,117,48,69,1190,620,570
12,258,lower dibang valley,Total,14,1387,700,687,151,62,89,1236,638,598
12,258,lower dibang valley,Total,15,1366,716,650,152,63,89,1214,653,561
12,258,lower dibang valley,Total,16,1315,651,664,159,71,88,1156,580,576
12,258,lower dibang valley,Total,17,1184,599,585,143,69,74,1041,530,511
12,258,lower dibang valley,Total,18,1361,712,649,232,95,137,1129,617,512
12,258,lower dibang valley,Total,19,947,482,465,171,63,108,776,419,357
12,258,lower dibang valley,Total,20-24,5244,2559,2685,1245,451,794,3999,2108,1891
12,258,lower dibang valley,Total,25-29,4832,2421,2411,1418,524,894,3414,1897,1517
12,258,lower dibang valley,Total,30-34,3860,1979,1881,1296,520,776,2564,1459,1105
12,258,lower dibang valley,Total,35-39,3608,1818,1790,1339,484,855,2269,1334,935
12,258,lower dibang valley,Total,40-44,3113,1640,1473,1311,483,828,1802,1157,645
12,258,lower dibang valley,Total,45-49,2673,1478,1195,1234,466,768,1439,1012,427
12,258,lower dibang valley,Total,50-54,1984,1230,754,1065,487,578,919,743,176
12,258,lower dibang valley,Total,55-59,1216,761,455,712,333,379,504,428,76
12,258,lower dibang valley,Total,60-64,974,564,410,677,318,359,297,246,51
12,258,lower dibang valley,Total,65-69,599,342,257,441,219,222,158,123,35
12,258,lower dibang valley,Total,70-74,423,203,220,341,138,203,82,65,17
12,258,lower dibang valley,Total,75-79,179,99,80,137,66,71,42,33,9
12,258,lower dibang valley,Total,80+,277,149,128,202,94,108,75,55,20
12,258,lower dibang valley,Total,Age not stated,34,18,16,13,2,11,21,16,5
12,258,lower dibang valley,Rural,All ages,42691,21989,20702,19886,8910,10976,22805,13079,9726
12,258,lower dibang valley,Rural,0-6,6852,3495,3357,6852,3495,3357,0,0,0
12,258,lower dibang valley,Rural,7,1027,516,511,440,222,218,587,294,293
12,258,lower dibang valley,Rural,8,1206,598,608,357,168,189,849,430,419
12,258,lower dibang valley,Rural,9,945,477,468,236,122,114,709,355,354
12,258,lower dibang valley,Rural,10,1220,612,608,237,103,134,983,509,474
12,258,lower dibang valley,Rural,11,1016,523,493,154,79,75,862,444,418
12,258,lower dibang valley,Rural,12,1128,616,512,174,76,98,954,540,414
12,258,lower dibang valley,Rural,13,906,462,444,105,45,60,801,417,384
12,258,lower dibang valley,Rural,14,983,499,484,126,55,71,857,444,413
12,258,lower dibang valley,Rural,15,978,505,473,135,57,78,843,448,395
12,258,lower dibang valley,Rural,16,932,461,471,138,60,78,794,401,393
12,258,lower dibang valley,Rural,17,853,445,408,128,65,63,725,380,345
12,258,lower dibang valley,Rural,18,1076,561,515,215,90,125,861,471,390
12,258,lower dibang valley,Rural,19,720,367,353,153,54,99,567,313,254
12,258,lower dibang valley,Rural,20-24,4241,2050,2191,1148,409,739,3093,1641,1452
12,258,lower dibang valley,Rural,25-29,3859,1915,1944,1294,476,818,2565,1439,1126
12,258,lower dibang valley,Rural,30-34,2971,1536,1435,1164,474,690,1807,1062,745
12,258,lower dibang valley,Rural,35-39,2715,1362,1353,1197,439,758,1518,923,595
12,258,lower dibang valley,Rural,40-44,2346,1208,1138,1186,439,747,1160,769,391
12,258,lower dibang valley,Rural,45-49,1996,1082,914,1115,429,686,881,653,228
12,258,lower dibang valley,Rural,50-54,1531,906,625,973,447,526,558,459,99
12,258,lower dibang valley,Rural,55-59,976,572,404,662,311,351,314,261,53
12,258,lower dibang valley,Rural,60-64,864,491,373,639,300,339,225,191,34
12,258,lower dibang valley,Rural,65-69,532,306,226,413,205,208,119,101,18
12,258,lower dibang valley,Rural,70-74,382,187,195,318,135,183,64,52,12
12,258,lower dibang valley,Rural,75-79,162,89,73,127,62,65,35,27,8
12,258,lower dibang valley,Rural,80+,243,131,112,189,91,98,54,40,14
12,258,lower dibang valley,Rural,Age not stated,31,17,14,11,2,9,20,15,5
12,258,lower dibang valley,Urban,All ages,11389,6064,5325,2345,1056,1289,9044,5008,4036
12,258,lower dibang valley,Urban,0-6,1157,617,540,1157,617,540,0,0,0
12,258,lower dibang valley,Urban,7,224,113,111,23,10,13,201,103,98
12,258,lower dibang valley,Urban,8,245,120,125,7,1,6,238,119,119
12,258,lower dibang valley,Urban,9,232,114,118,5,2,3,227,112,115
12,258,lower dibang valley,Urban,10,310,162,148,14,7,7,296,155,141
12,258,lower dibang valley,Urban,11,279,139,140,9,4,5,270,135,135
12,258,lower dibang valley,Urban,12,356,162,194,10,4,6,346,158,188
12,258,lower dibang valley,Urban,13,401,206,195,12,3,9,389,203,186
12,258,lower dibang valley,Urban,14,404,201,203,25,7,18,379,194,185
12,258,lower dibang valley,Urban,15,388,211,177,17,6,11,371,205,166
12,258,lower dibang valley,Urban,16,383,190,193,21,11,10,362,179,183
12,258,lower dibang valley,Urban,17,331,154,177,15,4,11,316,150,166
12,258,lower dibang valley,Urban,18,285,151,134,17,5,12,268,146,122
12,258,lower dibang valley,Urban,19,227,115,112,18,9,9,209,106,103
12,258,lower dibang valley,Urban,20-24,1003,509,494,97,42,55,906,467,439
12,258,lower dibang valley,Urban,25-29,973,506,467,124,48,76,849,458,391
12,258,lower dibang valley,Urban,30-34,889,443,446,132,46,86,757,397,360
12,258,lower dibang valley,Urban,35-39,893,456,437,142,45,97,751,411,340
12,258,lower dibang valley,Urban,40-44,767,432,335,125,44,81,642,388,254
12,258,lower dibang valley,Urban,45-49,677,396,281,119,37,82,558,359,199
12,258,lower dibang valley,Urban,50-54,453,324,129,92,40,52,361,284,77
12,258,lower dibang valley,Urban,55-59,240,189,51,50,22,28,190,167,23
12,258,lower dibang valley,Urban,60-64,110,73,37,38,18,20,72,55,17
12,258,lower dibang valley,Urban,65-69,67,36,31,28,14,14,39,22,17
12,258,lower dibang valley,Urban,70-74,41,16,25,23,3,20,18,13,5
12,258,lower dibang valley,Urban,75-79,17,10,7,10,4,6,7,6,1
12,258,lower dibang valley,Urban,80+,34,18,16,13,3,10,21,15,6
12,258,lower dibang valley,Urban,Age not stated,3,1,2,2,0,2,1,1,0
12,259,lohit,Total,All ages,145726,76221,69505,62664,27841,34823,83062,48380,34682
12,259,lohit,Total,0-6,23901,12159,11742,23901,12159,11742,0,0,0
12,259,lohit,Total,7,3578,1759,1819,1281,570,711,2297,1189,1108
12,259,lohit,Total,8,3907,1987,1920,997,470,527,2910,1517,1393
12,259,lohit,Total,9,3357,1754,1603,613,297,316,2744,1457,1287
12,259,lohit,Total,10,4055,2159,1896,774,375,399,3281,1784,1497
12,259,lohit,Total,11,3349,1723,1626,443,196,247,2906,1527,1379
12,259,lohit,Total,12,3928,1981,1947,599,255,344,3329,1726,1603
12,259,lohit,Total,13,3388,1675,1713,421,164,257,2967,1511,1456
12,259,lohit,Total,14,3467,1795,1672,420,175,245,3047,1620,1427
12,259,lohit,Total,15,3379,1771,1608,541,244,297,2838,1527,1311
12,259,lohit,Total,16,3296,1688,1608,507,223,284,2789,1465,1324
12,259,lohit,Total,17,2668,1417,1251,397,170,227,2271,1247,1024
12,259,lohit,Total,18,3415,1817,1598,749,312,437,2666,1505,1161
12,259,lohit,Total,19,2509,1299,1210,479,178,301,2030,1121,909
12,259,lohit,Total,20-24,13737,6912,6825,3613,1376,2237,10124,5536,4588
12,259,lohit,Total,25-29,12956,6640,6316,4064,1495,2569,8892,5145,3747
12,259,lohit,Total,30-34,10485,5381,5104,3655,1317,2338,6830,4064,2766
12,259,lohit,Total,35-39,9845,5090,4755,3826,1417,2409,6019,3673,2346
12,259,lohit,Total,40-44,8226,4537,3689,3564,1439,2125,4662,3098,1564
12,259,lohit,Total,45-49,6937,3870,3067,3132,1267,1865,3805,2603,1202
12,259,lohit,Total,50-54,5000,2958,2042,2379,1025,1354,2621,1933,688
12,259,lohit,Total,55-59,3213,1912,1301,1703,748,955,1510,1164,346
12,259,lohit,Total,60-64,2690,1528,1162,1669,739,930,1021,789,232
12,259,lohit,Total,65-69,1665,903,762,1084,444,640,581,459,122
12,259,lohit,Total,70-74,1197,668,529,840,376,464,357,292,65
12,259,lohit,Total,75-79,565,310,255,380,157,223,185,153,32
12,259,lohit,Total,80+,865,436,429,578,227,351,287,209,78
12,259,lohit,Total,Age not stated,148,92,56,55,26,29,93,66,27
12,259,lohit,Rural,All ages,113296,58991,54305,53044,23539,29505,60252,35452,24800
12,259,lohit,Rural,0-6,19699,10022,9677,19699,10022,9677,0,0,0
12,259,lohit,Rural,7,2868,1404,1464,1101,488,613,1767,916,851
12,259,lohit,Rural,8,3174,1613,1561,882,415,467,2292,1198,1094
12,259,lohit,Rural,9,2682,1403,1279,544,265,279,2138,1138,1000
12,259,lohit,Rural,10,3289,1721,1568,685,326,359,2604,1395,1209
12,259,lohit,Rural,11,2565,1326,1239,370,167,203,2195,1159,1036
12,259,lohit,Rural,12,3178,1575,1603,528,219,309,2650,1356,1294
12,259,lohit,Rural,13,2666,1318,1348,366,143,223,2300,1175,1125
12,259,lohit,Rural,14,2656,1355,1301,353,144,209,2303,1211,1092
12,259,lohit,Rural,15,2572,1323,1249,465,209,256,2107,1114,993
12,259,lohit,Rural,16,2526,1311,1215,440,196,244,2086,1115,971
12,259,lohit,Rural,17,1897,1005,892,332,146,186,1565,859,706
12,259,lohit,Rural,18,2566,1362,1204,638,265,373,1928,1097,831
12,259,lohit,Rural,19,1787,929,858,394,148,246,1393,781,612
12,259,lohit,Rural,20-24,10409,5255,5154,3085,1171,1914,7324,4084,3240
12,259,lohit,Rural,25-29,10002,5090,4912,3518,1293,2225,6484,3797,2687
12,259,lohit,Rural,30-34,8025,4132,3893,3144,1137,2007,4881,2995,1886
12,259,lohit,Rural,35-39,7452,3921,3531,3233,1234,1999,4219,2687,1532
12,259,lohit,Rural,40-44,6023,3306,2717,3020,1212,1808,3003,2094,909
12,259,lohit,Rural,45-49,5044,2785,2259,2665,1082,1583,2379,1703,676
12,259,lohit,Rural,50-54,3651,2096,1555,2014,871,1143,1637,1225,412
12,259,lohit,Rural,55-59,2528,1434,1094,1504,650,854,1024,784,240
12,259,lohit,Rural,60-64,2269,1271,998,1482,652,830,787,619,168
12,259,lohit,Rural,65-69,1413,749,664,956,383,573,457,366,91
12,259,lohit,Rural,70-74,1049,594,455,751,346,405,298,248,50
12,259,lohit,Rural,75-79,466,257,209,327,139,188,139,118,21
12,259,lohit,Rural,80+,732,369,363,509,201,308,223,168,55
12,259,lohit,Rural,Age not stated,108,65,43,39,15,24,69,50,19
12,259,lohit,Urban,All ages,32430,17230,15200,9620,4302,5318,22810,12928,9882
12,259,lohit,Urban,0-6,4202,2137,2065,4202,2137,2065,0,0,0
12,259,lohit,Urban,7,710,355,355,180,82,98,530,273,257
12,259,lohit,Urban,8,733,374,359,115,55,60,618,319,299
12,259,lohit,Urban,9,675,351,324,69,32,37,606,319,287
12,259,lohit,Urban,10,766,438,328,89,49,40,677,389,288
12,259,lohit,Urban,11,784,397,387,73,29,44,711,368,343
12,259,lohit,Urban,12,750,406,344,71,36,35,679,370,309
12,259,lohit,Urban,13,722,357,365,55,21,34,667,336,331
12,259,lohit,Urban,14,811,440,371,67,31,36,744,409,335
12,259,lohit,Urban,15,807,448,359,76,35,41,731,413,318
12,259,lohit,Urban,16,770,377,393,67,27,40,703,350,353
12,259,lohit,Urban,17,771,412,359,65,24,41,706,388,318
12,259,lohit,Urban,18,849,455,394,111,47,64,738,408,330
12,259,lohit,Urban,19,722,370,352,85,30,55,637,340,297
12,259,lohit,Urban,20-24,3328,1657,1671,528,205,323,2800,1452,1348
12,259,lohit,Urban,25-29,2954,1550,1404,546,202,344,2408,1348,1060
12,259,lohit,Urban,30-34,2460,1249,1211,511,180,331,1949,1069,880
12,259,lohit,Urban,35-39,2393,1169,1224,593,183,410,1800,986,814
12,259,lohit,Urban,40-44,2203,1231,972,544,227,317,1659,1004,655
12,259,lohit,Urban,45-49,1893,1085,808,467,185,282,1426,900,526
12,259,lohit,Urban,50-54,1349,862,487,365,154,211,984,708,276
12,259,lohit,Urban,55-59,685,478,207,199,98,101,486,380,106
12,259,lohit,Urban,60-64,421,257,164,187,87,100,234,170,64
12,259,lohit,Urban,65-69,252,154,98,128,61,67,124,93,31
12,259,lohit,Urban,70-74,148,74,74,89,30,59,59,44,15
12,259,lohit,Urban,75-79,99,53,46,53,18,35,46,35,11
12,259,lohit,Urban,80+,133,67,66,69,26,43,64,41,23
12,259,lohit,Urban,Age not stated,40,27,13,16,11,5,24,16,8
12,260,anjaw,Total,All ages,21167,11507,9660,11177,4984,6193,9990,6523,3467
12,260,anjaw,Total,0-6,3472,1744,1728,3472,1744,1728,0,0,0
12,260,anjaw,Total,7,584,279,305,261,103,158,323,176,147
12,260,anjaw,Total,8,544,272,272,181,84,97,363,188,175
12,260,anjaw,Total,9,485,241,244,124,54,70,361,187,174
12,260,anjaw,Total,10,582,298,284,141,66,75,441,232,209
12,260,anjaw,Total,11,532,309,223,104,53,51,428,256,172
12,260,anjaw,Total,12,582,343,239,76,37,39,506,306,200
12,260,anjaw,Total,13,513,287,226,68,34,34,445,253,192
12,260,anjaw,Total,14,493,270,223,62,22,40,431,248,183
12,260,anjaw,Total,15,529,299,230,68,32,36,461,267,194
12,260,anjaw,Total,16,418,238,180,83,37,46,335,201,134
12,260,anjaw,Total,17,367,204,163,89,45,44,278,159,119
12,260,anjaw,Total,18,372,184,188,114,43,71,258,141,117
12,260,anjaw,Total,19,350,194,156,111,52,59,239,142,97
12,260,anjaw,Total,20-24,1996,1084,912,750,292,458,1246,792,454
12,260,anjaw,Total,25-29,2094,1250,844,768,299,469,1326,951,375
12,260,anjaw,Total,30-34,1549,902,647,681,247,434,868,655,213
12,260,anjaw,Total,35-39,1333,753,580,694,256,438,639,497,142
12,260,anjaw,Total,40-44,1029,614,415,610,251,359,419,363,56
12,260,anjaw,Total,45-49,844,464,380,595,263,332,249,201,48
12,260,anjaw,Total,50-54,648,361,287,511,244,267,137,117,20
12,260,anjaw,Total,55-59,485,249,236,405,172,233,80,77,3
12,260,anjaw,Total,60-64,484,235,249,442,203,239,42,32,10
12,260,anjaw,Total,65-69,357,161,196,328,142,186,29,19,10
12,260,anjaw,Total,70-74,217,114,103,205,106,99,12,8,4
12,260,anjaw,Total,75-79,95,37,58,92,34,58,3,3,0
12,260,anjaw,Total,80+,170,95,75,127,62,65,43,33,10
12,260,anjaw,Total,Age not stated,43,26,17,15,7,8,28,19,9
12,260,anjaw,Rural,All ages,20185,10882,9303,10917,4809,6108,9268,6073,3195
12,260,anjaw,Rural,0-6,3389,1705,1684,3389,1705,1684,0,0,0
12,260,anjaw,Rural,7,573,276,297,259,103,156,314,173,141
12,260,anjaw,Rural,8,539,269,270,180,84,96,359,185,174
12,260,anjaw,Rural,9,473,231,242,124,54,70,349,177,172
12,260,anjaw,Rural,10,569,291,278,140,66,74,429,225,204
12,260,anjaw,Rural,11,515,304,211,104,53,51,411,251,160
12,260,anjaw,Rural,12,540,324,216,76,37,39,464,287,177
12,260,anjaw,Rural,13,460,265,195,67,33,34,393,232,161
12,260,anjaw,Rural,14,423,238,185,59,21,38,364,217,147
12,260,anjaw,Rural,15,471,263,208,64,28,36,407,235,172
12,260,anjaw,Rural,16,363,206,157,77,31,46,286,175,111
12,260,anjaw,Rural,17,345,192,153,87,43,44,258,149,109
12,260,anjaw,Rural,18,346,166,180,109,39,70,237,127,110
12,260,anjaw,Rural,19,329,177,152,104,45,59,225,132,93
12,260,anjaw,Rural,20-24,1864,981,883,707,255,452,1157,726,431
12,260,anjaw,Rural,25-29,1974,1169,805,740,276,464,1234,893,341
12,260,anjaw,Rural,30-34,1474,846,628,668,239,429,806,607,199
12,260,anjaw,Rural,35-39,1283,716,567,683,252,431,600,464,136
12,260,anjaw,Rural,40-44,984,578,406,592,238,354,392,340,52
12,260,anjaw,Rural,45-49,813,439,374,584,255,329,229,184,45
12,260,anjaw,Rural,50-54,635,350,285,503,237,266,132,113,19
12,260,anjaw,Rural,55-59,474,239,235,399,167,232,75,72,3
12,260,anjaw,Rural,60-64,479,232,247,439,201,238,40,31,9
12,260,anjaw,Rural,65-69,354,160,194,327,141,186,27,19,8
12,260,anjaw,Rural,70-74,215,112,103,204,105,99,11,7,4
12,260,anjaw,Rural,75-79,95,37,58,92,34,58,3,3,0
12,260,anjaw,Rural,80+,167,92,75,125,60,65,42,32,10
12,260,anjaw,Rural,Age not stated,39,24,15,15,7,8,24,17,7
12,260,anjaw,Urban,All ages,982,625,357,260,175,85,722,450,272
12,260,anjaw,Urban,0-6,83,39,44,83,39,44,0,0,0
12,260,anjaw,Urban,7,11,3,8,2,0,2,9,3,6
12,260,anjaw,Urban,8,5,3,2,1,0,1,4,3,1
12,260,anjaw,Urban,9,12,10,2,0,0,0,12,10,2
12,260,anjaw,Urban,10,13,7,6,1,0,1,12,7,5
12,260,anjaw,Urban,11,17,5,12,0,0,0,17,5,12
12,260,anjaw,Urban,12,42,19,23,0,0,0,42,19,23
12,260,anjaw,Urban,13,53,22,31,1,1,0,52,21,31
12,260,anjaw,Urban,14,70,32,38,3,1,2,67,31,36
12,260,anjaw,Urban,15,58,36,22,4,4,0,54,32,22
12,260,anjaw,Urban,16,55,32,23,6,6,0,49,26,23
12,260,anjaw,Urban,17,22,12,10,2,2,0,20,10,10
12,260,anjaw,Urban,18,26,18,8,5,4,1,21,14,7
12,260,anjaw,Urban,19,21,17,4,7,7,0,14,10,4
12,260,anjaw,Urban,20-24,132,103,29,43,37,6,89,66,23
12,260,anjaw,Urban,25-29,120,81,39,28,23,5,92,58,34
12,260,anjaw,Urban,30-34,75,56,19,13,8,5,62,48,14
12,260,anjaw,Urban,35-39,50,37,13,11,4,7,39,33,6
12,260,anjaw,Urban,40-44,45,36,9,18,13,5,27,23,4
12,260,anjaw,Urban,45-49,31,25,6,11,8,3,20,17,3
12,260,anjaw,Urban,50-54,13,11,2,8,7,1,5,4,1
12,260,anjaw,Urban,55-59,11,10,1,6,5,1,5,5,0
12,260,anjaw,Urban,60-64,5,3,2,3,2,1,2,1,1
12,260,anjaw,Urban,65-69,3,1,2,1,1,0,2,0,2
12,260,anjaw,Urban,70-74,2,2,0,1,1,0,1,1,0
12,260,anjaw,Urban,75-79,0,0,0,0,0,0,0,0,0
12,260,anjaw,Urban,80+,3,3,0,2,2,0,1,1,0
12,260,anjaw,Urban,Age not stated,4,2,2,0,0,0,4,2,2
25,494,diu,Total,All ages,52074,25642,26432,14016,5315,8701,38058,20327,17731
25,494,diu,Total,0-6,6476,3357,3119,6476,3357,3119,0,0,0
25,494,diu,Total,7,1073,574,499,178,109,69,895,465,430
25,494,diu,Total,8,1121,573,548,33,19,14,1088,554,534
25,494,diu,Total,9,1078,560,518,19,10,9,1059,550,509
25,494,diu,Total,10,1126,571,555,19,11,8,1107,560,547
25,494,diu,Total,11,1248,652,596,16,6,10,1232,646,586
25,494,diu,Total,12,1173,604,569,10,5,5,1163,599,564
25,494,diu,Total,13,1127,555,572,11,6,5,1116,549,567
25,494,diu,Total,14,1119,576,543,7,4,3,1112,572,540
25,494,diu,Total,15,1108,549,559,15,10,5,1093,539,554
25,494,diu,Total,16,1098,579,519,11,4,7,1087,575,512
25,494,diu,Total,17,1112,533,579,14,8,6,1098,525,573
25,494,diu,Total,18,1047,542,505,16,7,9,1031,535,496
25,494,diu,Total,19,1102,518,584,23,7,16,1079,511,568
25,494,diu,Total,20-24,4892,2520,2372,214,74,140,4678,2446,2232
25,494,diu,Total,25-29,4575,2265,2310,409,105,304,4166,2160,2006
25,494,diu,Total,30-34,4167,2073,2094,675,193,482,3492,1880,1612
25,494,diu,Total,35-39,3875,1976,1899,919,248,671,2956,1728,1228
25,494,diu,Total,40-44,3261,1654,1607,860,246,614,2401,1408,993
25,494,diu,Total,45-49,2629,1258,1371,771,208,563,1858,1050,808
25,494,diu,Total,50-54,2006,936,1070,660,158,502,1346,778,568
25,494,diu,Total,55-59,1713,759,954,609,135,474,1104,624,480
25,494,diu,Total,60-64,1412,568,844,629,114,515,783,454,329
25,494,diu,Total,65-69,913,350,563,446,97,349,467,253,214
25,494,diu,Total,70-74,775,271,504,459,92,367,316,179,137
25,494,diu,Total,75-79,428,148,280,258,47,211,170,101,69
25,494,diu,Total,80+,352,93,259,236,28,208,116,65,51
25,494,diu,Total,Age not stated,68,28,40,23,7,16,45,21,24
25,494,diu,Rural,All ages,28083,14028,14055,9887,3765,6122,18196,10263,7933
25,494,diu,Rural,0-6,4019,2063,1956,4019,2063,1956,0,0,0
25,494,diu,Rural,7,653,353,300,130,83,47,523,270,253
25,494,diu,Rural,8,694,351,343,26,14,12,668,337,331
25,494,diu,Rural,9,668,336,332,10,6,4,658,330,328
25,494,diu,Rural,10,720,360,360,12,5,7,708,355,353
25,494,diu,Rural,11,764,403,361,10,4,6,754,399,355
25,494,diu,Rural,12,747,394,353,8,4,4,739,390,349
25,494,diu,Rural,13,706,348,358,9,5,4,697,343,354
25,494,diu,Rural,14,695,362,333,5,4,1,690,358,332
25,494,diu,Rural,15,703,362,341,8,5,3,695,357,338
25,494,diu,Rural,16,648,341,307,5,1,4,643,340,303
25,494,diu,Rural,17,661,310,351,10,6,4,651,304,347
25,494,diu,Rural,18,590,306,284,10,4,6,580,302,278
25,494,diu,Rural,19,623,301,322,17,5,12,606,296,310
25,494,diu,Rural,20-24,2784,1491,1293,184,61,123,2600,1430,1170
25,494,diu,Rural,25-29,2477,1241,1236,370,101,269,2107,1140,967
25,494,diu,Rural,30-34,2107,1068,1039,595,166,429,1512,902,610
25,494,diu,Rural,35-39,1886,962,924,826,228,598,1060,734,326
25,494,diu,Rural,40-44,1514,760,754,745,216,529,769,544,225
25,494,diu,Rural,45-49,1209,599,610,645,189,456,564,410,154
25,494,diu,Rural,50-54,893,418,475,523,140,383,370,278,92
25,494,diu,Rural,55-59,679,298,381,448,122,326,231,176,55
25,494,diu,Rural,60-64,596,223,373,430,102,328,166,121,45
25,494,diu,Rural,65-69,376,157,219,284,86,198,92,71,21
25,494,diu,Rural,70-74,330,120,210,274,80,194,56,40,16
25,494,diu,Rural,75-79,155,51,104,139,39,100,16,12,4
25,494,diu,Rural,80+,149,34,115,128,21,107,21,13,8
25,494,diu,Rural,Age not stated,37,16,21,17,5,12,20,11,9
25,494,diu,Urban,All ages,23991,11614,12377,4129,1550,2579,19862,10064,9798
25,494,diu,Urban,0-6,2457,1294,1163,2457,1294,1163,0,0,0
25,494,diu,Urban,7,420,221,199,48,26,22,372,195,177
25,494,diu,Urban,8,427,222,205,7,5,2,420,217,203
25,494,diu,Urban,9,410,224,186,9,4,5,401,220,181
25,494,diu,Urban,10,406,211,195,7,6,1,399,205,194
25,494,diu,Urban,11,484,249,235,6,2,4,478,247,231
25,494,diu,Urban,12,426,210,216,2,1,1,424,209,215
25,494,diu,Urban,13,421,207,214,2,1,1,419,206,213
25,494,diu,Urban,14,424,214,210,2,0,2,422,214,208
25,494,diu,Urban,15,405,187,218,7,5,2,398,182,216
25,494,diu,Urban,16,450,238,212,6,3,3,444,235,209
25,494,diu,Urban,17,451,223,228,4,2,2,447,221,226
25,494,diu,Urban,18,457,236,221,6,3,3,451,233,218
25,494,diu,Urban,19,479,217,262,6,2,4,473,215,258
25,494,diu,Urban,20-24,2108,1029,1079,30,13,17,2078,1016,1062
25,494,diu,Urban,25-29,2098,1024,1074,39,4,35,2059,1020,1039
25,494,diu,Urban,30-34,2060,1005,1055,80,27,53,1980,978,1002
25,494,diu,Urban,35-39,1989,1014,975,93,20,73,1896,994,902
25,494,diu,Urban,40-44,1747,894,853,115,30,85,1632,864,768
25,494,diu,Urban,45-49,1420,659,761,126,19,107,1294,640,654
25,494,diu,Urban,50-54,1113,518,595,137,18,119,976,500,476
25,494,diu,Urban,55-59,1034,461,573,161,13,148,873,448,425
25,494,diu,Urban,60-64,816,345,471,199,12,187,617,333,284
25,494,diu,Urban,65-69,537,193,344,162,11,151,375,182,193
25,494,diu,Urban,70-74,445,151,294,185,12,173,260,139,121
25,494,diu,Urban,75-79,273,97,176,119,8,111,154,89,65
25,494,diu,Urban,80+,203,59,144,108,7,101,95,52,43
25,494,diu,Urban,Age not stated,31,12,19,6,2,4,25,10,15
25,495,daman,Total,All ages,191173,124659,66514,40825,20343,20482,150348,104316,46032
25,495,daman,Total,0-6,20458,10787,9671,20458,10787,9671,0,0,0
25,495,daman,Total,7,2697,1424,1273,505,261,244,2192,1163,1029
25,495,daman,Total,8,2527,1361,1166,228,114,114,2299,1247,1052
25,495,daman,Total,9,2234,1212,1022,129,63,66,2105,1149,956
25,495,daman,Total,10,2606,1411,1195,162,75,87,2444,1336,1108
25,495,daman,Total,11,2349,1288,1061,98,42,56,2251,1246,1005
25,495,daman,Total,12,2205,1214,991,81,39,42,2124,1175,949
25,495,daman,Total,13,2162,1192,970,65,36,29,2097,1156,941
25,495,daman,Total,14,2206,1237,969,110,63,47,2096,1174,922
25,495,daman,Total,15,2442,1519,923,155,101,54,2287,1418,869
25,495,daman,Total,16,2778,1842,936,172,116,56,2606,1726,880
25,495,daman,Total,17,3399,2515,884,263,202,61,3136,2313,823
25,495,daman,Total,18,6552,5235,1317,621,495,126,5931,4740,1191
25,495,daman,Total,19,5676,4407,1269,438,328,110,5238,4079,1159
25,495,daman,Total,20-24,33692,25405,8287,2924,1835,1089,30768,23570,7198
25,495,daman,Total,25-29,28606,19779,8827,2806,1437,1369,25800,18342,7458
25,495,daman,Total,30-34,19864,13241,6623,2024,970,1054,17840,12271,5569
25,495,daman,Total,35-39,15675,10279,5396,1768,832,936,13907,9447,4460
25,495,daman,Total,40-44,10340,6730,3610,1416,637,779,8924,6093,2831
25,495,daman,Total,45-49,6989,4391,2598,1287,519,768,5702,3872,1830
25,495,daman,Total,50-54,4604,2710,1894,1014,340,674,3590,2370,1220
25,495,daman,Total,55-59,3343,1817,1526,870,252,618,2473,1565,908
25,495,daman,Total,60-64,2896,1409,1487,1067,290,777,1829,1119,710
25,495,daman,Total,65-69,1840,832,1008,788,175,613,1052,657,395
25,495,daman,Total,70-74,1328,570,758,637,145,492,691,425,266
25,495,daman,Total,75-79,639,289,350,299,66,233,340,223,117
25,495,daman,Total,80+,778,343,435,403,101,302,375,242,133
25,495,daman,Total,Age not stated,288,220,68,37,22,15,251,198,53
25,495,daman,Rural,All ages,32313,18367,13946,7420,3101,4319,24893,15266,9627
25,495,daman,Rural,0-6,3419,1786,1633,3419,1786,1633,0,0,0
25,495,daman,Rural,7,523,269,254,81,46,35,442,223,219
25,495,daman,Rural,8,500,269,231,26,14,12,474,255,219
25,495,daman,Rural,9,465,247,218,15,9,6,450,238,212
25,495,daman,Rural,10,601,308,293,23,15,8,578,293,285
25,495,daman,Rural,11,566,319,247,11,6,5,555,313,242
25,495,daman,Rural,12,518,280,238,11,6,5,507,274,233
25,495,daman,Rural,13,525,272,253,7,4,3,518,268,250
25,495,daman,Rural,14,493,256,237,11,4,7,482,252,230
25,495,daman,Rural,15,519,298,221,13,7,6,506,291,215
25,495,daman,Rural,16,566,336,230,10,6,4,556,330,226
25,495,daman,Rural,17,632,394,238,27,20,7,605,374,231
25,495,daman,Rural,18,894,602,292,50,40,10,844,562,282
25,495,daman,Rural,19,819,516,303,44,29,15,775,487,288
25,495,daman,Rural,20-24,4240,2626,1614,258,116,142,3982,2510,1472
25,495,daman,Rural,25-29,3648,2175,1473,265,109,156,3383,2066,1317
25,495,daman,Rural,30-34,2970,1755,1215,261,102,159,2709,1653,1056
25,495,daman,Rural,35-39,2795,1639,1156,303,90,213,2492,1549,943
25,495,daman,Rural,40-44,1975,1145,830,317,87,230,1658,1058,600
25,495,daman,Rural,45-49,1557,897,660,379,116,263,1178,781,397
25,495,daman,Rural,50-54,1197,629,568,369,80,289,828,549,279
25,495,daman,Rural,55-59,868,442,426,358,87,271,510,355,155
25,495,daman,Rural,60-64,792,369,423,428,120,308,364,249,115
25,495,daman,Rural,65-69,494,217,277,284,74,210,210,143,67
25,495,daman,Rural,70-74,345,155,190,221,67,154,124,88,36
25,495,daman,Rural,75-79,159,61,98,103,21,82,56,40,16
25,495,daman,Rural,80+,187,78,109,122,38,84,65,40,25
25,495,daman,Rural,Age not stated,46,27,19,4,2,2,42,25,17
25,495,daman,Urban,All ages,158860,106292,52568,33405,17242,16163,125455,89050,36405
25,495,daman,Urban,0-6,17039,9001,8038,17039,9001,8038,0,0,0
25,495,daman,Urban,7,2174,1155,1019,424,215,209,1750,940,810
25,495,daman,Urban,8,2027,1092,935,202,100,102,1825,992,833
25,495,daman,Urban,9,1769,965,804,114,54,60,1655,911,744
25,495,daman,Urban,10,2005,1103,902,139,60,79,1866,1043,823
25,495,daman,Urban,11,1783,969,814,87,36,51,1696,933,763
25,495,daman,Urban,12,1687,934,753,70,33,37,1617,901,716
25,495,daman,Urban,13,1637,920,717,58,32,26,1579,888,691
25,495,daman,Urban,14,1713,981,732,99,59,40,1614,922,692
25,495,daman,Urban,15,1923,1221,702,142,94,48,1781,1127,654
25,495,daman,Urban,16,2212,1506,706,162,110,52,2050,1396,654
25,495,daman,Urban,17,2767,2121,646,236,182,54,2531,1939,592
25,495,daman,Urban,18,5658,4633,1025,571,455,116,5087,4178,909
25,495,daman,Urban,19,4857,3891,966,394,299,95,4463,3592,871
25,495,daman,Urban,20-24,29452,22779,6673,2666,1719,947,26786,21060,5726
25,495,daman,Urban,25-29,24958,17604,7354,2541,1328,1213,22417,16276,6141
25,495,daman,Urban,30-34,16894,11486,5408,1763,868,895,15131,10618,4513
25,495,daman,Urban,35-39,12880,8640,4240,1465,742,723,11415,7898,3517
25,495,daman,Urban,40-44,8365,5585,2780,1099,550,549,7266,5035,2231
25,495,daman,Urban,45-49,5432,3494,1938,908,403,505,4524,3091,1433
25,495,daman,Urban,50-54,3407,2081,1326,645,260,385,2762,1821,941
25,495,daman,Urban,55-59,2475,1375,1100,512,165,347,1963,1210,753
25,495,daman,Urban,60-64,2104,1040,1064,639,170,469,1465,870,595
25,495,daman,Urban,65-69,1346,615,731,504,101,403,842,514,328
25,495,daman,Urban,70-74,983,415,568,416,78,338,567,337,230
25,495,daman,Urban,75-79,480,228,252,196,45,151,284,183,101
25,495,daman,Urban,80+,591,265,326,281,63,218,310,202,108
25,495,daman,Urban,Age not stated,242,193,49,33,20,13,209,173,36
28,532,adilabad,Total,All ages,2741239,1369597,1371642,1257892,513247,744645,1483347,856350,626997
28,532,adilabad,Total,0-6,309992,160291,149701,309992,160291,149701,0,0,0
28,532,adilabad,Total,7,52563,26989,25574,13729,7005,6724,38834,19984,18850
28,532,adilabad,Total,8,51576,26481,25095,7155,3544,3611,44421,22937,21484
28,532,adilabad,Total,9,51143,26079,25064,4996,2370,2626,46147,23709,22438
28,532,adilabad,Total,10,63068,32472,30596,6013,2858,3155,57055,29614,27441
28,532,adilabad,Total,11,56028,28647,27381,4067,1825,2242,51961,26822,25139
28,532,adilabad,Total,12,61168,31187,29981,4808,2056,2752,56360,29131,27229
28,532,adilabad,Total,13,55082,27882,27200,3883,1611,2272,51199,26271,24928
28,532,adilabad,Total,14,56467,28612,27855,4826,2031,2795,51641,26581,25060
28,532,adilabad,Total,15,58922,30019,28903,6263,2708,3555,52659,27311,25348
28,532,adilabad,Total,16,56131,28282,27849,5724,2326,3398,50407,25956,24451
28,532,adilabad,Total,17,51388,26785,24603,5257,2147,3110,46131,24638,21493
28,532,adilabad,Total,18,63948,32342,31606,8682,3142,5540,55266,29200,26066
28,532,adilabad,Total,19,50194,25456,24738,7000,2415,4585,43194,23041,20153
28,532,adilabad,Total,20-24,260882,131538,129344,54294,17455,36839,206588,114083,92505
28,532,adilabad,Total,25-29,237826,117622,120204,77960,24947,53013,159866,92675,67191
28,532,adilabad,Total,30-34,205149,101640,103509,88943,29492,59451,116206,72148,44058
28,532,adilabad,Total,35-39,195268,95843,99425,103208,35428,67780,92060,60415,31645
28,532,adilabad,Total,40-44,164943,83096,81847,101469,38910,62559,63474,44186,19288
28,532,adilabad,Total,45-49,139191,70290,68901,92462,37010,55452,46729,33280,13449
28,532,adilabad,Total,50-54,106868,54829,52039,74639,31170,43469,32229,23659,8570
28,532,adilabad,Total,55-59,83269,38043,45226,60376,21262,39114,22893,16781,6112
28,532,adilabad,Total,60-64,91285,41573,49712,72141,27452,44689,19144,14121,5023
28,532,adilabad,Total,65-69,60783,27572,33211,48794,18698,30096,11989,8874,3115
28,532,adilabad,Total,70-74,41190,19056,22134,34030,13601,20429,7160,5455,1705
28,532,adilabad,Total,75-79,17166,7497,9669,14008,5189,8819,3158,2308,850
28,532,adilabad,Total,80+,21961,8897,13064,17139,5761,11378,4822,3136,1686
28,532,adilabad,Total,Age not stated,77788,40577,37211,26034,10543,15491,51754,30034,21720
28,532,adilabad,Rural,All ages,1980980,985303,995677,1015273,416270,599003,965707,569033,396674
28,532,adilabad,Rural,0-6,234207,120918,113289,234207,120918,113289,0,0,0
28,532,adilabad,Rural,7,39643,20229,19414,10693,5416,5277,28950,14813,14137
28,532,adilabad,Rural,8,39532,20175,19357,5876,2877,2999,33656,17298,16358
28,532,adilabad,Rural,9,38344,19457,18887,4053,1886,2167,34291,17571,16720
28,532,adilabad,Rural,10,47186,24246,22940,4926,2303,2623,42260,21943,20317
28,532,adilabad,Rural,11,41006,20936,20070,3354,1481,1873,37652,19455,18197
28,532,adilabad,Rural,12,45774,23226,22548,4167,1714,2453,41607,21512,20095
28,532,adilabad,Rural,13,40173,20445,19728,3376,1376,2000,36797,19069,17728
28,532,adilabad,Rural,14,41358,21037,20321,4208,1741,2467,37150,19296,17854
28,532,adilabad,Rural,15,42838,21924,20914,5440,2308,3132,37398,19616,17782
28,532,adilabad,Rural,16,40309,20484,19825,5019,1986,3033,35290,18498,16792
28,532,adilabad,Rural,17,36161,19028,17133,4491,1779,2712,31670,17249,14421
28,532,adilabad,Rural,18,45834,23189,22645,7547,2636,4911,38287,20553,17734
28,532,adilabad,Rural,19,34362,17524,16838,6019,2032,3987,28343,15492,12851
28,532,adilabad,Rural,20-24,179532,90479,89053,47133,14944,32189,132399,75535,56864
28,532,adilabad,Rural,25-29,167652,81999,85653,67958,21809,46149,99694,60190,39504
28,532,adilabad,Rural,30-34,147261,72603,74658,76308,25775,50533,70953,46828,24125
28,532,adilabad,Rural,35-39,139414,68801,70613,85663,30567,55096,53751,38234,15517
28,532,adilabad,Rural,40-44,115603,58424,57179,81460,32622,48838,34143,25802,8341
28,532,adilabad,Rural,45-49,95833,48101,47732,72145,29740,42405,23688,18361,5327
28,532,adilabad,Rural,50-54,74879,37474,37405,58862,24977,33885,16017,12497,3520
28,532,adilabad,Rural,55-59,60377,26049,34328,48841,17245,31596,11536,8804,2732
28,532,adilabad,Rural,60-64,71348,32205,39143,60125,23496,36629,11223,8709,2514
28,532,adilabad,Rural,65-69,47872,21615,26257,40661,15979,24682,7211,5636,1575
28,532,adilabad,Rural,70-74,32261,14964,17297,28037,11576,16461,4224,3388,836
28,532,adilabad,Rural,75-79,13242,5751,7491,11430,4367,7063,1812,1384,428
28,532,adilabad,Rural,80+,16560,6722,9838,13710,4780,8930,2850,1942,908
28,532,adilabad,Rural,Age not stated,52419,27298,25121,19564,7940,11624,32855,19358,13497
28,532,adilabad,Urban,All ages,760259,384294,375965,242619,96977,145642,517640,287317,230323
28,532,adilabad,Urban,0-6,75785,39373,36412,75785,39373,36412,0,0,0
28,532,adilabad,Urban,7,12920,6760,6160,3036,1589,1447,9884,5171,4713
28,532,adilabad,Urban,8,12044,6306,5738,1279,667,612,10765,5639,5126
28,532,adilabad,Urban,9,12799,6622,6177,943,484,459,11856,6138,5718
28,532,adilabad,Urban,10,15882,8226,7656,1087,555,532,14795,7671,7124
28,532,adilabad,Urban,11,15022,7711,7311,713,344,369,14309,7367,6942
28,532,adilabad,Urban,12,15394,7961,7433,641,342,299,14753,7619,7134
28,532,adilabad,Urban,13,14909,7437,7472,507,235,272,14402,7202,7200
28,532,adilabad,Urban,14,15109,7575,7534,618,290,328,14491,7285,7206
28,532,adilabad,Urban,15,16084,8095,7989,823,400,423,15261,7695,7566
28,532,adilabad,Urban,16,15822,7798,8024,705,340,365,15117,7458,7659
28,532,adilabad,Urban,17,15227,7757,7470,766,368,398,14461,7389,7072
28,532,adilabad,Urban,18,18114,9153,8961,1135,506,629,16979,8647,8332
28,532,adilabad,Urban,19,15832,7932,7900,981,383,598,14851,7549,7302
28,532,adilabad,Urban,20-24,81350,41059,40291,7161,2511,4650,74189,38548,35641
28,532,adilabad,Urban,25-29,70174,35623,34551,10002,3138,6864,60172,32485,27687
28,532,adilabad,Urban,30-34,57888,29037,28851,12635,3717,8918,45253,25320,19933
28,532,adilabad,Urban,35-39,55854,27042,28812,17545,4861,12684,38309,22181,16128
28,532,adilabad,Urban,40-44,49340,24672,24668,20009,6288,13721,29331,18384,10947
28,532,adilabad,Urban,45-49,43358,22189,21169,20317,7270,13047,23041,14919,8122
28,532,adilabad,Urban,50-54,31989,17355,14634,15777,6193,9584,16212,11162,5050
28,532,adilabad,Urban,55-59,22892,11994,10898,11535,4017,7518,11357,7977,3380
28,532,adilabad,Urban,60-64,19937,9368,10569,12016,3956,8060,7921,5412,2509
28,532,adilabad,Urban,65-69,12911,5957,6954,8133,2719,5414,4778,3238,1540
28,532,adilabad,Urban,70-74,8929,4092,4837,5993,2025,3968,2936,2067,869
28,532,adilabad,Urban,75-79,3924,1746,2178,2578,822,1756,1346,924,422
28,532,adilabad,Urban,80+,5401,2175,3226,3429,981,2448,1972,1194,778
28,532,adilabad,Urban,Age not stated,25369,13279,12090,6470,2603,3867,18899,10676,8223
28,533,nizamabad,Total,All ages,2551335,1250641,1300694,1161525,460427,701098,1389810,790214,599596
28,533,nizamabad,Total,0-6,282417,144977,137440,282417,144977,137440,0,0,0
28,533,nizamabad,Total,7,46246,23530,22716,12357,6239,6118,33889,17291,16598
28,533,nizamabad,Total,8,47397,23967,23430,6439,3192,3247,40958,20775,20183
28,533,nizamabad,Total,9,47015,23676,23339,3895,1861,2034,43120,21815,21305
28,533,nizamabad,Total,10,56659,29042,27617,4833,2251,2582,51826,26791,25035
28,533,nizamabad,Total,11,50940,25998,24942,2983,1365,1618,47957,24633,23324
28,533,nizamabad,Total,12,54907,28217,26690,3502,1532,1970,51405,26685,24720
28,533,nizamabad,Total,13,50602,25651,24951,2699,1135,1564,47903,24516,23387
28,533,nizamabad,Total,14,51891,26191,25700,3205,1309,1896,48686,24882,23804
28,533,nizamabad,Total,15,52603,27204,25399,4261,1900,2361,48342,25304,23038
28,533,nizamabad,Total,16,48161,24725,23436,3881,1723,2158,44280,23002,21278
28,533,nizamabad,Total,17,44712,23073,21639,3537,1526,2011,41175,21547,19628
28,533,nizamabad,Total,18,56690,28283,28407,6728,2518,4210,49962,25765,24197
28,533,nizamabad,Total,19,44222,21856,22366,5521,1861,3660,38701,19995,18706
28,533,nizamabad,Total,20-24,238689,116429,122260,46306,15066,31240,192383,101363,91020
28,533,nizamabad,Total,25-29,226622,109245,117377,70733,22766,47967,155889,86479,69410
28,533,nizamabad,Total,30-34,194416,94357,100059,81165,26616,54549,113251,67741,45510
28,533,nizamabad,Total,35-39,192968,94291,98677,97561,32658,64903,95407,61633,33774
28,533,nizamabad,Total,40-44,157554,80339,77215,91260,34276,56984,66294,46063,20231
28,533,nizamabad,Total,45-49,131463,65879,65584,84073,32153,51920,47390,33726,13664
28,533,nizamabad,Total,50-54,103161,49899,53262,70868,26973,43895,32293,22926,9367
28,533,nizamabad,Total,55-59,83669,36156,47513,59880,19501,40379,23789,16655,7134
28,533,nizamabad,Total,60-64,98405,43530,54875,76321,27437,48884,22084,16093,5991
28,533,nizamabad,Total,65-69,63522,28332,35190,50271,18583,31688,13251,9749,3502
28,533,nizamabad,Total,70-74,45906,20440,25466,37863,14378,23485,8043,6062,1981
28,533,nizamabad,Total,75-79,18744,7934,10810,15177,5292,9885,3567,2642,925
28,533,nizamabad,Total,80+,24166,8879,15287,19216,5789,13427,4950,3090,1860
28,533,nizamabad,Total,Age not stated,37588,18541,19047,14573,5550,9023,23015,12991,10024
28,533,nizamabad,Rural,All ages,1962963,958837,1004126,975369,385653,589716,987594,573184,414410
28,533,nizamabad,Rural,0-6,214946,110596,104350,214946,110596,104350,0,0,0
28,533,nizamabad,Rural,7,35266,17892,17374,10067,5068,4999,25199,12824,12375
28,533,nizamabad,Rural,8,36466,18454,18012,5249,2609,2640,31217,15845,15372
28,533,nizamabad,Rural,9,35876,18138,17738,3117,1484,1633,32759,16654,16105
28,533,nizamabad,Rural,10,43336,22274,21062,3876,1777,2099,39460,20497,18963
28,533,nizamabad,Rural,11,38870,19927,18943,2357,1047,1310,36513,18880,17633
28,533,nizamabad,Rural,12,42548,21849,20699,2900,1227,1673,39648,20622,19026
28,533,nizamabad,Rural,13,39012,19797,19215,2194,882,1312,36818,18915,17903
28,533,nizamabad,Rural,14,40065,20310,19755,2689,1070,1619,37376,19240,18136
28,533,nizamabad,Rural,15,40159,20825,19334,3549,1528,2021,36610,19297,17313
28,533,nizamabad,Rural,16,36757,19105,17652,3199,1385,1814,33558,17720,15838
28,533,nizamabad,Rural,17,33472,17495,15977,2826,1143,1683,30646,16352,14294
28,533,nizamabad,Rural,18,43782,22081,21701,5728,2051,3677,38054,20030,18024
28,533,nizamabad,Rural,19,33054,16476,16578,4617,1499,3118,28437,14977,13460
28,533,nizamabad,Rural,20-24,178806,87810,90996,39812,12465,27347,138994,75345,63649
28,533,nizamabad,Rural,25-29,171192,82306,88886,61917,19602,42315,109275,62704,46571
28,533,nizamabad,Rural,30-34,147700,71166,76534,71233,23218,48015,76467,47948,28519
28,533,nizamabad,Rural,35-39,148374,71950,76424,85484,28753,56731,62890,43197,19693
28,533,nizamabad,Rural,40-44,120701,60576,60125,79289,30014,49275,41412,30562,10850
28,533,nizamabad,Rural,45-49,101983,50399,51584,73019,28506,44513,28964,21893,7071
28,533,nizamabad,Rural,50-54,80494,38608,41886,61254,24006,37248,19240,14602,4638
28,533,nizamabad,Rural,55-59,65741,27597,38144,51767,17251,34516,13974,10346,3628
28,533,nizamabad,Rural,60-64,80647,35283,45364,66623,24611,42012,14024,10672,3352
28,533,nizamabad,Rural,65-69,52026,23112,28914,43499,16589,26910,8527,6523,2004
28,533,nizamabad,Rural,70-74,38163,16966,21197,32933,12885,20048,5230,4081,1149
28,533,nizamabad,Rural,75-79,15199,6435,8764,12929,4699,8230,2270,1736,534
28,533,nizamabad,Rural,80+,19806,7305,12501,16410,5142,11268,3396,2163,1233
28,533,nizamabad,Rural,Age not stated,28522,14105,14417,11886,4546,7340,16636,9559,7077
28,533,nizamabad,Urban,All ages,588372,291804,296568,186156,74774,111382,402216,217030,185186
28,533,nizamabad,Urban,0-6,67471,34381,33090,67471,34381,33090,0,0,0
28,533,nizamabad,Urban,7,10980,5638,5342,2290,1171,1119,8690,4467,4223
28,533,nizamabad,Urban,8,10931,5513,5418,1190,583,607,9741,4930,4811
28,533,nizamabad,Urban,9,11139,5538,5601,778,377,401,10361,5161,5200
28,533,nizamabad,Urban,10,13323,6768,6555,957,474,483,12366,6294,6072
28,533,nizamabad,Urban,11,12070,6071,5999,626,318,308,11444,5753,5691
28,533,nizamabad,Urban,12,12359,6368,5991,602,305,297,11757,6063,5694
28,533,nizamabad,Urban,13,11590,5854,5736,505,253,252,11085,5601,5484
28,533,nizamabad,Urban,14,11826,5881,5945,516,239,277,11310,5642,5668
28,533,nizamabad,Urban,15,12444,6379,6065,712,372,340,11732,6007,5725
28,533,nizamabad,Urban,16,11404,5620,5784,682,338,344,10722,5282,5440
28,533,nizamabad,Urban,17,11240,5578,5662,711,383,328,10529,5195,5334
28,533,nizamabad,Urban,18,12908,6202,6706,1000,467,533,11908,5735,6173
28,533,nizamabad,Urban,19,11168,5380,5788,904,362,542,10264,5018,5246
28,533,nizamabad,Urban,20-24,59883,28619,31264,6494,2601,3893,53389,26018,27371
28,533,nizamabad,Urban,25-29,55430,26939,28491,8816,3164,5652,46614,23775,22839
28,533,nizamabad,Urban,30-34,46716,23191,23525,9932,3398,6534,36784,19793,16991
28,533,nizamabad,Urban,35-39,44594,22341,22253,12077,3905,8172,32517,18436,14081
28,533,nizamabad,Urban,40-44,36853,19763,17090,11971,4262,7709,24882,15501,9381
28,533,nizamabad,Urban,45-49,29480,15480,14000,11054,3647,7407,18426,11833,6593
28,533,nizamabad,Urban,50-54,22667,11291,11376,9614,2967,6647,13053,8324,4729
28,533,nizamabad,Urban,55-59,17928,8559,9369,8113,2250,5863,9815,6309,3506
28,533,nizamabad,Urban,60-64,17758,8247,9511,9698,2826,6872,8060,5421,2639
28,533,nizamabad,Urban,65-69,11496,5220,6276,6772,1994,4778,4724,3226,1498
28,533,nizamabad,Urban,70-74,7743,3474,4269,4930,1493,3437,2813,1981,832
28,533,nizamabad,Urban,75-79,3545,1499,2046,2248,593,1655,1297,906,391
28,533,nizamabad,Urban,80+,4360,1574,2786,2806,647,2159,1554,927,627
28,533,nizamabad,Urban,Age not stated,9066,4436,4630,2687,1004,1683,6379,3432,2947
28,534,karimnagar,Total,All ages,3776269,1880800,1895469,1569440,623562,945878,2206829,1257238,949591
28,534,karimnagar,Total,0-6,336053,173647,162406,336053,173647,162406,0,0,0
28,534,karimnagar,Total,7,58871,30367,28504,13416,7115,6301,45455,23252,22203
28,534,karimnagar,Total,8,58875,30352,28523,5750,3096,2654,53125,27256,25869
28,534,karimnagar,Total,9,60113,30640,29473,3439,1784,1655,56674,28856,27818
28,534,karimnagar,Total,10,74402,38343,36059,3706,1896,1810,70696,36447,34249
28,534,karimnagar,Total,11,71232,36199,35033,2297,1149,1148,68935,35050,33885
28,534,karimnagar,Total,12,74936,38302,36634,2294,1082,1212,72642,37220,35422
28,534,karimnagar,Total,13,75321,38318,37003,2045,923,1122,73276,37395,35881
28,534,karimnagar,Total,14,75154,38436,36718,2254,1011,1243,72900,37425,35475
28,534,karimnagar,Total,15,75401,38382,37019,3032,1360,1672,72369,37022,35347
28,534,karimnagar,Total,16,71815,36303,35512,2861,1257,1604,68954,35046,33908
28,534,karimnagar,Total,17,67343,34551,32792,2662,1127,1535,64681,33424,31257
28,534,karimnagar,Total,18,83570,42106,41464,4731,1768,2963,78839,40338,38501
28,534,karimnagar,Total,19,69120,34592,34528,4000,1372,2628,65120,33220,31900
28,534,karimnagar,Total,20-24,358220,180718,177502,37772,11573,26199,320448,169145,151303
28,534,karimnagar,Total,25-29,329808,162750,167058,69451,19283,50168,260357,143467,116890
28,534,karimnagar,Total,30-34,282262,138442,143820,94049,27171,66878,188213,111271,76942
28,534,karimnagar,Total,35-39,290961,139846,151115,132497,39469,93028,158464,100377,58087
28,534,karimnagar,Total,40-44,246670,125902,120768,137731,50362,87369,108939,75540,33399
28,534,karimnagar,Total,45-49,211842,107480,104362,132315,51210,81105,79527,56270,23257
28,534,karimnagar,Total,50-54,165896,84688,81208,112233,45669,66564,53663,39019,14644
28,534,karimnagar,Total,55-59,133976,61311,72665,94042,32438,61604,39934,28873,11061
28,534,karimnagar,Total,60-64,156440,70566,85874,121972,45234,76738,34468,25332,9136
28,534,karimnagar,Total,65-69,106880,50164,56716,84973,33634,51339,21907,16530,5377
28,534,karimnagar,Total,70-74,84138,42596,41542,69789,31458,38331,14349,11138,3211
28,534,karimnagar,Total,75-79,36530,17785,18745,29950,12667,17283,6580,5118,1462
28,534,karimnagar,Total,80+,44634,20005,24629,36357,14211,22146,8277,5794,2483
28,534,karimnagar,Total,Age not stated,75806,38009,37797,27769,10596,17173,48037,27413,20624
28,534,karimnagar,Rural,All ages,2825044,1401950,1423094,1286763,512462,774301,1538281,889488,648793
28,534,karimnagar,Rural,0-6,244443,126222,118221,244443,126222,118221,0,0,0
28,534,karimnagar,Rural,7,43533,22443,21090,10444,5580,4864,33089,16863,16226
28,534,karimnagar,Rural,8,43776,22626,21150,4427,2410,2017,39349,20216,19133
28,534,karimnagar,Rural,9,45058,22935,22123,2563,1328,1235,42495,21607,20888
28,534,karimnagar,Rural,10,55695,28642,27053,2809,1436,1373,52886,27206,25680
28,534,karimnagar,Rural,11,53958,27417,26541,1700,839,861,52258,26578,25680
28,534,karimnagar,Rural,12,57231,29284,27947,1790,835,955,55441,28449,26992
28,534,karimnagar,Rural,13,57417,29126,28291,1590,697,893,55827,28429,27398
28,534,karimnagar,Rural,14,57222,29363,27859,1764,775,989,55458,28588,26870
28,534,karimnagar,Rural,15,56898,29049,27849,2405,1065,1340,54493,27984,26509
28,534,karimnagar,Rural,16,53587,27181,26406,2216,941,1275,51371,26240,25131
28,534,karimnagar,Rural,17,50141,25781,24360,2039,831,1208,48102,24950,23152
28,534,karimnagar,Rural,18,62525,31575,30950,3746,1342,2404,58779,30233,28546
28,534,karimnagar,Rural,19,50478,25438,25040,3175,1063,2112,47303,24375,22928
28,534,karimnagar,Rural,20-24,257960,131693,126267,31041,9258,21783,226919,122435,104484
28,534,karimnagar,Rural,25-29,235057,115935,119122,58601,15925,42676,176456,100010,76446
28,534,karimnagar,Rural,30-34,205149,99577,105572,80899,23201,57698,124250,76376,47874
28,534,karimnagar,Rural,35-39,213989,102072,111917,112183,34072,78111,101806,68000,33806
28,534,karimnagar,Rural,40-44,182696,92844,89852,115849,43488,72361,66847,49356,17491
28,534,karimnagar,Rural,45-49,154713,78129,76584,108604,43238,65366,46109,34891,11218
28,534,karimnagar,Rural,50-54,123731,62224,61507,93070,38684,54386,30661,23540,7121
28,534,karimnagar,Rural,55-59,101276,44298,56978,78681,27315,51366,22595,16983,5612
28,534,karimnagar,Rural,60-64,127224,56139,71085,105552,39842,65710,21672,16297,5375
28,534,karimnagar,Rural,65-69,89235,41555,47680,74537,30108,44429,14698,11447,3251
28,534,karimnagar,Rural,70-74,71203,36446,34757,61278,28472,32806,9925,7974,1951
28,534,karimnagar,Rural,75-79,30484,15135,15349,25901,11430,14471,4583,3705,878
28,534,karimnagar,Rural,80+,36847,16947,19900,31126,12750,18376,5721,4197,1524
28,534,karimnagar,Rural,Age not stated,63518,31874,31644,24330,9315,15015,39188,22559,16629
28,534,karimnagar,Urban,All ages,951225,478850,472375,282677,111100,171577,668548,367750,300798
28,534,karimnagar,Urban,0-6,91610,47425,44185,91610,47425,44185,0,0,0
28,534,karimnagar,Urban,7,15338,7924,7414,2972,1535,1437,12366,6389,5977
28,534,karimnagar,Urban,8,15099,7726,7373,1323,686,637,13776,7040,6736
28,534,karimnagar,Urban,9,15055,7705,7350,876,456,420,14179,7249,6930
28,534,karimnagar,Urban,10,18707,9701,9006,897,460,437,17810,9241,8569
28,534,karimnagar,Urban,11,17274,8782,8492,597,310,287,16677,8472,8205
28,534,karimnagar,Urban,12,17705,9018,8687,504,247,257,17201,8771,8430
28,534,karimnagar,Urban,13,17904,9192,8712,455,226,229,17449,8966,8483
28,534,karimnagar,Urban,14,17932,9073,8859,490,236,254,17442,8837,8605
28,534,karimnagar,Urban,15,18503,9333,9170,627,295,332,17876,9038,8838
28,534,karimnagar,Urban,16,18228,9122,9106,645,316,329,17583,8806,8777
28,534,karimnagar,Urban,17,17202,8770,8432,623,296,327,16579,8474,8105
28,534,karimnagar,Urban,18,21045,10531,10514,985,426,559,20060,10105,9955
28,534,karimnagar,Urban,19,18642,9154,9488,825,309,516,17817,8845,8972
28,534,karimnagar,Urban,20-24,100260,49025,51235,6731,2315,4416,93529,46710,46819
28,534,karimnagar,Urban,25-29,94751,46815,47936,10850,3358,7492,83901,43457,40444
28,534,karimnagar,Urban,30-34,77113,38865,38248,13150,3970,9180,63963,34895,29068
28,534,karimnagar,Urban,35-39,76972,37774,39198,20314,5397,14917,56658,32377,24281
28,534,karimnagar,Urban,40-44,63974,33058,30916,21882,6874,15008,42092,26184,15908
28,534,karimnagar,Urban,45-49,57129,29351,27778,23711,7972,15739,33418,21379,12039
28,534,karimnagar,Urban,50-54,42165,22464,19701,19163,6985,12178,23002,15479,7523
28,534,karimnagar,Urban,55-59,32700,17013,15687,15361,5123,10238,17339,11890,5449
28,534,karimnagar,Urban,60-64,29216,14427,14789,16420,5392,11028,12796,9035,3761
28,534,karimnagar,Urban,65-69,17645,8609,9036,10436,3526,6910,7209,5083,2126
28,534,karimnagar,Urban,70-74,12935,6150,6785,8511,2986,5525,4424,3164,1260
28,534,karimnagar,Urban,75-79,6046,2650,3396,4049,1237,2812,1997,1413,584
28,534,karimnagar,Urban,80+,7787,3058,4729,5231,1461,3770,2556,1597,959
28,534,karimnagar,Urban,Age not stated,12288,6135,6153,3439,1281,2158,8849,4854,3995
28,535,medak,Total,All ages,3033288,1523030,1510258,1396151,569624,826527,1637137,953406,683731
28,535,medak,Total,0-6,367603,188312,179291,367603,188312,179291,0,0,0
28,535,medak,Total,7,57023,29164,27859,15382,7843,7539,41641,21321,20320
28,535,medak,Total,8,59318,30434,28884,7606,3816,3790,51712,26618,25094
28,535,medak,Total,9,55741,28237,27504,4352,2059,2293,51389,26178,25211
28,535,medak,Total,10,69231,35403,33828,4871,2197,2674,64360,33206,31154
28,535,medak,Total,11,60213,30813,29400,2911,1271,1640,57302,29542,27760
28,535,medak,Total,12,68562,35226,33336,3733,1581,2152,64829,33645,31184
28,535,medak,Total,13,61060,30982,30078,2873,1124,1749,58187,29858,28329
28,535,medak,Total,14,62006,31779,30227,3578,1406,2172,58428,30373,28055
28,535,medak,Total,15,63892,33270,30622,4815,2116,2699,59077,31154,27923
28,535,medak,Total,16,59036,30384,28652,4581,1889,2692,54455,28495,25960
28,535,medak,Total,17,51715,27462,24253,3914,1639,2275,47801,25823,21978
28,535,medak,Total,18,71928,37420,34508,8682,3217,5465,63246,34203,29043
28,535,medak,Total,19,52892,27171,25721,6415,2117,4298,46477,25054,21423
28,535,medak,Total,20-24,292001,147147,144854,58215,18027,40188,233786,129120,104666
28,535,medak,Total,25-29,283548,139815,143733,92543,28700,63843,191005,111115,79890
28,535,medak,Total,30-34,229396,115670,113726,97631,32888,64743,131765,82782,48983
28,535,medak,Total,35-39,225886,112184,113702,115271,39466,75805,110615,72718,37897
28,535,medak,Total,40-44,175967,92873,83094,102035,40298,61737,73932,52575,21357
28,535,medak,Total,45-49,148489,76244,72245,95106,37850,57256,53383,38394,14989
28,535,medak,Total,50-54,115440,57268,58172,80338,31860,48478,35102,25408,9694
28,535,medak,Total,55-59,94988,41716,53272,68919,23155,45764,26069,18561,7508
28,535,medak,Total,60-64,114728,52730,61998,90653,34608,56045,24075,18122,5953
28,535,medak,Total,65-69,76197,35876,40321,61418,24401,37017,14779,11475,3304
28,535,medak,Total,70-74,55849,27710,28139,46791,20360,26431,9058,7350,1708
28,535,medak,Total,75-79,23290,11007,12283,19234,7722,11512,4056,3285,771
28,535,medak,Total,80+,28876,12218,16658,23924,8604,15320,4952,3614,1338
28,535,medak,Total,Age not stated,8413,4515,3898,2757,1098,1659,5656,3417,2239
28,535,medak,Rural,All ages,2305417,1152806,1152611,1170928,478390,692538,1134489,674416,460073
28,535,medak,Rural,0-6,279477,143238,136239,279477,143238,136239,0,0,0
28,535,medak,Rural,7,43841,22435,21406,12379,6270,6109,31462,16165,15297
28,535,medak,Rural,8,46070,23553,22517,6269,3135,3134,39801,20418,19383
28,535,medak,Rural,9,42983,21725,21258,3511,1650,1861,39472,20075,19397
28,535,medak,Rural,10,53211,27253,25958,3961,1759,2202,49250,25494,23756
28,535,medak,Rural,11,45963,23601,22362,2354,1007,1347,43609,22594,21015
28,535,medak,Rural,12,53546,27596,25950,3173,1306,1867,50373,26290,24083
28,535,medak,Rural,13,47555,24160,23395,2414,924,1490,45141,23236,21905
28,535,medak,Rural,14,48194,24695,23499,3041,1153,1888,45153,23542,21611
28,535,medak,Rural,15,49430,25745,23685,4106,1774,2332,45324,23971,21353
28,535,medak,Rural,16,45233,23488,21745,3917,1597,2320,41316,21891,19425
28,535,medak,Rural,17,39020,21017,18003,3301,1347,1954,35719,19670,16049
28,535,medak,Rural,18,55298,29067,26231,7546,2731,4815,47752,26336,21416
28,535,medak,Rural,19,38879,20224,18655,5447,1734,3713,33432,18490,14942
28,535,medak,Rural,20-24,213802,108897,104905,50119,15259,34860,163683,93638,70045
28,535,medak,Rural,25-29,205969,101499,104470,80207,24878,55329,125762,76621,49141
28,535,medak,Rural,30-34,167541,83442,84099,84822,28724,56098,82719,54718,28001
28,535,medak,Rural,35-39,167189,81982,85207,99399,34443,64956,67790,47539,20251
28,535,medak,Rural,40-44,131197,68359,62838,87784,35371,52413,43413,32988,10425
28,535,medak,Rural,45-49,112025,56403,55622,81752,33179,48573,30273,23224,7049
28,535,medak,Rural,50-54,89284,43571,45713,69508,28187,41321,19776,15384,4392
28,535,medak,Rural,55-59,75015,31719,43296,60405,20656,39749,14610,11063,3547
28,535,medak,Rural,60-64,95149,43303,51846,80207,31409,48798,14942,11894,3048
28,535,medak,Rural,65-69,64516,30319,34197,54876,22421,32455,9640,7898,1742
28,535,medak,Rural,70-74,47509,23778,23731,41496,18654,22842,6013,5124,889
28,535,medak,Rural,75-79,19548,9308,10240,16915,7029,9886,2633,2279,354
28,535,medak,Rural,80+,23976,10316,13660,20794,7825,12969,3182,2491,691
28,535,medak,Rural,Age not stated,3997,2113,1884,1748,730,1018,2249,1383,866
28,535,medak,Urban,All ages,727871,370224,357647,225223,91234,133989,502648,278990,223658
28,535,medak,Urban,0-6,88126,45074,43052,88126,45074,43052,0,0,0
28,535,medak,Urban,7,13182,6729,6453,3003,1573,1430,10179,5156,5023
28,535,medak,Urban,8,13248,6881,6367,1337,681,656,11911,6200,5711
28,535,medak,Urban,9,12758,6512,6246,841,409,432,11917,6103,5814
28,535,medak,Urban,10,16020,8150,7870,910,438,472,15110,7712,7398
28,535,medak,Urban,11,14250,7212,7038,557,264,293,13693,6948,6745
28,535,medak,Urban,12,15016,7630,7386,560,275,285,14456,7355,7101
28,535,medak,Urban,13,13505,6822,6683,459,200,259,13046,6622,6424
28,535,medak,Urban,14,13812,7084,6728,537,253,284,13275,6831,6444
28,535,medak,Urban,15,14462,7525,6937,709,342,367,13753,7183,6570
28,535,medak,Urban,16,13803,6896,6907,664,292,372,13139,6604,6535
28,535,medak,Urban,17,12695,6445,6250,613,292,321,12082,6153,5929
28,535,medak,Urban,18,16630,8353,8277,1136,486,650,15494,7867,7627
28,535,medak,Urban,19,14013,6947,7066,968,383,585,13045,6564,6481
28,535,medak,Urban,20-24,78199,38250,39949,8096,2768,5328,70103,35482,34621
28,535,medak,Urban,25-29,77579,38316,39263,12336,3822,8514,65243,34494,30749
28,535,medak,Urban,30-34,61855,32228,29627,12809,4164,8645,49046,28064,20982
28,535,medak,Urban,35-39,58697,30202,28495,15872,5023,10849,42825,25179,17646
28,535,medak,Urban,40-44,44770,24514,20256,14251,4927,9324,30519,19587,10932
28,535,medak,Urban,45-49,36464,19841,16623,13354,4671,8683,23110,15170,7940
28,535,medak,Urban,50-54,26156,13697,12459,10830,3673,7157,15326,10024,5302
28,535,medak,Urban,55-59,19973,9997,9976,8514,2499,6015,11459,7498,3961
28,535,medak,Urban,60-64,19579,9427,10152,10446,3199,7247,9133,6228,2905
28,535,medak,Urban,65-69,11681,5557,6124,6542,1980,4562,5139,3577,1562
28,535,medak,Urban,70-74,8340,3932,4408,5295,1706,3589,3045,2226,819
28,535,medak,Urban,75-79,3742,1699,2043,2319,693,1626,1423,1006,417
28,535,medak,Urban,80+,4900,1902,2998,3130,779,2351,1770,1123,647
28,535,medak,Urban,Age not stated,4416,2402,2014,1009,368,641,3407,2034,1373
28,536,hyderabad,Total,All ages,3943323,2018575,1924748,1051168,475887,575281,2892155,1542688,1349467
28,536,hyderabad,Total,0-6,469126,245127,223999,469126,245127,223999,0,0,0
28,536,hyderabad,Total,7,71832,37031,34801,11795,5718,6077,60037,31313,28724
28,536,hyderabad,Total,8,69562,36169,33393,8143,3892,4251,61419,32277,29142
28,536,hyderabad,Total,9,69807,36361,33446,7046,3370,3676,62761,32991,29770
28,536,hyderabad,Total,10,82754,43281,39473,8053,3847,4206,74701,39434,35267
28,536,hyderabad,Total,11,74822,38530,36292,6235,2972,3263,68587,35558,33029
28,536,hyderabad,Total,12,76585,39614,36971,5685,2692,2993,70900,36922,33978
28,536,hyderabad,Total,13,67930,34675,33255,4655,2214,2441,63275,32461,30814
28,536,hyderabad,Total,14,75308,39004,36304,5603,2787,2816,69705,36217,33488
28,536,hyderabad,Total,15,74730,38645,36085,5802,2816,2986,68928,35829,33099
28,536,hyderabad,Total,16,74696,38562,36134,5954,2902,3052,68742,35660,33082
28,536,hyderabad,Total,17,69745,36001,33744,5692,2779,2913,64053,33222,30831
28,536,hyderabad,Total,18,82607,42279,40328,7353,3460,3893,75254,38819,36435
28,536,hyderabad,Total,19,77982,39458,38524,7396,3285,4111,70586,36173,34413
28,536,hyderabad,Total,20-24,414782,203305,211477,47367,19219,28148,367415,184086,183329
28,536,hyderabad,Total,25-29,396862,192865,203997,55706,21073,34633,341156,171792,169364
28,536,hyderabad,Total,30-34,332567,169446,163121,56876,22194,34682,275691,147252,128439
28,536,hyderabad,Total,35-39,292188,149605,142583,59177,23141,36036,233011,126464,106547
28,536,hyderabad,Total,40-44,245833,129221,116612,55956,22955,33001,189877,106266,83611
28,536,hyderabad,Total,45-49,197655,103875,93780,47618,18958,28660,150037,84917,65120
28,536,hyderabad,Total,50-54,157723,84032,73691,39720,15584,24136,118003,68448,49555
28,536,hyderabad,Total,55-59,118014,62647,55367,28845,10314,18531,89169,52333,36836
28,536,hyderabad,Total,60-64,99234,51890,47344,28799,9938,18861,70435,41952,28483
28,536,hyderabad,Total,65-69,63579,32990,30589,19145,6209,12936,44434,26781,17653
28,536,hyderabad,Total,70-74,44375,22783,21592,14698,4705,9993,29677,18078,11599
28,536,hyderabad,Total,75-79,24049,11916,12133,7758,2248,5510,16291,9668,6623
28,536,hyderabad,Total,80+,35695,16467,19228,11628,3273,8355,24067,13194,10873
28,536,hyderabad,Total,Age not stated,83281,42796,40485,19337,8215,11122,63944,34581,29363
28,536,hyderabad,Rural,All ages,0,0,0,0,0,0,0,0,0
28,536,hyderabad,Rural,0-6,0,0,0,0,0,0,0,0,0
28,536,hyderabad,Rural,7,0,0,0,0,0,0,0,0,0
28,536,hyderabad,Rural,8,0,0,0,0,0,0,0,0,0
28,536,hyderabad,Rural,9,0,0,0,0,0,0,0,0,0
28,536,hyderabad,Rural,10,0,0,0,0,0,0,0,0,0
28,536,hyderabad,Rural,11,0,0,0,0,0,0,0,0,0
28,536,hyderabad,Rural,12,0,0,0,0,0,0,0,0,0
28,536,hyderabad,Rural,13,0,0,0,0,0,0,0,0,0
28,536,hyderabad,Rural,14,0,0,0,0,0,0,0,0,0
28,536,hyderabad,Rural,15,0,0,0,0,0,0,0,0,0
28,536,hyderabad,Rural,16,0,0,0,0,0,0,0,0,0
28,536,hyderabad,Rural,17,0,0,0,0,0,0,0,0,0
28,536,hyderabad,Rural,18,0,0,0,0,0,0,0,0,0
28,536,hyderabad,Rural,19,0,0,0,0,0,0,0,0,0
28,536,hyderabad,Rural,20-24,0,0,0,0,0,0,0,0,0
28,536,hyderabad,Rural,25-29,0,0,0,0,0,0,0,0,0
28,536,hyderabad,Rural,30-34,0,0,0,0,0,0,0,0,0
28,536,hyderabad,Rural,35-39,0,0,0,0,0,0,0,0,0
28,536,hyderabad,Rural,40-44,0,0,0,0,0,0,0,0,0
28,536,hyderabad,Rural,45-49,0,0,0,0,0,0,0,0,0
28,536,hyderabad,Rural,50-54,0,0,0,0,0,0,0,0,0
28,536,hyderabad,Rural,55-59,0,0,0,0,0,0,0,0,0
28,536,hyderabad,Rural,60-64,0,0,0,0,0,0,0,0,0
28,536,hyderabad,Rural,65-69,0,0,0,0,0,0,0,0,0
28,536,hyderabad,Rural,70-74,0,0,0,0,0,0,0,0,0
28,536,hyderabad,Rural,75-79,0,0,0,0,0,0,0,0,0
28,536,hyderabad,Rural,80+,0,0,0,0,0,0,0,0,0
28,536,hyderabad,Rural,Age not stated,0,0,0,0,0,0,0,0,0
28,536,hyderabad,Urban,All ages,3943323,2018575,1924748,1051168,475887,575281,2892155,1542688,1349467
28,536,hyderabad,Urban,0-6,469126,245127,223999,469126,245127,223999,0,0,0
28,536,hyderabad,Urban,7,71832,37031,34801,11795,5718,6077,60037,31313,28724
28,536,hyderabad,Urban,8,69562,36169,33393,8143,3892,4251,61419,32277,29142
28,536,hyderabad,Urban,9,69807,36361,33446,7046,3370,3676,62761,32991,29770
28,536,hyderabad,Urban,10,82754,43281,39473,8053,3847,4206,74701,39434,35267
28,536,hyderabad,Urban,11,74822,38530,36292,6235,2972,3263,68587,35558,33029
28,536,hyderabad,Urban,12,76585,39614,36971,5685,2692,2993,70900,36922,33978
28,536,hyderabad,Urban,13,67930,34675,33255,4655,2214,2441,63275,32461,30814
28,536,hyderabad,Urban,14,75308,39004,36304,5603,2787,2816,69705,36217,33488
28,536,hyderabad,Urban,15,74730,38645,36085,5802,2816,2986,68928,35829,33099
28,536,hyderabad,Urban,16,74696,38562,36134,5954,2902,3052,68742,35660,33082
28,536,hyderabad,Urban,17,69745,36001,33744,5692,2779,2913,64053,33222,30831
28,536,hyderabad,Urban,18,82607,42279,40328,7353,3460,3893,75254,38819,36435
28,536,hyderabad,Urban,19,77982,39458,38524,7396,3285,4111,70586,36173,34413
28,536,hyderabad,Urban,20-24,414782,203305,211477,47367,19219,28148,367415,184086,183329
28,536,hyderabad,Urban,25-29,396862,192865,203997,55706,21073,34633,341156,171792,169364
28,536,hyderabad,Urban,30-34,332567,169446,163121,56876,22194,34682,275691,147252,128439
28,536,hyderabad,Urban,35-39,292188,149605,142583,59177,23141,36036,233011,126464,106547
28,536,hyderabad,Urban,40-44,245833,129221,116612,55956,22955,33001,189877,106266,83611
28,536,hyderabad,Urban,45-49,197655,103875,93780,47618,18958,28660,150037,84917,65120
28,536,hyderabad,Urban,50-54,157723,84032,73691,39720,15584,24136,118003,68448,49555
28,536,hyderabad,Urban,55-59,118014,62647,55367,28845,10314,18531,89169,52333,36836
28,536,hyderabad,Urban,60-64,99234,51890,47344,28799,9938,18861,70435,41952,28483
28,536,hyderabad,Urban,65-69,63579,32990,30589,19145,6209,12936,44434,26781,17653
28,536,hyderabad,Urban,70-74,44375,22783,21592,14698,4705,9993,29677,18078,11599
28,536,hyderabad,Urban,75-79,24049,11916,12133,7758,2248,5510,16291,9668,6623
28,536,hyderabad,Urban,80+,35695,16467,19228,11628,3273,8355,24067,13194,10873
28,536,hyderabad,Urban,Age not stated,83281,42796,40485,19337,8215,11122,63944,34581,29363
28,537,rangareddy,Total,All ages,5296741,2701008,2595733,1758713,752224,1006489,3538028,1948784,1589244
28,537,rangareddy,Total,0-6,633172,327563,305609,633172,327563,305609,0,0,0
28,537,rangareddy,Total,7,95814,49521,46293,20495,10281,10214,75319,39240,36079
28,537,rangareddy,Total,8,89666,46122,43544,10227,4991,5236,79439,41131,38308
28,537,rangareddy,Total,9,90947,46400,44547,7144,3370,3774,83803,43030,40773
28,537,rangareddy,Total,10,108030,55779,52251,8408,4047,4361,99622,51732,47890
28,537,rangareddy,Total,11,98175,50295,47880,5822,2616,3206,92353,47679,44674
28,537,rangareddy,Total,12,96362,49217,47145,5388,2379,3009,90974,46838,44136
28,537,rangareddy,Total,13,90503,46358,44145,4811,2098,2713,85692,44260,41432
28,537,rangareddy,Total,14,91836,46808,45028,5370,2291,3079,86466,44517,41949
28,537,rangareddy,Total,15,97087,50539,46548,6640,2987,3653,90447,47552,42895
28,537,rangareddy,Total,16,91249,47667,43582,6072,2674,3398,85177,44993,40184
28,537,rangareddy,Total,17,87677,46034,41643,6328,2770,3558,81349,43264,38085
28,537,rangareddy,Total,18,106630,54521,52109,9774,3828,5946,96856,50693,46163
28,537,rangareddy,Total,19,95756,47549,48207,9404,3268,6136,86352,44281,42071
28,537,rangareddy,Total,20-24,534397,258192,276205,71413,23573,47840,462984,234619,228365
28,537,rangareddy,Total,25-29,559687,270446,289241,109749,35676,74073,449938,234770,215168
28,537,rangareddy,Total,30-34,459760,240584,219176,110884,39335,71549,348876,201249,147627
28,537,rangareddy,Total,35-39,415783,215648,200135,129728,46194,83534,286055,169454,116601
28,537,rangareddy,Total,40-44,316773,171360,145413,111075,45018,66057,205698,126342,79356
28,537,rangareddy,Total,45-49,263548,138999,124549,102057,40796,61261,161491,98203,63288
28,537,rangareddy,Total,50-54,200127,104133,95994,81886,32447,49439,118241,71686,46555
28,537,rangareddy,Total,55-59,158063,78653,79410,65949,23190,42759,92114,55463,36651
28,537,rangareddy,Total,60-64,151221,76994,74227,75368,28489,46879,75853,48505,27348
28,537,rangareddy,Total,65-69,93807,47921,45886,49028,18974,30054,44779,28947,15832
28,537,rangareddy,Total,70-74,62692,31953,30739,35950,14559,21391,26742,17394,9348
28,537,rangareddy,Total,75-79,29870,14523,15347,16396,6016,10380,13474,8507,4967
28,537,rangareddy,Total,80+,42257,18720,23537,22286,7429,14857,19971,11291,8680
28,537,rangareddy,Total,Age not stated,135852,68509,67343,37889,15365,22524,97963,53144,44819
28,537,rangareddy,Rural,All ages,1577569,801013,776556,738382,307520,430862,839187,493493,345694
28,537,rangareddy,Rural,0-6,192848,99495,93353,192848,99495,93353,0,0,0
28,537,rangareddy,Rural,7,30642,15694,14948,8576,4294,4282,22066,11400,10666
28,537,rangareddy,Rural,8,30280,15503,14777,4043,1983,2060,26237,13520,12717
28,537,rangareddy,Rural,9,29707,15006,14701,2520,1180,1340,27187,13826,13361
28,537,rangareddy,Rural,10,35542,18280,17262,2865,1382,1483,32677,16898,15779
28,537,rangareddy,Rural,11,32147,16621,15526,1871,830,1041,30276,15791,14485
28,537,rangareddy,Rural,12,33970,17446,16524,2103,865,1238,31867,16581,15286
28,537,rangareddy,Rural,13,31156,15868,15288,1765,739,1026,29391,15129,14262
28,537,rangareddy,Rural,14,32563,16785,15778,2109,837,1272,30454,15948,14506
28,537,rangareddy,Rural,15,33254,17631,15623,2657,1135,1522,30597,16496,14101
28,537,rangareddy,Rural,16,30701,16460,14241,2344,993,1351,28357,15467,12890
28,537,rangareddy,Rural,17,27971,15149,12822,2240,935,1305,25731,14214,11517
28,537,rangareddy,Rural,18,36304,19249,17055,4087,1504,2583,32217,17745,14472
28,537,rangareddy,Rural,19,28816,14930,13886,3604,1143,2461,25212,13787,11425
28,537,rangareddy,Rural,20-24,153201,78989,74212,29872,9303,20569,123329,69686,53643
28,537,rangareddy,Rural,25-29,146273,72471,73802,50277,15745,34532,95996,56726,39270
28,537,rangareddy,Rural,30-34,115709,58732,56977,52325,17970,34355,63384,40762,22622
28,537,rangareddy,Rural,35-39,113682,57182,56500,61715,21861,39854,51967,35321,16646
28,537,rangareddy,Rural,40-44,86457,45858,40599,53217,21733,31484,33240,24125,9115
28,537,rangareddy,Rural,45-49,73706,37684,36022,49846,20197,29649,23860,17487,6373
28,537,rangareddy,Rural,50-54,57483,28395,29088,41903,16962,24941,15580,11433,4147
28,537,rangareddy,Rural,55-59,47534,21163,26371,35695,12720,22975,11839,8443,3396
28,537,rangareddy,Rural,60-64,56227,26376,29851,44589,17693,26896,11638,8683,2955
28,537,rangareddy,Rural,65-69,37404,18386,19018,29855,12596,17259,7549,5790,1759
28,537,rangareddy,Rural,70-74,26324,13406,12918,21571,9687,11884,4753,3719,1034
28,537,rangareddy,Rural,75-79,11148,5456,5692,9031,3808,5223,2117,1648,469
28,537,rangareddy,Rural,80+,14277,6403,7874,11136,4243,6893,3141,2160,981
28,537,rangareddy,Rural,Age not stated,32243,16395,15848,13718,5687,8031,18525,10708,7817
28,537,rangareddy,Urban,All ages,3719172,1899995,1819177,1020331,444704,575627,2698841,1455291,1243550
28,537,rangareddy,Urban,0-6,440324,228068,212256,440324,228068,212256,0,0,0
28,537,rangareddy,Urban,7,65172,33827,31345,11919,5987,5932,53253,27840,25413
28,537,rangareddy,Urban,8,59386,30619,28767,6184,3008,3176,53202,27611,25591
28,537,rangareddy,Urban,9,61240,31394,29846,4624,2190,2434,56616,29204,27412
28,537,rangareddy,Urban,10,72488,37499,34989,5543,2665,2878,66945,34834,32111
28,537,rangareddy,Urban,11,66028,33674,32354,3951,1786,2165,62077,31888,30189
28,537,rangareddy,Urban,12,62392,31771,30621,3285,1514,1771,59107,30257,28850
28,537,rangareddy,Urban,13,59347,30490,28857,3046,1359,1687,56301,29131,27170
28,537,rangareddy,Urban,14,59273,30023,29250,3261,1454,1807,56012,28569,27443
28,537,rangareddy,Urban,15,63833,32908,30925,3983,1852,2131,59850,31056,28794
28,537,rangareddy,Urban,16,60548,31207,29341,3728,1681,2047,56820,29526,27294
28,537,rangareddy,Urban,17,59706,30885,28821,4088,1835,2253,55618,29050,26568
28,537,rangareddy,Urban,18,70326,35272,35054,5687,2324,3363,64639,32948,31691
28,537,rangareddy,Urban,19,66940,32619,34321,5800,2125,3675,61140,30494,30646
28,537,rangareddy,Urban,20-24,381196,179203,201993,41541,14270,27271,339655,164933,174722
28,537,rangareddy,Urban,25-29,413414,197975,215439,59472,19931,39541,353942,178044,175898
28,537,rangareddy,Urban,30-34,344051,181852,162199,58559,21365,37194,285492,160487,125005
28,537,rangareddy,Urban,35-39,302101,158466,143635,68013,24333,43680,234088,134133,99955
28,537,rangareddy,Urban,40-44,230316,125502,104814,57858,23285,34573,172458,102217,70241
28,537,rangareddy,Urban,45-49,189842,101315,88527,52211,20599,31612,137631,80716,56915
28,537,rangareddy,Urban,50-54,142644,75738,66906,39983,15485,24498,102661,60253,42408
28,537,rangareddy,Urban,55-59,110529,57490,53039,30254,10470,19784,80275,47020,33255
28,537,rangareddy,Urban,60-64,94994,50618,44376,30779,10796,19983,64215,39822,24393
28,537,rangareddy,Urban,65-69,56403,29535,26868,19173,6378,12795,37230,23157,14073
28,537,rangareddy,Urban,70-74,36368,18547,17821,14379,4872,9507,21989,13675,8314
28,537,rangareddy,Urban,75-79,18722,9067,9655,7365,2208,5157,11357,6859,4498
28,537,rangareddy,Urban,80+,27980,12317,15663,11150,3186,7964,16830,9131,7699
28,537,rangareddy,Urban,Age not stated,103609,52114,51495,24171,9678,14493,79438,42436,37002
28,538,mahbubnagar,Total,All ages,4053028,2050386,2002642,2112382,892000,1220382,1940646,1158386,782260
28,538,mahbubnagar,Total,0-6,527230,273914,253316,527230,273914,253316,0,0,0
28,538,mahbubnagar,Total,7,84483,43733,40750,28510,14241,14269,55973,29492,26481
28,538,mahbubnagar,Total,8,89679,45504,44175,16193,7563,8630,73486,37941,35545
28,538,mahbubnagar,Total,9,81087,41313,39774,10019,4423,5596,71068,36890,34178
28,538,mahbubnagar,Total,10,100412,52202,48210,12295,5215,7080,88117,46987,41130
28,538,mahbubnagar,Total,11,82734,42343,40391,7772,3069,4703,74962,39274,35688
28,538,mahbubnagar,Total,12,95950,49403,46547,10691,4047,6644,85259,45356,39903
28,538,mahbubnagar,Total,13,83141,42575,40566,8310,3018,5292,74831,39557,35274
28,538,mahbubnagar,Total,14,85259,44461,40798,9607,3575,6032,75652,40886,34766
28,538,mahbubnagar,Total,15,84381,44893,39488,12303,4985,7318,72078,39908,32170
28,538,mahbubnagar,Total,16,76621,41135,35486,11480,4733,6747,65141,36402,28739
28,538,mahbubnagar,Total,17,65649,35661,29988,9696,3829,5867,55953,31832,24121
28,538,mahbubnagar,Total,18,94628,49981,44647,21093,7631,13462,73535,42350,31185
28,538,mahbubnagar,Total,19,67515,34892,32623,15491,5069,10422,52024,29823,22201
28,538,mahbubnagar,Total,20-24,372870,190816,182054,119389,38869,80520,253481,151947,101534
28,538,mahbubnagar,Total,25-29,369235,179334,189901,167515,56865,110650,201720,122469,79251
28,538,mahbubnagar,Total,30-34,304471,152917,151554,161586,61070,100516,142885,91847,51038
28,538,mahbubnagar,Total,35-39,294408,146503,147905,173331,66007,107324,121077,80496,40581
28,538,mahbubnagar,Total,40-44,231929,122432,109497,150453,64792,85661,81476,57640,23836
28,538,mahbubnagar,Total,45-49,196717,99944,96773,135605,56911,78694,61112,43033,18079
28,538,mahbubnagar,Total,50-54,157411,78797,78614,115276,48699,66577,42135,30098,12037
28,538,mahbubnagar,Total,55-59,123586,56500,67086,91995,34225,57770,31591,22275,9316
28,538,mahbubnagar,Total,60-64,143809,66523,77286,114385,45119,69266,29424,21404,8020
28,538,mahbubnagar,Total,65-69,88534,41684,46850,70395,28263,42132,18139,13421,4718
28,538,mahbubnagar,Total,70-74,65421,32071,33350,54013,23271,30742,11408,8800,2608
28,538,mahbubnagar,Total,75-79,25730,12361,13369,20475,8365,12110,5255,3996,1259
28,538,mahbubnagar,Total,80+,32939,14360,18579,25948,9488,16460,6991,4872,2119
28,538,mahbubnagar,Total,Age not stated,27199,14134,13065,11326,4744,6582,15873,9390,6483
28,538,mahbubnagar,Rural,All ages,3445336,1742438,1702898,1923558,816273,1107285,1521778,926165,595613
28,538,mahbubnagar,Rural,0-6,456796,237506,219290,456796,237506,219290,0,0,0
28,538,mahbubnagar,Rural,7,73050,37729,35321,25415,12668,12747,47635,25061,22574
28,538,mahbubnagar,Rural,8,78165,39665,38500,14747,6840,7907,63418,32825,30593
28,538,mahbubnagar,Rural,9,69565,35341,34224,9074,3964,5110,60491,31377,29114
28,538,mahbubnagar,Rural,10,86167,44801,41366,11263,4731,6532,74904,40070,34834
28,538,mahbubnagar,Rural,11,69697,35571,34126,7146,2787,4359,62551,32784,29767
28,538,mahbubnagar,Rural,12,82110,42184,39926,10000,3748,6252,72110,38436,33674
28,538,mahbubnagar,Rural,13,70263,35924,34339,7765,2788,4977,62498,33136,29362
28,538,mahbubnagar,Rural,14,71529,37275,34254,8994,3339,5655,62535,33936,28599
28,538,mahbubnagar,Rural,15,71168,37907,33261,11566,4661,6905,59602,33246,26356
28,538,mahbubnagar,Rural,16,64299,34698,29601,10697,4386,6311,53602,30312,23290
28,538,mahbubnagar,Rural,17,54467,30014,24453,9063,3567,5496,45404,26447,18957
28,538,mahbubnagar,Rural,18,80640,43205,37435,19761,7187,12574,60879,36018,24861
28,538,mahbubnagar,Rural,19,56017,29394,26623,14431,4732,9699,41586,24662,16924
28,538,mahbubnagar,Rural,20-24,311404,160932,150472,111619,36439,75180,199785,124493,75292
28,538,mahbubnagar,Rural,25-29,310039,150672,159367,156797,53512,103285,153242,97160,56082
28,538,mahbubnagar,Rural,30-34,255426,128043,127383,151161,57625,93536,104265,70418,33847
28,538,mahbubnagar,Rural,35-39,247135,122228,124907,160731,61992,98739,86404,60236,26168
28,538,mahbubnagar,Rural,40-44,195048,102487,92561,138822,60770,78052,56226,41717,14509
28,538,mahbubnagar,Rural,45-49,166027,83694,82333,124536,53154,71382,41491,30540,10951
28,538,mahbubnagar,Rural,50-54,134542,67083,67459,105894,45632,60262,28648,21451,7197
28,538,mahbubnagar,Rural,55-59,105888,47651,58237,84403,31973,52430,21485,15678,5807
28,538,mahbubnagar,Rural,60-64,127131,58501,68630,105743,42514,63229,21388,15987,5401
28,538,mahbubnagar,Rural,65-69,78799,37082,41717,65375,26822,38553,13424,10260,3164
28,538,mahbubnagar,Rural,70-74,58296,28842,29454,49801,22107,27694,8495,6735,1760
28,538,mahbubnagar,Rural,75-79,22577,10979,11598,18676,7900,10776,3901,3079,822
28,538,mahbubnagar,Rural,80+,28733,12653,16080,23513,8875,14638,5220,3778,1442
28,538,mahbubnagar,Rural,Age not stated,20358,10377,9981,9769,4054,5715,10589,6323,4266
28,538,mahbubnagar,Urban,All ages,607692,307948,299744,188824,75727,113097,418868,232221,186647
28,538,mahbubnagar,Urban,0-6,70434,36408,34026,70434,36408,34026,0,0,0
28,538,mahbubnagar,Urban,7,11433,6004,5429,3095,1573,1522,8338,4431,3907
28,538,mahbubnagar,Urban,8,11514,5839,5675,1446,723,723,10068,5116,4952
28,538,mahbubnagar,Urban,9,11522,5972,5550,945,459,486,10577,5513,5064
28,538,mahbubnagar,Urban,10,14245,7401,6844,1032,484,548,13213,6917,6296
28,538,mahbubnagar,Urban,11,13037,6772,6265,626,282,344,12411,6490,5921
28,538,mahbubnagar,Urban,12,13840,7219,6621,691,299,392,13149,6920,6229
28,538,mahbubnagar,Urban,13,12878,6651,6227,545,230,315,12333,6421,5912
28,538,mahbubnagar,Urban,14,13730,7186,6544,613,236,377,13117,6950,6167
28,538,mahbubnagar,Urban,15,13213,6986,6227,737,324,413,12476,6662,5814
28,538,mahbubnagar,Urban,16,12322,6437,5885,783,347,436,11539,6090,5449
28,538,mahbubnagar,Urban,17,11182,5647,5535,633,262,371,10549,5385,5164
28,538,mahbubnagar,Urban,18,13988,6776,7212,1332,444,888,12656,6332,6324
28,538,mahbubnagar,Urban,19,11498,5498,6000,1060,337,723,10438,5161,5277
28,538,mahbubnagar,Urban,20-24,61466,29884,31582,7770,2430,5340,53696,27454,26242
28,538,mahbubnagar,Urban,25-29,59196,28662,30534,10718,3353,7365,48478,25309,23169
28,538,mahbubnagar,Urban,30-34,49045,24874,24171,10425,3445,6980,38620,21429,17191
28,538,mahbubnagar,Urban,35-39,47273,24275,22998,12600,4015,8585,34673,20260,14413
28,538,mahbubnagar,Urban,40-44,36881,19945,16936,11631,4022,7609,25250,15923,9327
28,538,mahbubnagar,Urban,45-49,30690,16250,14440,11069,3757,7312,19621,12493,7128
28,538,mahbubnagar,Urban,50-54,22869,11714,11155,9382,3067,6315,13487,8647,4840
28,538,mahbubnagar,Urban,55-59,17698,8849,8849,7592,2252,5340,10106,6597,3509
28,538,mahbubnagar,Urban,60-64,16678,8022,8656,8642,2605,6037,8036,5417,2619
28,538,mahbubnagar,Urban,65-69,9735,4602,5133,5020,1441,3579,4715,3161,1554
28,538,mahbubnagar,Urban,70-74,7125,3229,3896,4212,1164,3048,2913,2065,848
28,538,mahbubnagar,Urban,75-79,3153,1382,1771,1799,465,1334,1354,917,437
28,538,mahbubnagar,Urban,80+,4206,1707,2499,2435,613,1822,1771,1094,677
28,538,mahbubnagar,Urban,Age not stated,6841,3757,3084,1557,690,867,5284,3067,2217
28,539,nalgonda,Total,All ages,3488809,1759772,1729037,1487790,599015,888775,2001019,1160757,840262
28,539,nalgonda,Total,0-6,371735,193266,178469,371735,193266,178469,0,0,0
28,539,nalgonda,Total,7,59887,31381,28506,16236,8675,7561,43651,22706,20945
28,539,nalgonda,Total,8,62714,32232,30482,7082,3667,3415,55632,28565,27067
28,539,nalgonda,Total,9,59886,30788,29098,3867,1880,1987,56019,28908,27111
28,539,nalgonda,Total,10,75308,39065,36243,4124,1876,2248,71184,37189,33995
28,539,nalgonda,Total,11,65868,33671,32197,2406,1037,1369,63462,32634,30828
28,539,nalgonda,Total,12,73990,38093,35897,3013,1196,1817,70977,36897,34080
28,539,nalgonda,Total,13,71488,36157,35331,2578,925,1653,68910,35232,33678
28,539,nalgonda,Total,14,72118,37068,35050,2883,1063,1820,69235,36005,33230
28,539,nalgonda,Total,15,73961,38709,35252,3912,1458,2454,70049,37251,32798
28,539,nalgonda,Total,16,68826,35745,33081,3711,1353,2358,65115,34392,30723
28,539,nalgonda,Total,17,62639,33396,29243,3298,1180,2118,59341,32216,27125
28,539,nalgonda,Total,18,84841,43930,40911,7327,2217,5110,77514,41713,35801
28,539,nalgonda,Total,19,63991,33096,30895,5490,1544,3946,58501,31552,26949
28,539,nalgonda,Total,20-24,342001,174642,167359,53541,13884,39657,288460,160758,127702
28,539,nalgonda,Total,25-29,323096,160488,162608,86531,24433,62098,236565,136055,100510
28,539,nalgonda,Total,30-34,257516,130050,127466,90614,28393,62221,166902,101657,65245
28,539,nalgonda,Total,35-39,257600,126320,131280,115116,35961,79155,142484,90359,52125
28,539,nalgonda,Total,40-44,202868,106284,96584,107912,40860,67052,94956,65424,29532
28,539,nalgonda,Total,45-49,179153,89425,89728,108589,40861,67728,70564,48564,22000
28,539,nalgonda,Total,50-54,145510,72766,72744,97574,38921,58653,47936,33845,14091
28,539,nalgonda,Total,55-59,118779,51529,67250,83549,27490,56059,35230,24039,11191
28,539,nalgonda,Total,60-64,144482,66443,78039,111227,42672,68555,33255,23771,9484
28,539,nalgonda,Total,65-69,97477,47601,49876,75330,31106,44224,22147,16495,5652
28,539,nalgonda,Total,70-74,75096,39323,35773,61042,28244,32798,14054,11079,2975
28,539,nalgonda,Total,75-79,30850,16178,14672,24243,10928,13315,6607,5250,1357
28,539,nalgonda,Total,80+,39554,18343,21211,31932,12776,19156,7622,5567,2055
28,539,nalgonda,Total,Age not stated,7575,3783,3792,2928,1149,1779,4647,2634,2013
28,539,nalgonda,Rural,All ages,2826302,1427716,1398586,1310755,530720,780035,1515547,896996,618551
28,539,nalgonda,Rural,0-6,303536,158158,145378,303536,158158,145378,0,0,0
28,539,nalgonda,Rural,7,48859,25554,23305,13844,7411,6433,35015,18143,16872
28,539,nalgonda,Rural,8,51537,26389,25148,6202,3185,3017,45335,23204,22131
28,539,nalgonda,Rural,9,48342,24769,23573,3315,1599,1716,45027,23170,21857
28,539,nalgonda,Rural,10,60705,31538,29167,3523,1592,1931,57182,29946,27236
28,539,nalgonda,Rural,11,52180,26669,25511,2014,868,1146,50166,25801,24365
28,539,nalgonda,Rural,12,59836,30925,28911,2599,1009,1590,57237,29916,27321
28,539,nalgonda,Rural,13,56835,28637,28198,2211,771,1440,54624,27866,26758
28,539,nalgonda,Rural,14,57166,29309,27857,2502,908,1594,54664,28401,26263
28,539,nalgonda,Rural,15,58271,30473,27798,3461,1274,2187,54810,29199,25611
28,539,nalgonda,Rural,16,54216,28482,25734,3262,1181,2081,50954,27301,23653
28,539,nalgonda,Rural,17,49389,26776,22613,2919,1025,1894,46470,25751,20719
28,539,nalgonda,Rural,18,69439,36428,33011,6600,1977,4623,62839,34451,28388
28,539,nalgonda,Rural,19,51145,26962,24183,4966,1380,3586,46179,25582,20597
28,539,nalgonda,Rural,20-24,273915,142797,131118,48558,12573,35985,225357,130224,95133
28,539,nalgonda,Rural,25-29,255921,128099,127822,78456,22267,56189,177465,105832,71633
28,539,nalgonda,Rural,30-34,202886,102179,100707,82516,26071,56445,120370,76108,44262
28,539,nalgonda,Rural,35-39,203865,99014,104851,103545,32848,70697,100320,66166,34154
28,539,nalgonda,Rural,40-44,162043,84204,77839,97103,37411,59692,64940,46793,18147
28,539,nalgonda,Rural,45-49,144433,71478,72955,97235,37494,59741,47198,33984,13214
28,539,nalgonda,Rural,50-54,119693,59494,60199,87721,35799,51922,31972,23695,8277
28,539,nalgonda,Rural,55-59,99094,41877,57217,75804,25400,50404,23290,16477,6813
28,539,nalgonda,Rural,60-64,124889,57305,67584,101256,39781,61475,23633,17524,6109
28,539,nalgonda,Rural,65-69,85380,41922,43458,68984,29222,39762,16396,12700,3696
28,539,nalgonda,Rural,70-74,66165,35131,31034,55704,26532,29172,10461,8599,1862
28,539,nalgonda,Rural,75-79,26734,14236,12498,21891,10214,11677,4843,4022,821
28,539,nalgonda,Rural,80+,34177,16096,18081,28548,11812,16736,5629,4284,1345
28,539,nalgonda,Rural,Age not stated,5651,2815,2836,2480,958,1522,3171,1857,1314
28,539,nalgonda,Urban,All ages,662507,332056,330451,177035,68295,108740,485472,263761,221711
28,539,nalgonda,Urban,0-6,68199,35108,33091,68199,35108,33091,0,0,0
28,539,nalgonda,Urban,7,11028,5827,5201,2392,1264,1128,8636,4563,4073
28,539,nalgonda,Urban,8,11177,5843,5334,880,482,398,10297,5361,4936
28,539,nalgonda,Urban,9,11544,6019,5525,552,281,271,10992,5738,5254
28,539,nalgonda,Urban,10,14603,7527,7076,601,284,317,14002,7243,6759
28,539,nalgonda,Urban,11,13688,7002,6686,392,169,223,13296,6833,6463
28,539,nalgonda,Urban,12,14154,7168,6986,414,187,227,13740,6981,6759
28,539,nalgonda,Urban,13,14653,7520,7133,367,154,213,14286,7366,6920
28,539,nalgonda,Urban,14,14952,7759,7193,381,155,226,14571,7604,6967
28,539,nalgonda,Urban,15,15690,8236,7454,451,184,267,15239,8052,7187
28,539,nalgonda,Urban,16,14610,7263,7347,449,172,277,14161,7091,7070
28,539,nalgonda,Urban,17,13250,6620,6630,379,155,224,12871,6465,6406
28,539,nalgonda,Urban,18,15402,7502,7900,727,240,487,14675,7262,7413
28,539,nalgonda,Urban,19,12846,6134,6712,524,164,360,12322,5970,6352
28,539,nalgonda,Urban,20-24,68086,31845,36241,4983,1311,3672,63103,30534,32569
28,539,nalgonda,Urban,25-29,67175,32389,34786,8075,2166,5909,59100,30223,28877
28,539,nalgonda,Urban,30-34,54630,27871,26759,8098,2322,5776,46532,25549,20983
28,539,nalgonda,Urban,35-39,53735,27306,26429,11571,3113,8458,42164,24193,17971
28,539,nalgonda,Urban,40-44,40825,22080,18745,10809,3449,7360,30016,18631,11385
28,539,nalgonda,Urban,45-49,34720,17947,16773,11354,3367,7987,23366,14580,8786
28,539,nalgonda,Urban,50-54,25817,13272,12545,9853,3122,6731,15964,10150,5814
28,539,nalgonda,Urban,55-59,19685,9652,10033,7745,2090,5655,11940,7562,4378
28,539,nalgonda,Urban,60-64,19593,9138,10455,9971,2891,7080,9622,6247,3375
28,539,nalgonda,Urban,65-69,12097,5679,6418,6346,1884,4462,5751,3795,1956
28,539,nalgonda,Urban,70-74,8931,4192,4739,5338,1712,3626,3593,2480,1113
28,539,nalgonda,Urban,75-79,4116,1942,2174,2352,714,1638,1764,1228,536
28,539,nalgonda,Urban,80+,5377,2247,3130,3384,964,2420,1993,1283,710
28,539,nalgonda,Urban,Age not stated,1924,968,956,448,191,257,1476,777,699
28,540,warangal,Total,All ages,3512576,1759281,1753295,1447553,579491,868062,2065023,1179790,885233
28,540,warangal,Total,0-6,341168,177444,163724,341168,177444,163724,0,0,0
28,540,warangal,Total,7,58098,30223,27875,14346,7608,6738,43752,22615,21137
28,540,warangal,Total,8,61067,31336,29731,6783,3477,3306,54284,27859,26425
28,540,warangal,Total,9,59779,30498,29281,3913,2021,1892,55866,28477,27389
28,540,warangal,Total,10,77519,39850,37669,4240,2117,2123,73279,37733,35546
28,540,warangal,Total,11,70396,35925,34471,2561,1264,1297,67835,34661,33174
28,540,warangal,Total,12,77882,40415,37467,2863,1230,1633,75019,39185,35834
28,540,warangal,Total,13,73780,37894,35886,2416,1078,1338,71364,36816,34548
28,540,warangal,Total,14,74111,38443,35668,2686,1171,1515,71425,37272,34153
28,540,warangal,Total,15,75272,38998,36274,3592,1548,2044,71680,37450,34230
28,540,warangal,Total,16,68353,35483,32870,3219,1347,1872,65134,34136,30998
28,540,warangal,Total,17,63379,33357,30022,2944,1251,1693,60435,32106,28329
28,540,warangal,Total,18,81194,41339,39855,5940,2045,3895,75254,39294,35960
28,540,warangal,Total,19,62905,31978,30927,4613,1448,3165,58292,30530,27762
28,540,warangal,Total,20-24,330463,166805,163658,44440,12885,31555,286023,153920,132103
28,540,warangal,Total,25-29,316588,154622,161966,78574,22338,56236,238014,132284,105730
28,540,warangal,Total,30-34,266392,131606,134786,91103,27944,63159,175289,103662,71627
28,540,warangal,Total,35-39,269991,131783,138208,117133,36117,81016,152858,95666,57192
28,540,warangal,Total,40-44,218655,113279,105376,112922,41548,71374,105733,71731,34002
28,540,warangal,Total,45-49,186414,94571,91843,109791,41526,68265,76623,53045,23578
28,540,warangal,Total,50-54,146914,73682,73232,95296,37674,57622,51618,36008,15610
28,540,warangal,Total,55-59,123468,54172,69296,84763,27805,56958,38705,26367,12338
28,540,warangal,Total,60-64,145584,66118,79466,111011,41419,69592,34573,24699,9874
28,540,warangal,Total,65-69,101671,48820,52851,78684,31812,46872,22987,17008,5979
28,540,warangal,Total,70-74,74892,39116,35776,60354,27870,32484,14538,11246,3292
28,540,warangal,Total,75-79,32468,16291,16177,25487,10947,14540,6981,5344,1637
28,540,warangal,Total,80+,39875,18321,21554,31985,12703,19282,7890,5618,2272
28,540,warangal,Total,Age not stated,14298,6912,7386,4726,1854,2872,9572,5058,4514
28,540,warangal,Rural,All ages,2520243,1260594,1259649,1182835,479177,703658,1337408,781417,555991
28,540,warangal,Rural,0-6,246805,128789,118016,246805,128789,118016,0,0,0
28,540,warangal,Rural,7,42663,22203,20460,11143,5911,5232,31520,16292,15228
28,540,warangal,Rural,8,45322,23248,22074,5301,2701,2600,40021,20547,19474
28,540,warangal,Rural,9,43708,22204,21504,2967,1539,1428,40741,20665,20076
28,540,warangal,Rural,10,57249,29442,27807,3249,1610,1639,54000,27832,26168
28,540,warangal,Rural,11,51331,26094,25237,1956,960,996,49375,25134,24241
28,540,warangal,Rural,12,58174,30026,28148,2365,1008,1357,55809,29018,26791
28,540,warangal,Rural,13,54163,27711,26452,1936,856,1080,52227,26855,25372
28,540,warangal,Rural,14,54516,28180,26336,2179,930,1249,52337,27250,25087
28,540,warangal,Rural,15,54184,27859,26325,3011,1279,1732,51173,26580,24593
28,540,warangal,Rural,16,48032,24878,23154,2664,1097,1567,45368,23781,21587
28,540,warangal,Rural,17,43997,23188,20809,2404,1012,1392,41593,22176,19417
28,540,warangal,Rural,18,59047,30258,28789,5039,1708,3331,54008,28550,25458
28,540,warangal,Rural,19,43424,22384,21040,3872,1188,2684,39552,21196,18356
28,540,warangal,Rural,20-24,228026,117440,110586,37955,10872,27083,190071,106568,83503
28,540,warangal,Rural,25-29,217344,106424,110920,67573,19188,48385,149771,87236,62535
28,540,warangal,Rural,30-34,183870,90600,93270,78433,24554,53879,105437,66046,39391
28,540,warangal,Rural,35-39,187613,90646,96967,98837,31375,67462,88776,59271,29505
28,540,warangal,Rural,40-44,151596,78366,73230,94047,35873,58174,57549,42493,15056
28,540,warangal,Rural,45-49,130584,65264,65320,91309,35723,55586,39275,29541,9734
28,540,warangal,Rural,50-54,105151,52099,53052,79839,32858,46981,25312,19241,6071
28,540,warangal,Rural,55-59,90434,37803,52631,71808,24285,47523,18626,13518,5108
28,540,warangal,Rural,60-64,114759,51542,63217,95967,37262,58705,18792,14280,4512
28,540,warangal,Rural,65-69,81866,39408,42458,68425,28801,39624,13441,10607,2834
28,540,warangal,Rural,70-74,60758,32400,28358,52097,25283,26814,8661,7117,1544
28,540,warangal,Rural,75-79,25616,13160,12456,21562,9807,11755,4054,3353,701
28,540,warangal,Rural,80+,31479,14944,16535,26822,11385,15437,4657,3559,1098
28,540,warangal,Rural,Age not stated,8532,4034,4498,3270,1323,1947,5262,2711,2551
28,540,warangal,Urban,All ages,992333,498687,493646,264718,100314,164404,727615,398373,329242
28,540,warangal,Urban,0-6,94363,48655,45708,94363,48655,45708,0,0,0
28,540,warangal,Urban,7,15435,8020,7415,3203,1697,1506,12232,6323,5909
28,540,warangal,Urban,8,15745,8088,7657,1482,776,706,14263,7312,6951
28,540,warangal,Urban,9,16071,8294,7777,946,482,464,15125,7812,7313
28,540,warangal,Urban,10,20270,10408,9862,991,507,484,19279,9901,9378
28,540,warangal,Urban,11,19065,9831,9234,605,304,301,18460,9527,8933
28,540,warangal,Urban,12,19708,10389,9319,498,222,276,19210,10167,9043
28,540,warangal,Urban,13,19617,10183,9434,480,222,258,19137,9961,9176
28,540,warangal,Urban,14,19595,10263,9332,507,241,266,19088,10022,9066
28,540,warangal,Urban,15,21088,11139,9949,581,269,312,20507,10870,9637
28,540,warangal,Urban,16,20321,10605,9716,555,250,305,19766,10355,9411
28,540,warangal,Urban,17,19382,10169,9213,540,239,301,18842,9930,8912
28,540,warangal,Urban,18,22147,11081,11066,901,337,564,21246,10744,10502
28,540,warangal,Urban,19,19481,9594,9887,741,260,481,18740,9334,9406
28,540,warangal,Urban,20-24,102437,49365,53072,6485,2013,4472,95952,47352,48600
28,540,warangal,Urban,25-29,99244,48198,51046,11001,3150,7851,88243,45048,43195
28,540,warangal,Urban,30-34,82522,41006,41516,12670,3390,9280,69852,37616,32236
28,540,warangal,Urban,35-39,82378,41137,41241,18296,4742,13554,64082,36395,27687
28,540,warangal,Urban,40-44,67059,34913,32146,18875,5675,13200,48184,29238,18946
28,540,warangal,Urban,45-49,55830,29307,26523,18482,5803,12679,37348,23504,13844
28,540,warangal,Urban,50-54,41763,21583,20180,15457,4816,10641,26306,16767,9539
28,540,warangal,Urban,55-59,33034,16369,16665,12955,3520,9435,20079,12849,7230
28,540,warangal,Urban,60-64,30825,14576,16249,15044,4157,10887,15781,10419,5362
28,540,warangal,Urban,65-69,19805,9412,10393,10259,3011,7248,9546,6401,3145
28,540,warangal,Urban,70-74,14134,6716,7418,8257,2587,5670,5877,4129,1748
28,540,warangal,Urban,75-79,6852,3131,3721,3925,1140,2785,2927,1991,936
28,540,warangal,Urban,80+,8396,3377,5019,5163,1318,3845,3233,2059,1174
28,540,warangal,Urban,Age not stated,5766,2878,2888,1456,531,925,4310,2347,1963
28,541,khammam,Total,All ages,2797370,1390988,1406382,1167136,489348,677788,1630234,901640,728594
28,541,khammam,Total,0-6,281922,143956,137966,281922,143956,137966,0,0,0
28,541,khammam,Total,7,46943,24036,22907,12731,6661,6070,34212,17375,16837
28,541,khammam,Total,8,48636,24733,23903,5524,2875,2649,43112,21858,21254
28,541,khammam,Total,9,48606,24820,23786,3309,1723,1586,45297,23097,22200
28,541,khammam,Total,10,59682,30618,29064,3893,1987,1906,55789,28631,27158
28,541,khammam,Total,11,53215,26762,26453,2309,1093,1216,50906,25669,25237
28,541,khammam,Total,12,56964,28710,28254,2660,1284,1376,54304,27426,26878
28,541,khammam,Total,13,54625,27298,27327,2371,1067,1304,52254,26231,26023
28,541,khammam,Total,14,54959,27754,27205,2847,1288,1559,52112,26466,25646
28,541,khammam,Total,15,55085,28213,26872,3672,1701,1971,51413,26512,24901
28,541,khammam,Total,16,52202,27033,25169,3580,1663,1917,48622,25370,23252
28,541,khammam,Total,17,49631,26410,23221,3395,1617,1778,46236,24793,21443
28,541,khammam,Total,18,65754,33498,32256,6538,2551,3987,59216,30947,28269
28,541,khammam,Total,19,52545,26722,25823,5356,1903,3453,47189,24819,22370
28,541,khammam,Total,20-24,280062,137324,142738,49646,16285,33361,230416,121039,109377
28,541,khammam,Total,25-29,269771,131406,138365,78520,27405,51115,191251,104001,87250
28,541,khammam,Total,30-34,222253,110517,111736,82944,30227,52717,139309,80290,59019
28,541,khammam,Total,35-39,222861,108816,114045,100624,36530,64094,122237,72286,49951
28,541,khammam,Total,40-44,177616,90991,86625,92978,38115,54863,84638,52876,31762
28,541,khammam,Total,45-49,151853,76855,74998,86559,35827,50732,65294,41028,24266
28,541,khammam,Total,50-54,112516,56577,55939,68699,28559,40140,43817,28018,15799
28,541,khammam,Total,55-59,91711,40992,50719,58759,20163,38596,32952,20829,12123
28,541,khammam,Total,60-64,103524,47110,56414,75019,28688,46331,28505,18422,10083
28,541,khammam,Total,65-69,70086,33636,36450,51426,21092,30334,18660,12544,6116
28,541,khammam,Total,70-74,49613,25317,24296,38334,17424,20910,11279,7893,3386
28,541,khammam,Total,75-79,21700,10636,11064,15983,6643,9340,5717,3993,1724
28,541,khammam,Total,80+,28805,13171,15634,21796,8702,13094,7009,4469,2540
28,541,khammam,Total,Age not stated,14230,7077,7153,5742,2319,3423,8488,4758,3730
28,541,khammam,Rural,All ages,2141459,1066781,1074678,991926,419275,572651,1149533,647506,502027
28,541,khammam,Rural,0-6,217568,110904,106664,217568,110904,106664,0,0,0
28,541,khammam,Rural,7,36568,18745,17823,10477,5489,4988,26091,13256,12835
28,541,khammam,Rural,8,38124,19294,18830,4633,2389,2244,33491,16905,16586
28,541,khammam,Rural,9,37927,19426,18501,2786,1433,1353,35141,17993,17148
28,541,khammam,Rural,10,46518,23893,22625,3286,1675,1611,43232,22218,21014
28,541,khammam,Rural,11,41159,20821,20338,1923,915,1008,39236,19906,19330
28,541,khammam,Rural,12,44893,22843,22050,2354,1142,1212,42539,21701,20838
28,541,khammam,Rural,13,42590,21289,21301,2043,909,1134,40547,20380,20167
28,541,khammam,Rural,14,43060,21879,21181,2503,1129,1374,40557,20750,19807
28,541,khammam,Rural,15,42993,22134,20859,3273,1502,1771,39720,20632,19088
28,541,khammam,Rural,16,40853,21277,19576,3198,1486,1712,37655,19791,17864
28,541,khammam,Rural,17,38324,20649,17675,2972,1397,1575,35352,19252,16100
28,541,khammam,Rural,18,51483,26562,24921,5805,2264,3541,45678,24298,21380
28,541,khammam,Rural,19,40075,20673,19402,4738,1695,3043,35337,18978,16359
28,541,khammam,Rural,20-24,210452,104918,105534,44008,14482,29526,166444,90436,76008
28,541,khammam,Rural,25-29,200931,98307,102624,69607,24476,45131,131324,73831,57493
28,541,khammam,Rural,30-34,166290,82241,84049,73901,27215,46686,92389,55026,37363
28,541,khammam,Rural,35-39,167447,81392,86055,88499,32734,55765,78948,48658,30290
28,541,khammam,Rural,40-44,132952,67992,64960,81188,34097,47091,51764,33895,17869
28,541,khammam,Rural,45-49,113033,57229,55804,74589,31797,42792,38444,25432,13012
28,541,khammam,Rural,50-54,83604,42026,41578,58814,25283,33531,24790,16743,8047
28,541,khammam,Rural,55-59,69340,29781,39559,50893,17881,33012,18447,11900,6547
28,541,khammam,Rural,60-64,82947,37391,45556,65559,25821,39738,17388,11570,5818
28,541,khammam,Rural,65-69,57933,27926,30007,45725,19374,26351,12208,8552,3656
28,541,khammam,Rural,70-74,41059,21268,19791,33723,15848,17875,7336,5420,1916
28,541,khammam,Rural,75-79,17668,8770,8898,13957,6001,7956,3711,2769,942
28,541,khammam,Rural,80+,23210,10900,12310,18636,7781,10855,4574,3119,1455
28,541,khammam,Rural,Age not stated,12458,6251,6207,5268,2156,3112,7190,4095,3095
28,541,khammam,Urban,All ages,655911,324207,331704,175210,70073,105137,480701,254134,226567
28,541,khammam,Urban,0-6,64354,33052,31302,64354,33052,31302,0,0,0
28,541,khammam,Urban,7,10375,5291,5084,2254,1172,1082,8121,4119,4002
28,541,khammam,Urban,8,10512,5439,5073,891,486,405,9621,4953,4668
28,541,khammam,Urban,9,10679,5394,5285,523,290,233,10156,5104,5052
28,541,khammam,Urban,10,13164,6725,6439,607,312,295,12557,6413,6144
28,541,khammam,Urban,11,12056,5941,6115,386,178,208,11670,5763,5907
28,541,khammam,Urban,12,12071,5867,6204,306,142,164,11765,5725,6040
28,541,khammam,Urban,13,12035,6009,6026,328,158,170,11707,5851,5856
28,541,khammam,Urban,14,11899,5875,6024,344,159,185,11555,5716,5839
28,541,khammam,Urban,15,12092,6079,6013,399,199,200,11693,5880,5813
28,541,khammam,Urban,16,11349,5756,5593,382,177,205,10967,5579,5388
28,541,khammam,Urban,17,11307,5761,5546,423,220,203,10884,5541,5343
28,541,khammam,Urban,18,14271,6936,7335,733,287,446,13538,6649,6889
28,541,khammam,Urban,19,12470,6049,6421,618,208,410,11852,5841,6011
28,541,khammam,Urban,20-24,69610,32406,37204,5638,1803,3835,63972,30603,33369
28,541,khammam,Urban,25-29,68840,33099,35741,8913,2929,5984,59927,30170,29757
28,541,khammam,Urban,30-34,55963,28276,27687,9043,3012,6031,46920,25264,21656
28,541,khammam,Urban,35-39,55414,27424,27990,12125,3796,8329,43289,23628,19661
28,541,khammam,Urban,40-44,44664,22999,21665,11790,4018,7772,32874,18981,13893
28,541,khammam,Urban,45-49,38820,19626,19194,11970,4030,7940,26850,15596,11254
28,541,khammam,Urban,50-54,28912,14551,14361,9885,3276,6609,19027,11275,7752
28,541,khammam,Urban,55-59,22371,11211,11160,7866,2282,5584,14505,8929,5576
28,541,khammam,Urban,60-64,20577,9719,10858,9460,2867,6593,11117,6852,4265
28,541,khammam,Urban,65-69,12153,5710,6443,5701,1718,3983,6452,3992,2460
28,541,khammam,Urban,70-74,8554,4049,4505,4611,1576,3035,3943,2473,1470
28,541,khammam,Urban,75-79,4032,1866,2166,2026,642,1384,2006,1224,782
28,541,khammam,Urban,80+,5595,2271,3324,3160,921,2239,2435,1350,1085
28,541,khammam,Urban,Age not stated,1772,826,946,474,163,311,1298,663,635
28,542,srikakulam,Total,All ages,2703114,1341738,1361376,1207733,483914,723819,1495381,857824,637557
28,542,srikakulam,Total,0-6,281037,143835,137202,281037,143835,137202,0,0,0
28,542,srikakulam,Total,7,46951,24159,22792,12115,6173,5942,34836,17986,16850
28,542,srikakulam,Total,8,48079,24649,23430,4508,2233,2275,43571,22416,21155
28,542,srikakulam,Total,9,47321,24345,22976,2336,1153,1183,44985,23192,21793
28,542,srikakulam,Total,10,53714,27928,25786,2296,1075,1221,51418,26853,24565
28,542,srikakulam,Total,11,48164,24648,23516,1319,560,759,46845,24088,22757
28,542,srikakulam,Total,12,53632,27734,25898,1848,693,1155,51784,27041,24743
28,542,srikakulam,Total,13,52280,27083,25197,1745,646,1099,50535,26437,24098
28,542,srikakulam,Total,14,53151,27822,25329,2168,835,1333,50983,26987,23996
28,542,srikakulam,Total,15,52215,27170,25045,3146,1193,1953,49069,25977,23092
28,542,srikakulam,Total,16,49703,25599,24104,3099,1177,1922,46604,24422,22182
28,542,srikakulam,Total,17,47810,25603,22207,3073,1170,1903,44737,24433,20304
28,542,srikakulam,Total,18,59404,30137,29267,6321,2086,4235,53083,28051,25032
28,542,srikakulam,Total,19,47672,24517,23155,4977,1532,3445,42695,22985,19710
28,542,srikakulam,Total,20-24,248563,126454,122109,45198,14009,31189,203365,112445,90920
28,542,srikakulam,Total,25-29,233423,112778,120645,69804,22266,47538,163619,90512,73107
28,542,srikakulam,Total,30-34,206116,99950,106166,80929,27332,53597,125187,72618,52569
28,542,srikakulam,Total,35-39,206329,97855,108474,99558,33178,66380,106771,64677,42094
28,542,srikakulam,Total,40-44,180548,91891,88657,102211,39906,62305,78337,51985,26352
28,542,srikakulam,Total,45-49,154392,78631,75761,95825,39114,56711,58567,39517,19050
28,542,srikakulam,Total,50-54,124717,61126,63591,83092,32879,50213,41625,28247,13378
28,542,srikakulam,Total,55-59,101124,44498,56626,69658,23175,46483,31466,21323,10143
28,542,srikakulam,Total,60-64,120039,53543,66496,90121,32211,57910,29918,21332,8586
28,542,srikakulam,Total,65-69,87859,42538,45321,66883,26571,40312,20976,15967,5009
28,542,srikakulam,Total,70-74,55105,26719,28386,43206,17413,25793,11899,9306,2593
28,542,srikakulam,Total,75-79,20667,10077,10590,15421,6019,9402,5246,4058,1188
28,542,srikakulam,Total,80+,19225,8251,10974,14570,4969,9601,4655,3282,1373
28,542,srikakulam,Total,Age not stated,3874,2198,1676,1269,511,758,2605,1687,918
28,542,srikakulam,Rural,All ages,2266411,1126888,1139523,1079749,434766,644983,1186662,692122,494540
28,542,srikakulam,Rural,0-6,238331,121732,116599,238331,121732,116599,0,0,0
28,542,srikakulam,Rural,7,39761,20530,19231,10388,5293,5095,29373,15237,14136
28,542,srikakulam,Rural,8,40868,20985,19883,3908,1934,1974,36960,19051,17909
28,542,srikakulam,Rural,9,40163,20660,19503,2065,1005,1060,38098,19655,18443
28,542,srikakulam,Rural,10,45196,23630,21566,1997,923,1074,43199,22707,20492
28,542,srikakulam,Rural,11,40280,20731,19549,1170,493,677,39110,20238,18872
28,542,srikakulam,Rural,12,45336,23589,21747,1633,598,1035,43703,22991,20712
28,542,srikakulam,Rural,13,44122,23110,21012,1558,570,988,42564,22540,20024
28,542,srikakulam,Rural,14,45013,23703,21310,1937,737,1200,43076,22966,20110
28,542,srikakulam,Rural,15,43905,22934,20971,2848,1075,1773,41057,21859,19198
28,542,srikakulam,Rural,16,41794,21677,20117,2818,1056,1762,38976,20621,18355
28,542,srikakulam,Rural,17,39954,21671,18283,2772,1039,1733,37182,20632,16550
28,542,srikakulam,Rural,18,50157,25656,24501,5754,1862,3892,44403,23794,20609
28,542,srikakulam,Rural,19,39709,20675,19034,4486,1379,3107,35223,19296,15927
28,542,srikakulam,Rural,20-24,206629,106494,100135,40986,12697,28289,165643,93797,71846
28,542,srikakulam,Rural,25-29,192558,93539,99019,63407,20316,43091,129151,73223,55928
28,542,srikakulam,Rural,30-34,169997,82466,87531,73953,25119,48834,96044,57347,38697
28,542,srikakulam,Rural,35-39,170136,80168,89968,90465,30421,60044,79671,49747,29924
28,542,srikakulam,Rural,40-44,149866,76031,73835,93006,36741,56265,56860,39290,17570
28,542,srikakulam,Rural,45-49,127616,65011,62605,86611,36100,50511,41005,28911,12094
28,542,srikakulam,Rural,50-54,104028,50841,53187,75233,30388,44845,28795,20453,8342
28,542,srikakulam,Rural,55-59,84765,36493,48272,63220,21339,41881,21545,15154,6391
28,542,srikakulam,Rural,60-64,103704,45932,57772,82260,29985,52275,21444,15947,5497
28,542,srikakulam,Rural,65-69,77093,37475,39618,61427,24965,36462,15666,12510,3156
28,542,srikakulam,Rural,70-74,48306,23526,24780,39586,16328,23258,8720,7198,1522
28,542,srikakulam,Rural,75-79,17666,8619,9047,13964,5632,8332,3702,2987,715
28,542,srikakulam,Rural,80+,16191,7108,9083,12853,4581,8272,3338,2527,811
28,542,srikakulam,Rural,Age not stated,3267,1902,1365,1113,458,655,2154,1444,710
28,542,srikakulam,Urban,All ages,436703,214850,221853,127984,49148,78836,308719,165702,143017
28,542,srikakulam,Urban,0-6,42706,22103,20603,42706,22103,20603,0,0,0
28,542,srikakulam,Urban,7,7190,3629,3561,1727,880,847,5463,2749,2714
28,542,srikakulam,Urban,8,7211,3664,3547,600,299,301,6611,3365,3246
28,542,srikakulam,Urban,9,7158,3685,3473,271,148,123,6887,3537,3350
28,542,srikakulam,Urban,10,8518,4298,4220,299,152,147,8219,4146,4073
28,542,srikakulam,Urban,11,7884,3917,3967,149,67,82,7735,3850,3885
28,542,srikakulam,Urban,12,8296,4145,4151,215,95,120,8081,4050,4031
28,542,srikakulam,Urban,13,8158,3973,4185,187,76,111,7971,3897,4074
28,542,srikakulam,Urban,14,8138,4119,4019,231,98,133,7907,4021,3886
28,542,srikakulam,Urban,15,8310,4236,4074,298,118,180,8012,4118,3894
28,542,srikakulam,Urban,16,7909,3922,3987,281,121,160,7628,3801,3827
28,542,srikakulam,Urban,17,7856,3932,3924,301,131,170,7555,3801,3754
28,542,srikakulam,Urban,18,9247,4481,4766,567,224,343,8680,4257,4423
28,542,srikakulam,Urban,19,7963,3842,4121,491,153,338,7472,3689,3783
28,542,srikakulam,Urban,20-24,41934,19960,21974,4212,1312,2900,37722,18648,19074
28,542,srikakulam,Urban,25-29,40865,19239,21626,6397,1950,4447,34468,17289,17179
28,542,srikakulam,Urban,30-34,36119,17484,18635,6976,2213,4763,29143,15271,13872
28,542,srikakulam,Urban,35-39,36193,17687,18506,9093,2757,6336,27100,14930,12170
28,542,srikakulam,Urban,40-44,30682,15860,14822,9205,3165,6040,21477,12695,8782
28,542,srikakulam,Urban,45-49,26776,13620,13156,9214,3014,6200,17562,10606,6956
28,542,srikakulam,Urban,50-54,20689,10285,10404,7859,2491,5368,12830,7794,5036
28,542,srikakulam,Urban,55-59,16359,8005,8354,6438,1836,4602,9921,6169,3752
28,542,srikakulam,Urban,60-64,16335,7611,8724,7861,2226,5635,8474,5385,3089
28,542,srikakulam,Urban,65-69,10766,5063,5703,5456,1606,3850,5310,3457,1853
28,542,srikakulam,Urban,70-74,6799,3193,3606,3620,1085,2535,3179,2108,1071
28,542,srikakulam,Urban,75-79,3001,1458,1543,1457,387,1070,1544,1071,473
28,542,srikakulam,Urban,80+,3034,1143,1891,1717,388,1329,1317,755,562
28,542,srikakulam,Urban,Age not stated,607,296,311,156,53,103,451,243,208
28,543,vizianagaram,Total,All ages,2344474,1161477,1182997,1106086,453974,652112,1238388,707503,530885
28,543,vizianagaram,Total,0-6,241657,123300,118357,241657,123300,118357,0,0,0
28,543,vizianagaram,Total,7,39497,20080,19417,12633,6330,6303,26864,13750,13114
28,543,vizianagaram,Total,8,41599,21310,20289,5108,2588,2520,36491,18722,17769
28,543,vizianagaram,Total,9,40245,20518,19727,2858,1410,1448,37387,19108,18279
28,543,vizianagaram,Total,10,46452,24114,22338,3094,1495,1599,43358,22619,20739
28,543,vizianagaram,Total,11,41058,20839,20219,1885,797,1088,39173,20042,19131
28,543,vizianagaram,Total,12,45288,23510,21778,2603,1109,1494,42685,22401,20284
28,543,vizianagaram,Total,13,44746,22957,21789,2444,1006,1438,42302,21951,20351
28,543,vizianagaram,Total,14,44718,23015,21703,3016,1176,1840,41702,21839,19863
28,543,vizianagaram,Total,15,44562,22775,21787,4139,1732,2407,40423,21043,19380
28,543,vizianagaram,Total,16,41721,21509,20212,4130,1678,2452,37591,19831,17760
28,543,vizianagaram,Total,17,39169,20638,18531,3832,1547,2285,35337,19091,16246
28,543,vizianagaram,Total,18,49523,25134,24389,7309,2573,4736,42214,22561,19653
28,543,vizianagaram,Total,19,39894,20335,19559,5722,1952,3770,34172,18383,15789
28,543,vizianagaram,Total,20-24,208095,104818,103277,47330,16126,31204,160765,88692,72073
28,543,vizianagaram,Total,25-29,198142,96020,102122,68667,23958,44709,129475,72062,57413
28,543,vizianagaram,Total,30-34,179423,87170,92253,78171,28225,49946,101252,58945,42307
28,543,vizianagaram,Total,35-39,184858,88802,96056,94807,34141,60666,90051,54661,35390
28,543,vizianagaram,Total,40-44,162409,82400,80009,95402,38476,56926,67007,43924,23083
28,543,vizianagaram,Total,45-49,139704,70810,68894,88888,36997,51891,50816,33813,17003
28,543,vizianagaram,Total,50-54,113383,55759,57624,76678,30927,45751,36705,24832,11873
28,543,vizianagaram,Total,55-59,93839,41729,52110,65492,22899,42593,28347,18830,9517
28,543,vizianagaram,Total,60-64,108052,49308,58744,81394,30574,50820,26658,18734,7924
28,543,vizianagaram,Total,65-69,69346,33377,35969,52729,21343,31386,16617,12034,4583
28,543,vizianagaram,Total,70-74,39112,18829,20283,29580,11874,17706,9532,6955,2577
28,543,vizianagaram,Total,75-79,14284,6799,7485,10077,3883,6194,4207,2916,1291
28,543,vizianagaram,Total,80+,13453,5771,7682,9108,3039,6069,4345,2732,1613
28,543,vizianagaram,Total,Age not stated,20245,9851,10394,7333,2819,4514,12912,7032,5880
28,543,vizianagaram,Rural,All ages,1853563,920428,933135,961725,397112,564613,891838,523316,368522
28,543,vizianagaram,Rural,0-6,194859,99319,95540,194859,99319,95540,0,0,0
28,543,vizianagaram,Rural,7,32076,16276,15800,10542,5248,5294,21534,11028,10506
28,543,vizianagaram,Rural,8,33881,17340,16541,4246,2136,2110,29635,15204,14431
28,543,vizianagaram,Rural,9,32629,16693,15936,2431,1199,1232,30198,15494,14704
28,543,vizianagaram,Rural,10,37038,19350,17688,2632,1244,1388,34406,18106,16300
28,543,vizianagaram,Rural,11,32523,16701,15822,1644,692,952,30879,16009,14870
28,543,vizianagaram,Rural,12,36397,19060,17337,2308,965,1343,34089,18095,15994
28,543,vizianagaram,Rural,13,35893,18613,17280,2179,880,1299,33714,17733,15981
28,543,vizianagaram,Rural,14,35890,18687,17203,2713,1040,1673,33177,17647,15530
28,543,vizianagaram,Rural,15,35731,18380,17351,3741,1531,2210,31990,16849,15141
28,543,vizianagaram,Rural,16,33140,17196,15944,3740,1503,2237,29400,15693,13707
28,543,vizianagaram,Rural,17,30842,16423,14419,3435,1365,2070,27407,15058,12349
28,543,vizianagaram,Rural,18,39279,20152,19127,6568,2304,4264,32711,17848,14863
28,543,vizianagaram,Rural,19,30796,15988,14808,5119,1754,3365,25677,14234,11443
28,543,vizianagaram,Rural,20-24,160216,82043,78173,42270,14364,27906,117946,67679,50267
28,543,vizianagaram,Rural,25-29,152409,74065,78344,61358,21381,39977,91051,52684,38367
28,543,vizianagaram,Rural,30-34,139724,67535,72189,70336,25500,44836,69388,42035,27353
28,543,vizianagaram,Rural,35-39,144305,68912,75393,84518,30759,53759,59787,38153,21634
28,543,vizianagaram,Rural,40-44,127658,64644,63014,84887,34856,50031,42771,29788,12983
28,543,vizianagaram,Rural,45-49,109228,55345,53883,78456,33337,45119,30772,22008,8764
28,543,vizianagaram,Rural,50-54,89315,43735,45580,67653,27887,39766,21662,15848,5814
28,543,vizianagaram,Rural,55-59,74984,32660,42324,58253,20737,37516,16731,11923,4808
28,543,vizianagaram,Rural,60-64,89023,40624,48399,72344,28013,44331,16679,12611,4068
28,543,vizianagaram,Rural,65-69,57894,28110,29784,47066,19674,27392,10828,8436,2392
28,543,vizianagaram,Rural,70-74,32013,15546,16467,26120,10877,15243,5893,4669,1224
28,543,vizianagaram,Rural,75-79,11165,5445,5720,8717,3539,5178,2448,1906,542
28,543,vizianagaram,Rural,80+,10217,4529,5688,7550,2689,4861,2667,1840,827
28,543,vizianagaram,Rural,Age not stated,14438,7057,7381,6040,2319,3721,8398,4738,3660
28,543,vizianagaram,Urban,All ages,490911,241049,249862,144361,56862,87499,346550,184187,162363
28,543,vizianagaram,Urban,0-6,46798,23981,22817,46798,23981,22817,0,0,0
28,543,vizianagaram,Urban,7,7421,3804,3617,2091,1082,1009,5330,2722,2608
28,543,vizianagaram,Urban,8,7718,3970,3748,862,452,410,6856,3518,3338
28,543,vizianagaram,Urban,9,7616,3825,3791,427,211,216,7189,3614,3575
28,543,vizianagaram,Urban,10,9414,4764,4650,462,251,211,8952,4513,4439
28,543,vizianagaram,Urban,11,8535,4138,4397,241,105,136,8294,4033,4261
28,543,vizianagaram,Urban,12,8891,4450,4441,295,144,151,8596,4306,4290
28,543,vizianagaram,Urban,13,8853,4344,4509,265,126,139,8588,4218,4370
28,543,vizianagaram,Urban,14,8828,4328,4500,303,136,167,8525,4192,4333
28,543,vizianagaram,Urban,15,8831,4395,4436,398,201,197,8433,4194,4239
28,543,vizianagaram,Urban,16,8581,4313,4268,390,175,215,8191,4138,4053
28,543,vizianagaram,Urban,17,8327,4215,4112,397,182,215,7930,4033,3897
28,543,vizianagaram,Urban,18,10244,4982,5262,741,269,472,9503,4713,4790
28,543,vizianagaram,Urban,19,9098,4347,4751,603,198,405,8495,4149,4346
28,543,vizianagaram,Urban,20-24,47879,22775,25104,5060,1762,3298,42819,21013,21806
28,543,vizianagaram,Urban,25-29,45733,21955,23778,7309,2577,4732,38424,19378,19046
28,543,vizianagaram,Urban,30-34,39699,19635,20064,7835,2725,5110,31864,16910,14954
28,543,vizianagaram,Urban,35-39,40553,19890,20663,10289,3382,6907,30264,16508,13756
28,543,vizianagaram,Urban,40-44,34751,17756,16995,10515,3620,6895,24236,14136,10100
28,543,vizianagaram,Urban,45-49,30476,15465,15011,10432,3660,6772,20044,11805,8239
28,543,vizianagaram,Urban,50-54,24068,12024,12044,9025,3040,5985,15043,8984,6059
28,543,vizianagaram,Urban,55-59,18855,9069,9786,7239,2162,5077,11616,6907,4709
28,543,vizianagaram,Urban,60-64,19029,8684,10345,9050,2561,6489,9979,6123,3856
28,543,vizianagaram,Urban,65-69,11452,5267,6185,5663,1669,3994,5789,3598,2191
28,543,vizianagaram,Urban,70-74,7099,3283,3816,3460,997,2463,3639,2286,1353
28,543,vizianagaram,Urban,75-79,3119,1354,1765,1360,344,1016,1759,1010,749
28,543,vizianagaram,Urban,80+,3236,1242,1994,1558,350,1208,1678,892,786
28,543,vizianagaram,Urban,Age not stated,5807,2794,3013,1293,500,793,4514,2294,2220
28,544,visakhapatnam,Total,All ages,4290589,2138910,2151679,1722340,716032,1006308,2568249,1422878,1145371
28,544,visakhapatnam,Total,0-6,452213,230630,221583,452213,230630,221583,0,0,0
28,544,visakhapatnam,Total,7,72977,37228,35749,21224,10807,10417,51753,26421,25332
28,544,visakhapatnam,Total,8,73519,37403,36116,10156,4918,5238,63363,32485,30878
28,544,visakhapatnam,Total,9,72574,37321,35253,6378,3053,3325,66196,34268,31928
28,544,visakhapatnam,Total,10,86708,44891,41817,6867,3265,3602,79841,41626,38215
28,544,visakhapatnam,Total,11,76996,39283,37713,4482,2004,2478,72514,37279,35235
28,544,visakhapatnam,Total,12,81056,41256,39800,4670,2004,2666,76386,39252,37134
28,544,visakhapatnam,Total,13,78269,40142,38127,4113,1712,2401,74156,38430,35726
28,544,visakhapatnam,Total,14,79021,40394,38627,4693,1904,2789,74328,38490,35838
28,544,visakhapatnam,Total,15,79379,41128,38251,6348,2667,3681,73031,38461,34570
28,544,visakhapatnam,Total,16,72968,37484,35484,5888,2342,3546,67080,35142,31938
28,544,visakhapatnam,Total,17,71219,37226,33993,5946,2317,3629,65273,34909,30364
28,544,visakhapatnam,Total,18,89004,44008,44996,10645,3596,7049,78359,40412,37947
28,544,visakhapatnam,Total,19,76318,37700,38618,9517,3034,6483,66801,34666,32135
28,544,visakhapatnam,Total,20-24,407228,198334,208894,72469,23102,49367,334759,175232,159527
28,544,visakhapatnam,Total,25-29,405104,195965,209139,107688,36524,71164,297416,159441,137975
28,544,visakhapatnam,Total,30-34,348395,173776,174619,117140,42426,74714,231255,131350,99905
28,544,visakhapatnam,Total,35-39,349583,170830,178753,146150,53206,92944,203433,117624,85809
28,544,visakhapatnam,Total,40-44,295452,153122,142330,140699,57544,83155,154753,95578,59175
28,544,visakhapatnam,Total,45-49,252197,131225,120972,131523,55611,75912,120674,75614,45060
28,544,visakhapatnam,Total,50-54,191834,97975,93859,106342,44093,62249,85492,53882,31610
28,544,visakhapatnam,Total,55-59,149251,70737,78514,85047,30507,54540,64204,40230,23974
28,544,visakhapatnam,Total,60-64,158536,73428,85108,104709,38784,65925,53827,34644,19183
28,544,visakhapatnam,Total,65-69,105375,49810,55565,71876,28140,43736,33499,21670,11829
28,544,visakhapatnam,Total,70-74,60814,28923,31891,41394,16255,25139,19420,12668,6752
28,544,visakhapatnam,Total,75-79,23791,11012,12779,14350,5124,9226,9441,5888,3553
28,544,visakhapatnam,Total,80+,26465,11207,15258,14772,4685,10087,11693,6522,5171
28,544,visakhapatnam,Total,Age not stated,54343,26472,27871,15041,5778,9263,39302,20694,18608
28,544,visakhapatnam,Rural,All ages,2254667,1113234,1141433,1182500,494837,687663,1072167,618397,453770
28,544,visakhapatnam,Rural,0-6,258267,130975,127292,258267,130975,127292,0,0,0
28,544,visakhapatnam,Rural,7,41838,21079,20759,14764,7479,7285,27074,13600,13474
28,544,visakhapatnam,Rural,8,43715,21943,21772,7480,3578,3902,36235,18365,17870
28,544,visakhapatnam,Rural,9,41633,21172,20461,4692,2207,2485,36941,18965,17976
28,544,visakhapatnam,Rural,10,48849,24914,23935,4964,2279,2685,43885,22635,21250
28,544,visakhapatnam,Rural,11,41734,21130,20604,3169,1396,1773,38565,19734,18831
28,544,visakhapatnam,Rural,12,45817,23124,22693,3653,1528,2125,42164,21596,20568
28,544,visakhapatnam,Rural,13,43363,22027,21336,3115,1261,1854,40248,20766,19482
28,544,visakhapatnam,Rural,14,43459,22129,21330,3632,1454,2178,39827,20675,19152
28,544,visakhapatnam,Rural,15,43665,22595,21070,5068,2056,3012,38597,20539,18058
28,544,visakhapatnam,Rural,16,38972,19985,18987,4684,1788,2896,34288,18197,16091
28,544,visakhapatnam,Rural,17,36703,19333,17370,4637,1725,2912,32066,17608,14458
28,544,visakhapatnam,Rural,18,48752,24217,24535,8469,2826,5643,40283,21391,18892
28,544,visakhapatnam,Rural,19,39095,19574,19521,7391,2318,5073,31704,17256,14448
28,544,visakhapatnam,Rural,20-24,207162,102840,104322,54849,17423,37426,152313,85417,66896
28,544,visakhapatnam,Rural,25-29,202338,98193,104145,79201,27099,52102,123137,71094,52043
28,544,visakhapatnam,Rural,30-34,172985,85186,87799,86117,31716,54401,86868,53470,33398
28,544,visakhapatnam,Rural,35-39,174470,84101,90369,105128,39336,65792,69342,44765,24577
28,544,visakhapatnam,Rural,40-44,148399,75529,72870,101806,43016,58790,46593,32513,14080
28,544,visakhapatnam,Rural,45-49,126710,64951,61759,93982,41504,52478,32728,23447,9281
28,544,visakhapatnam,Rural,50-54,98583,48905,49678,76523,33119,43404,22060,15786,6274
28,544,visakhapatnam,Rural,55-59,77673,34274,43399,61447,22952,38495,16226,11322,4904
28,544,visakhapatnam,Rural,60-64,95107,42079,53028,79757,30998,48759,15350,11081,4269
28,544,visakhapatnam,Rural,65-69,65934,30859,35075,55758,23176,32582,10176,7683,2493
28,544,visakhapatnam,Rural,70-74,35995,16802,19193,30726,12822,17904,5269,3980,1289
28,544,visakhapatnam,Rural,75-79,11843,5409,6434,9784,3878,5906,2059,1531,528
28,544,visakhapatnam,Rural,80+,11759,4990,6769,8946,3139,5807,2813,1851,962
28,544,visakhapatnam,Rural,Age not stated,9847,4919,4928,4491,1789,2702,5356,3130,2226
28,544,visakhapatnam,Urban,All ages,2035922,1025676,1010246,539840,221195,318645,1496082,804481,691601
28,544,visakhapatnam,Urban,0-6,193946,99655,94291,193946,99655,94291,0,0,0
28,544,visakhapatnam,Urban,7,31139,16149,14990,6460,3328,3132,24679,12821,11858
28,544,visakhapatnam,Urban,8,29804,15460,14344,2676,1340,1336,27128,14120,13008
28,544,visakhapatnam,Urban,9,30941,16149,14792,1686,846,840,29255,15303,13952
28,544,visakhapatnam,Urban,10,37859,19977,17882,1903,986,917,35956,18991,16965
28,544,visakhapatnam,Urban,11,35262,18153,17109,1313,608,705,33949,17545,16404
28,544,visakhapatnam,Urban,12,35239,18132,17107,1017,476,541,34222,17656,16566
28,544,visakhapatnam,Urban,13,34906,18115,16791,998,451,547,33908,17664,16244
28,544,visakhapatnam,Urban,14,35562,18265,17297,1061,450,611,34501,17815,16686
28,544,visakhapatnam,Urban,15,35714,18533,17181,1280,611,669,34434,17922,16512
28,544,visakhapatnam,Urban,16,33996,17499,16497,1204,554,650,32792,16945,15847
28,544,visakhapatnam,Urban,17,34516,17893,16623,1309,592,717,33207,17301,15906
28,544,visakhapatnam,Urban,18,40252,19791,20461,2176,770,1406,38076,19021,19055
28,544,visakhapatnam,Urban,19,37223,18126,19097,2126,716,1410,35097,17410,17687
28,544,visakhapatnam,Urban,20-24,200066,95494,104572,17620,5679,11941,182446,89815,92631
28,544,visakhapatnam,Urban,25-29,202766,97772,104994,28487,9425,19062,174279,88347,85932
28,544,visakhapatnam,Urban,30-34,175410,88590,86820,31023,10710,20313,144387,77880,66507
28,544,visakhapatnam,Urban,35-39,175113,86729,88384,41022,13870,27152,134091,72859,61232
28,544,visakhapatnam,Urban,40-44,147053,77593,69460,38893,14528,24365,108160,63065,45095
28,544,visakhapatnam,Urban,45-49,125487,66274,59213,37541,14107,23434,87946,52167,35779
28,544,visakhapatnam,Urban,50-54,93251,49070,44181,29819,10974,18845,63432,38096,25336
28,544,visakhapatnam,Urban,55-59,71578,36463,35115,23600,7555,16045,47978,28908,19070
28,544,visakhapatnam,Urban,60-64,63429,31349,32080,24952,7786,17166,38477,23563,14914
28,544,visakhapatnam,Urban,65-69,39441,18951,20490,16118,4964,11154,23323,13987,9336
28,544,visakhapatnam,Urban,70-74,24819,12121,12698,10668,3433,7235,14151,8688,5463
28,544,visakhapatnam,Urban,75-79,11948,5603,6345,4566,1246,3320,7382,4357,3025
28,544,visakhapatnam,Urban,80+,14706,6217,8489,5826,1546,4280,8880,4671,4209
28,544,visakhapatnam,Urban,Age not stated,44496,21553,22943,10550,3989,6561,33946,17564,16382
28,545,east godavari,Total,All ages,5154296,2569688,2584608,1865719,852755,1012964,3288577,1716933,1571644
28,545,east godavari,Total,0-6,522054,265244,256810,522054,265244,256810,0,0,0
28,545,east godavari,Total,7,85433,43731,41702,25135,13051,12084,60298,30680,29618
28,545,east godavari,Total,8,86947,44125,42822,10409,5412,4997,76538,38713,37825
28,545,east godavari,Total,9,85090,43118,41972,5187,2714,2473,79903,40404,39499
28,545,east godavari,Total,10,101010,51807,49203,4804,2536,2268,96206,49271,46935
28,545,east godavari,Total,11,87829,44243,43586,2720,1400,1320,85109,42843,42266
28,545,east godavari,Total,12,95128,48066,47062,3082,1667,1415,92046,46399,45647
28,545,east godavari,Total,13,90898,45297,45601,2843,1422,1421,88055,43875,44180
28,545,east godavari,Total,14,93200,46766,46434,3433,1809,1624,89767,44957,44810
28,545,east godavari,Total,15,94242,48237,46005,4985,2746,2239,89257,45491,43766
28,545,east godavari,Total,16,92197,47354,44843,5021,2787,2234,87176,44567,42609
28,545,east godavari,Total,17,87628,46159,41469,4684,2661,2023,82944,43498,39446
28,545,east godavari,Total,18,119228,60324,58904,10010,5119,4891,109218,55205,54013
28,545,east godavari,Total,19,94264,47388,46876,7212,3481,3731,87052,43907,43145
28,545,east godavari,Total,20-24,513641,257911,255730,67398,32121,35277,446243,225790,220453
28,545,east godavari,Total,25-29,475539,234764,240775,100271,46359,53912,375268,188405,186863
28,545,east godavari,Total,30-34,409556,204242,205314,115171,52824,62347,294385,151418,142967
28,545,east godavari,Total,35-39,410228,199415,210813,147926,63916,84010,262302,135499,126803
28,545,east godavari,Total,40-44,354158,180726,173432,152910,70366,82544,201248,110360,90888
28,545,east godavari,Total,45-49,305012,155368,149644,141847,64730,77117,163165,90638,72527
28,545,east godavari,Total,50-54,238779,121736,117043,117457,51915,65542,121322,69821,51501
28,545,east godavari,Total,55-59,186083,86805,99278,94285,35328,58957,91798,51477,40321
28,545,east godavari,Total,60-64,209706,95022,114684,124268,46827,77441,85438,48195,37243
28,545,east godavari,Total,65-69,143414,68695,74719,86665,34476,52189,56749,34219,22530
28,545,east godavari,Total,70-74,94342,46601,47741,60032,24886,35146,34310,21715,12595
28,545,east godavari,Total,75-79,37936,18527,19409,21781,8510,13271,16155,10017,6138
28,545,east godavari,Total,80+,37862,16554,21308,23107,7992,15115,14755,8562,6193
28,545,east godavari,Total,Age not stated,2892,1463,1429,1022,456,566,1870,1007,863
28,545,east godavari,Rural,All ages,3840324,1922293,1918031,1510563,698599,811964,2329761,1223694,1106067
28,545,east godavari,Rural,0-6,395078,200730,194348,395078,200730,194348,0,0,0
28,545,east godavari,Rural,7,64912,33200,31712,20224,10483,9741,44688,22717,21971
28,545,east godavari,Rural,8,66044,33652,32392,8242,4325,3917,57802,29327,28475
28,545,east godavari,Rural,9,64809,32848,31961,4008,2108,1900,60801,30740,30061
28,545,east godavari,Rural,10,76179,39004,37175,3598,1904,1694,72581,37100,35481
28,545,east godavari,Rural,11,65499,32998,32501,1970,1040,930,63529,31958,31571
28,545,east godavari,Rural,12,71480,36232,35248,2294,1266,1028,69186,34966,34220
28,545,east godavari,Rural,13,67807,33779,34028,2147,1084,1063,65660,32695,32965
28,545,east godavari,Rural,14,69785,34920,34865,2679,1428,1251,67106,33492,33614
28,545,east godavari,Rural,15,70439,36119,34320,3950,2240,1710,66489,33879,32610
28,545,east godavari,Rural,16,68885,35621,33264,3986,2282,1704,64899,33339,31560
28,545,east godavari,Rural,17,64655,34605,30050,3650,2123,1527,61005,32482,28523
28,545,east godavari,Rural,18,90509,46463,44046,8064,4265,3799,82445,42198,40247
28,545,east godavari,Rural,19,69359,35679,33680,5651,2786,2865,63708,32893,30815
28,545,east godavari,Rural,20-24,379659,194927,184732,53859,26536,27323,325800,168391,157409
28,545,east godavari,Rural,25-29,348223,173324,174899,80982,38043,42939,267241,135281,131960
28,545,east godavari,Rural,30-34,301274,150299,150975,95358,44419,50939,205916,105880,100036
28,545,east godavari,Rural,35-39,300908,146441,154467,122150,53812,68338,178758,92629,86129
28,545,east godavari,Rural,40-44,259899,132721,127178,127450,59787,67663,132449,72934,59515
28,545,east godavari,Rural,45-49,221987,113389,108598,117246,54750,62496,104741,58639,46102
28,545,east godavari,Rural,50-54,175054,89147,85907,97970,44315,53655,77084,44832,32252
28,545,east godavari,Rural,55-59,138060,62937,75123,79456,30216,49240,58604,32721,25883
28,545,east godavari,Rural,60-64,162777,73263,89514,105978,41019,64959,56799,32244,24555
28,545,east godavari,Rural,65-69,113557,54848,58709,74914,30765,44149,38643,24083,14560
28,545,east godavari,Rural,70-74,74417,37124,37293,51655,22126,29529,22762,14998,7764
28,545,east godavari,Rural,75-79,28691,14227,14464,18425,7506,10919,10266,6721,3545
28,545,east godavari,Rural,80+,28334,12735,15599,18814,6881,11933,9520,5854,3666
28,545,east godavari,Rural,Age not stated,2044,1061,983,765,360,405,1279,701,578
28,545,east godavari,Urban,All ages,1313972,647395,666577,355156,154156,201000,958816,493239,465577
28,545,east godavari,Urban,0-6,126976,64514,62462,126976,64514,62462,0,0,0
28,545,east godavari,Urban,7,20521,10531,9990,4911,2568,2343,15610,7963,7647
28,545,east godavari,Urban,8,20903,10473,10430,2167,1087,1080,18736,9386,9350
28,545,east godavari,Urban,9,20281,10270,10011,1179,606,573,19102,9664,9438
28,545,east godavari,Urban,10,24831,12803,12028,1206,632,574,23625,12171,11454
28,545,east godavari,Urban,11,22330,11245,11085,750,360,390,21580,10885,10695
28,545,east godavari,Urban,12,23648,11834,11814,788,401,387,22860,11433,11427
28,545,east godavari,Urban,13,23091,11518,11573,696,338,358,22395,11180,11215
28,545,east godavari,Urban,14,23415,11846,11569,754,381,373,22661,11465,11196
28,545,east godavari,Urban,15,23803,12118,11685,1035,506,529,22768,11612,11156
28,545,east godavari,Urban,16,23312,11733,11579,1035,505,530,22277,11228,11049
28,545,east godavari,Urban,17,22973,11554,11419,1034,538,496,21939,11016,10923
28,545,east godavari,Urban,18,28719,13861,14858,1946,854,1092,26773,13007,13766
28,545,east godavari,Urban,19,24905,11709,13196,1561,695,866,23344,11014,12330
28,545,east godavari,Urban,20-24,133982,62984,70998,13539,5585,7954,120443,57399,63044
28,545,east godavari,Urban,25-29,127316,61440,65876,19289,8316,10973,108027,53124,54903
28,545,east godavari,Urban,30-34,108282,53943,54339,19813,8405,11408,88469,45538,42931
28,545,east godavari,Urban,35-39,109320,52974,56346,25776,10104,15672,83544,42870,40674
28,545,east godavari,Urban,40-44,94259,48005,46254,25460,10579,14881,68799,37426,31373
28,545,east godavari,Urban,45-49,83025,41979,41046,24601,9980,14621,58424,31999,26425
28,545,east godavari,Urban,50-54,63725,32589,31136,19487,7600,11887,44238,24989,19249
28,545,east godavari,Urban,55-59,48023,23868,24155,14829,5112,9717,33194,18756,14438
28,545,east godavari,Urban,60-64,46929,21759,25170,18290,5808,12482,28639,15951,12688
28,545,east godavari,Urban,65-69,29857,13847,16010,11751,3711,8040,18106,10136,7970
28,545,east godavari,Urban,70-74,19925,9477,10448,8377,2760,5617,11548,6717,4831
28,545,east godavari,Urban,75-79,9245,4300,4945,3356,1004,2352,5889,3296,2593
28,545,east godavari,Urban,80+,9528,3819,5709,4293,1111,3182,5235,2708,2527
28,545,east godavari,Urban,Age not stated,848,402,446,257,96,161,591,306,285
28,546,west godavari,Total,All ages,3936966,1964918,1972048,1284577,585695,698882,2652389,1379223,1273166
28,546,west godavari,Total,0-6,382887,194960,187927,382887,194960,187927,0,0,0
28,546,west godavari,Total,7,63431,32255,31176,15366,7959,7407,48065,24296,23769
28,546,west godavari,Total,8,64315,32719,31596,5874,3140,2734,58441,29579,28862
28,546,west godavari,Total,9,63157,32285,30872,3081,1655,1426,60076,30630,29446
28,546,west godavari,Total,10,75339,38302,37037,2903,1500,1403,72436,36802,35634
28,546,west godavari,Total,11,67108,33846,33262,1704,852,852,65404,32994,32410
28,546,west godavari,Total,12,72535,36730,35805,1909,1016,893,70626,35714,34912
28,546,west godavari,Total,13,69882,34763,35119,1804,934,870,68078,33829,34249
28,546,west godavari,Total,14,70289,35778,34511,2110,1060,1050,68179,34718,33461
28,546,west godavari,Total,15,72604,37520,35084,2871,1556,1315,69733,35964,33769
28,546,west godavari,Total,16,70060,36133,33927,2830,1523,1307,67230,34610,32620
28,546,west godavari,Total,17,66345,35316,31029,2714,1492,1222,63631,33824,29807
28,546,west godavari,Total,18,90325,46060,44265,5641,2803,2838,84684,43257,41427
28,546,west godavari,Total,19,74103,37602,36501,4243,2058,2185,69860,35544,34316
28,546,west godavari,Total,20-24,391913,197797,194116,39664,18507,21157,352249,179290,172959
28,546,west godavari,Total,25-29,357220,176946,180274,60485,27897,32588,296735,149049,147686
28,546,west godavari,Total,30-34,306817,153029,153788,69726,31914,37812,237091,121115,115976
28,546,west godavari,Total,35-39,313792,152222,161570,94680,40214,54466,219112,112008,107104
28,546,west godavari,Total,40-44,270906,137229,133677,101116,45873,55243,169790,91356,78434
28,546,west godavari,Total,45-49,236249,120386,115863,96788,44468,52320,139461,75918,63543
28,546,west godavari,Total,50-54,181028,93748,87280,78090,35399,42691,102938,58349,44589
28,546,west godavari,Total,55-59,142708,66062,76646,64522,23888,40634,78186,42174,36012
28,546,west godavari,Total,60-64,163140,73498,89642,87913,32936,54977,75227,40562,34665
28,546,west godavari,Total,65-69,117801,55312,62489,66583,25986,40597,51218,29326,21892
28,546,west godavari,Total,70-74,81978,41050,40928,49067,20855,28212,32911,20195,12716
28,546,west godavari,Total,75-79,34495,16993,17502,19074,7654,11420,15421,9339,6082
28,546,west godavari,Total,80+,34383,15298,19085,20303,7321,12982,14080,7977,6103
28,546,west godavari,Total,Age not stated,2156,1079,1077,629,275,354,1527,804,723
28,546,west godavari,Rural,All ages,3128189,1567013,1561176,1092559,503338,589221,2035630,1063675,971955
28,546,west godavari,Rural,0-6,309636,157580,152056,309636,157580,152056,0,0,0
28,546,west godavari,Rural,7,51120,25992,25128,12799,6597,6202,38321,19395,18926
28,546,west godavari,Rural,8,51480,26162,25318,4862,2617,2245,46618,23545,23073
28,546,west godavari,Rural,9,50623,25895,24728,2496,1365,1131,48127,24530,23597
28,546,west godavari,Rural,10,60030,30556,29474,2296,1179,1117,57734,29377,28357
28,546,west godavari,Rural,11,53056,26867,26189,1344,662,682,51712,26205,25507
28,546,west godavari,Rural,12,57545,29275,28270,1531,825,706,56014,28450,27564
28,546,west godavari,Rural,13,55487,27771,27716,1480,766,714,54007,27005,27002
28,546,west godavari,Rural,14,55704,28466,27238,1709,866,843,53995,27600,26395
28,546,west godavari,Rural,15,56724,29233,27491,2353,1287,1066,54371,27946,26425
28,546,west godavari,Rural,16,55104,28555,26549,2383,1310,1073,52721,27245,25476
28,546,west godavari,Rural,17,52161,28091,24070,2271,1269,1002,49890,26822,23068
28,546,west godavari,Rural,18,71801,36914,34887,4752,2424,2328,67049,34490,32559
28,546,west godavari,Rural,19,58159,29782,28377,3540,1756,1784,54619,28026,26593
28,546,west godavari,Rural,20-24,310032,158986,151046,33281,15823,17458,276751,143163,133588
28,546,west godavari,Rural,25-29,282011,140574,141437,51630,24227,27403,230381,116347,114034
28,546,west godavari,Rural,30-34,242728,121331,121397,60688,28102,32586,182040,93229,88811
28,546,west godavari,Rural,35-39,247823,120014,127809,82282,35440,46842,165541,84574,80967
28,546,west godavari,Rural,40-44,213108,108405,104703,88388,40923,47465,124720,67482,57238
28,546,west godavari,Rural,45-49,184711,94208,90503,84272,39404,44868,100439,54804,45635
28,546,west godavari,Rural,50-54,140955,73322,67633,67684,31490,36194,73271,41832,31439
28,546,west godavari,Rural,55-59,112306,51227,61079,56335,21264,35071,55971,29963,26008
28,546,west godavari,Rural,60-64,132669,59546,73123,77118,29545,47573,55551,30001,25550
28,546,west godavari,Rural,65-69,97473,46104,51369,58929,23609,35320,38544,22495,16049
28,546,west godavari,Rural,70-74,68076,34556,33520,43502,19100,24402,24574,15456,9118
28,546,west godavari,Rural,75-79,28195,14020,14175,16905,7006,9899,11290,7014,4276
28,546,west godavari,Rural,80+,27945,12810,15135,17569,6669,10900,10376,6141,4235
28,546,west godavari,Rural,Age not stated,1527,771,756,524,233,291,1003,538,465
28,546,west godavari,Urban,All ages,808777,397905,410872,192018,82357,109661,616759,315548,301211
28,546,west godavari,Urban,0-6,73251,37380,35871,73251,37380,35871,0,0,0
28,546,west godavari,Urban,7,12311,6263,6048,2567,1362,1205,9744,4901,4843
28,546,west godavari,Urban,8,12835,6557,6278,1012,523,489,11823,6034,5789
28,546,west godavari,Urban,9,12534,6390,6144,585,290,295,11949,6100,5849
28,546,west godavari,Urban,10,15309,7746,7563,607,321,286,14702,7425,7277
28,546,west godavari,Urban,11,14052,6979,7073,360,190,170,13692,6789,6903
28,546,west godavari,Urban,12,14990,7455,7535,378,191,187,14612,7264,7348
28,546,west godavari,Urban,13,14395,6992,7403,324,168,156,14071,6824,7247
28,546,west godavari,Urban,14,14585,7312,7273,401,194,207,14184,7118,7066
28,546,west godavari,Urban,15,15880,8287,7593,518,269,249,15362,8018,7344
28,546,west godavari,Urban,16,14956,7578,7378,447,213,234,14509,7365,7144
28,546,west godavari,Urban,17,14184,7225,6959,443,223,220,13741,7002,6739
28,546,west godavari,Urban,18,18524,9146,9378,889,379,510,17635,8767,8868
28,546,west godavari,Urban,19,15944,7820,8124,703,302,401,15241,7518,7723
28,546,west godavari,Urban,20-24,81881,38811,43070,6383,2684,3699,75498,36127,39371
28,546,west godavari,Urban,25-29,75209,36372,38837,8855,3670,5185,66354,32702,33652
28,546,west godavari,Urban,30-34,64089,31698,32391,9038,3812,5226,55051,27886,27165
28,546,west godavari,Urban,35-39,65969,32208,33761,12398,4774,7624,53571,27434,26137
28,546,west godavari,Urban,40-44,57798,28824,28974,12728,4950,7778,45070,23874,21196
28,546,west godavari,Urban,45-49,51538,26178,25360,12516,5064,7452,39022,21114,17908
28,546,west godavari,Urban,50-54,40073,20426,19647,10406,3909,6497,29667,16517,13150
28,546,west godavari,Urban,55-59,30402,14835,15567,8187,2624,5563,22215,12211,10004
28,546,west godavari,Urban,60-64,30471,13952,16519,10795,3391,7404,19676,10561,9115
28,546,west godavari,Urban,65-69,20328,9208,11120,7654,2377,5277,12674,6831,5843
28,546,west godavari,Urban,70-74,13902,6494,7408,5565,1755,3810,8337,4739,3598
28,546,west godavari,Urban,75-79,6300,2973,3327,2169,648,1521,4131,2325,1806
28,546,west godavari,Urban,80+,6438,2488,3950,2734,652,2082,3704,1836,1868
28,546,west godavari,Urban,Age not stated,629,308,321,105,42,63,524,266,258
28,547,krishna,Total,All ages,4517398,2267375,2250023,1507680,668416,839264,3009718,1598959,1410759
28,547,krishna,Total,0-6,435884,225220,210664,435884,225220,210664,0,0,0
28,547,krishna,Total,7,71074,36664,34410,18730,9664,9066,52344,27000,25344
28,547,krishna,Total,8,68488,35160,33328,7932,4139,3793,60556,31021,29535
28,547,krishna,Total,9,70430,35997,34433,5354,2818,2536,65076,33179,31897
28,547,krishna,Total,10,84879,43718,41161,5468,2811,2657,79411,40907,38504
28,547,krishna,Total,11,76698,39054,37644,3547,1709,1838,73151,37345,35806
28,547,krishna,Total,12,77434,39637,37797,3436,1652,1784,73998,37985,36013
28,547,krishna,Total,13,77289,39725,37564,3199,1476,1723,74090,38249,35841
28,547,krishna,Total,14,78723,40695,38028,3766,1797,1969,74957,38898,36059
28,547,krishna,Total,15,88748,47012,41736,4970,2274,2696,83778,44738,39040
28,547,krishna,Total,16,92278,48899,43379,4763,2223,2540,87515,46676,40839
28,547,krishna,Total,17,83667,44384,39283,4587,2185,2402,79080,42199,36881
28,547,krishna,Total,18,95083,48921,46162,7773,3399,4374,87310,45522,41788
28,547,krishna,Total,19,83333,41935,41398,7320,2980,4340,76013,38955,37058
28,547,krishna,Total,20-24,439514,216455,223059,58824,23101,35723,380690,193354,187336
28,547,krishna,Total,25-29,417421,205635,211786,84877,34678,50199,332544,170957,161587
28,547,krishna,Total,30-34,349438,174950,174488,89369,37035,52334,260069,137915,122154
28,547,krishna,Total,35-39,357199,172900,184299,113816,44807,69009,243383,128093,115290
28,547,krishna,Total,40-44,306810,156648,150162,113336,49095,64241,193474,107553,85921
28,547,krishna,Total,45-49,271183,138508,132675,108687,47336,61351,162496,91172,71324
28,547,krishna,Total,50-54,207483,107919,99564,87578,38610,48968,119905,69309,50596
28,547,krishna,Total,55-59,163819,78221,85598,71179,26199,44980,92640,52022,40618
28,547,krishna,Total,60-64,167324,77599,89725,85797,31682,54115,81527,45917,35610
28,547,krishna,Total,65-69,124674,59777,64897,67199,26515,40684,57475,33262,24213
28,547,krishna,Total,70-74,85982,43629,42353,48826,20877,27949,37156,22752,14404
28,547,krishna,Total,75-79,38160,18929,19231,19783,8073,11710,18377,10856,7521
28,547,krishna,Total,80+,46517,20846,25671,24583,8979,15604,21934,11867,10067
28,547,krishna,Total,Age not stated,57866,28338,29528,17097,7082,10015,40769,21256,19513
28,547,krishna,Rural,All ages,2673738,1343534,1330204,1016146,451924,564222,1657592,891610,765982
28,547,krishna,Rural,0-6,258921,133905,125016,258921,133905,125016,0,0,0
28,547,krishna,Rural,7,42362,21949,20413,11276,5897,5379,31086,16052,15034
28,547,krishna,Rural,8,41799,21550,20249,4739,2482,2257,37060,19068,17992
28,547,krishna,Rural,9,42641,21805,20836,3066,1629,1437,39575,20176,19399
28,547,krishna,Rural,10,51267,26441,24826,3111,1606,1505,48156,24835,23321
28,547,krishna,Rural,11,46076,23494,22582,1995,969,1026,44081,22525,21556
28,547,krishna,Rural,12,47183,24287,22896,2006,956,1050,45177,23331,21846
28,547,krishna,Rural,13,46348,23931,22417,1945,888,1057,44403,23043,21360
28,547,krishna,Rural,14,47141,24452,22689,2263,1089,1174,44878,23363,21515
28,547,krishna,Rural,15,48464,25884,22580,2868,1386,1482,45596,24498,21098
28,547,krishna,Rural,16,46965,25440,21525,2726,1306,1420,44239,24134,20105
28,547,krishna,Rural,17,44512,24171,20341,2603,1282,1321,41909,22889,19020
28,547,krishna,Rural,18,56056,29236,26820,4923,2152,2771,51133,27084,24049
28,547,krishna,Rural,19,48012,24894,23118,4325,1781,2544,43687,23113,20574
28,547,krishna,Rural,20-24,257011,130268,126743,37083,14579,22504,219928,115689,104239
28,547,krishna,Rural,25-29,237661,117963,119698,55554,22375,33179,182107,95588,86519
28,547,krishna,Rural,30-34,201207,99815,101392,61777,25545,36232,139430,74270,65160
28,547,krishna,Rural,35-39,208433,99694,108739,79068,31246,47822,129365,68448,60917
28,547,krishna,Rural,40-44,181812,92411,89401,81457,35839,45618,100355,56572,43783
28,547,krishna,Rural,45-49,159202,80600,78602,78154,34772,43382,81048,45828,35220
28,547,krishna,Rural,50-54,123142,63657,59485,63679,28956,34723,59463,34701,24762
28,547,krishna,Rural,55-59,99399,45667,53732,52817,19771,33046,46582,25896,20686
28,547,krishna,Rural,60-64,109181,49457,59724,65640,24941,40699,43541,24516,19025
28,547,krishna,Rural,65-69,85308,41379,43929,52647,21759,30888,32661,19620,13041
28,547,krishna,Rural,70-74,59197,30424,28773,38156,17039,21117,21041,13385,7656
28,547,krishna,Rural,75-79,25055,12614,12441,15175,6540,8635,9880,6074,3806
28,547,krishna,Rural,80+,29807,13774,16033,18075,7025,11050,11732,6749,4983
28,547,krishna,Rural,Age not stated,29576,14372,15204,10097,4209,5888,19479,10163,9316
28,547,krishna,Urban,All ages,1843660,923841,919819,491534,216492,275042,1352126,707349,644777
28,547,krishna,Urban,0-6,176963,91315,85648,176963,91315,85648,0,0,0
28,547,krishna,Urban,7,28712,14715,13997,7454,3767,3687,21258,10948,10310
28,547,krishna,Urban,8,26689,13610,13079,3193,1657,1536,23496,11953,11543
28,547,krishna,Urban,9,27789,14192,13597,2288,1189,1099,25501,13003,12498
28,547,krishna,Urban,10,33612,17277,16335,2357,1205,1152,31255,16072,15183
28,547,krishna,Urban,11,30622,15560,15062,1552,740,812,29070,14820,14250
28,547,krishna,Urban,12,30251,15350,14901,1430,696,734,28821,14654,14167
28,547,krishna,Urban,13,30941,15794,15147,1254,588,666,29687,15206,14481
28,547,krishna,Urban,14,31582,16243,15339,1503,708,795,30079,15535,14544
28,547,krishna,Urban,15,40284,21128,19156,2102,888,1214,38182,20240,17942
28,547,krishna,Urban,16,45313,23459,21854,2037,917,1120,43276,22542,20734
28,547,krishna,Urban,17,39155,20213,18942,1984,903,1081,37171,19310,17861
28,547,krishna,Urban,18,39027,19685,19342,2850,1247,1603,36177,18438,17739
28,547,krishna,Urban,19,35321,17041,18280,2995,1199,1796,32326,15842,16484
28,547,krishna,Urban,20-24,182503,86187,96316,21741,8522,13219,160762,77665,83097
28,547,krishna,Urban,25-29,179760,87672,92088,29323,12303,17020,150437,75369,75068
28,547,krishna,Urban,30-34,148231,75135,73096,27592,11490,16102,120639,63645,56994
28,547,krishna,Urban,35-39,148766,73206,75560,34748,13561,21187,114018,59645,54373
28,547,krishna,Urban,40-44,124998,64237,60761,31879,13256,18623,93119,50981,42138
28,547,krishna,Urban,45-49,111981,57908,54073,30533,12564,17969,81448,45344,36104
28,547,krishna,Urban,50-54,84341,44262,40079,23899,9654,14245,60442,34608,25834
28,547,krishna,Urban,55-59,64420,32554,31866,18362,6428,11934,46058,26126,19932
28,547,krishna,Urban,60-64,58143,28142,30001,20157,6741,13416,37986,21401,16585
28,547,krishna,Urban,65-69,39366,18398,20968,14552,4756,9796,24814,13642,11172
28,547,krishna,Urban,70-74,26785,13205,13580,10670,3838,6832,16115,9367,6748
28,547,krishna,Urban,75-79,13105,6315,6790,4608,1533,3075,8497,4782,3715
28,547,krishna,Urban,80+,16710,7072,9638,6508,1954,4554,10202,5118,5084
28,547,krishna,Urban,Age not stated,28290,13966,14324,7000,2873,4127,21290,11093,10197
28,548,guntur,Total,All ages,4887813,2440521,2447292,1927372,805795,1121577,2960441,1634726,1325715
28,548,guntur,Total,0-6,495729,254833,240896,495729,254833,240896,0,0,0
28,548,guntur,Total,7,80149,41710,38439,22104,11597,10507,58045,30113,27932
28,548,guntur,Total,8,82500,42141,40359,10370,5331,5039,72130,36810,35320
28,548,guntur,Total,9,80653,41692,38961,6192,3161,3031,74461,38531,35930
28,548,guntur,Total,10,97050,50688,46362,6354,3078,3276,90696,47610,43086
28,548,guntur,Total,11,84304,43202,41102,4069,1870,2199,80235,41332,38903
28,548,guntur,Total,12,90800,46697,44103,5105,2208,2897,85695,44489,41206
28,548,guntur,Total,13,87026,44674,42352,4578,1922,2656,82448,42752,39696
28,548,guntur,Total,14,87213,45309,41904,5038,2165,2873,82175,43144,39031
28,548,guntur,Total,15,92759,48476,44283,7015,3186,3829,85744,45290,40454
28,548,guntur,Total,16,88434,47270,41164,6452,2959,3493,81982,44311,37671
28,548,guntur,Total,17,82589,44582,38007,6390,2976,3414,76199,41606,34593
28,548,guntur,Total,18,108596,54225,54371,13277,4758,8519,95319,49467,45852
28,548,guntur,Total,19,89311,43877,45434,10845,3608,7237,78466,40269,38197
28,548,guntur,Total,20-24,478898,235579,243319,87991,29995,57996,390907,205584,185323
28,548,guntur,Total,25-29,457451,224617,232834,124021,44974,79047,333430,179643,153787
28,548,guntur,Total,30-34,377063,189719,187344,122290,46949,75341,254773,142770,112003
28,548,guntur,Total,35-39,381916,183616,198300,153634,55665,97969,228282,127951,100331
28,548,guntur,Total,40-44,323500,165413,158087,146915,60535,86380,176585,104878,71707
28,548,guntur,Total,45-49,289332,144094,145238,145264,58736,86528,144068,85358,58710
28,548,guntur,Total,50-54,231861,119535,112326,120845,50705,70140,111016,68830,42186
28,548,guntur,Total,55-59,180504,85052,95452,96192,33921,62271,84312,51131,33181
28,548,guntur,Total,60-64,189694,87776,101918,114790,41485,73305,74904,46291,28613
28,548,guntur,Total,65-69,131977,61818,70159,81905,30049,51856,50072,31769,18303
28,548,guntur,Total,70-74,101685,50127,51558,67500,26947,40553,34185,23180,11005
28,548,guntur,Total,75-79,42585,20627,21958,26661,10177,16484,15924,10450,5474
28,548,guntur,Total,80+,50156,21033,29123,34518,11464,23054,15638,9569,6069
28,548,guntur,Total,Age not stated,4078,2139,1939,1328,541,787,2750,1598,1152
28,548,guntur,Rural,All ages,3235075,1621491,1613584,1437141,604197,832944,1797934,1017294,780640
28,548,guntur,Rural,0-6,332761,171120,161641,332761,171120,161641,0,0,0
28,548,guntur,Rural,7,53782,27962,25820,15836,8323,7513,37946,19639,18307
28,548,guntur,Rural,8,55550,28493,27057,7434,3835,3599,48116,24658,23458
28,548,guntur,Rural,9,53677,27716,25961,4303,2213,2090,49374,25503,23871
28,548,guntur,Rural,10,64174,33568,30606,4429,2125,2304,59745,31443,28302
28,548,guntur,Rural,11,54792,28248,26544,2812,1281,1531,51980,26967,25013
28,548,guntur,Rural,12,60390,31041,29349,3689,1526,2163,56701,29515,27186
28,548,guntur,Rural,13,57592,29694,27898,3299,1339,1960,54293,28355,25938
28,548,guntur,Rural,14,57092,29904,27188,3634,1500,2134,53458,28404,25054
28,548,guntur,Rural,15,59689,32074,27615,5156,2257,2899,54533,29817,24716
28,548,guntur,Rural,16,56090,31277,24813,4735,2134,2601,51355,29143,22212
28,548,guntur,Rural,17,51779,29106,22673,4495,2059,2436,47284,27047,20237
28,548,guntur,Rural,18,71096,36522,34574,10015,3505,6510,61081,33017,28064
28,548,guntur,Rural,19,56412,28458,27954,7883,2565,5318,48529,25893,22636
28,548,guntur,Rural,20-24,309761,155810,153951,65890,22039,43851,243871,133771,110100
28,548,guntur,Rural,25-29,296101,146036,150065,94372,33947,60425,201729,112089,89640
28,548,guntur,Rural,30-34,243870,122361,121509,94795,36431,58364,149075,85930,63145
28,548,guntur,Rural,35-39,248587,118505,130082,117919,43091,74828,130668,75414,55254
28,548,guntur,Rural,40-44,211707,107753,103954,114193,47993,66200,97514,59760,37754
28,548,guntur,Rural,45-49,190135,94354,95781,111982,46788,65194,78153,47566,30587
28,548,guntur,Rural,50-54,154022,79407,74615,93303,40581,52722,60719,38826,21893
28,548,guntur,Rural,55-59,120960,55881,65079,74546,27200,47346,46414,28681,17733
28,548,guntur,Rural,60-64,133714,61292,72422,90602,34044,56558,43112,27248,15864
28,548,guntur,Rural,65-69,95537,44988,50549,65271,24978,40293,30266,20010,10256
28,548,guntur,Rural,70-74,75264,37485,37779,54365,22757,31608,20899,14728,6171
28,548,guntur,Rural,75-79,30715,15059,15656,21176,8574,12602,9539,6485,3054
28,548,guntur,Rural,80+,37125,15958,21167,27307,9616,17691,9818,6342,3476
28,548,guntur,Rural,Age not stated,2701,1419,1282,939,376,563,1762,1043,719
28,548,guntur,Urban,All ages,1652738,819030,833708,490231,201598,288633,1162507,617432,545075
28,548,guntur,Urban,0-6,162968,83713,79255,162968,83713,79255,0,0,0
28,548,guntur,Urban,7,26367,13748,12619,6268,3274,2994,20099,10474,9625
28,548,guntur,Urban,8,26950,13648,13302,2936,1496,1440,24014,12152,11862
28,548,guntur,Urban,9,26976,13976,13000,1889,948,941,25087,13028,12059
28,548,guntur,Urban,10,32876,17120,15756,1925,953,972,30951,16167,14784
28,548,guntur,Urban,11,29512,14954,14558,1257,589,668,28255,14365,13890
28,548,guntur,Urban,12,30410,15656,14754,1416,682,734,28994,14974,14020
28,548,guntur,Urban,13,29434,14980,14454,1279,583,696,28155,14397,13758
28,548,guntur,Urban,14,30121,15405,14716,1404,665,739,28717,14740,13977
28,548,guntur,Urban,15,33070,16402,16668,1859,929,930,31211,15473,15738
28,548,guntur,Urban,16,32344,15993,16351,1717,825,892,30627,15168,15459
28,548,guntur,Urban,17,30810,15476,15334,1895,917,978,28915,14559,14356
28,548,guntur,Urban,18,37500,17703,19797,3262,1253,2009,34238,16450,17788
28,548,guntur,Urban,19,32899,15419,17480,2962,1043,1919,29937,14376,15561
28,548,guntur,Urban,20-24,169137,79769,89368,22101,7956,14145,147036,71813,75223
28,548,guntur,Urban,25-29,161350,78581,82769,29649,11027,18622,131701,67554,64147
28,548,guntur,Urban,30-34,133193,67358,65835,27495,10518,16977,105698,56840,48858
28,548,guntur,Urban,35-39,133329,65111,68218,35715,12574,23141,97614,52537,45077
28,548,guntur,Urban,40-44,111793,57660,54133,32722,12542,20180,79071,45118,33953
28,548,guntur,Urban,45-49,99197,49740,49457,33282,11948,21334,65915,37792,28123
28,548,guntur,Urban,50-54,77839,40128,37711,27542,10124,17418,50297,30004,20293
28,548,guntur,Urban,55-59,59544,29171,30373,21646,6721,14925,37898,22450,15448
28,548,guntur,Urban,60-64,55980,26484,29496,24188,7441,16747,31792,19043,12749
28,548,guntur,Urban,65-69,36440,16830,19610,16634,5071,11563,19806,11759,8047
28,548,guntur,Urban,70-74,26421,12642,13779,13135,4190,8945,13286,8452,4834
28,548,guntur,Urban,75-79,11870,5568,6302,5485,1603,3882,6385,3965,2420
28,548,guntur,Urban,80+,13031,5075,7956,7211,1848,5363,5820,3227,2593
28,548,guntur,Urban,Age not stated,1377,720,657,389,165,224,988,555,433
28,549,prakasam,Total,All ages,3397448,1714764,1682684,1493013,607078,885935,1904435,1107686,796749
28,549,prakasam,Total,0-6,378261,195753,182508,378261,195753,182508,0,0,0
28,549,prakasam,Total,7,62546,32287,30259,15709,8154,7555,46837,24133,22704
28,549,prakasam,Total,8,62336,32099,30237,6934,3524,3410,55402,28575,26827
28,549,prakasam,Total,9,62021,31895,30126,4736,2280,2456,57285,29615,27670
28,549,prakasam,Total,10,74772,38762,36010,5553,2674,2879,69219,36088,33131
28,549,prakasam,Total,11,61288,31230,30058,3188,1370,1818,58100,29860,28240
28,549,prakasam,Total,12,67169,34634,32535,3794,1475,2319,63375,33159,30216
28,549,prakasam,Total,13,62776,32116,30660,3496,1306,2190,59280,30810,28470
28,549,prakasam,Total,14,62477,32858,29619,3938,1493,2445,58539,31365,27174
28,549,prakasam,Total,15,64002,34504,29498,5548,2406,3142,58454,32098,26356
28,549,prakasam,Total,16,58958,32235,26723,5450,2380,3070,53508,29855,23653
28,549,prakasam,Total,17,54210,30517,23693,5007,2216,2791,49203,28301,20902
28,549,prakasam,Total,18,72699,38241,34458,11058,3876,7182,61641,34365,27276
28,549,prakasam,Total,19,57733,29916,27817,8278,2625,5653,49455,27291,22164
28,549,prakasam,Total,20-24,320805,162548,158257,70444,22537,47907,250361,140011,110350
28,549,prakasam,Total,25-29,310642,152531,158111,99324,32807,66517,211318,119724,91594
28,549,prakasam,Total,30-34,260979,132587,128392,99007,35625,63382,161972,96962,65010
28,549,prakasam,Total,35-39,253543,124242,129301,115220,39651,75569,138323,84591,53732
28,549,prakasam,Total,40-44,214359,110887,103472,110240,43139,67101,104119,67748,36371
28,549,prakasam,Total,45-49,188510,94157,94353,106322,40548,65774,82188,53609,28579
28,549,prakasam,Total,50-54,155445,79375,76070,93336,37115,56221,62109,42260,19849
28,549,prakasam,Total,55-59,121865,55809,66056,75491,24947,50544,46374,30862,15512
28,549,prakasam,Total,60-64,137576,64382,73194,95083,34653,60430,42493,29729,12764
28,549,prakasam,Total,65-69,93626,44488,49138,66005,24644,41361,27621,19844,7777
28,549,prakasam,Total,70-74,73488,36571,36917,55127,22744,32383,18361,13827,4534
28,549,prakasam,Total,75-79,28067,13576,14491,20215,7825,12390,7852,5751,2101
28,549,prakasam,Total,80+,31640,13729,17911,24195,8499,15696,7445,5230,2215
28,549,prakasam,Total,Age not stated,5655,2835,2820,2054,812,1242,3601,2023,1578
28,549,prakasam,Rural,All ages,2732866,1382641,1350225,1296953,530053,766900,1435913,852588,583325
28,549,prakasam,Rural,0-6,311074,161206,149868,311074,161206,149868,0,0,0
28,549,prakasam,Rural,7,51368,26501,24867,13334,6877,6457,38034,19624,18410
28,549,prakasam,Rural,8,51329,26450,24879,5903,3015,2888,45426,23435,21991
28,549,prakasam,Rural,9,50729,26085,24644,4026,1930,2096,46703,24155,22548
28,549,prakasam,Rural,10,60975,31729,29246,4747,2280,2467,56228,29449,26779
28,549,prakasam,Rural,11,49156,25094,24062,2713,1140,1573,46443,23954,22489
28,549,prakasam,Rural,12,54526,28271,26255,3315,1266,2049,51211,27005,24206
28,549,prakasam,Rural,13,50148,25641,24507,3060,1128,1932,47088,24513,22575
28,549,prakasam,Rural,14,49970,26296,23674,3458,1269,2189,46512,25027,21485
28,549,prakasam,Rural,15,51038,27607,23431,4872,2096,2776,46166,25511,20655
28,549,prakasam,Rural,16,47055,25989,21066,4885,2119,2766,42170,23870,18300
28,549,prakasam,Rural,17,42648,24452,18196,4461,1968,2493,38187,22484,15703
28,549,prakasam,Rural,18,58779,31342,27437,9952,3459,6493,48827,27883,20944
28,549,prakasam,Rural,19,45787,24135,21652,7443,2342,5101,38344,21793,16551
28,549,prakasam,Rural,20-24,255581,131486,124095,62942,20055,42887,192639,111431,81208
28,549,prakasam,Rural,25-29,246542,121651,124891,88524,29264,59260,158018,92387,65631
28,549,prakasam,Rural,30-34,206871,105158,101713,88332,31928,56404,118539,73230,45309
28,549,prakasam,Rural,35-39,200102,97745,102357,101861,35408,66453,98241,62337,35904
28,549,prakasam,Rural,40-44,169357,87528,81829,97252,38591,58661,72105,48937,23168
28,549,prakasam,Rural,45-49,148963,74025,74938,93259,36252,57007,55704,37773,17931
28,549,prakasam,Rural,50-54,124025,63243,60782,81837,33282,48555,42188,29961,12227
28,549,prakasam,Rural,55-59,97754,44024,53730,66546,22485,44061,31208,21539,9669
28,549,prakasam,Rural,60-64,114053,53051,61002,84393,31528,52865,29660,21523,8137
28,549,prakasam,Rural,65-69,78262,37301,40961,58570,22508,36062,19692,14793,4899
28,549,prakasam,Rural,70-74,62505,31360,31145,49301,20986,28315,13204,10374,2830
28,549,prakasam,Rural,75-79,23405,11409,11996,17950,7224,10726,5455,4185,1270
28,549,prakasam,Rural,80+,26633,11708,14925,21337,7800,13537,5296,3908,1388
28,549,prakasam,Rural,Age not stated,4231,2154,2077,1606,647,959,2625,1507,1118
28,549,prakasam,Urban,All ages,664582,332123,332459,196060,77025,119035,468522,255098,213424
28,549,prakasam,Urban,0-6,67187,34547,32640,67187,34547,32640,0,0,0
28,549,prakasam,Urban,7,11178,5786,5392,2375,1277,1098,8803,4509,4294
28,549,prakasam,Urban,8,11007,5649,5358,1031,509,522,9976,5140,4836
28,549,prakasam,Urban,9,11292,5810,5482,710,350,360,10582,5460,5122
28,549,prakasam,Urban,10,13797,7033,6764,806,394,412,12991,6639,6352
28,549,prakasam,Urban,11,12132,6136,5996,475,230,245,11657,5906,5751
28,549,prakasam,Urban,12,12643,6363,6280,479,209,270,12164,6154,6010
28,549,prakasam,Urban,13,12628,6475,6153,436,178,258,12192,6297,5895
28,549,prakasam,Urban,14,12507,6562,5945,480,224,256,12027,6338,5689
28,549,prakasam,Urban,15,12964,6897,6067,676,310,366,12288,6587,5701
28,549,prakasam,Urban,16,11903,6246,5657,565,261,304,11338,5985,5353
28,549,prakasam,Urban,17,11562,6065,5497,546,248,298,11016,5817,5199
28,549,prakasam,Urban,18,13920,6899,7021,1106,417,689,12814,6482,6332
28,549,prakasam,Urban,19,11946,5781,6165,835,283,552,11111,5498,5613
28,549,prakasam,Urban,20-24,65224,31062,34162,7502,2482,5020,57722,28580,29142
28,549,prakasam,Urban,25-29,64100,30880,33220,10800,3543,7257,53300,27337,25963
28,549,prakasam,Urban,30-34,54108,27429,26679,10675,3697,6978,43433,23732,19701
28,549,prakasam,Urban,35-39,53441,26497,26944,13359,4243,9116,40082,22254,17828
28,549,prakasam,Urban,40-44,45002,23359,21643,12988,4548,8440,32014,18811,13203
28,549,prakasam,Urban,45-49,39547,20132,19415,13063,4296,8767,26484,15836,10648
28,549,prakasam,Urban,50-54,31420,16132,15288,11499,3833,7666,19921,12299,7622
28,549,prakasam,Urban,55-59,24111,11785,12326,8945,2462,6483,15166,9323,5843
28,549,prakasam,Urban,60-64,23523,11331,12192,10690,3125,7565,12833,8206,4627
28,549,prakasam,Urban,65-69,15364,7187,8177,7435,2136,5299,7929,5051,2878
28,549,prakasam,Urban,70-74,10983,5211,5772,5826,1758,4068,5157,3453,1704
28,549,prakasam,Urban,75-79,4662,2167,2495,2265,601,1664,2397,1566,831
28,549,prakasam,Urban,80+,5007,2021,2986,2858,699,2159,2149,1322,827
28,549,prakasam,Urban,Age not stated,1424,681,743,448,165,283,976,516,460
28,550,sri potti sriramulu nellore,Total,All ages,2963557,1492974,1470583,1131368,481052,650316,1832189,1011922,820267
28,550,sri potti sriramulu nellore,Total,0-6,304309,156907,147402,304309,156907,147402,0,0,0
28,550,sri potti sriramulu nellore,Total,7,49251,25403,23848,13922,7249,6673,35329,18154,17175
28,550,sri potti sriramulu nellore,Total,8,49289,25325,23964,5809,3109,2700,43480,22216,21264
28,550,sri potti sriramulu nellore,Total,9,49367,25575,23792,3371,1791,1580,45996,23784,22212
28,550,sri potti sriramulu nellore,Total,10,59207,30890,28317,3551,1927,1624,55656,28963,26693
28,550,sri potti sriramulu nellore,Total,11,51340,26442,24898,2182,1095,1087,49158,25347,23811
28,550,sri potti sriramulu nellore,Total,12,55527,28840,26687,2666,1439,1227,52861,27401,25460
28,550,sri potti sriramulu nellore,Total,13,53111,27549,25562,2221,1106,1115,50890,26443,24447
28,550,sri potti sriramulu nellore,Total,14,53036,27907,25129,2674,1379,1295,50362,26528,23834
28,550,sri potti sriramulu nellore,Total,15,54241,29366,24875,3501,1861,1640,50740,27505,23235
28,550,sri potti sriramulu nellore,Total,16,64513,35555,28958,3446,1698,1748,61067,33857,27210
28,550,sri potti sriramulu nellore,Total,17,64984,36222,28762,3287,1602,1685,61697,34620,27077
28,550,sri potti sriramulu nellore,Total,18,65388,33823,31565,5754,2345,3409,59634,31478,28156
28,550,sri potti sriramulu nellore,Total,19,52646,26603,26043,4577,1803,2774,48069,24800,23269
28,550,sri potti sriramulu nellore,Total,20-24,278088,137345,140743,40759,14844,25915,237329,122501,114828
28,550,sri potti sriramulu nellore,Total,25-29,270416,132485,137931,64211,24096,40115,206205,108389,97816
28,550,sri potti sriramulu nellore,Total,30-34,234556,117001,117555,71307,27400,43907,163249,89601,73648
28,550,sri potti sriramulu nellore,Total,35-39,231813,113709,118104,88310,32707,55603,143503,81002,62501
28,550,sri potti sriramulu nellore,Total,40-44,199796,102524,97272,91190,37335,53855,108606,65189,43417
28,550,sri potti sriramulu nellore,Total,45-49,174283,88647,85636,88042,36238,51804,86241,52409,33832
28,550,sri potti sriramulu nellore,Total,50-54,140428,71244,69184,75083,30569,44514,65345,40675,24670
28,550,sri potti sriramulu nellore,Total,55-59,108369,50969,57400,59065,20309,38756,49304,30660,18644
28,550,sri potti sriramulu nellore,Total,60-64,117076,55254,61822,73513,27128,46385,43563,28126,15437
28,550,sri potti sriramulu nellore,Total,65-69,77964,37212,40752,49860,18646,31214,28104,18566,9538
28,550,sri potti sriramulu nellore,Total,70-74,55679,27524,28155,38137,15537,22600,17542,11987,5555
28,550,sri potti sriramulu nellore,Total,75-79,22454,10875,11579,14375,5440,8935,8079,5435,2644
28,550,sri potti sriramulu nellore,Total,80+,22052,9349,12703,15110,5043,10067,6942,4306,2636
28,550,sri potti sriramulu nellore,Total,Age not stated,4374,2429,1945,1136,449,687,3238,1980,1258
28,550,sri potti sriramulu nellore,Rural,All ages,2105927,1060810,1045117,908308,387864,520444,1197619,672946,524673
28,550,sri potti sriramulu nellore,Rural,0-6,224081,115556,108525,224081,115556,108525,0,0,0
28,550,sri potti sriramulu nellore,Rural,7,36189,18668,17521,10599,5537,5062,25590,13131,12459
28,550,sri potti sriramulu nellore,Rural,8,36188,18562,17626,4330,2317,2013,31858,16245,15613
28,550,sri potti sriramulu nellore,Rural,9,36190,18765,17425,2477,1319,1158,33713,17446,16267
28,550,sri potti sriramulu nellore,Rural,10,43136,22557,20579,2645,1422,1223,40491,21135,19356
28,550,sri potti sriramulu nellore,Rural,11,36841,19073,17768,1573,783,790,35268,18290,16978
28,550,sri potti sriramulu nellore,Rural,12,40365,21108,19257,2023,1082,941,38342,20026,18316
28,550,sri potti sriramulu nellore,Rural,13,38305,19973,18332,1659,836,823,36646,19137,17509
28,550,sri potti sriramulu nellore,Rural,14,38466,20324,18142,2141,1114,1027,36325,19210,17115
28,550,sri potti sriramulu nellore,Rural,15,38552,21047,17505,2742,1462,1280,35810,19585,16225
28,550,sri potti sriramulu nellore,Rural,16,36627,19928,16699,2592,1329,1263,34035,18599,15436
28,550,sri potti sriramulu nellore,Rural,17,33475,18305,15170,2355,1184,1171,31120,17121,13999
28,550,sri potti sriramulu nellore,Rural,18,44339,22841,21498,4664,1895,2769,39675,20946,18729
28,550,sri potti sriramulu nellore,Rural,19,37409,19136,18273,3611,1389,2222,33798,17747,16051
28,550,sri potti sriramulu nellore,Rural,20-24,199307,100231,99076,33126,11919,21207,166181,88312,77869
28,550,sri potti sriramulu nellore,Rural,25-29,191812,94705,97107,53127,19854,33273,138685,74851,63834
28,550,sri potti sriramulu nellore,Rural,30-34,165372,82623,82749,59652,23071,36581,105720,59552,46168
28,550,sri potti sriramulu nellore,Rural,35-39,163323,79746,83577,73247,27448,45799,90076,52298,37778
28,550,sri potti sriramulu nellore,Rural,40-44,140728,72078,68650,75890,31545,44345,64838,40533,24305
28,550,sri potti sriramulu nellore,Rural,45-49,122790,62343,60447,72909,30677,42232,49881,31666,18215
28,550,sri potti sriramulu nellore,Rural,50-54,99543,50271,49272,62066,25813,36253,37477,24458,13019
28,550,sri potti sriramulu nellore,Rural,55-59,77118,35140,41978,49068,17125,31943,28050,18015,10035
28,550,sri potti sriramulu nellore,Rural,60-64,88498,41379,47119,62433,23640,38793,26065,17739,8326
28,550,sri potti sriramulu nellore,Rural,65-69,59139,28483,30656,42085,16375,25710,17054,12108,4946
28,550,sri potti sriramulu nellore,Rural,70-74,42937,21500,21437,32316,13725,18591,10621,7775,2846
28,550,sri potti sriramulu nellore,Rural,75-79,16280,8011,8269,11693,4678,7015,4587,3333,1254
28,550,sri potti sriramulu nellore,Rural,80+,16317,7134,9183,12295,4408,7887,4022,2726,1296
28,550,sri potti sriramulu nellore,Rural,Age not stated,2600,1323,1277,909,361,548,1691,962,729
28,550,sri potti sriramulu nellore,Urban,All ages,857630,432164,425466,223060,93188,129872,634570,338976,295594
28,550,sri potti sriramulu nellore,Urban,0-6,80228,41351,38877,80228,41351,38877,0,0,0
28,550,sri potti sriramulu nellore,Urban,7,13062,6735,6327,3323,1712,1611,9739,5023,4716
28,550,sri potti sriramulu nellore,Urban,8,13101,6763,6338,1479,792,687,11622,5971,5651
28,550,sri potti sriramulu nellore,Urban,9,13177,6810,6367,894,472,422,12283,6338,5945
28,550,sri potti sriramulu nellore,Urban,10,16071,8333,7738,906,505,401,15165,7828,7337
28,550,sri potti sriramulu nellore,Urban,11,14499,7369,7130,609,312,297,13890,7057,6833
28,550,sri potti sriramulu nellore,Urban,12,15162,7732,7430,643,357,286,14519,7375,7144
28,550,sri potti sriramulu nellore,Urban,13,14806,7576,7230,562,270,292,14244,7306,6938
28,550,sri potti sriramulu nellore,Urban,14,14570,7583,6987,533,265,268,14037,7318,6719
28,550,sri potti sriramulu nellore,Urban,15,15689,8319,7370,759,399,360,14930,7920,7010
28,550,sri potti sriramulu nellore,Urban,16,27886,15627,12259,854,369,485,27032,15258,11774
28,550,sri potti sriramulu nellore,Urban,17,31509,17917,13592,932,418,514,30577,17499,13078
28,550,sri potti sriramulu nellore,Urban,18,21049,10982,10067,1090,450,640,19959,10532,9427
28,550,sri potti sriramulu nellore,Urban,19,15237,7467,7770,966,414,552,14271,7053,7218
28,550,sri potti sriramulu nellore,Urban,20-24,78781,37114,41667,7633,2925,4708,71148,34189,36959
28,550,sri potti sriramulu nellore,Urban,25-29,78604,37780,40824,11084,4242,6842,67520,33538,33982
28,550,sri potti sriramulu nellore,Urban,30-34,69184,34378,34806,11655,4329,7326,57529,30049,27480
28,550,sri potti sriramulu nellore,Urban,35-39,68490,33963,34527,15063,5259,9804,53427,28704,24723
28,550,sri potti sriramulu nellore,Urban,40-44,59068,30446,28622,15300,5790,9510,43768,24656,19112
28,550,sri potti sriramulu nellore,Urban,45-49,51493,26304,25189,15133,5561,9572,36360,20743,15617
28,550,sri potti sriramulu nellore,Urban,50-54,40885,20973,19912,13017,4756,8261,27868,16217,11651
28,550,sri potti sriramulu nellore,Urban,55-59,31251,15829,15422,9997,3184,6813,21254,12645,8609
28,550,sri potti sriramulu nellore,Urban,60-64,28578,13875,14703,11080,3488,7592,17498,10387,7111
28,550,sri potti sriramulu nellore,Urban,65-69,18825,8729,10096,7775,2271,5504,11050,6458,4592
28,550,sri potti sriramulu nellore,Urban,70-74,12742,6024,6718,5821,1812,4009,6921,4212,2709
28,550,sri potti sriramulu nellore,Urban,75-79,6174,2864,3310,2682,762,1920,3492,2102,1390
28,550,sri potti sriramulu nellore,Urban,80+,5735,2215,3520,2815,635,2180,2920,1580,1340
28,550,sri potti sriramulu nellore,Urban,Age not stated,1774,1106,668,227,88,139,1547,1018,529
28,551,y.s.r.,Total,All ages,2882469,1451777,1430692,1165703,457078,708625,1716766,994699,722067
28,551,y.s.r.,Total,0-6,331586,172902,158684,331586,172902,158684,0,0,0
28,551,y.s.r.,Total,7,52637,27546,25091,15818,8355,7463,36819,19191,17628
28,551,y.s.r.,Total,8,54354,28181,26173,6340,3301,3039,48014,24880,23134
28,551,y.s.r.,Total,9,51294,26471,24823,3195,1647,1548,48099,24824,23275
28,551,y.s.r.,Total,10,60763,31508,29255,3215,1593,1622,57548,29915,27633
28,551,y.s.r.,Total,11,51681,26321,25360,1839,858,981,49842,25463,24379
28,551,y.s.r.,Total,12,55154,28289,26865,2092,919,1173,53062,27370,25692
28,551,y.s.r.,Total,13,52611,26947,25664,1820,730,1090,50791,26217,24574
28,551,y.s.r.,Total,14,53119,27560,25559,2057,821,1236,51062,26739,24323
28,551,y.s.r.,Total,15,54391,28427,25964,2914,1319,1595,51477,27108,24369
28,551,y.s.r.,Total,16,49822,26083,23739,2687,1135,1552,47135,24948,22187
28,551,y.s.r.,Total,17,47640,25616,22024,2502,1074,1428,45138,24542,20596
28,551,y.s.r.,Total,18,63126,32699,30427,5619,2033,3586,57507,30666,26841
28,551,y.s.r.,Total,19,49789,25351,24438,4565,1397,3168,45224,23954,21270
28,551,y.s.r.,Total,20-24,268608,135324,133284,40547,11816,28731,228061,123508,104553
28,551,y.s.r.,Total,25-29,257092,125098,131994,64901,18556,46345,192191,106542,85649
28,551,y.s.r.,Total,30-34,220877,111174,109703,70184,22054,48130,150693,89120,61573
28,551,y.s.r.,Total,35-39,223389,110518,112871,88177,27025,61152,135212,83493,51719
28,551,y.s.r.,Total,40-44,186574,98180,88394,86965,31663,55302,99609,66517,33092
28,551,y.s.r.,Total,45-49,162743,83486,79257,86086,31307,54779,76657,52179,24478
28,551,y.s.r.,Total,50-54,128468,66185,62283,73698,27797,45901,54770,38388,16382
28,551,y.s.r.,Total,55-59,104274,47716,56558,62917,19339,43578,41357,28377,12980
28,551,y.s.r.,Total,60-64,118193,54589,63604,79128,26471,52657,39065,28118,10947
28,551,y.s.r.,Total,65-69,80634,37794,42840,55499,19123,36376,25135,18671,6464
28,551,y.s.r.,Total,70-74,54688,26377,28311,38802,13945,24857,15886,12432,3454
28,551,y.s.r.,Total,75-79,20651,9520,11131,14180,4625,9555,6471,4895,1576
28,551,y.s.r.,Total,80+,23504,9030,14474,16845,4592,12253,6659,4438,2221
28,551,y.s.r.,Total,Age not stated,4807,2885,1922,1525,681,844,3282,2204,1078
28,551,y.s.r.,Rural,All ages,1903337,959693,943644,840981,328753,512228,1062356,630940,431416
28,551,y.s.r.,Rural,0-6,221139,115305,105834,221139,115305,105834,0,0,0
28,551,y.s.r.,Rural,7,35090,18327,16763,10614,5594,5020,24476,12733,11743
28,551,y.s.r.,Rural,8,36149,18838,17311,4169,2191,1978,31980,16647,15333
28,551,y.s.r.,Rural,9,34150,17643,16507,2050,1067,983,32100,16576,15524
28,551,y.s.r.,Rural,10,40061,20706,19355,2152,1063,1089,37909,19643,18266
28,551,y.s.r.,Rural,11,33795,17080,16715,1173,540,633,32622,16540,16082
28,551,y.s.r.,Rural,12,36578,18704,17874,1359,590,769,35219,18114,17105
28,551,y.s.r.,Rural,13,34611,17786,16825,1158,449,709,33453,17337,16116
28,551,y.s.r.,Rural,14,35160,18210,16950,1375,523,852,33785,17687,16098
28,551,y.s.r.,Rural,15,35574,18570,17004,1930,842,1088,33644,17728,15916
28,551,y.s.r.,Rural,16,32538,17196,15342,1814,726,1088,30724,16470,14254
28,551,y.s.r.,Rural,17,30938,16977,13961,1621,667,954,29317,16310,13007
28,551,y.s.r.,Rural,18,41000,21710,19290,3829,1295,2534,37171,20415,16756
28,551,y.s.r.,Rural,19,31453,16444,15009,3034,884,2150,28419,15560,12859
28,551,y.s.r.,Rural,20-24,171434,88088,83346,28534,7869,20665,142900,80219,62681
28,551,y.s.r.,Rural,25-29,165782,81092,84690,47615,13267,34348,118167,67825,50342
28,551,y.s.r.,Rural,30-34,143834,72412,71422,52304,16237,36067,91530,56175,35355
28,551,y.s.r.,Rural,35-39,145283,71600,73683,65400,20051,45349,79883,51549,28334
28,551,y.s.r.,Rural,40-44,122047,63974,58073,65306,24172,41134,56741,39802,16939
28,551,y.s.r.,Rural,45-49,106340,54437,51903,63918,23842,40076,42422,30595,11827
28,551,y.s.r.,Rural,50-54,84821,43573,41248,54883,21299,33584,29938,22274,7664
28,551,y.s.r.,Rural,55-59,69741,30933,38808,47237,14749,32488,22504,16184,6320
28,551,y.s.r.,Rural,60-64,83731,38326,45405,60789,20983,39806,22942,17343,5599
28,551,y.s.r.,Rural,65-69,58837,27830,31007,43390,15564,27826,15447,12266,3181
28,551,y.s.r.,Rural,70-74,39682,19249,20433,30005,11245,18760,9677,8004,1673
28,551,y.s.r.,Rural,75-79,14471,6630,7841,10799,3707,7092,3672,2923,749
28,551,y.s.r.,Rural,80+,16353,6418,9935,12477,3658,8819,3876,2760,1116
28,551,y.s.r.,Rural,Age not stated,2745,1635,1110,907,374,533,1838,1261,577
28,551,y.s.r.,Urban,All ages,979132,492084,487048,324722,128325,196397,654410,363759,290651
28,551,y.s.r.,Urban,0-6,110447,57597,52850,110447,57597,52850,0,0,0
28,551,y.s.r.,Urban,7,17547,9219,8328,5204,2761,2443,12343,6458,5885
28,551,y.s.r.,Urban,8,18205,9343,8862,2171,1110,1061,16034,8233,7801
28,551,y.s.r.,Urban,9,17144,8828,8316,1145,580,565,15999,8248,7751
28,551,y.s.r.,Urban,10,20702,10802,9900,1063,530,533,19639,10272,9367
28,551,y.s.r.,Urban,11,17886,9241,8645,666,318,348,17220,8923,8297
28,551,y.s.r.,Urban,12,18576,9585,8991,733,329,404,17843,9256,8587
28,551,y.s.r.,Urban,13,18000,9161,8839,662,281,381,17338,8880,8458
28,551,y.s.r.,Urban,14,17959,9350,8609,682,298,384,17277,9052,8225
28,551,y.s.r.,Urban,15,18817,9857,8960,984,477,507,17833,9380,8453
28,551,y.s.r.,Urban,16,17284,8887,8397,873,409,464,16411,8478,7933
28,551,y.s.r.,Urban,17,16702,8639,8063,881,407,474,15821,8232,7589
28,551,y.s.r.,Urban,18,22126,10989,11137,1790,738,1052,20336,10251,10085
28,551,y.s.r.,Urban,19,18336,8907,9429,1531,513,1018,16805,8394,8411
28,551,y.s.r.,Urban,20-24,97174,47236,49938,12013,3947,8066,85161,43289,41872
28,551,y.s.r.,Urban,25-29,91310,44006,47304,17286,5289,11997,74024,38717,35307
28,551,y.s.r.,Urban,30-34,77043,38762,38281,17880,5817,12063,59163,32945,26218
28,551,y.s.r.,Urban,35-39,78106,38918,39188,22777,6974,15803,55329,31944,23385
28,551,y.s.r.,Urban,40-44,64527,34206,30321,21659,7491,14168,42868,26715,16153
28,551,y.s.r.,Urban,45-49,56403,29049,27354,22168,7465,14703,34235,21584,12651
28,551,y.s.r.,Urban,50-54,43647,22612,21035,18815,6498,12317,24832,16114,8718
28,551,y.s.r.,Urban,55-59,34533,16783,17750,15680,4590,11090,18853,12193,6660
28,551,y.s.r.,Urban,60-64,34462,16263,18199,18339,5488,12851,16123,10775,5348
28,551,y.s.r.,Urban,65-69,21797,9964,11833,12109,3559,8550,9688,6405,3283
28,551,y.s.r.,Urban,70-74,15006,7128,7878,8797,2700,6097,6209,4428,1781
28,551,y.s.r.,Urban,75-79,6180,2890,3290,3381,918,2463,2799,1972,827
28,551,y.s.r.,Urban,80+,7151,2612,4539,4368,934,3434,2783,1678,1105
28,551,y.s.r.,Urban,Age not stated,2062,1250,812,618,307,311,1444,943,501
28,552,kurnool,Total,All ages,4053463,2039227,2014236,1926302,792858,1133444,2127161,1246369,880792
28,552,kurnool,Total,0-6,506239,261217,245022,506239,261217,245022,0,0,0
28,552,kurnool,Total,7,83222,42887,40335,27698,13991,13707,55524,28896,26628
28,552,kurnool,Total,8,85658,43634,42024,15311,7374,7937,70347,36260,34087
28,552,kurnool,Total,9,79851,40847,39004,9739,4409,5330,70112,36438,33674
28,552,kurnool,Total,10,98423,50631,47792,12153,5305,6848,86270,45326,40944
28,552,kurnool,Total,11,81247,41378,39869,7912,3176,4736,73335,38202,35133
28,552,kurnool,Total,12,93437,47574,45863,11197,4240,6957,82240,43334,38906
28,552,kurnool,Total,13,83529,43119,40410,9043,3346,5697,74486,39773,34713
28,552,kurnool,Total,14,85666,45140,40526,10283,4135,6148,75383,41005,34378
28,552,kurnool,Total,15,88086,46799,41287,13236,5678,7558,74850,41121,33729
28,552,kurnool,Total,16,79707,42275,37432,12658,5459,7199,67049,36816,30233
28,552,kurnool,Total,17,68671,37495,31176,10504,4444,6060,58167,33051,25116
28,552,kurnool,Total,18,98161,50960,47201,22472,8483,13989,75689,42477,33212
28,552,kurnool,Total,19,73054,37019,36035,16346,5505,10841,56708,31514,25194
28,552,kurnool,Total,20-24,395011,198891,196120,119297,40777,78520,275714,158114,117600
28,552,kurnool,Total,25-29,368722,179175,189547,150913,52642,98271,217809,126533,91276
28,552,kurnool,Total,30-34,307527,154862,152665,141459,53298,88161,166068,101564,64504
28,552,kurnool,Total,35-39,299697,149051,150646,151869,55863,96006,147828,93188,54640
28,552,kurnool,Total,40-44,241810,127262,114548,134458,54775,79683,107352,72487,34865
28,552,kurnool,Total,45-49,204584,104257,100327,122269,48445,73824,82315,55812,26503
28,552,kurnool,Total,50-54,159160,81381,77779,100007,40196,59811,59153,41185,17968
28,552,kurnool,Total,55-59,123816,57039,66777,79601,26951,52650,44215,30088,14127
28,552,kurnool,Total,60-64,132001,60234,71767,92625,32553,60072,39376,27681,11695
28,552,kurnool,Total,65-69,83844,38155,45689,59689,20678,39011,24155,17477,6678
28,552,kurnool,Total,70-74,58640,26973,31667,43134,15520,27614,15506,11453,4053
28,552,kurnool,Total,75-79,23091,10185,12906,16236,5238,10998,6855,4947,1908
28,552,kurnool,Total,80+,28475,10865,17610,20674,5737,14937,7801,5128,2673
28,552,kurnool,Total,Age not stated,22134,9922,12212,9280,3423,5857,12854,6499,6355
28,552,kurnool,Rural,All ages,2904177,1464569,1439608,1513718,623058,890660,1390459,841511,548948
28,552,kurnool,Rural,0-6,373171,192362,180809,373171,192362,180809,0,0,0
28,552,kurnool,Rural,7,61067,31463,29604,21103,10618,10485,39964,20845,19119
28,552,kurnool,Rural,8,63273,32281,30992,11722,5590,6132,51551,26691,24860
28,552,kurnool,Rural,9,58013,29511,28502,7448,3259,4189,50565,26252,24313
28,552,kurnool,Rural,10,71432,36607,34825,9605,4033,5572,61827,32574,29253
28,552,kurnool,Rural,11,57640,29281,28359,6210,2371,3839,51430,26910,24520
28,552,kurnool,Rural,12,68115,34875,33240,9158,3314,5844,58957,31561,27396
28,552,kurnool,Rural,13,60090,31305,28785,7246,2571,4675,52844,28734,24110
28,552,kurnool,Rural,14,61977,32813,29164,8396,3224,5172,53581,29589,23992
28,552,kurnool,Rural,15,63050,33623,29427,10658,4419,6239,52392,29204,23188
28,552,kurnool,Rural,16,57289,30662,26627,10369,4385,5984,46920,26277,20643
28,552,kurnool,Rural,17,47233,26417,20816,8153,3377,4776,39080,23040,16040
28,552,kurnool,Rural,18,70960,37837,33123,18303,6804,11499,52657,31033,21624
28,552,kurnool,Rural,19,50570,26278,24292,13034,4287,8747,37536,21991,15545
28,552,kurnool,Rural,20-24,276640,141979,134661,95883,32161,63722,180757,109818,70939
28,552,kurnool,Rural,25-29,258046,126080,131966,121501,42284,79217,136545,83796,52749
28,552,kurnool,Rural,30-34,215404,108667,106737,114039,43067,70972,101365,65600,35765
28,552,kurnool,Rural,35-39,210422,103878,106544,122189,45225,76964,88233,58653,29580
28,552,kurnool,Rural,40-44,170855,89724,81131,108152,44919,63233,62703,44805,17898
28,552,kurnool,Rural,45-49,144661,73490,71171,97509,39637,57872,47152,33853,13299
28,552,kurnool,Rural,50-54,113107,57968,55139,79407,33056,46351,33700,24912,8788
28,552,kurnool,Rural,55-59,88585,39893,48692,63742,22128,41614,24843,17765,7078
28,552,kurnool,Rural,60-64,99269,44776,54493,75740,27426,48314,23529,17350,6179
28,552,kurnool,Rural,65-69,63687,28871,34816,48799,17539,31260,14888,11332,3556
28,552,kurnool,Rural,70-74,44624,20454,24170,35159,13060,22099,9465,7394,2071
28,552,kurnool,Rural,75-79,16900,7382,9518,12921,4330,8591,3979,3052,927
28,552,kurnool,Rural,80+,21001,8038,12963,16256,4718,11538,4745,3320,1425
28,552,kurnool,Rural,Age not stated,17096,8054,9042,7845,2894,4951,9251,5160,4091
28,552,kurnool,Urban,All ages,1149286,574658,574628,412584,169800,242784,736702,404858,331844
28,552,kurnool,Urban,0-6,133068,68855,64213,133068,68855,64213,0,0,0
28,552,kurnool,Urban,7,22155,11424,10731,6595,3373,3222,15560,8051,7509
28,552,kurnool,Urban,8,22385,11353,11032,3589,1784,1805,18796,9569,9227
28,552,kurnool,Urban,9,21838,11336,10502,2291,1150,1141,19547,10186,9361
28,552,kurnool,Urban,10,26991,14024,12967,2548,1272,1276,24443,12752,11691
28,552,kurnool,Urban,11,23607,12097,11510,1702,805,897,21905,11292,10613
28,552,kurnool,Urban,12,25322,12699,12623,2039,926,1113,23283,11773,11510
28,552,kurnool,Urban,13,23439,11814,11625,1797,775,1022,21642,11039,10603
28,552,kurnool,Urban,14,23689,12327,11362,1887,911,976,21802,11416,10386
28,552,kurnool,Urban,15,25036,13176,11860,2578,1259,1319,22458,11917,10541
28,552,kurnool,Urban,16,22418,11613,10805,2289,1074,1215,20129,10539,9590
28,552,kurnool,Urban,17,21438,11078,10360,2351,1067,1284,19087,10011,9076
28,552,kurnool,Urban,18,27201,13123,14078,4169,1679,2490,23032,11444,11588
28,552,kurnool,Urban,19,22484,10741,11743,3312,1218,2094,19172,9523,9649
28,552,kurnool,Urban,20-24,118371,56912,61459,23414,8616,14798,94957,48296,46661
28,552,kurnool,Urban,25-29,110676,53095,57581,29412,10358,19054,81264,42737,38527
28,552,kurnool,Urban,30-34,92123,46195,45928,27420,10231,17189,64703,35964,28739
28,552,kurnool,Urban,35-39,89275,45173,44102,29680,10638,19042,59595,34535,25060
28,552,kurnool,Urban,40-44,70955,37538,33417,26306,9856,16450,44649,27682,16967
28,552,kurnool,Urban,45-49,59923,30767,29156,24760,8808,15952,35163,21959,13204
28,552,kurnool,Urban,50-54,46053,23413,22640,20600,7140,13460,25453,16273,9180
28,552,kurnool,Urban,55-59,35231,17146,18085,15859,4823,11036,19372,12323,7049
28,552,kurnool,Urban,60-64,32732,15458,17274,16885,5127,11758,15847,10331,5516
28,552,kurnool,Urban,65-69,20157,9284,10873,10890,3139,7751,9267,6145,3122
28,552,kurnool,Urban,70-74,14016,6519,7497,7975,2460,5515,6041,4059,1982
28,552,kurnool,Urban,75-79,6191,2803,3388,3315,908,2407,2876,1895,981
28,552,kurnool,Urban,80+,7474,2827,4647,4418,1019,3399,3056,1808,1248
28,552,kurnool,Urban,Age not stated,5038,1868,3170,1435,529,906,3603,1339,2264
28,553,anantapur,Total,All ages,4081148,2064495,2016653,1770188,726021,1044167,2310960,1338474,972486
28,553,anantapur,Total,0-6,445956,231369,214587,445956,231369,214587,0,0,0
28,553,anantapur,Total,7,72891,37617,35274,25123,12903,12220,47768,24714,23054
28,553,anantapur,Total,8,72496,37056,35440,10251,5147,5104,62245,31909,30336
28,553,anantapur,Total,9,70764,36075,34689,5733,2900,2833,65031,33175,31856
28,553,anantapur,Total,10,82824,42696,40128,5472,2706,2766,77352,39990,37362
28,553,anantapur,Total,11,74826,38260,36566,3674,1695,1979,71152,36565,34587
28,553,anantapur,Total,12,77526,40167,37359,4059,1886,2173,73467,38281,35186
28,553,anantapur,Total,13,75987,39398,36589,3840,1740,2100,72147,37658,34489
28,553,anantapur,Total,14,78030,40623,37407,4648,2158,2490,73382,38465,34917
28,553,anantapur,Total,15,79544,41638,37906,5958,2831,3127,73586,38807,34779
28,553,anantapur,Total,16,75466,39696,35770,5811,2738,3073,69655,36958,32697
28,553,anantapur,Total,17,68176,36667,31509,5277,2490,2787,62899,34177,28722
28,553,anantapur,Total,18,92643,48449,44194,10775,4392,6383,81868,44057,37811
28,553,anantapur,Total,19,72173,36577,35596,8596,3101,5495,63577,33476,30101
28,553,anantapur,Total,20-24,381660,193325,188335,72218,24317,47901,309442,169008,140434
28,553,anantapur,Total,25-29,368434,178117,190317,113626,36909,76717,254808,141208,113600
28,553,anantapur,Total,30-34,312489,158401,154088,118526,41902,76624,193963,116499,77464
28,553,anantapur,Total,35-39,314528,156672,157856,142406,49289,93117,172122,107383,64739
28,553,anantapur,Total,40-44,254468,134363,120105,132272,51793,80479,122196,82570,39626
28,553,anantapur,Total,45-49,223080,114323,108757,128922,50028,78894,94158,64295,29863
28,553,anantapur,Total,50-54,177682,90438,87244,109241,42787,66454,68441,47651,20790
28,553,anantapur,Total,55-59,144326,67235,77091,91885,31215,60670,52441,36020,16421
28,553,anantapur,Total,60-64,160958,77316,83642,112409,41920,70489,48549,35396,13153
28,553,anantapur,Total,65-69,112177,55584,56593,79628,31114,48514,32549,24470,8079
28,553,anantapur,Total,70-74,74481,37257,37224,54493,21880,32613,19988,15377,4611
28,553,anantapur,Total,75-79,31409,15194,16215,21976,8104,13872,9433,7090,2343
28,553,anantapur,Total,80+,38579,16349,22230,27262,8695,18567,11317,7654,3663
28,553,anantapur,Total,Age not stated,47575,23633,23942,20151,8012,12139,27424,15621,11803
28,553,anantapur,Rural,All ages,2935437,1489157,1446280,1389043,572099,816944,1546394,917058,629336
28,553,anantapur,Rural,0-6,323884,167977,155907,323884,167977,155907,0,0,0
28,553,anantapur,Rural,7,52734,27220,25514,18905,9682,9223,33829,17538,16291
28,553,anantapur,Rural,8,52942,27154,25788,7626,3847,3779,45316,23307,22009
28,553,anantapur,Rural,9,50848,25873,24975,4210,2113,2097,46638,23760,22878
28,553,anantapur,Rural,10,58762,30295,28467,4024,1970,2054,54738,28325,26413
28,553,anantapur,Rural,11,53068,27190,25878,2661,1199,1462,50407,25991,24416
28,553,anantapur,Rural,12,55531,29009,26522,3009,1393,1616,52522,27616,24906
28,553,anantapur,Rural,13,54899,28705,26194,2790,1256,1534,52109,27449,24660
28,553,anantapur,Rural,14,56745,29810,26935,3496,1588,1908,53249,28222,25027
28,553,anantapur,Rural,15,56594,29737,26857,4511,2090,2421,52083,27647,24436
28,553,anantapur,Rural,16,53363,28160,25203,4369,2001,2368,48994,26159,22835
28,553,anantapur,Rural,17,47724,26017,21707,3886,1806,2080,43838,24211,19627
28,553,anantapur,Rural,18,66812,35563,31249,8245,3309,4936,58567,32254,26313
28,553,anantapur,Rural,19,50425,26027,24398,6572,2320,4252,43853,23707,20146
28,553,anantapur,Rural,20-24,268238,138487,129751,56543,18585,37958,211695,119902,91793
28,553,anantapur,Rural,25-29,260038,126087,133951,90883,29191,61692,169155,96896,72259
28,553,anantapur,Rural,30-34,221751,112159,109592,96503,34043,62460,125248,78116,47132
28,553,anantapur,Rural,35-39,222691,110712,111979,114619,39899,74720,108072,70813,37259
28,553,anantapur,Rural,40-44,181160,95576,85584,107438,42971,64467,73722,52605,21117
28,553,anantapur,Rural,45-49,158600,81268,77332,103264,41244,62020,55336,40024,15312
28,553,anantapur,Rural,50-54,127664,64665,62999,88181,35480,52701,39483,29185,10298
28,553,anantapur,Rural,55-59,104096,47273,56823,74183,25847,48336,29913,21426,8487
28,553,anantapur,Rural,60-64,122833,58870,63963,92740,35800,56940,30093,23070,7023
28,553,anantapur,Rural,65-69,86493,43587,42906,65416,26790,38626,21077,16797,4280
28,553,anantapur,Rural,70-74,57408,29068,28340,44729,18774,25955,12679,10294,2385
28,553,anantapur,Rural,75-79,23492,11449,12043,17724,6862,10862,5768,4587,1181
28,553,anantapur,Rural,80+,29094,12534,16560,21706,7320,14386,7388,5214,2174
28,553,anantapur,Rural,Age not stated,37548,18685,18863,16926,6742,10184,20622,11943,8679
28,553,anantapur,Urban,All ages,1145711,575338,570373,381145,153922,227223,764566,421416,343150
28,553,anantapur,Urban,0-6,122072,63392,58680,122072,63392,58680,0,0,0
28,553,anantapur,Urban,7,20157,10397,9760,6218,3221,2997,13939,7176,6763
28,553,anantapur,Urban,8,19554,9902,9652,2625,1300,1325,16929,8602,8327
28,553,anantapur,Urban,9,19916,10202,9714,1523,787,736,18393,9415,8978
28,553,anantapur,Urban,10,24062,12401,11661,1448,736,712,22614,11665,10949
28,553,anantapur,Urban,11,21758,11070,10688,1013,496,517,20745,10574,10171
28,553,anantapur,Urban,12,21995,11158,10837,1050,493,557,20945,10665,10280
28,553,anantapur,Urban,13,21088,10693,10395,1050,484,566,20038,10209,9829
28,553,anantapur,Urban,14,21285,10813,10472,1152,570,582,20133,10243,9890
28,553,anantapur,Urban,15,22950,11901,11049,1447,741,706,21503,11160,10343
28,553,anantapur,Urban,16,22103,11536,10567,1442,737,705,20661,10799,9862
28,553,anantapur,Urban,17,20452,10650,9802,1391,684,707,19061,9966,9095
28,553,anantapur,Urban,18,25831,12886,12945,2530,1083,1447,23301,11803,11498
28,553,anantapur,Urban,19,21748,10550,11198,2024,781,1243,19724,9769,9955
28,553,anantapur,Urban,20-24,113422,54838,58584,15675,5732,9943,97747,49106,48641
28,553,anantapur,Urban,25-29,108396,52030,56366,22743,7718,15025,85653,44312,41341
28,553,anantapur,Urban,30-34,90738,46242,44496,22023,7859,14164,68715,38383,30332
28,553,anantapur,Urban,35-39,91837,45960,45877,27787,9390,18397,64050,36570,27480
28,553,anantapur,Urban,40-44,73308,38787,34521,24834,8822,16012,48474,29965,18509
28,553,anantapur,Urban,45-49,64480,33055,31425,25658,8784,16874,38822,24271,14551
28,553,anantapur,Urban,50-54,50018,25773,24245,21060,7307,13753,28958,18466,10492
28,553,anantapur,Urban,55-59,40230,19962,20268,17702,5368,12334,22528,14594,7934
28,553,anantapur,Urban,60-64,38125,18446,19679,19669,6120,13549,18456,12326,6130
28,553,anantapur,Urban,65-69,25684,11997,13687,14212,4324,9888,11472,7673,3799
28,553,anantapur,Urban,70-74,17073,8189,8884,9764,3106,6658,7309,5083,2226
28,553,anantapur,Urban,75-79,7917,3745,4172,4252,1242,3010,3665,2503,1162
28,553,anantapur,Urban,80+,9485,3815,5670,5556,1375,4181,3929,2440,1489
28,553,anantapur,Urban,Age not stated,10027,4948,5079,3225,1270,1955,6802,3678,3124
28,554,chittoor,Total,All ages,4174064,2090204,2083860,1506186,605410,900776,2667878,1484794,1183084
28,554,chittoor,Total,0-6,444572,230283,214289,444572,230283,214289,0,0,0
28,554,chittoor,Total,7,72129,37366,34763,16776,8709,8067,55353,28657,26696
28,554,chittoor,Total,8,68813,35142,33671,6302,3183,3119,62511,31959,30552
28,554,chittoor,Total,9,68673,35202,33471,3759,1858,1901,64914,33344,31570
28,554,chittoor,Total,10,79182,41090,38092,3962,1981,1981,75220,39109,36111
28,554,chittoor,Total,11,73248,37378,35870,2431,1104,1327,70817,36274,34543
28,554,chittoor,Total,12,74015,38111,35904,2490,1119,1371,71525,36992,34533
28,554,chittoor,Total,13,73813,37862,35951,2346,1061,1285,71467,36801,34666
28,554,chittoor,Total,14,75289,39023,36266,2715,1266,1449,72574,37757,34817
28,554,chittoor,Total,15,76261,39635,36626,3420,1544,1876,72841,38091,34750
28,554,chittoor,Total,16,73214,38589,34625,3106,1361,1745,70108,37228,32880
28,554,chittoor,Total,17,70126,37838,32288,2884,1319,1565,67242,36519,30723
28,554,chittoor,Total,18,82133,42179,39954,4939,1881,3058,77194,40298,36896
28,554,chittoor,Total,19,74621,37306,37315,4524,1606,2918,70097,35700,34397
28,554,chittoor,Total,20-24,375703,184000,191703,38840,11828,27012,336863,172172,164691
28,554,chittoor,Total,25-29,366387,177163,189224,66845,20270,46575,299542,156893,142649
28,554,chittoor,Total,30-34,316953,158317,158636,74832,23886,50946,242121,134431,107690
28,554,chittoor,Total,35-39,322550,157841,164709,102880,32025,70855,219670,125816,93854
28,554,chittoor,Total,40-44,269875,137976,131899,107326,37937,69389,162549,100039,62510
28,554,chittoor,Total,45-49,249675,127179,122496,115176,42341,72835,134499,84838,49661
28,554,chittoor,Total,50-54,195552,99491,96061,98465,37014,61451,97087,62477,34610
28,554,chittoor,Total,55-59,160097,76948,83149,84974,28706,56268,75123,48242,26881
28,554,chittoor,Total,60-64,168830,80338,88492,104078,36959,67119,64752,43379,21373
28,554,chittoor,Total,65-69,116627,55204,61423,75653,27030,48623,40974,28174,12800
28,554,chittoor,Total,70-74,84192,41798,42394,57300,22190,35110,26892,19608,7284
28,554,chittoor,Total,75-79,39002,19032,19970,25844,9680,16164,13158,9352,3806
28,554,chittoor,Total,80+,43130,18324,24806,29069,9237,19832,14061,9087,4974
28,554,chittoor,Total,Age not stated,59402,29589,29813,20678,8032,12646,38724,21557,17167
28,554,chittoor,Rural,All ages,2942678,1474052,1468626,1185462,475301,710161,1757216,998751,758465
28,554,chittoor,Rural,0-6,320194,165695,154499,320194,165695,154499,0,0,0
28,554,chittoor,Rural,7,52019,27043,24976,11487,5986,5501,40532,21057,19475
28,554,chittoor,Rural,8,49360,25143,24217,4318,2169,2149,45042,22974,22068
28,554,chittoor,Rural,9,49157,25149,24008,2672,1302,1370,46485,23847,22638
28,554,chittoor,Rural,10,55868,28986,26882,2911,1438,1473,52957,27548,25409
28,554,chittoor,Rural,11,51624,26289,25335,1847,822,1025,49777,25467,24310
28,554,chittoor,Rural,12,52571,27282,25289,1964,875,1089,50607,26407,24200
28,554,chittoor,Rural,13,52001,26828,25173,1805,811,994,50196,26017,24179
28,554,chittoor,Rural,14,52610,27412,25198,2118,976,1142,50492,26436,24056
28,554,chittoor,Rural,15,52374,27297,25077,2677,1195,1482,49697,26102,23595
28,554,chittoor,Rural,16,50056,26438,23618,2392,1021,1371,47664,25417,22247
28,554,chittoor,Rural,17,47271,25916,21355,2195,979,1216,45076,24937,20139
28,554,chittoor,Rural,18,56308,29450,26858,3854,1405,2449,52454,28045,24409
28,554,chittoor,Rural,19,50737,25996,24741,3513,1207,2306,47224,24789,22435
28,554,chittoor,Rural,20-24,254509,127076,127433,30538,9042,21496,223971,118034,105937
28,554,chittoor,Rural,25-29,251682,122121,129561,53426,15788,37638,198256,106333,91923
28,554,chittoor,Rural,30-34,216770,108320,108450,60678,19104,41574,156092,89216,66876
28,554,chittoor,Rural,35-39,221167,107661,113506,82966,25829,57137,138201,81832,56369
28,554,chittoor,Rural,40-44,186012,94337,91675,87431,31164,56267,98581,63173,35408
28,554,chittoor,Rural,45-49,174020,87792,86228,93563,35005,58558,80457,52787,27670
28,554,chittoor,Rural,50-54,138340,69510,68830,80793,30975,49818,57547,38535,19012
28,554,chittoor,Rural,55-59,115039,54054,60985,70034,24155,45879,45005,29899,15106
28,554,chittoor,Rural,60-64,127673,60224,67449,87173,31911,55262,40500,28313,12187
28,554,chittoor,Rural,65-69,90456,43018,47438,63945,23738,40207,26511,19280,7231
28,554,chittoor,Rural,70-74,65856,32952,32904,48497,19599,28898,17359,13353,4006
28,554,chittoor,Rural,75-79,29947,14792,15155,21621,8495,13126,8326,6297,2029
28,554,chittoor,Rural,80+,32937,14271,18666,23910,8062,15848,9027,6209,2818
28,554,chittoor,Rural,Age not stated,46120,23000,23120,16940,6553,10387,29180,16447,12733
28,554,chittoor,Urban,All ages,1231386,616152,615234,320724,130109,190615,910662,486043,424619
28,554,chittoor,Urban,0-6,124378,64588,59790,124378,64588,59790,0,0,0
28,554,chittoor,Urban,7,20110,10323,9787,5289,2723,2566,14821,7600,7221
28,554,chittoor,Urban,8,19453,9999,9454,1984,1014,970,17469,8985,8484
28,554,chittoor,Urban,9,19516,10053,9463,1087,556,531,18429,9497,8932
28,554,chittoor,Urban,10,23314,12104,11210,1051,543,508,22263,11561,10702
28,554,chittoor,Urban,11,21624,11089,10535,584,282,302,21040,10807,10233
28,554,chittoor,Urban,12,21444,10829,10615,526,244,282,20918,10585,10333
28,554,chittoor,Urban,13,21812,11034,10778,541,250,291,21271,10784,10487
28,554,chittoor,Urban,14,22679,11611,11068,597,290,307,22082,11321,10761
28,554,chittoor,Urban,15,23887,12338,11549,743,349,394,23144,11989,11155
28,554,chittoor,Urban,16,23158,12151,11007,714,340,374,22444,11811,10633
28,554,chittoor,Urban,17,22855,11922,10933,689,340,349,22166,11582,10584
28,554,chittoor,Urban,18,25825,12729,13096,1085,476,609,24740,12253,12487
28,554,chittoor,Urban,19,23884,11310,12574,1011,399,612,22873,10911,11962
28,554,chittoor,Urban,20-24,121194,56924,64270,8302,2786,5516,112892,54138,58754
28,554,chittoor,Urban,25-29,114705,55042,59663,13419,4482,8937,101286,50560,50726
28,554,chittoor,Urban,30-34,100183,49997,50186,14154,4782,9372,86029,45215,40814
28,554,chittoor,Urban,35-39,101383,50180,51203,19914,6196,13718,81469,43984,37485
28,554,chittoor,Urban,40-44,83863,43639,40224,19895,6773,13122,63968,36866,27102
28,554,chittoor,Urban,45-49,75655,39387,36268,21613,7336,14277,54042,32051,21991
28,554,chittoor,Urban,50-54,57212,29981,27231,17672,6039,11633,39540,23942,15598
28,554,chittoor,Urban,55-59,45058,22894,22164,14940,4551,10389,30118,18343,11775
28,554,chittoor,Urban,60-64,41157,20114,21043,16905,5048,11857,24252,15066,9186
28,554,chittoor,Urban,65-69,26171,12186,13985,11708,3292,8416,14463,8894,5569
28,554,chittoor,Urban,70-74,18336,8846,9490,8803,2591,6212,9533,6255,3278
28,554,chittoor,Urban,75-79,9055,4240,4815,4223,1185,3038,4832,3055,1777
28,554,chittoor,Urban,80+,10193,4053,6140,5159,1175,3984,5034,2878,2156
28,554,chittoor,Urban,Age not stated,13282,6589,6693,3738,1479,2259,9544,5110,4434
34,634,yanam,Total,All ages,55626,27301,28325,16352,7382,8970,39274,19919,19355
34,634,yanam,Total,0-6,6204,3230,2974,6204,3230,2974,0,0,0
34,634,yanam,Total,7,1133,566,567,311,161,150,822,405,417
34,634,yanam,Total,8,1024,497,527,81,46,35,943,451,492
34,634,yanam,Total,9,979,506,473,51,29,22,928,477,451
34,634,yanam,Total,10,1240,629,611,43,20,23,1197,609,588
34,634,yanam,Total,11,1045,519,526,24,10,14,1021,509,512
34,634,yanam,Total,12,1236,624,612,27,14,13,1209,610,599
34,634,yanam,Total,13,1068,559,509,19,11,8,1049,548,501
34,634,yanam,Total,14,1144,558,586,23,13,10,1121,545,576
34,634,yanam,Total,15,1067,559,508,32,9,23,1035,550,485
34,634,yanam,Total,16,1067,546,521,31,18,13,1036,528,508
34,634,yanam,Total,17,997,527,470,37,19,18,960,508,452
34,634,yanam,Total,18,1306,635,671,82,37,45,1224,598,626
34,634,yanam,Total,19,1091,498,593,75,26,49,1016,472,544
34,634,yanam,Total,20-24,5662,2509,3153,588,236,352,5074,2273,2801
34,634,yanam,Total,25-29,5710,2646,3064,885,367,518,4825,2279,2546
34,634,yanam,Total,30-34,4772,2420,2352,905,441,464,3867,1979,1888
34,634,yanam,Total,35-39,4456,2297,2159,1058,459,599,3398,1838,1560
34,634,yanam,Total,40-44,3326,1743,1583,925,400,525,2401,1343,1058
34,634,yanam,Total,45-49,2681,1392,1289,888,374,514,1793,1018,775
34,634,yanam,Total,50-54,2076,1040,1036,803,328,475,1273,712,561
34,634,yanam,Total,55-59,1797,786,1011,802,269,533,995,517,478
34,634,yanam,Total,60-64,1977,897,1080,1034,384,650,943,513,430
34,634,yanam,Total,65-69,1138,525,613,629,233,396,509,292,217
34,634,yanam,Total,70-74,742,326,416,417,137,280,325,189,136
34,634,yanam,Total,75-79,358,151,207,186,61,125,172,90,82
34,634,yanam,Total,80+,314,111,203,186,48,138,128,63,65
34,634,yanam,Total,Age not stated,16,5,11,6,2,4,10,3,7
34,634,yanam,Rural,All ages,0,0,0,0,0,0,0,0,0
34,634,yanam,Rural,0-6,0,0,0,0,0,0,0,0,0
34,634,yanam,Rural,7,0,0,0,0,0,0,0,0,0
34,634,yanam,Rural,8,0,0,0,0,0,0,0,0,0
34,634,yanam,Rural,9,0,0,0,0,0,0,0,0,0
34,634,yanam,Rural,10,0,0,0,0,0,0,0,0,0
34,634,yanam,Rural,11,0,0,0,0,0,0,0,0,0
34,634,yanam,Rural,12,0,0,0,0,0,0,0,0,0
34,634,yanam,Rural,13,0,0,0,0,0,0,0,0,0
34,634,yanam,Rural,14,0,0,0,0,0,0,0,0,0
34,634,yanam,Rural,15,0,0,0,0,0,0,0,0,0
34,634,yanam,Rural,16,0,0,0,0,0,0,0,0,0
34,634,yanam,Rural,17,0,0,0,0,0,0,0,0,0
34,634,yanam,Rural,18,0,0,0,0,0,0,0,0,0
34,634,yanam,Rural,19,0,0,0,0,0,0,0,0,0
34,634,yanam,Rural,20-24,0,0,0,0,0,0,0,0,0
34,634,yanam,Rural,25-29,0,0,0,0,0,0,0,0,0
34,634,yanam,Rural,30-34,0,0,0,0,0,0,0,0,0
34,634,yanam,Rural,35-39,0,0,0,0,0,0,0,0,0
34,634,yanam,Rural,40-44,0,0,0,0,0,0,0,0,0
34,634,yanam,Rural,45-49,0,0,0,0,0,0,0,0,0
34,634,yanam,Rural,50-54,0,0,0,0,0,0,0,0,0
34,634,yanam,Rural,55-59,0,0,0,0,0,0,0,0,0
34,634,yanam,Rural,60-64,0,0,0,0,0,0,0,0,0
34,634,yanam,Rural,65-69,0,0,0,0,0,0,0,0,0
34,634,yanam,Rural,70-74,0,0,0,0,0,0,0,0,0
34,634,yanam,Rural,75-79,0,0,0,0,0,0,0,0,0
34,634,yanam,Rural,80+,0,0,0,0,0,0,0,0,0
34,634,yanam,Rural,Age not stated,0,0,0,0,0,0,0,0,0
34,634,yanam,Urban,All ages,55626,27301,28325,16352,7382,8970,39274,19919,19355
34,634,yanam,Urban,0-6,6204,3230,2974,6204,3230,2974,0,0,0
34,634,yanam,Urban,7,1133,566,567,311,161,150,822,405,417
34,634,yanam,Urban,8,1024,497,527,81,46,35,943,451,492
34,634,yanam,Urban,9,979,506,473,51,29,22,928,477,451
34,634,yanam,Urban,10,1240,629,611,43,20,23,1197,609,588
34,634,yanam,Urban,11,1045,519,526,24,10,14,1021,509,512
34,634,yanam,Urban,12,1236,624,612,27,14,13,1209,610,599
34,634,yanam,Urban,13,1068,559,509,19,11,8,1049,548,501
34,634,yanam,Urban,14,1144,558,586,23,13,10,1121,545,576
34,634,yanam,Urban,15,1067,559,508,32,9,23,1035,550,485
34,634,yanam,Urban,16,1067,546,521,31,18,13,1036,528,508
34,634,yanam,Urban,17,997,527,470,37,19,18,960,508,452
34,634,yanam,Urban,18,1306,635,671,82,37,45,1224,598,626
34,634,yanam,Urban,19,1091,498,593,75,26,49,1016,472,544
34,634,yanam,Urban,20-24,5662,2509,3153,588,236,352,5074,2273,2801
34,634,yanam,Urban,25-29,5710,2646,3064,885,367,518,4825,2279,2546
34,634,yanam,Urban,30-34,4772,2420,2352,905,441,464,3867,1979,1888
34,634,yanam,Urban,35-39,4456,2297,2159,1058,459,599,3398,1838,1560
34,634,yanam,Urban,40-44,3326,1743,1583,925,400,525,2401,1343,1058
34,634,yanam,Urban,45-49,2681,1392,1289,888,374,514,1793,1018,775
34,634,yanam,Urban,50-54,2076,1040,1036,803,328,475,1273,712,561
34,634,yanam,Urban,55-59,1797,786,1011,802,269,533,995,517,478
34,634,yanam,Urban,60-64,1977,897,1080,1034,384,650,943,513,430
34,634,yanam,Urban,65-69,1138,525,613,629,233,396,509,292,217
34,634,yanam,Urban,70-74,742,326,416,417,137,280,325,189,136
34,634,yanam,Urban,75-79,358,151,207,186,61,125,172,90,82
34,634,yanam,Urban,80+,314,111,203,186,48,138,128,63,65
34,634,yanam,Urban,Age not stated,16,5,11,6,2,4,10,3,7
34,635,puducherry,Total,All ages,950289,468258,482031,223640,87312,136328,726649,380946,345703
34,635,puducherry,Total,0-6,99838,50688,49150,99838,50688,49150,0,0,0
34,635,puducherry,Total,7,15048,7691,7357,3111,1577,1534,11937,6114,5823
34,635,puducherry,Total,8,14770,7600,7170,1305,643,662,13465,6957,6508
34,635,puducherry,Total,9,15082,7734,7348,782,404,378,14300,7330,6970
34,635,puducherry,Total,10,16862,8593,8269,769,395,374,16093,8198,7895
34,635,puducherry,Total,11,16214,8326,7888,392,195,197,15822,8131,7691
34,635,puducherry,Total,12,15127,7738,7389,237,123,114,14890,7615,7275
34,635,puducherry,Total,13,15530,7977,7553,176,95,81,15354,7882,7472
34,635,puducherry,Total,14,15282,7809,7473,201,90,111,15081,7719,7362
34,635,puducherry,Total,15,15666,8075,7591,238,110,128,15428,7965,7463
34,635,puducherry,Total,16,14423,7380,7043,196,100,96,14227,7280,6947
34,635,puducherry,Total,17,14590,7584,7006,211,94,117,14379,7490,6889
34,635,puducherry,Total,18,15847,7960,7887,274,136,138,15573,7824,7749
34,635,puducherry,Total,19,15844,7959,7885,295,120,175,15549,7839,7710
34,635,puducherry,Total,20-24,82560,38958,43602,2522,935,1587,80038,38023,42015
34,635,puducherry,Total,25-29,91022,42471,48551,4938,1604,3334,86084,40867,45217
34,635,puducherry,Total,30-34,86425,42071,44354,7378,2297,5081,79047,39774,39273
34,635,puducherry,Total,35-39,83334,41102,42232,11917,3441,8476,71417,37661,33756
34,635,puducherry,Total,40-44,68985,35281,33704,12837,3846,8991,56148,31435,24713
34,635,puducherry,Total,45-49,61002,31428,29574,14017,4175,9842,46985,27253,19732
34,635,puducherry,Total,50-54,46662,23907,22755,11092,3244,7848,35570,20663,14907
34,635,puducherry,Total,55-59,38109,18929,19180,10710,2907,7803,27399,16022,11377
34,635,puducherry,Total,60-64,32945,15423,17522,11942,2980,8962,21003,12443,8560
34,635,puducherry,Total,65-69,21069,9179,11890,9364,2248,7116,11705,6931,4774
34,635,puducherry,Total,70-74,17224,7546,9678,8293,2111,6182,8931,5435,3496
34,635,puducherry,Total,75-79,9847,4263,5584,4825,1259,3566,5022,3004,2018
34,635,puducherry,Total,80+,10348,4264,6084,5597,1432,4165,4751,2832,1919
34,635,puducherry,Total,Age not stated,634,322,312,183,63,120,451,259,192
34,635,puducherry,Rural,All ages,293080,144769,148311,89299,34495,54804,203781,110274,93507
34,635,puducherry,Rural,0-6,33003,16896,16107,33003,16896,16107,0,0,0
34,635,puducherry,Rural,7,5009,2531,2478,1198,612,586,3811,1919,1892
34,635,puducherry,Rural,8,4900,2543,2357,528,251,277,4372,2292,2080
34,635,puducherry,Rural,9,5013,2563,2450,305,153,152,4708,2410,2298
34,635,puducherry,Rural,10,5616,2824,2792,295,140,155,5321,2684,2637
34,635,puducherry,Rural,11,5316,2747,2569,162,79,83,5154,2668,2486
34,635,puducherry,Rural,12,5063,2615,2448,72,33,39,4991,2582,2409
34,635,puducherry,Rural,13,5209,2649,2560,67,35,32,5142,2614,2528
34,635,puducherry,Rural,14,5052,2601,2451,75,28,47,4977,2573,2404
34,635,puducherry,Rural,15,5133,2585,2548,90,37,53,5043,2548,2495
34,635,puducherry,Rural,16,4660,2388,2272,65,31,34,4595,2357,2238
34,635,puducherry,Rural,17,4706,2519,2187,82,34,48,4624,2485,2139
34,635,puducherry,Rural,18,5366,2702,2664,118,52,66,5248,2650,2598
34,635,puducherry,Rural,19,5287,2687,2600,113,44,69,5174,2643,2531
34,635,puducherry,Rural,20-24,27276,12835,14441,1046,360,686,26230,12475,13755
34,635,puducherry,Rural,25-29,29162,13833,15329,2142,625,1517,27020,13208,13812
34,635,puducherry,Rural,30-34,25931,12875,13056,3251,925,2326,22680,11950,10730
34,635,puducherry,Rural,35-39,24825,12218,12607,5777,1594,4183,19048,10624,8424
34,635,puducherry,Rural,40-44,19258,9929,9329,6055,1840,4215,13203,8089,5114
34,635,puducherry,Rural,45-49,17413,8992,8421,6859,2121,4738,10554,6871,3683
34,635,puducherry,Rural,50-54,12546,6407,6139,5437,1728,3709,7109,4679,2430
34,635,puducherry,Rural,55-59,10544,5047,5497,5161,1557,3604,5383,3490,1893
34,635,puducherry,Rural,60-64,9567,4276,5291,5657,1672,3985,3910,2604,1306
34,635,puducherry,Rural,65-69,6360,2691,3669,4198,1223,2975,2162,1468,694
34,635,puducherry,Rural,70-74,5099,2242,2857,3571,1109,2462,1528,1133,395
34,635,puducherry,Rural,75-79,2602,1161,1441,1822,607,1215,780,554,226
34,635,puducherry,Rural,80+,2903,1277,1626,2061,674,1387,842,603,239
34,635,puducherry,Rural,Age not stated,261,136,125,89,35,54,172,101,71
34,635,puducherry,Urban,All ages,657209,323489,333720,134341,52817,81524,522868,270672,252196
34,635,puducherry,Urban,0-6,66835,33792,33043,66835,33792,33043,0,0,0
34,635,puducherry,Urban,7,10039,5160,4879,1913,965,948,8126,4195,3931
34,635,puducherry,Urban,8,9870,5057,4813,777,392,385,9093,4665,4428
34,635,puducherry,Urban,9,10069,5171,4898,477,251,226,9592,4920,4672
34,635,puducherry,Urban,10,11246,5769,5477,474,255,219,10772,5514,5258
34,635,puducherry,Urban,11,10898,5579,5319,230,116,114,10668,5463,5205
34,635,puducherry,Urban,12,10064,5123,4941,165,90,75,9899,5033,4866
34,635,puducherry,Urban,13,10321,5328,4993,109,60,49,10212,5268,4944
34,635,puducherry,Urban,14,10230,5208,5022,126,62,64,10104,5146,4958
34,635,puducherry,Urban,15,10533,5490,5043,148,73,75,10385,5417,4968
34,635,puducherry,Urban,16,9763,4992,4771,131,69,62,9632,4923,4709
34,635,puducherry,Urban,17,9884,5065,4819,129,60,69,9755,5005,4750
34,635,puducherry,Urban,18,10481,5258,5223,156,84,72,10325,5174,5151
34,635,puducherry,Urban,19,10557,5272,5285,182,76,106,10375,5196,5179
34,635,puducherry,Urban,20-24,55284,26123,29161,1476,575,901,53808,25548,28260
34,635,puducherry,Urban,25-29,61860,28638,33222,2796,979,1817,59064,27659,31405
34,635,puducherry,Urban,30-34,60494,29196,31298,4127,1372,2755,56367,27824,28543
34,635,puducherry,Urban,35-39,58509,28884,29625,6140,1847,4293,52369,27037,25332
34,635,puducherry,Urban,40-44,49727,25352,24375,6782,2006,4776,42945,23346,19599
34,635,puducherry,Urban,45-49,43589,22436,21153,7158,2054,5104,36431,20382,16049
34,635,puducherry,Urban,50-54,34116,17500,16616,5655,1516,4139,28461,15984,12477
34,635,puducherry,Urban,55-59,27565,13882,13683,5549,1350,4199,22016,12532,9484
34,635,puducherry,Urban,60-64,23378,11147,12231,6285,1308,4977,17093,9839,7254
34,635,puducherry,Urban,65-69,14709,6488,8221,5166,1025,4141,9543,5463,4080
34,635,puducherry,Urban,70-74,12125,5304,6821,4722,1002,3720,7403,4302,3101
34,635,puducherry,Urban,75-79,7245,3102,4143,3003,652,2351,4242,2450,1792
34,635,puducherry,Urban,80+,7445,2987,4458,3536,758,2778,3909,2229,1680
34,635,puducherry,Urban,Age not stated,373,186,187,94,28,66,279,158,121
34,636,mahe,Total,All ages,41816,19143,22673,5346,2533,2813,36470,16610,19860
34,636,mahe,Total,0-6,4553,2302,2251,4553,2302,2251,0,0,0
34,636,mahe,Total,7,617,331,286,70,36,34,547,295,252
34,636,mahe,Total,8,630,311,319,18,8,10,612,303,309
34,636,mahe,Total,9,689,371,318,5,4,1,684,367,317
34,636,mahe,Total,10,749,398,351,20,12,8,729,386,343
34,636,mahe,Total,11,723,370,353,17,12,5,706,358,348
34,636,mahe,Total,12,621,313,308,5,2,3,616,311,305
34,636,mahe,Total,13,704,355,349,0,0,0,704,355,349
34,636,mahe,Total,14,728,387,341,4,2,2,724,385,339
34,636,mahe,Total,15,699,369,330,0,0,0,699,369,330
34,636,mahe,Total,16,603,317,286,4,2,2,599,315,284
34,636,mahe,Total,17,627,337,290,3,2,1,624,335,289
34,636,mahe,Total,18,614,310,304,4,3,1,610,307,303
34,636,mahe,Total,19,651,325,326,5,4,1,646,321,325
34,636,mahe,Total,20-24,3313,1529,1784,21,11,10,3292,1518,1774
34,636,mahe,Total,25-29,3239,1325,1914,15,5,10,3224,1320,1904
34,636,mahe,Total,30-34,3341,1312,2029,26,11,15,3315,1301,2014
34,636,mahe,Total,35-39,3357,1361,1996,35,15,20,3322,1346,1976
34,636,mahe,Total,40-44,3036,1284,1752,25,5,20,3011,1279,1732
34,636,mahe,Total,45-49,2809,1304,1505,48,13,35,2761,1291,1470
34,636,mahe,Total,50-54,2316,1084,1232,34,7,27,2282,1077,1205
34,636,mahe,Total,55-59,2085,948,1137,49,11,38,2036,937,1099
34,636,mahe,Total,60-64,1810,846,964,77,16,61,1733,830,903
34,636,mahe,Total,65-69,1204,514,690,78,14,64,1126,500,626
34,636,mahe,Total,70-74,884,403,481,67,13,54,817,390,427
34,636,mahe,Total,75-79,573,225,348,63,7,56,510,218,292
34,636,mahe,Total,80+,556,169,387,86,10,76,470,159,311
34,636,mahe,Total,Age not stated,85,43,42,14,6,8,71,37,34
34,636,mahe,Rural,All ages,0,0,0,0,0,0,0,0,0
34,636,mahe,Rural,0-6,0,0,0,0,0,0,0,0,0
34,636,mahe,Rural,7,0,0,0,0,0,0,0,0,0
34,636,mahe,Rural,8,0,0,0,0,0,0,0,0,0
34,636,mahe,Rural,9,0,0,0,0,0,0,0,0,0
34,636,mahe,Rural,10,0,0,0,0,0,0,0,0,0
34,636,mahe,Rural,11,0,0,0,0,0,0,0,0,0
34,636,mahe,Rural,12,0,0,0,0,0,0,0,0,0
34,636,mahe,Rural,13,0,0,0,0,0,0,0,0,0
34,636,mahe,Rural,14,0,0,0,0,0,0,0,0,0
34,636,mahe,Rural,15,0,0,0,0,0,0,0,0,0
34,636,mahe,Rural,16,0,0,0,0,0,0,0,0,0
34,636,mahe,Rural,17,0,0,0,0,0,0,0,0,0
34,636,mahe,Rural,18,0,0,0,0,0,0,0,0,0
34,636,mahe,Rural,19,0,0,0,0,0,0,0,0,0
34,636,mahe,Rural,20-24,0,0,0,0,0,0,0,0,0
34,636,mahe,Rural,25-29,0,0,0,0,0,0,0,0,0
34,636,mahe,Rural,30-34,0,0,0,0,0,0,0,0,0
34,636,mahe,Rural,35-39,0,0,0,0,0,0,0,0,0
34,636,mahe,Rural,40-44,0,0,0,0,0,0,0,0,0
34,636,mahe,Rural,45-49,0,0,0,0,0,0,0,0,0
34,636,mahe,Rural,50-54,0,0,0,0,0,0,0,0,0
34,636,mahe,Rural,55-59,0,0,0,0,0,0,0,0,0
34,636,mahe,Rural,60-64,0,0,0,0,0,0,0,0,0
34,636,mahe,Rural,65-69,0,0,0,0,0,0,0,0,0
34,636,mahe,Rural,70-74,0,0,0,0,0,0,0,0,0
34,636,mahe,Rural,75-79,0,0,0,0,0,0,0,0,0
34,636,mahe,Rural,80+,0,0,0,0,0,0,0,0,0
34,636,mahe,Rural,Age not stated,0,0,0,0,0,0,0,0,0
34,636,mahe,Urban,All ages,41816,19143,22673,5346,2533,2813,36470,16610,19860
34,636,mahe,Urban,0-6,4553,2302,2251,4553,2302,2251,0,0,0
34,636,mahe,Urban,7,617,331,286,70,36,34,547,295,252
34,636,mahe,Urban,8,630,311,319,18,8,10,612,303,309
34,636,mahe,Urban,9,689,371,318,5,4,1,684,367,317
34,636,mahe,Urban,10,749,398,351,20,12,8,729,386,343
34,636,mahe,Urban,11,723,370,353,17,12,5,706,358,348
34,636,mahe,Urban,12,621,313,308,5,2,3,616,311,305
34,636,mahe,Urban,13,704,355,349,0,0,0,704,355,349
34,636,mahe,Urban,14,728,387,341,4,2,2,724,385,339
34,636,mahe,Urban,15,699,369,330,0,0,0,699,369,330
34,636,mahe,Urban,16,603,317,286,4,2,2,599,315,284
34,636,mahe,Urban,17,627,337,290,3,2,1,624,335,289
34,636,mahe,Urban,18,614,310,304,4,3,1,610,307,303
34,636,mahe,Urban,19,651,325,326,5,4,1,646,321,325
34,636,mahe,Urban,20-24,3313,1529,1784,21,11,10,3292,1518,1774
34,636,mahe,Urban,25-29,3239,1325,1914,15,5,10,3224,1320,1904
34,636,mahe,Urban,30-34,3341,1312,2029,26,11,15,3315,1301,2014
34,636,mahe,Urban,35-39,3357,1361,1996,35,15,20,3322,1346,1976
34,636,mahe,Urban,40-44,3036,1284,1752,25,5,20,3011,1279,1732
34,636,mahe,Urban,45-49,2809,1304,1505,48,13,35,2761,1291,1470
34,636,mahe,Urban,50-54,2316,1084,1232,34,7,27,2282,1077,1205
34,636,mahe,Urban,55-59,2085,948,1137,49,11,38,2036,937,1099
34,636,mahe,Urban,60-64,1810,846,964,77,16,61,1733,830,903
34,636,mahe,Urban,65-69,1204,514,690,78,14,64,1126,500,626
34,636,mahe,Urban,70-74,884,403,481,67,13,54,817,390,427
34,636,mahe,Urban,75-79,573,225,348,63,7,56,510,218,292
34,636,mahe,Urban,80+,556,169,387,86,10,76,470,159,311
34,636,mahe,Urban,Age not stated,85,43,42,14,6,8,71,37,34
34,637,karaikal,Total,All ages,200222,97809,102413,45306,17906,27400,154916,79903,75013
34,637,karaikal,Total,0-6,22263,11307,10956,22263,11307,10956,0,0,0
34,637,karaikal,Total,7,3326,1649,1677,934,458,476,2392,1191,1201
34,637,karaikal,Total,8,3137,1582,1555,404,213,191,2733,1369,1364
34,637,karaikal,Total,9,3373,1665,1708,256,143,113,3117,1522,1595
34,637,karaikal,Total,10,3617,1813,1804,172,87,85,3445,1726,1719
34,637,karaikal,Total,11,3658,1835,1823,99,55,44,3559,1780,1779
34,637,karaikal,Total,12,3251,1617,1634,33,20,13,3218,1597,1621
34,637,karaikal,Total,13,3534,1790,1744,46,22,24,3488,1768,1720
34,637,karaikal,Total,14,3393,1726,1667,30,21,9,3363,1705,1658
34,637,karaikal,Total,15,3510,1809,1701,52,25,27,3458,1784,1674
34,637,karaikal,Total,16,3346,1742,1604,54,31,23,3292,1711,1581
34,637,karaikal,Total,17,3314,1665,1649,35,17,18,3279,1648,1631
34,637,karaikal,Total,18,3500,1826,1674,54,27,27,3446,1799,1647
34,637,karaikal,Total,19,3554,1808,1746,58,23,35,3496,1785,1711
34,637,karaikal,Total,20-24,17284,8291,8993,432,174,258,16852,8117,8735
34,637,karaikal,Total,25-29,18273,8610,9663,660,237,423,17613,8373,9240
34,637,karaikal,Total,30-34,16532,7958,8574,993,310,683,15539,7648,7891
34,637,karaikal,Total,35-39,16312,7895,8417,1667,433,1234,14645,7462,7183
34,637,karaikal,Total,40-44,14432,7174,7258,2069,542,1527,12363,6632,5731
34,637,karaikal,Total,45-49,12813,6501,6312,2367,645,1722,10446,5856,4590
34,637,karaikal,Total,50-54,9869,4827,5042,2128,534,1594,7741,4293,3448
34,637,karaikal,Total,55-59,8118,3952,4166,2143,532,1611,5975,3420,2555
34,637,karaikal,Total,60-64,7096,3332,3764,2499,617,1882,4597,2715,1882
34,637,karaikal,Total,65-69,4572,1936,2636,1954,469,1485,2618,1467,1151
34,637,karaikal,Total,70-74,3671,1586,2085,1728,414,1314,1943,1172,771
34,637,karaikal,Total,75-79,2011,855,1156,964,231,733,1047,624,423
34,637,karaikal,Total,80+,2097,868,1229,1114,273,841,983,595,388
34,637,karaikal,Total,Age not stated,366,190,176,98,46,52,268,144,124
34,637,karaikal,Rural,All ages,102120,50138,51982,25019,9922,15097,77101,40216,36885
34,637,karaikal,Rural,0-6,11511,5902,5609,11511,5902,5609,0,0,0
34,637,karaikal,Rural,7,1694,811,883,555,274,281,1139,537,602
34,637,karaikal,Rural,8,1636,805,831,257,126,131,1379,679,700
34,637,karaikal,Rural,9,1728,869,859,162,91,71,1566,778,788
34,637,karaikal,Rural,10,1864,919,945,115,53,62,1749,866,883
34,637,karaikal,Rural,11,1935,969,966,61,33,28,1874,936,938
34,637,karaikal,Rural,12,1717,831,886,19,11,8,1698,820,878
34,637,karaikal,Rural,13,1833,925,908,25,11,14,1808,914,894
34,637,karaikal,Rural,14,1746,892,854,16,11,5,1730,881,849
34,637,karaikal,Rural,15,1798,935,863,29,10,19,1769,925,844
34,637,karaikal,Rural,16,1732,889,843,31,18,13,1701,871,830
34,637,karaikal,Rural,17,1673,824,849,19,9,10,1654,815,839
34,637,karaikal,Rural,18,1811,921,890,30,16,14,1781,905,876
34,637,karaikal,Rural,19,1853,944,909,23,12,11,1830,932,898
34,637,karaikal,Rural,20-24,8996,4320,4676,240,97,143,8756,4223,4533
34,637,karaikal,Rural,25-29,9678,4609,5069,345,121,224,9333,4488,4845
34,637,karaikal,Rural,30-34,8183,3993,4190,546,169,377,7637,3824,3813
34,637,karaikal,Rural,35-39,8121,3972,4149,892,219,673,7229,3753,3476
34,637,karaikal,Rural,40-44,6959,3433,3526,1174,297,877,5785,3136,2649
34,637,karaikal,Rural,45-49,6415,3226,3189,1431,385,1046,4984,2841,2143
34,637,karaikal,Rural,50-54,4916,2407,2509,1305,326,979,3611,2081,1530
34,637,karaikal,Rural,55-59,4167,2035,2132,1322,348,974,2845,1687,1158
34,637,karaikal,Rural,60-64,3594,1749,1845,1525,441,1084,2069,1308,761
34,637,karaikal,Rural,65-69,2373,1060,1313,1154,316,838,1219,744,475
34,637,karaikal,Rural,70-74,1894,862,1032,1009,269,740,885,593,292
34,637,karaikal,Rural,75-79,1002,444,558,535,147,388,467,297,170
34,637,karaikal,Rural,80+,1054,470,584,624,180,444,430,290,140
34,637,karaikal,Rural,Age not stated,237,122,115,64,30,34,173,92,81
34,637,karaikal,Urban,All ages,98102,47671,50431,20287,7984,12303,77815,39687,38128
34,637,karaikal,Urban,0-6,10752,5405,5347,10752,5405,5347,0,0,0
34,637,karaikal,Urban,7,1632,838,794,379,184,195,1253,654,599
34,637,karaikal,Urban,8,1501,777,724,147,87,60,1354,690,664
34,637,karaikal,Urban,9,1645,796,849,94,52,42,1551,744,807
34,637,karaikal,Urban,10,1753,894,859,57,34,23,1696,860,836
34,637,karaikal,Urban,11,1723,866,857,38,22,16,1685,844,841
34,637,karaikal,Urban,12,1534,786,748,14,9,5,1520,777,743
34,637,karaikal,Urban,13,1701,865,836,21,11,10,1680,854,826
34,637,karaikal,Urban,14,1647,834,813,14,10,4,1633,824,809
34,637,karaikal,Urban,15,1712,874,838,23,15,8,1689,859,830
34,637,karaikal,Urban,16,1614,853,761,23,13,10,1591,840,751
34,637,karaikal,Urban,17,1641,841,800,16,8,8,1625,833,792
34,637,karaikal,Urban,18,1689,905,784,24,11,13,1665,894,771
34,637,karaikal,Urban,19,1701,864,837,35,11,24,1666,853,813
34,637,karaikal,Urban,20-24,8288,3971,4317,192,77,115,8096,3894,4202
34,637,karaikal,Urban,25-29,8595,4001,4594,315,116,199,8280,3885,4395
34,637,karaikal,Urban,30-34,8349,3965,4384,447,141,306,7902,3824,4078
34,637,karaikal,Urban,35-39,8191,3923,4268,775,214,561,7416,3709,3707
34,637,karaikal,Urban,40-44,7473,3741,3732,895,245,650,6578,3496,3082
34,637,karaikal,Urban,45-49,6398,3275,3123,936,260,676,5462,3015,2447
34,637,karaikal,Urban,50-54,4953,2420,2533,823,208,615,4130,2212,1918
34,637,karaikal,Urban,55-59,3951,1917,2034,821,184,637,3130,1733,1397
34,637,karaikal,Urban,60-64,3502,1583,1919,974,176,798,2528,1407,1121
34,637,karaikal,Urban,65-69,2199,876,1323,800,153,647,1399,723,676
34,637,karaikal,Urban,70-74,1777,724,1053,719,145,574,1058,579,479
34,637,karaikal,Urban,75-79,1009,411,598,429,84,345,580,327,253
34,637,karaikal,Urban,80+,1043,398,645,490,93,397,553,305,248
34,637,karaikal,Urban,Age not stated,129,68,61,34,16,18,95,52,43
03,035,gurdaspur,Total,All ages,2298323,1212617,1085706,663604,304957,358647,1634719,907660,727059
03,035,gurdaspur,Total,0-6,253579,139261,114318,253579,139261,114318,0,0,0
03,035,gurdaspur,Total,7,40697,22331,18366,7600,4149,3451,33097,18182,14915
03,035,gurdaspur,Total,8,40306,22464,17842,3583,1919,1664,36723,20545,16178
03,035,gurdaspur,Total,9,38956,22104,16852,2361,1272,1089,36595,20832,15763
03,035,gurdaspur,Total,10,44125,25141,18984,2859,1523,1336,41266,23618,17648
03,035,gurdaspur,Total,11,40624,22996,17628,1804,968,836,38820,22028,16792
03,035,gurdaspur,Total,12,43146,24318,18828,1975,1042,933,41171,23276,17895
03,035,gurdaspur,Total,13,42962,24180,18782,1700,908,792,41262,23272,17990
03,035,gurdaspur,Total,14,45656,25422,20234,1982,1051,931,43674,24371,19303
03,035,gurdaspur,Total,15,47171,26340,20831,2588,1330,1258,44583,25010,19573
03,035,gurdaspur,Total,16,48624,27015,21609,2694,1406,1288,45930,25609,20321
03,035,gurdaspur,Total,17,46207,25685,20522,2373,1294,1079,43834,24391,19443
03,035,gurdaspur,Total,18,53285,29791,23494,3546,1886,1660,49739,27905,21834
03,035,gurdaspur,Total,19,43494,23671,19823,2554,1308,1246,40940,22363,18577
03,035,gurdaspur,Total,20-24,228261,118828,109433,18839,8722,10117,209422,110106,99316
03,035,gurdaspur,Total,25-29,204328,104866,99462,22443,9356,13087,181885,95510,86375
03,035,gurdaspur,Total,30-34,172023,88138,83885,26569,10396,16173,145454,77742,67712
03,035,gurdaspur,Total,35-39,164964,82963,82001,33130,12659,20471,131834,70304,61530
03,035,gurdaspur,Total,40-44,146627,74602,72025,36016,14058,21958,110611,60544,50067
03,035,gurdaspur,Total,45-49,127739,66238,61501,35218,13731,21487,92521,52507,40014
03,035,gurdaspur,Total,50-54,97948,51828,46120,30111,12088,18023,67837,39740,28097
03,035,gurdaspur,Total,55-59,77086,38905,38181,26192,8562,17630,50894,30343,20551
03,035,gurdaspur,Total,60-64,83842,39568,44274,39726,13093,26633,44116,26475,17641
03,035,gurdaspur,Total,65-69,62915,32538,30377,34563,13160,21403,28352,19378,8974
03,035,gurdaspur,Total,70-74,45002,23915,21087,29092,12592,16500,15910,11323,4587
03,035,gurdaspur,Total,75-79,21475,10860,10615,14578,6019,8559,6897,4841,2056
03,035,gurdaspur,Total,80+,35033,17411,17622,25265,10890,14375,9768,6521,3247
03,035,gurdaspur,Total,Age not stated,2248,1238,1010,664,314,350,1584,924,660
03,035,gurdaspur,Rural,All ages,1639004,855784,783220,522467,238932,283535,1116537,616852,499685
03,035,gurdaspur,Rural,0-6,188167,103316,84851,188167,103316,84851,0,0,0
03,035,gurdaspur,Rural,7,30423,16698,13725,5865,3223,2642,24558,13475,11083
03,035,gurdaspur,Rural,8,30112,16706,13406,2780,1485,1295,27332,15221,12111
03,035,gurdaspur,Rural,9,29111,16433,12678,1879,1017,862,27232,15416,11816
03,035,gurdaspur,Rural,10,32722,18572,14150,2239,1188,1051,30483,17384,13099
03,035,gurdaspur,Rural,11,30172,17057,13115,1398,745,653,28774,16312,12462
03,035,gurdaspur,Rural,12,32395,18191,14204,1549,806,743,30846,17385,13461
03,035,gurdaspur,Rural,13,32102,17917,14185,1312,692,620,30790,17225,13565
03,035,gurdaspur,Rural,14,34282,18965,15317,1577,811,766,32705,18154,14551
03,035,gurdaspur,Rural,15,35280,19605,15675,2067,1047,1020,33213,18558,14655
03,035,gurdaspur,Rural,16,36422,20159,16263,2112,1073,1039,34310,19086,15224
03,035,gurdaspur,Rural,17,34482,19130,15352,1868,986,882,32614,18144,14470
03,035,gurdaspur,Rural,18,39325,22026,17299,2771,1450,1321,36554,20576,15978
03,035,gurdaspur,Rural,19,31042,16802,14240,1981,986,995,29061,15816,13245
03,035,gurdaspur,Rural,20-24,159557,81323,78234,14944,6648,8296,144613,74675,69938
03,035,gurdaspur,Rural,25-29,137390,67542,69848,18056,7338,10718,119334,60204,59130
03,035,gurdaspur,Rural,30-34,116724,57361,59363,21613,8265,13348,95111,49096,46015
03,035,gurdaspur,Rural,35-39,114920,56630,58290,27176,10244,16932,87744,46386,41358
03,035,gurdaspur,Rural,40-44,102452,51450,51002,29395,11440,17955,73057,40010,33047
03,035,gurdaspur,Rural,45-49,87894,45541,42353,28461,11103,17358,59433,34438,24995
03,035,gurdaspur,Rural,50-54,65812,35010,30802,24264,9862,14402,41548,25148,16400
03,035,gurdaspur,Rural,55-59,51505,25483,26022,21314,7024,14290,30191,18459,11732
03,035,gurdaspur,Rural,60-64,61023,28303,32720,33334,11159,22175,27689,17144,10545
03,035,gurdaspur,Rural,65-69,47290,24618,22672,29165,11537,17628,18125,13081,5044
03,035,gurdaspur,Rural,70-74,33769,18324,15445,23892,10798,13094,9877,7526,2351
03,035,gurdaspur,Rural,75-79,15943,8099,7844,11964,5149,6815,3979,2950,1029
03,035,gurdaspur,Rural,80+,26903,13529,13374,20777,9282,11495,6126,4247,1879
03,035,gurdaspur,Rural,Age not stated,1785,994,791,547,258,289,1238,736,502
03,035,gurdaspur,Urban,All ages,659319,356833,302486,141137,66025,75112,518182,290808,227374
03,035,gurdaspur,Urban,0-6,65412,35945,29467,65412,35945,29467,0,0,0
03,035,gurdaspur,Urban,7,10274,5633,4641,1735,926,809,8539,4707,3832
03,035,gurdaspur,Urban,8,10194,5758,4436,803,434,369,9391,5324,4067
03,035,gurdaspur,Urban,9,9845,5671,4174,482,255,227,9363,5416,3947
03,035,gurdaspur,Urban,10,11403,6569,4834,620,335,285,10783,6234,4549
03,035,gurdaspur,Urban,11,10452,5939,4513,406,223,183,10046,5716,4330
03,035,gurdaspur,Urban,12,10751,6127,4624,426,236,190,10325,5891,4434
03,035,gurdaspur,Urban,13,10860,6263,4597,388,216,172,10472,6047,4425
03,035,gurdaspur,Urban,14,11374,6457,4917,405,240,165,10969,6217,4752
03,035,gurdaspur,Urban,15,11891,6735,5156,521,283,238,11370,6452,4918
03,035,gurdaspur,Urban,16,12202,6856,5346,582,333,249,11620,6523,5097
03,035,gurdaspur,Urban,17,11725,6555,5170,505,308,197,11220,6247,4973
03,035,gurdaspur,Urban,18,13960,7765,6195,775,436,339,13185,7329,5856
03,035,gurdaspur,Urban,19,12452,6869,5583,573,322,251,11879,6547,5332
03,035,gurdaspur,Urban,20-24,68704,37505,31199,3895,2074,1821,64809,35431,29378
03,035,gurdaspur,Urban,25-29,66938,37324,29614,4387,2018,2369,62551,35306,27245
03,035,gurdaspur,Urban,30-34,55299,30777,24522,4956,2131,2825,50343,28646,21697
03,035,gurdaspur,Urban,35-39,50044,26333,23711,5954,2415,3539,44090,23918,20172
03,035,gurdaspur,Urban,40-44,44175,23152,21023,6621,2618,4003,37554,20534,17020
03,035,gurdaspur,Urban,45-49,39845,20697,19148,6757,2628,4129,33088,18069,15019
03,035,gurdaspur,Urban,50-54,32136,16818,15318,5847,2226,3621,26289,14592,11697
03,035,gurdaspur,Urban,55-59,25581,13422,12159,4878,1538,3340,20703,11884,8819
03,035,gurdaspur,Urban,60-64,22819,11265,11554,6392,1934,4458,16427,9331,7096
03,035,gurdaspur,Urban,65-69,15625,7920,7705,5398,1623,3775,10227,6297,3930
03,035,gurdaspur,Urban,70-74,11233,5591,5642,5200,1794,3406,6033,3797,2236
03,035,gurdaspur,Urban,75-79,5532,2761,2771,2614,870,1744,2918,1891,1027
03,035,gurdaspur,Urban,80+,8130,3882,4248,4488,1608,2880,3642,2274,1368
03,035,gurdaspur,Urban,Age not stated,463,244,219,117,56,61,346,188,158
03,036,kapurthala,Total,All ages,815168,426311,388857,238601,110057,128544,576567,316254,260313
03,036,kapurthala,Total,0-6,86025,45973,40052,86025,45973,40052,0,0,0
03,036,kapurthala,Total,7,14103,7558,6545,3122,1710,1412,10981,5848,5133
03,036,kapurthala,Total,8,13905,7517,6388,1588,832,756,12317,6685,5632
03,036,kapurthala,Total,9,13621,7714,5907,1005,552,453,12616,7162,5454
03,036,kapurthala,Total,10,15258,8694,6564,1184,653,531,14074,8041,6033
03,036,kapurthala,Total,11,14460,8225,6235,687,377,310,13773,7848,5925
03,036,kapurthala,Total,12,15151,8511,6640,787,427,360,14364,8084,6280
03,036,kapurthala,Total,13,15228,8600,6628,688,365,323,14540,8235,6305
03,036,kapurthala,Total,14,15993,8943,7050,763,407,356,15230,8536,6694
03,036,kapurthala,Total,15,16338,9204,7134,919,545,374,15419,8659,6760
03,036,kapurthala,Total,16,16387,9173,7214,901,498,403,15486,8675,6811
03,036,kapurthala,Total,17,15932,8951,6981,857,469,388,15075,8482,6593
03,036,kapurthala,Total,18,18432,10316,8116,1331,745,586,17101,9571,7530
03,036,kapurthala,Total,19,15874,8731,7143,988,531,457,14886,8200,6686
03,036,kapurthala,Total,20-24,78513,40779,37734,6949,3387,3562,71564,37392,34172
03,036,kapurthala,Total,25-29,68111,34771,33340,8473,3713,4760,59638,31058,28580
03,036,kapurthala,Total,30-34,59221,29836,29385,9885,4048,5837,49336,25788,23548
03,036,kapurthala,Total,35-39,57703,28557,29146,11679,4853,6826,46024,23704,22320
03,036,kapurthala,Total,40-44,55258,27307,27951,13343,5269,8074,41915,22038,19877
03,036,kapurthala,Total,45-49,50142,25508,24634,14022,5567,8455,36120,19941,16179
03,036,kapurthala,Total,50-54,40405,21078,19327,12936,5384,7552,27469,15694,11775
03,036,kapurthala,Total,55-59,30586,15790,14796,10795,3993,6802,19791,11797,7994
03,036,kapurthala,Total,60-64,28986,14311,14675,13633,4984,8649,15353,9327,6026
03,036,kapurthala,Total,65-69,21023,10514,10509,11522,4276,7246,9501,6238,3263
03,036,kapurthala,Total,70-74,15961,8324,7637,10010,4257,5753,5951,4067,1884
03,036,kapurthala,Total,75-79,8277,4251,4026,5416,2307,3109,2861,1944,917
03,036,kapurthala,Total,80+,12595,6278,6317,8587,3688,4899,4008,2590,1418
03,036,kapurthala,Total,Age not stated,1680,897,783,506,247,259,1174,650,524
03,036,kapurthala,Rural,All ages,532706,275932,256774,171930,79013,92917,360776,196919,163857
03,036,kapurthala,Rural,0-6,57353,30852,26501,57353,30852,26501,0,0,0
03,036,kapurthala,Rural,7,9438,5072,4366,2113,1172,941,7325,3900,3425
03,036,kapurthala,Rural,8,9374,5076,4298,1047,556,491,8327,4520,3807
03,036,kapurthala,Rural,9,9238,5214,4024,612,342,270,8626,4872,3754
03,036,kapurthala,Rural,10,10228,5834,4394,741,405,336,9487,5429,4058
03,036,kapurthala,Rural,11,9657,5449,4208,426,233,193,9231,5216,4015
03,036,kapurthala,Rural,12,10288,5778,4510,494,264,230,9794,5514,4280
03,036,kapurthala,Rural,13,10323,5793,4530,415,218,197,9908,5575,4333
03,036,kapurthala,Rural,14,10736,5954,4782,482,258,224,10254,5696,4558
03,036,kapurthala,Rural,15,10952,6138,4814,567,319,248,10385,5819,4566
03,036,kapurthala,Rural,16,11139,6192,4947,609,325,284,10530,5867,4663
03,036,kapurthala,Rural,17,10668,5900,4768,571,317,254,10097,5583,4514
03,036,kapurthala,Rural,18,12339,6909,5430,879,487,392,11460,6422,5038
03,036,kapurthala,Rural,19,10480,5736,4744,626,330,296,9854,5406,4448
03,036,kapurthala,Rural,20-24,50596,25781,24815,4588,2224,2364,46008,23557,22451
03,036,kapurthala,Rural,25-29,42117,20896,21221,5749,2481,3268,36368,18415,17953
03,036,kapurthala,Rural,30-34,37136,18025,19111,6966,2811,4155,30170,15214,14956
03,036,kapurthala,Rural,35-39,36880,18048,18832,8475,3517,4958,28405,14531,13874
03,036,kapurthala,Rural,40-44,35380,17362,18018,9947,3911,6036,25433,13451,11982
03,036,kapurthala,Rural,45-49,31499,15781,15718,10581,4190,6391,20918,11591,9327
03,036,kapurthala,Rural,50-54,25373,13056,12317,10011,4191,5820,15362,8865,6497
03,036,kapurthala,Rural,55-59,19242,9788,9454,8481,3145,5336,10761,6643,4118
03,036,kapurthala,Rural,60-64,19577,9448,10129,11052,4062,6990,8525,5386,3139
03,036,kapurthala,Rural,65-69,14872,7451,7421,9365,3578,5787,5507,3873,1634
03,036,kapurthala,Rural,70-74,11411,6036,5375,8058,3560,4498,3353,2476,877
03,036,kapurthala,Rural,75-79,5874,3025,2849,4375,1946,2429,1499,1079,420
03,036,kapurthala,Rural,80+,9240,4660,4580,6932,3120,3812,2308,1540,768
03,036,kapurthala,Rural,Age not stated,1296,678,618,415,199,216,881,479,402
03,036,kapurthala,Urban,All ages,282462,150379,132083,66671,31044,35627,215791,119335,96456
03,036,kapurthala,Urban,0-6,28672,15121,13551,28672,15121,13551,0,0,0
03,036,kapurthala,Urban,7,4665,2486,2179,1009,538,471,3656,1948,1708
03,036,kapurthala,Urban,8,4531,2441,2090,541,276,265,3990,2165,1825
03,036,kapurthala,Urban,9,4383,2500,1883,393,210,183,3990,2290,1700
03,036,kapurthala,Urban,10,5030,2860,2170,443,248,195,4587,2612,1975
03,036,kapurthala,Urban,11,4803,2776,2027,261,144,117,4542,2632,1910
03,036,kapurthala,Urban,12,4863,2733,2130,293,163,130,4570,2570,2000
03,036,kapurthala,Urban,13,4905,2807,2098,273,147,126,4632,2660,1972
03,036,kapurthala,Urban,14,5257,2989,2268,281,149,132,4976,2840,2136
03,036,kapurthala,Urban,15,5386,3066,2320,352,226,126,5034,2840,2194
03,036,kapurthala,Urban,16,5248,2981,2267,292,173,119,4956,2808,2148
03,036,kapurthala,Urban,17,5264,3051,2213,286,152,134,4978,2899,2079
03,036,kapurthala,Urban,18,6093,3407,2686,452,258,194,5641,3149,2492
03,036,kapurthala,Urban,19,5394,2995,2399,362,201,161,5032,2794,2238
03,036,kapurthala,Urban,20-24,27917,14998,12919,2361,1163,1198,25556,13835,11721
03,036,kapurthala,Urban,25-29,25994,13875,12119,2724,1232,1492,23270,12643,10627
03,036,kapurthala,Urban,30-34,22085,11811,10274,2919,1237,1682,19166,10574,8592
03,036,kapurthala,Urban,35-39,20823,10509,10314,3204,1336,1868,17619,9173,8446
03,036,kapurthala,Urban,40-44,19878,9945,9933,3396,1358,2038,16482,8587,7895
03,036,kapurthala,Urban,45-49,18643,9727,8916,3441,1377,2064,15202,8350,6852
03,036,kapurthala,Urban,50-54,15032,8022,7010,2925,1193,1732,12107,6829,5278
03,036,kapurthala,Urban,55-59,11344,6002,5342,2314,848,1466,9030,5154,3876
03,036,kapurthala,Urban,60-64,9409,4863,4546,2581,922,1659,6828,3941,2887
03,036,kapurthala,Urban,65-69,6151,3063,3088,2157,698,1459,3994,2365,1629
03,036,kapurthala,Urban,70-74,4550,2288,2262,1952,697,1255,2598,1591,1007
03,036,kapurthala,Urban,75-79,2403,1226,1177,1041,361,680,1362,865,497
03,036,kapurthala,Urban,80+,3355,1618,1737,1655,568,1087,1700,1050,650
03,036,kapurthala,Urban,Age not stated,384,219,165,91,48,43,293,171,122
03,037,jalandhar,Total,All ages,2193590,1145211,1048379,571053,262630,308423,1622537,882581,739956
03,037,jalandhar,Total,0-6,226302,120740,105562,226302,120740,105562,0,0,0
03,037,jalandhar,Total,7,36099,19471,16628,7603,4084,3519,28496,15387,13109
03,037,jalandhar,Total,8,35829,19567,16262,3786,2039,1747,32043,17528,14515
03,037,jalandhar,Total,9,35424,19708,15716,2493,1361,1132,32931,18347,14584
03,037,jalandhar,Total,10,40029,22446,17583,2847,1557,1290,37182,20889,16293
03,037,jalandhar,Total,11,37507,20941,16566,1835,963,872,35672,19978,15694
03,037,jalandhar,Total,12,38066,21208,16858,1956,1030,926,36110,20178,15932
03,037,jalandhar,Total,13,38693,21390,17303,1739,947,792,36954,20443,16511
03,037,jalandhar,Total,14,39590,22030,17560,1901,1028,873,37689,21002,16687
03,037,jalandhar,Total,15,41297,22998,18299,2342,1327,1015,38955,21671,17284
03,037,jalandhar,Total,16,41687,22943,18744,2269,1304,965,39418,21639,17779
03,037,jalandhar,Total,17,41135,22543,18592,2133,1226,907,39002,21317,17685
03,037,jalandhar,Total,18,47845,26622,21223,3214,1917,1297,44631,24705,19926
03,037,jalandhar,Total,19,42745,23304,19441,2478,1348,1130,40267,21956,18311
03,037,jalandhar,Total,20-24,219034,115162,103872,16869,8441,8428,202165,106721,95444
03,037,jalandhar,Total,25-29,197874,101215,96659,20514,9284,11230,177360,91931,85429
03,037,jalandhar,Total,30-34,170689,86548,84141,23044,9755,13289,147645,76793,70852
03,037,jalandhar,Total,35-39,164004,83009,80995,27342,11584,15758,136662,71425,65237
03,037,jalandhar,Total,40-44,147919,74007,73912,30076,12085,17991,117843,61922,55921
03,037,jalandhar,Total,45-49,133819,67687,66132,31169,12465,18704,102650,55222,47428
03,037,jalandhar,Total,50-54,109668,56890,52778,28691,11429,17262,80977,45461,35516
03,037,jalandhar,Total,55-59,83781,43375,40406,23194,8072,15122,60587,35303,25284
03,037,jalandhar,Total,60-64,77479,37922,39557,29855,9806,20049,47624,28116,19508
03,037,jalandhar,Total,65-69,54431,27384,27047,24810,8677,16133,29621,18707,10914
03,037,jalandhar,Total,70-74,40280,20388,19892,21606,8255,13351,18674,12133,6541
03,037,jalandhar,Total,75-79,21528,10848,10680,12099,4634,7465,9429,6214,3215
03,037,jalandhar,Total,80+,29282,13997,15285,18510,7084,11426,10772,6913,3859
03,037,jalandhar,Total,Age not stated,1554,868,686,376,188,188,1178,680,498
03,037,jalandhar,Rural,All ages,1032419,528790,503629,304285,135923,168362,728134,392867,335267
03,037,jalandhar,Rural,0-6,105196,55813,49383,105196,55813,49383,0,0,0
03,037,jalandhar,Rural,7,17210,9216,7994,3824,2098,1726,13386,7118,6268
03,037,jalandhar,Rural,8,17481,9521,7960,1800,1001,799,15681,8520,7161
03,037,jalandhar,Rural,9,17279,9531,7748,1109,611,498,16170,8920,7250
03,037,jalandhar,Rural,10,19148,10706,8442,1096,613,483,18052,10093,7959
03,037,jalandhar,Rural,11,18339,10197,8142,791,432,359,17548,9765,7783
03,037,jalandhar,Rural,12,18789,10395,8394,746,384,362,18043,10011,8032
03,037,jalandhar,Rural,13,19498,10716,8782,693,376,317,18805,10340,8465
03,037,jalandhar,Rural,14,19615,10835,8780,814,449,365,18801,10386,8415
03,037,jalandhar,Rural,15,20581,11283,9298,933,528,405,19648,10755,8893
03,037,jalandhar,Rural,16,20918,11345,9573,970,553,417,19948,10792,9156
03,037,jalandhar,Rural,17,20517,11060,9457,900,488,412,19617,10572,9045
03,037,jalandhar,Rural,18,23023,12529,10494,1265,703,562,21758,11826,9932
03,037,jalandhar,Rural,19,20280,10863,9417,1005,537,468,19275,10326,8949
03,037,jalandhar,Rural,20-24,99802,50875,48927,7106,3462,3644,92696,47413,45283
03,037,jalandhar,Rural,25-29,84705,41669,43036,8779,3900,4879,75926,37769,38157
03,037,jalandhar,Rural,30-34,74076,36372,37704,10899,4494,6405,63177,31878,31299
03,037,jalandhar,Rural,35-39,73771,36170,37601,14081,5767,8314,59690,30403,29287
03,037,jalandhar,Rural,40-44,69567,33792,35775,16761,6433,10328,52806,27359,25447
03,037,jalandhar,Rural,45-49,62697,31024,31673,18316,7007,11309,44381,24017,20364
03,037,jalandhar,Rural,50-54,50959,26180,24779,17793,6978,10815,33166,19202,13964
03,037,jalandhar,Rural,55-59,39343,19877,19466,15364,5304,10060,23979,14573,9406
03,037,jalandhar,Rural,60-64,39143,18580,20563,20436,6789,13647,18707,11791,6916
03,037,jalandhar,Rural,65-69,28955,14536,14419,17252,6354,10898,11703,8182,3521
03,037,jalandhar,Rural,70-74,22083,11207,10876,15013,6090,8923,7070,5117,1953
03,037,jalandhar,Rural,75-79,11852,5975,5877,8431,3477,4954,3421,2498,923
03,037,jalandhar,Rural,80+,16942,8156,8786,12749,5215,7534,4193,2941,1252
03,037,jalandhar,Rural,Age not stated,650,367,283,163,67,96,487,300,187
03,037,jalandhar,Urban,All ages,1161171,616421,544750,266768,126707,140061,894403,489714,404689
03,037,jalandhar,Urban,0-6,121106,64927,56179,121106,64927,56179,0,0,0
03,037,jalandhar,Urban,7,18889,10255,8634,3779,1986,1793,15110,8269,6841
03,037,jalandhar,Urban,8,18348,10046,8302,1986,1038,948,16362,9008,7354
03,037,jalandhar,Urban,9,18145,10177,7968,1384,750,634,16761,9427,7334
03,037,jalandhar,Urban,10,20881,11740,9141,1751,944,807,19130,10796,8334
03,037,jalandhar,Urban,11,19168,10744,8424,1044,531,513,18124,10213,7911
03,037,jalandhar,Urban,12,19277,10813,8464,1210,646,564,18067,10167,7900
03,037,jalandhar,Urban,13,19195,10674,8521,1046,571,475,18149,10103,8046
03,037,jalandhar,Urban,14,19975,11195,8780,1087,579,508,18888,10616,8272
03,037,jalandhar,Urban,15,20716,11715,9001,1409,799,610,19307,10916,8391
03,037,jalandhar,Urban,16,20769,11598,9171,1299,751,548,19470,10847,8623
03,037,jalandhar,Urban,17,20618,11483,9135,1233,738,495,19385,10745,8640
03,037,jalandhar,Urban,18,24822,14093,10729,1949,1214,735,22873,12879,9994
03,037,jalandhar,Urban,19,22465,12441,10024,1473,811,662,20992,11630,9362
03,037,jalandhar,Urban,20-24,119232,64287,54945,9763,4979,4784,109469,59308,50161
03,037,jalandhar,Urban,25-29,113169,59546,53623,11735,5384,6351,101434,54162,47272
03,037,jalandhar,Urban,30-34,96613,50176,46437,12145,5261,6884,84468,44915,39553
03,037,jalandhar,Urban,35-39,90233,46839,43394,13261,5817,7444,76972,41022,35950
03,037,jalandhar,Urban,40-44,78352,40215,38137,13315,5652,7663,65037,34563,30474
03,037,jalandhar,Urban,45-49,71122,36663,34459,12853,5458,7395,58269,31205,27064
03,037,jalandhar,Urban,50-54,58709,30710,27999,10898,4451,6447,47811,26259,21552
03,037,jalandhar,Urban,55-59,44438,23498,20940,7830,2768,5062,36608,20730,15878
03,037,jalandhar,Urban,60-64,38336,19342,18994,9419,3017,6402,28917,16325,12592
03,037,jalandhar,Urban,65-69,25476,12848,12628,7558,2323,5235,17918,10525,7393
03,037,jalandhar,Urban,70-74,18197,9181,9016,6593,2165,4428,11604,7016,4588
03,037,jalandhar,Urban,75-79,9676,4873,4803,3668,1157,2511,6008,3716,2292
03,037,jalandhar,Urban,80+,12340,5841,6499,5761,1869,3892,6579,3972,2607
03,037,jalandhar,Urban,Age not stated,904,501,403,213,121,92,691,380,311
03,038,hoshiarpur,Total,All ages,1586625,809057,777568,386926,171130,215796,1199699,637927,561772
03,038,hoshiarpur,Total,0-6,168331,90280,78051,168331,90280,78051,0,0,0
03,038,hoshiarpur,Total,7,27052,14609,12443,4860,2636,2224,22192,11973,10219
03,038,hoshiarpur,Total,8,27006,14671,12335,2520,1349,1171,24486,13322,11164
03,038,hoshiarpur,Total,9,26780,14899,11881,1644,887,757,25136,14012,11124
03,038,hoshiarpur,Total,10,29646,16531,13115,2133,1136,997,27513,15395,12118
03,038,hoshiarpur,Total,11,27718,15412,12306,1223,636,587,26495,14776,11719
03,038,hoshiarpur,Total,12,28441,15755,12686,1435,746,689,27006,15009,11997
03,038,hoshiarpur,Total,13,28940,16049,12891,1155,578,577,27785,15471,12314
03,038,hoshiarpur,Total,14,29189,15935,13254,1350,687,663,27839,15248,12591
03,038,hoshiarpur,Total,15,30852,16777,14075,1743,905,838,29109,15872,13237
03,038,hoshiarpur,Total,16,31745,17275,14470,1608,866,742,30137,16409,13728
03,038,hoshiarpur,Total,17,31196,17022,14174,1331,715,616,29865,16307,13558
03,038,hoshiarpur,Total,18,34560,18779,15781,1988,1097,891,32572,17682,14890
03,038,hoshiarpur,Total,19,31026,16733,14293,1384,763,621,29642,15970,13672
03,038,hoshiarpur,Total,20-24,150142,75478,74664,8727,4277,4450,141415,71201,70214
03,038,hoshiarpur,Total,25-29,129117,61377,67740,9851,4502,5349,119266,56875,62391
03,038,hoshiarpur,Total,30-34,114288,54635,59653,11043,4634,6409,103245,50001,53244
03,038,hoshiarpur,Total,35-39,110698,53045,57653,13506,5395,8111,97192,47650,49542
03,038,hoshiarpur,Total,40-44,102996,49738,53258,15179,5849,9330,87817,43889,43928
03,038,hoshiarpur,Total,45-49,94800,46677,48123,16093,5716,10377,78707,40961,37746
03,038,hoshiarpur,Total,50-54,80535,40922,39613,16370,5435,10935,64165,35487,28678
03,038,hoshiarpur,Total,55-59,64648,33693,30955,14743,4071,10672,49905,29622,20283
03,038,hoshiarpur,Total,60-64,60599,29708,30891,21603,5829,15774,38996,23879,15117
03,038,hoshiarpur,Total,65-69,43634,22181,21453,18894,5527,13367,24740,16654,8086
03,038,hoshiarpur,Total,70-74,33969,17098,16871,18318,6035,12283,15651,11063,4588
03,038,hoshiarpur,Total,75-79,18815,9536,9279,10838,3830,7008,7977,5706,2271
03,038,hoshiarpur,Total,80+,28471,13481,14990,18725,6608,12117,9746,6873,2873
03,038,hoshiarpur,Total,Age not stated,1431,761,670,331,141,190,1100,620,480
03,038,hoshiarpur,Rural,All ages,1251656,634470,617186,315821,137838,177983,935835,496632,439203
03,038,hoshiarpur,Rural,0-6,134056,71880,62176,134056,71880,62176,0,0,0
03,038,hoshiarpur,Rural,7,21655,11655,10000,3946,2132,1814,17709,9523,8186
03,038,hoshiarpur,Rural,8,21728,11805,9923,1943,1037,906,19785,10768,9017
03,038,hoshiarpur,Rural,9,21624,11973,9651,1264,672,592,20360,11301,9059
03,038,hoshiarpur,Rural,10,23783,13264,10519,1669,890,779,22114,12374,9740
03,038,hoshiarpur,Rural,11,22352,12422,9930,958,498,460,21394,11924,9470
03,038,hoshiarpur,Rural,12,22868,12686,10182,1087,563,524,21781,12123,9658
03,038,hoshiarpur,Rural,13,23484,12992,10492,898,449,449,22586,12543,10043
03,038,hoshiarpur,Rural,14,23468,12830,10638,1068,531,537,22400,12299,10101
03,038,hoshiarpur,Rural,15,24871,13394,11477,1363,681,682,23508,12713,10795
03,038,hoshiarpur,Rural,16,25627,13833,11794,1284,678,606,24343,13155,11188
03,038,hoshiarpur,Rural,17,25202,13661,11541,1032,533,499,24170,13128,11042
03,038,hoshiarpur,Rural,18,27471,14844,12627,1477,794,683,25994,14050,11944
03,038,hoshiarpur,Rural,19,24519,13094,11425,1032,563,469,23487,12531,10956
03,038,hoshiarpur,Rural,20-24,116900,58054,58846,6472,3133,3339,110428,54921,55507
03,038,hoshiarpur,Rural,25-29,98714,45951,52763,7332,3320,4012,91382,42631,48751
03,038,hoshiarpur,Rural,30-34,88140,41432,46708,8384,3465,4919,79756,37967,41789
03,038,hoshiarpur,Rural,35-39,86288,40924,45364,10490,4078,6412,75798,36846,38952
03,038,hoshiarpur,Rural,40-44,80890,38766,42124,12145,4567,7578,68745,34199,34546
03,038,hoshiarpur,Rural,45-49,73623,36230,37393,13199,4572,8627,60424,31658,28766
03,038,hoshiarpur,Rural,50-54,61807,31363,30444,13687,4402,9285,48120,26961,21159
03,038,hoshiarpur,Rural,55-59,49538,25672,23866,12573,3365,9208,36965,22307,14658
03,038,hoshiarpur,Rural,60-64,48128,23329,24799,18896,5051,13845,29232,18278,10954
03,038,hoshiarpur,Rural,65-69,35686,18125,17561,16723,4934,11789,18963,13191,5772
03,038,hoshiarpur,Rural,70-74,28222,14222,14000,16254,5433,10821,11968,8789,3179
03,038,hoshiarpur,Rural,75-79,15568,7886,7682,9658,3490,6168,5910,4396,1514
03,038,hoshiarpur,Rural,80+,24214,11539,12675,16651,6010,10641,7563,5529,2034
03,038,hoshiarpur,Rural,Age not stated,1230,644,586,280,117,163,950,527,423
03,038,hoshiarpur,Urban,All ages,334969,174587,160382,71105,33292,37813,263864,141295,122569
03,038,hoshiarpur,Urban,0-6,34275,18400,15875,34275,18400,15875,0,0,0
03,038,hoshiarpur,Urban,7,5397,2954,2443,914,504,410,4483,2450,2033
03,038,hoshiarpur,Urban,8,5278,2866,2412,577,312,265,4701,2554,2147
03,038,hoshiarpur,Urban,9,5156,2926,2230,380,215,165,4776,2711,2065
03,038,hoshiarpur,Urban,10,5863,3267,2596,464,246,218,5399,3021,2378
03,038,hoshiarpur,Urban,11,5366,2990,2376,265,138,127,5101,2852,2249
03,038,hoshiarpur,Urban,12,5573,3069,2504,348,183,165,5225,2886,2339
03,038,hoshiarpur,Urban,13,5456,3057,2399,257,129,128,5199,2928,2271
03,038,hoshiarpur,Urban,14,5721,3105,2616,282,156,126,5439,2949,2490
03,038,hoshiarpur,Urban,15,5981,3383,2598,380,224,156,5601,3159,2442
03,038,hoshiarpur,Urban,16,6118,3442,2676,324,188,136,5794,3254,2540
03,038,hoshiarpur,Urban,17,5994,3361,2633,299,182,117,5695,3179,2516
03,038,hoshiarpur,Urban,18,7089,3935,3154,511,303,208,6578,3632,2946
03,038,hoshiarpur,Urban,19,6507,3639,2868,352,200,152,6155,3439,2716
03,038,hoshiarpur,Urban,20-24,33242,17424,15818,2255,1144,1111,30987,16280,14707
03,038,hoshiarpur,Urban,25-29,30403,15426,14977,2519,1182,1337,27884,14244,13640
03,038,hoshiarpur,Urban,30-34,26148,13203,12945,2659,1169,1490,23489,12034,11455
03,038,hoshiarpur,Urban,35-39,24410,12121,12289,3016,1317,1699,21394,10804,10590
03,038,hoshiarpur,Urban,40-44,22106,10972,11134,3034,1282,1752,19072,9690,9382
03,038,hoshiarpur,Urban,45-49,21177,10447,10730,2894,1144,1750,18283,9303,8980
03,038,hoshiarpur,Urban,50-54,18728,9559,9169,2683,1033,1650,16045,8526,7519
03,038,hoshiarpur,Urban,55-59,15110,8021,7089,2170,706,1464,12940,7315,5625
03,038,hoshiarpur,Urban,60-64,12471,6379,6092,2707,778,1929,9764,5601,4163
03,038,hoshiarpur,Urban,65-69,7948,4056,3892,2171,593,1578,5777,3463,2314
03,038,hoshiarpur,Urban,70-74,5747,2876,2871,2064,602,1462,3683,2274,1409
03,038,hoshiarpur,Urban,75-79,3247,1650,1597,1180,340,840,2067,1310,757
03,038,hoshiarpur,Urban,80+,4257,1942,2315,2074,598,1476,2183,1344,839
03,038,hoshiarpur,Urban,Age not stated,201,117,84,51,24,27,150,93,57
03,039,shahid bhagat singh nagar,Total,All ages,612310,313291,299019,173851,74136,99715,438459,239155,199304
03,039,shahid bhagat singh nagar,Total,0-6,62719,33278,29441,62719,33278,29441,0,0,0
03,039,shahid bhagat singh nagar,Total,7,10176,5536,4640,1823,1002,821,8353,4534,3819
03,039,shahid bhagat singh nagar,Total,8,9817,5383,4434,864,460,404,8953,4923,4030
03,039,shahid bhagat singh nagar,Total,9,9825,5442,4383,642,341,301,9183,5101,4082
03,039,shahid bhagat singh nagar,Total,10,11333,6341,4992,843,456,387,10490,5885,4605
03,039,shahid bhagat singh nagar,Total,11,10592,5958,4634,527,257,270,10065,5701,4364
03,039,shahid bhagat singh nagar,Total,12,10427,5800,4627,450,244,206,9977,5556,4421
03,039,shahid bhagat singh nagar,Total,13,10999,5985,5014,418,198,220,10581,5787,4794
03,039,shahid bhagat singh nagar,Total,14,11311,6204,5107,410,205,205,10901,5999,4902
03,039,shahid bhagat singh nagar,Total,15,11774,6388,5386,552,321,231,11222,6067,5155
03,039,shahid bhagat singh nagar,Total,16,12421,6718,5703,535,280,255,11886,6438,5448
03,039,shahid bhagat singh nagar,Total,17,11796,6333,5463,499,292,207,11297,6041,5256
03,039,shahid bhagat singh nagar,Total,18,13201,7174,6027,663,390,273,12538,6784,5754
03,039,shahid bhagat singh nagar,Total,19,11987,6468,5519,527,285,242,11460,6183,5277
03,039,shahid bhagat singh nagar,Total,20-24,59848,30444,29404,3614,1789,1825,56234,28655,27579
03,039,shahid bhagat singh nagar,Total,25-29,50371,24646,25725,4501,1907,2594,45870,22739,23131
03,039,shahid bhagat singh nagar,Total,30-34,43785,21455,22330,5508,2107,3401,38277,19348,18929
03,039,shahid bhagat singh nagar,Total,35-39,42919,20944,21975,7123,2570,4553,35796,18374,17422
03,039,shahid bhagat singh nagar,Total,40-44,40028,19551,20477,8417,2834,5583,31611,16717,14894
03,039,shahid bhagat singh nagar,Total,45-49,36573,18025,18548,9518,3059,6459,27055,14966,12089
03,039,shahid bhagat singh nagar,Total,50-54,30704,15680,15024,9653,3170,6483,21051,12510,8541
03,039,shahid bhagat singh nagar,Total,55-59,23785,12440,11345,8266,2503,5763,15519,9937,5582
03,039,shahid bhagat singh nagar,Total,60-64,23381,11008,12373,11731,3396,8335,11650,7612,4038
03,039,shahid bhagat singh nagar,Total,65-69,17754,8917,8837,10327,3487,6840,7427,5430,1997
03,039,shahid bhagat singh nagar,Total,70-74,13872,6941,6931,9276,3538,5738,4596,3403,1193
03,039,shahid bhagat singh nagar,Total,75-79,7467,3714,3753,5294,2065,3229,2173,1649,524
03,039,shahid bhagat singh nagar,Total,80+,11347,5440,5907,8526,3437,5089,2821,2003,818
03,039,shahid bhagat singh nagar,Total,Age not stated,2098,1078,1020,625,265,360,1473,813,660
03,039,shahid bhagat singh nagar,Rural,All ages,486894,248118,238776,141299,59506,81793,345595,188612,156983
03,039,shahid bhagat singh nagar,Rural,0-6,49364,26208,23156,49364,26208,23156,0,0,0
03,039,shahid bhagat singh nagar,Rural,7,8048,4353,3695,1402,766,636,6646,3587,3059
03,039,shahid bhagat singh nagar,Rural,8,7806,4307,3499,618,336,282,7188,3971,3217
03,039,shahid bhagat singh nagar,Rural,9,7771,4285,3486,439,235,204,7332,4050,3282
03,039,shahid bhagat singh nagar,Rural,10,8871,4935,3936,546,297,249,8325,4638,3687
03,039,shahid bhagat singh nagar,Rural,11,8379,4696,3683,360,180,180,8019,4516,3503
03,039,shahid bhagat singh nagar,Rural,12,8331,4669,3662,286,154,132,8045,4515,3530
03,039,shahid bhagat singh nagar,Rural,13,8778,4762,4016,285,133,152,8493,4629,3864
03,039,shahid bhagat singh nagar,Rural,14,9008,4947,4061,283,129,154,8725,4818,3907
03,039,shahid bhagat singh nagar,Rural,15,9326,5011,4315,354,196,158,8972,4815,4157
03,039,shahid bhagat singh nagar,Rural,16,9915,5340,4575,362,184,178,9553,5156,4397
03,039,shahid bhagat singh nagar,Rural,17,9469,5038,4431,345,200,145,9124,4838,4286
03,039,shahid bhagat singh nagar,Rural,18,10476,5658,4818,436,252,184,10040,5406,4634
03,039,shahid bhagat singh nagar,Rural,19,9630,5202,4428,381,202,179,9249,5000,4249
03,039,shahid bhagat singh nagar,Rural,20-24,47144,23851,23293,2518,1259,1259,44626,22592,22034
03,039,shahid bhagat singh nagar,Rural,25-29,39255,19072,20183,3239,1364,1875,36016,17708,18308
03,039,shahid bhagat singh nagar,Rural,30-34,34342,16641,17701,4206,1561,2645,30136,15080,15056
03,039,shahid bhagat singh nagar,Rural,35-39,33949,16463,17486,5578,1932,3646,28371,14531,13840
03,039,shahid bhagat singh nagar,Rural,40-44,31740,15431,16309,6788,2207,4581,24952,13224,11728
03,039,shahid bhagat singh nagar,Rural,45-49,28844,14162,14682,7821,2462,5359,21023,11700,9323
03,039,shahid bhagat singh nagar,Rural,50-54,24093,12347,11746,8069,2620,5449,16024,9727,6297
03,039,shahid bhagat singh nagar,Rural,55-59,18697,9710,8987,7077,2117,4960,11620,7593,4027
03,039,shahid bhagat singh nagar,Rural,60-64,19177,8865,10312,10300,2943,7357,8877,5922,2955
03,039,shahid bhagat singh nagar,Rural,65-69,14913,7531,7382,9190,3164,6026,5723,4367,1356
03,039,shahid bhagat singh nagar,Rural,70-74,11705,5836,5869,8236,3181,5055,3469,2655,814
03,039,shahid bhagat singh nagar,Rural,75-79,6368,3166,3202,4724,1865,2859,1644,1301,343
03,039,shahid bhagat singh nagar,Rural,80+,9716,4709,5007,7563,3136,4427,2153,1573,580
03,039,shahid bhagat singh nagar,Rural,Age not stated,1779,923,856,529,223,306,1250,700,550
03,039,shahid bhagat singh nagar,Urban,All ages,125416,65173,60243,32552,14630,17922,92864,50543,42321
03,039,shahid bhagat singh nagar,Urban,0-6,13355,7070,6285,13355,7070,6285,0,0,0
03,039,shahid bhagat singh nagar,Urban,7,2128,1183,945,421,236,185,1707,947,760
03,039,shahid bhagat singh nagar,Urban,8,2011,1076,935,246,124,122,1765,952,813
03,039,shahid bhagat singh nagar,Urban,9,2054,1157,897,203,106,97,1851,1051,800
03,039,shahid bhagat singh nagar,Urban,10,2462,1406,1056,297,159,138,2165,1247,918
03,039,shahid bhagat singh nagar,Urban,11,2213,1262,951,167,77,90,2046,1185,861
03,039,shahid bhagat singh nagar,Urban,12,2096,1131,965,164,90,74,1932,1041,891
03,039,shahid bhagat singh nagar,Urban,13,2221,1223,998,133,65,68,2088,1158,930
03,039,shahid bhagat singh nagar,Urban,14,2303,1257,1046,127,76,51,2176,1181,995
03,039,shahid bhagat singh nagar,Urban,15,2448,1377,1071,198,125,73,2250,1252,998
03,039,shahid bhagat singh nagar,Urban,16,2506,1378,1128,173,96,77,2333,1282,1051
03,039,shahid bhagat singh nagar,Urban,17,2327,1295,1032,154,92,62,2173,1203,970
03,039,shahid bhagat singh nagar,Urban,18,2725,1516,1209,227,138,89,2498,1378,1120
03,039,shahid bhagat singh nagar,Urban,19,2357,1266,1091,146,83,63,2211,1183,1028
03,039,shahid bhagat singh nagar,Urban,20-24,12704,6593,6111,1096,530,566,11608,6063,5545
03,039,shahid bhagat singh nagar,Urban,25-29,11116,5574,5542,1262,543,719,9854,5031,4823
03,039,shahid bhagat singh nagar,Urban,30-34,9443,4814,4629,1302,546,756,8141,4268,3873
03,039,shahid bhagat singh nagar,Urban,35-39,8970,4481,4489,1545,638,907,7425,3843,3582
03,039,shahid bhagat singh nagar,Urban,40-44,8288,4120,4168,1629,627,1002,6659,3493,3166
03,039,shahid bhagat singh nagar,Urban,45-49,7729,3863,3866,1697,597,1100,6032,3266,2766
03,039,shahid bhagat singh nagar,Urban,50-54,6611,3333,3278,1584,550,1034,5027,2783,2244
03,039,shahid bhagat singh nagar,Urban,55-59,5088,2730,2358,1189,386,803,3899,2344,1555
03,039,shahid bhagat singh nagar,Urban,60-64,4204,2143,2061,1431,453,978,2773,1690,1083
03,039,shahid bhagat singh nagar,Urban,65-69,2841,1386,1455,1137,323,814,1704,1063,641
03,039,shahid bhagat singh nagar,Urban,70-74,2167,1105,1062,1040,357,683,1127,748,379
03,039,shahid bhagat singh nagar,Urban,75-79,1099,548,551,570,200,370,529,348,181
03,039,shahid bhagat singh nagar,Urban,80+,1631,731,900,963,301,662,668,430,238
03,039,shahid bhagat singh nagar,Urban,Age not stated,319,155,164,96,42,54,223,113,110
03,040,fatehgarh sahib,Total,All ages,600163,320795,279368,174130,82099,92031,426033,238696,187337
03,040,fatehgarh sahib,Total,0-6,63271,34340,28931,63271,34340,28931,0,0,0
03,040,fatehgarh sahib,Total,7,9978,5311,4667,2123,1095,1028,7855,4216,3639
03,040,fatehgarh sahib,Total,8,9648,5342,4306,978,533,445,8670,4809,3861
03,040,fatehgarh sahib,Total,9,9458,5442,4016,630,346,284,8828,5096,3732
03,040,fatehgarh sahib,Total,10,10790,6235,4555,782,446,336,10008,5789,4219
03,040,fatehgarh sahib,Total,11,10155,5737,4418,514,290,224,9641,5447,4194
03,040,fatehgarh sahib,Total,12,10329,5844,4485,536,287,249,9793,5557,4236
03,040,fatehgarh sahib,Total,13,10580,6002,4578,437,211,226,10143,5791,4352
03,040,fatehgarh sahib,Total,14,10877,6166,4711,457,229,228,10420,5937,4483
03,040,fatehgarh sahib,Total,15,11382,6514,4868,628,382,246,10754,6132,4622
03,040,fatehgarh sahib,Total,16,11475,6503,4972,553,321,232,10922,6182,4740
03,040,fatehgarh sahib,Total,17,11402,6408,4994,558,332,226,10844,6076,4768
03,040,fatehgarh sahib,Total,18,13269,7516,5753,802,492,310,12467,7024,5443
03,040,fatehgarh sahib,Total,19,11918,6766,5152,686,413,273,11232,6353,4879
03,040,fatehgarh sahib,Total,20-24,61146,32752,28394,4739,2470,2269,56407,30282,26125
03,040,fatehgarh sahib,Total,25-29,55340,29049,26291,6049,2830,3219,49291,26219,23072
03,040,fatehgarh sahib,Total,30-34,46899,24476,22423,7048,3070,3978,39851,21406,18445
03,040,fatehgarh sahib,Total,35-39,44101,22789,21312,8984,3741,5243,35117,19048,16069
03,040,fatehgarh sahib,Total,40-44,39859,20459,19400,9665,3987,5678,30194,16472,13722
03,040,fatehgarh sahib,Total,45-49,35922,18888,17034,9969,4073,5896,25953,14815,11138
03,040,fatehgarh sahib,Total,50-54,27642,14767,12875,8951,3752,5199,18691,11015,7676
03,040,fatehgarh sahib,Total,55-59,20618,10661,9957,7557,2750,4807,13061,7911,5150
03,040,fatehgarh sahib,Total,60-64,21515,10345,11170,10949,3888,7061,10566,6457,4109
03,040,fatehgarh sahib,Total,65-69,15879,8305,7574,9324,3773,5551,6555,4532,2023
03,040,fatehgarh sahib,Total,70-74,11272,6053,5219,7433,3269,4164,3839,2784,1055
03,040,fatehgarh sahib,Total,75-79,5865,3102,2763,4101,1836,2265,1764,1266,498
03,040,fatehgarh sahib,Total,80+,8237,4305,3932,6040,2772,3268,2197,1533,664
03,040,fatehgarh sahib,Total,Age not stated,1336,718,618,366,171,195,970,547,423
03,040,fatehgarh sahib,Rural,All ages,414681,220050,194631,126341,59128,67213,288340,160922,127418
03,040,fatehgarh sahib,Rural,0-6,42785,23310,19475,42785,23310,19475,0,0,0
03,040,fatehgarh sahib,Rural,7,6836,3644,3192,1354,716,638,5482,2928,2554
03,040,fatehgarh sahib,Rural,8,6593,3629,2964,587,324,263,6006,3305,2701
03,040,fatehgarh sahib,Rural,9,6526,3775,2751,361,206,155,6165,3569,2596
03,040,fatehgarh sahib,Rural,10,7369,4272,3097,468,266,202,6901,4006,2895
03,040,fatehgarh sahib,Rural,11,7048,3990,3058,318,185,133,6730,3805,2925
03,040,fatehgarh sahib,Rural,12,7045,4017,3028,283,160,123,6762,3857,2905
03,040,fatehgarh sahib,Rural,13,7408,4171,3237,265,135,130,7143,4036,3107
03,040,fatehgarh sahib,Rural,14,7566,4312,3254,267,143,124,7299,4169,3130
03,040,fatehgarh sahib,Rural,15,7854,4472,3382,364,220,144,7490,4252,3238
03,040,fatehgarh sahib,Rural,16,8145,4573,3572,325,183,142,7820,4390,3430
03,040,fatehgarh sahib,Rural,17,8076,4498,3578,347,197,150,7729,4301,3428
03,040,fatehgarh sahib,Rural,18,9236,5111,4125,452,271,181,8784,4840,3944
03,040,fatehgarh sahib,Rural,19,8316,4657,3659,409,246,163,7907,4411,3496
03,040,fatehgarh sahib,Rural,20-24,41524,21808,19716,2765,1415,1350,38759,20393,18366
03,040,fatehgarh sahib,Rural,25-29,36708,19024,17684,3591,1658,1933,33117,17366,15751
03,040,fatehgarh sahib,Rural,30-34,31304,16086,15218,4593,1952,2641,26711,14134,12577
03,040,fatehgarh sahib,Rural,35-39,29969,15261,14708,6328,2555,3773,23641,12706,10935
03,040,fatehgarh sahib,Rural,40-44,27560,13976,13584,7283,2956,4327,20277,11020,9257
03,040,fatehgarh sahib,Rural,45-49,24970,13124,11846,7734,3148,4586,17236,9976,7260
03,040,fatehgarh sahib,Rural,50-54,19021,10089,8932,7117,2945,4172,11904,7144,4760
03,040,fatehgarh sahib,Rural,55-59,14034,7191,6843,6091,2242,3849,7943,4949,2994
03,040,fatehgarh sahib,Rural,60-64,15837,7498,8339,9204,3327,5877,6633,4171,2462
03,040,fatehgarh sahib,Rural,65-69,12345,6486,5859,7998,3354,4644,4347,3132,1215
03,040,fatehgarh sahib,Rural,70-74,8728,4749,3979,6286,2854,3432,2442,1895,547
03,040,fatehgarh sahib,Rural,75-79,4505,2417,2088,3445,1624,1821,1060,793,267
03,040,fatehgarh sahib,Rural,80+,6461,3427,3034,5059,2413,2646,1402,1014,388
03,040,fatehgarh sahib,Rural,Age not stated,912,483,429,262,123,139,650,360,290
03,040,fatehgarh sahib,Urban,All ages,185482,100745,84737,47789,22971,24818,137693,77774,59919
03,040,fatehgarh sahib,Urban,0-6,20486,11030,9456,20486,11030,9456,0,0,0
03,040,fatehgarh sahib,Urban,7,3142,1667,1475,769,379,390,2373,1288,1085
03,040,fatehgarh sahib,Urban,8,3055,1713,1342,391,209,182,2664,1504,1160
03,040,fatehgarh sahib,Urban,9,2932,1667,1265,269,140,129,2663,1527,1136
03,040,fatehgarh sahib,Urban,10,3421,1963,1458,314,180,134,3107,1783,1324
03,040,fatehgarh sahib,Urban,11,3107,1747,1360,196,105,91,2911,1642,1269
03,040,fatehgarh sahib,Urban,12,3284,1827,1457,253,127,126,3031,1700,1331
03,040,fatehgarh sahib,Urban,13,3172,1831,1341,172,76,96,3000,1755,1245
03,040,fatehgarh sahib,Urban,14,3311,1854,1457,190,86,104,3121,1768,1353
03,040,fatehgarh sahib,Urban,15,3528,2042,1486,264,162,102,3264,1880,1384
03,040,fatehgarh sahib,Urban,16,3330,1930,1400,228,138,90,3102,1792,1310
03,040,fatehgarh sahib,Urban,17,3326,1910,1416,211,135,76,3115,1775,1340
03,040,fatehgarh sahib,Urban,18,4033,2405,1628,350,221,129,3683,2184,1499
03,040,fatehgarh sahib,Urban,19,3602,2109,1493,277,167,110,3325,1942,1383
03,040,fatehgarh sahib,Urban,20-24,19622,10944,8678,1974,1055,919,17648,9889,7759
03,040,fatehgarh sahib,Urban,25-29,18632,10025,8607,2458,1172,1286,16174,8853,7321
03,040,fatehgarh sahib,Urban,30-34,15595,8390,7205,2455,1118,1337,13140,7272,5868
03,040,fatehgarh sahib,Urban,35-39,14132,7528,6604,2656,1186,1470,11476,6342,5134
03,040,fatehgarh sahib,Urban,40-44,12299,6483,5816,2382,1031,1351,9917,5452,4465
03,040,fatehgarh sahib,Urban,45-49,10952,5764,5188,2235,925,1310,8717,4839,3878
03,040,fatehgarh sahib,Urban,50-54,8621,4678,3943,1834,807,1027,6787,3871,2916
03,040,fatehgarh sahib,Urban,55-59,6584,3470,3114,1466,508,958,5118,2962,2156
03,040,fatehgarh sahib,Urban,60-64,5678,2847,2831,1745,561,1184,3933,2286,1647
03,040,fatehgarh sahib,Urban,65-69,3534,1819,1715,1326,419,907,2208,1400,808
03,040,fatehgarh sahib,Urban,70-74,2544,1304,1240,1147,415,732,1397,889,508
03,040,fatehgarh sahib,Urban,75-79,1360,685,675,656,212,444,704,473,231
03,040,fatehgarh sahib,Urban,80+,1776,878,898,981,359,622,795,519,276
03,040,fatehgarh sahib,Urban,Age not stated,424,235,189,104,48,56,320,187,133
03,041,ludhiana,Total,All ages,3498739,1867816,1630923,938514,439468,499046,2560225,1428348,1131877
03,041,ludhiana,Total,0-6,384114,206502,177612,384114,206502,177612,0,0,0
03,041,ludhiana,Total,7,60221,32348,27873,13704,7211,6493,46517,25137,21380
03,041,ludhiana,Total,8,59824,32681,27143,7439,3854,3585,52385,28827,23558
03,041,ludhiana,Total,9,58098,32246,25852,5394,2740,2654,52704,29506,23198
03,041,ludhiana,Total,10,68382,38335,30047,6297,3384,2913,62085,34951,27134
03,041,ludhiana,Total,11,60856,34015,26841,4132,2198,1934,56724,31817,24907
03,041,ludhiana,Total,12,62960,34950,28010,4137,2181,1956,58823,32769,26054
03,041,ludhiana,Total,13,61704,34245,27459,3634,1800,1834,58070,32445,25625
03,041,ludhiana,Total,14,64039,35457,28582,3881,2014,1867,60158,33443,26715
03,041,ludhiana,Total,15,67009,37486,29523,4827,2655,2172,62182,34831,27351
03,041,ludhiana,Total,16,66589,37380,29209,4692,2600,2092,61897,34780,27117
03,041,ludhiana,Total,17,65130,36878,28252,4209,2370,1839,60921,34508,26413
03,041,ludhiana,Total,18,76015,43883,32132,6262,3647,2615,69753,40236,29517
03,041,ludhiana,Total,19,67298,38109,29189,4845,2665,2180,62453,35444,27009
03,041,ludhiana,Total,20-24,351563,190246,161317,33294,15881,17413,318269,174365,143904
03,041,ludhiana,Total,25-29,327726,171965,155761,40434,17201,23233,287292,154764,132528
03,041,ludhiana,Total,30-34,282330,146677,135653,43734,17219,26515,238596,129458,109138
03,041,ludhiana,Total,35-39,263984,137441,126543,50108,19869,30239,213876,117572,96304
03,041,ludhiana,Total,40-44,227941,118022,109919,48973,19732,29241,178968,98290,80678
03,041,ludhiana,Total,45-49,205791,107637,98154,47476,19158,28318,158315,88479,69836
03,041,ludhiana,Total,50-54,163750,86954,76796,40308,16822,23486,123442,70132,53310
03,041,ludhiana,Total,55-59,125712,65573,60139,32710,12010,20700,93002,53563,39439
03,041,ludhiana,Total,60-64,116959,58498,58461,42112,15071,27041,74847,43427,31420
03,041,ludhiana,Total,65-69,80730,42515,38215,33571,12917,20654,47159,29598,17561
03,041,ludhiana,Total,70-74,56555,30059,26496,27959,11560,16399,28596,18499,10097
03,041,ludhiana,Total,75-79,30131,15801,14330,15430,6187,9243,14701,9614,5087
03,041,ludhiana,Total,80+,40421,20143,20278,24104,9649,14455,16317,10494,5823
03,041,ludhiana,Total,Age not stated,2907,1770,1137,734,371,363,2173,1399,774
03,041,ludhiana,Rural,All ages,1429031,753444,675587,426962,196148,230814,1002069,557296,444773
03,041,ludhiana,Rural,0-6,148970,80113,68857,148970,80113,68857,0,0,0
03,041,ludhiana,Rural,7,23720,12728,10992,5002,2622,2380,18718,10106,8612
03,041,ludhiana,Rural,8,23898,12940,10958,2456,1277,1179,21442,11663,9779
03,041,ludhiana,Rural,9,23702,13267,10435,1639,903,736,22063,12364,9699
03,041,ludhiana,Rural,10,26939,14884,12055,1871,1003,868,25068,13881,11187
03,041,ludhiana,Rural,11,24961,13943,11018,1245,700,545,23716,13243,10473
03,041,ludhiana,Rural,12,25840,14327,11513,1193,647,546,24647,13680,10967
03,041,ludhiana,Rural,13,26045,14421,11624,1185,597,588,24860,13824,11036
03,041,ludhiana,Rural,14,27071,14917,12154,1249,649,600,25822,14268,11554
03,041,ludhiana,Rural,15,28206,15454,12752,1620,871,749,26586,14583,12003
03,041,ludhiana,Rural,16,28473,15764,12709,1628,879,749,26845,14885,11960
03,041,ludhiana,Rural,17,27934,15617,12317,1436,806,630,26498,14811,11687
03,041,ludhiana,Rural,18,31182,17362,13820,2133,1205,928,29049,16157,12892
03,041,ludhiana,Rural,19,27688,15230,12458,1623,856,767,26065,14374,11691
03,041,ludhiana,Rural,20-24,140009,74181,65828,11914,5722,6192,128095,68459,59636
03,041,ludhiana,Rural,25-29,123993,64260,59733,14697,6404,8293,109296,57856,51440
03,041,ludhiana,Rural,30-34,107221,55074,52147,17618,6955,10663,89603,48119,41484
03,041,ludhiana,Rural,35-39,100282,51481,48801,21727,8544,13183,78555,42937,35618
03,041,ludhiana,Rural,40-44,91800,46224,45576,23693,9297,14396,68107,36927,31180
03,041,ludhiana,Rural,45-49,84328,43268,41060,24695,9673,15022,59633,33595,26038
03,041,ludhiana,Rural,50-54,68542,35974,32568,22872,9464,13408,45670,26510,19160
03,041,ludhiana,Rural,55-59,53488,27607,25881,19669,7393,12276,33819,20214,13605
03,041,ludhiana,Rural,60-64,55246,26740,28506,27525,9962,17563,27721,16778,10943
03,041,ludhiana,Rural,65-69,41053,21740,19313,22967,9367,13600,18086,12373,5713
03,041,ludhiana,Rural,70-74,29368,15789,13579,18892,8311,10581,10476,7478,2998
03,041,ludhiana,Rural,75-79,15369,8096,7273,10534,4586,5948,4835,3510,1325
03,041,ludhiana,Rural,80+,22493,11270,11223,16599,7191,9408,5894,4079,1815
03,041,ludhiana,Rural,Age not stated,1210,773,437,310,151,159,900,622,278
03,041,ludhiana,Urban,All ages,2069708,1114372,955336,511552,243320,268232,1558156,871052,687104
03,041,ludhiana,Urban,0-6,235144,126389,108755,235144,126389,108755,0,0,0
03,041,ludhiana,Urban,7,36501,19620,16881,8702,4589,4113,27799,15031,12768
03,041,ludhiana,Urban,8,35926,19741,16185,4983,2577,2406,30943,17164,13779
03,041,ludhiana,Urban,9,34396,18979,15417,3755,1837,1918,30641,17142,13499
03,041,ludhiana,Urban,10,41443,23451,17992,4426,2381,2045,37017,21070,15947
03,041,ludhiana,Urban,11,35895,20072,15823,2887,1498,1389,33008,18574,14434
03,041,ludhiana,Urban,12,37120,20623,16497,2944,1534,1410,34176,19089,15087
03,041,ludhiana,Urban,13,35659,19824,15835,2449,1203,1246,33210,18621,14589
03,041,ludhiana,Urban,14,36968,20540,16428,2632,1365,1267,34336,19175,15161
03,041,ludhiana,Urban,15,38803,22032,16771,3207,1784,1423,35596,20248,15348
03,041,ludhiana,Urban,16,38116,21616,16500,3064,1721,1343,35052,19895,15157
03,041,ludhiana,Urban,17,37196,21261,15935,2773,1564,1209,34423,19697,14726
03,041,ludhiana,Urban,18,44833,26521,18312,4129,2442,1687,40704,24079,16625
03,041,ludhiana,Urban,19,39610,22879,16731,3222,1809,1413,36388,21070,15318
03,041,ludhiana,Urban,20-24,211554,116065,95489,21380,10159,11221,190174,105906,84268
03,041,ludhiana,Urban,25-29,203733,107705,96028,25737,10797,14940,177996,96908,81088
03,041,ludhiana,Urban,30-34,175109,91603,83506,26116,10264,15852,148993,81339,67654
03,041,ludhiana,Urban,35-39,163702,85960,77742,28381,11325,17056,135321,74635,60686
03,041,ludhiana,Urban,40-44,136141,71798,64343,25280,10435,14845,110861,61363,49498
03,041,ludhiana,Urban,45-49,121463,64369,57094,22781,9485,13296,98682,54884,43798
03,041,ludhiana,Urban,50-54,95208,50980,44228,17436,7358,10078,77772,43622,34150
03,041,ludhiana,Urban,55-59,72224,37966,34258,13041,4617,8424,59183,33349,25834
03,041,ludhiana,Urban,60-64,61713,31758,29955,14587,5109,9478,47126,26649,20477
03,041,ludhiana,Urban,65-69,39677,20775,18902,10604,3550,7054,29073,17225,11848
03,041,ludhiana,Urban,70-74,27187,14270,12917,9067,3249,5818,18120,11021,7099
03,041,ludhiana,Urban,75-79,14762,7705,7057,4896,1601,3295,9866,6104,3762
03,041,ludhiana,Urban,80+,17928,8873,9055,7505,2458,5047,10423,6415,4008
03,041,ludhiana,Urban,Age not stated,1697,997,700,424,220,204,1273,777,496
03,042,moga,Total,All ages,995746,525920,469826,367857,177371,190486,627889,348549,279340
03,042,moga,Total,0-6,107336,57694,49642,107336,57694,49642,0,0,0
03,042,moga,Total,7,18026,9764,8262,4310,2309,2001,13716,7455,6261
03,042,moga,Total,8,15971,8678,7293,1910,1026,884,14061,7652,6409
03,042,moga,Total,9,17301,9596,7705,1793,966,827,15508,8630,6878
03,042,moga,Total,10,19737,11038,8699,2231,1195,1036,17506,9843,7663
03,042,moga,Total,11,18133,10055,8078,1570,829,741,16563,9226,7337
03,042,moga,Total,12,18143,9970,8173,1388,763,625,16755,9207,7548
03,042,moga,Total,13,18240,9865,8375,1460,807,653,16780,9058,7722
03,042,moga,Total,14,18624,10287,8337,1596,871,725,17028,9416,7612
03,042,moga,Total,15,19677,10869,8808,2054,1154,900,17623,9715,7908
03,042,moga,Total,16,19877,11020,8857,2066,1182,884,17811,9838,7973
03,042,moga,Total,17,19229,10617,8612,1881,1120,761,17348,9497,7851
03,042,moga,Total,18,21414,12006,9408,2696,1625,1071,18718,10381,8337
03,042,moga,Total,19,19690,10909,8781,2246,1284,962,17444,9625,7819
03,042,moga,Total,20-24,98637,52954,45683,14601,7543,7058,84036,45411,38625
03,042,moga,Total,25-29,85373,44565,40808,17071,7968,9103,68302,36597,31705
03,042,moga,Total,30-34,73146,37850,35296,19772,8692,11080,53374,29158,24216
03,042,moga,Total,35-39,67296,34489,32807,22712,10011,12701,44584,24478,20106
03,042,moga,Total,40-44,62309,31479,30830,23229,10191,13038,39080,21288,17792
03,042,moga,Total,45-49,56075,28868,27207,22283,10049,12234,33792,18819,14973
03,042,moga,Total,50-54,44806,23739,21067,19316,8993,10323,25490,14746,10744
03,042,moga,Total,55-59,34218,17480,16738,15179,6215,8964,19039,11265,7774
03,042,moga,Total,60-64,38564,17961,20603,22764,8665,14099,15800,9296,6504
03,042,moga,Total,65-69,31303,16963,14340,20309,9509,10800,10994,7454,3540
03,042,moga,Total,70-74,20451,11265,9186,14582,7238,7344,5869,4027,1842
03,042,moga,Total,75-79,9972,5132,4840,7348,3315,4033,2624,1817,807
03,042,moga,Total,80+,15454,7360,8094,11931,5100,6831,3523,2260,1263
03,042,moga,Total,Age not stated,6744,3447,3297,2223,1057,1166,4521,2390,2131
03,042,moga,Rural,All ages,768500,405704,362796,300497,144979,155518,468003,260725,207278
03,042,moga,Rural,0-6,82614,44351,38263,82614,44351,38263,0,0,0
03,042,moga,Rural,7,13902,7531,6371,3291,1761,1530,10611,5770,4841
03,042,moga,Rural,8,12371,6683,5688,1436,786,650,10935,5897,5038
03,042,moga,Rural,9,13642,7543,6099,1336,723,613,12306,6820,5486
03,042,moga,Rural,10,15315,8520,6795,1614,864,750,13701,7656,6045
03,042,moga,Rural,11,14052,7782,6270,1137,607,530,12915,7175,5740
03,042,moga,Rural,12,14095,7721,6374,1016,544,472,13079,7177,5902
03,042,moga,Rural,13,14296,7670,6626,1079,602,477,13217,7068,6149
03,042,moga,Rural,14,14549,7995,6554,1205,672,533,13344,7323,6021
03,042,moga,Rural,15,15291,8490,6801,1553,872,681,13738,7618,6120
03,042,moga,Rural,16,15586,8626,6960,1555,892,663,14031,7734,6297
03,042,moga,Rural,17,15077,8270,6807,1456,867,589,13621,7403,6218
03,042,moga,Rural,18,16577,9214,7363,2025,1221,804,14552,7993,6559
03,042,moga,Rural,19,15298,8469,6829,1776,1032,744,13522,7437,6085
03,042,moga,Rural,20-24,75554,40517,35037,11555,5993,5562,63999,34524,29475
03,042,moga,Rural,25-29,64173,33522,30651,13614,6341,7273,50559,27181,23378
03,042,moga,Rural,30-34,55244,28508,26736,16285,7159,9126,38959,21349,17610
03,042,moga,Rural,35-39,51057,26109,24948,18863,8355,10508,32194,17754,14440
03,042,moga,Rural,40-44,47690,24091,23599,19473,8568,10905,28217,15523,12694
03,042,moga,Rural,45-49,42594,21950,20644,18677,8475,10202,23917,13475,10442
03,042,moga,Rural,50-54,33868,18046,15822,16414,7706,8708,17454,10340,7114
03,042,moga,Rural,55-59,25734,13197,12537,13058,5447,7611,12676,7750,4926
03,042,moga,Rural,60-64,30685,14108,16577,19901,7627,12274,10784,6481,4303
03,042,moga,Rural,65-69,26007,14259,11748,18067,8630,9437,7940,5629,2311
03,042,moga,Rural,70-74,16827,9396,7431,12790,6473,6317,4037,2923,1114
03,042,moga,Rural,75-79,8158,4246,3912,6455,3005,3450,1703,1241,462
03,042,moga,Rural,80+,12918,6181,6737,10423,4551,5872,2495,1630,865
03,042,moga,Rural,Age not stated,5326,2709,2617,1829,855,974,3497,1854,1643
03,042,moga,Urban,All ages,227246,120216,107030,67360,32392,34968,159886,87824,72062
03,042,moga,Urban,0-6,24722,13343,11379,24722,13343,11379,0,0,0
03,042,moga,Urban,7,4124,2233,1891,1019,548,471,3105,1685,1420
03,042,moga,Urban,8,3600,1995,1605,474,240,234,3126,1755,1371
03,042,moga,Urban,9,3659,2053,1606,457,243,214,3202,1810,1392
03,042,moga,Urban,10,4422,2518,1904,617,331,286,3805,2187,1618
03,042,moga,Urban,11,4081,2273,1808,433,222,211,3648,2051,1597
03,042,moga,Urban,12,4048,2249,1799,372,219,153,3676,2030,1646
03,042,moga,Urban,13,3944,2195,1749,381,205,176,3563,1990,1573
03,042,moga,Urban,14,4075,2292,1783,391,199,192,3684,2093,1591
03,042,moga,Urban,15,4386,2379,2007,501,282,219,3885,2097,1788
03,042,moga,Urban,16,4291,2394,1897,511,290,221,3780,2104,1676
03,042,moga,Urban,17,4152,2347,1805,425,253,172,3727,2094,1633
03,042,moga,Urban,18,4837,2792,2045,671,404,267,4166,2388,1778
03,042,moga,Urban,19,4392,2440,1952,470,252,218,3922,2188,1734
03,042,moga,Urban,20-24,23083,12437,10646,3046,1550,1496,20037,10887,9150
03,042,moga,Urban,25-29,21200,11043,10157,3457,1627,1830,17743,9416,8327
03,042,moga,Urban,30-34,17902,9342,8560,3487,1533,1954,14415,7809,6606
03,042,moga,Urban,35-39,16239,8380,7859,3849,1656,2193,12390,6724,5666
03,042,moga,Urban,40-44,14619,7388,7231,3756,1623,2133,10863,5765,5098
03,042,moga,Urban,45-49,13481,6918,6563,3606,1574,2032,9875,5344,4531
03,042,moga,Urban,50-54,10938,5693,5245,2902,1287,1615,8036,4406,3630
03,042,moga,Urban,55-59,8484,4283,4201,2121,768,1353,6363,3515,2848
03,042,moga,Urban,60-64,7879,3853,4026,2863,1038,1825,5016,2815,2201
03,042,moga,Urban,65-69,5296,2704,2592,2242,879,1363,3054,1825,1229
03,042,moga,Urban,70-74,3624,1869,1755,1792,765,1027,1832,1104,728
03,042,moga,Urban,75-79,1814,886,928,893,310,583,921,576,345
03,042,moga,Urban,80+,2536,1179,1357,1508,549,959,1028,630,398
03,042,moga,Urban,Age not stated,1418,738,680,394,202,192,1024,536,488
03,043,firozpur,Total,All ages,2029074,1071637,957437,801563,364567,436996,1227511,707070,520441
03,043,firozpur,Total,0-6,248103,134319,113784,248103,134319,113784,0,0,0
03,043,firozpur,Total,7,38056,20785,17271,9844,5235,4609,28212,15550,12662
03,043,firozpur,Total,8,39571,21695,17876,5555,2950,2605,34016,18745,15271
03,043,firozpur,Total,9,35204,19500,15704,3470,1774,1696,31734,17726,14008
03,043,firozpur,Total,10,43891,24677,19214,4610,2434,2176,39281,22243,17038
03,043,firozpur,Total,11,37251,20913,16338,2965,1555,1410,34286,19358,14928
03,043,firozpur,Total,12,42883,23559,19324,3724,1912,1812,39159,21647,17512
03,043,firozpur,Total,13,40022,21748,18274,3392,1675,1717,36630,20073,16557
03,043,firozpur,Total,14,42089,22897,19192,3845,1909,1936,38244,20988,17256
03,043,firozpur,Total,15,44601,24613,19988,5126,2646,2480,39475,21967,17508
03,043,firozpur,Total,16,45185,24555,20630,5095,2548,2547,40090,22007,18083
03,043,firozpur,Total,17,39865,21954,17911,4290,2196,2094,35575,19758,15817
03,043,firozpur,Total,18,51412,28517,22895,7661,3861,3800,43751,24656,19095
03,043,firozpur,Total,19,37431,20135,17296,4669,2108,2561,32762,18027,14735
03,043,firozpur,Total,20-24,206863,108332,98531,36262,15247,21015,170601,93085,77516
03,043,firozpur,Total,25-29,179343,94003,85340,41767,15965,25802,137576,78038,59538
03,043,firozpur,Total,30-34,152925,79541,73384,48113,18180,29933,104812,61361,43451
03,043,firozpur,Total,35-39,138808,71024,67784,54137,21138,32999,84671,49886,34785
03,043,firozpur,Total,40-44,125273,64599,60674,54431,22047,32384,70842,42552,28290
03,043,firozpur,Total,45-49,108453,56624,51829,49978,20529,29449,58475,36095,22380
03,043,firozpur,Total,50-54,81324,43826,37498,40026,17668,22358,41298,26158,15140
03,043,firozpur,Total,55-59,59324,29064,30260,31273,11285,19988,28051,17779,10272
03,043,firozpur,Total,60-64,68735,32804,35931,44258,16919,27339,24477,15885,8592
03,043,firozpur,Total,65-69,48499,24755,23744,33082,13951,19131,15417,10804,4613
03,043,firozpur,Total,70-74,33876,17860,16016,25018,11543,13475,8858,6317,2541
03,043,firozpur,Total,75-79,15877,7823,8054,11890,5001,6889,3987,2822,1165
03,043,firozpur,Total,80+,23624,11190,12434,18762,7862,10900,4862,3328,1534
03,043,firozpur,Total,Age not stated,586,325,261,217,110,107,369,215,154
03,043,firozpur,Rural,All ages,1476518,776208,700310,635698,286746,348952,840820,489462,351358
03,043,firozpur,Rural,0-6,185699,100505,85194,185699,100505,85194,0,0,0
03,043,firozpur,Rural,7,28253,15373,12880,7348,3926,3422,20905,11447,9458
03,043,firozpur,Rural,8,29740,16217,13523,4034,2171,1863,25706,14046,11660
03,043,firozpur,Rural,9,26073,14369,11704,2436,1234,1202,23637,13135,10502
03,043,firozpur,Rural,10,32777,18325,14452,3181,1635,1546,29596,16690,12906
03,043,firozpur,Rural,11,27642,15451,12191,2060,1046,1014,25582,14405,11177
03,043,firozpur,Rural,12,32524,17854,14670,2679,1352,1327,29845,16502,13343
03,043,firozpur,Rural,13,30286,16436,13850,2483,1213,1270,27803,15223,12580
03,043,firozpur,Rural,14,32022,17360,14662,2933,1420,1513,29089,15940,13149
03,043,firozpur,Rural,15,33641,18425,15216,3784,1870,1914,29857,16555,13302
03,043,firozpur,Rural,16,34012,18339,15673,3820,1833,1987,30192,16506,13686
03,043,firozpur,Rural,17,29560,16291,13269,3164,1597,1567,26396,14694,11702
03,043,firozpur,Rural,18,38181,21082,17099,5783,2798,2985,32398,18284,14114
03,043,firozpur,Rural,19,27073,14435,12638,3579,1549,2030,23494,12886,10608
03,043,firozpur,Rural,20-24,148357,76854,71503,28314,11434,16880,120043,65420,54623
03,043,firozpur,Rural,25-29,125114,64693,60421,33237,12242,20995,91877,52451,39426
03,043,firozpur,Rural,30-34,107998,55469,52529,39114,14472,24642,68884,40997,27887
03,043,firozpur,Rural,35-39,98895,50308,48587,44177,17103,27074,54718,33205,21513
03,043,firozpur,Rural,40-44,90041,46311,43730,44765,18083,26682,45276,28228,17048
03,043,firozpur,Rural,45-49,76523,39982,36541,41012,16845,24167,35511,23137,12374
03,043,firozpur,Rural,50-54,55586,30248,25338,32692,14631,18061,22894,15617,7277
03,043,firozpur,Rural,55-59,40460,19275,21185,26013,9432,16581,14447,9843,4604
03,043,firozpur,Rural,60-64,51580,24326,27254,37784,14599,23185,13796,9727,4069
03,043,firozpur,Rural,65-69,37070,18982,18088,28306,12218,16088,8764,6764,2000
03,043,firozpur,Rural,70-74,25987,13993,11994,21104,10125,10979,4883,3868,1015
03,043,firozpur,Rural,75-79,12134,5996,6138,10070,4397,5673,2064,1599,465
03,043,firozpur,Rural,80+,18822,9045,9777,15949,6922,9027,2873,2123,750
03,043,firozpur,Rural,Age not stated,468,264,204,178,94,84,290,170,120
03,043,firozpur,Urban,All ages,552556,295429,257127,165865,77821,88044,386691,217608,169083
03,043,firozpur,Urban,0-6,62404,33814,28590,62404,33814,28590,0,0,0
03,043,firozpur,Urban,7,9803,5412,4391,2496,1309,1187,7307,4103,3204
03,043,firozpur,Urban,8,9831,5478,4353,1521,779,742,8310,4699,3611
03,043,firozpur,Urban,9,9131,5131,4000,1034,540,494,8097,4591,3506
03,043,firozpur,Urban,10,11114,6352,4762,1429,799,630,9685,5553,4132
03,043,firozpur,Urban,11,9609,5462,4147,905,509,396,8704,4953,3751
03,043,firozpur,Urban,12,10359,5705,4654,1045,560,485,9314,5145,4169
03,043,firozpur,Urban,13,9736,5312,4424,909,462,447,8827,4850,3977
03,043,firozpur,Urban,14,10067,5537,4530,912,489,423,9155,5048,4107
03,043,firozpur,Urban,15,10960,6188,4772,1342,776,566,9618,5412,4206
03,043,firozpur,Urban,16,11173,6216,4957,1275,715,560,9898,5501,4397
03,043,firozpur,Urban,17,10305,5663,4642,1126,599,527,9179,5064,4115
03,043,firozpur,Urban,18,13231,7435,5796,1878,1063,815,11353,6372,4981
03,043,firozpur,Urban,19,10358,5700,4658,1090,559,531,9268,5141,4127
03,043,firozpur,Urban,20-24,58506,31478,27028,7948,3813,4135,50558,27665,22893
03,043,firozpur,Urban,25-29,54229,29310,24919,8530,3723,4807,45699,25587,20112
03,043,firozpur,Urban,30-34,44927,24072,20855,8999,3708,5291,35928,20364,15564
03,043,firozpur,Urban,35-39,39913,20716,19197,9960,4035,5925,29953,16681,13272
03,043,firozpur,Urban,40-44,35232,18288,16944,9666,3964,5702,25566,14324,11242
03,043,firozpur,Urban,45-49,31930,16642,15288,8966,3684,5282,22964,12958,10006
03,043,firozpur,Urban,50-54,25738,13578,12160,7334,3037,4297,18404,10541,7863
03,043,firozpur,Urban,55-59,18864,9789,9075,5260,1853,3407,13604,7936,5668
03,043,firozpur,Urban,60-64,17155,8478,8677,6474,2320,4154,10681,6158,4523
03,043,firozpur,Urban,65-69,11429,5773,5656,4776,1733,3043,6653,4040,2613
03,043,firozpur,Urban,70-74,7889,3867,4022,3914,1418,2496,3975,2449,1526
03,043,firozpur,Urban,75-79,3743,1827,1916,1820,604,1216,1923,1223,700
03,043,firozpur,Urban,80+,4802,2145,2657,2813,940,1873,1989,1205,784
03,043,firozpur,Urban,Age not stated,118,61,57,39,16,23,79,45,34
03,044,muktsar,Total,All ages,901896,475622,426274,377048,175221,201827,524848,300401,224447
03,044,muktsar,Total,0-6,104419,57020,47399,104419,57020,47399,0,0,0
03,044,muktsar,Total,7,15905,8657,7248,4244,2239,2005,11661,6418,5243
03,044,muktsar,Total,8,15707,8713,6994,2537,1341,1196,13170,7372,5798
03,044,muktsar,Total,9,14935,8363,6572,1861,996,865,13074,7367,5707
03,044,muktsar,Total,10,18197,10239,7958,2425,1280,1145,15772,8959,6813
03,044,muktsar,Total,11,15925,8955,6970,1555,841,714,14370,8114,6256
03,044,muktsar,Total,12,17239,9636,7603,1624,848,776,15615,8788,6827
03,044,muktsar,Total,13,17082,9213,7869,1594,824,770,15488,8389,7099
03,044,muktsar,Total,14,17523,9634,7889,1863,988,875,15660,8646,7014
03,044,muktsar,Total,15,18305,10182,8123,2397,1296,1101,15908,8886,7022
03,044,muktsar,Total,16,18349,10166,8183,2436,1355,1081,15913,8811,7102
03,044,muktsar,Total,17,16963,9641,7322,2158,1214,944,14805,8427,6378
03,044,muktsar,Total,18,20867,12078,8789,3525,2049,1476,17342,10029,7313
03,044,muktsar,Total,19,16713,9308,7405,2419,1294,1125,14294,8014,6280
03,044,muktsar,Total,20-24,88213,46755,41458,17174,8218,8956,71039,38537,32502
03,044,muktsar,Total,25-29,78825,40522,38303,20565,8659,11906,58260,31863,26397
03,044,muktsar,Total,30-34,70105,35975,34130,24004,9976,14028,46101,25999,20102
03,044,muktsar,Total,35-39,64487,32828,31659,26155,10948,15207,38332,21880,16452
03,044,muktsar,Total,40-44,58295,29942,28353,26076,11074,15002,32219,18868,13351
03,044,muktsar,Total,45-49,49741,25828,23913,23551,9924,13627,26190,15904,10286
03,044,muktsar,Total,50-54,38877,20786,18091,20153,9018,11135,18724,11768,6956
03,044,muktsar,Total,55-59,28523,13871,14652,15622,5703,9919,12901,8168,4733
03,044,muktsar,Total,60-64,34300,16086,18214,22894,8612,14282,11406,7474,3932
03,044,muktsar,Total,65-69,24509,12586,11923,17086,7219,9867,7423,5367,2056
03,044,muktsar,Total,70-74,16857,8755,8102,12709,5726,6983,4148,3029,1119
03,044,muktsar,Total,75-79,7931,3813,4118,6198,2547,3651,1733,1266,467
03,044,muktsar,Total,80+,11300,5117,6183,9059,3626,5433,2241,1491,750
03,044,muktsar,Total,Age not stated,1804,953,851,745,386,359,1059,567,492
03,044,muktsar,Rural,All ages,649705,342202,307503,294544,137269,157275,355161,204933,150228
03,044,muktsar,Rural,0-6,74581,40700,33881,74581,40700,33881,0,0,0
03,044,muktsar,Rural,7,11450,6248,5202,3215,1695,1520,8235,4553,3682
03,044,muktsar,Rural,8,11406,6292,5114,1861,995,866,9545,5297,4248
03,044,muktsar,Rural,9,10959,6122,4837,1373,760,613,9586,5362,4224
03,044,muktsar,Rural,10,13011,7342,5669,1716,913,803,11295,6429,4866
03,044,muktsar,Rural,11,11582,6521,5061,1157,618,539,10425,5903,4522
03,044,muktsar,Rural,12,12614,6990,5624,1206,624,582,11408,6366,5042
03,044,muktsar,Rural,13,12536,6756,5780,1201,616,585,11335,6140,5195
03,044,muktsar,Rural,14,12905,7112,5793,1402,729,673,11503,6383,5120
03,044,muktsar,Rural,15,13298,7353,5945,1807,971,836,11491,6382,5109
03,044,muktsar,Rural,16,13311,7367,5944,1838,1032,806,11473,6335,5138
03,044,muktsar,Rural,17,12367,7028,5339,1699,964,735,10668,6064,4604
03,044,muktsar,Rural,18,15046,8729,6317,2659,1531,1128,12387,7198,5189
03,044,muktsar,Rural,19,11874,6638,5236,1889,1014,875,9985,5624,4361
03,044,muktsar,Rural,20-24,62383,32735,29648,13307,6375,6932,49076,26360,22716
03,044,muktsar,Rural,25-29,55334,28421,26913,16249,6914,9335,39085,21507,17578
03,044,muktsar,Rural,30-34,50107,25635,24472,19403,8101,11302,30704,17534,13170
03,044,muktsar,Rural,35-39,46154,23538,22616,21076,8926,12150,25078,14612,10466
03,044,muktsar,Rural,40-44,41978,21653,20325,21106,9096,12010,20872,12557,8315
03,044,muktsar,Rural,45-49,35294,18379,16915,19028,8128,10900,16266,10251,6015
03,044,muktsar,Rural,50-54,27272,14655,12617,16369,7454,8915,10903,7201,3702
03,044,muktsar,Rural,55-59,20162,9678,10484,12876,4834,8042,7286,4844,2442
03,044,muktsar,Rural,60-64,25783,11990,13793,19201,7386,11815,6582,4604,1978
03,044,muktsar,Rural,65-69,18860,9685,9175,14364,6256,8108,4496,3429,1067
03,044,muktsar,Rural,70-74,13022,6831,6191,10607,4943,5664,2415,1888,527
03,044,muktsar,Rural,75-79,6246,3020,3226,5235,2247,2988,1011,773,238
03,044,muktsar,Rural,80+,9037,4175,4862,7647,3198,4449,1390,977,413
03,044,muktsar,Rural,Age not stated,1133,609,524,472,249,223,661,360,301
03,044,muktsar,Urban,All ages,252191,133420,118771,82504,37952,44552,169687,95468,74219
03,044,muktsar,Urban,0-6,29838,16320,13518,29838,16320,13518,0,0,0
03,044,muktsar,Urban,7,4455,2409,2046,1029,544,485,3426,1865,1561
03,044,muktsar,Urban,8,4301,2421,1880,676,346,330,3625,2075,1550
03,044,muktsar,Urban,9,3976,2241,1735,488,236,252,3488,2005,1483
03,044,muktsar,Urban,10,5186,2897,2289,709,367,342,4477,2530,1947
03,044,muktsar,Urban,11,4343,2434,1909,398,223,175,3945,2211,1734
03,044,muktsar,Urban,12,4625,2646,1979,418,224,194,4207,2422,1785
03,044,muktsar,Urban,13,4546,2457,2089,393,208,185,4153,2249,1904
03,044,muktsar,Urban,14,4618,2522,2096,461,259,202,4157,2263,1894
03,044,muktsar,Urban,15,5007,2829,2178,590,325,265,4417,2504,1913
03,044,muktsar,Urban,16,5038,2799,2239,598,323,275,4440,2476,1964
03,044,muktsar,Urban,17,4596,2613,1983,459,250,209,4137,2363,1774
03,044,muktsar,Urban,18,5821,3349,2472,866,518,348,4955,2831,2124
03,044,muktsar,Urban,19,4839,2670,2169,530,280,250,4309,2390,1919
03,044,muktsar,Urban,20-24,25830,14020,11810,3867,1843,2024,21963,12177,9786
03,044,muktsar,Urban,25-29,23491,12101,11390,4316,1745,2571,19175,10356,8819
03,044,muktsar,Urban,30-34,19998,10340,9658,4601,1875,2726,15397,8465,6932
03,044,muktsar,Urban,35-39,18333,9290,9043,5079,2022,3057,13254,7268,5986
03,044,muktsar,Urban,40-44,16317,8289,8028,4970,1978,2992,11347,6311,5036
03,044,muktsar,Urban,45-49,14447,7449,6998,4523,1796,2727,9924,5653,4271
03,044,muktsar,Urban,50-54,11605,6131,5474,3784,1564,2220,7821,4567,3254
03,044,muktsar,Urban,55-59,8361,4193,4168,2746,869,1877,5615,3324,2291
03,044,muktsar,Urban,60-64,8517,4096,4421,3693,1226,2467,4824,2870,1954
03,044,muktsar,Urban,65-69,5649,2901,2748,2722,963,1759,2927,1938,989
03,044,muktsar,Urban,70-74,3835,1924,1911,2102,783,1319,1733,1141,592
03,044,muktsar,Urban,75-79,1685,793,892,963,300,663,722,493,229
03,044,muktsar,Urban,80+,2263,942,1321,1412,428,984,851,514,337
03,044,muktsar,Urban,Age not stated,671,344,327,273,137,136,398,207,191
03,045,faridkot,Total,All ages,617508,326671,290837,236223,110904,125319,381285,215767,165518
03,045,faridkot,Total,0-6,69311,37454,31857,69311,37454,31857,0,0,0
03,045,faridkot,Total,7,10937,5901,5036,2611,1409,1202,8326,4492,3834
03,045,faridkot,Total,8,10458,5781,4677,1387,724,663,9071,5057,4014
03,045,faridkot,Total,9,10429,5814,4615,981,516,465,9448,5298,4150
03,045,faridkot,Total,10,11658,6550,5108,1133,586,547,10525,5964,4561
03,045,faridkot,Total,11,10920,6116,4804,865,461,404,10055,5655,4400
03,045,faridkot,Total,12,11390,6325,5065,854,470,384,10536,5855,4681
03,045,faridkot,Total,13,11477,6354,5123,794,434,360,10683,5920,4763
03,045,faridkot,Total,14,11604,6376,5228,932,522,410,10672,5854,4818
03,045,faridkot,Total,15,12391,6923,5468,1230,699,531,11161,6224,4937
03,045,faridkot,Total,16,12427,6825,5602,1137,635,502,11290,6190,5100
03,045,faridkot,Total,17,11996,6778,5218,1086,625,461,10910,6153,4757
03,045,faridkot,Total,18,13871,7862,6009,1779,1025,754,12092,6837,5255
03,045,faridkot,Total,19,11860,6501,5359,1297,707,590,10563,5794,4769
03,045,faridkot,Total,20-24,61641,32820,28821,9397,4531,4866,52244,28289,23955
03,045,faridkot,Total,25-29,54170,28260,25910,11685,5024,6661,42485,23236,19249
03,045,faridkot,Total,30-34,47533,24664,22869,13981,5877,8104,33552,18787,14765
03,045,faridkot,Total,35-39,43140,22081,21059,15746,6712,9034,27394,15369,12025
03,045,faridkot,Total,40-44,39671,20345,19326,16263,6980,9283,23408,13365,10043
03,045,faridkot,Total,45-49,34618,17875,16743,15060,6527,8533,19558,11348,8210
03,045,faridkot,Total,50-54,27734,14810,12924,13221,6053,7168,14513,8757,5756
03,045,faridkot,Total,55-59,21025,10508,10517,10390,3974,6416,10635,6534,4101
03,045,faridkot,Total,60-64,22940,11095,11845,14381,5713,8668,8559,5382,3177
03,045,faridkot,Total,65-69,16595,8643,7952,10996,4722,6274,5599,3921,1678
03,045,faridkot,Total,70-74,11663,6236,5427,8287,3761,4526,3376,2475,901
03,045,faridkot,Total,75-79,5537,2752,2785,4126,1737,2389,1411,1015,396
03,045,faridkot,Total,80+,8227,3830,4397,6481,2657,3824,1746,1173,573
03,045,faridkot,Total,Age not stated,2285,1192,1093,812,369,443,1473,823,650
03,045,faridkot,Rural,All ages,400457,210782,189675,170658,80482,90176,229799,130300,99499
03,045,faridkot,Rural,0-6,44722,24118,20604,44722,24118,20604,0,0,0
03,045,faridkot,Rural,7,7217,3895,3322,1729,934,795,5488,2961,2527
03,045,faridkot,Rural,8,6778,3752,3026,863,462,401,5915,3290,2625
03,045,faridkot,Rural,9,6978,3844,3134,605,311,294,6373,3533,2840
03,045,faridkot,Rural,10,7560,4253,3307,707,373,334,6853,3880,2973
03,045,faridkot,Rural,11,7282,4071,3211,575,305,270,6707,3766,2941
03,045,faridkot,Rural,12,7467,4161,3306,538,291,247,6929,3870,3059
03,045,faridkot,Rural,13,7655,4214,3441,502,273,229,7153,3941,3212
03,045,faridkot,Rural,14,7743,4266,3477,610,346,264,7133,3920,3213
03,045,faridkot,Rural,15,8181,4577,3604,796,448,348,7385,4129,3256
03,045,faridkot,Rural,16,8309,4524,3785,760,436,324,7549,4088,3461
03,045,faridkot,Rural,17,7956,4534,3422,756,437,319,7200,4097,3103
03,045,faridkot,Rural,18,9052,5132,3920,1188,682,506,7864,4450,3414
03,045,faridkot,Rural,19,7766,4271,3495,882,503,379,6884,3768,3116
03,045,faridkot,Rural,20-24,39002,20597,18405,6639,3171,3468,32363,17426,14937
03,045,faridkot,Rural,25-29,32724,16579,16145,8474,3655,4819,24250,12924,11326
03,045,faridkot,Rural,30-34,29899,15227,14672,10462,4428,6034,19437,10799,8638
03,045,faridkot,Rural,35-39,27767,14054,13713,11775,5099,6676,15992,8955,7037
03,045,faridkot,Rural,40-44,25891,13258,12633,12284,5362,6922,13607,7896,5711
03,045,faridkot,Rural,45-49,22041,11412,10629,11384,5062,6322,10657,6350,4307
03,045,faridkot,Rural,50-54,17517,9521,7996,10113,4775,5338,7404,4746,2658
03,045,faridkot,Rural,55-59,12985,6365,6620,7988,3148,4840,4997,3217,1780
03,045,faridkot,Rural,60-64,16013,7677,8336,11588,4736,6852,4425,2941,1484
03,045,faridkot,Rural,65-69,11973,6248,5725,8977,3987,4990,2996,2261,735
03,045,faridkot,Rural,70-74,8475,4609,3866,6664,3174,3490,1811,1435,376
03,045,faridkot,Rural,75-79,4062,2035,2027,3369,1493,1876,693,542,151
03,045,faridkot,Rural,80+,6086,2881,3205,5157,2214,2943,929,667,262
03,045,faridkot,Rural,Age not stated,1356,707,649,551,259,292,805,448,357
03,045,faridkot,Urban,All ages,217051,115889,101162,65565,30422,35143,151486,85467,66019
03,045,faridkot,Urban,0-6,24589,13336,11253,24589,13336,11253,0,0,0
03,045,faridkot,Urban,7,3720,2006,1714,882,475,407,2838,1531,1307
03,045,faridkot,Urban,8,3680,2029,1651,524,262,262,3156,1767,1389
03,045,faridkot,Urban,9,3451,1970,1481,376,205,171,3075,1765,1310
03,045,faridkot,Urban,10,4098,2297,1801,426,213,213,3672,2084,1588
03,045,faridkot,Urban,11,3638,2045,1593,290,156,134,3348,1889,1459
03,045,faridkot,Urban,12,3923,2164,1759,316,179,137,3607,1985,1622
03,045,faridkot,Urban,13,3822,2140,1682,292,161,131,3530,1979,1551
03,045,faridkot,Urban,14,3861,2110,1751,322,176,146,3539,1934,1605
03,045,faridkot,Urban,15,4210,2346,1864,434,251,183,3776,2095,1681
03,045,faridkot,Urban,16,4118,2301,1817,377,199,178,3741,2102,1639
03,045,faridkot,Urban,17,4040,2244,1796,330,188,142,3710,2056,1654
03,045,faridkot,Urban,18,4819,2730,2089,591,343,248,4228,2387,1841
03,045,faridkot,Urban,19,4094,2230,1864,415,204,211,3679,2026,1653
03,045,faridkot,Urban,20-24,22639,12223,10416,2758,1360,1398,19881,10863,9018
03,045,faridkot,Urban,25-29,21446,11681,9765,3211,1369,1842,18235,10312,7923
03,045,faridkot,Urban,30-34,17634,9437,8197,3519,1449,2070,14115,7988,6127
03,045,faridkot,Urban,35-39,15373,8027,7346,3971,1613,2358,11402,6414,4988
03,045,faridkot,Urban,40-44,13780,7087,6693,3979,1618,2361,9801,5469,4332
03,045,faridkot,Urban,45-49,12577,6463,6114,3676,1465,2211,8901,4998,3903
03,045,faridkot,Urban,50-54,10217,5289,4928,3108,1278,1830,7109,4011,3098
03,045,faridkot,Urban,55-59,8040,4143,3897,2402,826,1576,5638,3317,2321
03,045,faridkot,Urban,60-64,6927,3418,3509,2793,977,1816,4134,2441,1693
03,045,faridkot,Urban,65-69,4622,2395,2227,2019,735,1284,2603,1660,943
03,045,faridkot,Urban,70-74,3188,1627,1561,1623,587,1036,1565,1040,525
03,045,faridkot,Urban,75-79,1475,717,758,757,244,513,718,473,245
03,045,faridkot,Urban,80+,2141,949,1192,1324,443,881,817,506,311
03,045,faridkot,Urban,Age not stated,929,485,444,261,110,151,668,375,293
03,046,bathinda,Total,All ages,1388525,743197,645328,543657,254936,288721,844868,488261,356607
03,046,bathinda,Total,0-6,151145,81533,69612,151145,81533,69612,0,0,0
03,046,bathinda,Total,7,22992,12445,10547,5188,2678,2510,17804,9767,8037
03,046,bathinda,Total,8,23285,12772,10513,3156,1665,1491,20129,11107,9022
03,046,bathinda,Total,9,21775,12285,9490,1910,1020,890,19865,11265,8600
03,046,bathinda,Total,10,25432,14403,11029,2527,1346,1181,22905,13057,9848
03,046,bathinda,Total,11,23465,13242,10223,1613,841,772,21852,12401,9451
03,046,bathinda,Total,12,25253,14097,11156,2116,1132,984,23137,12965,10172
03,046,bathinda,Total,13,24949,13838,11111,1929,1012,917,23020,12826,10194
03,046,bathinda,Total,14,25541,14278,11263,2153,1171,982,23388,13107,10281
03,046,bathinda,Total,15,27216,15392,11824,3007,1731,1276,24209,13661,10548
03,046,bathinda,Total,16,27064,15100,11964,2784,1580,1204,24280,13520,10760
03,046,bathinda,Total,17,25842,14473,11369,2655,1544,1111,23187,12929,10258
03,046,bathinda,Total,18,31587,17973,13614,4134,2353,1781,27453,15620,11833
03,046,bathinda,Total,19,26110,14699,11411,2973,1629,1344,23137,13070,10067
03,046,bathinda,Total,20-24,145158,79265,65893,22603,11321,11282,122555,67944,54611
03,046,bathinda,Total,25-29,128113,68204,59909,27452,12224,15228,100661,55980,44681
03,046,bathinda,Total,30-34,109612,57647,51965,32715,13918,18797,76897,43729,33168
03,046,bathinda,Total,35-39,99498,52276,47222,37747,16228,21519,61751,36048,25703
03,046,bathinda,Total,40-44,89638,46821,42817,38854,16629,22225,50784,30192,20592
03,046,bathinda,Total,45-49,78959,41201,37758,36575,15277,21298,42384,25924,16460
03,046,bathinda,Total,50-54,63689,34327,29362,32157,14360,17797,31532,19967,11565
03,046,bathinda,Total,55-59,46768,23619,23149,24622,9363,15259,22146,14256,7890
03,046,bathinda,Total,60-64,52599,25587,27012,34633,13775,20858,17966,11812,6154
03,046,bathinda,Total,65-69,35774,18764,17010,24868,10872,13996,10906,7892,3014
03,046,bathinda,Total,70-74,25673,13660,12013,19345,9000,10345,6328,4660,1668
03,046,bathinda,Total,75-79,12259,6074,6185,9489,4082,5407,2770,1992,778
03,046,bathinda,Total,80+,18521,8863,9658,15088,6542,8546,3433,2321,1112
03,046,bathinda,Total,Age not stated,608,359,249,219,110,109,389,249,140
03,046,bathinda,Rural,All ages,889308,474484,414824,396116,186952,209164,493192,287532,205660
03,046,bathinda,Rural,0-6,94372,50967,43405,94372,50967,43405,0,0,0
03,046,bathinda,Rural,7,14580,7857,6723,3533,1841,1692,11047,6016,5031
03,046,bathinda,Rural,8,14804,8069,6735,2038,1095,943,12766,6974,5792
03,046,bathinda,Rural,9,14117,7960,6157,1192,631,561,12925,7329,5596
03,046,bathinda,Rural,10,16188,9149,7039,1496,798,698,14692,8351,6341
03,046,bathinda,Rural,11,15293,8518,6775,999,534,465,14294,7984,6310
03,046,bathinda,Rural,12,16604,9299,7305,1328,728,600,15276,8571,6705
03,046,bathinda,Rural,13,16550,9131,7419,1252,646,606,15298,8485,6813
03,046,bathinda,Rural,14,17104,9507,7597,1472,806,666,15632,8701,6931
03,046,bathinda,Rural,15,17936,10126,7810,2004,1159,845,15932,8967,6965
03,046,bathinda,Rural,16,17968,9967,8001,1912,1091,821,16056,8876,7180
03,046,bathinda,Rural,17,17269,9626,7643,1868,1108,760,15401,8518,6883
03,046,bathinda,Rural,18,20820,11806,9014,2876,1650,1226,17944,10156,7788
03,046,bathinda,Rural,19,16961,9576,7385,2106,1161,945,14855,8415,6440
03,046,bathinda,Rural,20-24,92559,50698,41861,16520,8423,8097,76039,42275,33764
03,046,bathinda,Rural,25-29,76853,40754,36099,20249,9226,11023,56604,31528,25076
03,046,bathinda,Rural,30-34,67941,35488,32453,24833,10726,14107,43108,24762,18346
03,046,bathinda,Rural,35-39,62859,32841,30018,29016,12630,16386,33843,20211,13632
03,046,bathinda,Rural,40-44,57372,30021,27351,30143,13138,17005,27229,16883,10346
03,046,bathinda,Rural,45-49,48854,25497,23357,28015,11976,16039,20839,13521,7318
03,046,bathinda,Rural,50-54,39007,21106,17901,24855,11446,13409,14152,9660,4492
03,046,bathinda,Rural,55-59,28644,13957,14687,19386,7562,11824,9258,6395,2863
03,046,bathinda,Rural,60-64,36831,17594,19237,28376,11597,16779,8455,5997,2458
03,046,bathinda,Rural,65-69,25816,13538,12278,20423,9271,11152,5393,4267,1126
03,046,bathinda,Rural,70-74,18816,10094,8722,15734,7636,8098,3082,2458,624
03,046,bathinda,Rural,75-79,8836,4396,4440,7633,3464,4169,1203,932,271
03,046,bathinda,Rural,80+,13964,6714,7250,12342,5569,6773,1622,1145,477
03,046,bathinda,Rural,Age not stated,390,228,162,143,73,70,247,155,92
03,046,bathinda,Urban,All ages,499217,268713,230504,147541,67984,79557,351676,200729,150947
03,046,bathinda,Urban,0-6,56773,30566,26207,56773,30566,26207,0,0,0
03,046,bathinda,Urban,7,8412,4588,3824,1655,837,818,6757,3751,3006
03,046,bathinda,Urban,8,8481,4703,3778,1118,570,548,7363,4133,3230
03,046,bathinda,Urban,9,7658,4325,3333,718,389,329,6940,3936,3004
03,046,bathinda,Urban,10,9244,5254,3990,1031,548,483,8213,4706,3507
03,046,bathinda,Urban,11,8172,4724,3448,614,307,307,7558,4417,3141
03,046,bathinda,Urban,12,8649,4798,3851,788,404,384,7861,4394,3467
03,046,bathinda,Urban,13,8399,4707,3692,677,366,311,7722,4341,3381
03,046,bathinda,Urban,14,8437,4771,3666,681,365,316,7756,4406,3350
03,046,bathinda,Urban,15,9280,5266,4014,1003,572,431,8277,4694,3583
03,046,bathinda,Urban,16,9096,5133,3963,872,489,383,8224,4644,3580
03,046,bathinda,Urban,17,8573,4847,3726,787,436,351,7786,4411,3375
03,046,bathinda,Urban,18,10767,6167,4600,1258,703,555,9509,5464,4045
03,046,bathinda,Urban,19,9149,5123,4026,867,468,399,8282,4655,3627
03,046,bathinda,Urban,20-24,52599,28567,24032,6083,2898,3185,46516,25669,20847
03,046,bathinda,Urban,25-29,51260,27450,23810,7203,2998,4205,44057,24452,19605
03,046,bathinda,Urban,30-34,41671,22159,19512,7882,3192,4690,33789,18967,14822
03,046,bathinda,Urban,35-39,36639,19435,17204,8731,3598,5133,27908,15837,12071
03,046,bathinda,Urban,40-44,32266,16800,15466,8711,3491,5220,23555,13309,10246
03,046,bathinda,Urban,45-49,30105,15704,14401,8560,3301,5259,21545,12403,9142
03,046,bathinda,Urban,50-54,24682,13221,11461,7302,2914,4388,17380,10307,7073
03,046,bathinda,Urban,55-59,18124,9662,8462,5236,1801,3435,12888,7861,5027
03,046,bathinda,Urban,60-64,15768,7993,7775,6257,2178,4079,9511,5815,3696
03,046,bathinda,Urban,65-69,9958,5226,4732,4445,1601,2844,5513,3625,1888
03,046,bathinda,Urban,70-74,6857,3566,3291,3611,1364,2247,3246,2202,1044
03,046,bathinda,Urban,75-79,3423,1678,1745,1856,618,1238,1567,1060,507
03,046,bathinda,Urban,80+,4557,2149,2408,2746,973,1773,1811,1176,635
03,046,bathinda,Urban,Age not stated,218,131,87,76,37,39,142,94,48
03,047,mansa,Total,All ages,769751,408732,361019,346191,164695,181496,423560,244037,179523
03,047,mansa,Total,0-6,84763,46177,38586,84763,46177,38586,0,0,0
03,047,mansa,Total,7,13365,7162,6203,3359,1758,1601,10006,5404,4602
03,047,mansa,Total,8,13720,7638,6082,1945,1021,924,11775,6617,5158
03,047,mansa,Total,9,12820,7216,5604,1314,665,649,11506,6551,4955
03,047,mansa,Total,10,15352,8630,6722,1546,817,729,13806,7813,5993
03,047,mansa,Total,11,13960,7886,6074,1110,614,496,12850,7272,5578
03,047,mansa,Total,12,15242,8603,6639,1204,650,554,14038,7953,6085
03,047,mansa,Total,13,15035,8348,6687,1279,668,611,13756,7680,6076
03,047,mansa,Total,14,15447,8585,6862,1392,754,638,14055,7831,6224
03,047,mansa,Total,15,16459,9234,7225,1883,1030,853,14576,8204,6372
03,047,mansa,Total,16,16352,9173,7179,1856,1086,770,14496,8087,6409
03,047,mansa,Total,17,15361,8463,6898,1797,986,811,13564,7477,6087
03,047,mansa,Total,18,18391,10536,7855,2666,1568,1098,15725,8968,6757
03,047,mansa,Total,19,14603,8004,6599,1960,1105,855,12643,6899,5744
03,047,mansa,Total,20-24,76191,40670,35521,14498,7379,7119,61693,33291,28402
03,047,mansa,Total,25-29,62989,32719,30270,17952,7971,9981,45037,24748,20289
03,047,mansa,Total,30-34,56790,28949,27841,22477,9600,12877,34313,19349,14964
03,047,mansa,Total,35-39,53886,27602,26284,26213,11410,14803,27673,16192,11481
03,047,mansa,Total,40-44,49042,25652,23390,26500,11910,14590,22542,13742,8800
03,047,mansa,Total,45-49,41164,21756,19408,23426,10391,13035,17738,11365,6373
03,047,mansa,Total,50-54,31546,17200,14346,19367,9090,10277,12179,8110,4069
03,047,mansa,Total,55-59,22920,11313,11607,14773,5878,8895,8147,5435,2712
03,047,mansa,Total,60-64,31787,14636,17151,23861,9315,14546,7926,5321,2605
03,047,mansa,Total,65-69,24557,13061,11496,18855,8776,10079,5702,4285,1417
03,047,mansa,Total,70-74,16259,8909,7350,13166,6554,6612,3093,2355,738
03,047,mansa,Total,75-79,7191,3568,3623,5946,2647,3299,1245,921,324
03,047,mansa,Total,80+,11843,5638,6205,10068,4435,5633,1775,1203,572
03,047,mansa,Total,Age not stated,2716,1404,1312,1015,440,575,1701,964,737
03,047,mansa,Rural,All ages,606147,322184,283963,292903,140081,152822,313244,182103,131141
03,047,mansa,Rural,0-6,66799,36305,30494,66799,36305,30494,0,0,0
03,047,mansa,Rural,7,10439,5587,4852,2737,1430,1307,7702,4157,3545
03,047,mansa,Rural,8,10846,6024,4822,1518,805,713,9328,5219,4109
03,047,mansa,Rural,9,10201,5759,4442,1054,542,512,9147,5217,3930
03,047,mansa,Rural,10,12145,6804,5341,1204,635,569,10941,6169,4772
03,047,mansa,Rural,11,11210,6300,4910,887,495,392,10323,5805,4518
03,047,mansa,Rural,12,12174,6875,5299,933,509,424,11241,6366,4875
03,047,mansa,Rural,13,11893,6558,5335,987,510,477,10906,6048,4858
03,047,mansa,Rural,14,12406,6851,5555,1123,597,526,11283,6254,5029
03,047,mansa,Rural,15,13167,7366,5801,1501,809,692,11666,6557,5109
03,047,mansa,Rural,16,13103,7330,5773,1510,882,628,11593,6448,5145
03,047,mansa,Rural,17,12175,6694,5481,1472,821,651,10703,5873,4830
03,047,mansa,Rural,18,14522,8311,6211,2187,1268,919,12335,7043,5292
03,047,mansa,Rural,19,11425,6258,5167,1602,909,693,9823,5349,4474
03,047,mansa,Rural,20-24,59341,31663,27678,12193,6222,5971,47148,25441,21707
03,047,mansa,Rural,25-29,48548,25311,23237,15348,6889,8459,33200,18422,14778
03,047,mansa,Rural,30-34,44180,22585,21595,19569,8387,11182,24611,14198,10413
03,047,mansa,Rural,35-39,42301,21795,20506,22958,10089,12869,19343,11706,7637
03,047,mansa,Rural,40-44,38309,20224,18085,23183,10578,12605,15126,9646,5480
03,047,mansa,Rural,45-49,31457,16725,14732,20249,9105,11144,11208,7620,3588
03,047,mansa,Rural,50-54,23966,13168,10798,16820,8048,8772,7146,5120,2026
03,047,mansa,Rural,55-59,17334,8461,8873,12743,5175,7568,4591,3286,1305
03,047,mansa,Rural,60-64,26069,11855,14214,21080,8343,12737,4989,3512,1477
03,047,mansa,Rural,65-69,20540,11010,9530,16706,7990,8716,3834,3020,814
03,047,mansa,Rural,70-74,13646,7592,6054,11651,6004,5647,1995,1588,407
03,047,mansa,Rural,75-79,5950,2949,3001,5176,2371,2805,774,578,196
03,047,mansa,Rural,80+,10137,4847,5290,8902,4003,4899,1235,844,391
03,047,mansa,Rural,Age not stated,1864,977,887,811,360,451,1053,617,436
03,047,mansa,Urban,All ages,163604,86548,77056,53288,24614,28674,110316,61934,48382
03,047,mansa,Urban,0-6,17964,9872,8092,17964,9872,8092,0,0,0
03,047,mansa,Urban,7,2926,1575,1351,622,328,294,2304,1247,1057
03,047,mansa,Urban,8,2874,1614,1260,427,216,211,2447,1398,1049
03,047,mansa,Urban,9,2619,1457,1162,260,123,137,2359,1334,1025
03,047,mansa,Urban,10,3207,1826,1381,342,182,160,2865,1644,1221
03,047,mansa,Urban,11,2750,1586,1164,223,119,104,2527,1467,1060
03,047,mansa,Urban,12,3068,1728,1340,271,141,130,2797,1587,1210
03,047,mansa,Urban,13,3142,1790,1352,292,158,134,2850,1632,1218
03,047,mansa,Urban,14,3041,1734,1307,269,157,112,2772,1577,1195
03,047,mansa,Urban,15,3292,1868,1424,382,221,161,2910,1647,1263
03,047,mansa,Urban,16,3249,1843,1406,346,204,142,2903,1639,1264
03,047,mansa,Urban,17,3186,1769,1417,325,165,160,2861,1604,1257
03,047,mansa,Urban,18,3869,2225,1644,479,300,179,3390,1925,1465
03,047,mansa,Urban,19,3178,1746,1432,358,196,162,2820,1550,1270
03,047,mansa,Urban,20-24,16850,9007,7843,2305,1157,1148,14545,7850,6695
03,047,mansa,Urban,25-29,14441,7408,7033,2604,1082,1522,11837,6326,5511
03,047,mansa,Urban,30-34,12610,6364,6246,2908,1213,1695,9702,5151,4551
03,047,mansa,Urban,35-39,11585,5807,5778,3255,1321,1934,8330,4486,3844
03,047,mansa,Urban,40-44,10733,5428,5305,3317,1332,1985,7416,4096,3320
03,047,mansa,Urban,45-49,9707,5031,4676,3177,1286,1891,6530,3745,2785
03,047,mansa,Urban,50-54,7580,4032,3548,2547,1042,1505,5033,2990,2043
03,047,mansa,Urban,55-59,5586,2852,2734,2030,703,1327,3556,2149,1407
03,047,mansa,Urban,60-64,5718,2781,2937,2781,972,1809,2937,1809,1128
03,047,mansa,Urban,65-69,4017,2051,1966,2149,786,1363,1868,1265,603
03,047,mansa,Urban,70-74,2613,1317,1296,1515,550,965,1098,767,331
03,047,mansa,Urban,75-79,1241,619,622,770,276,494,471,343,128
03,047,mansa,Urban,80+,1706,791,915,1166,432,734,540,359,181
03,047,mansa,Urban,Age not stated,852,427,425,204,80,124,648,347,301
03,048,patiala,Total,All ages,1895686,1002522,893164,628895,291470,337425,1266791,711052,555739
03,048,patiala,Total,0-6,212892,115917,96975,212892,115917,96975,0,0,0
03,048,patiala,Total,7,32405,17633,14772,7132,3810,3322,25273,13823,11450
03,048,patiala,Total,8,32449,17950,14499,3386,1871,1515,29063,16079,12984
03,048,patiala,Total,9,30791,17390,13401,2286,1245,1041,28505,16145,12360
03,048,patiala,Total,10,35708,20603,15105,2781,1510,1271,32927,19093,13834
03,048,patiala,Total,11,32618,18589,14029,1728,951,777,30890,17638,13252
03,048,patiala,Total,12,34787,19732,15055,2056,1122,934,32731,18610,14121
03,048,patiala,Total,13,33831,18786,15045,1846,887,959,31985,17899,14086
03,048,patiala,Total,14,35034,19718,15316,2026,1054,972,33008,18664,14344
03,048,patiala,Total,15,36755,20726,16029,2637,1428,1209,34118,19298,14820
03,048,patiala,Total,16,37284,20780,16504,2601,1390,1211,34683,19390,15293
03,048,patiala,Total,17,36526,20484,16042,2404,1269,1135,34122,19215,14907
03,048,patiala,Total,18,42647,23721,18926,3723,1956,1767,38924,21765,17159
03,048,patiala,Total,19,36629,20256,16373,2833,1428,1405,33796,18828,14968
03,048,patiala,Total,20-24,196371,102221,94150,20766,9367,11399,175605,92854,82751
03,048,patiala,Total,25-29,175792,91511,84281,27019,11246,15773,148773,80265,68508
03,048,patiala,Total,30-34,148002,76094,71908,31892,12541,19351,116110,63553,52557
03,048,patiala,Total,35-39,136451,69779,66672,39000,15722,23278,97451,54057,43394
03,048,patiala,Total,40-44,123273,62407,60866,42123,16901,25222,81150,45506,35644
03,048,patiala,Total,45-49,109353,57030,52323,40510,16555,23955,68843,40475,28368
03,048,patiala,Total,50-54,83702,44283,39419,33526,14466,19060,50176,29817,20359
03,048,patiala,Total,55-59,62772,31475,31297,26770,9895,16875,36002,21580,14422
03,048,patiala,Total,60-64,67450,31985,35465,37443,13885,23558,30007,18100,11907
03,048,patiala,Total,65-69,48674,25508,23166,29518,12765,16753,19156,12743,6413
03,048,patiala,Total,70-74,33440,17865,15575,22115,10220,11895,11325,7645,3680
03,048,patiala,Total,75-79,16120,8129,7991,10797,4583,6214,5323,3546,1777
03,048,patiala,Total,80+,22942,11392,11550,16755,7327,9428,6187,4065,2122
03,048,patiala,Total,Age not stated,988,558,430,330,159,171,658,399,259
03,048,patiala,Rural,All ages,1132406,598800,533606,443568,205360,238208,688838,393440,295398
03,048,patiala,Rural,0-6,134494,73596,60898,134494,73596,60898,0,0,0
03,048,patiala,Rural,7,20306,11065,9241,4665,2501,2164,15641,8564,7077
03,048,patiala,Rural,8,20692,11502,9190,2217,1247,970,18475,10255,8220
03,048,patiala,Rural,9,19193,10920,8273,1419,756,663,17774,10164,7610
03,048,patiala,Rural,10,22224,12843,9381,1658,896,762,20566,11947,8619
03,048,patiala,Rural,11,20261,11697,8564,1016,582,434,19245,11115,8130
03,048,patiala,Rural,12,21955,12394,9561,1212,647,565,20743,11747,8996
03,048,patiala,Rural,13,21327,11858,9469,1135,524,611,20192,11334,8858
03,048,patiala,Rural,14,22094,12515,9579,1226,633,593,20868,11882,8986
03,048,patiala,Rural,15,23123,12996,10127,1676,867,809,21447,12129,9318
03,048,patiala,Rural,16,23398,13055,10343,1636,843,793,21762,12212,9550
03,048,patiala,Rural,17,22514,12666,9848,1542,776,766,20972,11890,9082
03,048,patiala,Rural,18,26212,14606,11606,2370,1214,1156,23842,13392,10450
03,048,patiala,Rural,19,21472,11858,9614,1801,919,882,19671,10939,8732
03,048,patiala,Rural,20-24,115572,59770,55802,13961,6079,7882,101611,53691,47920
03,048,patiala,Rural,25-29,101242,52160,49082,18883,7721,11162,82359,44439,37920
03,048,patiala,Rural,30-34,85899,43874,42025,23347,9044,14303,62552,34830,27722
03,048,patiala,Rural,35-39,78926,40216,38710,29059,11668,17391,49867,28548,21319
03,048,patiala,Rural,40-44,71949,36503,35446,32056,12958,19098,39893,23545,16348
03,048,patiala,Rural,45-49,61807,32352,29455,30674,12728,17946,31133,19624,11509
03,048,patiala,Rural,50-54,45134,24080,21054,25325,11200,14125,19809,12880,6929
03,048,patiala,Rural,55-59,32961,16063,16898,20324,7689,12635,12637,8374,4263
03,048,patiala,Rural,60-64,41058,18850,22208,29619,11227,18392,11439,7623,3816
03,048,patiala,Rural,65-69,31580,16620,14960,23907,10772,13135,7673,5848,1825
03,048,patiala,Rural,70-74,21259,11603,9656,17174,8452,8722,4085,3151,934
03,048,patiala,Rural,75-79,9894,5050,4844,8185,3755,4430,1709,1295,414
03,048,patiala,Rural,80+,15279,7737,7542,12783,5957,6826,2496,1780,716
03,048,patiala,Rural,Age not stated,581,351,230,204,109,95,377,242,135
03,048,patiala,Urban,All ages,763280,403722,359558,185327,86110,99217,577953,317612,260341
03,048,patiala,Urban,0-6,78398,42321,36077,78398,42321,36077,0,0,0
03,048,patiala,Urban,7,12099,6568,5531,2467,1309,1158,9632,5259,4373
03,048,patiala,Urban,8,11757,6448,5309,1169,624,545,10588,5824,4764
03,048,patiala,Urban,9,11598,6470,5128,867,489,378,10731,5981,4750
03,048,patiala,Urban,10,13484,7760,5724,1123,614,509,12361,7146,5215
03,048,patiala,Urban,11,12357,6892,5465,712,369,343,11645,6523,5122
03,048,patiala,Urban,12,12832,7338,5494,844,475,369,11988,6863,5125
03,048,patiala,Urban,13,12504,6928,5576,711,363,348,11793,6565,5228
03,048,patiala,Urban,14,12940,7203,5737,800,421,379,12140,6782,5358
03,048,patiala,Urban,15,13632,7730,5902,961,561,400,12671,7169,5502
03,048,patiala,Urban,16,13886,7725,6161,965,547,418,12921,7178,5743
03,048,patiala,Urban,17,14012,7818,6194,862,493,369,13150,7325,5825
03,048,patiala,Urban,18,16435,9115,7320,1353,742,611,15082,8373,6709
03,048,patiala,Urban,19,15157,8398,6759,1032,509,523,14125,7889,6236
03,048,patiala,Urban,20-24,80799,42451,38348,6805,3288,3517,73994,39163,34831
03,048,patiala,Urban,25-29,74550,39351,35199,8136,3525,4611,66414,35826,30588
03,048,patiala,Urban,30-34,62103,32220,29883,8545,3497,5048,53558,28723,24835
03,048,patiala,Urban,35-39,57525,29563,27962,9941,4054,5887,47584,25509,22075
03,048,patiala,Urban,40-44,51324,25904,25420,10067,3943,6124,41257,21961,19296
03,048,patiala,Urban,45-49,47546,24678,22868,9836,3827,6009,37710,20851,16859
03,048,patiala,Urban,50-54,38568,20203,18365,8201,3266,4935,30367,16937,13430
03,048,patiala,Urban,55-59,29811,15412,14399,6446,2206,4240,23365,13206,10159
03,048,patiala,Urban,60-64,26392,13135,13257,7824,2658,5166,18568,10477,8091
03,048,patiala,Urban,65-69,17094,8888,8206,5611,1993,3618,11483,6895,4588
03,048,patiala,Urban,70-74,12181,6262,5919,4941,1768,3173,7240,4494,2746
03,048,patiala,Urban,75-79,6226,3079,3147,2612,828,1784,3614,2251,1363
03,048,patiala,Urban,80+,7663,3655,4008,3972,1370,2602,3691,2285,1406
03,048,patiala,Urban,Age not stated,407,207,200,126,50,76,281,157,124
03,049,amritsar,Total,All ages,2490656,1318408,1172248,805886,385427,420459,1684770,932981,751789
03,049,amritsar,Total,0-6,281795,154351,127444,281795,154351,127444,0,0,0
03,049,amritsar,Total,7,43680,24017,19663,10842,5762,5080,32838,18255,14583
03,049,amritsar,Total,8,43295,24075,19220,6001,3254,2747,37294,20821,16473
03,049,amritsar,Total,9,41480,23232,18248,4100,2161,1939,37380,21071,16309
03,049,amritsar,Total,10,48635,27559,21076,5109,2664,2445,43526,24895,18631
03,049,amritsar,Total,11,43902,24732,19170,3664,1860,1804,40238,22872,17366
03,049,amritsar,Total,12,47301,26748,20553,4068,2107,1961,43233,24641,18592
03,049,amritsar,Total,13,46671,26221,20450,3930,2023,1907,42741,24198,18543
03,049,amritsar,Total,14,49680,27656,22024,4565,2290,2275,45115,25366,19749
03,049,amritsar,Total,15,52017,29221,22796,5594,2926,2668,46423,26295,20128
03,049,amritsar,Total,16,52922,29515,23407,5835,3047,2788,47087,26468,20619
03,049,amritsar,Total,17,49331,27775,21556,4850,2666,2184,44481,25109,19372
03,049,amritsar,Total,18,58940,33149,25791,7350,4031,3319,51590,29118,22472
03,049,amritsar,Total,19,47733,26367,21366,5375,2766,2609,42358,23601,18757
03,049,amritsar,Total,20-24,252233,133665,118568,35732,16929,18803,216501,116736,99765
03,049,amritsar,Total,25-29,225372,116275,109097,40898,17966,22932,184474,98309,86165
03,049,amritsar,Total,30-34,188504,96536,91968,43283,18348,24935,145221,78188,67033
03,049,amritsar,Total,35-39,178950,89981,88969,49505,20413,29092,129445,69568,59877
03,049,amritsar,Total,40-44,158573,80597,77976,49749,21536,28213,108824,59061,49763
03,049,amritsar,Total,45-49,141166,71977,69189,45575,19634,25941,95591,52343,43248
03,049,amritsar,Total,50-54,110261,58277,51984,36204,16595,19609,74057,41682,32375
03,049,amritsar,Total,55-59,85782,43048,42734,29072,10916,18156,56710,32132,24578
03,049,amritsar,Total,60-64,85525,41801,43724,37044,14237,22807,48481,27564,20917
03,049,amritsar,Total,65-69,61990,31824,30166,30837,12584,18253,31153,19240,11913
03,049,amritsar,Total,70-74,42616,23121,19495,23781,10981,12800,18835,12140,6695
03,049,amritsar,Total,75-79,20746,10494,10252,11632,4759,6873,9114,5735,3379
03,049,amritsar,Total,80+,29576,15093,14483,18841,8282,10559,10735,6811,3924
03,049,amritsar,Total,Age not stated,1980,1101,879,655,339,316,1325,762,563
03,049,amritsar,Rural,All ages,1156045,607266,548779,466598,221231,245367,689447,386035,303412
03,049,amritsar,Rural,0-6,142172,77869,64303,142172,77869,64303,0,0,0
03,049,amritsar,Rural,7,22295,12181,10114,6257,3308,2949,16038,8873,7165
03,049,amritsar,Rural,8,22358,12396,9962,3468,1860,1608,18890,10536,8354
03,049,amritsar,Rural,9,20950,11703,9247,2312,1185,1127,18638,10518,8120
03,049,amritsar,Rural,10,24305,13654,10651,2843,1414,1429,21462,12240,9222
03,049,amritsar,Rural,11,21929,12294,9635,2112,1037,1075,19817,11257,8560
03,049,amritsar,Rural,12,24128,13591,10537,2426,1181,1245,21702,12410,9292
03,049,amritsar,Rural,13,23847,13199,10648,2352,1143,1209,21495,12056,9439
03,049,amritsar,Rural,14,25531,14115,11416,2756,1308,1448,22775,12807,9968
03,049,amritsar,Rural,15,26463,14768,11695,3332,1670,1662,23131,13098,10033
03,049,amritsar,Rural,16,26825,14752,12073,3494,1704,1790,23331,13048,10283
03,049,amritsar,Rural,17,24099,13507,10592,2862,1490,1372,21237,12017,9220
03,049,amritsar,Rural,18,29252,16203,13049,4320,2210,2110,24932,13993,10939
03,049,amritsar,Rural,19,22187,12191,9996,3045,1525,1520,19142,10666,8476
03,049,amritsar,Rural,20-24,114351,59247,55104,21005,9549,11456,93346,49698,43648
03,049,amritsar,Rural,25-29,96729,48849,47880,24634,10562,14072,72095,38287,33808
03,049,amritsar,Rural,30-34,81898,41192,40706,26838,11369,15469,55060,29823,25237
03,049,amritsar,Rural,35-39,78781,39201,39580,30668,12742,17926,48113,26459,21654
03,049,amritsar,Rural,40-44,70652,35735,34917,30734,13456,17278,39918,22279,17639
03,049,amritsar,Rural,45-49,59882,30617,29265,27508,11934,15574,32374,18683,13691
03,049,amritsar,Rural,50-54,44649,23822,20827,22083,10292,11791,22566,13530,9036
03,049,amritsar,Rural,55-59,34126,16295,17831,18010,6823,11187,16116,9472,6644
03,049,amritsar,Rural,60-64,39183,18275,20908,24428,9518,14910,14755,8757,5998
03,049,amritsar,Rural,65-69,31334,16037,15297,21022,9029,11993,10312,7008,3304
03,049,amritsar,Rural,70-74,21211,11813,9398,15486,7680,7806,5725,4133,1592
03,049,amritsar,Rural,75-79,9904,4903,5001,7483,3248,4235,2421,1655,766
03,049,amritsar,Rural,80+,15919,8228,7691,12543,5906,6637,3376,2322,1054
03,049,amritsar,Rural,Age not stated,1085,629,456,405,219,186,680,410,270
03,049,amritsar,Urban,All ages,1334611,711142,623469,339288,164196,175092,995323,546946,448377
03,049,amritsar,Urban,0-6,139623,76482,63141,139623,76482,63141,0,0,0
03,049,amritsar,Urban,7,21385,11836,9549,4585,2454,2131,16800,9382,7418
03,049,amritsar,Urban,8,20937,11679,9258,2533,1394,1139,18404,10285,8119
03,049,amritsar,Urban,9,20530,11529,9001,1788,976,812,18742,10553,8189
03,049,amritsar,Urban,10,24330,13905,10425,2266,1250,1016,22064,12655,9409
03,049,amritsar,Urban,11,21973,12438,9535,1552,823,729,20421,11615,8806
03,049,amritsar,Urban,12,23173,13157,10016,1642,926,716,21531,12231,9300
03,049,amritsar,Urban,13,22824,13022,9802,1578,880,698,21246,12142,9104
03,049,amritsar,Urban,14,24149,13541,10608,1809,982,827,22340,12559,9781
03,049,amritsar,Urban,15,25554,14453,11101,2262,1256,1006,23292,13197,10095
03,049,amritsar,Urban,16,26097,14763,11334,2341,1343,998,23756,13420,10336
03,049,amritsar,Urban,17,25232,14268,10964,1988,1176,812,23244,13092,10152
03,049,amritsar,Urban,18,29688,16946,12742,3030,1821,1209,26658,15125,11533
03,049,amritsar,Urban,19,25546,14176,11370,2330,1241,1089,23216,12935,10281
03,049,amritsar,Urban,20-24,137882,74418,63464,14727,7380,7347,123155,67038,56117
03,049,amritsar,Urban,25-29,128643,67426,61217,16264,7404,8860,112379,60022,52357
03,049,amritsar,Urban,30-34,106606,55344,51262,16445,6979,9466,90161,48365,41796
03,049,amritsar,Urban,35-39,100169,50780,49389,18837,7671,11166,81332,43109,38223
03,049,amritsar,Urban,40-44,87921,44862,43059,19015,8080,10935,68906,36782,32124
03,049,amritsar,Urban,45-49,81284,41360,39924,18067,7700,10367,63217,33660,29557
03,049,amritsar,Urban,50-54,65612,34455,31157,14121,6303,7818,51491,28152,23339
03,049,amritsar,Urban,55-59,51656,26753,24903,11062,4093,6969,40594,22660,17934
03,049,amritsar,Urban,60-64,46342,23526,22816,12616,4719,7897,33726,18807,14919
03,049,amritsar,Urban,65-69,30656,15787,14869,9815,3555,6260,20841,12232,8609
03,049,amritsar,Urban,70-74,21405,11308,10097,8295,3301,4994,13110,8007,5103
03,049,amritsar,Urban,75-79,10842,5591,5251,4149,1511,2638,6693,4080,2613
03,049,amritsar,Urban,80+,13657,6865,6792,6298,2376,3922,7359,4489,2870
03,049,amritsar,Urban,Age not stated,895,472,423,250,120,130,645,352,293
03,050,tarn taran,Total,All ages,1119627,589369,530258,453465,212942,240523,666162,376427,289735
03,050,tarn taran,Total,0-6,137223,75382,61841,137223,75382,61841,0,0,0
03,050,tarn taran,Total,7,22188,12234,9954,5355,2946,2409,16833,9288,7545
03,050,tarn taran,Total,8,21880,12086,9794,3130,1632,1498,18750,10454,8296
03,050,tarn taran,Total,9,20137,11402,8735,2129,1134,995,18008,10268,7740
03,050,tarn taran,Total,10,23747,13521,10226,2660,1435,1225,21087,12086,9001
03,050,tarn taran,Total,11,20964,11964,9000,1855,937,918,19109,11027,8082
03,050,tarn taran,Total,12,23884,13637,10247,2528,1338,1190,21356,12299,9057
03,050,tarn taran,Total,13,23345,12976,10369,2267,1167,1100,21078,11809,9269
03,050,tarn taran,Total,14,24623,13716,10907,2729,1342,1387,21894,12374,9520
03,050,tarn taran,Total,15,25569,14341,11228,3397,1742,1655,22172,12599,9573
03,050,tarn taran,Total,16,26148,14724,11424,3531,1861,1670,22617,12863,9754
03,050,tarn taran,Total,17,23290,13194,10096,2798,1479,1319,20492,11715,8777
03,050,tarn taran,Total,18,28240,16062,12178,4430,2414,2016,23810,13648,10162
03,050,tarn taran,Total,19,20791,11373,9418,2955,1505,1450,17836,9868,7968
03,050,tarn taran,Total,20-24,108149,56296,51853,21043,9713,11330,87106,46583,40523
03,050,tarn taran,Total,25-29,91697,46698,44999,23826,10154,13672,67871,36544,31327
03,050,tarn taran,Total,30-34,79246,39587,39659,26788,10947,15841,52458,28640,23818
03,050,tarn taran,Total,35-39,77366,38524,38842,30627,12442,18185,46739,26082,20657
03,050,tarn taran,Total,40-44,68102,34428,33674,29775,12748,17027,38327,21680,16647
03,050,tarn taran,Total,45-49,58931,29855,29076,27083,11330,15753,31848,18525,13323
03,050,tarn taran,Total,50-54,43664,23480,20184,21350,9912,11438,22314,13568,8746
03,050,tarn taran,Total,55-59,33868,15903,17965,17497,6158,11339,16371,9745,6626
03,050,tarn taran,Total,60-64,38367,18353,20014,23422,9132,14290,14945,9221,5724
03,050,tarn taran,Total,65-69,28724,14258,14466,19099,7770,11329,9625,6488,3137
03,050,tarn taran,Total,70-74,20498,10974,9524,14954,7081,7873,5544,3893,1651
03,050,tarn taran,Total,75-79,9773,4748,5025,7362,3082,4280,2411,1666,745
03,050,tarn taran,Total,80+,16004,7945,8059,12416,5595,6821,3588,2350,1238
03,050,tarn taran,Total,Age not stated,3209,1708,1501,1236,564,672,1973,1144,829
03,050,tarn taran,Rural,All ages,977832,514322,463510,407719,191157,216562,570113,323165,246948
03,050,tarn taran,Rural,0-6,120988,66536,54452,120988,66536,54452,0,0,0
03,050,tarn taran,Rural,7,19525,10797,8728,4669,2576,2093,14856,8221,6635
03,050,tarn taran,Rural,8,19231,10625,8606,2656,1360,1296,16575,9265,7310
03,050,tarn taran,Rural,9,17661,9951,7710,1829,970,859,15832,8981,6851
03,050,tarn taran,Rural,10,20930,11934,8996,2274,1225,1049,18656,10709,7947
03,050,tarn taran,Rural,11,18424,10498,7926,1591,802,789,16833,9696,7137
03,050,tarn taran,Rural,12,21063,11981,9082,2173,1138,1035,18890,10843,8047
03,050,tarn taran,Rural,13,20557,11444,9113,1975,1006,969,18582,10438,8144
03,050,tarn taran,Rural,14,21771,12135,9636,2405,1177,1228,19366,10958,8408
03,050,tarn taran,Rural,15,22578,12685,9893,2982,1527,1455,19596,11158,8438
03,050,tarn taran,Rural,16,23104,13030,10074,3119,1634,1485,19985,11396,8589
03,050,tarn taran,Rural,17,20516,11617,8899,2520,1315,1205,17996,10302,7694
03,050,tarn taran,Rural,18,24886,14139,10747,3914,2107,1807,20972,12032,8940
03,050,tarn taran,Rural,19,18225,9994,8231,2643,1354,1289,15582,8640,6942
03,050,tarn taran,Rural,20-24,93862,48856,45006,18801,8679,10122,75061,40177,34884
03,050,tarn taran,Rural,25-29,78824,39978,38846,21456,9100,12356,57368,30878,26490
03,050,tarn taran,Rural,30-34,68409,34059,34350,24234,9867,14367,44175,24192,19983
03,050,tarn taran,Rural,35-39,67048,33259,33789,27875,11275,16600,39173,21984,17189
03,050,tarn taran,Rural,40-44,58956,29692,29264,27016,11566,15450,31940,18126,13814
03,050,tarn taran,Rural,45-49,51049,25783,25266,24764,10324,14440,26285,15459,10826
03,050,tarn taran,Rural,50-54,37614,20328,17286,19468,9091,10377,18146,11237,6909
03,050,tarn taran,Rural,55-59,28956,13519,15437,15942,5629,10313,13014,7890,5124
03,050,tarn taran,Rural,60-64,33604,15976,17628,21519,8442,13077,12085,7534,4551
03,050,tarn taran,Rural,65-69,25618,12695,12923,17668,7246,10422,7950,5449,2501
03,050,tarn taran,Rural,70-74,18310,9825,8485,13786,6575,7211,4524,3250,1274
03,050,tarn taran,Rural,75-79,8746,4262,4484,6807,2895,3912,1939,1367,572
03,050,tarn taran,Rural,80+,14503,7204,7299,11511,5235,6276,2992,1969,1023
03,050,tarn taran,Rural,Age not stated,2874,1520,1354,1134,506,628,1740,1014,726
03,050,tarn taran,Urban,All ages,141795,75047,66748,45746,21785,23961,96049,53262,42787
03,050,tarn taran,Urban,0-6,16235,8846,7389,16235,8846,7389,0,0,0
03,050,tarn taran,Urban,7,2663,1437,1226,686,370,316,1977,1067,910
03,050,tarn taran,Urban,8,2649,1461,1188,474,272,202,2175,1189,986
03,050,tarn taran,Urban,9,2476,1451,1025,300,164,136,2176,1287,889
03,050,tarn taran,Urban,10,2817,1587,1230,386,210,176,2431,1377,1054
03,050,tarn taran,Urban,11,2540,1466,1074,264,135,129,2276,1331,945
03,050,tarn taran,Urban,12,2821,1656,1165,355,200,155,2466,1456,1010
03,050,tarn taran,Urban,13,2788,1532,1256,292,161,131,2496,1371,1125
03,050,tarn taran,Urban,14,2852,1581,1271,324,165,159,2528,1416,1112
03,050,tarn taran,Urban,15,2991,1656,1335,415,215,200,2576,1441,1135
03,050,tarn taran,Urban,16,3044,1694,1350,412,227,185,2632,1467,1165
03,050,tarn taran,Urban,17,2774,1577,1197,278,164,114,2496,1413,1083
03,050,tarn taran,Urban,18,3354,1923,1431,516,307,209,2838,1616,1222
03,050,tarn taran,Urban,19,2566,1379,1187,312,151,161,2254,1228,1026
03,050,tarn taran,Urban,20-24,14287,7440,6847,2242,1034,1208,12045,6406,5639
03,050,tarn taran,Urban,25-29,12873,6720,6153,2370,1054,1316,10503,5666,4837
03,050,tarn taran,Urban,30-34,10837,5528,5309,2554,1080,1474,8283,4448,3835
03,050,tarn taran,Urban,35-39,10318,5265,5053,2752,1167,1585,7566,4098,3468
03,050,tarn taran,Urban,40-44,9146,4736,4410,2759,1182,1577,6387,3554,2833
03,050,tarn taran,Urban,45-49,7882,4072,3810,2319,1006,1313,5563,3066,2497
03,050,tarn taran,Urban,50-54,6050,3152,2898,1882,821,1061,4168,2331,1837
03,050,tarn taran,Urban,55-59,4912,2384,2528,1555,529,1026,3357,1855,1502
03,050,tarn taran,Urban,60-64,4763,2377,2386,1903,690,1213,2860,1687,1173
03,050,tarn taran,Urban,65-69,3106,1563,1543,1431,524,907,1675,1039,636
03,050,tarn taran,Urban,70-74,2188,1149,1039,1168,506,662,1020,643,377
03,050,tarn taran,Urban,75-79,1027,486,541,555,187,368,472,299,173
03,050,tarn taran,Urban,80+,1501,741,760,905,360,545,596,381,215
03,050,tarn taran,Urban,Age not stated,335,188,147,102,58,44,233,130,103
03,051,rupnagar,Total,All ages,684627,357485,327142,181896,78951,102945,502731,278534,224197
03,051,rupnagar,Total,0-6,72926,39152,33774,72926,39152,33774,0,0,0
03,051,rupnagar,Total,7,11562,6213,5349,2154,1161,993,9408,5052,4356
03,051,rupnagar,Total,8,11232,6064,5168,1027,546,481,10205,5518,4687
03,051,rupnagar,Total,9,11125,6145,4980,658,366,292,10467,5779,4688
03,051,rupnagar,Total,10,12605,7068,5537,872,428,444,11733,6640,5093
03,051,rupnagar,Total,11,12212,6879,5333,588,304,284,11624,6575,5049
03,051,rupnagar,Total,12,12379,6918,5461,573,292,281,11806,6626,5180
03,051,rupnagar,Total,13,12447,6964,5483,517,253,264,11930,6711,5219
03,051,rupnagar,Total,14,13253,7279,5974,568,274,294,12685,7005,5680
03,051,rupnagar,Total,15,13459,7321,6138,739,373,366,12720,6948,5772
03,051,rupnagar,Total,16,13713,7511,6202,655,330,325,13058,7181,5877
03,051,rupnagar,Total,17,13713,7483,6230,593,295,298,13120,7188,5932
03,051,rupnagar,Total,18,15226,8392,6834,924,485,439,14302,7907,6395
03,051,rupnagar,Total,19,13577,7390,6187,590,295,295,12987,7095,5892
03,051,rupnagar,Total,20-24,67606,34964,32642,4324,1953,2371,63282,33011,30271
03,051,rupnagar,Total,25-29,58265,29526,28739,4927,2111,2816,53338,27415,25923
03,051,rupnagar,Total,30-34,50432,25213,25219,5882,2121,3761,44550,23092,21458
03,051,rupnagar,Total,35-39,48651,24291,24360,7567,2646,4921,41084,21645,19439
03,051,rupnagar,Total,40-44,44859,22291,22568,8431,2789,5642,36428,19502,16926
03,051,rupnagar,Total,45-49,41482,21577,19905,9251,3072,6179,32231,18505,13726
03,051,rupnagar,Total,50-54,32935,17477,15458,8865,2818,6047,24070,14659,9411
03,051,rupnagar,Total,55-59,24702,13231,11471,7403,2179,5224,17299,11052,6247
03,051,rupnagar,Total,60-64,23690,11319,12371,10717,3043,7674,12973,8276,4697
03,051,rupnagar,Total,65-69,18110,9202,8908,9708,3258,6450,8402,5944,2458
03,051,rupnagar,Total,70-74,13743,7112,6631,8303,3180,5123,5440,3932,1508
03,051,rupnagar,Total,75-79,7485,3850,3635,4811,1879,2932,2674,1971,703
03,051,rupnagar,Total,80+,11042,5499,5543,7691,3084,4607,3351,2415,936
03,051,rupnagar,Total,Age not stated,2196,1154,1042,632,264,368,1564,890,674
03,051,rupnagar,Rural,All ages,506820,264089,242731,141898,60713,81185,364922,203376,161546
03,051,rupnagar,Rural,0-6,55079,29629,25450,55079,29629,25450,0,0,0
03,051,rupnagar,Rural,7,8714,4649,4065,1543,835,708,7171,3814,3357
03,051,rupnagar,Rural,8,8489,4567,3922,712,377,335,7777,4190,3587
03,051,rupnagar,Rural,9,8375,4603,3772,452,262,190,7923,4341,3582
03,051,rupnagar,Rural,10,9391,5243,4148,575,286,289,8816,4957,3859
03,051,rupnagar,Rural,11,9194,5197,3997,403,202,201,8791,4995,3796
03,051,rupnagar,Rural,12,9325,5202,4123,363,190,173,8962,5012,3950
03,051,rupnagar,Rural,13,9299,5185,4114,363,171,192,8936,5014,3922
03,051,rupnagar,Rural,14,9932,5428,4504,390,181,209,9542,5247,4295
03,051,rupnagar,Rural,15,10076,5461,4615,495,250,245,9581,5211,4370
03,051,rupnagar,Rural,16,10318,5606,4712,438,221,217,9880,5385,4495
03,051,rupnagar,Rural,17,10324,5575,4749,399,186,213,9925,5389,4536
03,051,rupnagar,Rural,18,11183,6111,5072,570,291,279,10613,5820,4793
03,051,rupnagar,Rural,19,9984,5417,4567,387,177,210,9597,5240,4357
03,051,rupnagar,Rural,20-24,49315,25341,23974,2828,1258,1570,46487,24083,22404
03,051,rupnagar,Rural,25-29,42739,21474,21265,3347,1365,1982,39392,20109,19283
03,051,rupnagar,Rural,30-34,37161,18567,18594,4263,1449,2814,32898,17118,15780
03,051,rupnagar,Rural,35-39,35602,17888,17714,5749,1883,3866,29853,16005,13848
03,051,rupnagar,Rural,40-44,32243,16126,16117,6532,2082,4450,25711,14044,11667
03,051,rupnagar,Rural,45-49,29370,15399,13971,7327,2360,4967,22043,13039,9004
03,051,rupnagar,Rural,50-54,22876,12054,10822,7159,2246,4913,15717,9808,5909
03,051,rupnagar,Rural,55-59,17215,8962,8253,6161,1733,4428,11054,7229,3825
03,051,rupnagar,Rural,60-64,18301,8567,9734,9272,2609,6663,9029,5958,3071
03,051,rupnagar,Rural,65-69,14511,7528,6983,8504,2953,5551,6007,4575,1432
03,051,rupnagar,Rural,70-74,10936,5703,5233,7189,2825,4364,3747,2878,869
03,051,rupnagar,Rural,75-79,5950,3076,2874,4176,1698,2478,1774,1378,396
03,051,rupnagar,Rural,80+,9084,4581,4503,6678,2778,3900,2406,1803,603
03,051,rupnagar,Rural,Age not stated,1834,950,884,544,216,328,1290,734,556
03,051,rupnagar,Urban,All ages,177807,93396,84411,39998,18238,21760,137809,75158,62651
03,051,rupnagar,Urban,0-6,17847,9523,8324,17847,9523,8324,0,0,0
03,051,rupnagar,Urban,7,2848,1564,1284,611,326,285,2237,1238,999
03,051,rupnagar,Urban,8,2743,1497,1246,315,169,146,2428,1328,1100
03,051,rupnagar,Urban,9,2750,1542,1208,206,104,102,2544,1438,1106
03,051,rupnagar,Urban,10,3214,1825,1389,297,142,155,2917,1683,1234
03,051,rupnagar,Urban,11,3018,1682,1336,185,102,83,2833,1580,1253
03,051,rupnagar,Urban,12,3054,1716,1338,210,102,108,2844,1614,1230
03,051,rupnagar,Urban,13,3148,1779,1369,154,82,72,2994,1697,1297
03,051,rupnagar,Urban,14,3321,1851,1470,178,93,85,3143,1758,1385
03,051,rupnagar,Urban,15,3383,1860,1523,244,123,121,3139,1737,1402
03,051,rupnagar,Urban,16,3395,1905,1490,217,109,108,3178,1796,1382
03,051,rupnagar,Urban,17,3389,1908,1481,194,109,85,3195,1799,1396
03,051,rupnagar,Urban,18,4043,2281,1762,354,194,160,3689,2087,1602
03,051,rupnagar,Urban,19,3593,1973,1620,203,118,85,3390,1855,1535
03,051,rupnagar,Urban,20-24,18291,9623,8668,1496,695,801,16795,8928,7867
03,051,rupnagar,Urban,25-29,15526,8052,7474,1580,746,834,13946,7306,6640
03,051,rupnagar,Urban,30-34,13271,6646,6625,1619,672,947,11652,5974,5678
03,051,rupnagar,Urban,35-39,13049,6403,6646,1818,763,1055,11231,5640,5591
03,051,rupnagar,Urban,40-44,12616,6165,6451,1899,707,1192,10717,5458,5259
03,051,rupnagar,Urban,45-49,12112,6178,5934,1924,712,1212,10188,5466,4722
03,051,rupnagar,Urban,50-54,10059,5423,4636,1706,572,1134,8353,4851,3502
03,051,rupnagar,Urban,55-59,7487,4269,3218,1242,446,796,6245,3823,2422
03,051,rupnagar,Urban,60-64,5389,2752,2637,1445,434,1011,3944,2318,1626
03,051,rupnagar,Urban,65-69,3599,1674,1925,1204,305,899,2395,1369,1026
03,051,rupnagar,Urban,70-74,2807,1409,1398,1114,355,759,1693,1054,639
03,051,rupnagar,Urban,75-79,1535,774,761,635,181,454,900,593,307
03,051,rupnagar,Urban,80+,1958,918,1040,1013,306,707,945,612,333
03,051,rupnagar,Urban,Age not stated,362,204,158,88,48,40,274,156,118
03,052,sahibzada ajit singh nagar,Total,All ages,994628,529253,465375,258053,119309,138744,736575,409944,326631
03,052,sahibzada ajit singh nagar,Total,0-6,115644,62808,52836,115644,62808,52836,0,0,0
03,052,sahibzada ajit singh nagar,Total,7,17484,9680,7804,3417,1879,1538,14067,7801,6266
03,052,sahibzada ajit singh nagar,Total,8,16960,9334,7626,1879,1008,871,15081,8326,6755
03,052,sahibzada ajit singh nagar,Total,9,16950,9642,7308,1360,727,633,15590,8915,6675
03,052,sahibzada ajit singh nagar,Total,10,18806,10751,8055,1602,875,727,17204,9876,7328
03,052,sahibzada ajit singh nagar,Total,11,17139,9763,7376,968,495,473,16171,9268,6903
03,052,sahibzada ajit singh nagar,Total,12,17562,9794,7768,1046,536,510,16516,9258,7258
03,052,sahibzada ajit singh nagar,Total,13,16893,9477,7416,815,407,408,16078,9070,7008
03,052,sahibzada ajit singh nagar,Total,14,17631,9966,7665,890,463,427,16741,9503,7238
03,052,sahibzada ajit singh nagar,Total,15,18036,10077,7959,1079,553,526,16957,9524,7433
03,052,sahibzada ajit singh nagar,Total,16,18178,10162,8016,1040,531,509,17138,9631,7507
03,052,sahibzada ajit singh nagar,Total,17,17752,9919,7833,946,519,427,16806,9400,7406
03,052,sahibzada ajit singh nagar,Total,18,20532,11698,8834,1388,771,617,19144,10927,8217
03,052,sahibzada ajit singh nagar,Total,19,18047,10149,7898,1078,601,477,16969,9548,7421
03,052,sahibzada ajit singh nagar,Total,20-24,98083,51551,46532,7480,3355,4125,90603,48196,42407
03,052,sahibzada ajit singh nagar,Total,25-29,95175,48146,47029,9489,3789,5700,85686,44357,41329
03,052,sahibzada ajit singh nagar,Total,30-34,85030,43532,41498,10720,4043,6677,74310,39489,34821
03,052,sahibzada ajit singh nagar,Total,35-39,77026,40141,36885,12627,4755,7872,64399,35386,29013
03,052,sahibzada ajit singh nagar,Total,40-44,64144,33426,30718,12797,4850,7947,51347,28576,22771
03,052,sahibzada ajit singh nagar,Total,45-49,55262,28951,26311,12355,4555,7800,42907,24396,18511
03,052,sahibzada ajit singh nagar,Total,50-54,43594,22988,20606,10269,3894,6375,33325,19094,14231
03,052,sahibzada ajit singh nagar,Total,55-59,34807,17898,16909,8685,2796,5889,26122,15102,11020
03,052,sahibzada ajit singh nagar,Total,60-64,33915,16992,16923,11638,3617,8021,22277,13375,8902
03,052,sahibzada ajit singh nagar,Total,65-69,23497,12779,10718,9565,3486,6079,13932,9293,4639
03,052,sahibzada ajit singh nagar,Total,70-74,16372,8910,7462,8051,3254,4797,8321,5656,2665
03,052,sahibzada ajit singh nagar,Total,75-79,8536,4591,3945,4434,1803,2631,4102,2788,1314
03,052,sahibzada ajit singh nagar,Total,80+,10935,5737,5198,6640,2853,3787,4295,2884,1411
03,052,sahibzada ajit singh nagar,Total,Age not stated,638,391,247,151,86,65,487,305,182
03,052,sahibzada ajit singh nagar,Rural,All ages,450017,240984,209033,136448,62451,73997,313569,178533,135036
03,052,sahibzada ajit singh nagar,Rural,0-6,53006,29111,23895,53006,29111,23895,0,0,0
03,052,sahibzada ajit singh nagar,Rural,7,8151,4501,3650,1708,927,781,6443,3574,2869
03,052,sahibzada ajit singh nagar,Rural,8,7988,4445,3543,950,514,436,7038,3931,3107
03,052,sahibzada ajit singh nagar,Rural,9,7985,4538,3447,625,332,293,7360,4206,3154
03,052,sahibzada ajit singh nagar,Rural,10,8803,5080,3723,705,377,328,8098,4703,3395
03,052,sahibzada ajit singh nagar,Rural,11,8255,4764,3491,441,220,221,7814,4544,3270
03,052,sahibzada ajit singh nagar,Rural,12,8581,4790,3791,459,224,235,8122,4566,3556
03,052,sahibzada ajit singh nagar,Rural,13,8279,4666,3613,354,181,173,7925,4485,3440
03,052,sahibzada ajit singh nagar,Rural,14,8712,4908,3804,410,221,189,8302,4687,3615
03,052,sahibzada ajit singh nagar,Rural,15,8984,5105,3879,510,266,244,8474,4839,3635
03,052,sahibzada ajit singh nagar,Rural,16,9219,5139,4080,468,232,236,8751,4907,3844
03,052,sahibzada ajit singh nagar,Rural,17,8917,4925,3992,436,232,204,8481,4693,3788
03,052,sahibzada ajit singh nagar,Rural,18,10255,5761,4494,639,358,281,9616,5403,4213
03,052,sahibzada ajit singh nagar,Rural,19,8757,4879,3878,475,269,206,8282,4610,3672
03,052,sahibzada ajit singh nagar,Rural,20-24,46170,24227,21943,3559,1615,1944,42611,22612,19999
03,052,sahibzada ajit singh nagar,Rural,25-29,40375,20813,19562,4414,1790,2624,35961,19023,16938
03,052,sahibzada ajit singh nagar,Rural,30-34,34987,18022,16965,5487,2070,3417,29500,15952,13548
03,052,sahibzada ajit singh nagar,Rural,35-39,32859,16977,15882,7066,2616,4450,25793,14361,11432
03,052,sahibzada ajit singh nagar,Rural,40-44,28754,14837,13917,7639,2813,4826,21115,12024,9091
03,052,sahibzada ajit singh nagar,Rural,45-49,24745,13155,11590,7681,2845,4836,17064,10310,6754
03,052,sahibzada ajit singh nagar,Rural,50-54,18125,9906,8219,6405,2465,3940,11720,7441,4279
03,052,sahibzada ajit singh nagar,Rural,55-59,13616,7237,6379,5428,1788,3640,8188,5449,2739
03,052,sahibzada ajit singh nagar,Rural,60-64,14556,7030,7526,7732,2473,5259,6824,4557,2267
03,052,sahibzada ajit singh nagar,Rural,65-69,11210,6001,5209,6665,2581,4084,4545,3420,1125
03,052,sahibzada ajit singh nagar,Rural,70-74,8155,4482,3673,5547,2448,3099,2608,2034,574
03,052,sahibzada ajit singh nagar,Rural,75-79,4316,2294,2022,3089,1349,1740,1227,945,282
03,052,sahibzada ajit singh nagar,Rural,80+,5992,3229,2763,4485,2098,2387,1507,1131,376
03,052,sahibzada ajit singh nagar,Rural,Age not stated,265,162,103,65,36,29,200,126,74
03,052,sahibzada ajit singh nagar,Urban,All ages,544611,288269,256342,121605,56858,64747,423006,231411,191595
03,052,sahibzada ajit singh nagar,Urban,0-6,62638,33697,28941,62638,33697,28941,0,0,0
03,052,sahibzada ajit singh nagar,Urban,7,9333,5179,4154,1709,952,757,7624,4227,3397
03,052,sahibzada ajit singh nagar,Urban,8,8972,4889,4083,929,494,435,8043,4395,3648
03,052,sahibzada ajit singh nagar,Urban,9,8965,5104,3861,735,395,340,8230,4709,3521
03,052,sahibzada ajit singh nagar,Urban,10,10003,5671,4332,897,498,399,9106,5173,3933
03,052,sahibzada ajit singh nagar,Urban,11,8884,4999,3885,527,275,252,8357,4724,3633
03,052,sahibzada ajit singh nagar,Urban,12,8981,5004,3977,587,312,275,8394,4692,3702
03,052,sahibzada ajit singh nagar,Urban,13,8614,4811,3803,461,226,235,8153,4585,3568
03,052,sahibzada ajit singh nagar,Urban,14,8919,5058,3861,480,242,238,8439,4816,3623
03,052,sahibzada ajit singh nagar,Urban,15,9052,4972,4080,569,287,282,8483,4685,3798
03,052,sahibzada ajit singh nagar,Urban,16,8959,5023,3936,572,299,273,8387,4724,3663
03,052,sahibzada ajit singh nagar,Urban,17,8835,4994,3841,510,287,223,8325,4707,3618
03,052,sahibzada ajit singh nagar,Urban,18,10277,5937,4340,749,413,336,9528,5524,4004
03,052,sahibzada ajit singh nagar,Urban,19,9290,5270,4020,603,332,271,8687,4938,3749
03,052,sahibzada ajit singh nagar,Urban,20-24,51913,27324,24589,3921,1740,2181,47992,25584,22408
03,052,sahibzada ajit singh nagar,Urban,25-29,54800,27333,27467,5075,1999,3076,49725,25334,24391
03,052,sahibzada ajit singh nagar,Urban,30-34,50043,25510,24533,5233,1973,3260,44810,23537,21273
03,052,sahibzada ajit singh nagar,Urban,35-39,44167,23164,21003,5561,2139,3422,38606,21025,17581
03,052,sahibzada ajit singh nagar,Urban,40-44,35390,18589,16801,5158,2037,3121,30232,16552,13680
03,052,sahibzada ajit singh nagar,Urban,45-49,30517,15796,14721,4674,1710,2964,25843,14086,11757
03,052,sahibzada ajit singh nagar,Urban,50-54,25469,13082,12387,3864,1429,2435,21605,11653,9952
03,052,sahibzada ajit singh nagar,Urban,55-59,21191,10661,10530,3257,1008,2249,17934,9653,8281
03,052,sahibzada ajit singh nagar,Urban,60-64,19359,9962,9397,3906,1144,2762,15453,8818,6635
03,052,sahibzada ajit singh nagar,Urban,65-69,12287,6778,5509,2900,905,1995,9387,5873,3514
03,052,sahibzada ajit singh nagar,Urban,70-74,8217,4428,3789,2504,806,1698,5713,3622,2091
03,052,sahibzada ajit singh nagar,Urban,75-79,4220,2297,1923,1345,454,891,2875,1843,1032
03,052,sahibzada ajit singh nagar,Urban,80+,4943,2508,2435,2155,755,1400,2788,1753,1035
03,052,sahibzada ajit singh nagar,Urban,Age not stated,373,229,144,86,50,36,287,179,108
03,053,sangrur,Total,All ages,1655169,878029,777140,653092,307616,345476,1002077,570413,431664
03,053,sangrur,Total,0-6,181334,98547,82787,181334,98547,82787,0,0,0
03,053,sangrur,Total,7,28042,15282,12760,6795,3595,3200,21247,11687,9560
03,053,sangrur,Total,8,28079,15672,12407,3158,1676,1482,24921,13996,10925
03,053,sangrur,Total,9,27471,15557,11914,2105,1146,959,25366,14411,10955
03,053,sangrur,Total,10,32275,18416,13859,2747,1486,1261,29528,16930,12598
03,053,sangrur,Total,11,29307,16647,12660,1699,975,724,27608,15672,11936
03,053,sangrur,Total,12,31239,17514,13725,1920,1031,889,29319,16483,12836
03,053,sangrur,Total,13,30763,17195,13568,1712,884,828,29051,16311,12740
03,053,sangrur,Total,14,31459,17453,14006,2051,1141,910,29408,16312,13096
03,053,sangrur,Total,15,33491,18609,14882,2756,1540,1216,30735,17069,13666
03,053,sangrur,Total,16,33931,18941,14990,2649,1455,1194,31282,17486,13796
03,053,sangrur,Total,17,32806,18465,14341,2598,1528,1070,30208,16937,13271
03,053,sangrur,Total,18,38465,21809,16656,4081,2378,1703,34384,19431,14953
03,053,sangrur,Total,19,32500,18016,14484,3238,1798,1440,29262,16218,13044
03,053,sangrur,Total,20-24,169309,89966,79343,23544,11599,11945,145765,78367,67398
03,053,sangrur,Total,25-29,143845,74942,68903,29181,12916,16265,114664,62026,52638
03,053,sangrur,Total,30-34,120595,61758,58837,35093,14621,20472,85502,47137,38365
03,053,sangrur,Total,35-39,113668,57664,56004,44221,18439,25782,69447,39225,30222
03,053,sangrur,Total,40-44,106550,54006,52544,48474,20318,28156,58076,33688,24388
03,053,sangrur,Total,45-49,94335,48672,45663,46819,19701,27118,47516,28971,18545
03,053,sangrur,Total,50-54,74103,39626,34477,39577,17857,21720,34526,21769,12757
03,053,sangrur,Total,55-59,54836,27512,27324,31116,12236,18880,23720,15276,8444
03,053,sangrur,Total,60-64,62999,30906,32093,42824,17543,25281,20175,13363,6812
03,053,sangrur,Total,65-69,45450,23858,21592,32638,14635,18003,12812,9223,3589
03,053,sangrur,Total,70-74,33035,18028,15007,25576,12447,13129,7459,5581,1878
03,053,sangrur,Total,75-79,15697,8018,7679,12526,5664,6862,3171,2354,817
03,053,sangrur,Total,80+,25501,12815,12686,21139,9754,11385,4362,3061,1301
03,053,sangrur,Total,Age not stated,4084,2135,1949,1521,706,815,2563,1429,1134
03,053,sangrur,Rural,All ages,1139204,604653,534551,480347,227066,253281,658857,377587,281270
03,053,sangrur,Rural,0-6,122324,66967,55357,122324,66967,55357,0,0,0
03,053,sangrur,Rural,7,19049,10442,8607,4659,2490,2169,14390,7952,6438
03,053,sangrur,Rural,8,18936,10608,8328,1949,1041,908,16987,9567,7420
03,053,sangrur,Rural,9,18863,10717,8146,1341,738,603,17522,9979,7543
03,053,sangrur,Rural,10,21899,12473,9426,1666,896,770,20233,11577,8656
03,053,sangrur,Rural,11,20141,11442,8699,1054,588,466,19087,10854,8233
03,053,sangrur,Rural,12,21435,12053,9382,1127,593,534,20308,11460,8848
03,053,sangrur,Rural,13,21206,11859,9347,1033,514,519,20173,11345,8828
03,053,sangrur,Rural,14,21953,12161,9792,1291,715,576,20662,11446,9216
03,053,sangrur,Rural,15,23231,12809,10422,1662,907,755,21569,11902,9667
03,053,sangrur,Rural,16,23590,13273,10317,1666,917,749,21924,12356,9568
03,053,sangrur,Rural,17,22907,12931,9976,1706,1001,705,21201,11930,9271
03,053,sangrur,Rural,18,26384,14960,11424,2574,1470,1104,23810,13490,10320
03,053,sangrur,Rural,19,22521,12443,10078,2173,1190,983,20348,11253,9095
03,053,sangrur,Rural,20-24,114712,60740,53972,15969,7828,8141,98743,52912,45831
03,053,sangrur,Rural,25-29,95719,49625,46094,20671,9032,11639,75048,40593,34455
03,053,sangrur,Rural,30-34,80653,41166,39487,25702,10722,14980,54951,30444,24507
03,053,sangrur,Rural,35-39,76875,38924,37951,33075,13870,19205,43800,25054,18746
03,053,sangrur,Rural,40-44,73534,37180,36354,36969,15563,21406,36565,21617,14948
03,053,sangrur,Rural,45-49,64757,33534,31223,35992,15369,20623,28765,18165,10600
03,053,sangrur,Rural,50-54,50072,26963,23109,30492,13914,16578,19580,13049,6531
03,053,sangrur,Rural,55-59,37107,18477,18630,24258,9786,14472,12849,8691,4158
03,053,sangrur,Rural,60-64,46313,22465,23848,34632,14402,20230,11681,8063,3618
03,053,sangrur,Rural,65-69,34843,18460,16383,27026,12497,14529,7817,5963,1854
03,053,sangrur,Rural,70-74,25130,13978,11152,20727,10487,10240,4403,3491,912
03,053,sangrur,Rural,75-79,11844,6122,5722,10120,4763,5357,1724,1359,365
03,053,sangrur,Rural,80+,19985,10189,9796,17256,8228,9028,2729,1961,768
03,053,sangrur,Rural,Age not stated,3221,1692,1529,1233,578,655,1988,1114,874
03,053,sangrur,Urban,All ages,515965,273376,242589,172745,80550,92195,343220,192826,150394
03,053,sangrur,Urban,0-6,59010,31580,27430,59010,31580,27430,0,0,0
03,053,sangrur,Urban,7,8993,4840,4153,2136,1105,1031,6857,3735,3122
03,053,sangrur,Urban,8,9143,5064,4079,1209,635,574,7934,4429,3505
03,053,sangrur,Urban,9,8608,4840,3768,764,408,356,7844,4432,3412
03,053,sangrur,Urban,10,10376,5943,4433,1081,590,491,9295,5353,3942
03,053,sangrur,Urban,11,9166,5205,3961,645,387,258,8521,4818,3703
03,053,sangrur,Urban,12,9804,5461,4343,793,438,355,9011,5023,3988
03,053,sangrur,Urban,13,9557,5336,4221,679,370,309,8878,4966,3912
03,053,sangrur,Urban,14,9506,5292,4214,760,426,334,8746,4866,3880
03,053,sangrur,Urban,15,10260,5800,4460,1094,633,461,9166,5167,3999
03,053,sangrur,Urban,16,10341,5668,4673,983,538,445,9358,5130,4228
03,053,sangrur,Urban,17,9899,5534,4365,892,527,365,9007,5007,4000
03,053,sangrur,Urban,18,12081,6849,5232,1507,908,599,10574,5941,4633
03,053,sangrur,Urban,19,9979,5573,4406,1065,608,457,8914,4965,3949
03,053,sangrur,Urban,20-24,54597,29226,25371,7575,3771,3804,47022,25455,21567
03,053,sangrur,Urban,25-29,48126,25317,22809,8510,3884,4626,39616,21433,18183
03,053,sangrur,Urban,30-34,39942,20592,19350,9391,3899,5492,30551,16693,13858
03,053,sangrur,Urban,35-39,36793,18740,18053,11146,4569,6577,25647,14171,11476
03,053,sangrur,Urban,40-44,33016,16826,16190,11505,4755,6750,21511,12071,9440
03,053,sangrur,Urban,45-49,29578,15138,14440,10827,4332,6495,18751,10806,7945
03,053,sangrur,Urban,50-54,24031,12663,11368,9085,3943,5142,14946,8720,6226
03,053,sangrur,Urban,55-59,17729,9035,8694,6858,2450,4408,10871,6585,4286
03,053,sangrur,Urban,60-64,16686,8441,8245,8192,3141,5051,8494,5300,3194
03,053,sangrur,Urban,65-69,10607,5398,5209,5612,2138,3474,4995,3260,1735
03,053,sangrur,Urban,70-74,7905,4050,3855,4849,1960,2889,3056,2090,966
03,053,sangrur,Urban,75-79,3853,1896,1957,2406,901,1505,1447,995,452
03,053,sangrur,Urban,80+,5516,2626,2890,3883,1526,2357,1633,1100,533
03,053,sangrur,Urban,Age not stated,863,443,420,288,128,160,575,315,260
03,054,barnala,Total,All ages,595527,317522,278005,235696,115523,120173,359831,201999,157832
03,054,barnala,Total,0-6,64987,35266,29721,64987,35266,29721,0,0,0
03,054,barnala,Total,7,10312,5490,4822,2327,1228,1099,7985,4262,3723
03,054,barnala,Total,8,10505,5751,4754,1156,652,504,9349,5099,4250
03,054,barnala,Total,9,10022,5686,4336,719,435,284,9303,5251,4052
03,054,barnala,Total,10,11418,6579,4839,866,490,376,10552,6089,4463
03,054,barnala,Total,11,10469,5878,4591,600,352,248,9869,5526,4343
03,054,barnala,Total,12,11133,6248,4885,753,433,320,10380,5815,4565
03,054,barnala,Total,13,10980,6052,4928,655,388,267,10325,5664,4661
03,054,barnala,Total,14,11242,6213,5029,799,474,325,10443,5739,4704
03,054,barnala,Total,15,11926,6739,5187,1095,649,446,10831,6090,4741
03,054,barnala,Total,16,11809,6513,5296,1039,594,445,10770,5919,4851
03,054,barnala,Total,17,11447,6398,5049,1018,627,391,10429,5771,4658
03,054,barnala,Total,18,13414,7697,5717,1672,1030,642,11742,6667,5075
03,054,barnala,Total,19,11233,6300,4933,1159,680,479,10074,5620,4454
03,054,barnala,Total,20-24,59675,32383,27292,9013,4903,4110,50662,27480,23182
03,054,barnala,Total,25-29,52035,27145,24890,10954,5218,5736,41081,21927,19154
03,054,barnala,Total,30-34,45384,23422,21962,13231,5930,7301,32153,17492,14661
03,054,barnala,Total,35-39,41471,21434,20037,15718,7072,8646,25753,14362,11391
03,054,barnala,Total,40-44,38112,19529,18583,17086,7686,9400,21026,11843,9183
03,054,barnala,Total,45-49,33446,17261,16185,16380,7373,9007,17066,9888,7178
03,054,barnala,Total,50-54,27577,14726,12851,14577,6877,7700,13000,7849,5151
03,054,barnala,Total,55-59,20794,10486,10308,11480,4768,6712,9314,5718,3596
03,054,barnala,Total,60-64,22958,11598,11360,15423,6814,8609,7535,4784,2751
03,054,barnala,Total,65-69,15540,8251,7289,10959,5056,5903,4581,3195,1386
03,054,barnala,Total,70-74,12078,6647,5431,9384,4686,4698,2694,1961,733
03,054,barnala,Total,75-79,5984,3099,2885,4802,2253,2549,1182,846,336
03,054,barnala,Total,80+,9146,4516,4630,7674,3521,4153,1472,995,477
03,054,barnala,Total,Age not stated,430,215,215,170,68,102,260,147,113
03,054,barnala,Rural,All ages,404842,215210,189632,170436,83694,86742,234406,131516,102890
03,054,barnala,Rural,0-6,42761,23151,19610,42761,23151,19610,0,0,0
03,054,barnala,Rural,7,6902,3677,3225,1476,799,677,5426,2878,2548
03,054,barnala,Rural,8,7020,3872,3148,704,412,292,6316,3460,2856
03,054,barnala,Rural,9,6877,3880,2997,436,269,167,6441,3611,2830
03,054,barnala,Rural,10,7622,4363,3259,504,292,212,7118,4071,3047
03,054,barnala,Rural,11,7189,4062,3127,347,213,134,6842,3849,2993
03,054,barnala,Rural,12,7570,4240,3330,420,242,178,7150,3998,3152
03,054,barnala,Rural,13,7570,4176,3394,390,232,158,7180,3944,3236
03,054,barnala,Rural,14,7738,4314,3424,490,307,183,7248,4007,3241
03,054,barnala,Rural,15,8173,4606,3567,647,376,271,7526,4230,3296
03,054,barnala,Rural,16,8175,4517,3658,671,385,286,7504,4132,3372
03,054,barnala,Rural,17,7932,4409,3523,658,417,241,7274,3992,3282
03,054,barnala,Rural,18,9020,5151,3869,1037,642,395,7983,4509,3474
03,054,barnala,Rural,19,7757,4342,3415,779,480,299,6978,3862,3116
03,054,barnala,Rural,20-24,40123,21621,18502,5960,3255,2705,34163,18366,15797
03,054,barnala,Rural,25-29,34200,17603,16597,7606,3612,3994,26594,13991,12603
03,054,barnala,Rural,30-34,30187,15485,14702,9693,4380,5313,20494,11105,9389
03,054,barnala,Rural,35-39,27659,14162,13497,11638,5280,6358,16021,8882,7139
03,054,barnala,Rural,40-44,25886,13274,12612,12869,5875,6994,13017,7399,5618
03,054,barnala,Rural,45-49,22714,11668,11046,12439,5613,6826,10275,6055,4220
03,054,barnala,Rural,50-54,18564,9947,8617,11188,5310,5878,7376,4637,2739
03,054,barnala,Rural,55-59,13999,6982,7017,8912,3751,5161,5087,3231,1856
03,054,barnala,Rural,60-64,16622,8349,8273,12320,5505,6815,4302,2844,1458
03,054,barnala,Rural,65-69,11635,6274,5361,8811,4192,4619,2824,2082,742
03,054,barnala,Rural,70-74,9057,5039,4018,7512,3848,3664,1545,1191,354
03,054,barnala,Rural,75-79,4453,2351,2102,3832,1884,1948,621,467,154
03,054,barnala,Rural,80+,7086,3522,3564,6193,2917,3276,893,605,288
03,054,barnala,Rural,Age not stated,351,173,178,143,55,88,208,118,90
03,054,barnala,Urban,All ages,190685,102312,88373,65260,31829,33431,125425,70483,54942
03,054,barnala,Urban,0-6,22226,12115,10111,22226,12115,10111,0,0,0
03,054,barnala,Urban,7,3410,1813,1597,851,429,422,2559,1384,1175
03,054,barnala,Urban,8,3485,1879,1606,452,240,212,3033,1639,1394
03,054,barnala,Urban,9,3145,1806,1339,283,166,117,2862,1640,1222
03,054,barnala,Urban,10,3796,2216,1580,362,198,164,3434,2018,1416
03,054,barnala,Urban,11,3280,1816,1464,253,139,114,3027,1677,1350
03,054,barnala,Urban,12,3563,2008,1555,333,191,142,3230,1817,1413
03,054,barnala,Urban,13,3410,1876,1534,265,156,109,3145,1720,1425
03,054,barnala,Urban,14,3504,1899,1605,309,167,142,3195,1732,1463
03,054,barnala,Urban,15,3753,2133,1620,448,273,175,3305,1860,1445
03,054,barnala,Urban,16,3634,1996,1638,368,209,159,3266,1787,1479
03,054,barnala,Urban,17,3515,1989,1526,360,210,150,3155,1779,1376
03,054,barnala,Urban,18,4394,2546,1848,635,388,247,3759,2158,1601
03,054,barnala,Urban,19,3476,1958,1518,380,200,180,3096,1758,1338
03,054,barnala,Urban,20-24,19552,10762,8790,3053,1648,1405,16499,9114,7385
03,054,barnala,Urban,25-29,17835,9542,8293,3348,1606,1742,14487,7936,6551
03,054,barnala,Urban,30-34,15197,7937,7260,3538,1550,1988,11659,6387,5272
03,054,barnala,Urban,35-39,13812,7272,6540,4080,1792,2288,9732,5480,4252
03,054,barnala,Urban,40-44,12226,6255,5971,4217,1811,2406,8009,4444,3565
03,054,barnala,Urban,45-49,10732,5593,5139,3941,1760,2181,6791,3833,2958
03,054,barnala,Urban,50-54,9013,4779,4234,3389,1567,1822,5624,3212,2412
03,054,barnala,Urban,55-59,6795,3504,3291,2568,1017,1551,4227,2487,1740
03,054,barnala,Urban,60-64,6336,3249,3087,3103,1309,1794,3233,1940,1293
03,054,barnala,Urban,65-69,3905,1977,1928,2148,864,1284,1757,1113,644
03,054,barnala,Urban,70-74,3021,1608,1413,1872,838,1034,1149,770,379
03,054,barnala,Urban,75-79,1531,748,783,970,369,601,561,379,182
03,054,barnala,Urban,80+,2060,994,1066,1481,604,877,579,390,189
03,054,barnala,Urban,Age not stated,79,42,37,27,13,14,52,29,23
33,602,thiruvallur,Total,All ages,3728104,1876062,1852042,936383,380351,556032,2791721,1495711,1296010
33,602,thiruvallur,Total,0-6,405669,208449,197220,405669,208449,197220,0,0,0
33,602,thiruvallur,Total,7,57345,29161,28184,9914,4942,4972,47431,24219,23212
33,602,thiruvallur,Total,8,56653,28844,27809,4106,1997,2109,52547,26847,25700
33,602,thiruvallur,Total,9,57029,29252,27777,2400,1173,1227,54629,28079,26550
33,602,thiruvallur,Total,10,65148,33567,31581,2347,1160,1187,62801,32407,30394
33,602,thiruvallur,Total,11,61063,31198,29865,1350,649,701,59713,30549,29164
33,602,thiruvallur,Total,12,59230,30415,28815,1117,519,598,58113,29896,28217
33,602,thiruvallur,Total,13,60826,31151,29675,1083,491,592,59743,30660,29083
33,602,thiruvallur,Total,14,60061,31058,29003,1075,490,585,58986,30568,28418
33,602,thiruvallur,Total,15,62034,32128,29906,1361,649,712,60673,31479,29194
33,602,thiruvallur,Total,16,57035,29388,27647,1179,523,656,55856,28865,26991
33,602,thiruvallur,Total,17,58954,30466,28488,1324,564,760,57630,29902,27728
33,602,thiruvallur,Total,18,67693,34935,32758,2022,868,1154,65671,34067,31604
33,602,thiruvallur,Total,19,66348,34018,32330,2082,797,1285,64266,33221,31045
33,602,thiruvallur,Total,20-24,352453,171058,181395,17507,5871,11636,334946,165187,169759
33,602,thiruvallur,Total,25-29,377755,181729,196026,31932,10327,21605,345823,171402,174421
33,602,thiruvallur,Total,30-34,329590,166244,163346,38946,11977,26969,290644,154267,136377
33,602,thiruvallur,Total,35-39,323037,160207,162830,62017,18365,43652,261020,141842,119178
33,602,thiruvallur,Total,40-44,265775,137910,127865,60367,20285,40082,205408,117625,87783
33,602,thiruvallur,Total,45-49,236373,121219,115154,62898,21152,41746,173475,100067,73408
33,602,thiruvallur,Total,50-54,181870,93737,88133,50779,16716,34063,131091,77021,54070
33,602,thiruvallur,Total,55-59,146979,74924,72055,44269,13764,30505,102710,61160,41550
33,602,thiruvallur,Total,60-64,124619,62816,61803,45877,14204,31673,78742,48612,30130
33,602,thiruvallur,Total,65-69,76318,36811,39507,31708,9307,22401,44610,27504,17106
33,602,thiruvallur,Total,70-74,56084,27202,28882,25331,7571,17760,30753,19631,11122
33,602,thiruvallur,Total,75-79,27792,13290,14502,11915,3442,8473,15877,9848,6029
33,602,thiruvallur,Total,80+,29952,12509,17443,14912,3776,11136,15040,8733,6307
33,602,thiruvallur,Total,Age not stated,4419,2376,2043,896,323,573,3523,2053,1470
33,602,thiruvallur,Rural,All ages,1299709,650462,649247,440009,174263,265746,859700,476199,383501
33,602,thiruvallur,Rural,0-6,141907,72902,69005,141907,72902,69005,0,0,0
33,602,thiruvallur,Rural,7,20726,10533,10193,3696,1855,1841,17030,8678,8352
33,602,thiruvallur,Rural,8,20930,10676,10254,1524,758,766,19406,9918,9488
33,602,thiruvallur,Rural,9,20858,10735,10123,832,423,409,20026,10312,9714
33,602,thiruvallur,Rural,10,24466,12673,11793,864,435,429,23602,12238,11364
33,602,thiruvallur,Rural,11,22584,11400,11184,531,247,284,22053,11153,10900
33,602,thiruvallur,Rural,12,22990,11850,11140,511,244,267,22479,11606,10873
33,602,thiruvallur,Rural,13,23185,11909,11276,552,251,301,22633,11658,10975
33,602,thiruvallur,Rural,14,23179,11903,11276,534,232,302,22645,11671,10974
33,602,thiruvallur,Rural,15,24234,12590,11644,719,346,373,23515,12244,11271
33,602,thiruvallur,Rural,16,21904,11293,10611,574,249,325,21330,11044,10286
33,602,thiruvallur,Rural,17,23021,12156,10865,666,280,386,22355,11876,10479
33,602,thiruvallur,Rural,18,27280,14265,13015,1072,460,612,26208,13805,12403
33,602,thiruvallur,Rural,19,25549,13269,12280,1038,402,636,24511,12867,11644
33,602,thiruvallur,Rural,20-24,126236,62487,63749,9357,3003,6354,116879,59484,57395
33,602,thiruvallur,Rural,25-29,125569,62191,63378,17630,5589,12041,107939,56602,51337
33,602,thiruvallur,Rural,30-34,103198,51717,51481,22106,6777,15329,81092,44940,36152
33,602,thiruvallur,Rural,35-39,108724,52309,56415,36168,10916,25252,72556,41393,31163
33,602,thiruvallur,Rural,40-44,88540,45168,43372,35243,12359,22884,53297,32809,20488
33,602,thiruvallur,Rural,45-49,80910,41015,39895,36436,12947,23489,44474,28068,16406
33,602,thiruvallur,Rural,50-54,60802,30595,30207,29749,10471,19278,31053,20124,10929
33,602,thiruvallur,Rural,55-59,49026,23961,25065,25664,8653,17011,23362,15308,8054
33,602,thiruvallur,Rural,60-64,44815,21378,23437,27371,9314,18057,17444,12064,5380
33,602,thiruvallur,Rural,65-69,27751,12614,15137,17984,5981,12003,9767,6633,3134
33,602,thiruvallur,Rural,70-74,20773,9642,11131,14109,4879,9230,6664,4763,1901
33,602,thiruvallur,Rural,75-79,9093,4199,4894,5952,2017,3935,3141,2182,959
33,602,thiruvallur,Rural,80+,10031,4238,5793,6906,2143,4763,3125,2095,1030
33,602,thiruvallur,Rural,Age not stated,1428,794,634,314,130,184,1114,664,450
33,602,thiruvallur,Urban,All ages,2428395,1225600,1202795,496374,206088,290286,1932021,1019512,912509
33,602,thiruvallur,Urban,0-6,263762,135547,128215,263762,135547,128215,0,0,0
33,602,thiruvallur,Urban,7,36619,18628,17991,6218,3087,3131,30401,15541,14860
33,602,thiruvallur,Urban,8,35723,18168,17555,2582,1239,1343,33141,16929,16212
33,602,thiruvallur,Urban,9,36171,18517,17654,1568,750,818,34603,17767,16836
33,602,thiruvallur,Urban,10,40682,20894,19788,1483,725,758,39199,20169,19030
33,602,thiruvallur,Urban,11,38479,19798,18681,819,402,417,37660,19396,18264
33,602,thiruvallur,Urban,12,36240,18565,17675,606,275,331,35634,18290,17344
33,602,thiruvallur,Urban,13,37641,19242,18399,531,240,291,37110,19002,18108
33,602,thiruvallur,Urban,14,36882,19155,17727,541,258,283,36341,18897,17444
33,602,thiruvallur,Urban,15,37800,19538,18262,642,303,339,37158,19235,17923
33,602,thiruvallur,Urban,16,35131,18095,17036,605,274,331,34526,17821,16705
33,602,thiruvallur,Urban,17,35933,18310,17623,658,284,374,35275,18026,17249
33,602,thiruvallur,Urban,18,40413,20670,19743,950,408,542,39463,20262,19201
33,602,thiruvallur,Urban,19,40799,20749,20050,1044,395,649,39755,20354,19401
33,602,thiruvallur,Urban,20-24,226217,108571,117646,8150,2868,5282,218067,105703,112364
33,602,thiruvallur,Urban,25-29,252186,119538,132648,14302,4738,9564,237884,114800,123084
33,602,thiruvallur,Urban,30-34,226392,114527,111865,16840,5200,11640,209552,109327,100225
33,602,thiruvallur,Urban,35-39,214313,107898,106415,25849,7449,18400,188464,100449,88015
33,602,thiruvallur,Urban,40-44,177235,92742,84493,25124,7926,17198,152111,84816,67295
33,602,thiruvallur,Urban,45-49,155463,80204,75259,26462,8205,18257,129001,71999,57002
33,602,thiruvallur,Urban,50-54,121068,63142,57926,21030,6245,14785,100038,56897,43141
33,602,thiruvallur,Urban,55-59,97953,50963,46990,18605,5111,13494,79348,45852,33496
33,602,thiruvallur,Urban,60-64,79804,41438,38366,18506,4890,13616,61298,36548,24750
33,602,thiruvallur,Urban,65-69,48567,24197,24370,13724,3326,10398,34843,20871,13972
33,602,thiruvallur,Urban,70-74,35311,17560,17751,11222,2692,8530,24089,14868,9221
33,602,thiruvallur,Urban,75-79,18699,9091,9608,5963,1425,4538,12736,7666,5070
33,602,thiruvallur,Urban,80+,19921,8271,11650,8006,1633,6373,11915,6638,5277
33,602,thiruvallur,Urban,Age not stated,2991,1582,1409,582,193,389,2409,1389,1020
33,603,chennai,Total,All ages,4646732,2335844,2310888,870456,367765,502691,3776276,1968079,1808197
33,603,chennai,Total,0-6,459324,235519,223805,459324,235519,223805,0,0,0
33,603,chennai,Total,7,65069,33449,31620,9058,4612,4446,56011,28837,27174
33,603,chennai,Total,8,62800,32019,30781,4222,2101,2121,58578,29918,28660
33,603,chennai,Total,9,63951,32464,31487,2774,1307,1467,61177,31157,30020
33,603,chennai,Total,10,73577,37776,35801,2757,1323,1434,70820,36453,34367
33,603,chennai,Total,11,68990,35448,33542,1537,715,822,67453,34733,32720
33,603,chennai,Total,12,67301,34192,33109,1290,559,731,66011,33633,32378
33,603,chennai,Total,13,68833,35019,33814,1188,514,674,67645,34505,33140
33,603,chennai,Total,14,68849,35564,33285,1156,516,640,67693,35048,32645
33,603,chennai,Total,15,71848,36782,35066,1493,677,816,70355,36105,34250
33,603,chennai,Total,16,66543,34277,32266,1261,565,696,65282,33712,31570
33,603,chennai,Total,17,69427,35510,33917,1455,655,800,67972,34855,33117
33,603,chennai,Total,18,78218,39842,38376,2101,934,1167,76117,38908,37209
33,603,chennai,Total,19,79010,40042,38968,2305,1014,1291,76705,39028,37677
33,603,chennai,Total,20-24,432978,210171,222807,18086,7281,10805,414892,202890,212002
33,603,chennai,Total,25-29,474939,229283,245656,29426,10738,18688,445513,218545,226968
33,603,chennai,Total,30-34,421267,212410,208857,32341,11417,20924,388926,200993,187933
33,603,chennai,Total,35-39,400825,199789,201036,45190,14400,30790,355635,185389,170246
33,603,chennai,Total,40-44,342791,176730,166061,43271,14497,28774,299520,162233,137287
33,603,chennai,Total,45-49,304019,155128,148891,43708,14324,29384,260311,140804,119507
33,603,chennai,Total,50-54,242702,125698,117004,34016,10469,23547,208686,115229,93457
33,603,chennai,Total,55-59,199349,103036,96313,30722,8686,22036,168627,94350,74277
33,603,chennai,Total,60-64,166522,83769,82753,31257,8253,23004,135265,75516,59749
33,603,chennai,Total,65-69,107096,51419,55677,23446,5696,17750,83650,45723,37927
33,603,chennai,Total,70-74,83270,40292,42978,19953,4871,15082,63317,35421,27896
33,603,chennai,Total,75-79,49412,24083,25329,11248,2625,8623,38164,21458,16706
33,603,chennai,Total,80+,50928,22468,28460,14513,2989,11524,36415,19479,16936
33,603,chennai,Total,Age not stated,6894,3665,3229,1358,508,850,5536,3157,2379
33,603,chennai,Rural,All ages,0,0,0,0,0,0,0,0,0
33,603,chennai,Rural,0-6,0,0,0,0,0,0,0,0,0
33,603,chennai,Rural,7,0,0,0,0,0,0,0,0,0
33,603,chennai,Rural,8,0,0,0,0,0,0,0,0,0
33,603,chennai,Rural,9,0,0,0,0,0,0,0,0,0
33,603,chennai,Rural,10,0,0,0,0,0,0,0,0,0
33,603,chennai,Rural,11,0,0,0,0,0,0,0,0,0
33,603,chennai,Rural,12,0,0,0,0,0,0,0,0,0
33,603,chennai,Rural,13,0,0,0,0,0,0,0,0,0
33,603,chennai,Rural,14,0,0,0,0,0,0,0,0,0
33,603,chennai,Rural,15,0,0,0,0,0,0,0,0,0
33,603,chennai,Rural,16,0,0,0,0,0,0,0,0,0
33,603,chennai,Rural,17,0,0,0,0,0,0,0,0,0
33,603,chennai,Rural,18,0,0,0,0,0,0,0,0,0
33,603,chennai,Rural,19,0,0,0,0,0,0,0,0,0
33,603,chennai,Rural,20-24,0,0,0,0,0,0,0,0,0
33,603,chennai,Rural,25-29,0,0,0,0,0,0,0,0,0
33,603,chennai,Rural,30-34,0,0,0,0,0,0,0,0,0
33,603,chennai,Rural,35-39,0,0,0,0,0,0,0,0,0
33,603,chennai,Rural,40-44,0,0,0,0,0,0,0,0,0
33,603,chennai,Rural,45-49,0,0,0,0,0,0,0,0,0
33,603,chennai,Rural,50-54,0,0,0,0,0,0,0,0,0
33,603,chennai,Rural,55-59,0,0,0,0,0,0,0,0,0
33,603,chennai,Rural,60-64,0,0,0,0,0,0,0,0,0
33,603,chennai,Rural,65-69,0,0,0,0,0,0,0,0,0
33,603,chennai,Rural,70-74,0,0,0,0,0,0,0,0,0
33,603,chennai,Rural,75-79,0,0,0,0,0,0,0,0,0
33,603,chennai,Rural,80+,0,0,0,0,0,0,0,0,0
33,603,chennai,Rural,Age not stated,0,0,0,0,0,0,0,0,0
33,603,chennai,Urban,All ages,4646732,2335844,2310888,870456,367765,502691,3776276,1968079,1808197
33,603,chennai,Urban,0-6,459324,235519,223805,459324,235519,223805,0,0,0
33,603,chennai,Urban,7,65069,33449,31620,9058,4612,4446,56011,28837,27174
33,603,chennai,Urban,8,62800,32019,30781,4222,2101,2121,58578,29918,28660
33,603,chennai,Urban,9,63951,32464,31487,2774,1307,1467,61177,31157,30020
33,603,chennai,Urban,10,73577,37776,35801,2757,1323,1434,70820,36453,34367
33,603,chennai,Urban,11,68990,35448,33542,1537,715,822,67453,34733,32720
33,603,chennai,Urban,12,67301,34192,33109,1290,559,731,66011,33633,32378
33,603,chennai,Urban,13,68833,35019,33814,1188,514,674,67645,34505,33140
33,603,chennai,Urban,14,68849,35564,33285,1156,516,640,67693,35048,32645
33,603,chennai,Urban,15,71848,36782,35066,1493,677,816,70355,36105,34250
33,603,chennai,Urban,16,66543,34277,32266,1261,565,696,65282,33712,31570
33,603,chennai,Urban,17,69427,35510,33917,1455,655,800,67972,34855,33117
33,603,chennai,Urban,18,78218,39842,38376,2101,934,1167,76117,38908,37209
33,603,chennai,Urban,19,79010,40042,38968,2305,1014,1291,76705,39028,37677
33,603,chennai,Urban,20-24,432978,210171,222807,18086,7281,10805,414892,202890,212002
33,603,chennai,Urban,25-29,474939,229283,245656,29426,10738,18688,445513,218545,226968
33,603,chennai,Urban,30-34,421267,212410,208857,32341,11417,20924,388926,200993,187933
33,603,chennai,Urban,35-39,400825,199789,201036,45190,14400,30790,355635,185389,170246
33,603,chennai,Urban,40-44,342791,176730,166061,43271,14497,28774,299520,162233,137287
33,603,chennai,Urban,45-49,304019,155128,148891,43708,14324,29384,260311,140804,119507
33,603,chennai,Urban,50-54,242702,125698,117004,34016,10469,23547,208686,115229,93457
33,603,chennai,Urban,55-59,199349,103036,96313,30722,8686,22036,168627,94350,74277
33,603,chennai,Urban,60-64,166522,83769,82753,31257,8253,23004,135265,75516,59749
33,603,chennai,Urban,65-69,107096,51419,55677,23446,5696,17750,83650,45723,37927
33,603,chennai,Urban,70-74,83270,40292,42978,19953,4871,15082,63317,35421,27896
33,603,chennai,Urban,75-79,49412,24083,25329,11248,2625,8623,38164,21458,16706
33,603,chennai,Urban,80+,50928,22468,28460,14513,2989,11524,36415,19479,16936
33,603,chennai,Urban,Age not stated,6894,3665,3229,1358,508,850,5536,3157,2379
33,604,kancheepuram,Total,All ages,3998252,2012958,1985294,984870,401497,583373,3013382,1611461,1401921
33,604,kancheepuram,Total,0-6,431574,220341,211233,431574,220341,211233,0,0,0
33,604,kancheepuram,Total,7,60028,30905,29123,10606,5384,5222,49422,25521,23901
33,604,kancheepuram,Total,8,57906,29292,28614,4599,2231,2368,53307,27061,26246
33,604,kancheepuram,Total,9,58990,30157,28833,2644,1301,1343,56346,28856,27490
33,604,kancheepuram,Total,10,67188,34548,32640,2513,1235,1278,64675,33313,31362
33,604,kancheepuram,Total,11,62671,32055,30616,1314,624,690,61357,31431,29926
33,604,kancheepuram,Total,12,61783,31601,30182,1055,515,540,60728,31086,29642
33,604,kancheepuram,Total,13,62983,32048,30935,994,465,529,61989,31583,30406
33,604,kancheepuram,Total,14,63029,32289,30740,1088,496,592,61941,31793,30148
33,604,kancheepuram,Total,15,65077,33303,31774,1263,552,711,63814,32751,31063
33,604,kancheepuram,Total,16,60869,31021,29848,1106,482,624,59763,30539,29224
33,604,kancheepuram,Total,17,65113,33944,31169,1245,521,724,63868,33423,30445
33,604,kancheepuram,Total,18,78978,41197,37781,1883,843,1040,77095,40354,36741
33,604,kancheepuram,Total,19,75956,39204,36752,1967,788,1179,73989,38416,35573
33,604,kancheepuram,Total,20-24,391229,190782,200447,17101,6037,11064,374128,184745,189383
33,604,kancheepuram,Total,25-29,413118,199667,213451,32316,10728,21588,380802,188939,191863
33,604,kancheepuram,Total,30-34,351246,180567,170679,39399,12289,27110,311847,168278,143569
33,604,kancheepuram,Total,35-39,333128,166368,166760,63337,18541,44796,269791,147827,121964
33,604,kancheepuram,Total,40-44,271707,140850,130857,61357,20246,41111,210350,120604,89746
33,604,kancheepuram,Total,45-49,244203,123841,120362,65063,21692,43371,179140,102149,76991
33,604,kancheepuram,Total,50-54,191816,97028,94788,51328,16615,34713,140488,80413,60075
33,604,kancheepuram,Total,55-59,158966,79765,79201,46177,14086,32091,112789,65679,47110
33,604,kancheepuram,Total,60-64,135968,68484,67484,47359,14893,32466,88609,53591,35018
33,604,kancheepuram,Total,65-69,87256,42059,45197,34870,10509,24361,52386,31550,20836
33,604,kancheepuram,Total,70-74,67427,33272,34155,29313,9520,19793,38114,23752,14362
33,604,kancheepuram,Total,75-79,35938,18028,17910,14476,4799,9677,21462,13229,8233
33,604,kancheepuram,Total,80+,38524,17452,21072,17692,5307,12385,20832,12145,8687
33,604,kancheepuram,Total,Age not stated,5581,2890,2691,1231,457,774,4350,2433,1917
33,604,kancheepuram,Rural,All ages,1459916,734979,724937,471538,187985,283553,988378,546994,441384
33,604,kancheepuram,Rural,0-6,158626,80899,77727,158626,80899,77727,0,0,0
33,604,kancheepuram,Rural,7,22973,11664,11309,4914,2490,2424,18059,9174,8885
33,604,kancheepuram,Rural,8,22691,11457,11234,2205,1103,1102,20486,10354,10132
33,604,kancheepuram,Rural,9,22922,11655,11267,1165,557,608,21757,11098,10659
33,604,kancheepuram,Rural,10,26100,13445,12655,1067,550,517,25033,12895,12138
33,604,kancheepuram,Rural,11,24285,12387,11898,554,260,294,23731,12127,11604
33,604,kancheepuram,Rural,12,24504,12580,11924,446,232,214,24058,12348,11710
33,604,kancheepuram,Rural,13,25159,12858,12301,416,205,211,24743,12653,12090
33,604,kancheepuram,Rural,14,25452,12944,12508,489,239,250,24963,12705,12258
33,604,kancheepuram,Rural,15,26731,13625,13106,614,281,333,26117,13344,12773
33,604,kancheepuram,Rural,16,25101,12729,12372,496,226,270,24605,12503,12102
33,604,kancheepuram,Rural,17,27854,14672,13182,581,239,342,27273,14433,12840
33,604,kancheepuram,Rural,18,35157,18697,16460,924,427,497,34233,18270,15963
33,604,kancheepuram,Rural,19,32669,17010,15659,952,369,583,31717,16641,15076
33,604,kancheepuram,Rural,20-24,151317,75720,75597,8865,3124,5741,142452,72596,69856
33,604,kancheepuram,Rural,25-29,144258,72091,72167,17592,5754,11838,126666,66337,60329
33,604,kancheepuram,Rural,30-34,114307,58719,55588,22123,6800,15323,92184,51919,40265
33,604,kancheepuram,Rural,35-39,114891,55737,59154,36128,10619,25509,78763,45118,33645
33,604,kancheepuram,Rural,40-44,93210,47637,45573,35507,11981,23526,57703,35656,22047
33,604,kancheepuram,Rural,45-49,86740,43702,43038,37475,13062,24413,49265,30640,18625
33,604,kancheepuram,Rural,50-54,65150,32490,32660,29966,10127,19839,35184,22363,12821
33,604,kancheepuram,Rural,55-59,54095,26404,27691,26971,8770,18201,27124,17634,9490
33,604,kancheepuram,Rural,60-64,48191,23232,24959,28171,9640,18531,20020,13592,6428
33,604,kancheepuram,Rural,65-69,32560,15174,17386,20608,6975,13633,11952,8199,3753
33,604,kancheepuram,Rural,70-74,26032,12761,13271,17213,6396,10817,8819,6365,2454
33,604,kancheepuram,Rural,75-79,12612,6529,6083,7973,3109,4864,4639,3420,1219
33,604,kancheepuram,Rural,80+,13662,6791,6871,8821,3308,5513,4841,3483,1358
33,604,kancheepuram,Rural,Age not stated,2667,1370,1297,676,243,433,1991,1127,864
33,604,kancheepuram,Urban,All ages,2538336,1277979,1260357,513332,213512,299820,2025004,1064467,960537
33,604,kancheepuram,Urban,0-6,272948,139442,133506,272948,139442,133506,0,0,0
33,604,kancheepuram,Urban,7,37055,19241,17814,5692,2894,2798,31363,16347,15016
33,604,kancheepuram,Urban,8,35215,17835,17380,2394,1128,1266,32821,16707,16114
33,604,kancheepuram,Urban,9,36068,18502,17566,1479,744,735,34589,17758,16831
33,604,kancheepuram,Urban,10,41088,21103,19985,1446,685,761,39642,20418,19224
33,604,kancheepuram,Urban,11,38386,19668,18718,760,364,396,37626,19304,18322
33,604,kancheepuram,Urban,12,37279,19021,18258,609,283,326,36670,18738,17932
33,604,kancheepuram,Urban,13,37824,19190,18634,578,260,318,37246,18930,18316
33,604,kancheepuram,Urban,14,37577,19345,18232,599,257,342,36978,19088,17890
33,604,kancheepuram,Urban,15,38346,19678,18668,649,271,378,37697,19407,18290
33,604,kancheepuram,Urban,16,35768,18292,17476,610,256,354,35158,18036,17122
33,604,kancheepuram,Urban,17,37259,19272,17987,664,282,382,36595,18990,17605
33,604,kancheepuram,Urban,18,43821,22500,21321,959,416,543,42862,22084,20778
33,604,kancheepuram,Urban,19,43287,22194,21093,1015,419,596,42272,21775,20497
33,604,kancheepuram,Urban,20-24,239912,115062,124850,8236,2913,5323,231676,112149,119527
33,604,kancheepuram,Urban,25-29,268860,127576,141284,14724,4974,9750,254136,122602,131534
33,604,kancheepuram,Urban,30-34,236939,121848,115091,17276,5489,11787,219663,116359,103304
33,604,kancheepuram,Urban,35-39,218237,110631,107606,27209,7922,19287,191028,102709,88319
33,604,kancheepuram,Urban,40-44,178497,93213,85284,25850,8265,17585,152647,84948,67699
33,604,kancheepuram,Urban,45-49,157463,80139,77324,27588,8630,18958,129875,71509,58366
33,604,kancheepuram,Urban,50-54,126666,64538,62128,21362,6488,14874,105304,58050,47254
33,604,kancheepuram,Urban,55-59,104871,53361,51510,19206,5316,13890,85665,48045,37620
33,604,kancheepuram,Urban,60-64,87777,45252,42525,19188,5253,13935,68589,39999,28590
33,604,kancheepuram,Urban,65-69,54696,26885,27811,14262,3534,10728,40434,23351,17083
33,604,kancheepuram,Urban,70-74,41395,20511,20884,12100,3124,8976,29295,17387,11908
33,604,kancheepuram,Urban,75-79,23326,11499,11827,6503,1690,4813,16823,9809,7014
33,604,kancheepuram,Urban,80+,24862,10661,14201,8871,1999,6872,15991,8662,7329
33,604,kancheepuram,Urban,Age not stated,2914,1520,1394,555,214,341,2359,1306,1053
33,605,vellore,Total,All ages,3936331,1961688,1974643,1162403,457333,705070,2773928,1504355,1269573
33,605,vellore,Total,0-6,432550,222460,210090,432550,222460,210090,0,0,0
33,605,vellore,Total,7,66293,34051,32242,16573,8468,8105,49720,25583,24137
33,605,vellore,Total,8,64970,33259,31711,6790,3442,3348,58180,29817,28363
33,605,vellore,Total,9,64672,33368,31304,3508,1754,1754,61164,31614,29550
33,605,vellore,Total,10,74001,38119,35882,3022,1544,1478,70979,36575,34404
33,605,vellore,Total,11,68123,34717,33406,1711,820,891,66412,33897,32515
33,605,vellore,Total,12,69086,35385,33701,1507,687,820,67579,34698,32881
33,605,vellore,Total,13,70189,35615,34574,1360,556,804,68829,35059,33770
33,605,vellore,Total,14,69517,35525,33992,1479,644,835,68038,34881,33157
33,605,vellore,Total,15,73457,37759,35698,1940,837,1103,71517,36922,34595
33,605,vellore,Total,16,68045,34799,33246,1745,783,962,66300,34016,32284
33,605,vellore,Total,17,70805,36599,34206,1978,895,1083,68827,35704,33123
33,605,vellore,Total,18,80711,41414,39297,2811,1127,1684,77900,40287,37613
33,605,vellore,Total,19,77777,39483,38294,3031,1161,1870,74746,38322,36424
33,605,vellore,Total,20-24,382266,188311,193955,22479,7547,14932,359787,180764,179023
33,605,vellore,Total,25-29,363651,175663,187988,37874,11867,26007,325777,163796,161981
33,605,vellore,Total,30-34,305164,152233,152931,46175,13936,32239,258989,138297,120692
33,605,vellore,Total,35-39,307350,146720,160630,74049,21179,52870,233301,125541,107760
33,605,vellore,Total,40-44,257819,129192,128627,75722,24437,51285,182097,104755,77342
33,605,vellore,Total,45-49,246104,124130,121974,84141,27279,56862,161963,96851,65112
33,605,vellore,Total,50-54,188184,96023,92161,69181,22166,47015,119003,73857,45146
33,605,vellore,Total,55-59,154966,77332,77634,62767,19092,43675,92199,58240,33959
33,605,vellore,Total,60-64,139917,68852,71065,68689,21525,47164,71228,47327,23901
33,605,vellore,Total,65-69,91716,42477,49239,50905,15293,35612,40811,27184,13627
33,605,vellore,Total,70-74,71189,33527,37662,42495,13432,29063,28694,20095,8599
33,605,vellore,Total,75-79,35570,16666,18904,21262,6702,14560,14308,9964,4344
33,605,vellore,Total,80+,39171,16379,22792,25920,7429,18491,13251,8950,4301
33,605,vellore,Total,Age not stated,3068,1630,1438,739,271,468,2329,1359,970
33,605,vellore,Rural,All ages,2234344,1117101,1117243,751413,292794,458619,1482931,824307,658624
33,605,vellore,Rural,0-6,249146,128558,120588,249146,128558,120588,0,0,0
33,605,vellore,Rural,7,38461,19851,18610,9642,4989,4653,28819,14862,13957
33,605,vellore,Rural,8,38058,19716,18342,3913,2020,1893,34145,17696,16449
33,605,vellore,Rural,9,37370,19316,18054,2017,1003,1014,35353,18313,17040
33,605,vellore,Rural,10,42564,22038,20526,1600,801,799,40964,21237,19727
33,605,vellore,Rural,11,39075,20199,18876,953,454,499,38122,19745,18377
33,605,vellore,Rural,12,40007,20598,19409,843,370,473,39164,20228,18936
33,605,vellore,Rural,13,40587,20824,19763,777,311,466,39810,20513,19297
33,605,vellore,Rural,14,40135,20710,19425,873,356,517,39262,20354,18908
33,605,vellore,Rural,15,42516,22124,20392,1187,499,688,41329,21625,19704
33,605,vellore,Rural,16,39051,20316,18735,1036,448,588,38015,19868,18147
33,605,vellore,Rural,17,40101,21081,19020,1116,487,629,38985,20594,18391
33,605,vellore,Rural,18,45007,23328,21679,1605,612,993,43402,22716,20686
33,605,vellore,Rural,19,42317,21550,20767,1807,642,1165,40510,20908,19602
33,605,vellore,Rural,20-24,211517,105204,106313,13809,4386,9423,197708,100818,96890
33,605,vellore,Rural,25-29,204109,99725,104384,24705,7393,17312,179404,92332,87072
33,605,vellore,Rural,30-34,168470,84444,84026,31182,9129,22053,137288,75315,61973
33,605,vellore,Rural,35-39,171655,81400,90255,51304,14324,36980,120351,67076,53275
33,605,vellore,Rural,40-44,143136,71712,71424,53269,17332,35937,89867,54380,35487
33,605,vellore,Rural,45-49,139201,70282,68919,59157,19620,39537,80044,50662,29382
33,605,vellore,Rural,50-54,105501,53213,52288,48804,15938,32866,56697,37275,19422
33,605,vellore,Rural,55-59,87889,43098,44791,44349,14019,30330,43540,29079,14461
33,605,vellore,Rural,60-64,82572,40339,42233,49053,16237,32816,33519,24102,9417
33,605,vellore,Rural,65-69,55717,25789,29928,36400,11675,24725,19317,14114,5203
33,605,vellore,Rural,70-74,43381,20390,22991,30139,10321,19818,13242,10069,3173
33,605,vellore,Rural,75-79,21208,10117,11091,14742,5123,9619,6466,4994,1472
33,605,vellore,Rural,80+,23830,10279,13551,17516,5579,11937,6314,4700,1614
33,605,vellore,Rural,Age not stated,1763,900,863,469,168,301,1294,732,562
33,605,vellore,Urban,All ages,1701987,844587,857400,410990,164539,246451,1290997,680048,610949
33,605,vellore,Urban,0-6,183404,93902,89502,183404,93902,89502,0,0,0
33,605,vellore,Urban,7,27832,14200,13632,6931,3479,3452,20901,10721,10180
33,605,vellore,Urban,8,26912,13543,13369,2877,1422,1455,24035,12121,11914
33,605,vellore,Urban,9,27302,14052,13250,1491,751,740,25811,13301,12510
33,605,vellore,Urban,10,31437,16081,15356,1422,743,679,30015,15338,14677
33,605,vellore,Urban,11,29048,14518,14530,758,366,392,28290,14152,14138
33,605,vellore,Urban,12,29079,14787,14292,664,317,347,28415,14470,13945
33,605,vellore,Urban,13,29602,14791,14811,583,245,338,29019,14546,14473
33,605,vellore,Urban,14,29382,14815,14567,606,288,318,28776,14527,14249
33,605,vellore,Urban,15,30941,15635,15306,753,338,415,30188,15297,14891
33,605,vellore,Urban,16,28994,14483,14511,709,335,374,28285,14148,14137
33,605,vellore,Urban,17,30704,15518,15186,862,408,454,29842,15110,14732
33,605,vellore,Urban,18,35704,18086,17618,1206,515,691,34498,17571,16927
33,605,vellore,Urban,19,35460,17933,17527,1224,519,705,34236,17414,16822
33,605,vellore,Urban,20-24,170749,83107,87642,8670,3161,5509,162079,79946,82133
33,605,vellore,Urban,25-29,159542,75938,83604,13169,4474,8695,146373,71464,74909
33,605,vellore,Urban,30-34,136694,67789,68905,14993,4807,10186,121701,62982,58719
33,605,vellore,Urban,35-39,135695,65320,70375,22745,6855,15890,112950,58465,54485
33,605,vellore,Urban,40-44,114683,57480,57203,22453,7105,15348,92230,50375,41855
33,605,vellore,Urban,45-49,106903,53848,53055,24984,7659,17325,81919,46189,35730
33,605,vellore,Urban,50-54,82683,42810,39873,20377,6228,14149,62306,36582,25724
33,605,vellore,Urban,55-59,67077,34234,32843,18418,5073,13345,48659,29161,19498
33,605,vellore,Urban,60-64,57345,28513,28832,19636,5288,14348,37709,23225,14484
33,605,vellore,Urban,65-69,35999,16688,19311,14505,3618,10887,21494,13070,8424
33,605,vellore,Urban,70-74,27808,13137,14671,12356,3111,9245,15452,10026,5426
33,605,vellore,Urban,75-79,14362,6549,7813,6520,1579,4941,7842,4970,2872
33,605,vellore,Urban,80+,15341,6100,9241,8404,1850,6554,6937,4250,2687
33,605,vellore,Urban,Age not stated,1305,730,575,270,103,167,1035,627,408
33,606,tiruvannamalai,Total,All ages,2464875,1235889,1228986,838062,326086,511976,1626813,909803,717010
33,606,tiruvannamalai,Total,0-6,272569,141205,131364,272569,141205,131364,0,0,0
33,606,tiruvannamalai,Total,7,42227,21509,20718,10138,5114,5024,32089,16395,15694
33,606,tiruvannamalai,Total,8,41515,21176,20339,4184,2074,2110,37331,19102,18229
33,606,tiruvannamalai,Total,9,40093,20527,19566,1960,991,969,38133,19536,18597
33,606,tiruvannamalai,Total,10,45796,23489,22307,1985,970,1015,43811,22519,21292
33,606,tiruvannamalai,Total,11,41203,21239,19964,1046,519,527,40157,20720,19437
33,606,tiruvannamalai,Total,12,42304,22002,20302,1026,474,552,41278,21528,19750
33,606,tiruvannamalai,Total,13,42835,21794,21041,970,412,558,41865,21382,20483
33,606,tiruvannamalai,Total,14,41945,21537,20408,961,419,542,40984,21118,19866
33,606,tiruvannamalai,Total,15,45442,23617,21825,1483,690,793,43959,22927,21032
33,606,tiruvannamalai,Total,16,41506,21701,19805,1092,444,648,40414,21257,19157
33,606,tiruvannamalai,Total,17,43275,22430,20845,1446,582,864,41829,21848,19981
33,606,tiruvannamalai,Total,18,49507,25311,24196,2176,883,1293,47331,24428,22903
33,606,tiruvannamalai,Total,19,46303,23388,22915,2094,747,1347,44209,22641,21568
33,606,tiruvannamalai,Total,20-24,232301,116351,115950,17501,5590,11911,214800,110761,104039
33,606,tiruvannamalai,Total,25-29,232526,114736,117790,32250,9783,22467,200276,104953,95323
33,606,tiruvannamalai,Total,30-34,187753,95414,92339,37587,11334,26253,150166,84080,66086
33,606,tiruvannamalai,Total,35-39,190215,91621,98594,58639,16493,42146,131576,75128,56448
33,606,tiruvannamalai,Total,40-44,155573,78049,77524,58664,18967,39697,96909,59082,37827
33,606,tiruvannamalai,Total,45-49,150363,74404,75959,65191,21301,43890,85172,53103,32069
33,606,tiruvannamalai,Total,50-54,116559,57729,58830,54131,17340,36791,62428,40389,22039
33,606,tiruvannamalai,Total,55-59,101991,49122,52869,50856,15410,35446,51135,33712,17423
33,606,tiruvannamalai,Total,60-64,93070,45574,47496,53304,17587,35717,39766,27987,11779
33,606,tiruvannamalai,Total,65-69,64865,30697,34168,40567,13247,27320,24298,17450,6848
33,606,tiruvannamalai,Total,70-74,50102,24667,25435,32438,11329,21109,17664,13338,4326
33,606,tiruvannamalai,Total,75-79,24993,12855,12138,15861,5805,10056,9132,7050,2082
33,606,tiruvannamalai,Total,80+,26088,12766,13322,17407,6179,11228,8681,6587,2094
33,606,tiruvannamalai,Total,Age not stated,1956,979,977,536,197,339,1420,782,638
33,606,tiruvannamalai,Rural,All ages,1969930,989726,980204,716832,279061,437771,1253098,710665,542433
33,606,tiruvannamalai,Rural,0-6,220384,114349,106035,220384,114349,106035,0,0,0
33,606,tiruvannamalai,Rural,7,34271,17415,16856,8387,4216,4171,25884,13199,12685
33,606,tiruvannamalai,Rural,8,33696,17230,16466,3416,1707,1709,30280,15523,14757
33,606,tiruvannamalai,Rural,9,32288,16510,15778,1585,798,787,30703,15712,14991
33,606,tiruvannamalai,Rural,10,36881,18937,17944,1672,808,864,35209,18129,17080
33,606,tiruvannamalai,Rural,11,33014,17012,16002,836,404,432,32178,16608,15570
33,606,tiruvannamalai,Rural,12,34083,17794,16289,884,392,492,33199,17402,15797
33,606,tiruvannamalai,Rural,13,34344,17499,16845,816,344,472,33528,17155,16373
33,606,tiruvannamalai,Rural,14,33731,17319,16412,817,359,458,32914,16960,15954
33,606,tiruvannamalai,Rural,15,36700,19174,17526,1278,596,682,35422,18578,16844
33,606,tiruvannamalai,Rural,16,33324,17506,15818,941,383,558,32383,17123,15260
33,606,tiruvannamalai,Rural,17,35170,18346,16824,1266,498,768,33904,17848,16056
33,606,tiruvannamalai,Rural,18,40379,20723,19656,1920,762,1158,38459,19961,18498
33,606,tiruvannamalai,Rural,19,37580,19128,18452,1829,642,1187,35751,18486,17265
33,606,tiruvannamalai,Rural,20-24,186664,94434,92230,15305,4831,10474,171359,89603,81756
33,606,tiruvannamalai,Rural,25-29,184581,91765,92816,28310,8485,19825,156271,83280,72991
33,606,tiruvannamalai,Rural,30-34,146077,74735,71342,33194,9997,23197,112883,64738,48145
33,606,tiruvannamalai,Rural,35-39,149277,71400,77877,51664,14572,37092,97613,56828,40785
33,606,tiruvannamalai,Rural,40-44,122043,61139,60904,52001,16958,35043,70042,44181,25861
33,606,tiruvannamalai,Rural,45-49,119345,58774,60571,57683,19211,38472,61662,39563,22099
33,606,tiruvannamalai,Rural,50-54,92650,45582,47068,48052,15661,32391,44598,29921,14677
33,606,tiruvannamalai,Rural,55-59,81214,38821,42393,44767,13928,30839,36447,24893,11554
33,606,tiruvannamalai,Rural,60-64,75182,36634,38548,46977,15901,31076,28205,20733,7472
33,606,tiruvannamalai,Rural,65-69,53411,25351,28060,35743,12061,23682,17668,13290,4378
33,606,tiruvannamalai,Rural,70-74,40982,20295,20687,28386,10303,18083,12596,9992,2604
33,606,tiruvannamalai,Rural,75-79,20201,10521,9680,13614,5203,8411,6587,5318,1269
33,606,tiruvannamalai,Rural,80+,20841,10513,10328,14624,5521,9103,6217,4992,1225
33,606,tiruvannamalai,Rural,Age not stated,1617,820,797,481,171,310,1136,649,487
33,606,tiruvannamalai,Urban,All ages,494945,246163,248782,121230,47025,74205,373715,199138,174577
33,606,tiruvannamalai,Urban,0-6,52185,26856,25329,52185,26856,25329,0,0,0
33,606,tiruvannamalai,Urban,7,7956,4094,3862,1751,898,853,6205,3196,3009
33,606,tiruvannamalai,Urban,8,7819,3946,3873,768,367,401,7051,3579,3472
33,606,tiruvannamalai,Urban,9,7805,4017,3788,375,193,182,7430,3824,3606
33,606,tiruvannamalai,Urban,10,8915,4552,4363,313,162,151,8602,4390,4212
33,606,tiruvannamalai,Urban,11,8189,4227,3962,210,115,95,7979,4112,3867
33,606,tiruvannamalai,Urban,12,8221,4208,4013,142,82,60,8079,4126,3953
33,606,tiruvannamalai,Urban,13,8491,4295,4196,154,68,86,8337,4227,4110
33,606,tiruvannamalai,Urban,14,8214,4218,3996,144,60,84,8070,4158,3912
33,606,tiruvannamalai,Urban,15,8742,4443,4299,205,94,111,8537,4349,4188
33,606,tiruvannamalai,Urban,16,8182,4195,3987,151,61,90,8031,4134,3897
33,606,tiruvannamalai,Urban,17,8105,4084,4021,180,84,96,7925,4000,3925
33,606,tiruvannamalai,Urban,18,9128,4588,4540,256,121,135,8872,4467,4405
33,606,tiruvannamalai,Urban,19,8723,4260,4463,265,105,160,8458,4155,4303
33,606,tiruvannamalai,Urban,20-24,45637,21917,23720,2196,759,1437,43441,21158,22283
33,606,tiruvannamalai,Urban,25-29,47945,22971,24974,3940,1298,2642,44005,21673,22332
33,606,tiruvannamalai,Urban,30-34,41676,20679,20997,4393,1337,3056,37283,19342,17941
33,606,tiruvannamalai,Urban,35-39,40938,20221,20717,6975,1921,5054,33963,18300,15663
33,606,tiruvannamalai,Urban,40-44,33530,16910,16620,6663,2009,4654,26867,14901,11966
33,606,tiruvannamalai,Urban,45-49,31018,15630,15388,7508,2090,5418,23510,13540,9970
33,606,tiruvannamalai,Urban,50-54,23909,12147,11762,6079,1679,4400,17830,10468,7362
33,606,tiruvannamalai,Urban,55-59,20777,10301,10476,6089,1482,4607,14688,8819,5869
33,606,tiruvannamalai,Urban,60-64,17888,8940,8948,6327,1686,4641,11561,7254,4307
33,606,tiruvannamalai,Urban,65-69,11454,5346,6108,4824,1186,3638,6630,4160,2470
33,606,tiruvannamalai,Urban,70-74,9120,4372,4748,4052,1026,3026,5068,3346,1722
33,606,tiruvannamalai,Urban,75-79,4792,2334,2458,2247,602,1645,2545,1732,813
33,606,tiruvannamalai,Urban,80+,5247,2253,2994,2783,658,2125,2464,1595,869
33,606,tiruvannamalai,Urban,Age not stated,339,159,180,55,26,29,284,133,151
33,607,viluppuram,Total,All ages,3458873,1740819,1718054,1263097,506340,756757,2195776,1234479,961297
33,607,viluppuram,Total,0-6,404106,208246,195860,404106,208246,195860,0,0,0
33,607,viluppuram,Total,7,62563,31878,30685,14765,7479,7286,47798,24399,23399
33,607,viluppuram,Total,8,62805,32076,30729,6303,3142,3161,56502,28934,27568
33,607,viluppuram,Total,9,60405,30828,29577,3096,1497,1599,57309,29331,27978
33,607,viluppuram,Total,10,68662,35254,33408,2987,1366,1621,65675,33888,31787
33,607,viluppuram,Total,11,62183,31692,30491,1670,724,946,60513,30968,29545
33,607,viluppuram,Total,12,62526,32269,30257,1601,713,888,60925,31556,29369
33,607,viluppuram,Total,13,63107,32177,30930,1509,625,884,61598,31552,30046
33,607,viluppuram,Total,14,60855,31202,29653,1585,648,937,59270,30554,28716
33,607,viluppuram,Total,15,66099,34183,31916,2426,1039,1387,63673,33144,30529
33,607,viluppuram,Total,16,59663,30695,28968,2082,843,1239,57581,29852,27729
33,607,viluppuram,Total,17,60376,31292,29084,2477,974,1503,57899,30318,27581
33,607,viluppuram,Total,18,69425,35555,33870,3867,1345,2522,65558,34210,31348
33,607,viluppuram,Total,19,65409,33395,32014,4099,1377,2722,61310,32018,29292
33,607,viluppuram,Total,20-24,324432,162030,162402,32782,9944,22838,291650,152086,139564
33,607,viluppuram,Total,25-29,328847,161730,167117,58171,17042,41129,270676,144688,125988
33,607,viluppuram,Total,30-34,263725,134290,129435,64443,19999,44444,199282,114291,84991
33,607,viluppuram,Total,35-39,265040,127893,137147,94033,28221,65812,171007,99672,71335
33,607,viluppuram,Total,40-44,216803,110345,106458,91199,31658,59541,125604,78687,46917
33,607,viluppuram,Total,45-49,204324,102083,102241,98944,34891,64053,105380,67192,38188
33,607,viluppuram,Total,50-54,155981,77509,78472,80926,28457,52469,75055,49052,26003
33,607,viluppuram,Total,55-59,135385,65643,69742,74215,25015,49200,61170,40628,20542
33,607,viluppuram,Total,60-64,124455,61393,63062,76592,27408,49184,47863,33985,13878
33,607,viluppuram,Total,65-69,83597,40489,43108,54781,19763,35018,28816,20726,8090
33,607,viluppuram,Total,70-74,63208,32611,30597,42638,16999,25639,20570,15612,4958
33,607,viluppuram,Total,75-79,30731,16436,14295,20021,8272,11749,10710,8164,2546
33,607,viluppuram,Total,80+,30685,15800,14885,20707,8231,12476,9978,7569,2409
33,607,viluppuram,Total,Age not stated,3476,1825,1651,1072,422,650,2404,1403,1001
33,607,viluppuram,Rural,All ages,2939785,1481475,1458310,1135842,455858,679984,1803943,1025617,778326
33,607,viluppuram,Rural,0-6,347396,179154,168242,347396,179154,168242,0,0,0
33,607,viluppuram,Rural,7,53964,27396,26568,12964,6527,6437,41000,20869,20131
33,607,viluppuram,Rural,8,54213,27656,26557,5509,2747,2762,48704,24909,23795
33,607,viluppuram,Rural,9,51935,26542,25393,2708,1299,1409,49227,25243,23984
33,607,viluppuram,Rural,10,58743,30107,28636,2626,1182,1444,56117,28925,27192
33,607,viluppuram,Rural,11,52936,26967,25969,1461,633,828,51475,26334,25141
33,607,viluppuram,Rural,12,53590,27652,25938,1447,647,800,52143,27005,25138
33,607,viluppuram,Rural,13,53949,27512,26437,1347,561,786,52602,26951,25651
33,607,viluppuram,Rural,14,51782,26471,25311,1428,583,845,50354,25888,24466
33,607,viluppuram,Rural,15,56786,29359,27427,2219,924,1295,54567,28435,26132
33,607,viluppuram,Rural,16,51018,26283,24735,1923,775,1148,49095,25508,23587
33,607,viluppuram,Rural,17,51816,26963,24853,2310,917,1393,49506,26046,23460
33,607,viluppuram,Rural,18,59999,30741,29258,3603,1241,2362,56396,29500,26896
33,607,viluppuram,Rural,19,56360,28816,27544,3847,1287,2560,52513,27529,24984
33,607,viluppuram,Rural,20-24,277531,139678,137853,30623,9303,21320,246908,130375,116533
33,607,viluppuram,Rural,25-29,279549,138208,141341,54183,15862,38321,225366,122346,103020
33,607,viluppuram,Rural,30-34,219545,112511,107034,59582,18543,41039,159963,93968,65995
33,607,viluppuram,Rural,35-39,221145,106568,114577,86460,26128,60332,134685,80440,54245
33,607,viluppuram,Rural,40-44,180882,91673,89209,84118,29409,54709,96764,62264,34500
33,607,viluppuram,Rural,45-49,172021,85484,86537,91094,32391,58703,80927,53093,27834
33,607,viluppuram,Rural,50-54,131342,64945,66397,74493,26577,47916,56849,38368,18481
33,607,viluppuram,Rural,55-59,114346,55040,59306,68066,23351,44715,46280,31689,14591
33,607,viluppuram,Rural,60-64,106683,52547,54136,70163,25613,44550,36520,26934,9586
33,607,viluppuram,Rural,65-69,72564,35272,37292,50255,18588,31667,22309,16684,5625
33,607,viluppuram,Rural,70-74,54546,28410,26136,38764,15942,22822,15782,12468,3314
33,607,viluppuram,Rural,75-79,26241,14287,11954,18035,7718,10317,8206,6569,1637
33,607,viluppuram,Rural,80+,25877,13663,12214,18233,7569,10664,7644,6094,1550
33,607,viluppuram,Rural,Age not stated,3026,1570,1456,985,387,598,2041,1183,858
33,607,viluppuram,Urban,All ages,519088,259344,259744,127255,50482,76773,391833,208862,182971
33,607,viluppuram,Urban,0-6,56710,29092,27618,56710,29092,27618,0,0,0
33,607,viluppuram,Urban,7,8599,4482,4117,1801,952,849,6798,3530,3268
33,607,viluppuram,Urban,8,8592,4420,4172,794,395,399,7798,4025,3773
33,607,viluppuram,Urban,9,8470,4286,4184,388,198,190,8082,4088,3994
33,607,viluppuram,Urban,10,9919,5147,4772,361,184,177,9558,4963,4595
33,607,viluppuram,Urban,11,9247,4725,4522,209,91,118,9038,4634,4404
33,607,viluppuram,Urban,12,8936,4617,4319,154,66,88,8782,4551,4231
33,607,viluppuram,Urban,13,9158,4665,4493,162,64,98,8996,4601,4395
33,607,viluppuram,Urban,14,9073,4731,4342,157,65,92,8916,4666,4250
33,607,viluppuram,Urban,15,9313,4824,4489,207,115,92,9106,4709,4397
33,607,viluppuram,Urban,16,8645,4412,4233,159,68,91,8486,4344,4142
33,607,viluppuram,Urban,17,8560,4329,4231,167,57,110,8393,4272,4121
33,607,viluppuram,Urban,18,9426,4814,4612,264,104,160,9162,4710,4452
33,607,viluppuram,Urban,19,9049,4579,4470,252,90,162,8797,4489,4308
33,607,viluppuram,Urban,20-24,46901,22352,24549,2159,641,1518,44742,21711,23031
33,607,viluppuram,Urban,25-29,49298,23522,25776,3988,1180,2808,45310,22342,22968
33,607,viluppuram,Urban,30-34,44180,21779,22401,4861,1456,3405,39319,20323,18996
33,607,viluppuram,Urban,35-39,43895,21325,22570,7573,2093,5480,36322,19232,17090
33,607,viluppuram,Urban,40-44,35921,18672,17249,7081,2249,4832,28840,16423,12417
33,607,viluppuram,Urban,45-49,32303,16599,15704,7850,2500,5350,24453,14099,10354
33,607,viluppuram,Urban,50-54,24639,12564,12075,6433,1880,4553,18206,10684,7522
33,607,viluppuram,Urban,55-59,21039,10603,10436,6149,1664,4485,14890,8939,5951
33,607,viluppuram,Urban,60-64,17772,8846,8926,6429,1795,4634,11343,7051,4292
33,607,viluppuram,Urban,65-69,11033,5217,5816,4526,1175,3351,6507,4042,2465
33,607,viluppuram,Urban,70-74,8662,4201,4461,3874,1057,2817,4788,3144,1644
33,607,viluppuram,Urban,75-79,4490,2149,2341,1986,554,1432,2504,1595,909
33,607,viluppuram,Urban,80+,4808,2137,2671,2474,662,1812,2334,1475,859
33,607,viluppuram,Urban,Age not stated,450,255,195,87,35,52,363,220,143
33,608,salem,Total,All ages,3482056,1781571,1700485,1196494,496464,700030,2285562,1285107,1000455
33,608,salem,Total,0-6,344960,180002,164958,344960,180002,164958,0,0,0
33,608,salem,Total,7,55768,28934,26834,10957,5682,5275,44811,23252,21559
33,608,salem,Total,8,55753,28847,26906,4096,2092,2004,51657,26755,24902
33,608,salem,Total,9,56033,29334,26699,2111,1088,1023,53922,28246,25676
33,608,salem,Total,10,64108,34390,29718,1978,1012,966,62130,33378,28752
33,608,salem,Total,11,59551,32283,27268,1149,570,579,58402,31713,26689
33,608,salem,Total,12,60836,32944,27892,1068,560,508,59768,32384,27384
33,608,salem,Total,13,62532,33821,28711,1132,560,572,61400,33261,28139
33,608,salem,Total,14,61053,33111,27942,1232,614,618,59821,32497,27324
33,608,salem,Total,15,62738,34599,28139,1620,810,810,61118,33789,27329
33,608,salem,Total,16,57462,31649,25813,1522,801,721,55940,30848,25092
33,608,salem,Total,17,57327,31727,25600,1981,1012,969,55346,30715,24631
33,608,salem,Total,18,63102,34062,29040,2757,1272,1485,60345,32790,27555
33,608,salem,Total,19,60950,32053,28897,3216,1362,1854,57734,30691,27043
33,608,salem,Total,20-24,304269,157656,146613,26633,10564,16069,277636,147092,130544
33,608,salem,Total,25-29,310903,156418,154485,47186,16785,30401,263717,139633,124084
33,608,salem,Total,30-34,270347,137316,133031,56097,19335,36762,214250,117981,96269
33,608,salem,Total,35-39,278643,132965,145678,87899,27978,59921,190744,104987,85757
33,608,salem,Total,40-44,245936,125241,120695,92470,34360,58110,153466,90881,62585
33,608,salem,Total,45-49,234553,119005,115548,101819,38659,63160,132734,80346,52388
33,608,salem,Total,50-54,182937,94021,88916,84552,32040,52512,98385,61981,36404
33,608,salem,Total,55-59,151917,75258,76659,77192,27336,49856,74725,47922,26803
33,608,salem,Total,60-64,139185,69062,70123,81791,30641,51150,57394,38421,18973
33,608,salem,Total,65-69,92450,44255,48195,59073,21574,37499,33377,22681,10696
33,608,salem,Total,70-74,73413,36255,37158,50152,19724,30428,23261,16531,6730
33,608,salem,Total,75-79,34854,17566,17288,23136,9233,13903,11718,8333,3385
33,608,salem,Total,80+,38538,17792,20746,28140,10573,17567,10398,7219,3179
33,608,salem,Total,Age not stated,1938,1005,933,575,225,350,1363,780,583
33,608,salem,Rural,All ages,1707934,883274,824660,699173,292739,406434,1008761,590535,418226
33,608,salem,Rural,0-6,173421,91351,82070,173421,91351,82070,0,0,0
33,608,salem,Rural,7,28461,14979,13482,6031,3173,2858,22430,11806,10624
33,608,salem,Rural,8,28311,14780,13531,2249,1176,1073,26062,13604,12458
33,608,salem,Rural,9,28460,15129,13331,1182,611,571,27278,14518,12760
33,608,salem,Rural,10,32259,17602,14657,1055,562,493,31204,17040,14164
33,608,salem,Rural,11,29690,16427,13263,576,286,290,29114,16141,12973
33,608,salem,Rural,12,30683,17100,13583,550,292,258,30133,16808,13325
33,608,salem,Rural,13,31572,17478,14094,594,283,311,30978,17195,13783
33,608,salem,Rural,14,30568,17091,13477,684,336,348,29884,16755,13129
33,608,salem,Rural,15,31429,17868,13561,913,459,454,30516,17409,13107
33,608,salem,Rural,16,28815,16452,12363,857,438,419,27958,16014,11944
33,608,salem,Rural,17,28490,16314,12176,1162,588,574,27328,15726,11602
33,608,salem,Rural,18,31118,17287,13831,1591,693,898,29527,16594,12933
33,608,salem,Rural,19,30333,16327,14006,1942,780,1162,28391,15547,12844
33,608,salem,Rural,20-24,148901,78919,69982,16143,6132,10011,132758,72787,59971
33,608,salem,Rural,25-29,150884,77109,73775,29248,10070,19178,121636,67039,54597
33,608,salem,Rural,30-34,127683,65743,61940,34683,11787,22896,93000,53956,39044
33,608,salem,Rural,35-39,133288,62891,70397,54790,17348,37442,78498,45543,32955
33,608,salem,Rural,40-44,116757,59521,57236,57979,21902,36077,58778,37619,21159
33,608,salem,Rural,45-49,112899,57208,55691,63793,24927,38866,49106,32281,16825
33,608,salem,Rural,50-54,87748,44927,42821,53094,21011,32083,34654,23916,10738
33,608,salem,Rural,55-59,73122,35573,37549,48023,17743,30280,25099,17830,7269
33,608,salem,Rural,60-64,69421,34290,35131,50723,20177,30546,18698,14113,4585
33,608,salem,Rural,65-69,47206,22582,24624,36400,14262,22138,10806,8320,2486
33,608,salem,Rural,70-74,38154,19192,18962,30699,13148,17551,7455,6044,1411
33,608,salem,Rural,75-79,17291,8917,8374,13796,6058,7738,3495,2859,636
33,608,salem,Rural,80+,20059,9749,10310,16663,7014,9649,3396,2735,661
33,608,salem,Rural,Age not stated,911,468,443,332,132,200,579,336,243
33,608,salem,Urban,All ages,1774122,898297,875825,497321,203725,293596,1276801,694572,582229
33,608,salem,Urban,0-6,171539,88651,82888,171539,88651,82888,0,0,0
33,608,salem,Urban,7,27307,13955,13352,4926,2509,2417,22381,11446,10935
33,608,salem,Urban,8,27442,14067,13375,1847,916,931,25595,13151,12444
33,608,salem,Urban,9,27573,14205,13368,929,477,452,26644,13728,12916
33,608,salem,Urban,10,31849,16788,15061,923,450,473,30926,16338,14588
33,608,salem,Urban,11,29861,15856,14005,573,284,289,29288,15572,13716
33,608,salem,Urban,12,30153,15844,14309,518,268,250,29635,15576,14059
33,608,salem,Urban,13,30960,16343,14617,538,277,261,30422,16066,14356
33,608,salem,Urban,14,30485,16020,14465,548,278,270,29937,15742,14195
33,608,salem,Urban,15,31309,16731,14578,707,351,356,30602,16380,14222
33,608,salem,Urban,16,28647,15197,13450,665,363,302,27982,14834,13148
33,608,salem,Urban,17,28837,15413,13424,819,424,395,28018,14989,13029
33,608,salem,Urban,18,31984,16775,15209,1166,579,587,30818,16196,14622
33,608,salem,Urban,19,30617,15726,14891,1274,582,692,29343,15144,14199
33,608,salem,Urban,20-24,155368,78737,76631,10490,4432,6058,144878,74305,70573
33,608,salem,Urban,25-29,160019,79309,80710,17938,6715,11223,142081,72594,69487
33,608,salem,Urban,30-34,142664,71573,71091,21414,7548,13866,121250,64025,57225
33,608,salem,Urban,35-39,145355,70074,75281,33109,10630,22479,112246,59444,52802
33,608,salem,Urban,40-44,129179,65720,63459,34491,12458,22033,94688,53262,41426
33,608,salem,Urban,45-49,121654,61797,59857,38026,13732,24294,83628,48065,35563
33,608,salem,Urban,50-54,95189,49094,46095,31458,11029,20429,63731,38065,25666
33,608,salem,Urban,55-59,78795,39685,39110,29169,9593,19576,49626,30092,19534
33,608,salem,Urban,60-64,69764,34772,34992,31068,10464,20604,38696,24308,14388
33,608,salem,Urban,65-69,45244,21673,23571,22673,7312,15361,22571,14361,8210
33,608,salem,Urban,70-74,35259,17063,18196,19453,6576,12877,15806,10487,5319
33,608,salem,Urban,75-79,17563,8649,8914,9340,3175,6165,8223,5474,2749
33,608,salem,Urban,80+,18479,8043,10436,11477,3559,7918,7002,4484,2518
33,608,salem,Urban,Age not stated,1027,537,490,243,93,150,784,444,340
33,609,namakkal,Total,All ages,1726601,869280,857321,550470,215968,334502,1176131,653312,522819
33,609,namakkal,Total,0-6,150699,78754,71945,150699,78754,71945,0,0,0
33,609,namakkal,Total,7,24333,12706,11627,4520,2303,2217,19813,10403,9410
33,609,namakkal,Total,8,24366,12632,11734,1581,832,749,22785,11800,10985
33,609,namakkal,Total,9,24366,12779,11587,737,384,353,23629,12395,11234
33,609,namakkal,Total,10,28252,14927,13325,879,446,433,27373,14481,12892
33,609,namakkal,Total,11,26963,14345,12618,472,229,243,26491,14116,12375
33,609,namakkal,Total,12,27132,14614,12518,458,216,242,26674,14398,12276
33,609,namakkal,Total,13,28710,15392,13318,447,203,244,28263,15189,13074
33,609,namakkal,Total,14,29594,16149,13445,486,227,259,29108,15922,13186
33,609,namakkal,Total,15,33859,18442,15417,629,289,340,33230,18153,15077
33,609,namakkal,Total,16,33734,18504,15230,540,265,275,33194,18239,14955
33,609,namakkal,Total,17,32973,18047,14926,641,295,346,32332,17752,14580
33,609,namakkal,Total,18,33567,17813,15754,848,384,464,32719,17429,15290
33,609,namakkal,Total,19,32155,16436,15719,1014,406,608,31141,16030,15111
33,609,namakkal,Total,20-24,142437,70328,72109,8524,3034,5490,133913,67294,66619
33,609,namakkal,Total,25-29,144765,71049,73716,16040,5424,10616,128725,65625,63100
33,609,namakkal,Total,30-34,130990,65742,65248,20923,6682,14241,110067,59060,51007
33,609,namakkal,Total,35-39,135686,64033,71653,35755,10553,25202,99931,53480,46451
33,609,namakkal,Total,40-44,123506,62123,61383,39858,13982,25876,83648,48141,35507
33,609,namakkal,Total,45-49,120231,60100,60131,46402,16375,30027,73829,43725,30104
33,609,namakkal,Total,50-54,96818,48903,47915,40216,13695,26521,56602,35208,21394
33,609,namakkal,Total,55-59,83561,40852,42709,39845,12741,27104,43716,28111,15605
33,609,namakkal,Total,60-64,78439,38099,40340,45504,15307,30197,32935,22792,10143
33,609,namakkal,Total,65-69,54061,25385,28676,34569,11563,23006,19492,13822,5670
33,609,namakkal,Total,70-74,41849,20477,21372,28304,10282,18022,13545,10195,3350
33,609,namakkal,Total,75-79,20559,10082,10477,14154,5180,8974,6405,4902,1503
33,609,namakkal,Total,80+,21777,9923,11854,16142,5795,10347,5635,4128,1507
33,609,namakkal,Total,Age not stated,1219,644,575,283,122,161,936,522,414
33,609,namakkal,Rural,All ages,1030476,520684,509792,358683,140609,218074,671793,380075,291718
33,609,namakkal,Rural,0-6,88858,46845,42013,88858,46845,42013,0,0,0
33,609,namakkal,Rural,7,14545,7594,6951,2552,1313,1239,11993,6281,5712
33,609,namakkal,Rural,8,14480,7562,6918,958,493,465,13522,7069,6453
33,609,namakkal,Rural,9,14513,7637,6876,484,245,239,14029,7392,6637
33,609,namakkal,Rural,10,16607,8865,7742,569,297,272,16038,8568,7470
33,609,namakkal,Rural,11,16165,8710,7455,293,149,144,15872,8561,7311
33,609,namakkal,Rural,12,16103,8750,7353,303,138,165,15800,8612,7188
33,609,namakkal,Rural,13,17339,9404,7935,304,137,167,17035,9267,7768
33,609,namakkal,Rural,14,18121,10201,7920,327,146,181,17794,10055,7739
33,609,namakkal,Rural,15,20981,11910,9071,402,179,223,20579,11731,8848
33,609,namakkal,Rural,16,21514,12448,9066,356,166,190,21158,12282,8876
33,609,namakkal,Rural,17,21238,12030,9208,395,174,221,20843,11856,8987
33,609,namakkal,Rural,18,21547,11449,10098,541,242,299,21006,11207,9799
33,609,namakkal,Rural,19,20538,10400,10138,666,251,415,19872,10149,9723
33,609,namakkal,Rural,20-24,85412,41953,43459,5410,1839,3571,80002,40114,39888
33,609,namakkal,Rural,25-29,84232,41562,42670,10312,3396,6916,73920,38166,35754
33,609,namakkal,Rural,30-34,74742,37741,37001,13545,4244,9301,61197,33497,27700
33,609,namakkal,Rural,35-39,77885,36675,41210,23357,6810,16547,54528,29865,24663
33,609,namakkal,Rural,40-44,70645,35541,35104,26478,9281,17197,44167,26260,17907
33,609,namakkal,Rural,45-49,69497,34480,35017,31081,10970,20111,38416,23510,14906
33,609,namakkal,Rural,50-54,56719,28280,28439,27344,9378,17966,29375,18902,10473
33,609,namakkal,Rural,55-59,50174,24064,26110,27334,8847,18487,22840,15217,7623
33,609,namakkal,Rural,60-64,48514,23350,25164,31397,10875,20522,17117,12475,4642
33,609,namakkal,Rural,65-69,34648,16275,18373,24183,8386,15797,10465,7889,2576
33,609,namakkal,Rural,70-74,27115,13344,13771,19905,7571,12334,7210,5773,1437
33,609,namakkal,Rural,75-79,13265,6544,6721,9956,3851,6105,3309,2693,616
33,609,namakkal,Rural,80+,14253,6664,7589,11168,4297,6871,3085,2367,718
33,609,namakkal,Rural,Age not stated,826,406,420,205,89,116,621,317,304
33,609,namakkal,Urban,All ages,696125,348596,347529,191787,75359,116428,504338,273237,231101
33,609,namakkal,Urban,0-6,61841,31909,29932,61841,31909,29932,0,0,0
33,609,namakkal,Urban,7,9788,5112,4676,1968,990,978,7820,4122,3698
33,609,namakkal,Urban,8,9886,5070,4816,623,339,284,9263,4731,4532
33,609,namakkal,Urban,9,9853,5142,4711,253,139,114,9600,5003,4597
33,609,namakkal,Urban,10,11645,6062,5583,310,149,161,11335,5913,5422
33,609,namakkal,Urban,11,10798,5635,5163,179,80,99,10619,5555,5064
33,609,namakkal,Urban,12,11029,5864,5165,155,78,77,10874,5786,5088
33,609,namakkal,Urban,13,11371,5988,5383,143,66,77,11228,5922,5306
33,609,namakkal,Urban,14,11473,5948,5525,159,81,78,11314,5867,5447
33,609,namakkal,Urban,15,12878,6532,6346,227,110,117,12651,6422,6229
33,609,namakkal,Urban,16,12220,6056,6164,184,99,85,12036,5957,6079
33,609,namakkal,Urban,17,11735,6017,5718,246,121,125,11489,5896,5593
33,609,namakkal,Urban,18,12020,6364,5656,307,142,165,11713,6222,5491
33,609,namakkal,Urban,19,11617,6036,5581,348,155,193,11269,5881,5388
33,609,namakkal,Urban,20-24,57025,28375,28650,3114,1195,1919,53911,27180,26731
33,609,namakkal,Urban,25-29,60533,29487,31046,5728,2028,3700,54805,27459,27346
33,609,namakkal,Urban,30-34,56248,28001,28247,7378,2438,4940,48870,25563,23307
33,609,namakkal,Urban,35-39,57801,27358,30443,12398,3743,8655,45403,23615,21788
33,609,namakkal,Urban,40-44,52861,26582,26279,13380,4701,8679,39481,21881,17600
33,609,namakkal,Urban,45-49,50734,25620,25114,15321,5405,9916,35413,20215,15198
33,609,namakkal,Urban,50-54,40099,20623,19476,12872,4317,8555,27227,16306,10921
33,609,namakkal,Urban,55-59,33387,16788,16599,12511,3894,8617,20876,12894,7982
33,609,namakkal,Urban,60-64,29925,14749,15176,14107,4432,9675,15818,10317,5501
33,609,namakkal,Urban,65-69,19413,9110,10303,10386,3177,7209,9027,5933,3094
33,609,namakkal,Urban,70-74,14734,7133,7601,8399,2711,5688,6335,4422,1913
33,609,namakkal,Urban,75-79,7294,3538,3756,4198,1329,2869,3096,2209,887
33,609,namakkal,Urban,80+,7524,3259,4265,4974,1498,3476,2550,1761,789
33,609,namakkal,Urban,Age not stated,393,238,155,78,33,45,315,205,110
33,610,erode,Total,All ages,2251744,1129868,1121876,759082,301568,457514,1492662,828300,664362
33,610,erode,Total,0-6,195213,99943,95270,195213,99943,95270,0,0,0
33,610,erode,Total,7,30515,15801,14714,4985,2600,2385,25530,13201,12329
33,610,erode,Total,8,29877,15228,14649,1655,857,798,28222,14371,13851
33,610,erode,Total,9,30982,15984,14998,966,473,493,30016,15511,14505
33,610,erode,Total,10,35252,18211,17041,1029,497,532,34223,17714,16509
33,610,erode,Total,11,33746,17501,16245,649,293,356,33097,17208,15889
33,610,erode,Total,12,33680,17351,16329,683,294,389,32997,17057,15940
33,610,erode,Total,13,35177,18312,16865,675,288,387,34502,18024,16478
33,610,erode,Total,14,35322,18437,16885,689,308,381,34633,18129,16504
33,610,erode,Total,15,36440,19442,16998,883,399,484,35557,19043,16514
33,610,erode,Total,16,33565,17916,15649,768,346,422,32797,17570,15227
33,610,erode,Total,17,33451,17954,15497,907,408,499,32544,17546,14998
33,610,erode,Total,18,35661,18953,16708,1149,480,669,34512,18473,16039
33,610,erode,Total,19,34918,17970,16948,1427,546,881,33491,17424,16067
33,610,erode,Total,20-24,178901,88437,90464,12477,4221,8256,166424,84216,82208
33,610,erode,Total,25-29,193843,94572,99271,25183,8103,17080,168660,86469,82191
33,610,erode,Total,30-34,180752,90174,90578,33714,11096,22618,147038,79078,67960
33,610,erode,Total,35-39,185586,88189,97397,53714,17028,36686,131872,71161,60711
33,610,erode,Total,40-44,168825,83648,85177,58805,20891,37914,110020,62757,47263
33,610,erode,Total,45-49,166163,82859,83304,67415,24445,42970,98748,58414,40334
33,610,erode,Total,50-54,136008,69677,66331,58443,21179,37264,77565,48498,29067
33,610,erode,Total,55-59,115616,58008,57608,55939,19187,36752,59677,38821,20856
33,610,erode,Total,60-64,104069,52392,51677,58855,21226,37629,45214,31166,14048
33,610,erode,Total,65-69,73095,35740,37355,45587,16474,29113,27508,19266,8242
33,610,erode,Total,70-74,54398,27376,27022,35838,13964,21874,18560,13412,5148
33,610,erode,Total,75-79,29010,14706,14304,19259,7566,11693,9751,7140,2611
33,610,erode,Total,80+,30099,14295,15804,21727,8278,13449,8372,6017,2355
33,610,erode,Total,Age not stated,1580,792,788,448,178,270,1132,614,518
33,610,erode,Rural,All ages,1093768,552393,541375,438722,176419,262303,655046,375974,279072
33,610,erode,Rural,0-6,92254,47390,44864,92254,47390,44864,0,0,0
33,610,erode,Rural,7,14778,7609,7169,2452,1256,1196,12326,6353,5973
33,610,erode,Rural,8,14394,7364,7030,860,438,422,13534,6926,6608
33,610,erode,Rural,9,15055,7819,7236,531,253,278,14524,7566,6958
33,610,erode,Rural,10,17017,8808,8209,573,272,301,16444,8536,7908
33,610,erode,Rural,11,16330,8509,7821,373,158,215,15957,8351,7606
33,610,erode,Rural,12,16592,8573,8019,456,186,270,16136,8387,7749
33,610,erode,Rural,13,17229,9032,8197,429,188,241,16800,8844,7956
33,610,erode,Rural,14,17239,9080,8159,449,186,263,16790,8894,7896
33,610,erode,Rural,15,17981,9724,8257,570,232,338,17411,9492,7919
33,610,erode,Rural,16,16510,8945,7565,504,226,278,16006,8719,7287
33,610,erode,Rural,17,16267,8992,7275,609,272,337,15658,8720,6938
33,610,erode,Rural,18,17341,9702,7639,778,311,467,16563,9391,7172
33,610,erode,Rural,19,16864,9100,7764,970,362,608,15894,8738,7156
33,610,erode,Rural,20-24,86612,43831,42781,8322,2797,5525,78290,41034,37256
33,610,erode,Rural,25-29,92835,46045,46790,16376,5282,11094,76459,40763,35696
33,610,erode,Rural,30-34,83922,42176,41746,21266,7070,14196,62656,35106,27550
33,610,erode,Rural,35-39,87492,41275,46217,33407,10888,22519,54085,30387,23698
33,610,erode,Rural,40-44,80058,39643,40415,36414,13362,23052,43644,26281,17363
33,610,erode,Rural,45-49,79804,39437,40367,41095,15297,25798,38709,24140,14569
33,610,erode,Rural,50-54,66111,33437,32674,35952,13592,22360,30159,19845,10314
33,610,erode,Rural,55-59,57358,28315,29043,34262,12387,21875,23096,15928,7168
33,610,erode,Rural,60-64,53416,26780,26636,35941,13721,22220,17475,13059,4416
33,610,erode,Rural,65-69,38667,19223,19444,27672,10787,16885,10995,8436,2559
33,610,erode,Rural,70-74,29054,14955,14099,21595,9079,12516,7459,5876,1583
33,610,erode,Rural,75-79,15473,7982,7491,11568,4880,6688,3905,3102,803
33,610,erode,Rural,80+,16222,8193,8029,12773,5439,7334,3449,2754,695
33,610,erode,Rural,Age not stated,893,454,439,271,108,163,622,346,276
33,610,erode,Urban,All ages,1157976,577475,580501,320360,125149,195211,837616,452326,385290
33,610,erode,Urban,0-6,102959,52553,50406,102959,52553,50406,0,0,0
33,610,erode,Urban,7,15737,8192,7545,2533,1344,1189,13204,6848,6356
33,610,erode,Urban,8,15483,7864,7619,795,419,376,14688,7445,7243
33,610,erode,Urban,9,15927,8165,7762,435,220,215,15492,7945,7547
33,610,erode,Urban,10,18235,9403,8832,456,225,231,17779,9178,8601
33,610,erode,Urban,11,17416,8992,8424,276,135,141,17140,8857,8283
33,610,erode,Urban,12,17088,8778,8310,227,108,119,16861,8670,8191
33,610,erode,Urban,13,17948,9280,8668,246,100,146,17702,9180,8522
33,610,erode,Urban,14,18083,9357,8726,240,122,118,17843,9235,8608
33,610,erode,Urban,15,18459,9718,8741,313,167,146,18146,9551,8595
33,610,erode,Urban,16,17055,8971,8084,264,120,144,16791,8851,7940
33,610,erode,Urban,17,17184,8962,8222,298,136,162,16886,8826,8060
33,610,erode,Urban,18,18320,9251,9069,371,169,202,17949,9082,8867
33,610,erode,Urban,19,18054,8870,9184,457,184,273,17597,8686,8911
33,610,erode,Urban,20-24,92289,44606,47683,4155,1424,2731,88134,43182,44952
33,610,erode,Urban,25-29,101008,48527,52481,8807,2821,5986,92201,45706,46495
33,610,erode,Urban,30-34,96830,47998,48832,12448,4026,8422,84382,43972,40410
33,610,erode,Urban,35-39,98094,46914,51180,20307,6140,14167,77787,40774,37013
33,610,erode,Urban,40-44,88767,44005,44762,22391,7529,14862,66376,36476,29900
33,610,erode,Urban,45-49,86359,43422,42937,26320,9148,17172,60039,34274,25765
33,610,erode,Urban,50-54,69897,36240,33657,22491,7587,14904,47406,28653,18753
33,610,erode,Urban,55-59,58258,29693,28565,21677,6800,14877,36581,22893,13688
33,610,erode,Urban,60-64,50653,25612,25041,22914,7505,15409,27739,18107,9632
33,610,erode,Urban,65-69,34428,16517,17911,17915,5687,12228,16513,10830,5683
33,610,erode,Urban,70-74,25344,12421,12923,14243,4885,9358,11101,7536,3565
33,610,erode,Urban,75-79,13537,6724,6813,7691,2686,5005,5846,4038,1808
33,610,erode,Urban,80+,13877,6102,7775,8954,2839,6115,4923,3263,1660
33,610,erode,Urban,Age not stated,687,338,349,177,70,107,510,268,242
33,611,the nilgiris,Total,All ages,735394,360143,375251,165747,60696,105051,569647,299447,270200
33,611,the nilgiris,Total,0-6,66799,33648,33151,66799,33648,33151,0,0,0
33,611,the nilgiris,Total,7,10946,5590,5356,1640,825,815,9306,4765,4541
33,611,the nilgiris,Total,8,11118,5567,5551,521,277,244,10597,5290,5307
33,611,the nilgiris,Total,9,11402,5740,5662,265,122,143,11137,5618,5519
33,611,the nilgiris,Total,10,13761,6862,6899,359,167,192,13402,6695,6707
33,611,the nilgiris,Total,11,13051,6638,6413,194,86,108,12857,6552,6305
33,611,the nilgiris,Total,12,13164,6614,6550,169,75,94,12995,6539,6456
33,611,the nilgiris,Total,13,12707,6404,6303,162,71,91,12545,6333,6212
33,611,the nilgiris,Total,14,12730,6355,6375,177,83,94,12553,6272,6281
33,611,the nilgiris,Total,15,12652,6373,6279,219,90,129,12433,6283,6150
33,611,the nilgiris,Total,16,12155,6188,5967,178,75,103,11977,6113,5864
33,611,the nilgiris,Total,17,11561,5865,5696,214,88,126,11347,5777,5570
33,611,the nilgiris,Total,18,12638,6441,6197,262,111,151,12376,6330,6046
33,611,the nilgiris,Total,19,12409,6444,5965,293,89,204,12116,6355,5761
33,611,the nilgiris,Total,20-24,62158,31109,31049,2222,723,1499,59936,30386,29550
33,611,the nilgiris,Total,25-29,63265,30323,32942,3797,1192,2605,59468,29131,30337
33,611,the nilgiris,Total,30-34,59826,28581,31245,5106,1475,3631,54720,27106,27614
33,611,the nilgiris,Total,35-39,61164,28438,32726,8720,2317,6403,52444,26121,26323
33,611,the nilgiris,Total,40-44,56477,27672,28805,10262,2901,7361,46215,24771,21444
33,611,the nilgiris,Total,45-49,53984,26593,27391,12366,3501,8865,41618,23092,18526
33,611,the nilgiris,Total,50-54,44296,22147,22149,11330,3129,8201,32966,19018,13948
33,611,the nilgiris,Total,55-59,35203,17461,17742,10204,2537,7667,24999,14924,10075
33,611,the nilgiris,Total,60-64,28921,13985,14936,10519,2667,7852,18402,11318,7084
33,611,the nilgiris,Total,65-69,18255,8412,9843,7736,1773,5963,10519,6639,3880
33,611,the nilgiris,Total,70-74,12113,5523,6590,5685,1317,4368,6428,4206,2222
33,611,the nilgiris,Total,75-79,5950,2533,3417,2912,624,2288,3038,1909,1129
33,611,the nilgiris,Total,80+,6066,2335,3731,3310,700,2610,2756,1635,1121
33,611,the nilgiris,Total,Age not stated,623,302,321,126,33,93,497,269,228
33,611,the nilgiris,Rural,All ages,299739,145909,153830,77784,27446,50338,221955,118463,103492
33,611,the nilgiris,Rural,0-6,26292,13212,13080,26292,13212,13080,0,0,0
33,611,the nilgiris,Rural,7,4326,2244,2082,692,357,335,3634,1887,1747
33,611,the nilgiris,Rural,8,4335,2154,2181,228,119,109,4107,2035,2072
33,611,the nilgiris,Rural,9,4483,2270,2213,133,65,68,4350,2205,2145
33,611,the nilgiris,Rural,10,5444,2697,2747,168,71,97,5276,2626,2650
33,611,the nilgiris,Rural,11,5196,2597,2599,106,52,54,5090,2545,2545
33,611,the nilgiris,Rural,12,5242,2673,2569,84,38,46,5158,2635,2523
33,611,the nilgiris,Rural,13,5054,2558,2496,68,33,35,4986,2525,2461
33,611,the nilgiris,Rural,14,5023,2500,2523,88,41,47,4935,2459,2476
33,611,the nilgiris,Rural,15,5093,2637,2456,113,53,60,4980,2584,2396
33,611,the nilgiris,Rural,16,4713,2483,2230,81,33,48,4632,2450,2182
33,611,the nilgiris,Rural,17,4524,2277,2247,93,37,56,4431,2240,2191
33,611,the nilgiris,Rural,18,5019,2557,2462,135,59,76,4884,2498,2386
33,611,the nilgiris,Rural,19,4612,2278,2334,163,51,112,4449,2227,2222
33,611,the nilgiris,Rural,20-24,24495,12118,12377,1146,374,772,23349,11744,11605
33,611,the nilgiris,Rural,25-29,25811,12514,13297,1941,600,1341,23870,11914,11956
33,611,the nilgiris,Rural,30-34,23717,11437,12280,2561,718,1843,21156,10719,10437
33,611,the nilgiris,Rural,35-39,24894,11354,13540,4593,1210,3383,20301,10144,10157
33,611,the nilgiris,Rural,40-44,23193,11267,11926,5436,1545,3891,17757,9722,8035
33,611,the nilgiris,Rural,45-49,22937,11125,11812,6609,1910,4699,16328,9215,7113
33,611,the nilgiris,Rural,50-54,19203,9472,9731,6061,1696,4365,13142,7776,5366
33,611,the nilgiris,Rural,55-59,14766,7226,7540,5308,1331,3977,9458,5895,3563
33,611,the nilgiris,Rural,60-64,12439,5943,6496,5523,1467,4056,6916,4476,2440
33,611,the nilgiris,Rural,65-69,8023,3636,4387,4000,960,3040,4023,2676,1347
33,611,the nilgiris,Rural,70-74,5316,2408,2908,2917,689,2228,2399,1719,680
33,611,the nilgiris,Rural,75-79,2550,1098,1452,1489,344,1145,1061,754,307
33,611,the nilgiris,Rural,80+,2710,1013,1697,1689,366,1323,1021,647,374
33,611,the nilgiris,Rural,Age not stated,329,161,168,67,15,52,262,146,116
33,611,the nilgiris,Urban,All ages,435655,214234,221421,87963,33250,54713,347692,180984,166708
33,611,the nilgiris,Urban,0-6,40507,20436,20071,40507,20436,20071,0,0,0
33,611,the nilgiris,Urban,7,6620,3346,3274,948,468,480,5672,2878,2794
33,611,the nilgiris,Urban,8,6783,3413,3370,293,158,135,6490,3255,3235
33,611,the nilgiris,Urban,9,6919,3470,3449,132,57,75,6787,3413,3374
33,611,the nilgiris,Urban,10,8317,4165,4152,191,96,95,8126,4069,4057
33,611,the nilgiris,Urban,11,7855,4041,3814,88,34,54,7767,4007,3760
33,611,the nilgiris,Urban,12,7922,3941,3981,85,37,48,7837,3904,3933
33,611,the nilgiris,Urban,13,7653,3846,3807,94,38,56,7559,3808,3751
33,611,the nilgiris,Urban,14,7707,3855,3852,89,42,47,7618,3813,3805
33,611,the nilgiris,Urban,15,7559,3736,3823,106,37,69,7453,3699,3754
33,611,the nilgiris,Urban,16,7442,3705,3737,97,42,55,7345,3663,3682
33,611,the nilgiris,Urban,17,7037,3588,3449,121,51,70,6916,3537,3379
33,611,the nilgiris,Urban,18,7619,3884,3735,127,52,75,7492,3832,3660
33,611,the nilgiris,Urban,19,7797,4166,3631,130,38,92,7667,4128,3539
33,611,the nilgiris,Urban,20-24,37663,18991,18672,1076,349,727,36587,18642,17945
33,611,the nilgiris,Urban,25-29,37454,17809,19645,1856,592,1264,35598,17217,18381
33,611,the nilgiris,Urban,30-34,36109,17144,18965,2545,757,1788,33564,16387,17177
33,611,the nilgiris,Urban,35-39,36270,17084,19186,4127,1107,3020,32143,15977,16166
33,611,the nilgiris,Urban,40-44,33284,16405,16879,4826,1356,3470,28458,15049,13409
33,611,the nilgiris,Urban,45-49,31047,15468,15579,5757,1591,4166,25290,13877,11413
33,611,the nilgiris,Urban,50-54,25093,12675,12418,5269,1433,3836,19824,11242,8582
33,611,the nilgiris,Urban,55-59,20437,10235,10202,4896,1206,3690,15541,9029,6512
33,611,the nilgiris,Urban,60-64,16482,8042,8440,4996,1200,3796,11486,6842,4644
33,611,the nilgiris,Urban,65-69,10232,4776,5456,3736,813,2923,6496,3963,2533
33,611,the nilgiris,Urban,70-74,6797,3115,3682,2768,628,2140,4029,2487,1542
33,611,the nilgiris,Urban,75-79,3400,1435,1965,1423,280,1143,1977,1155,822
33,611,the nilgiris,Urban,80+,3356,1322,2034,1621,334,1287,1735,988,747
33,611,the nilgiris,Urban,Age not stated,294,141,153,59,18,41,235,123,112
33,612,dindigul,Total,All ages,2159775,1080938,1078837,677941,264758,413183,1481834,816180,665654
33,612,dindigul,Total,0-6,216576,111955,104621,216576,111955,104621,0,0,0
33,612,dindigul,Total,7,33530,17206,16324,5303,2650,2653,28227,14556,13671
33,612,dindigul,Total,8,32535,16857,15678,1815,887,928,30720,15970,14750
33,612,dindigul,Total,9,34094,17862,16232,1104,565,539,32990,17297,15693
33,612,dindigul,Total,10,38484,19852,18632,1248,640,608,37236,19212,18024
33,612,dindigul,Total,11,36954,19260,17694,742,370,372,36212,18890,17322
33,612,dindigul,Total,12,37245,19461,17784,594,291,303,36651,19170,17481
33,612,dindigul,Total,13,38050,19622,18428,604,263,341,37446,19359,18087
33,612,dindigul,Total,14,37291,19130,18161,618,285,333,36673,18845,17828
33,612,dindigul,Total,15,38651,19876,18775,822,357,465,37829,19519,18310
33,612,dindigul,Total,16,34843,17786,17057,723,297,426,34120,17489,16631
33,612,dindigul,Total,17,34764,18017,16747,808,373,435,33956,17644,16312
33,612,dindigul,Total,18,37653,19484,18169,1105,470,635,36548,19014,17534
33,612,dindigul,Total,19,36502,18477,18025,1282,457,825,35220,18020,17200
33,612,dindigul,Total,20-24,183483,90175,93308,10861,3336,7525,172622,86839,85783
33,612,dindigul,Total,25-29,195079,95094,99985,21916,6467,15449,173163,88627,84536
33,612,dindigul,Total,30-34,169992,83993,85999,29122,8288,20834,140870,75705,65165
33,612,dindigul,Total,35-39,177486,84369,93117,48313,13743,34570,129173,70626,58547
33,612,dindigul,Total,40-44,154892,77319,77573,51408,16789,34619,103484,60530,42954
33,612,dindigul,Total,45-49,145436,73644,71792,56189,19176,37013,89247,54468,34779
33,612,dindigul,Total,50-54,112027,56328,55699,47398,15974,31424,64629,40354,24275
33,612,dindigul,Total,55-59,95170,46370,48800,44307,14041,30266,50863,32329,18534
33,612,dindigul,Total,60-64,90439,44714,45725,48040,16353,31687,42399,28361,14038
33,612,dindigul,Total,65-69,60234,29471,30763,34437,11753,22684,25797,17718,8079
33,612,dindigul,Total,70-74,44298,22516,21782,26726,9785,16941,17572,12731,4841
33,612,dindigul,Total,75-79,20327,10581,9746,11801,4377,7424,8526,6204,2322
33,612,dindigul,Total,80+,21033,9948,11085,13415,4558,8857,7618,5390,2228
33,612,dindigul,Total,Age not stated,2707,1571,1136,664,258,406,2043,1313,730
33,612,dindigul,Rural,All ages,1351735,678605,673130,481464,186869,294595,870271,491736,378535
33,612,dindigul,Rural,0-6,137539,71395,66144,137539,71395,66144,0,0,0
33,612,dindigul,Rural,7,21127,10888,10239,3218,1590,1628,17909,9298,8611
33,612,dindigul,Rural,8,20495,10621,9874,1113,563,550,19382,10058,9324
33,612,dindigul,Rural,9,21397,11303,10094,706,356,350,20691,10947,9744
33,612,dindigul,Rural,10,24224,12484,11740,850,442,408,23374,12042,11332
33,612,dindigul,Rural,11,22956,11965,10991,528,271,257,22428,11694,10734
33,612,dindigul,Rural,12,23401,12228,11173,419,203,216,22982,12025,10957
33,612,dindigul,Rural,13,23861,12325,11536,433,186,247,23428,12139,11289
33,612,dindigul,Rural,14,23255,12057,11198,436,202,234,22819,11855,10964
33,612,dindigul,Rural,15,24065,12398,11667,588,248,340,23477,12150,11327
33,612,dindigul,Rural,16,21584,11041,10543,521,216,305,21063,10825,10238
33,612,dindigul,Rural,17,21829,11416,10413,589,263,326,21240,11153,10087
33,612,dindigul,Rural,18,23722,12395,11327,808,335,473,22914,12060,10854
33,612,dindigul,Rural,19,23118,11809,11309,938,329,609,22180,11480,10700
33,612,dindigul,Rural,20-24,115778,57519,58259,8098,2365,5733,107680,55154,52526
33,612,dindigul,Rural,25-29,122263,60400,61863,16596,4819,11777,105667,55581,50086
33,612,dindigul,Rural,30-34,103331,51397,51934,21908,6179,15729,81423,45218,36205
33,612,dindigul,Rural,35-39,108963,51460,57503,36326,10252,26074,72637,41208,31429
33,612,dindigul,Rural,40-44,94356,47055,47301,38656,12657,25999,55700,34398,21302
33,612,dindigul,Rural,45-49,90363,45319,45044,42408,14563,27845,47955,30756,17199
33,612,dindigul,Rural,50-54,70129,34946,35183,36159,12389,23770,33970,22557,11413
33,612,dindigul,Rural,55-59,59466,28559,30907,33203,10753,22450,26263,17806,8457
33,612,dindigul,Rural,60-64,58194,28987,29207,35998,12719,23279,22196,16268,5928
33,612,dindigul,Rural,65-69,39557,19496,20061,25695,9141,16554,13862,10355,3507
33,612,dindigul,Rural,70-74,28869,14817,14052,19587,7534,12053,9282,7283,1999
33,612,dindigul,Rural,75-79,12628,6695,5933,8386,3338,5048,4242,3357,885
33,612,dindigul,Rural,80+,13175,6366,6809,9269,3373,5896,3906,2993,913
33,612,dindigul,Rural,Age not stated,2090,1264,826,489,188,301,1601,1076,525
33,612,dindigul,Urban,All ages,808040,402333,405707,196477,77889,118588,611563,324444,287119
33,612,dindigul,Urban,0-6,79037,40560,38477,79037,40560,38477,0,0,0
33,612,dindigul,Urban,7,12403,6318,6085,2085,1060,1025,10318,5258,5060
33,612,dindigul,Urban,8,12040,6236,5804,702,324,378,11338,5912,5426
33,612,dindigul,Urban,9,12697,6559,6138,398,209,189,12299,6350,5949
33,612,dindigul,Urban,10,14260,7368,6892,398,198,200,13862,7170,6692
33,612,dindigul,Urban,11,13998,7295,6703,214,99,115,13784,7196,6588
33,612,dindigul,Urban,12,13844,7233,6611,175,88,87,13669,7145,6524
33,612,dindigul,Urban,13,14189,7297,6892,171,77,94,14018,7220,6798
33,612,dindigul,Urban,14,14036,7073,6963,182,83,99,13854,6990,6864
33,612,dindigul,Urban,15,14586,7478,7108,234,109,125,14352,7369,6983
33,612,dindigul,Urban,16,13259,6745,6514,202,81,121,13057,6664,6393
33,612,dindigul,Urban,17,12935,6601,6334,219,110,109,12716,6491,6225
33,612,dindigul,Urban,18,13931,7089,6842,297,135,162,13634,6954,6680
33,612,dindigul,Urban,19,13384,6668,6716,344,128,216,13040,6540,6500
33,612,dindigul,Urban,20-24,67705,32656,35049,2763,971,1792,64942,31685,33257
33,612,dindigul,Urban,25-29,72816,34694,38122,5320,1648,3672,67496,33046,34450
33,612,dindigul,Urban,30-34,66661,32596,34065,7214,2109,5105,59447,30487,28960
33,612,dindigul,Urban,35-39,68523,32909,35614,11987,3491,8496,56536,29418,27118
33,612,dindigul,Urban,40-44,60536,30264,30272,12752,4132,8620,47784,26132,21652
33,612,dindigul,Urban,45-49,55073,28325,26748,13781,4613,9168,41292,23712,17580
33,612,dindigul,Urban,50-54,41898,21382,20516,11239,3585,7654,30659,17797,12862
33,612,dindigul,Urban,55-59,35704,17811,17893,11104,3288,7816,24600,14523,10077
33,612,dindigul,Urban,60-64,32245,15727,16518,12042,3634,8408,20203,12093,8110
33,612,dindigul,Urban,65-69,20677,9975,10702,8742,2612,6130,11935,7363,4572
33,612,dindigul,Urban,70-74,15429,7699,7730,7139,2251,4888,8290,5448,2842
33,612,dindigul,Urban,75-79,7699,3886,3813,3415,1039,2376,4284,2847,1437
33,612,dindigul,Urban,80+,7858,3582,4276,4146,1185,2961,3712,2397,1315
33,612,dindigul,Urban,Age not stated,617,307,310,175,70,105,442,237,205
33,613,karur,Total,All ages,1064493,528184,536309,337449,126458,210991,727044,401726,325318
33,613,karur,Total,0-6,102731,52969,49762,102731,52969,49762,0,0,0
33,613,karur,Total,7,16018,8354,7664,2700,1424,1276,13318,6930,6388
33,613,karur,Total,8,15843,8060,7783,917,472,445,14926,7588,7338
33,613,karur,Total,9,16111,8308,7803,472,224,248,15639,8084,7555
33,613,karur,Total,10,18524,9537,8987,494,229,265,18030,9308,8722
33,613,karur,Total,11,17326,9099,8227,259,120,139,17067,8979,8088
33,613,karur,Total,12,17594,9257,8337,266,114,152,17328,9143,8185
33,613,karur,Total,13,17705,9156,8549,251,99,152,17454,9057,8397
33,613,karur,Total,14,17515,9269,8246,256,108,148,17259,9161,8098
33,613,karur,Total,15,17944,9321,8623,338,139,199,17606,9182,8424
33,613,karur,Total,16,16187,8503,7684,310,140,170,15877,8363,7514
33,613,karur,Total,17,15969,8329,7640,333,124,209,15636,8205,7431
33,613,karur,Total,18,17098,8956,8142,422,155,267,16676,8801,7875
33,613,karur,Total,19,16675,8443,8232,581,201,380,16094,8242,7852
33,613,karur,Total,20-24,85577,41990,43587,4922,1516,3406,80655,40474,40181
33,613,karur,Total,25-29,92768,44514,48254,9804,2872,6932,82964,41642,41322
33,613,karur,Total,30-34,84281,41804,42477,12698,3640,9058,71583,38164,33419
33,613,karur,Total,35-39,85749,40303,45446,21124,5689,15435,64625,34614,30011
33,613,karur,Total,40-44,77074,38255,38819,23609,7279,16330,53465,30976,22489
33,613,karur,Total,45-49,73541,36105,37436,26763,8332,18431,46778,27773,19005
33,613,karur,Total,50-54,59230,29260,29970,24352,7359,16993,34878,21901,12977
33,613,karur,Total,55-59,50587,24431,26156,23527,6882,16645,27060,17549,9511
33,613,karur,Total,60-64,48509,23383,25126,26910,8387,18523,21599,14996,6603
33,613,karur,Total,65-69,33624,16005,17619,20418,6472,13946,13206,9533,3673
33,613,karur,Total,70-74,25453,12473,12980,16501,5685,10816,8952,6788,2164
33,613,karur,Total,75-79,12320,6155,6165,7952,2852,5100,4368,3303,1065
33,613,karur,Total,80+,12120,5725,6395,8414,2929,5485,3706,2796,910
33,613,karur,Total,Age not stated,420,220,200,125,46,79,295,174,121
33,613,karur,Rural,All ages,629976,312628,317348,235842,88197,147645,394134,224431,169703
33,613,karur,Rural,0-6,61264,31442,29822,61264,31442,29822,0,0,0
33,613,karur,Rural,7,9507,4928,4579,1695,896,799,7812,4032,3780
33,613,karur,Rural,8,9395,4792,4603,625,325,300,8770,4467,4303
33,613,karur,Rural,9,9648,4930,4718,332,156,176,9316,4774,4542
33,613,karur,Rural,10,11122,5722,5400,337,157,180,10785,5565,5220
33,613,karur,Rural,11,10448,5504,4944,177,81,96,10271,5423,4848
33,613,karur,Rural,12,10599,5648,4951,206,82,124,10393,5566,4827
33,613,karur,Rural,13,10689,5552,5137,182,77,105,10507,5475,5032
33,613,karur,Rural,14,10556,5652,4904,190,74,116,10366,5578,4788
33,613,karur,Rural,15,10817,5641,5176,264,105,159,10553,5536,5017
33,613,karur,Rural,16,9878,5309,4569,217,96,121,9661,5213,4448
33,613,karur,Rural,17,9515,5089,4426,252,91,161,9263,4998,4265
33,613,karur,Rural,18,10014,5288,4726,324,115,209,9690,5173,4517
33,613,karur,Rural,19,9782,4961,4821,469,155,314,9313,4806,4507
33,613,karur,Rural,20-24,50293,25137,25156,3932,1197,2735,46361,23940,22421
33,613,karur,Rural,25-29,53834,26379,27455,7660,2255,5405,46174,24124,22050
33,613,karur,Rural,30-34,47036,23600,23436,9719,2834,6885,37317,20766,16551
33,613,karur,Rural,35-39,48227,22413,25814,15969,4390,11579,32258,18023,14235
33,613,karur,Rural,40-44,43528,21275,22253,17799,5665,12134,25729,15610,10119
33,613,karur,Rural,45-49,42493,20452,22041,19844,6354,13490,22649,14098,8551
33,613,karur,Rural,50-54,35159,16952,18207,18256,5767,12489,16903,11185,5718
33,613,karur,Rural,55-59,30634,14435,16199,17398,5383,12015,13236,9052,4184
33,613,karur,Rural,60-64,30710,14591,16119,19948,6541,13407,10762,8050,2712
33,613,karur,Rural,65-69,21825,10447,11378,14906,5022,9884,6919,5425,1494
33,613,karur,Rural,70-74,16885,8372,8513,12139,4413,7726,4746,3959,787
33,613,karur,Rural,75-79,7965,4066,3899,5719,2224,3495,2246,1842,404
33,613,karur,Rural,80+,7882,3902,3980,5932,2267,3665,1950,1635,315
33,613,karur,Rural,Age not stated,271,149,122,87,33,54,184,116,68
33,613,karur,Urban,All ages,434517,215556,218961,101607,38261,63346,332910,177295,155615
33,613,karur,Urban,0-6,41467,21527,19940,41467,21527,19940,0,0,0
33,613,karur,Urban,7,6511,3426,3085,1005,528,477,5506,2898,2608
33,613,karur,Urban,8,6448,3268,3180,292,147,145,6156,3121,3035
33,613,karur,Urban,9,6463,3378,3085,140,68,72,6323,3310,3013
33,613,karur,Urban,10,7402,3815,3587,157,72,85,7245,3743,3502
33,613,karur,Urban,11,6878,3595,3283,82,39,43,6796,3556,3240
33,613,karur,Urban,12,6995,3609,3386,60,32,28,6935,3577,3358
33,613,karur,Urban,13,7016,3604,3412,69,22,47,6947,3582,3365
33,613,karur,Urban,14,6959,3617,3342,66,34,32,6893,3583,3310
33,613,karur,Urban,15,7127,3680,3447,74,34,40,7053,3646,3407
33,613,karur,Urban,16,6309,3194,3115,93,44,49,6216,3150,3066
33,613,karur,Urban,17,6454,3240,3214,81,33,48,6373,3207,3166
33,613,karur,Urban,18,7084,3668,3416,98,40,58,6986,3628,3358
33,613,karur,Urban,19,6893,3482,3411,112,46,66,6781,3436,3345
33,613,karur,Urban,20-24,35284,16853,18431,990,319,671,34294,16534,17760
33,613,karur,Urban,25-29,38934,18135,20799,2144,617,1527,36790,17518,19272
33,613,karur,Urban,30-34,37245,18204,19041,2979,806,2173,34266,17398,16868
33,613,karur,Urban,35-39,37522,17890,19632,5155,1299,3856,32367,16591,15776
33,613,karur,Urban,40-44,33546,16980,16566,5810,1614,4196,27736,15366,12370
33,613,karur,Urban,45-49,31048,15653,15395,6919,1978,4941,24129,13675,10454
33,613,karur,Urban,50-54,24071,12308,11763,6096,1592,4504,17975,10716,7259
33,613,karur,Urban,55-59,19953,9996,9957,6129,1499,4630,13824,8497,5327
33,613,karur,Urban,60-64,17799,8792,9007,6962,1846,5116,10837,6946,3891
33,613,karur,Urban,65-69,11799,5558,6241,5512,1450,4062,6287,4108,2179
33,613,karur,Urban,70-74,8568,4101,4467,4362,1272,3090,4206,2829,1377
33,613,karur,Urban,75-79,4355,2089,2266,2233,628,1605,2122,1461,661
33,613,karur,Urban,80+,4238,1823,2415,2482,662,1820,1756,1161,595
33,613,karur,Urban,Age not stated,149,71,78,38,13,25,111,58,53
33,614,tiruchirappalli,Total,All ages,2722290,1352284,1370006,683309,264519,418790,2038981,1087765,951216
33,614,tiruchirappalli,Total,0-6,272456,139946,132510,272456,139946,132510,0,0,0
33,614,tiruchirappalli,Total,7,42289,21709,20580,7198,3713,3485,35091,17996,17095
33,614,tiruchirappalli,Total,8,42712,21942,20770,2545,1290,1255,40167,20652,19515
33,614,tiruchirappalli,Total,9,43188,22214,20974,1257,623,634,41931,21591,20340
33,614,tiruchirappalli,Total,10,48193,24649,23544,1309,634,675,46884,24015,22869
33,614,tiruchirappalli,Total,11,46460,24041,22419,750,382,368,45710,23659,22051
33,614,tiruchirappalli,Total,12,45054,23114,21940,584,297,287,44470,22817,21653
33,614,tiruchirappalli,Total,13,46910,24079,22831,560,262,298,46350,23817,22533
33,614,tiruchirappalli,Total,14,46369,23964,22405,550,257,293,45819,23707,22112
33,614,tiruchirappalli,Total,15,47821,24532,23289,686,307,379,47135,24225,22910
33,614,tiruchirappalli,Total,16,43927,22441,21486,606,287,319,43321,22154,21167
33,614,tiruchirappalli,Total,17,45535,23211,22324,674,289,385,44861,22922,21939
33,614,tiruchirappalli,Total,18,50001,25413,24588,883,364,519,49118,25049,24069
33,614,tiruchirappalli,Total,19,48244,24422,23822,908,354,554,47336,24068,23268
33,614,tiruchirappalli,Total,20-24,236377,117106,119271,8158,2596,5562,228219,114510,113709
33,614,tiruchirappalli,Total,25-29,241125,117455,123670,16654,4850,11804,224471,112605,111866
33,614,tiruchirappalli,Total,30-34,211824,104723,107101,22853,6335,16518,188971,98388,90583
33,614,tiruchirappalli,Total,35-39,210395,99585,110810,37721,9891,27830,172674,89694,82980
33,614,tiruchirappalli,Total,40-44,192817,94921,97896,42856,12829,30027,149961,82092,67869
33,614,tiruchirappalli,Total,45-49,182222,89373,92849,47961,14665,33296,134261,74708,59553
33,614,tiruchirappalli,Total,50-54,148956,74039,74917,41925,12328,29597,107031,61711,45320
33,614,tiruchirappalli,Total,55-59,125027,61905,63122,39829,11150,28679,85198,50755,34443
33,614,tiruchirappalli,Total,60-64,113406,56100,57306,44647,13396,31251,68759,42704,26055
33,614,tiruchirappalli,Total,65-69,75038,36099,38939,33944,10093,23851,41094,26006,15088
33,614,tiruchirappalli,Total,70-74,56115,27428,28687,27378,8918,18460,28737,18510,10227
33,614,tiruchirappalli,Total,75-79,28486,13736,14750,12961,3980,8981,15525,9756,5769
33,614,tiruchirappalli,Total,80+,28932,12961,15971,14843,4252,10591,14089,8709,5380
33,614,tiruchirappalli,Total,Age not stated,2411,1176,1235,613,231,382,1798,945,853
33,614,tiruchirappalli,Rural,All ages,1384257,688552,695705,434015,164319,269696,950242,524233,426009
33,614,tiruchirappalli,Rural,0-6,145260,74986,70274,145260,74986,70274,0,0,0
33,614,tiruchirappalli,Rural,7,22593,11647,10946,3953,2056,1897,18640,9591,9049
33,614,tiruchirappalli,Rural,8,23214,11955,11259,1342,681,661,21872,11274,10598
33,614,tiruchirappalli,Rural,9,23323,11973,11350,621,307,314,22702,11666,11036
33,614,tiruchirappalli,Rural,10,25580,13103,12477,611,292,319,24969,12811,12158
33,614,tiruchirappalli,Rural,11,24826,12935,11891,385,196,189,24441,12739,11702
33,614,tiruchirappalli,Rural,12,24232,12558,11674,301,144,157,23931,12414,11517
33,614,tiruchirappalli,Rural,13,25035,12954,12081,299,136,163,24736,12818,11918
33,614,tiruchirappalli,Rural,14,24952,13055,11897,297,129,168,24655,12926,11729
33,614,tiruchirappalli,Rural,15,25600,13309,12291,395,165,230,25205,13144,12061
33,614,tiruchirappalli,Rural,16,23100,11922,11178,338,159,179,22762,11763,10999
33,614,tiruchirappalli,Rural,17,23208,12201,11007,395,158,237,22813,12043,10770
33,614,tiruchirappalli,Rural,18,25015,13097,11918,541,211,330,24474,12886,11588
33,614,tiruchirappalli,Rural,19,23823,12299,11524,576,214,362,23247,12085,11162
33,614,tiruchirappalli,Rural,20-24,116571,58248,58323,5371,1575,3796,111200,56673,54527
33,614,tiruchirappalli,Rural,25-29,121482,59371,62111,11395,3063,8332,110087,56308,53779
33,614,tiruchirappalli,Rural,30-34,103865,51819,52046,15930,4191,11739,87935,47628,40307
33,614,tiruchirappalli,Rural,35-39,104175,48901,55274,26710,6861,19849,77465,42040,35425
33,614,tiruchirappalli,Rural,40-44,93798,46012,47786,30815,9251,21564,62983,36761,26222
33,614,tiruchirappalli,Rural,45-49,89797,43750,46047,34656,10646,24010,55141,33104,22037
33,614,tiruchirappalli,Rural,50-54,72271,34926,37345,30352,9140,21212,41919,25786,16133
33,614,tiruchirappalli,Rural,55-59,62264,29704,32560,28959,8399,20560,33305,21305,12000
33,614,tiruchirappalli,Rural,60-64,59732,29020,30712,32540,10384,22156,27192,18636,8556
33,614,tiruchirappalli,Rural,65-69,41074,19584,21490,24573,7920,16653,16501,11664,4837
33,614,tiruchirappalli,Rural,70-74,30216,15102,15114,19174,6854,12320,11042,8248,2794
33,614,tiruchirappalli,Rural,75-79,13956,6922,7034,8573,2988,5585,5383,3934,1449
33,614,tiruchirappalli,Rural,80+,13997,6553,7444,9290,3075,6215,4707,3478,1229
33,614,tiruchirappalli,Rural,Age not stated,1298,646,652,363,138,225,935,508,427
33,614,tiruchirappalli,Urban,All ages,1338033,663732,674301,249294,100200,149094,1088739,563532,525207
33,614,tiruchirappalli,Urban,0-6,127196,64960,62236,127196,64960,62236,0,0,0
33,614,tiruchirappalli,Urban,7,19696,10062,9634,3245,1657,1588,16451,8405,8046
33,614,tiruchirappalli,Urban,8,19498,9987,9511,1203,609,594,18295,9378,8917
33,614,tiruchirappalli,Urban,9,19865,10241,9624,636,316,320,19229,9925,9304
33,614,tiruchirappalli,Urban,10,22613,11546,11067,698,342,356,21915,11204,10711
33,614,tiruchirappalli,Urban,11,21634,11106,10528,365,186,179,21269,10920,10349
33,614,tiruchirappalli,Urban,12,20822,10556,10266,283,153,130,20539,10403,10136
33,614,tiruchirappalli,Urban,13,21875,11125,10750,261,126,135,21614,10999,10615
33,614,tiruchirappalli,Urban,14,21417,10909,10508,253,128,125,21164,10781,10383
33,614,tiruchirappalli,Urban,15,22221,11223,10998,291,142,149,21930,11081,10849
33,614,tiruchirappalli,Urban,16,20827,10519,10308,268,128,140,20559,10391,10168
33,614,tiruchirappalli,Urban,17,22327,11010,11317,279,131,148,22048,10879,11169
33,614,tiruchirappalli,Urban,18,24986,12316,12670,342,153,189,24644,12163,12481
33,614,tiruchirappalli,Urban,19,24421,12123,12298,332,140,192,24089,11983,12106
33,614,tiruchirappalli,Urban,20-24,119806,58858,60948,2787,1021,1766,117019,57837,59182
33,614,tiruchirappalli,Urban,25-29,119643,58084,61559,5259,1787,3472,114384,56297,58087
33,614,tiruchirappalli,Urban,30-34,107959,52904,55055,6923,2144,4779,101036,50760,50276
33,614,tiruchirappalli,Urban,35-39,106220,50684,55536,11011,3030,7981,95209,47654,47555
33,614,tiruchirappalli,Urban,40-44,99019,48909,50110,12041,3578,8463,86978,45331,41647
33,614,tiruchirappalli,Urban,45-49,92425,45623,46802,13305,4019,9286,79120,41604,37516
33,614,tiruchirappalli,Urban,50-54,76685,39113,37572,11573,3188,8385,65112,35925,29187
33,614,tiruchirappalli,Urban,55-59,62763,32201,30562,10870,2751,8119,51893,29450,22443
33,614,tiruchirappalli,Urban,60-64,53674,27080,26594,12107,3012,9095,41567,24068,17499
33,614,tiruchirappalli,Urban,65-69,33964,16515,17449,9371,2173,7198,24593,14342,10251
33,614,tiruchirappalli,Urban,70-74,25899,12326,13573,8204,2064,6140,17695,10262,7433
33,614,tiruchirappalli,Urban,75-79,14530,6814,7716,4388,992,3396,10142,5822,4320
33,614,tiruchirappalli,Urban,80+,14935,6408,8527,5553,1177,4376,9382,5231,4151
33,614,tiruchirappalli,Urban,Age not stated,1113,530,583,250,93,157,863,437,426
33,615,perambalur,Total,All ages,565223,282157,283066,189400,74146,115254,375823,208011,167812
33,615,perambalur,Total,0-6,59567,31135,28432,59567,31135,28432,0,0,0
33,615,perambalur,Total,7,9772,5034,4738,1462,743,719,8310,4291,4019
33,615,perambalur,Total,8,9809,5074,4735,528,280,248,9281,4794,4487
33,615,perambalur,Total,9,9998,5243,4755,297,164,133,9701,5079,4622
33,615,perambalur,Total,10,11135,5757,5378,477,255,222,10658,5502,5156
33,615,perambalur,Total,11,10197,5472,4725,201,109,92,9996,5363,4633
33,615,perambalur,Total,12,10422,5434,4988,148,71,77,10274,5363,4911
33,615,perambalur,Total,13,10611,5559,5052,169,66,103,10442,5493,4949
33,615,perambalur,Total,14,10464,5585,4879,160,77,83,10304,5508,4796
33,615,perambalur,Total,15,10508,5635,4873,243,100,143,10265,5535,4730
33,615,perambalur,Total,16,9791,5329,4462,182,83,99,9609,5246,4363
33,615,perambalur,Total,17,10307,5469,4838,221,87,134,10086,5382,4704
33,615,perambalur,Total,18,11524,6054,5470,261,123,138,11263,5931,5332
33,615,perambalur,Total,19,11017,5711,5306,331,118,213,10686,5593,5093
33,615,perambalur,Total,20-24,48089,23080,25009,2646,784,1862,45443,22296,23147
33,615,perambalur,Total,25-29,48160,22457,25703,5873,1557,4316,42287,20900,21387
33,615,perambalur,Total,30-34,41804,20424,21380,7755,2160,5595,34049,18264,15785
33,615,perambalur,Total,35-39,43231,20127,23104,13157,3503,9654,30074,16624,13450
33,615,perambalur,Total,40-44,37006,18022,18984,14162,4412,9750,22844,13610,9234
33,615,perambalur,Total,45-49,36177,17743,18434,16061,5317,10744,20116,12426,7690
33,615,perambalur,Total,50-54,28041,13585,14456,13464,4338,9126,14577,9247,5330
33,615,perambalur,Total,55-59,24970,12219,12751,12991,4195,8796,11979,8024,3955
33,615,perambalur,Total,60-64,23722,11855,11867,14095,4950,9145,9627,6905,2722
33,615,perambalur,Total,65-69,16072,8152,7920,10109,3733,6376,5963,4419,1544
33,615,perambalur,Total,70-74,11616,6059,5557,7613,2955,4658,4003,3104,899
33,615,perambalur,Total,75-79,5306,2930,2376,3399,1383,2016,1907,1547,360
33,615,perambalur,Total,80+,5424,2724,2700,3695,1391,2304,1729,1333,396
33,615,perambalur,Total,Age not stated,483,289,194,133,57,76,350,232,118
33,615,perambalur,Rural,All ages,468060,233926,234134,166344,64820,101524,301716,169106,132610
33,615,perambalur,Rural,0-6,49368,25880,23488,49368,25880,23488,0,0,0
33,615,perambalur,Rural,7,8054,4149,3905,1234,617,617,6820,3532,3288
33,615,perambalur,Rural,8,8179,4209,3970,461,238,223,7718,3971,3747
33,615,perambalur,Rural,9,8325,4365,3960,263,142,121,8062,4223,3839
33,615,perambalur,Rural,10,9253,4817,4436,400,213,187,8853,4604,4249
33,615,perambalur,Rural,11,8431,4537,3894,162,92,70,8269,4445,3824
33,615,perambalur,Rural,12,8785,4614,4171,125,62,63,8660,4552,4108
33,615,perambalur,Rural,13,8899,4698,4201,149,57,92,8750,4641,4109
33,615,perambalur,Rural,14,8699,4683,4016,139,70,69,8560,4613,3947
33,615,perambalur,Rural,15,8796,4762,4034,216,84,132,8580,4678,3902
33,615,perambalur,Rural,16,8130,4492,3638,162,73,89,7968,4419,3549
33,615,perambalur,Rural,17,8727,4660,4067,200,75,125,8527,4585,3942
33,615,perambalur,Rural,18,9798,5178,4620,234,109,125,9564,5069,4495
33,615,perambalur,Rural,19,9385,4915,4470,306,108,198,9079,4807,4272
33,615,perambalur,Rural,20-24,39794,19162,20632,2421,703,1718,37373,18459,18914
33,615,perambalur,Rural,25-29,39472,18399,21073,5443,1435,4008,34029,16964,17065
33,615,perambalur,Rural,30-34,33890,16579,17311,7077,1957,5120,26813,14622,12191
33,615,perambalur,Rural,35-39,35318,16352,18966,12065,3231,8834,23253,13121,10132
33,615,perambalur,Rural,40-44,30109,14630,15479,12861,4018,8843,17248,10612,6636
33,615,perambalur,Rural,45-49,29706,14487,15219,14507,4831,9676,15199,9656,5543
33,615,perambalur,Rural,50-54,23047,11051,11996,12084,3893,8191,10963,7158,3805
33,615,perambalur,Rural,55-59,20737,10049,10688,11609,3764,7845,9128,6285,2843
33,615,perambalur,Rural,60-64,19993,9933,10060,12600,4466,8134,7393,5467,1926
33,615,perambalur,Rural,65-69,13836,7072,6764,9127,3446,5681,4709,3626,1083
33,615,perambalur,Rural,70-74,9881,5178,4703,6787,2688,4099,3094,2490,604
33,615,perambalur,Rural,75-79,4518,2497,2021,3040,1274,1766,1478,1223,255
33,615,perambalur,Rural,80+,4546,2337,2209,3197,1243,1954,1349,1094,255
33,615,perambalur,Rural,Age not stated,384,241,143,107,51,56,277,190,87
33,615,perambalur,Urban,All ages,97163,48231,48932,23056,9326,13730,74107,38905,35202
33,615,perambalur,Urban,0-6,10199,5255,4944,10199,5255,4944,0,0,0
33,615,perambalur,Urban,7,1718,885,833,228,126,102,1490,759,731
33,615,perambalur,Urban,8,1630,865,765,67,42,25,1563,823,740
33,615,perambalur,Urban,9,1673,878,795,34,22,12,1639,856,783
33,615,perambalur,Urban,10,1882,940,942,77,42,35,1805,898,907
33,615,perambalur,Urban,11,1766,935,831,39,17,22,1727,918,809
33,615,perambalur,Urban,12,1637,820,817,23,9,14,1614,811,803
33,615,perambalur,Urban,13,1712,861,851,20,9,11,1692,852,840
33,615,perambalur,Urban,14,1765,902,863,21,7,14,1744,895,849
33,615,perambalur,Urban,15,1712,873,839,27,16,11,1685,857,828
33,615,perambalur,Urban,16,1661,837,824,20,10,10,1641,827,814
33,615,perambalur,Urban,17,1580,809,771,21,12,9,1559,797,762
33,615,perambalur,Urban,18,1726,876,850,27,14,13,1699,862,837
33,615,perambalur,Urban,19,1632,796,836,25,10,15,1607,786,821
33,615,perambalur,Urban,20-24,8295,3918,4377,225,81,144,8070,3837,4233
33,615,perambalur,Urban,25-29,8688,4058,4630,430,122,308,8258,3936,4322
33,615,perambalur,Urban,30-34,7914,3845,4069,678,203,475,7236,3642,3594
33,615,perambalur,Urban,35-39,7913,3775,4138,1092,272,820,6821,3503,3318
33,615,perambalur,Urban,40-44,6897,3392,3505,1301,394,907,5596,2998,2598
33,615,perambalur,Urban,45-49,6471,3256,3215,1554,486,1068,4917,2770,2147
33,615,perambalur,Urban,50-54,4994,2534,2460,1380,445,935,3614,2089,1525
33,615,perambalur,Urban,55-59,4233,2170,2063,1382,431,951,2851,1739,1112
33,615,perambalur,Urban,60-64,3729,1922,1807,1495,484,1011,2234,1438,796
33,615,perambalur,Urban,65-69,2236,1080,1156,982,287,695,1254,793,461
33,615,perambalur,Urban,70-74,1735,881,854,826,267,559,909,614,295
33,615,perambalur,Urban,75-79,788,433,355,359,109,250,429,324,105
33,615,perambalur,Urban,80+,878,387,491,498,148,350,380,239,141
33,615,perambalur,Urban,Age not stated,99,48,51,26,6,20,73,42,31
33,616,ariyalur,Total,All ages,754894,374703,380191,274290,105121,169169,480604,269582,211022
33,616,ariyalur,Total,0-6,81187,42808,38379,81187,42808,38379,0,0,0
33,616,ariyalur,Total,7,13457,6924,6533,2808,1470,1338,10649,5454,5195
33,616,ariyalur,Total,8,13573,6915,6658,966,475,491,12607,6440,6167
33,616,ariyalur,Total,9,13464,7040,6424,538,265,273,12926,6775,6151
33,616,ariyalur,Total,10,14744,7620,7124,600,309,291,14144,7311,6833
33,616,ariyalur,Total,11,13695,7127,6568,333,163,170,13362,6964,6398
33,616,ariyalur,Total,12,13507,6928,6579,306,158,148,13201,6770,6431
33,616,ariyalur,Total,13,13741,7013,6728,259,123,136,13482,6890,6592
33,616,ariyalur,Total,14,13237,6800,6437,279,122,157,12958,6678,6280
33,616,ariyalur,Total,15,13937,7167,6770,370,152,218,13567,7015,6552
33,616,ariyalur,Total,16,12391,6333,6058,310,133,177,12081,6200,5881
33,616,ariyalur,Total,17,12589,6545,6044,340,138,202,12249,6407,5842
33,616,ariyalur,Total,18,13603,6970,6633,445,172,273,13158,6798,6360
33,616,ariyalur,Total,19,12695,6450,6245,508,182,326,12187,6268,5919
33,616,ariyalur,Total,20-24,61482,30236,31246,4194,1210,2984,57288,29026,28262
33,616,ariyalur,Total,25-29,63182,29390,33792,9122,2309,6813,54060,27081,26979
33,616,ariyalur,Total,30-34,55651,26736,28915,12490,3157,9333,43161,23579,19582
33,616,ariyalur,Total,35-39,58922,26964,31958,20864,5379,15485,38058,21585,16473
33,616,ariyalur,Total,40-44,51806,25264,26542,22399,7179,15220,29407,18085,11322
33,616,ariyalur,Total,45-49,49724,24898,24826,23739,8089,15650,25985,16809,9176
33,616,ariyalur,Total,50-54,37327,18366,18961,18467,5891,12576,18860,12475,6385
33,616,ariyalur,Total,55-59,32533,15642,16891,17039,5021,12018,15494,10621,4873
33,616,ariyalur,Total,60-64,32279,15808,16471,19694,6546,13148,12585,9262,3323
33,616,ariyalur,Total,65-69,22718,11145,11573,14884,5158,9726,7834,5987,1847
33,616,ariyalur,Total,70-74,16513,8605,7908,11063,4153,6910,5450,4452,998
33,616,ariyalur,Total,75-79,8067,4402,3665,5246,2111,3135,2821,2291,530
33,616,ariyalur,Total,80+,8334,4315,4019,5685,2181,3504,2649,2134,515
33,616,ariyalur,Total,Age not stated,536,292,244,155,67,88,381,225,156
33,616,ariyalur,Rural,All ages,671100,333253,337847,251687,96182,155505,419413,237071,182342
33,616,ariyalur,Rural,0-6,72575,38306,34269,72575,38306,34269,0,0,0
33,616,ariyalur,Rural,7,12010,6195,5815,2471,1327,1144,9539,4868,4671
33,616,ariyalur,Rural,8,12215,6224,5991,852,425,427,11363,5799,5564
33,616,ariyalur,Rural,9,11995,6286,5709,466,231,235,11529,6055,5474
33,616,ariyalur,Rural,10,13065,6754,6311,519,264,255,12546,6490,6056
33,616,ariyalur,Rural,11,12177,6336,5841,298,144,154,11879,6192,5687
33,616,ariyalur,Rural,12,12068,6184,5884,278,143,135,11790,6041,5749
33,616,ariyalur,Rural,13,12156,6227,5929,229,109,120,11927,6118,5809
33,616,ariyalur,Rural,14,11765,6077,5688,255,108,147,11510,5969,5541
33,616,ariyalur,Rural,15,12406,6395,6011,336,143,193,12070,6252,5818
33,616,ariyalur,Rural,16,11007,5653,5354,277,118,159,10730,5535,5195
33,616,ariyalur,Rural,17,11201,5822,5379,313,125,188,10888,5697,5191
33,616,ariyalur,Rural,18,12191,6305,5886,408,159,249,11783,6146,5637
33,616,ariyalur,Rural,19,11274,5761,5513,470,169,301,10804,5592,5212
33,616,ariyalur,Rural,20-24,54492,26823,27669,3867,1084,2783,50625,25739,24886
33,616,ariyalur,Rural,25-29,55965,26123,29842,8503,2138,6365,47462,23985,23477
33,616,ariyalur,Rural,30-34,49090,23551,25539,11688,2933,8755,37402,20618,16784
33,616,ariyalur,Rural,35-39,52052,23762,28290,19430,4972,14458,32622,18790,13832
33,616,ariyalur,Rural,40-44,45712,22234,23478,20835,6653,14182,24877,15581,9296
33,616,ariyalur,Rural,45-49,44016,21956,22060,22064,7536,14528,21952,14420,7532
33,616,ariyalur,Rural,50-54,33121,16257,16864,17175,5478,11697,15946,10779,5167
33,616,ariyalur,Rural,55-59,28997,13839,15158,15862,4694,11168,13135,9145,3990
33,616,ariyalur,Rural,60-64,29108,14249,14859,18343,6152,12191,10765,8097,2668
33,616,ariyalur,Rural,65-69,20538,10110,10428,13840,4853,8987,6698,5257,1441
33,616,ariyalur,Rural,70-74,14871,7765,7106,10228,3880,6348,4643,3885,758
33,616,ariyalur,Rural,75-79,7168,3925,3243,4814,1965,2849,2354,1960,394
33,616,ariyalur,Rural,80+,7397,3879,3518,5154,2014,3140,2243,1865,378
33,616,ariyalur,Rural,Age not stated,468,255,213,137,59,78,331,196,135
33,616,ariyalur,Urban,All ages,83794,41450,42344,22603,8939,13664,61191,32511,28680
33,616,ariyalur,Urban,0-6,8612,4502,4110,8612,4502,4110,0,0,0
33,616,ariyalur,Urban,7,1447,729,718,337,143,194,1110,586,524
33,616,ariyalur,Urban,8,1358,691,667,114,50,64,1244,641,603
33,616,ariyalur,Urban,9,1469,754,715,72,34,38,1397,720,677
33,616,ariyalur,Urban,10,1679,866,813,81,45,36,1598,821,777
33,616,ariyalur,Urban,11,1518,791,727,35,19,16,1483,772,711
33,616,ariyalur,Urban,12,1439,744,695,28,15,13,1411,729,682
33,616,ariyalur,Urban,13,1585,786,799,30,14,16,1555,772,783
33,616,ariyalur,Urban,14,1472,723,749,24,14,10,1448,709,739
33,616,ariyalur,Urban,15,1531,772,759,34,9,25,1497,763,734
33,616,ariyalur,Urban,16,1384,680,704,33,15,18,1351,665,686
33,616,ariyalur,Urban,17,1388,723,665,27,13,14,1361,710,651
33,616,ariyalur,Urban,18,1412,665,747,37,13,24,1375,652,723
33,616,ariyalur,Urban,19,1421,689,732,38,13,25,1383,676,707
33,616,ariyalur,Urban,20-24,6990,3413,3577,327,126,201,6663,3287,3376
33,616,ariyalur,Urban,25-29,7217,3267,3950,619,171,448,6598,3096,3502
33,616,ariyalur,Urban,30-34,6561,3185,3376,802,224,578,5759,2961,2798
33,616,ariyalur,Urban,35-39,6870,3202,3668,1434,407,1027,5436,2795,2641
33,616,ariyalur,Urban,40-44,6094,3030,3064,1564,526,1038,4530,2504,2026
33,616,ariyalur,Urban,45-49,5708,2942,2766,1675,553,1122,4033,2389,1644
33,616,ariyalur,Urban,50-54,4206,2109,2097,1292,413,879,2914,1696,1218
33,616,ariyalur,Urban,55-59,3536,1803,1733,1177,327,850,2359,1476,883
33,616,ariyalur,Urban,60-64,3171,1559,1612,1351,394,957,1820,1165,655
33,616,ariyalur,Urban,65-69,2180,1035,1145,1044,305,739,1136,730,406
33,616,ariyalur,Urban,70-74,1642,840,802,835,273,562,807,567,240
33,616,ariyalur,Urban,75-79,899,477,422,432,146,286,467,331,136
33,616,ariyalur,Urban,80+,937,436,501,531,167,364,406,269,137
33,616,ariyalur,Urban,Age not stated,68,37,31,18,8,10,50,29,21
33,617,cuddalore,Total,All ages,2605914,1311697,1294217,790633,311375,479258,1815281,1000322,814959
33,617,cuddalore,Total,0-6,279950,147644,132306,279950,147644,132306,0,0,0
33,617,cuddalore,Total,7,44346,22975,21371,8690,4495,4195,35656,18480,17176
33,617,cuddalore,Total,8,43957,22670,21287,3887,1941,1946,40070,20729,19341
33,617,cuddalore,Total,9,43785,22524,21261,2327,1142,1185,41458,21382,20076
33,617,cuddalore,Total,10,49277,25518,23759,1977,993,984,47300,24525,22775
33,617,cuddalore,Total,11,46188,23628,22560,1097,478,619,45091,23150,21941
33,617,cuddalore,Total,12,46725,23911,22814,881,420,461,45844,23491,22353
33,617,cuddalore,Total,13,47384,23991,23393,831,335,496,46553,23656,22897
33,617,cuddalore,Total,14,46233,23728,22505,787,342,445,45446,23386,22060
33,617,cuddalore,Total,15,48961,24866,24095,1132,466,666,47829,24400,23429
33,617,cuddalore,Total,16,44554,22763,21791,897,363,534,43657,22400,21257
33,617,cuddalore,Total,17,45644,23435,22209,1040,435,605,44604,23000,21604
33,617,cuddalore,Total,18,51458,26401,25057,1502,580,922,49956,25821,24135
33,617,cuddalore,Total,19,48775,24882,23893,1549,509,1040,47226,24373,22853
33,617,cuddalore,Total,20-24,236176,116581,119595,13400,3850,9550,222776,112731,110045
33,617,cuddalore,Total,25-29,240998,116237,124761,27750,7162,20588,213248,109075,104173
33,617,cuddalore,Total,30-34,203651,101636,102015,36506,9951,26555,167145,91685,75460
33,617,cuddalore,Total,35-39,211176,99847,111329,57315,15410,41905,153861,84437,69424
33,617,cuddalore,Total,40-44,181120,91164,89956,58239,18477,39762,122881,72687,50194
33,617,cuddalore,Total,45-49,168722,85988,82734,62671,20631,42040,106051,65357,40694
33,617,cuddalore,Total,50-54,129041,66816,62225,51942,17226,34716,77099,49590,27509
33,617,cuddalore,Total,55-59,103446,52721,50725,45054,14475,30579,58392,38246,20146
33,617,cuddalore,Total,60-64,90878,45076,45802,46349,14980,31369,44529,30096,14433
33,617,cuddalore,Total,65-69,59705,28921,30784,32890,10723,22167,26815,18198,8617
33,617,cuddalore,Total,70-74,45873,23314,22559,25930,8997,16933,19943,14317,5626
33,617,cuddalore,Total,75-79,21817,11508,10309,11863,4333,7530,9954,7175,2779
33,617,cuddalore,Total,80+,22857,11426,11431,13357,4721,8636,9500,6705,2795
33,617,cuddalore,Total,Age not stated,3217,1526,1691,820,296,524,2397,1230,1167
33,617,cuddalore,Rural,All ages,1720725,868861,851864,594680,233978,360702,1126045,634883,491162
33,617,cuddalore,Rural,0-6,192701,102525,90176,192701,102525,90176,0,0,0
33,617,cuddalore,Rural,7,30554,15900,14654,6152,3206,2946,24402,12694,11708
33,617,cuddalore,Rural,8,30039,15529,14510,2819,1464,1355,27220,14065,13155
33,617,cuddalore,Rural,9,29894,15408,14486,1693,831,862,28201,14577,13624
33,617,cuddalore,Rural,10,33294,17265,16029,1421,723,698,31873,16542,15331
33,617,cuddalore,Rural,11,30795,15768,15027,758,324,434,30037,15444,14593
33,617,cuddalore,Rural,12,31615,16200,15415,646,296,350,30969,15904,15065
33,617,cuddalore,Rural,13,31740,16116,15624,613,252,361,31127,15864,15263
33,617,cuddalore,Rural,14,30790,15792,14998,573,248,325,30217,15544,14673
33,617,cuddalore,Rural,15,32783,16730,16053,843,340,503,31940,16390,15550
33,617,cuddalore,Rural,16,29625,15231,14394,669,267,402,28956,14964,13992
33,617,cuddalore,Rural,17,30105,15529,14576,780,326,454,29325,15203,14122
33,617,cuddalore,Rural,18,33921,17358,16563,1132,421,711,32789,16937,15852
33,617,cuddalore,Rural,19,32094,16422,15672,1199,400,799,30895,16022,14873
33,617,cuddalore,Rural,20-24,154796,76772,78024,10494,2866,7628,144302,73906,70396
33,617,cuddalore,Rural,25-29,161705,78518,83187,22271,5560,16711,139434,72958,66476
33,617,cuddalore,Rural,30-34,132567,67402,65165,29312,7928,21384,103255,59474,43781
33,617,cuddalore,Rural,35-39,136115,64912,71203,45605,12271,33334,90510,52641,37869
33,617,cuddalore,Rural,40-44,113437,56971,56466,46293,14861,31432,67144,42110,25034
33,617,cuddalore,Rural,45-49,107758,54109,53649,50020,16791,33229,57738,37318,20420
33,617,cuddalore,Rural,50-54,83028,41659,41369,41675,14010,27665,41353,27649,13704
33,617,cuddalore,Rural,55-59,67932,33866,34066,35863,11899,23964,32069,21967,10102
33,617,cuddalore,Rural,60-64,61305,30527,30778,36497,12346,24151,24808,18181,6627
33,617,cuddalore,Rural,65-69,41097,20247,20850,25886,8990,16896,15211,11257,3954
33,617,cuddalore,Rural,70-74,30487,15770,14717,19775,7321,12454,10712,8449,2263
33,617,cuddalore,Rural,75-79,13920,7620,6300,8846,3544,5302,5074,4076,998
33,617,cuddalore,Rural,80+,14543,7676,6867,9511,3741,5770,5032,3935,1097
33,617,cuddalore,Rural,Age not stated,2085,1039,1046,633,227,406,1452,812,640
33,617,cuddalore,Urban,All ages,885189,442836,442353,195953,77397,118556,689236,365439,323797
33,617,cuddalore,Urban,0-6,87249,45119,42130,87249,45119,42130,0,0,0
33,617,cuddalore,Urban,7,13792,7075,6717,2538,1289,1249,11254,5786,5468
33,617,cuddalore,Urban,8,13918,7141,6777,1068,477,591,12850,6664,6186
33,617,cuddalore,Urban,9,13891,7116,6775,634,311,323,13257,6805,6452
33,617,cuddalore,Urban,10,15983,8253,7730,556,270,286,15427,7983,7444
33,617,cuddalore,Urban,11,15393,7860,7533,339,154,185,15054,7706,7348
33,617,cuddalore,Urban,12,15110,7711,7399,235,124,111,14875,7587,7288
33,617,cuddalore,Urban,13,15644,7875,7769,218,83,135,15426,7792,7634
33,617,cuddalore,Urban,14,15443,7936,7507,214,94,120,15229,7842,7387
33,617,cuddalore,Urban,15,16178,8136,8042,289,126,163,15889,8010,7879
33,617,cuddalore,Urban,16,14929,7532,7397,228,96,132,14701,7436,7265
33,617,cuddalore,Urban,17,15539,7906,7633,260,109,151,15279,7797,7482
33,617,cuddalore,Urban,18,17537,9043,8494,370,159,211,17167,8884,8283
33,617,cuddalore,Urban,19,16681,8460,8221,350,109,241,16331,8351,7980
33,617,cuddalore,Urban,20-24,81380,39809,41571,2906,984,1922,78474,38825,39649
33,617,cuddalore,Urban,25-29,79293,37719,41574,5479,1602,3877,73814,36117,37697
33,617,cuddalore,Urban,30-34,71084,34234,36850,7194,2023,5171,63890,32211,31679
33,617,cuddalore,Urban,35-39,75061,34935,40126,11710,3139,8571,63351,31796,31555
33,617,cuddalore,Urban,40-44,67683,34193,33490,11946,3616,8330,55737,30577,25160
33,617,cuddalore,Urban,45-49,60964,31879,29085,12651,3840,8811,48313,28039,20274
33,617,cuddalore,Urban,50-54,46013,25157,20856,10267,3216,7051,35746,21941,13805
33,617,cuddalore,Urban,55-59,35514,18855,16659,9191,2576,6615,26323,16279,10044
33,617,cuddalore,Urban,60-64,29573,14549,15024,9852,2634,7218,19721,11915,7806
33,617,cuddalore,Urban,65-69,18608,8674,9934,7004,1733,5271,11604,6941,4663
33,617,cuddalore,Urban,70-74,15386,7544,7842,6155,1676,4479,9231,5868,3363
33,617,cuddalore,Urban,75-79,7897,3888,4009,3017,789,2228,4880,3099,1781
33,617,cuddalore,Urban,80+,8314,3750,4564,3846,980,2866,4468,2770,1698
33,617,cuddalore,Urban,Age not stated,1132,487,645,187,69,118,945,418,527
33,618,nagapattinam,Total,All ages,1616450,798127,818323,403442,157211,246231,1213008,640916,572092
33,618,nagapattinam,Total,0-6,165245,84335,80910,165245,84335,80910,0,0,0
33,618,nagapattinam,Total,7,25799,13023,12776,5037,2555,2482,20762,10468,10294
33,618,nagapattinam,Total,8,26822,13545,13277,1939,952,987,24883,12593,12290
33,618,nagapattinam,Total,9,26531,13549,12982,921,437,484,25610,13112,12498
33,618,nagapattinam,Total,10,30133,15281,14852,908,478,430,29225,14803,14422
33,618,nagapattinam,Total,11,28398,14383,14015,503,240,263,27895,14143,13752
33,618,nagapattinam,Total,12,29017,14491,14526,403,189,214,28614,14302,14312
33,618,nagapattinam,Total,13,29306,14715,14591,355,174,181,28951,14541,14410
33,618,nagapattinam,Total,14,29993,15025,14968,427,203,224,29566,14822,14744
33,618,nagapattinam,Total,15,31212,15678,15534,505,229,276,30707,15449,15258
33,618,nagapattinam,Total,16,28819,14506,14313,397,191,206,28422,14315,14107
33,618,nagapattinam,Total,17,28787,14585,14202,442,219,223,28345,14366,13979
33,618,nagapattinam,Total,18,32232,16355,15877,590,263,327,31642,16092,15550
33,618,nagapattinam,Total,19,29338,14831,14507,567,244,323,28771,14587,14184
33,618,nagapattinam,Total,20-24,144723,70426,74297,4194,1590,2604,140529,68836,71693
33,618,nagapattinam,Total,25-29,142089,67936,74153,7773,2395,5378,134316,65541,68775
33,618,nagapattinam,Total,30-34,121017,59434,61583,10991,3105,7886,110026,56329,53697
33,618,nagapattinam,Total,35-39,123042,57366,65676,20208,5096,15112,102834,52270,50564
33,618,nagapattinam,Total,40-44,112404,54451,57953,25043,7009,18034,87361,47442,39919
33,618,nagapattinam,Total,45-49,106863,52732,54131,29373,8841,20532,77490,43891,33599
33,618,nagapattinam,Total,50-54,84542,42097,42445,26446,7907,18539,58096,34190,23906
33,618,nagapattinam,Total,55-59,69468,34869,34599,23590,7063,16527,45878,27806,18072
33,618,nagapattinam,Total,60-64,62446,31240,31206,26037,7978,18059,36409,23262,13147
33,618,nagapattinam,Total,65-69,41539,20203,21336,19018,5692,13326,22521,14511,8010
33,618,nagapattinam,Total,70-74,31951,15838,16113,15672,4759,10913,16279,11079,5200
33,618,nagapattinam,Total,75-79,16075,8187,7888,7556,2336,5220,8519,5851,2668
33,618,nagapattinam,Total,80+,17685,8512,9173,9061,2619,6442,8624,5893,2731
33,618,nagapattinam,Total,Age not stated,974,534,440,241,112,129,733,422,311
33,618,nagapattinam,Rural,All ages,1251826,619369,632457,330040,128099,201941,921786,491270,430516
33,618,nagapattinam,Rural,0-6,127738,65223,62515,127738,65223,62515,0,0,0
33,618,nagapattinam,Rural,7,20152,10190,9962,4057,2071,1986,16095,8119,7976
33,618,nagapattinam,Rural,8,20999,10640,10359,1580,780,800,19419,9860,9559
33,618,nagapattinam,Rural,9,20736,10662,10074,748,356,392,19988,10306,9682
33,618,nagapattinam,Rural,10,23463,11996,11467,729,390,339,22734,11606,11128
33,618,nagapattinam,Rural,11,22100,11221,10879,392,190,202,21708,11031,10677
33,618,nagapattinam,Rural,12,22632,11367,11265,325,156,169,22307,11211,11096
33,618,nagapattinam,Rural,13,22549,11405,11144,276,130,146,22273,11275,10998
33,618,nagapattinam,Rural,14,23320,11775,11545,335,161,174,22985,11614,11371
33,618,nagapattinam,Rural,15,24191,12275,11916,410,188,222,23781,12087,11694
33,618,nagapattinam,Rural,16,22340,11287,11053,312,145,167,22028,11142,10886
33,618,nagapattinam,Rural,17,22581,11527,11054,352,173,179,22229,11354,10875
33,618,nagapattinam,Rural,18,25387,12873,12514,456,191,265,24931,12682,12249
33,618,nagapattinam,Rural,19,23139,11688,11451,467,203,264,22672,11485,11187
33,618,nagapattinam,Rural,20-24,113381,55330,58051,3371,1285,2086,110010,54045,55965
33,618,nagapattinam,Rural,25-29,110784,53120,57664,6310,1921,4389,104474,51199,53275
33,618,nagapattinam,Rural,30-34,92320,45718,46602,9161,2556,6605,83159,43162,39997
33,618,nagapattinam,Rural,35-39,93426,43382,50044,17062,4277,12785,76364,39105,37259
33,618,nagapattinam,Rural,40-44,85839,41101,44738,21656,6053,15603,64183,35048,29135
33,618,nagapattinam,Rural,45-49,82893,40648,42245,25461,7716,17745,57432,32932,24500
33,618,nagapattinam,Rural,50-54,65676,32564,33112,22903,6970,15933,42773,25594,17179
33,618,nagapattinam,Rural,55-59,53876,27009,26867,20317,6219,14098,33559,20790,12769
33,618,nagapattinam,Rural,60-64,48683,24608,24075,22312,7055,15257,26371,17553,8818
33,618,nagapattinam,Rural,65-69,32618,16015,16603,16303,5069,11234,16315,10946,5369
33,618,nagapattinam,Rural,70-74,24861,12465,12396,13275,4225,9050,11586,8240,3346
33,618,nagapattinam,Rural,75-79,12165,6295,5870,6244,2033,4211,5921,4262,1659
33,618,nagapattinam,Rural,80+,13205,6564,6641,7292,2272,5020,5913,4292,1621
33,618,nagapattinam,Rural,Age not stated,772,421,351,196,91,105,576,330,246
33,618,nagapattinam,Urban,All ages,364624,178758,185866,73402,29112,44290,291222,149646,141576
33,618,nagapattinam,Urban,0-6,37507,19112,18395,37507,19112,18395,0,0,0
33,618,nagapattinam,Urban,7,5647,2833,2814,980,484,496,4667,2349,2318
33,618,nagapattinam,Urban,8,5823,2905,2918,359,172,187,5464,2733,2731
33,618,nagapattinam,Urban,9,5795,2887,2908,173,81,92,5622,2806,2816
33,618,nagapattinam,Urban,10,6670,3285,3385,179,88,91,6491,3197,3294
33,618,nagapattinam,Urban,11,6298,3162,3136,111,50,61,6187,3112,3075
33,618,nagapattinam,Urban,12,6385,3124,3261,78,33,45,6307,3091,3216
33,618,nagapattinam,Urban,13,6757,3310,3447,79,44,35,6678,3266,3412
33,618,nagapattinam,Urban,14,6673,3250,3423,92,42,50,6581,3208,3373
33,618,nagapattinam,Urban,15,7021,3403,3618,95,41,54,6926,3362,3564
33,618,nagapattinam,Urban,16,6479,3219,3260,85,46,39,6394,3173,3221
33,618,nagapattinam,Urban,17,6206,3058,3148,90,46,44,6116,3012,3104
33,618,nagapattinam,Urban,18,6845,3482,3363,134,72,62,6711,3410,3301
33,618,nagapattinam,Urban,19,6199,3143,3056,100,41,59,6099,3102,2997
33,618,nagapattinam,Urban,20-24,31342,15096,16246,823,305,518,30519,14791,15728
33,618,nagapattinam,Urban,25-29,31305,14816,16489,1463,474,989,29842,14342,15500
33,618,nagapattinam,Urban,30-34,28697,13716,14981,1830,549,1281,26867,13167,13700
33,618,nagapattinam,Urban,35-39,29616,13984,15632,3146,819,2327,26470,13165,13305
33,618,nagapattinam,Urban,40-44,26565,13350,13215,3387,956,2431,23178,12394,10784
33,618,nagapattinam,Urban,45-49,23970,12084,11886,3912,1125,2787,20058,10959,9099
33,618,nagapattinam,Urban,50-54,18866,9533,9333,3543,937,2606,15323,8596,6727
33,618,nagapattinam,Urban,55-59,15592,7860,7732,3273,844,2429,12319,7016,5303
33,618,nagapattinam,Urban,60-64,13763,6632,7131,3725,923,2802,10038,5709,4329
33,618,nagapattinam,Urban,65-69,8921,4188,4733,2715,623,2092,6206,3565,2641
33,618,nagapattinam,Urban,70-74,7090,3373,3717,2397,534,1863,4693,2839,1854
33,618,nagapattinam,Urban,75-79,3910,1892,2018,1312,303,1009,2598,1589,1009
33,618,nagapattinam,Urban,80+,4480,1948,2532,1769,347,1422,2711,1601,1110
33,618,nagapattinam,Urban,Age not stated,202,113,89,45,21,24,157,92,65
33,619,thiruvarur,Total,All ages,1264277,626693,637584,317806,123608,194198,946471,503085,443386
33,619,thiruvarur,Total,0-6,121973,62280,59693,121973,62280,59693,0,0,0
33,619,thiruvarur,Total,7,19349,9856,9493,4604,2325,2279,14745,7531,7214
33,619,thiruvarur,Total,8,18388,9277,9111,1707,872,835,16681,8405,8276
33,619,thiruvarur,Total,9,20450,10327,10123,1268,654,614,19182,9673,9509
33,619,thiruvarur,Total,10,23194,11707,11487,1606,793,813,21588,10914,10674
33,619,thiruvarur,Total,11,21193,10880,10313,925,439,486,20268,10441,9827
33,619,thiruvarur,Total,12,21628,10971,10657,368,198,170,21260,10773,10487
33,619,thiruvarur,Total,13,22326,11123,11203,303,142,161,22023,10981,11042
33,619,thiruvarur,Total,14,22260,11398,10862,303,151,152,21957,11247,10710
33,619,thiruvarur,Total,15,23133,11552,11581,410,177,233,22723,11375,11348
33,619,thiruvarur,Total,16,21494,10800,10694,366,163,203,21128,10637,10491
33,619,thiruvarur,Total,17,22023,11213,10810,357,169,188,21666,11044,10622
33,619,thiruvarur,Total,18,24384,12152,12232,495,195,300,23889,11957,11932
33,619,thiruvarur,Total,19,22998,11589,11409,470,203,267,22528,11386,11142
33,619,thiruvarur,Total,20-24,111843,54600,57243,3372,1209,2163,108471,53391,55080
33,619,thiruvarur,Total,25-29,111244,53269,57975,5733,1797,3936,105511,51472,54039
33,619,thiruvarur,Total,30-34,97235,47591,49644,8467,2312,6155,88768,45279,43489
33,619,thiruvarur,Total,35-39,101152,47325,53827,16189,4001,12188,84963,43324,41639
33,619,thiruvarur,Total,40-44,91506,44606,46900,20255,5564,14691,71251,39042,32209
33,619,thiruvarur,Total,45-49,87225,43449,43776,23863,7195,16668,63362,36254,27108
33,619,thiruvarur,Total,50-54,68618,34722,33896,21681,6646,15035,46937,28076,18861
33,619,thiruvarur,Total,55-59,55419,28230,27189,19845,6103,13742,35574,22127,13447
33,619,thiruvarur,Total,60-64,50600,25508,25092,22020,6940,15080,28580,18568,10012
33,619,thiruvarur,Total,65-69,33440,16757,16683,15806,5073,10733,17634,11684,5950
33,619,thiruvarur,Total,70-74,24859,12544,12315,12618,4084,8534,12241,8460,3781
33,619,thiruvarur,Total,75-79,11629,5993,5636,5474,1724,3750,6155,4269,1886
33,619,thiruvarur,Total,80+,12551,5915,6636,6603,1911,4692,5948,4004,1944
33,619,thiruvarur,Total,Age not stated,2163,1059,1104,725,288,437,1438,771,667
33,619,thiruvarur,Rural,All ages,1006482,499954,506528,268595,103679,164916,737887,396275,341612
33,619,thiruvarur,Rural,0-6,96687,49422,47265,96687,49422,47265,0,0,0
33,619,thiruvarur,Rural,7,15414,7777,7637,3760,1868,1892,11654,5909,5745
33,619,thiruvarur,Rural,8,14541,7306,7235,1383,706,677,13158,6600,6558
33,619,thiruvarur,Rural,9,16417,8330,8087,1049,544,505,15368,7786,7582
33,619,thiruvarur,Rural,10,18627,9426,9201,1333,637,696,17294,8789,8505
33,619,thiruvarur,Rural,11,16896,8677,8219,776,365,411,16120,8312,7808
33,619,thiruvarur,Rural,12,17378,8799,8579,291,161,130,17087,8638,8449
33,619,thiruvarur,Rural,13,17922,8969,8953,236,111,125,17686,8858,8828
33,619,thiruvarur,Rural,14,17858,9159,8699,253,126,127,17605,9033,8572
33,619,thiruvarur,Rural,15,18646,9362,9284,325,136,189,18321,9226,9095
33,619,thiruvarur,Rural,16,17337,8693,8644,306,139,167,17031,8554,8477
33,619,thiruvarur,Rural,17,17828,9103,8725,294,144,150,17534,8959,8575
33,619,thiruvarur,Rural,18,19792,9921,9871,395,154,241,19397,9767,9630
33,619,thiruvarur,Rural,19,18704,9412,9292,396,173,223,18308,9239,9069
33,619,thiruvarur,Rural,20-24,89869,44054,45815,2786,953,1833,87083,43101,43982
33,619,thiruvarur,Rural,25-29,88663,42758,45905,4900,1500,3400,83763,41258,42505
33,619,thiruvarur,Rural,30-34,76120,37636,38484,7347,1957,5390,68773,35679,33094
33,619,thiruvarur,Rural,35-39,79416,37135,42281,14283,3512,10771,65133,33623,31510
33,619,thiruvarur,Rural,40-44,71851,34826,37025,18089,4948,13141,53762,29878,23884
33,619,thiruvarur,Rural,45-49,69396,34476,34920,21334,6500,14834,48062,27976,20086
33,619,thiruvarur,Rural,50-54,54712,27629,27083,19458,6045,13413,35254,21584,13670
33,619,thiruvarur,Rural,55-59,44014,22473,21541,17637,5499,12138,26377,16974,9403
33,619,thiruvarur,Rural,60-64,40546,20446,20100,19505,6266,13239,21041,14180,6861
33,619,thiruvarur,Rural,65-69,27112,13619,13493,13991,4612,9379,13121,9007,4114
33,619,thiruvarur,Rural,70-74,19957,10182,9775,11011,3726,7285,8946,6456,2490
33,619,thiruvarur,Rural,75-79,9059,4698,4361,4653,1525,3128,4406,3173,1233
33,619,thiruvarur,Rural,80+,9817,4746,5071,5450,1688,3762,4367,3058,1309
33,619,thiruvarur,Rural,Age not stated,1903,920,983,667,262,405,1236,658,578
33,619,thiruvarur,Urban,All ages,257795,126739,131056,49211,19929,29282,208584,106810,101774
33,619,thiruvarur,Urban,0-6,25286,12858,12428,25286,12858,12428,0,0,0
33,619,thiruvarur,Urban,7,3935,2079,1856,844,457,387,3091,1622,1469
33,619,thiruvarur,Urban,8,3847,1971,1876,324,166,158,3523,1805,1718
33,619,thiruvarur,Urban,9,4033,1997,2036,219,110,109,3814,1887,1927
33,619,thiruvarur,Urban,10,4567,2281,2286,273,156,117,4294,2125,2169
33,619,thiruvarur,Urban,11,4297,2203,2094,149,74,75,4148,2129,2019
33,619,thiruvarur,Urban,12,4250,2172,2078,77,37,40,4173,2135,2038
33,619,thiruvarur,Urban,13,4404,2154,2250,67,31,36,4337,2123,2214
33,619,thiruvarur,Urban,14,4402,2239,2163,50,25,25,4352,2214,2138
33,619,thiruvarur,Urban,15,4487,2190,2297,85,41,44,4402,2149,2253
33,619,thiruvarur,Urban,16,4157,2107,2050,60,24,36,4097,2083,2014
33,619,thiruvarur,Urban,17,4195,2110,2085,63,25,38,4132,2085,2047
33,619,thiruvarur,Urban,18,4592,2231,2361,100,41,59,4492,2190,2302
33,619,thiruvarur,Urban,19,4294,2177,2117,74,30,44,4220,2147,2073
33,619,thiruvarur,Urban,20-24,21974,10546,11428,586,256,330,21388,10290,11098
33,619,thiruvarur,Urban,25-29,22581,10511,12070,833,297,536,21748,10214,11534
33,619,thiruvarur,Urban,30-34,21115,9955,11160,1120,355,765,19995,9600,10395
33,619,thiruvarur,Urban,35-39,21736,10190,11546,1906,489,1417,19830,9701,10129
33,619,thiruvarur,Urban,40-44,19655,9780,9875,2166,616,1550,17489,9164,8325
33,619,thiruvarur,Urban,45-49,17829,8973,8856,2529,695,1834,15300,8278,7022
33,619,thiruvarur,Urban,50-54,13906,7093,6813,2223,601,1622,11683,6492,5191
33,619,thiruvarur,Urban,55-59,11405,5757,5648,2208,604,1604,9197,5153,4044
33,619,thiruvarur,Urban,60-64,10054,5062,4992,2515,674,1841,7539,4388,3151
33,619,thiruvarur,Urban,65-69,6328,3138,3190,1815,461,1354,4513,2677,1836
33,619,thiruvarur,Urban,70-74,4902,2362,2540,1607,358,1249,3295,2004,1291
33,619,thiruvarur,Urban,75-79,2570,1295,1275,821,199,622,1749,1096,653
33,619,thiruvarur,Urban,80+,2734,1169,1565,1153,223,930,1581,946,635
33,619,thiruvarur,Urban,Age not stated,260,139,121,58,26,32,202,113,89
33,620,thanjavur,Total,All ages,2405890,1182416,1223474,614892,238152,376740,1790998,944264,846734
33,620,thanjavur,Total,0-6,238598,121949,116649,238598,121949,116649,0,0,0
33,620,thanjavur,Total,7,38360,19524,18836,8200,4151,4049,30160,15373,14787
33,620,thanjavur,Total,8,38738,19572,19166,3121,1583,1538,35617,17989,17628
33,620,thanjavur,Total,9,38450,19657,18793,1392,722,670,37058,18935,18123
33,620,thanjavur,Total,10,43564,22253,21311,1222,602,620,42342,21651,20691
33,620,thanjavur,Total,11,41568,21108,20460,709,338,371,40859,20770,20089
33,620,thanjavur,Total,12,41421,21121,20300,683,357,326,40738,20764,19974
33,620,thanjavur,Total,13,42850,21731,21119,617,285,332,42233,21446,20787
33,620,thanjavur,Total,14,42211,21741,20470,610,269,341,41601,21472,20129
33,620,thanjavur,Total,15,44216,22781,21435,757,342,415,43459,22439,21020
33,620,thanjavur,Total,16,40285,20458,19827,672,308,364,39613,20150,19463
33,620,thanjavur,Total,17,41230,20957,20273,704,325,379,40526,20632,19894
33,620,thanjavur,Total,18,46084,23386,22698,893,397,496,45191,22989,22202
33,620,thanjavur,Total,19,43246,21597,21649,844,366,478,42402,21231,21171
33,620,thanjavur,Total,20-24,207211,100942,106269,6892,2461,4431,200319,98481,101838
33,620,thanjavur,Total,25-29,205063,96142,108921,13270,4151,9119,191793,91991,99802
33,620,thanjavur,Total,30-34,184497,88544,95953,19094,5479,13615,165403,83065,82338
33,620,thanjavur,Total,35-39,189496,87923,101573,33066,8755,24311,156430,79168,77262
33,620,thanjavur,Total,40-44,172844,83512,89332,39478,11627,27851,133366,71885,61481
33,620,thanjavur,Total,45-49,165180,81344,83836,44862,13759,31103,120318,67585,52733
33,620,thanjavur,Total,50-54,131292,65209,66083,40290,12127,28163,91002,53082,37920
33,620,thanjavur,Total,55-59,108648,53781,54867,37443,10833,26610,71205,42948,28257
33,620,thanjavur,Total,60-64,98357,48885,49472,41951,12841,29110,56406,36044,20362
33,620,thanjavur,Total,65-69,63596,30638,32958,29880,8950,20930,33716,21688,12028
33,620,thanjavur,Total,70-74,48500,23712,24788,24459,7650,16809,24041,16062,7979
33,620,thanjavur,Total,75-79,23750,11834,11916,11354,3566,7788,12396,8268,4128
33,620,thanjavur,Total,80+,25092,11307,13785,13480,3818,9662,11612,7489,4123
33,620,thanjavur,Total,Age not stated,1543,808,735,351,141,210,1192,667,525
33,620,thanjavur,Rural,All ages,1554531,765177,789354,449545,171999,277546,1104986,593178,511808
33,620,thanjavur,Rural,0-6,156457,80010,76447,156457,80010,76447,0,0,0
33,620,thanjavur,Rural,7,25409,12939,12470,5531,2812,2719,19878,10127,9751
33,620,thanjavur,Rural,8,26064,13191,12873,2153,1091,1062,23911,12100,11811
33,620,thanjavur,Rural,9,25681,13087,12594,926,485,441,24755,12602,12153
33,620,thanjavur,Rural,10,28723,14765,13958,806,398,408,27917,14367,13550
33,620,thanjavur,Rural,11,27208,13814,13394,457,220,237,26751,13594,13157
33,620,thanjavur,Rural,12,27645,14000,13645,481,250,231,27164,13750,13414
33,620,thanjavur,Rural,13,28406,14374,14032,413,187,226,27993,14187,13806
33,620,thanjavur,Rural,14,27764,14422,13342,422,189,233,27342,14233,13109
33,620,thanjavur,Rural,15,29198,15074,14124,521,236,285,28677,14838,13839
33,620,thanjavur,Rural,16,26271,13406,12865,471,210,261,25800,13196,12604
33,620,thanjavur,Rural,17,26948,13902,13046,467,216,251,26481,13686,12795
33,620,thanjavur,Rural,18,30137,15556,14581,619,278,341,29518,15278,14240
33,620,thanjavur,Rural,19,27977,14353,13624,607,268,339,27370,14085,13285
33,620,thanjavur,Rural,20-24,135029,66549,68480,5143,1790,3353,129886,64759,65127
33,620,thanjavur,Rural,25-29,132923,62561,70362,10041,3060,6981,122882,59501,63381
33,620,thanjavur,Rural,30-34,116746,56527,60219,14765,4167,10598,101981,52360,49621
33,620,thanjavur,Rural,35-39,119564,55334,64230,25853,6831,19022,93711,48503,45208
33,620,thanjavur,Rural,40-44,108135,51798,56337,31103,9107,21996,77032,42691,34341
33,620,thanjavur,Rural,45-49,105245,51401,53844,35684,11080,24604,69561,40321,29240
33,620,thanjavur,Rural,50-54,83570,40783,42787,32233,9815,22418,51337,30968,20369
33,620,thanjavur,Rural,55-59,69790,34080,35710,29952,8831,21121,39838,25249,14589
33,620,thanjavur,Rural,60-64,64746,32081,32665,33553,10702,22851,31193,21379,9814
33,620,thanjavur,Rural,65-69,42253,20498,21755,23684,7497,16187,18569,13001,5568
33,620,thanjavur,Rural,70-74,31712,15680,16032,18905,6320,12585,12807,9360,3447
33,620,thanjavur,Rural,75-79,14442,7276,7166,8399,2850,5549,6043,4426,1617
33,620,thanjavur,Rural,80+,15465,7177,8288,9639,2989,6650,5826,4188,1638
33,620,thanjavur,Rural,Age not stated,1023,539,484,260,110,150,763,429,334
33,620,thanjavur,Urban,All ages,851359,417239,434120,165347,66153,99194,686012,351086,334926
33,620,thanjavur,Urban,0-6,82141,41939,40202,82141,41939,40202,0,0,0
33,620,thanjavur,Urban,7,12951,6585,6366,2669,1339,1330,10282,5246,5036
33,620,thanjavur,Urban,8,12674,6381,6293,968,492,476,11706,5889,5817
33,620,thanjavur,Urban,9,12769,6570,6199,466,237,229,12303,6333,5970
33,620,thanjavur,Urban,10,14841,7488,7353,416,204,212,14425,7284,7141
33,620,thanjavur,Urban,11,14360,7294,7066,252,118,134,14108,7176,6932
33,620,thanjavur,Urban,12,13776,7121,6655,202,107,95,13574,7014,6560
33,620,thanjavur,Urban,13,14444,7357,7087,204,98,106,14240,7259,6981
33,620,thanjavur,Urban,14,14447,7319,7128,188,80,108,14259,7239,7020
33,620,thanjavur,Urban,15,15018,7707,7311,236,106,130,14782,7601,7181
33,620,thanjavur,Urban,16,14014,7052,6962,201,98,103,13813,6954,6859
33,620,thanjavur,Urban,17,14282,7055,7227,237,109,128,14045,6946,7099
33,620,thanjavur,Urban,18,15947,7830,8117,274,119,155,15673,7711,7962
33,620,thanjavur,Urban,19,15269,7244,8025,237,98,139,15032,7146,7886
33,620,thanjavur,Urban,20-24,72182,34393,37789,1749,671,1078,70433,33722,36711
33,620,thanjavur,Urban,25-29,72140,33581,38559,3229,1091,2138,68911,32490,36421
33,620,thanjavur,Urban,30-34,67751,32017,35734,4329,1312,3017,63422,30705,32717
33,620,thanjavur,Urban,35-39,69932,32589,37343,7213,1924,5289,62719,30665,32054
33,620,thanjavur,Urban,40-44,64709,31714,32995,8375,2520,5855,56334,29194,27140
33,620,thanjavur,Urban,45-49,59935,29943,29992,9178,2679,6499,50757,27264,23493
33,620,thanjavur,Urban,50-54,47722,24426,23296,8057,2312,5745,39665,22114,17551
33,620,thanjavur,Urban,55-59,38858,19701,19157,7491,2002,5489,31367,17699,13668
33,620,thanjavur,Urban,60-64,33611,16804,16807,8398,2139,6259,25213,14665,10548
33,620,thanjavur,Urban,65-69,21343,10140,11203,6196,1453,4743,15147,8687,6460
33,620,thanjavur,Urban,70-74,16788,8032,8756,5554,1330,4224,11234,6702,4532
33,620,thanjavur,Urban,75-79,9308,4558,4750,2955,716,2239,6353,3842,2511
33,620,thanjavur,Urban,80+,9627,4130,5497,3841,829,3012,5786,3301,2485
33,620,thanjavur,Urban,Age not stated,520,269,251,91,31,60,429,238,191
33,621,pudukkottai,Total,All ages,1618345,803188,815157,507800,194412,313388,1110545,608776,501769
33,621,pudukkottai,Total,0-6,179688,91696,87992,179688,91696,87992,0,0,0
33,621,pudukkottai,Total,7,28627,14682,13945,4680,2387,2293,23947,12295,11652
33,621,pudukkottai,Total,8,28621,14433,14188,1688,811,877,26933,13622,13311
33,621,pudukkottai,Total,9,28703,14495,14208,721,371,350,27982,14124,13858
33,621,pudukkottai,Total,10,31124,16035,15089,742,396,346,30382,15639,14743
33,621,pudukkottai,Total,11,29075,15052,14023,443,220,223,28632,14832,13800
33,621,pudukkottai,Total,12,28918,14822,14096,360,173,187,28558,14649,13909
33,621,pudukkottai,Total,13,29357,14997,14360,377,167,210,28980,14830,14150
33,621,pudukkottai,Total,14,29568,15452,14116,379,175,204,29189,15277,13912
33,621,pudukkottai,Total,15,30775,15820,14955,493,204,289,30282,15616,14666
33,621,pudukkottai,Total,16,28069,14420,13649,395,169,226,27674,14251,13423
33,621,pudukkottai,Total,17,27425,14078,13347,478,195,283,26947,13883,13064
33,621,pudukkottai,Total,18,29377,15012,14365,598,213,385,28779,14799,13980
33,621,pudukkottai,Total,19,28016,14001,14015,632,207,425,27384,13794,13590
33,621,pudukkottai,Total,20-24,135603,65659,69944,5737,1684,4053,129866,63975,65891
33,621,pudukkottai,Total,25-29,142907,67148,75759,12836,3175,9661,130071,63973,66098
33,621,pudukkottai,Total,30-34,128810,63432,65378,19528,4996,14532,109282,58436,50846
33,621,pudukkottai,Total,35-39,128637,61815,66822,32692,8268,24424,95945,53547,42398
33,621,pudukkottai,Total,40-44,112170,56307,55863,36703,10694,26009,75467,45613,29854
33,621,pudukkottai,Total,45-49,100811,50365,50446,39961,12436,27525,60850,37929,22921
33,621,pudukkottai,Total,50-54,79660,39005,40655,35901,10976,24925,43759,28029,15730
33,621,pudukkottai,Total,55-59,67145,32572,34573,33094,10131,22963,34051,22441,11610
33,621,pudukkottai,Total,60-64,62747,31233,31514,35482,11890,23592,27265,19343,7922
33,621,pudukkottai,Total,65-69,42223,20566,21657,25947,8918,17029,16276,11648,4628
33,621,pudukkottai,Total,70-74,31037,15660,15377,19878,7345,12533,11159,8315,2844
33,621,pudukkottai,Total,75-79,13958,7167,6791,8558,3168,5390,5400,3999,1401
33,621,pudukkottai,Total,80+,14405,6815,7590,9552,3240,6312,4853,3575,1278
33,621,pudukkottai,Total,Age not stated,889,449,440,257,107,150,632,342,290
33,621,pudukkottai,Rural,All ages,1301991,645505,656486,442308,168447,273861,859683,477058,382625
33,621,pudukkottai,Rural,0-6,146031,74377,71654,146031,74377,71654,0,0,0
33,621,pudukkottai,Rural,7,23248,11890,11358,3914,1993,1921,19334,9897,9437
33,621,pudukkottai,Rural,8,23315,11754,11561,1428,681,747,21887,11073,10814
33,621,pudukkottai,Rural,9,23379,11778,11601,593,308,285,22786,11470,11316
33,621,pudukkottai,Rural,10,25245,13003,12242,611,332,279,24634,12671,11963
33,621,pudukkottai,Rural,11,23606,12205,11401,372,183,189,23234,12022,11212
33,621,pudukkottai,Rural,12,23527,12070,11457,319,151,168,23208,11919,11289
33,621,pudukkottai,Rural,13,23927,12204,11723,327,142,185,23600,12062,11538
33,621,pudukkottai,Rural,14,23998,12486,11512,321,149,172,23677,12337,11340
33,621,pudukkottai,Rural,15,24848,12748,12100,430,179,251,24418,12569,11849
33,621,pudukkottai,Rural,16,22609,11594,11015,343,149,194,22266,11445,10821
33,621,pudukkottai,Rural,17,22235,11379,10856,414,168,246,21821,11211,10610
33,621,pudukkottai,Rural,18,23748,12141,11607,520,180,340,23228,11961,11267
33,621,pudukkottai,Rural,19,22628,11338,11290,533,181,352,22095,11157,10938
33,621,pudukkottai,Rural,20-24,108661,52871,55790,5067,1454,3613,103594,51417,52177
33,621,pudukkottai,Rural,25-29,114783,54087,60696,11617,2844,8773,103166,51243,51923
33,621,pudukkottai,Rural,30-34,102159,50563,51596,17737,4558,13179,84422,46005,38417
33,621,pudukkottai,Rural,35-39,101948,48938,53010,29550,7510,22040,72398,41428,30970
33,621,pudukkottai,Rural,40-44,88249,44174,44075,33301,9793,23508,54948,34381,20567
33,621,pudukkottai,Rural,45-49,80161,39804,40357,36324,11407,24917,43837,28397,15440
33,621,pudukkottai,Rural,50-54,63835,30815,33020,32808,10163,22645,31027,20652,10375
33,621,pudukkottai,Rural,55-59,54341,25973,28368,30161,9344,20817,24180,16629,7551
33,621,pudukkottai,Rural,60-64,51501,25472,26029,32286,11087,21199,19215,14385,4830
33,621,pudukkottai,Rural,65-69,35107,17169,17938,23555,8324,15231,11552,8845,2707
33,621,pudukkottai,Rural,70-74,25535,12956,12579,17795,6821,10974,7740,6135,1605
33,621,pudukkottai,Rural,75-79,11116,5787,5329,7529,2928,4601,3587,2859,728
33,621,pudukkottai,Rural,80+,11494,5553,5941,8187,2946,5241,3307,2607,700
33,621,pudukkottai,Rural,Age not stated,757,376,381,235,95,140,522,281,241
33,621,pudukkottai,Urban,All ages,316354,157683,158671,65492,25965,39527,250862,131718,119144
33,621,pudukkottai,Urban,0-6,33657,17319,16338,33657,17319,16338,0,0,0
33,621,pudukkottai,Urban,7,5379,2792,2587,766,394,372,4613,2398,2215
33,621,pudukkottai,Urban,8,5306,2679,2627,260,130,130,5046,2549,2497
33,621,pudukkottai,Urban,9,5324,2717,2607,128,63,65,5196,2654,2542
33,621,pudukkottai,Urban,10,5879,3032,2847,131,64,67,5748,2968,2780
33,621,pudukkottai,Urban,11,5469,2847,2622,71,37,34,5398,2810,2588
33,621,pudukkottai,Urban,12,5391,2752,2639,41,22,19,5350,2730,2620
33,621,pudukkottai,Urban,13,5430,2793,2637,50,25,25,5380,2768,2612
33,621,pudukkottai,Urban,14,5570,2966,2604,58,26,32,5512,2940,2572
33,621,pudukkottai,Urban,15,5927,3072,2855,63,25,38,5864,3047,2817
33,621,pudukkottai,Urban,16,5460,2826,2634,52,20,32,5408,2806,2602
33,621,pudukkottai,Urban,17,5190,2699,2491,64,27,37,5126,2672,2454
33,621,pudukkottai,Urban,18,5629,2871,2758,78,33,45,5551,2838,2713
33,621,pudukkottai,Urban,19,5388,2663,2725,99,26,73,5289,2637,2652
33,621,pudukkottai,Urban,20-24,26942,12788,14154,670,230,440,26272,12558,13714
33,621,pudukkottai,Urban,25-29,28124,13061,15063,1219,331,888,26905,12730,14175
33,621,pudukkottai,Urban,30-34,26651,12869,13782,1791,438,1353,24860,12431,12429
33,621,pudukkottai,Urban,35-39,26689,12877,13812,3142,758,2384,23547,12119,11428
33,621,pudukkottai,Urban,40-44,23921,12133,11788,3402,901,2501,20519,11232,9287
33,621,pudukkottai,Urban,45-49,20650,10561,10089,3637,1029,2608,17013,9532,7481
33,621,pudukkottai,Urban,50-54,15825,8190,7635,3093,813,2280,12732,7377,5355
33,621,pudukkottai,Urban,55-59,12804,6599,6205,2933,787,2146,9871,5812,4059
33,621,pudukkottai,Urban,60-64,11246,5761,5485,3196,803,2393,8050,4958,3092
33,621,pudukkottai,Urban,65-69,7116,3397,3719,2392,594,1798,4724,2803,1921
33,621,pudukkottai,Urban,70-74,5502,2704,2798,2083,524,1559,3419,2180,1239
33,621,pudukkottai,Urban,75-79,2842,1380,1462,1029,240,789,1813,1140,673
33,621,pudukkottai,Urban,80+,2911,1262,1649,1365,294,1071,1546,968,578
33,621,pudukkottai,Urban,Age not stated,132,73,59,22,12,10,110,61,49
33,622,sivaganga,Total,All ages,1339101,668672,670429,379357,142368,236989,959744,526304,433440
33,622,sivaganga,Total,0-6,137235,70022,67213,137235,70022,67213,0,0,0
33,622,sivaganga,Total,7,22028,11310,10718,3831,2013,1818,18197,9297,8900
33,622,sivaganga,Total,8,22055,11201,10854,1507,785,722,20548,10416,10132
33,622,sivaganga,Total,9,21814,11146,10668,745,388,357,21069,10758,10311
33,622,sivaganga,Total,10,24067,12413,11654,728,363,365,23339,12050,11289
33,622,sivaganga,Total,11,23186,11921,11265,429,194,235,22757,11727,11030
33,622,sivaganga,Total,12,22861,11767,11094,321,151,170,22540,11616,10924
33,622,sivaganga,Total,13,23563,12025,11538,269,111,158,23294,11914,11380
33,622,sivaganga,Total,14,23322,11958,11364,340,177,163,22982,11781,11201
33,622,sivaganga,Total,15,24345,12573,11772,369,150,219,23976,12423,11553
33,622,sivaganga,Total,16,22091,11355,10736,317,125,192,21774,11230,10544
33,622,sivaganga,Total,17,21971,11339,10632,315,132,183,21656,11207,10449
33,622,sivaganga,Total,18,23994,12391,11603,495,199,296,23499,12192,11307
33,622,sivaganga,Total,19,22926,11853,11073,472,177,295,22454,11676,10778
33,622,sivaganga,Total,20-24,112910,55914,56996,4018,1171,2847,108892,54743,54149
33,622,sivaganga,Total,25-29,117850,56591,61259,8264,1976,6288,109586,54615,54971
33,622,sivaganga,Total,30-34,106559,53055,53504,12605,2968,9637,93954,50087,43867
33,622,sivaganga,Total,35-39,107551,51680,55871,21953,5176,16777,85598,46504,39094
33,622,sivaganga,Total,40-44,92083,46611,45472,24528,6870,17658,67555,39741,27814
33,622,sivaganga,Total,45-49,85163,42481,42682,28299,8218,20081,56864,34263,22601
33,622,sivaganga,Total,50-54,68331,33346,34985,26357,7374,18983,41974,25972,16002
33,622,sivaganga,Total,55-59,60156,28802,31354,25853,7200,18653,34303,21602,12701
33,622,sivaganga,Total,60-64,58513,29415,29098,28722,9170,19552,29791,20245,9546
33,622,sivaganga,Total,65-69,38352,18971,19381,20499,6591,13908,17853,12380,5473
33,622,sivaganga,Total,70-74,28358,14612,13746,15870,5615,10255,12488,8997,3491
33,622,sivaganga,Total,75-79,13045,6880,6165,6751,2398,4353,6294,4482,1812
33,622,sivaganga,Total,80+,13707,6521,7186,8008,2561,5447,5699,3960,1739
33,622,sivaganga,Total,Age not stated,1065,519,546,257,93,164,808,426,382
33,622,sivaganga,Rural,All ages,926256,462210,464046,297211,109303,187908,629045,352907,276138
33,622,sivaganga,Rural,0-6,95563,48712,46851,95563,48712,46851,0,0,0
33,622,sivaganga,Rural,7,15224,7792,7432,2547,1334,1213,12677,6458,6219
33,622,sivaganga,Rural,8,15310,7765,7545,942,497,445,14368,7268,7100
33,622,sivaganga,Rural,9,15154,7762,7392,498,256,242,14656,7506,7150
33,622,sivaganga,Rural,10,16543,8496,8047,460,222,238,16083,8274,7809
33,622,sivaganga,Rural,11,15942,8203,7739,300,134,166,15642,8069,7573
33,622,sivaganga,Rural,12,15927,8272,7655,214,98,116,15713,8174,7539
33,622,sivaganga,Rural,13,16289,8261,8028,195,76,119,16094,8185,7909
33,622,sivaganga,Rural,14,16007,8170,7837,236,118,118,15771,8052,7719
33,622,sivaganga,Rural,15,16998,8742,8256,243,86,157,16755,8656,8099
33,622,sivaganga,Rural,16,15226,7862,7364,232,90,142,14994,7772,7222
33,622,sivaganga,Rural,17,15415,8012,7403,229,92,137,15186,7920,7266
33,622,sivaganga,Rural,18,16971,8771,8200,365,146,219,16606,8625,7981
33,622,sivaganga,Rural,19,16130,8436,7694,347,127,220,15783,8309,7474
33,622,sivaganga,Rural,20-24,79084,39511,39573,3235,898,2337,75849,38613,37236
33,622,sivaganga,Rural,25-29,81751,39772,41979,6702,1552,5150,75049,38220,36829
33,622,sivaganga,Rural,30-34,71901,36281,35620,10451,2369,8082,61450,33912,27538
33,622,sivaganga,Rural,35-39,71842,34453,37389,18279,4203,14076,53563,30250,23313
33,622,sivaganga,Rural,40-44,60443,30331,30112,20472,5732,14740,39971,24599,15372
33,622,sivaganga,Rural,45-49,57513,28087,29426,23790,6845,16945,33723,21242,12481
33,622,sivaganga,Rural,50-54,47152,22326,24826,22541,6349,16192,24611,15977,8634
33,622,sivaganga,Rural,55-59,42475,19831,22644,22008,6179,15829,20467,13652,6815
33,622,sivaganga,Rural,60-64,42993,21601,21392,24679,8099,16580,18314,13502,4812
33,622,sivaganga,Rural,65-69,28164,14085,14079,17365,5859,11506,10799,8226,2573
33,622,sivaganga,Rural,70-74,20702,10717,9985,13281,4929,8352,7421,5788,1633
33,622,sivaganga,Rural,75-79,9100,4868,4232,5489,2048,3441,3611,2820,791
33,622,sivaganga,Rural,80+,9616,4691,4925,6342,2178,4164,3274,2513,761
33,622,sivaganga,Rural,Age not stated,821,400,421,206,75,131,615,325,290
33,622,sivaganga,Urban,All ages,412845,206462,206383,82146,33065,49081,330699,173397,157302
33,622,sivaganga,Urban,0-6,41672,21310,20362,41672,21310,20362,0,0,0
33,622,sivaganga,Urban,7,6804,3518,3286,1284,679,605,5520,2839,2681
33,622,sivaganga,Urban,8,6745,3436,3309,565,288,277,6180,3148,3032
33,622,sivaganga,Urban,9,6660,3384,3276,247,132,115,6413,3252,3161
33,622,sivaganga,Urban,10,7524,3917,3607,268,141,127,7256,3776,3480
33,622,sivaganga,Urban,11,7244,3718,3526,129,60,69,7115,3658,3457
33,622,sivaganga,Urban,12,6934,3495,3439,107,53,54,6827,3442,3385
33,622,sivaganga,Urban,13,7274,3764,3510,74,35,39,7200,3729,3471
33,622,sivaganga,Urban,14,7315,3788,3527,104,59,45,7211,3729,3482
33,622,sivaganga,Urban,15,7347,3831,3516,126,64,62,7221,3767,3454
33,622,sivaganga,Urban,16,6865,3493,3372,85,35,50,6780,3458,3322
33,622,sivaganga,Urban,17,6556,3327,3229,86,40,46,6470,3287,3183
33,622,sivaganga,Urban,18,7023,3620,3403,130,53,77,6893,3567,3326
33,622,sivaganga,Urban,19,6796,3417,3379,125,50,75,6671,3367,3304
33,622,sivaganga,Urban,20-24,33826,16403,17423,783,273,510,33043,16130,16913
33,622,sivaganga,Urban,25-29,36099,16819,19280,1562,424,1138,34537,16395,18142
33,622,sivaganga,Urban,30-34,34658,16774,17884,2154,599,1555,32504,16175,16329
33,622,sivaganga,Urban,35-39,35709,17227,18482,3674,973,2701,32035,16254,15781
33,622,sivaganga,Urban,40-44,31640,16280,15360,4056,1138,2918,27584,15142,12442
33,622,sivaganga,Urban,45-49,27650,14394,13256,4509,1373,3136,23141,13021,10120
33,622,sivaganga,Urban,50-54,21179,11020,10159,3816,1025,2791,17363,9995,7368
33,622,sivaganga,Urban,55-59,17681,8971,8710,3845,1021,2824,13836,7950,5886
33,622,sivaganga,Urban,60-64,15520,7814,7706,4043,1071,2972,11477,6743,4734
33,622,sivaganga,Urban,65-69,10188,4886,5302,3134,732,2402,7054,4154,2900
33,622,sivaganga,Urban,70-74,7656,3895,3761,2589,686,1903,5067,3209,1858
33,622,sivaganga,Urban,75-79,3945,2012,1933,1262,350,912,2683,1662,1021
33,622,sivaganga,Urban,80+,4091,1830,2261,1666,383,1283,2425,1447,978
33,622,sivaganga,Urban,Age not stated,244,119,125,51,18,33,193,101,92
33,623,madurai,Total,All ages,3038252,1526475,1511777,764822,302665,462157,2273430,1223810,1049620
33,623,madurai,Total,0-6,313978,162517,151461,313978,162517,151461,0,0,0
33,623,madurai,Total,7,49090,25360,23730,7025,3581,3444,42065,21779,20286
33,623,madurai,Total,8,48168,24710,23458,2522,1306,1216,45646,23404,22242
33,623,madurai,Total,9,48660,25153,23507,1332,643,689,47328,24510,22818
33,623,madurai,Total,10,55094,29138,25956,1498,778,720,53596,28360,25236
33,623,madurai,Total,11,52568,27539,25029,862,432,430,51706,27107,24599
33,623,madurai,Total,12,51325,26541,24784,706,319,387,50619,26222,24397
33,623,madurai,Total,13,52889,27327,25562,712,329,383,52177,26998,25179
33,623,madurai,Total,14,51533,26986,24547,746,350,396,50787,26636,24151
33,623,madurai,Total,15,53433,28064,25369,934,427,507,52499,27637,24862
33,623,madurai,Total,16,48958,25493,23465,791,397,394,48167,25096,23071
33,623,madurai,Total,17,50268,26037,24231,893,392,501,49375,25645,23730
33,623,madurai,Total,18,54885,28210,26675,1352,584,768,53533,27626,25907
33,623,madurai,Total,19,52462,26269,26193,1487,552,935,50975,25717,25258
33,623,madurai,Total,20-24,263146,129177,133969,12021,3800,8221,251125,125377,125748
33,623,madurai,Total,25-29,281721,137484,144237,23698,6907,16791,258023,130577,127446
33,623,madurai,Total,30-34,248258,123421,124837,31082,8827,22255,217176,114594,102582
33,623,madurai,Total,35-39,249652,121609,128043,48515,13897,34618,201137,107712,93425
33,623,madurai,Total,40-44,217404,109784,107620,50031,15959,34072,167373,93825,73548
33,623,madurai,Total,45-49,198401,100860,97541,52472,17384,35088,145929,83476,62453
33,623,madurai,Total,50-54,157263,79626,77637,44694,13997,30697,112569,65629,46940
33,623,madurai,Total,55-59,131628,65680,65948,40882,12058,28824,90746,53622,37124
33,623,madurai,Total,60-64,118626,58665,59961,44743,13601,31142,73883,45064,28819
33,623,madurai,Total,65-69,76076,36604,39472,31529,9165,22364,44547,27439,17108
33,623,madurai,Total,70-74,56618,27792,28826,25368,7594,17774,31250,20198,11052
33,623,madurai,Total,75-79,26658,13144,13514,11152,3160,7992,15506,9984,5522
33,623,madurai,Total,80+,26958,11990,14968,13199,3470,9729,13759,8520,5239
33,623,madurai,Total,Age not stated,2532,1295,1237,598,239,359,1934,1056,878
33,623,madurai,Rural,All ages,1191451,601247,590204,403361,154788,248573,788090,446459,341631
33,623,madurai,Rural,0-6,128452,67137,61315,128452,67137,61315,0,0,0
33,623,madurai,Rural,7,20341,10671,9670,3033,1592,1441,17308,9079,8229
33,623,madurai,Rural,8,20246,10580,9666,1114,568,546,19132,10012,9120
33,623,madurai,Rural,9,19892,10444,9448,559,271,288,19333,10173,9160
33,623,madurai,Rural,10,22759,12174,10585,645,339,306,22114,11835,10279
33,623,madurai,Rural,11,21502,11393,10109,392,206,186,21110,11187,9923
33,623,madurai,Rural,12,21797,11328,10469,332,148,184,21465,11180,10285
33,623,madurai,Rural,13,21950,11451,10499,333,152,181,21617,11299,10318
33,623,madurai,Rural,14,21519,11324,10195,350,159,191,21169,11165,10004
33,623,madurai,Rural,15,22325,11915,10410,456,219,237,21869,11696,10173
33,623,madurai,Rural,16,20273,10887,9386,426,220,206,19847,10667,9180
33,623,madurai,Rural,17,20502,10954,9548,463,195,268,20039,10759,9280
33,623,madurai,Rural,18,22904,12383,10521,758,318,440,22146,12065,10081
33,623,madurai,Rural,19,21482,11271,10211,831,291,540,20651,10980,9671
33,623,madurai,Rural,20-24,106044,54109,51935,7229,2128,5101,98815,51981,46834
33,623,madurai,Rural,25-29,110087,54669,55418,14584,3996,10588,95503,50673,44830
33,623,madurai,Rural,30-34,90548,45483,45065,19217,5344,13873,71331,40139,31192
33,623,madurai,Rural,35-39,93879,44986,48893,30231,8531,21700,63648,36455,27193
33,623,madurai,Rural,40-44,79774,39892,39882,31442,10143,21299,48332,29749,18583
33,623,madurai,Rural,45-49,74358,37254,37104,33049,11127,21922,41309,26127,15182
33,623,madurai,Rural,50-54,58632,28721,29911,28552,9292,19260,30080,19429,10651
33,623,madurai,Rural,55-59,49787,23743,26044,25690,7925,17765,24097,15818,8279
33,623,madurai,Rural,60-64,47799,22757,25042,28344,9215,19129,19455,13542,5913
33,623,madurai,Rural,65-69,31208,14781,16427,19233,6125,13108,11975,8656,3319
33,623,madurai,Rural,70-74,23285,11310,11975,15081,5065,10016,8204,6245,1959
33,623,madurai,Rural,75-79,9277,4631,4646,5755,1935,3820,3522,2696,826
33,623,madurai,Rural,80+,9742,4430,5312,6473,2011,4462,3269,2419,850
33,623,madurai,Rural,Age not stated,1087,569,518,337,136,201,750,433,317
33,623,madurai,Urban,All ages,1846801,925228,921573,361461,147877,213584,1485340,777351,707989
33,623,madurai,Urban,0-6,185526,95380,90146,185526,95380,90146,0,0,0
33,623,madurai,Urban,7,28749,14689,14060,3992,1989,2003,24757,12700,12057
33,623,madurai,Urban,8,27922,14130,13792,1408,738,670,26514,13392,13122
33,623,madurai,Urban,9,28768,14709,14059,773,372,401,27995,14337,13658
33,623,madurai,Urban,10,32335,16964,15371,853,439,414,31482,16525,14957
33,623,madurai,Urban,11,31066,16146,14920,470,226,244,30596,15920,14676
33,623,madurai,Urban,12,29528,15213,14315,374,171,203,29154,15042,14112
33,623,madurai,Urban,13,30939,15876,15063,379,177,202,30560,15699,14861
33,623,madurai,Urban,14,30014,15662,14352,396,191,205,29618,15471,14147
33,623,madurai,Urban,15,31108,16149,14959,478,208,270,30630,15941,14689
33,623,madurai,Urban,16,28685,14606,14079,365,177,188,28320,14429,13891
33,623,madurai,Urban,17,29766,15083,14683,430,197,233,29336,14886,14450
33,623,madurai,Urban,18,31981,15827,16154,594,266,328,31387,15561,15826
33,623,madurai,Urban,19,30980,14998,15982,656,261,395,30324,14737,15587
33,623,madurai,Urban,20-24,157102,75068,82034,4792,1672,3120,152310,73396,78914
33,623,madurai,Urban,25-29,171634,82815,88819,9114,2911,6203,162520,79904,82616
33,623,madurai,Urban,30-34,157710,77938,79772,11865,3483,8382,145845,74455,71390
33,623,madurai,Urban,35-39,155773,76623,79150,18284,5366,12918,137489,71257,66232
33,623,madurai,Urban,40-44,137630,69892,67738,18589,5816,12773,119041,64076,54965
33,623,madurai,Urban,45-49,124043,63606,60437,19423,6257,13166,104620,57349,47271
33,623,madurai,Urban,50-54,98631,50905,47726,16142,4705,11437,82489,46200,36289
33,623,madurai,Urban,55-59,81841,41937,39904,15192,4133,11059,66649,37804,28845
33,623,madurai,Urban,60-64,70827,35908,34919,16399,4386,12013,54428,31522,22906
33,623,madurai,Urban,65-69,44868,21823,23045,12296,3040,9256,32572,18783,13789
33,623,madurai,Urban,70-74,33333,16482,16851,10287,2529,7758,23046,13953,9093
33,623,madurai,Urban,75-79,17381,8513,8868,5397,1225,4172,11984,7288,4696
33,623,madurai,Urban,80+,17216,7560,9656,6726,1459,5267,10490,6101,4389
33,623,madurai,Urban,Age not stated,1445,726,719,261,103,158,1184,623,561
33,624,theni,Total,All ages,1245899,625683,620216,375819,146280,229539,870080,479403,390677
33,624,theni,Total,0-6,119661,61873,57788,119661,61873,57788,0,0,0
33,624,theni,Total,7,19313,10122,9191,3108,1623,1485,16205,8499,7706
33,624,theni,Total,8,19016,9777,9239,1010,512,498,18006,9265,8741
33,624,theni,Total,9,19795,10504,9291,676,367,309,19119,10137,8982
33,624,theni,Total,10,22311,11852,10459,808,412,396,21503,11440,10063
33,624,theni,Total,11,21711,11556,10155,472,236,236,21239,11320,9919
33,624,theni,Total,12,22360,11611,10749,348,154,194,22012,11457,10555
33,624,theni,Total,13,23395,12432,10963,345,181,164,23050,12251,10799
33,624,theni,Total,14,22888,12012,10876,338,139,199,22550,11873,10677
33,624,theni,Total,15,23580,12488,11092,472,245,227,23108,12243,10865
33,624,theni,Total,16,21747,11546,10201,387,191,196,21360,11355,10005
33,624,theni,Total,17,21018,11464,9554,455,234,221,20563,11230,9333
33,624,theni,Total,18,22706,12013,10693,601,265,336,22105,11748,10357
33,624,theni,Total,19,20984,10769,10215,629,253,376,20355,10516,9839
33,624,theni,Total,20-24,106324,53064,53260,5689,1863,3826,100635,51201,49434
33,624,theni,Total,25-29,112114,55166,56948,11812,3587,8225,100302,51579,48723
33,624,theni,Total,30-34,97318,47917,49401,16467,4842,11625,80851,43075,37776
33,624,theni,Total,35-39,103137,49183,53954,27742,8345,19397,75395,40838,34557
33,624,theni,Total,40-44,89747,45095,44652,28896,9887,19009,60851,35208,25643
33,624,theni,Total,45-49,83362,42643,40719,30978,10983,19995,52384,31660,20724
33,624,theni,Total,50-54,64046,32558,31488,25448,8718,16730,38598,23840,14758
33,624,theni,Total,55-59,54400,26366,28034,23828,7400,16428,30572,18966,11606
33,624,theni,Total,60-64,51555,24733,26822,26709,8461,18248,24846,16272,8574
33,624,theni,Total,65-69,33341,15601,17740,18757,5921,12836,14584,9680,4904
33,624,theni,Total,70-74,25507,12037,13470,15317,4939,10378,10190,7098,3092
33,624,theni,Total,75-79,11298,5476,5822,6536,2146,4390,4762,3330,1432
33,624,theni,Total,80+,12120,5230,6890,7964,2358,5606,4156,2872,1284
33,624,theni,Total,Age not stated,1145,595,550,366,145,221,779,450,329
33,624,theni,Rural,All ages,575418,290880,284538,198768,77310,121458,376650,213570,163080
33,624,theni,Rural,0-6,56497,29276,27221,56497,29276,27221,0,0,0
33,624,theni,Rural,7,9003,4794,4209,1596,853,743,7407,3941,3466
33,624,theni,Rural,8,8888,4557,4331,503,257,246,8385,4300,4085
33,624,theni,Rural,9,9218,4905,4313,376,205,171,8842,4700,4142
33,624,theni,Rural,10,10306,5530,4776,408,207,201,9898,5323,4575
33,624,theni,Rural,11,10086,5492,4594,247,116,131,9839,5376,4463
33,624,theni,Rural,12,10585,5620,4965,187,84,103,10398,5536,4862
33,624,theni,Rural,13,10889,5862,5027,156,85,71,10733,5777,4956
33,624,theni,Rural,14,10656,5750,4906,159,59,100,10497,5691,4806
33,624,theni,Rural,15,11102,6050,5052,248,135,113,10854,5915,4939
33,624,theni,Rural,16,10316,5583,4733,210,100,110,10106,5483,4623
33,624,theni,Rural,17,9809,5467,4342,263,137,126,9546,5330,4216
33,624,theni,Rural,18,10762,5774,4988,320,148,172,10442,5626,4816
33,624,theni,Rural,19,9925,5177,4748,311,110,201,9614,5067,4547
33,624,theni,Rural,20-24,49702,25255,24447,3312,1071,2241,46390,24184,22206
33,624,theni,Rural,25-29,52236,26008,26228,6999,2113,4886,45237,23895,21342
33,624,theni,Rural,30-34,43874,21960,21914,9648,2900,6748,34226,19060,15166
33,624,theni,Rural,35-39,46744,22351,24393,15923,4799,11124,30821,17552,13269
33,624,theni,Rural,40-44,40212,20198,20014,16546,5736,10810,23666,14462,9204
33,624,theni,Rural,45-49,37678,19156,18522,17305,6275,11030,20373,12881,7492
33,624,theni,Rural,50-54,29030,14634,14396,14180,5014,9166,14850,9620,5230
33,624,theni,Rural,55-59,24591,11640,12951,12958,4102,8856,11633,7538,4095
33,624,theni,Rural,60-64,24361,11641,12720,14731,4951,9780,9630,6690,2940
33,624,theni,Rural,65-69,15766,7421,8345,10073,3337,6736,5693,4084,1609
33,624,theni,Rural,70-74,11862,5588,6274,8046,2742,5304,3816,2846,970
33,624,theni,Rural,75-79,5041,2451,2590,3332,1165,2167,1709,1286,423
33,624,theni,Rural,80+,5534,2352,3182,4000,1242,2758,1534,1110,424
33,624,theni,Rural,Age not stated,745,388,357,234,91,143,511,297,214
33,624,theni,Urban,All ages,670481,334803,335678,177051,68970,108081,493430,265833,227597
33,624,theni,Urban,0-6,63164,32597,30567,63164,32597,30567,0,0,0
33,624,theni,Urban,7,10310,5328,4982,1512,770,742,8798,4558,4240
33,624,theni,Urban,8,10128,5220,4908,507,255,252,9621,4965,4656
33,624,theni,Urban,9,10577,5599,4978,300,162,138,10277,5437,4840
33,624,theni,Urban,10,12005,6322,5683,400,205,195,11605,6117,5488
33,624,theni,Urban,11,11625,6064,5561,225,120,105,11400,5944,5456
33,624,theni,Urban,12,11775,5991,5784,161,70,91,11614,5921,5693
33,624,theni,Urban,13,12506,6570,5936,189,96,93,12317,6474,5843
33,624,theni,Urban,14,12232,6262,5970,179,80,99,12053,6182,5871
33,624,theni,Urban,15,12478,6438,6040,224,110,114,12254,6328,5926
33,624,theni,Urban,16,11431,5963,5468,177,91,86,11254,5872,5382
33,624,theni,Urban,17,11209,5997,5212,192,97,95,11017,5900,5117
33,624,theni,Urban,18,11944,6239,5705,281,117,164,11663,6122,5541
33,624,theni,Urban,19,11059,5592,5467,318,143,175,10741,5449,5292
33,624,theni,Urban,20-24,56622,27809,28813,2377,792,1585,54245,27017,27228
33,624,theni,Urban,25-29,59878,29158,30720,4813,1474,3339,55065,27684,27381
33,624,theni,Urban,30-34,53444,25957,27487,6819,1942,4877,46625,24015,22610
33,624,theni,Urban,35-39,56393,26832,29561,11819,3546,8273,44574,23286,21288
33,624,theni,Urban,40-44,49535,24897,24638,12350,4151,8199,37185,20746,16439
33,624,theni,Urban,45-49,45684,23487,22197,13673,4708,8965,32011,18779,13232
33,624,theni,Urban,50-54,35016,17924,17092,11268,3704,7564,23748,14220,9528
33,624,theni,Urban,55-59,29809,14726,15083,10870,3298,7572,18939,11428,7511
33,624,theni,Urban,60-64,27194,13092,14102,11978,3510,8468,15216,9582,5634
33,624,theni,Urban,65-69,17575,8180,9395,8684,2584,6100,8891,5596,3295
33,624,theni,Urban,70-74,13645,6449,7196,7271,2197,5074,6374,4252,2122
33,624,theni,Urban,75-79,6257,3025,3232,3204,981,2223,3053,2044,1009
33,624,theni,Urban,80+,6586,2878,3708,3964,1116,2848,2622,1762,860
33,624,theni,Urban,Age not stated,400,207,193,132,54,78,268,153,115
33,625,virudhunagar,Total,All ages,1942288,967709,974579,543500,207334,336166,1398788,760375,638413
33,625,virudhunagar,Total,0-6,197134,100827,96307,197134,100827,96307,0,0,0
33,625,virudhunagar,Total,7,31509,16144,15365,4698,2392,2306,26811,13752,13059
33,625,virudhunagar,Total,8,31821,16104,15717,1741,906,835,30080,15198,14882
33,625,virudhunagar,Total,9,32530,16466,16064,962,470,492,31568,15996,15572
33,625,virudhunagar,Total,10,36209,18632,17577,972,485,487,35237,18147,17090
33,625,virudhunagar,Total,11,35011,17941,17070,608,304,304,34403,17637,16766
33,625,virudhunagar,Total,12,33428,17108,16320,521,263,258,32907,16845,16062
33,625,virudhunagar,Total,13,34091,17229,16862,512,261,251,33579,16968,16611
33,625,virudhunagar,Total,14,33455,17128,16327,527,246,281,32928,16882,16046
33,625,virudhunagar,Total,15,35097,17913,17184,620,301,319,34477,17612,16865
33,625,virudhunagar,Total,16,32388,16785,15603,615,275,340,31773,16510,15263
33,625,virudhunagar,Total,17,33471,17558,15913,698,318,380,32773,17240,15533
33,625,virudhunagar,Total,18,36839,18766,18073,906,354,552,35933,18412,17521
33,625,virudhunagar,Total,19,35876,18274,17602,1010,380,630,34866,17894,16972
33,625,virudhunagar,Total,20-24,171700,84472,87228,9088,2750,6338,162612,81722,80890
33,625,virudhunagar,Total,25-29,176979,86734,90245,19498,5506,13992,157481,81228,76253
33,625,virudhunagar,Total,30-34,153462,75983,77479,25327,7332,17995,128135,68651,59484
33,625,virudhunagar,Total,35-39,154427,73839,80588,37898,10771,27127,116529,63068,53461
33,625,virudhunagar,Total,40-44,139645,69211,70434,39888,12419,27469,99757,56792,42965
33,625,virudhunagar,Total,45-49,127472,64966,62506,40899,13579,27320,86573,51387,35186
33,625,virudhunagar,Total,50-54,97578,49778,47800,32777,10475,22302,64801,39303,25498
33,625,virudhunagar,Total,55-59,80202,39593,40609,29424,8560,20864,50778,31033,19745
33,625,virudhunagar,Total,60-64,75502,36036,39466,33210,9541,23669,42292,26495,15797
33,625,virudhunagar,Total,65-69,51912,24503,27409,25147,7172,17975,26765,17331,9434
33,625,virudhunagar,Total,70-74,37989,18420,19569,19800,5963,13837,18189,12457,5732
33,625,virudhunagar,Total,75-79,17639,8876,8763,8690,2686,6004,8949,6190,2759
33,625,virudhunagar,Total,80+,17352,7617,9735,9949,2653,7296,7403,4964,2439
33,625,virudhunagar,Total,Age not stated,1570,806,764,381,145,236,1189,661,528
33,625,virudhunagar,Rural,All ages,962062,480360,481702,308843,116624,192219,653219,363736,289483
33,625,virudhunagar,Rural,0-6,101250,51907,49343,101250,51907,49343,0,0,0
33,625,virudhunagar,Rural,7,15987,8114,7873,2376,1208,1168,13611,6906,6705
33,625,virudhunagar,Rural,8,16410,8308,8102,844,439,405,15566,7869,7697
33,625,virudhunagar,Rural,9,16638,8512,8126,479,231,248,16159,8281,7878
33,625,virudhunagar,Rural,10,18222,9395,8827,507,257,250,17715,9138,8577
33,625,virudhunagar,Rural,11,17524,8913,8611,302,144,158,17222,8769,8453
33,625,virudhunagar,Rural,12,16996,8871,8125,275,131,144,16721,8740,7981
33,625,virudhunagar,Rural,13,17255,8784,8471,299,144,155,16956,8640,8316
33,625,virudhunagar,Rural,14,16860,8670,8190,276,123,153,16584,8547,8037
33,625,virudhunagar,Rural,15,17668,8997,8671,365,177,188,17303,8820,8483
33,625,virudhunagar,Rural,16,16325,8573,7752,341,153,188,15984,8420,7564
33,625,virudhunagar,Rural,17,17312,9192,8120,420,186,234,16892,9006,7886
33,625,virudhunagar,Rural,18,19529,10019,9510,566,210,356,18963,9809,9154
33,625,virudhunagar,Rural,19,19217,9953,9264,632,233,399,18585,9720,8865
33,625,virudhunagar,Rural,20-24,87899,43573,44326,5725,1657,4068,82174,41916,40258
33,625,virudhunagar,Rural,25-29,88970,44132,44838,12137,3313,8824,76833,40819,36014
33,625,virudhunagar,Rural,30-34,73759,37181,36578,15354,4435,10919,58405,32746,25659
33,625,virudhunagar,Rural,35-39,73746,35259,38487,22994,6507,16487,50752,28752,22000
33,625,virudhunagar,Rural,40-44,65485,32123,33362,24185,7538,16647,41300,24585,16715
33,625,virudhunagar,Rural,45-49,60665,30654,30011,24946,8302,16644,35719,22352,13367
33,625,virudhunagar,Rural,50-54,45933,23165,22768,19933,6521,13412,26000,16644,9356
33,625,virudhunagar,Rural,55-59,38084,18202,19882,17784,5239,12545,20300,12963,7337
33,625,virudhunagar,Rural,60-64,37105,17459,19646,19970,6035,13935,17135,11424,5711
33,625,virudhunagar,Rural,65-69,25981,12225,13756,14730,4410,10320,11251,7815,3436
33,625,virudhunagar,Rural,70-74,19135,9336,9799,11633,3784,7849,7502,5552,1950
33,625,virudhunagar,Rural,75-79,8648,4490,4158,4905,1669,3236,3743,2821,922
33,625,virudhunagar,Rural,80+,8425,3818,4607,5352,1566,3786,3073,2252,821
33,625,virudhunagar,Rural,Age not stated,1034,535,499,263,105,158,771,430,341
33,625,virudhunagar,Urban,All ages,980226,487349,492877,234657,90710,143947,745569,396639,348930
33,625,virudhunagar,Urban,0-6,95884,48920,46964,95884,48920,46964,0,0,0
33,625,virudhunagar,Urban,7,15522,8030,7492,2322,1184,1138,13200,6846,6354
33,625,virudhunagar,Urban,8,15411,7796,7615,897,467,430,14514,7329,7185
33,625,virudhunagar,Urban,9,15892,7954,7938,483,239,244,15409,7715,7694
33,625,virudhunagar,Urban,10,17987,9237,8750,465,228,237,17522,9009,8513
33,625,virudhunagar,Urban,11,17487,9028,8459,306,160,146,17181,8868,8313
33,625,virudhunagar,Urban,12,16432,8237,8195,246,132,114,16186,8105,8081
33,625,virudhunagar,Urban,13,16836,8445,8391,213,117,96,16623,8328,8295
33,625,virudhunagar,Urban,14,16595,8458,8137,251,123,128,16344,8335,8009
33,625,virudhunagar,Urban,15,17429,8916,8513,255,124,131,17174,8792,8382
33,625,virudhunagar,Urban,16,16063,8212,7851,274,122,152,15789,8090,7699
33,625,virudhunagar,Urban,17,16159,8366,7793,278,132,146,15881,8234,7647
33,625,virudhunagar,Urban,18,17310,8747,8563,340,144,196,16970,8603,8367
33,625,virudhunagar,Urban,19,16659,8321,8338,378,147,231,16281,8174,8107
33,625,virudhunagar,Urban,20-24,83801,40899,42902,3363,1093,2270,80438,39806,40632
33,625,virudhunagar,Urban,25-29,88009,42602,45407,7361,2193,5168,80648,40409,40239
33,625,virudhunagar,Urban,30-34,79703,38802,40901,9973,2897,7076,69730,35905,33825
33,625,virudhunagar,Urban,35-39,80681,38580,42101,14904,4264,10640,65777,34316,31461
33,625,virudhunagar,Urban,40-44,74160,37088,37072,15703,4881,10822,58457,32207,26250
33,625,virudhunagar,Urban,45-49,66807,34312,32495,15953,5277,10676,50854,29035,21819
33,625,virudhunagar,Urban,50-54,51645,26613,25032,12844,3954,8890,38801,22659,16142
33,625,virudhunagar,Urban,55-59,42118,21391,20727,11640,3321,8319,30478,18070,12408
33,625,virudhunagar,Urban,60-64,38397,18577,19820,13240,3506,9734,25157,15071,10086
33,625,virudhunagar,Urban,65-69,25931,12278,13653,10417,2762,7655,15514,9516,5998
33,625,virudhunagar,Urban,70-74,18854,9084,9770,8167,2179,5988,10687,6905,3782
33,625,virudhunagar,Urban,75-79,8991,4386,4605,3785,1017,2768,5206,3369,1837
33,625,virudhunagar,Urban,80+,8927,3799,5128,4597,1087,3510,4330,2712,1618
33,625,virudhunagar,Urban,Age not stated,536,271,265,118,40,78,418,231,187
33,626,ramanathapuram,Total,All ages,1353445,682658,670787,374499,146171,228328,978946,536487,442459
33,626,ramanathapuram,Total,0-6,140644,71705,68939,140644,71705,68939,0,0,0
33,626,ramanathapuram,Total,7,22597,11630,10967,3413,1758,1655,19184,9872,9312
33,626,ramanathapuram,Total,8,22412,11302,11110,1251,608,643,21161,10694,10467
33,626,ramanathapuram,Total,9,22643,11578,11065,604,275,329,22039,11303,10736
33,626,ramanathapuram,Total,10,25334,12780,12554,691,324,367,24643,12456,12187
33,626,ramanathapuram,Total,11,24554,12721,11833,393,191,202,24161,12530,11631
33,626,ramanathapuram,Total,12,24391,12714,11677,292,126,166,24099,12588,11511
33,626,ramanathapuram,Total,13,25131,12942,12189,310,139,171,24821,12803,12018
33,626,ramanathapuram,Total,14,24580,12761,11819,342,155,187,24238,12606,11632
33,626,ramanathapuram,Total,15,26436,13497,12939,401,196,205,26035,13301,12734
33,626,ramanathapuram,Total,16,24013,12445,11568,343,156,187,23670,12289,11381
33,626,ramanathapuram,Total,17,24248,12638,11610,355,147,208,23893,12491,11402
33,626,ramanathapuram,Total,18,26419,13527,12892,483,227,256,25936,13300,12636
33,626,ramanathapuram,Total,19,24936,12660,12276,549,218,331,24387,12442,11945
33,626,ramanathapuram,Total,20-24,123511,61357,62154,4309,1454,2855,119202,59903,59299
33,626,ramanathapuram,Total,25-29,126473,62376,64097,8805,2590,6215,117668,59786,57882
33,626,ramanathapuram,Total,30-34,109126,55510,53616,13495,3680,9815,95631,51830,43801
33,626,ramanathapuram,Total,35-39,106987,52939,54048,22806,6154,16652,84181,46785,37396
33,626,ramanathapuram,Total,40-44,90426,45767,44659,25487,7729,17758,64939,38038,26901
33,626,ramanathapuram,Total,45-49,83225,42209,41016,28529,9093,19436,54696,33116,21580
33,626,ramanathapuram,Total,50-54,65130,33046,32084,24832,7930,16902,40298,25116,15182
33,626,ramanathapuram,Total,55-59,55183,26873,28310,23532,6837,16695,31651,20036,11615
33,626,ramanathapuram,Total,60-64,53313,26810,26503,26779,8691,18088,26534,18119,8415
33,626,ramanathapuram,Total,65-69,33550,16659,16891,18355,6168,12187,15195,10491,4704
33,626,ramanathapuram,Total,70-74,24237,12345,11892,14184,5083,9101,10053,7262,2791
33,626,ramanathapuram,Total,75-79,10509,5417,5092,5958,2147,3811,4551,3270,1281
33,626,ramanathapuram,Total,80+,10966,5081,5885,6794,2141,4653,4172,2940,1232
33,626,ramanathapuram,Total,Age not stated,2471,1369,1102,563,249,314,1908,1120,788
33,626,ramanathapuram,Rural,All ages,942746,474508,468238,290827,111730,179097,651919,362778,289141
33,626,ramanathapuram,Rural,0-6,96420,49176,47244,96420,49176,47244,0,0,0
33,626,ramanathapuram,Rural,7,15639,8056,7583,2343,1221,1122,13296,6835,6461
33,626,ramanathapuram,Rural,8,15633,7819,7814,887,440,447,14746,7379,7367
33,626,ramanathapuram,Rural,9,15719,8010,7709,449,211,238,15270,7799,7471
33,626,ramanathapuram,Rural,10,17533,8805,8728,483,214,269,17050,8591,8459
33,626,ramanathapuram,Rural,11,17027,8836,8191,287,143,144,16740,8693,8047
33,626,ramanathapuram,Rural,12,17126,8936,8190,211,89,122,16915,8847,8068
33,626,ramanathapuram,Rural,13,17348,8936,8412,224,94,130,17124,8842,8282
33,626,ramanathapuram,Rural,14,16961,8824,8137,249,116,133,16712,8708,8004
33,626,ramanathapuram,Rural,15,18335,9288,9047,289,140,149,18046,9148,8898
33,626,ramanathapuram,Rural,16,16563,8571,7992,253,111,142,16310,8460,7850
33,626,ramanathapuram,Rural,17,16743,8768,7975,256,102,154,16487,8666,7821
33,626,ramanathapuram,Rural,18,18604,9572,9032,367,173,194,18237,9399,8838
33,626,ramanathapuram,Rural,19,17586,9070,8516,428,180,248,17158,8890,8268
33,626,ramanathapuram,Rural,20-24,85969,43142,42827,3369,1106,2263,82600,42036,40564
33,626,ramanathapuram,Rural,25-29,87939,43681,44258,7145,2044,5101,80794,41637,39157
33,626,ramanathapuram,Rural,30-34,74068,37841,36227,11120,2948,8172,62948,34893,28055
33,626,ramanathapuram,Rural,35-39,72565,35394,37171,18868,5018,13850,53697,30376,23321
33,626,ramanathapuram,Rural,40-44,61418,30707,30711,21322,6469,14853,40096,24238,15858
33,626,ramanathapuram,Rural,45-49,57910,28794,29116,23945,7641,16304,33965,21153,12812
33,626,ramanathapuram,Rural,50-54,46123,23156,22967,21039,6801,14238,25084,16355,8729
33,626,ramanathapuram,Rural,55-59,39829,18949,20880,20067,5879,14188,19762,13070,6692
33,626,ramanathapuram,Rural,60-64,39808,19895,19913,22876,7623,15253,16932,12272,4660
33,626,ramanathapuram,Rural,65-69,25074,12586,12488,15496,5448,10048,9578,7138,2440
33,626,ramanathapuram,Rural,70-74,17972,9242,8730,11794,4450,7344,6178,4792,1386
33,626,ramanathapuram,Rural,75-79,7523,3939,3584,4832,1864,2968,2691,2075,616
33,626,ramanathapuram,Rural,80+,7762,3689,4073,5296,1806,3490,2466,1883,583
33,626,ramanathapuram,Rural,Age not stated,1549,826,723,512,223,289,1037,603,434
33,626,ramanathapuram,Urban,All ages,410699,208150,202549,83672,34441,49231,327027,173709,153318
33,626,ramanathapuram,Urban,0-6,44224,22529,21695,44224,22529,21695,0,0,0
33,626,ramanathapuram,Urban,7,6958,3574,3384,1070,537,533,5888,3037,2851
33,626,ramanathapuram,Urban,8,6779,3483,3296,364,168,196,6415,3315,3100
33,626,ramanathapuram,Urban,9,6924,3568,3356,155,64,91,6769,3504,3265
33,626,ramanathapuram,Urban,10,7801,3975,3826,208,110,98,7593,3865,3728
33,626,ramanathapuram,Urban,11,7527,3885,3642,106,48,58,7421,3837,3584
33,626,ramanathapuram,Urban,12,7265,3778,3487,81,37,44,7184,3741,3443
33,626,ramanathapuram,Urban,13,7783,4006,3777,86,45,41,7697,3961,3736
33,626,ramanathapuram,Urban,14,7619,3937,3682,93,39,54,7526,3898,3628
33,626,ramanathapuram,Urban,15,8101,4209,3892,112,56,56,7989,4153,3836
33,626,ramanathapuram,Urban,16,7450,3874,3576,90,45,45,7360,3829,3531
33,626,ramanathapuram,Urban,17,7505,3870,3635,99,45,54,7406,3825,3581
33,626,ramanathapuram,Urban,18,7815,3955,3860,116,54,62,7699,3901,3798
33,626,ramanathapuram,Urban,19,7350,3590,3760,121,38,83,7229,3552,3677
33,626,ramanathapuram,Urban,20-24,37542,18215,19327,940,348,592,36602,17867,18735
33,626,ramanathapuram,Urban,25-29,38534,18695,19839,1660,546,1114,36874,18149,18725
33,626,ramanathapuram,Urban,30-34,35058,17669,17389,2375,732,1643,32683,16937,15746
33,626,ramanathapuram,Urban,35-39,34422,17545,16877,3938,1136,2802,30484,16409,14075
33,626,ramanathapuram,Urban,40-44,29008,15060,13948,4165,1260,2905,24843,13800,11043
33,626,ramanathapuram,Urban,45-49,25315,13415,11900,4584,1452,3132,20731,11963,8768
33,626,ramanathapuram,Urban,50-54,19007,9890,9117,3793,1129,2664,15214,8761,6453
33,626,ramanathapuram,Urban,55-59,15354,7924,7430,3465,958,2507,11889,6966,4923
33,626,ramanathapuram,Urban,60-64,13505,6915,6590,3903,1068,2835,9602,5847,3755
33,626,ramanathapuram,Urban,65-69,8476,4073,4403,2859,720,2139,5617,3353,2264
33,626,ramanathapuram,Urban,70-74,6265,3103,3162,2390,633,1757,3875,2470,1405
33,626,ramanathapuram,Urban,75-79,2986,1478,1508,1126,283,843,1860,1195,665
33,626,ramanathapuram,Urban,80+,3204,1392,1812,1498,335,1163,1706,1057,649
33,626,ramanathapuram,Urban,Age not stated,922,543,379,51,26,25,871,517,354
33,627,thoothukkudi,Total,All ages,1750176,865021,885155,400479,161915,238564,1349697,703106,646591
33,627,thoothukkudi,Total,0-6,183763,93605,90158,183763,93605,90158,0,0,0
33,627,thoothukkudi,Total,7,29061,14653,14408,4394,2250,2144,24667,12403,12264
33,627,thoothukkudi,Total,8,29058,14719,14339,1580,796,784,27478,13923,13555
33,627,thoothukkudi,Total,9,30072,15197,14875,839,423,416,29233,14774,14459
33,627,thoothukkudi,Total,10,33036,16907,16129,847,424,423,32189,16483,15706
33,627,thoothukkudi,Total,11,31973,16462,15511,464,232,232,31509,16230,15279
33,627,thoothukkudi,Total,12,29847,15315,14532,356,180,176,29491,15135,14356
33,627,thoothukkudi,Total,13,30691,15560,15131,324,165,159,30367,15395,14972
33,627,thoothukkudi,Total,14,30974,15787,15187,366,173,193,30608,15614,14994
33,627,thoothukkudi,Total,15,32298,16419,15879,416,206,210,31882,16213,15669
33,627,thoothukkudi,Total,16,29270,14865,14405,371,190,181,28899,14675,14224
33,627,thoothukkudi,Total,17,29621,14920,14701,438,214,224,29183,14706,14477
33,627,thoothukkudi,Total,18,31058,15637,15421,499,209,290,30559,15428,15131
33,627,thoothukkudi,Total,19,29692,14758,14934,525,192,333,29167,14566,14601
33,627,thoothukkudi,Total,20-24,151330,74026,77304,4480,1567,2913,146850,72459,74391
33,627,thoothukkudi,Total,25-29,155973,77423,78550,9089,2918,6171,146884,74505,72379
33,627,thoothukkudi,Total,30-34,135568,67674,67894,12371,3827,8544,123197,63847,59350
33,627,thoothukkudi,Total,35-39,132448,63874,68574,19431,5732,13699,113017,58142,54875
33,627,thoothukkudi,Total,40-44,121103,59454,61649,22142,6971,15171,98961,52483,46478
33,627,thoothukkudi,Total,45-49,110258,54863,55395,24084,8159,15925,86174,46704,39470
33,627,thoothukkudi,Total,50-54,87294,43292,44002,19883,6396,13487,67411,36896,30515
33,627,thoothukkudi,Total,55-59,74886,36135,38751,18958,5472,13486,55928,30663,25265
33,627,thoothukkudi,Total,60-64,68424,32182,36242,21442,6039,15403,46982,26143,20839
33,627,thoothukkudi,Total,65-69,52731,24143,28588,19604,5594,14010,33127,18549,14578
33,627,thoothukkudi,Total,70-74,38621,18082,20539,16005,4702,11303,22616,13380,9236
33,627,thoothukkudi,Total,75-79,20377,9726,10651,8433,2615,5818,11944,7111,4833
33,627,thoothukkudi,Total,80+,19041,8475,10566,9001,2509,6492,10040,5966,4074
33,627,thoothukkudi,Total,Age not stated,1708,868,840,374,155,219,1334,713,621
33,627,thoothukkudi,Rural,All ages,873374,430361,443013,230688,90622,140066,642686,339739,302947
33,627,thoothukkudi,Rural,0-6,91116,46570,44546,91116,46570,44546,0,0,0
33,627,thoothukkudi,Rural,7,14471,7321,7150,2340,1218,1122,12131,6103,6028
33,627,thoothukkudi,Rural,8,14634,7477,7157,841,443,398,13793,7034,6759
33,627,thoothukkudi,Rural,9,15169,7673,7496,451,231,220,14718,7442,7276
33,627,thoothukkudi,Rural,10,16509,8440,8069,432,207,225,16077,8233,7844
33,627,thoothukkudi,Rural,11,15998,8219,7779,254,127,127,15744,8092,7652
33,627,thoothukkudi,Rural,12,15194,7827,7367,182,85,97,15012,7742,7270
33,627,thoothukkudi,Rural,13,15393,7742,7651,174,94,80,15219,7648,7571
33,627,thoothukkudi,Rural,14,15626,8001,7625,198,91,107,15428,7910,7518
33,627,thoothukkudi,Rural,15,16475,8371,8104,215,106,109,16260,8265,7995
33,627,thoothukkudi,Rural,16,14839,7536,7303,185,92,93,14654,7444,7210
33,627,thoothukkudi,Rural,17,15225,7712,7513,258,121,137,14967,7591,7376
33,627,thoothukkudi,Rural,18,15972,8136,7836,302,142,160,15670,7994,7676
33,627,thoothukkudi,Rural,19,15263,7697,7566,306,108,198,14957,7589,7368
33,627,thoothukkudi,Rural,20-24,77206,38559,38647,2749,944,1805,74457,37615,36842
33,627,thoothukkudi,Rural,25-29,77413,39249,38164,5690,1795,3895,71723,37454,34269
33,627,thoothukkudi,Rural,30-34,63759,32303,31456,7635,2314,5321,56124,29989,26135
33,627,thoothukkudi,Rural,35-39,62004,29556,32448,12180,3520,8660,49824,26036,23788
33,627,thoothukkudi,Rural,40-44,56838,27439,29399,14024,4380,9644,42814,23059,19755
33,627,thoothukkudi,Rural,45-49,53047,25805,27242,15477,5216,10261,37570,20589,16981
33,627,thoothukkudi,Rural,50-54,42108,20286,21822,12807,4190,8617,29301,16096,13205
33,627,thoothukkudi,Rural,55-59,37346,17243,20103,12412,3594,8818,24934,13649,11285
33,627,thoothukkudi,Rural,60-64,36440,16355,20085,14592,4096,10496,21848,12259,9589
33,627,thoothukkudi,Rural,65-69,30198,13554,16644,13588,3967,9621,16610,9587,7023
33,627,thoothukkudi,Rural,70-74,22284,10442,11842,10951,3383,7568,11333,7059,4274
33,627,thoothukkudi,Rural,75-79,11298,5496,5802,5491,1816,3675,5807,3680,2127
33,627,thoothukkudi,Rural,80+,10430,4791,5639,5577,1668,3909,4853,3123,1730
33,627,thoothukkudi,Rural,Age not stated,1119,561,558,261,104,157,858,457,401
33,627,thoothukkudi,Urban,All ages,876802,434660,442142,169791,71293,98498,707011,363367,343644
33,627,thoothukkudi,Urban,0-6,92647,47035,45612,92647,47035,45612,0,0,0
33,627,thoothukkudi,Urban,7,14590,7332,7258,2054,1032,1022,12536,6300,6236
33,627,thoothukkudi,Urban,8,14424,7242,7182,739,353,386,13685,6889,6796
33,627,thoothukkudi,Urban,9,14903,7524,7379,388,192,196,14515,7332,7183
33,627,thoothukkudi,Urban,10,16527,8467,8060,415,217,198,16112,8250,7862
33,627,thoothukkudi,Urban,11,15975,8243,7732,210,105,105,15765,8138,7627
33,627,thoothukkudi,Urban,12,14653,7488,7165,174,95,79,14479,7393,7086
33,627,thoothukkudi,Urban,13,15298,7818,7480,150,71,79,15148,7747,7401
33,627,thoothukkudi,Urban,14,15348,7786,7562,168,82,86,15180,7704,7476
33,627,thoothukkudi,Urban,15,15823,8048,7775,201,100,101,15622,7948,7674
33,627,thoothukkudi,Urban,16,14431,7329,7102,186,98,88,14245,7231,7014
33,627,thoothukkudi,Urban,17,14396,7208,7188,180,93,87,14216,7115,7101
33,627,thoothukkudi,Urban,18,15086,7501,7585,197,67,130,14889,7434,7455
33,627,thoothukkudi,Urban,19,14429,7061,7368,219,84,135,14210,6977,7233
33,627,thoothukkudi,Urban,20-24,74124,35467,38657,1731,623,1108,72393,34844,37549
33,627,thoothukkudi,Urban,25-29,78560,38174,40386,3399,1123,2276,75161,37051,38110
33,627,thoothukkudi,Urban,30-34,71809,35371,36438,4736,1513,3223,67073,33858,33215
33,627,thoothukkudi,Urban,35-39,70444,34318,36126,7251,2212,5039,63193,32106,31087
33,627,thoothukkudi,Urban,40-44,64265,32015,32250,8118,2591,5527,56147,29424,26723
33,627,thoothukkudi,Urban,45-49,57211,29058,28153,8607,2943,5664,48604,26115,22489
33,627,thoothukkudi,Urban,50-54,45186,23006,22180,7076,2206,4870,38110,20800,17310
33,627,thoothukkudi,Urban,55-59,37540,18892,18648,6546,1878,4668,30994,17014,13980
33,627,thoothukkudi,Urban,60-64,31984,15827,16157,6850,1943,4907,25134,13884,11250
33,627,thoothukkudi,Urban,65-69,22533,10589,11944,6016,1627,4389,16517,8962,7555
33,627,thoothukkudi,Urban,70-74,16337,7640,8697,5054,1319,3735,11283,6321,4962
33,627,thoothukkudi,Urban,75-79,9079,4230,4849,2942,799,2143,6137,3431,2706
33,627,thoothukkudi,Urban,80+,8611,3684,4927,3424,841,2583,5187,2843,2344
33,627,thoothukkudi,Urban,Age not stated,589,307,282,113,51,62,476,256,220
33,628,tirunelveli,Total,All ages,3077233,1520912,1556321,803776,310202,493574,2273457,1210710,1062747
33,628,tirunelveli,Total,0-6,321687,164157,157530,321687,164157,157530,0,0,0
33,628,tirunelveli,Total,7,50711,25915,24796,9000,4650,4350,41711,21265,20446
33,628,tirunelveli,Total,8,50609,25789,24820,3065,1559,1506,47544,24230,23314
33,628,tirunelveli,Total,9,51456,26077,25379,1499,757,742,49957,25320,24637
33,628,tirunelveli,Total,10,57322,29267,28055,1529,759,770,55793,28508,27285
33,628,tirunelveli,Total,11,55565,28802,26763,886,451,435,54679,28351,26328
33,628,tirunelveli,Total,12,51668,26465,25203,680,335,345,50988,26130,24858
33,628,tirunelveli,Total,13,53185,27016,26169,634,294,340,52551,26722,25829
33,628,tirunelveli,Total,14,54061,27583,26478,696,318,378,53365,27265,26100
33,628,tirunelveli,Total,15,56838,28936,27902,797,359,438,56041,28577,27464
33,628,tirunelveli,Total,16,51473,26210,25263,703,323,380,50770,25887,24883
33,628,tirunelveli,Total,17,52882,27178,25704,827,383,444,52055,26795,25260
33,628,tirunelveli,Total,18,55568,28021,27547,994,406,588,54574,27615,26959
33,628,tirunelveli,Total,19,52568,26683,25885,1075,445,630,51493,26238,25255
33,628,tirunelveli,Total,20-24,264635,129792,134843,9338,3111,6227,255297,126681,128616
33,628,tirunelveli,Total,25-29,274049,134937,139112,20035,6140,13895,254014,128797,125217
33,628,tirunelveli,Total,30-34,240296,119492,120804,28164,8235,19929,212132,111257,100875
33,628,tirunelveli,Total,35-39,232536,112789,119747,42502,12019,30483,190034,100770,89264
33,628,tirunelveli,Total,40-44,210378,103659,106719,48484,14445,34039,161894,89214,72680
33,628,tirunelveli,Total,45-49,192919,95894,97025,53719,16830,36889,139200,79064,60136
33,628,tirunelveli,Total,50-54,158940,77764,81176,48591,14696,33895,110349,63068,47281
33,628,tirunelveli,Total,55-59,136585,65612,70973,46692,13443,33249,89893,52169,37724
33,628,tirunelveli,Total,60-64,120490,57018,63472,48345,13738,34607,72145,43280,28865
33,628,tirunelveli,Total,65-69,91295,41956,49339,42135,11740,30395,49160,30216,18944
33,628,tirunelveli,Total,70-74,67050,31490,35560,33768,10076,23692,33282,21414,11868
33,628,tirunelveli,Total,75-79,35551,16526,19025,17827,5208,12619,17724,11318,6406
33,628,tirunelveli,Total,80+,34652,14703,19949,19556,5106,14450,15096,9597,5499
33,628,tirunelveli,Total,Age not stated,2264,1181,1083,548,219,329,1716,962,754
33,628,tirunelveli,Rural,All ages,1557004,768728,788276,456892,175749,281143,1100112,592979,507133
33,628,tirunelveli,Rural,0-6,167364,85353,82011,167364,85353,82011,0,0,0
33,628,tirunelveli,Rural,7,26490,13537,12953,4824,2498,2326,21666,11039,10627
33,628,tirunelveli,Rural,8,26200,13266,12934,1542,753,789,24658,12513,12145
33,628,tirunelveli,Rural,9,26834,13570,13264,757,374,383,26077,13196,12881
33,628,tirunelveli,Rural,10,29820,15208,14612,769,387,382,29051,14821,14230
33,628,tirunelveli,Rural,11,28680,14914,13766,459,228,231,28221,14686,13535
33,628,tirunelveli,Rural,12,26926,13769,13157,337,167,170,26589,13602,12987
33,628,tirunelveli,Rural,13,27204,13827,13377,348,159,189,26856,13668,13188
33,628,tirunelveli,Rural,14,27617,14141,13476,378,161,217,27239,13980,13259
33,628,tirunelveli,Rural,15,29352,14949,14403,447,191,256,28905,14758,14147
33,628,tirunelveli,Rural,16,26179,13436,12743,395,169,226,25784,13267,12517
33,628,tirunelveli,Rural,17,27256,14081,13175,471,218,253,26785,13863,12922
33,628,tirunelveli,Rural,18,28848,14786,14062,583,224,359,28265,14562,13703
33,628,tirunelveli,Rural,19,26929,13817,13112,607,245,362,26322,13572,12750
33,628,tirunelveli,Rural,20-24,136119,67368,68751,5700,1911,3789,130419,65457,64962
33,628,tirunelveli,Rural,25-29,140916,70068,70848,12425,3795,8630,128491,66273,62218
33,628,tirunelveli,Rural,30-34,119540,59838,59702,17358,5132,12226,102182,54706,47476
33,628,tirunelveli,Rural,35-39,114449,55122,59327,26071,7486,18585,88378,47636,40742
33,628,tirunelveli,Rural,40-44,101936,49932,52004,29495,9035,20460,72441,40897,31544
33,628,tirunelveli,Rural,45-49,94871,46523,48348,32714,10560,22154,62157,35963,26194
33,628,tirunelveli,Rural,50-54,77834,37431,40403,29570,9229,20341,48264,28202,20062
33,628,tirunelveli,Rural,55-59,67369,31531,35838,28336,8494,19842,39033,23037,15996
33,628,tirunelveli,Rural,60-64,60731,28254,32477,29341,8682,20659,31390,19572,11818
33,628,tirunelveli,Rural,65-69,47467,21633,25834,25444,7527,17917,22023,14106,7917
33,628,tirunelveli,Rural,70-74,34320,16122,18198,19941,6317,13624,14379,9805,4574
33,628,tirunelveli,Rural,75-79,17501,8281,9220,10118,3218,6900,7383,5063,2320
33,628,tirunelveli,Rural,80+,16865,7256,9609,10753,3096,7657,6112,4160,1952
33,628,tirunelveli,Rural,Age not stated,1387,715,672,345,140,205,1042,575,467
33,628,tirunelveli,Urban,All ages,1520229,752184,768045,346884,134453,212431,1173345,617731,555614
33,628,tirunelveli,Urban,0-6,154323,78804,75519,154323,78804,75519,0,0,0
33,628,tirunelveli,Urban,7,24221,12378,11843,4176,2152,2024,20045,10226,9819
33,628,tirunelveli,Urban,8,24409,12523,11886,1523,806,717,22886,11717,11169
33,628,tirunelveli,Urban,9,24622,12507,12115,742,383,359,23880,12124,11756
33,628,tirunelveli,Urban,10,27502,14059,13443,760,372,388,26742,13687,13055
33,628,tirunelveli,Urban,11,26885,13888,12997,427,223,204,26458,13665,12793
33,628,tirunelveli,Urban,12,24742,12696,12046,343,168,175,24399,12528,11871
33,628,tirunelveli,Urban,13,25981,13189,12792,286,135,151,25695,13054,12641
33,628,tirunelveli,Urban,14,26444,13442,13002,318,157,161,26126,13285,12841
33,628,tirunelveli,Urban,15,27486,13987,13499,350,168,182,27136,13819,13317
33,628,tirunelveli,Urban,16,25294,12774,12520,308,154,154,24986,12620,12366
33,628,tirunelveli,Urban,17,25626,13097,12529,356,165,191,25270,12932,12338
33,628,tirunelveli,Urban,18,26720,13235,13485,411,182,229,26309,13053,13256
33,628,tirunelveli,Urban,19,25639,12866,12773,468,200,268,25171,12666,12505
33,628,tirunelveli,Urban,20-24,128516,62424,66092,3638,1200,2438,124878,61224,63654
33,628,tirunelveli,Urban,25-29,133133,64869,68264,7610,2345,5265,125523,62524,62999
33,628,tirunelveli,Urban,30-34,120756,59654,61102,10806,3103,7703,109950,56551,53399
33,628,tirunelveli,Urban,35-39,118087,57667,60420,16431,4533,11898,101656,53134,48522
33,628,tirunelveli,Urban,40-44,108442,53727,54715,18989,5410,13579,89453,48317,41136
33,628,tirunelveli,Urban,45-49,98048,49371,48677,21005,6270,14735,77043,43101,33942
33,628,tirunelveli,Urban,50-54,81106,40333,40773,19021,5467,13554,62085,34866,27219
33,628,tirunelveli,Urban,55-59,69216,34081,35135,18356,4949,13407,50860,29132,21728
33,628,tirunelveli,Urban,60-64,59759,28764,30995,19004,5056,13948,40755,23708,17047
33,628,tirunelveli,Urban,65-69,43828,20323,23505,16691,4213,12478,27137,16110,11027
33,628,tirunelveli,Urban,70-74,32730,15368,17362,13827,3759,10068,18903,11609,7294
33,628,tirunelveli,Urban,75-79,18050,8245,9805,7709,1990,5719,10341,6255,4086
33,628,tirunelveli,Urban,80+,17787,7447,10340,8803,2010,6793,8984,5437,3547
33,628,tirunelveli,Urban,Age not stated,877,466,411,203,79,124,674,387,287
33,629,kanniyakumari,Total,All ages,1870374,926345,944029,321636,145804,175832,1548738,780541,768197
33,629,kanniyakumari,Total,0-6,182350,92835,89515,182350,92835,89515,0,0,0
33,629,kanniyakumari,Total,7,27218,13848,13370,3561,1833,1728,23657,12015,11642
33,629,kanniyakumari,Total,8,27585,14048,13537,1180,630,550,26405,13418,12987
33,629,kanniyakumari,Total,9,28114,14061,14053,625,310,315,27489,13751,13738
33,629,kanniyakumari,Total,10,31027,15793,15234,739,364,375,30288,15429,14859
33,629,kanniyakumari,Total,11,30486,15622,14864,376,181,195,30110,15441,14669
33,629,kanniyakumari,Total,12,29790,15101,14689,277,123,154,29513,14978,14535
33,629,kanniyakumari,Total,13,30543,15431,15112,276,122,154,30267,15309,14958
33,629,kanniyakumari,Total,14,30707,15356,15351,293,131,162,30414,15225,15189
33,629,kanniyakumari,Total,15,30720,15634,15086,284,106,178,30436,15528,14908
33,629,kanniyakumari,Total,16,29184,14818,14366,258,130,128,28926,14688,14238
33,629,kanniyakumari,Total,17,29254,15022,14232,274,119,155,28980,14903,14077
33,629,kanniyakumari,Total,18,29945,15325,14620,259,136,123,29686,15189,14497
33,629,kanniyakumari,Total,19,28881,14431,14450,264,127,137,28617,14304,14313
33,629,kanniyakumari,Total,20-24,155169,75556,79613,1813,779,1034,153356,74777,78579
33,629,kanniyakumari,Total,25-29,166079,80272,85807,3146,1394,1752,162933,78878,84055
33,629,kanniyakumari,Total,30-34,154029,76152,77877,4371,1914,2457,149658,74238,75420
33,629,kanniyakumari,Total,35-39,146970,71861,75109,7140,2927,4213,139830,68934,70896
33,629,kanniyakumari,Total,40-44,131835,65340,66495,9674,3763,5911,122161,61577,60584
33,629,kanniyakumari,Total,45-49,123714,61620,62094,12770,5000,7770,110944,56620,54324
33,629,kanniyakumari,Total,50-54,104227,51148,53079,13094,4831,8263,91133,46317,44816
33,629,kanniyakumari,Total,55-59,94053,45540,48513,15887,5834,10053,78166,39706,38460
33,629,kanniyakumari,Total,60-64,79031,38865,40166,16749,6143,10606,62282,32722,29560
33,629,kanniyakumari,Total,65-69,58667,28480,30187,15393,5472,9921,43274,23008,20266
33,629,kanniyakumari,Total,70-74,40898,20314,20584,12637,4479,8158,28261,15835,12426
33,629,kanniyakumari,Total,75-79,24627,12025,12602,8234,2888,5346,16393,9137,7256
33,629,kanniyakumari,Total,80+,24346,11346,13000,9536,3157,6379,14810,8189,6621
33,629,kanniyakumari,Total,Age not stated,925,501,424,176,76,100,749,425,324
33,629,kanniyakumari,Rural,All ages,330572,164938,165634,61192,28506,32686,269380,136432,132948
33,629,kanniyakumari,Rural,0-6,33780,17262,16518,33780,17262,16518,0,0,0
33,629,kanniyakumari,Rural,7,4827,2507,2320,606,305,301,4221,2202,2019
33,629,kanniyakumari,Rural,8,4846,2435,2411,204,116,88,4642,2319,2323
33,629,kanniyakumari,Rural,9,4932,2460,2472,111,51,60,4821,2409,2412
33,629,kanniyakumari,Rural,10,5533,2820,2713,118,56,62,5415,2764,2651
33,629,kanniyakumari,Rural,11,5456,2843,2613,71,28,43,5385,2815,2570
33,629,kanniyakumari,Rural,12,5307,2703,2604,43,22,21,5264,2681,2583
33,629,kanniyakumari,Rural,13,5374,2731,2643,42,18,24,5332,2713,2619
33,629,kanniyakumari,Rural,14,5623,2768,2855,43,21,22,5580,2747,2833
33,629,kanniyakumari,Rural,15,5490,2809,2681,51,24,27,5439,2785,2654
33,629,kanniyakumari,Rural,16,5320,2746,2574,42,24,18,5278,2722,2556
33,629,kanniyakumari,Rural,17,5223,2730,2493,52,19,33,5171,2711,2460
33,629,kanniyakumari,Rural,18,5408,2725,2683,54,29,25,5354,2696,2658
33,629,kanniyakumari,Rural,19,5163,2618,2545,50,21,29,5113,2597,2516
33,629,kanniyakumari,Rural,20-24,28045,13818,14227,356,156,200,27689,13662,14027
33,629,kanniyakumari,Rural,25-29,30445,15098,15347,653,333,320,29792,14765,15027
33,629,kanniyakumari,Rural,30-34,27333,13765,13568,970,462,508,26363,13303,13060
33,629,kanniyakumari,Rural,35-39,25191,12408,12783,1532,647,885,23659,11761,11898
33,629,kanniyakumari,Rural,40-44,22256,11096,11160,2072,898,1174,20184,10198,9986
33,629,kanniyakumari,Rural,45-49,21237,10382,10855,2687,1135,1552,18550,9247,9303
33,629,kanniyakumari,Rural,50-54,18070,8783,9287,2732,1114,1618,15338,7669,7669
33,629,kanniyakumari,Rural,55-59,16612,8195,8417,3204,1314,1890,13408,6881,6527
33,629,kanniyakumari,Rural,60-64,13542,6753,6789,3254,1310,1944,10288,5443,4845
33,629,kanniyakumari,Rural,65-69,10183,4958,5225,2977,1145,1832,7206,3813,3393
33,629,kanniyakumari,Rural,70-74,6921,3446,3475,2319,888,1431,4602,2558,2044
33,629,kanniyakumari,Rural,75-79,4184,2093,2091,1445,534,911,2739,1559,1180
33,629,kanniyakumari,Rural,80+,4034,1868,2166,1673,552,1121,2361,1316,1045
33,629,kanniyakumari,Rural,Age not stated,237,118,119,51,22,29,186,96,90
33,629,kanniyakumari,Urban,All ages,1539802,761407,778395,260444,117298,143146,1279358,644109,635249
33,629,kanniyakumari,Urban,0-6,148570,75573,72997,148570,75573,72997,0,0,0
33,629,kanniyakumari,Urban,7,22391,11341,11050,2955,1528,1427,19436,9813,9623
33,629,kanniyakumari,Urban,8,22739,11613,11126,976,514,462,21763,11099,10664
33,629,kanniyakumari,Urban,9,23182,11601,11581,514,259,255,22668,11342,11326
33,629,kanniyakumari,Urban,10,25494,12973,12521,621,308,313,24873,12665,12208
33,629,kanniyakumari,Urban,11,25030,12779,12251,305,153,152,24725,12626,12099
33,629,kanniyakumari,Urban,12,24483,12398,12085,234,101,133,24249,12297,11952
33,629,kanniyakumari,Urban,13,25169,12700,12469,234,104,130,24935,12596,12339
33,629,kanniyakumari,Urban,14,25084,12588,12496,250,110,140,24834,12478,12356
33,629,kanniyakumari,Urban,15,25230,12825,12405,233,82,151,24997,12743,12254
33,629,kanniyakumari,Urban,16,23864,12072,11792,216,106,110,23648,11966,11682
33,629,kanniyakumari,Urban,17,24031,12292,11739,222,100,122,23809,12192,11617
33,629,kanniyakumari,Urban,18,24537,12600,11937,205,107,98,24332,12493,11839
33,629,kanniyakumari,Urban,19,23718,11813,11905,214,106,108,23504,11707,11797
33,629,kanniyakumari,Urban,20-24,127124,61738,65386,1457,623,834,125667,61115,64552
33,629,kanniyakumari,Urban,25-29,135634,65174,70460,2493,1061,1432,133141,64113,69028
33,629,kanniyakumari,Urban,30-34,126696,62387,64309,3401,1452,1949,123295,60935,62360
33,629,kanniyakumari,Urban,35-39,121779,59453,62326,5608,2280,3328,116171,57173,58998
33,629,kanniyakumari,Urban,40-44,109579,54244,55335,7602,2865,4737,101977,51379,50598
33,629,kanniyakumari,Urban,45-49,102477,51238,51239,10083,3865,6218,92394,47373,45021
33,629,kanniyakumari,Urban,50-54,86157,42365,43792,10362,3717,6645,75795,38648,37147
33,629,kanniyakumari,Urban,55-59,77441,37345,40096,12683,4520,8163,64758,32825,31933
33,629,kanniyakumari,Urban,60-64,65489,32112,33377,13495,4833,8662,51994,27279,24715
33,629,kanniyakumari,Urban,65-69,48484,23522,24962,12416,4327,8089,36068,19195,16873
33,629,kanniyakumari,Urban,70-74,33977,16868,17109,10318,3591,6727,23659,13277,10382
33,629,kanniyakumari,Urban,75-79,20443,9932,10511,6789,2354,4435,13654,7578,6076
33,629,kanniyakumari,Urban,80+,20312,9478,10834,7863,2605,5258,12449,6873,5576
33,629,kanniyakumari,Urban,Age not stated,688,383,305,125,54,71,563,329,234
33,630,dharmapuri,Total,All ages,1506843,774303,732540,589134,246704,342430,917709,527599,390110
33,630,dharmapuri,Total,0-6,167940,87777,80163,167940,87777,80163,0,0,0
33,630,dharmapuri,Total,7,26079,13537,12542,4645,2435,2210,21434,11102,10332
33,630,dharmapuri,Total,8,25402,13185,12217,1459,737,722,23943,12448,11495
33,630,dharmapuri,Total,9,26123,13752,12371,956,492,464,25167,13260,11907
33,630,dharmapuri,Total,10,30100,16152,13948,1141,593,548,28959,15559,13400
33,630,dharmapuri,Total,11,28202,15202,13000,629,337,292,27573,14865,12708
33,630,dharmapuri,Total,12,29902,16214,13688,513,243,270,29389,15971,13418
33,630,dharmapuri,Total,13,30151,16466,13685,532,258,274,29619,16208,13411
33,630,dharmapuri,Total,14,29089,16065,13024,558,285,273,28531,15780,12751
33,630,dharmapuri,Total,15,29599,16377,13222,755,400,355,28844,15977,12867
33,630,dharmapuri,Total,16,27022,15154,11868,618,330,288,26404,14824,11580
33,630,dharmapuri,Total,17,26849,15323,11526,804,417,387,26045,14906,11139
33,630,dharmapuri,Total,18,29010,16270,12740,1251,560,691,27759,15710,12049
33,630,dharmapuri,Total,19,27687,14935,12752,1518,615,903,26169,14320,11849
33,630,dharmapuri,Total,20-24,134973,70001,64972,12395,4359,8036,122578,65642,56936
33,630,dharmapuri,Total,25-29,136058,67769,68289,24891,7942,16949,111167,59827,51340
33,630,dharmapuri,Total,30-34,114319,57521,56798,31436,10049,21387,82883,47472,35411
33,630,dharmapuri,Total,35-39,121668,57756,63912,51090,16010,35080,70578,41746,28832
33,630,dharmapuri,Total,40-44,101962,52360,49602,51600,19989,31611,50362,32371,17991
33,630,dharmapuri,Total,45-49,96379,49584,46795,54555,21988,32567,41824,27596,14228
33,630,dharmapuri,Total,50-54,69338,35666,33672,40841,16440,24401,28497,19226,9271
33,630,dharmapuri,Total,55-59,57583,28577,29006,35117,13120,21997,22466,15457,7009
33,630,dharmapuri,Total,60-64,53537,26285,27252,37076,14442,22634,16461,11843,4618
33,630,dharmapuri,Total,65-69,34631,16239,18392,25761,9849,15912,8870,6390,2480
33,630,dharmapuri,Total,70-74,26216,13085,13131,20272,8565,11707,5944,4520,1424
33,630,dharmapuri,Total,75-79,12193,5945,6248,9320,3818,5502,2873,2127,746
33,630,dharmapuri,Total,80+,14038,6681,7357,11199,4547,6652,2839,2134,705
33,630,dharmapuri,Total,Age not stated,793,425,368,262,107,155,531,318,213
33,630,dharmapuri,Rural,All ages,1245931,643215,602716,518146,217916,300230,727785,425299,302486
33,630,dharmapuri,Rural,0-6,140903,73834,67069,140903,73834,67069,0,0,0
33,630,dharmapuri,Rural,7,21830,11349,10481,3851,2051,1800,17979,9298,8681
33,630,dharmapuri,Rural,8,21410,11189,10221,1175,594,581,20235,10595,9640
33,630,dharmapuri,Rural,9,21830,11511,10319,752,386,366,21078,11125,9953
33,630,dharmapuri,Rural,10,25116,13514,11602,923,479,444,24193,13035,11158
33,630,dharmapuri,Rural,11,23538,12803,10735,479,254,225,23059,12549,10510
33,630,dharmapuri,Rural,12,25030,13686,11344,417,189,228,24613,13497,11116
33,630,dharmapuri,Rural,13,25205,13953,11252,430,214,216,24775,13739,11036
33,630,dharmapuri,Rural,14,24140,13436,10704,476,240,236,23664,13196,10468
33,630,dharmapuri,Rural,15,24639,13757,10882,654,350,304,23985,13407,10578
33,630,dharmapuri,Rural,16,22479,12761,9718,510,276,234,21969,12485,9484
33,630,dharmapuri,Rural,17,22262,12907,9355,690,359,331,21572,12548,9024
33,630,dharmapuri,Rural,18,24336,13815,10521,1104,476,628,23232,13339,9893
33,630,dharmapuri,Rural,19,23103,12630,10473,1336,535,801,21767,12095,9672
33,630,dharmapuri,Rural,20-24,112109,58954,53155,11171,3892,7279,100938,55062,45876
33,630,dharmapuri,Rural,25-29,112165,56334,55831,22587,7158,15429,89578,49176,40402
33,630,dharmapuri,Rural,30-34,93087,46955,46132,28642,9171,19471,64445,37784,26661
33,630,dharmapuri,Rural,35-39,99820,47390,52430,46255,14633,31622,53565,32757,20808
33,630,dharmapuri,Rural,40-44,83367,42725,40642,46663,18259,28404,36704,24466,12238
33,630,dharmapuri,Rural,45-49,79088,40667,38421,49113,20088,29025,29975,20579,9396
33,630,dharmapuri,Rural,50-54,56611,29061,27550,36662,14979,21683,19949,14082,5867
33,630,dharmapuri,Rural,55-59,46818,23099,23719,31381,11965,19416,15437,11134,4303
33,630,dharmapuri,Rural,60-64,44127,21527,22600,33069,13157,19912,11058,8370,2688
33,630,dharmapuri,Rural,65-69,28887,13510,15377,22923,8942,13981,5964,4568,1396
33,630,dharmapuri,Rural,70-74,21841,10996,10845,17937,7802,10135,3904,3194,710
33,630,dharmapuri,Rural,75-79,9965,4919,5046,8151,3460,4691,1814,1459,355
33,630,dharmapuri,Rural,80+,11517,5558,5959,9661,4079,5582,1856,1479,377
33,630,dharmapuri,Rural,Age not stated,708,375,333,231,94,137,477,281,196
33,630,dharmapuri,Urban,All ages,260912,131088,129824,70988,28788,42200,189924,102300,87624
33,630,dharmapuri,Urban,0-6,27037,13943,13094,27037,13943,13094,0,0,0
33,630,dharmapuri,Urban,7,4249,2188,2061,794,384,410,3455,1804,1651
33,630,dharmapuri,Urban,8,3992,1996,1996,284,143,141,3708,1853,1855
33,630,dharmapuri,Urban,9,4293,2241,2052,204,106,98,4089,2135,1954
33,630,dharmapuri,Urban,10,4984,2638,2346,218,114,104,4766,2524,2242
33,630,dharmapuri,Urban,11,4664,2399,2265,150,83,67,4514,2316,2198
33,630,dharmapuri,Urban,12,4872,2528,2344,96,54,42,4776,2474,2302
33,630,dharmapuri,Urban,13,4946,2513,2433,102,44,58,4844,2469,2375
33,630,dharmapuri,Urban,14,4949,2629,2320,82,45,37,4867,2584,2283
33,630,dharmapuri,Urban,15,4960,2620,2340,101,50,51,4859,2570,2289
33,630,dharmapuri,Urban,16,4543,2393,2150,108,54,54,4435,2339,2096
33,630,dharmapuri,Urban,17,4587,2416,2171,114,58,56,4473,2358,2115
33,630,dharmapuri,Urban,18,4674,2455,2219,147,84,63,4527,2371,2156
33,630,dharmapuri,Urban,19,4584,2305,2279,182,80,102,4402,2225,2177
33,630,dharmapuri,Urban,20-24,22864,11047,11817,1224,467,757,21640,10580,11060
33,630,dharmapuri,Urban,25-29,23893,11435,12458,2304,784,1520,21589,10651,10938
33,630,dharmapuri,Urban,30-34,21232,10566,10666,2794,878,1916,18438,9688,8750
33,630,dharmapuri,Urban,35-39,21848,10366,11482,4835,1377,3458,17013,8989,8024
33,630,dharmapuri,Urban,40-44,18595,9635,8960,4937,1730,3207,13658,7905,5753
33,630,dharmapuri,Urban,45-49,17291,8917,8374,5442,1900,3542,11849,7017,4832
33,630,dharmapuri,Urban,50-54,12727,6605,6122,4179,1461,2718,8548,5144,3404
33,630,dharmapuri,Urban,55-59,10765,5478,5287,3736,1155,2581,7029,4323,2706
33,630,dharmapuri,Urban,60-64,9410,4758,4652,4007,1285,2722,5403,3473,1930
33,630,dharmapuri,Urban,65-69,5744,2729,3015,2838,907,1931,2906,1822,1084
33,630,dharmapuri,Urban,70-74,4375,2089,2286,2335,763,1572,2040,1326,714
33,630,dharmapuri,Urban,75-79,2228,1026,1202,1169,358,811,1059,668,391
33,630,dharmapuri,Urban,80+,2521,1123,1398,1538,468,1070,983,655,328
33,630,dharmapuri,Urban,Age not stated,85,50,35,31,13,18,54,37,17
33,631,krishnagiri,Total,All ages,1879809,960232,919577,691851,293170,398681,1187958,667062,520896
33,631,krishnagiri,Total,0-6,217323,112832,104491,217323,112832,104491,0,0,0
33,631,krishnagiri,Total,7,34214,17734,16480,5142,2697,2445,29072,15037,14035
33,631,krishnagiri,Total,8,32381,16832,15549,1715,905,810,30666,15927,14739
33,631,krishnagiri,Total,9,32487,17038,15449,1359,698,661,31128,16340,14788
33,631,krishnagiri,Total,10,38757,20301,18456,1804,879,925,36953,19422,17531
33,631,krishnagiri,Total,11,35289,18370,16919,1097,529,568,34192,17841,16351
33,631,krishnagiri,Total,12,36875,19258,17617,922,428,494,35953,18830,17123
33,631,krishnagiri,Total,13,36888,19126,17762,831,348,483,36057,18778,17279
33,631,krishnagiri,Total,14,36103,19095,17008,960,411,549,35143,18684,16459
33,631,krishnagiri,Total,15,36951,19879,17072,1338,646,692,35613,19233,16380
33,631,krishnagiri,Total,16,34056,18070,15986,1184,559,625,32872,17511,15361
33,631,krishnagiri,Total,17,33513,18315,15198,1314,658,656,32199,17657,14542
33,631,krishnagiri,Total,18,39280,21175,18105,2239,1006,1233,37041,20169,16872
33,631,krishnagiri,Total,19,35639,18510,17129,2169,839,1330,33470,17671,15799
33,631,krishnagiri,Total,20-24,178359,89753,88606,17972,6369,11603,160387,83384,77003
33,631,krishnagiri,Total,25-29,176359,86273,90086,31623,10323,21300,144736,75950,68786
33,631,krishnagiri,Total,30-34,147871,74429,73442,37049,12220,24829,110822,62209,48613
33,631,krishnagiri,Total,35-39,150291,72848,77443,55610,17996,37614,94681,54852,39829
33,631,krishnagiri,Total,40-44,121357,62462,58895,54080,20356,33724,67277,42106,25171
33,631,krishnagiri,Total,45-49,113664,58603,55061,58316,22770,35546,55348,35833,19515
33,631,krishnagiri,Total,50-54,84032,44552,39480,45835,18423,27412,38197,26129,12068
33,631,krishnagiri,Total,55-59,65316,33517,31799,37340,14329,23011,27976,19188,8788
33,631,krishnagiri,Total,60-64,58840,29773,29067,38746,15542,23204,20094,14231,5863
33,631,krishnagiri,Total,65-69,39094,18994,20100,27685,10886,16799,11409,8108,3301
33,631,krishnagiri,Total,70-74,30726,15682,15044,22789,9845,12944,7937,5837,2100
33,631,krishnagiri,Total,75-79,14919,7546,7373,10912,4693,6219,4007,2853,1154
33,631,krishnagiri,Total,80+,18311,8781,9530,14203,5856,8347,4108,2925,1183
33,631,krishnagiri,Total,Age not stated,914,484,430,294,127,167,620,357,263
33,631,krishnagiri,Rural,All ages,1451446,742444,709002,586187,247726,338461,865259,494718,370541
33,631,krishnagiri,Rural,0-6,166231,86561,79670,166231,86561,79670,0,0,0
33,631,krishnagiri,Rural,7,26594,13868,12726,4107,2170,1937,22487,11698,10789
33,631,krishnagiri,Rural,8,25152,13138,12014,1418,751,667,23734,12387,11347
33,631,krishnagiri,Rural,9,25047,13157,11890,1088,557,531,23959,12600,11359
33,631,krishnagiri,Rural,10,30104,15822,14282,1436,690,746,28668,15132,13536
33,631,krishnagiri,Rural,11,27225,14230,12995,894,432,462,26331,13798,12533
33,631,krishnagiri,Rural,12,29044,15244,13800,790,358,432,28254,14886,13368
33,631,krishnagiri,Rural,13,28996,15042,13954,704,278,426,28292,14764,13528
33,631,krishnagiri,Rural,14,28461,15151,13310,832,357,475,27629,14794,12835
33,631,krishnagiri,Rural,15,29149,15792,13357,1172,556,616,27977,15236,12741
33,631,krishnagiri,Rural,16,26626,14239,12387,1031,477,554,25595,13762,11833
33,631,krishnagiri,Rural,17,26359,14586,11773,1131,564,567,25228,14022,11206
33,631,krishnagiri,Rural,18,31279,17143,14136,1967,874,1093,29312,16269,13043
33,631,krishnagiri,Rural,19,28143,14776,13367,1901,733,1168,26242,14043,12199
33,631,krishnagiri,Rural,20-24,137399,70179,67220,15634,5445,10189,121765,64734,57031
33,631,krishnagiri,Rural,25-29,133230,65971,67259,27793,9010,18783,105437,56961,48476
33,631,krishnagiri,Rural,30-34,109135,54810,54325,32818,10782,22036,76317,44028,32289
33,631,krishnagiri,Rural,35-39,113129,53821,59308,49195,15957,33238,63934,37864,26070
33,631,krishnagiri,Rural,40-44,91942,46766,45176,48073,18204,29869,43869,28562,15307
33,631,krishnagiri,Rural,45-49,88179,45183,42996,51907,20555,31352,36272,24628,11644
33,631,krishnagiri,Rural,50-54,65643,34176,31467,41018,16625,24393,24625,17551,7074
33,631,krishnagiri,Rural,55-59,51452,26073,25379,33281,12937,20344,18171,13136,5035
33,631,krishnagiri,Rural,60-64,47565,24065,23500,34463,14176,20287,13102,9889,3213
33,631,krishnagiri,Rural,65-69,32052,15608,16444,24660,9933,14727,7392,5675,1717
33,631,krishnagiri,Rural,70-74,25462,13048,12414,20410,9022,11388,5052,4026,1026
33,631,krishnagiri,Rural,75-79,12097,6196,5901,9601,4266,5335,2496,1930,566
33,631,krishnagiri,Rural,80+,15059,7437,7622,12391,5353,7038,2668,2084,584
33,631,krishnagiri,Rural,Age not stated,692,362,330,241,103,138,451,259,192
33,631,krishnagiri,Urban,All ages,428363,217788,210575,105664,45444,60220,322699,172344,150355
33,631,krishnagiri,Urban,0-6,51092,26271,24821,51092,26271,24821,0,0,0
33,631,krishnagiri,Urban,7,7620,3866,3754,1035,527,508,6585,3339,3246
33,631,krishnagiri,Urban,8,7229,3694,3535,297,154,143,6932,3540,3392
33,631,krishnagiri,Urban,9,7440,3881,3559,271,141,130,7169,3740,3429
33,631,krishnagiri,Urban,10,8653,4479,4174,368,189,179,8285,4290,3995
33,631,krishnagiri,Urban,11,8064,4140,3924,203,97,106,7861,4043,3818
33,631,krishnagiri,Urban,12,7831,4014,3817,132,70,62,7699,3944,3755
33,631,krishnagiri,Urban,13,7892,4084,3808,127,70,57,7765,4014,3751
33,631,krishnagiri,Urban,14,7642,3944,3698,128,54,74,7514,3890,3624
33,631,krishnagiri,Urban,15,7802,4087,3715,166,90,76,7636,3997,3639
33,631,krishnagiri,Urban,16,7430,3831,3599,153,82,71,7277,3749,3528
33,631,krishnagiri,Urban,17,7154,3729,3425,183,94,89,6971,3635,3336
33,631,krishnagiri,Urban,18,8001,4032,3969,272,132,140,7729,3900,3829
33,631,krishnagiri,Urban,19,7496,3734,3762,268,106,162,7228,3628,3600
33,631,krishnagiri,Urban,20-24,40960,19574,21386,2338,924,1414,38622,18650,19972
33,631,krishnagiri,Urban,25-29,43129,20302,22827,3830,1313,2517,39299,18989,20310
33,631,krishnagiri,Urban,30-34,38736,19619,19117,4231,1438,2793,34505,18181,16324
33,631,krishnagiri,Urban,35-39,37162,19027,18135,6415,2039,4376,30747,16988,13759
33,631,krishnagiri,Urban,40-44,29415,15696,13719,6007,2152,3855,23408,13544,9864
33,631,krishnagiri,Urban,45-49,25485,13420,12065,6409,2215,4194,19076,11205,7871
33,631,krishnagiri,Urban,50-54,18389,10376,8013,4817,1798,3019,13572,8578,4994
33,631,krishnagiri,Urban,55-59,13864,7444,6420,4059,1392,2667,9805,6052,3753
33,631,krishnagiri,Urban,60-64,11275,5708,5567,4283,1366,2917,6992,4342,2650
33,631,krishnagiri,Urban,65-69,7042,3386,3656,3025,953,2072,4017,2433,1584
33,631,krishnagiri,Urban,70-74,5264,2634,2630,2379,823,1556,2885,1811,1074
33,631,krishnagiri,Urban,75-79,2822,1350,1472,1311,427,884,1511,923,588
33,631,krishnagiri,Urban,80+,3252,1344,1908,1812,503,1309,1440,841,599
33,631,krishnagiri,Urban,Age not stated,222,122,100,53,24,29,169,98,71
33,632,coimbatore,Total,All ages,3458045,1729297,1728748,822138,334507,487631,2635907,1394790,1241117
33,632,coimbatore,Total,0-6,319332,163230,156102,319332,163230,156102,0,0,0
33,632,coimbatore,Total,7,46344,23741,22603,6274,3154,3120,40070,20587,19483
33,632,coimbatore,Total,8,45823,23408,22415,2343,1199,1144,43480,22209,21271
33,632,coimbatore,Total,9,47772,24310,23462,1390,694,696,46382,23616,22766
33,632,coimbatore,Total,10,53919,27752,26167,1393,702,691,52526,27050,25476
33,632,coimbatore,Total,11,52190,26451,25739,824,419,405,51366,26032,25334
33,632,coimbatore,Total,12,50172,25534,24638,613,286,327,49559,25248,24311
33,632,coimbatore,Total,13,51766,26484,25282,570,273,297,51196,26211,24985
33,632,coimbatore,Total,14,52493,26986,25507,642,316,326,51851,26670,25181
33,632,coimbatore,Total,15,53995,27863,26132,822,376,446,53173,27487,25686
33,632,coimbatore,Total,16,49777,25603,24174,702,303,399,49075,25300,23775
33,632,coimbatore,Total,17,49622,25453,24169,711,328,383,48911,25125,23786
33,632,coimbatore,Total,18,52962,26597,26365,977,429,548,51985,26168,25817
33,632,coimbatore,Total,19,53614,26530,27084,1155,472,683,52459,26058,26401
33,632,coimbatore,Total,20-24,283417,135379,148038,9668,3399,6269,273749,131980,141769
33,632,coimbatore,Total,25-29,316319,152371,163948,20083,6946,13137,296236,145425,150811
33,632,coimbatore,Total,30-34,294996,147341,147655,28294,9269,19025,266702,138072,128630
33,632,coimbatore,Total,35-39,302186,147047,155139,48538,15307,33231,253648,131740,121908
33,632,coimbatore,Total,40-44,270579,137371,133208,52625,18371,34254,217954,119000,98954
33,632,coimbatore,Total,45-49,249460,126822,122638,59763,21607,38156,189697,105215,84482
33,632,coimbatore,Total,50-54,199610,103844,95766,50744,17841,32903,148866,86003,62863
33,632,coimbatore,Total,55-59,166796,85496,81300,48531,15919,32612,118265,69577,48688
33,632,coimbatore,Total,60-64,140882,71836,69046,49552,16344,33208,91330,55492,35838
33,632,coimbatore,Total,65-69,95528,46274,49254,39966,12406,27560,55562,33868,21694
33,632,coimbatore,Total,70-74,71666,35204,36462,33469,11157,22312,38197,24047,14150
33,632,coimbatore,Total,75-79,40402,19707,20695,19140,6367,12773,21262,13340,7922
33,632,coimbatore,Total,80+,42854,18907,23947,23192,7094,16098,19662,11813,7849
33,632,coimbatore,Total,Age not stated,3569,1756,1813,825,299,526,2744,1457,1287
33,632,coimbatore,Rural,All ages,839105,419032,420073,284140,113314,170826,554965,305718,249247
33,632,coimbatore,Rural,0-6,70035,35589,34446,70035,35589,34446,0,0,0
33,632,coimbatore,Rural,7,10834,5583,5251,1321,631,690,9513,4952,4561
33,632,coimbatore,Rural,8,10914,5538,5376,502,258,244,10412,5280,5132
33,632,coimbatore,Rural,9,11586,5911,5675,318,146,172,11268,5765,5503
33,632,coimbatore,Rural,10,13257,6786,6471,367,178,189,12890,6608,6282
33,632,coimbatore,Rural,11,12682,6382,6300,218,108,110,12464,6274,6190
33,632,coimbatore,Rural,12,12642,6409,6233,171,86,85,12471,6323,6148
33,632,coimbatore,Rural,13,12908,6647,6261,184,84,100,12724,6563,6161
33,632,coimbatore,Rural,14,13025,6796,6229,197,95,102,12828,6701,6127
33,632,coimbatore,Rural,15,14033,7273,6760,260,122,138,13773,7151,6622
33,632,coimbatore,Rural,16,12511,6505,6006,212,94,118,12299,6411,5888
33,632,coimbatore,Rural,17,12310,6488,5822,222,103,119,12088,6385,5703
33,632,coimbatore,Rural,18,12953,6807,6146,280,126,154,12673,6681,5992
33,632,coimbatore,Rural,19,12872,6562,6310,362,156,206,12510,6406,6104
33,632,coimbatore,Rural,20-24,65602,32218,33384,3540,1202,2338,62062,31016,31046
33,632,coimbatore,Rural,25-29,71245,35059,36186,8087,2720,5367,63158,32339,30819
33,632,coimbatore,Rural,30-34,65097,32103,32994,11998,3824,8174,53099,28279,24820
33,632,coimbatore,Rural,35-39,71287,33569,37718,21395,6903,14492,49892,26666,23226
33,632,coimbatore,Rural,40-44,64975,32477,32498,23618,8655,14963,41357,23822,17535
33,632,coimbatore,Rural,45-49,63040,31704,31336,26431,10083,16348,36609,21621,14988
33,632,coimbatore,Rural,50-54,49584,25443,24141,22525,8453,14072,27059,16990,10069
33,632,coimbatore,Rural,55-59,42137,21094,21043,20989,7543,13446,21148,13551,7597
33,632,coimbatore,Rural,60-64,38077,19068,19009,21608,7875,13733,16469,11193,5276
33,632,coimbatore,Rural,65-69,28004,13542,14462,17358,6071,11287,10646,7471,3175
33,632,coimbatore,Rural,70-74,21865,10840,11025,14603,5566,9037,7262,5274,1988
33,632,coimbatore,Rural,75-79,11851,6029,5822,7988,3148,4840,3863,2881,982
33,632,coimbatore,Rural,80+,12592,6043,6549,9018,3395,5623,3574,2648,926
33,632,coimbatore,Rural,Age not stated,1187,567,620,333,100,233,854,467,387
33,632,coimbatore,Urban,All ages,2618940,1310265,1308675,537998,221193,316805,2080942,1089072,991870
33,632,coimbatore,Urban,0-6,249297,127641,121656,249297,127641,121656,0,0,0
33,632,coimbatore,Urban,7,35510,18158,17352,4953,2523,2430,30557,15635,14922
33,632,coimbatore,Urban,8,34909,17870,17039,1841,941,900,33068,16929,16139
33,632,coimbatore,Urban,9,36186,18399,17787,1072,548,524,35114,17851,17263
33,632,coimbatore,Urban,10,40662,20966,19696,1026,524,502,39636,20442,19194
33,632,coimbatore,Urban,11,39508,20069,19439,606,311,295,38902,19758,19144
33,632,coimbatore,Urban,12,37530,19125,18405,442,200,242,37088,18925,18163
33,632,coimbatore,Urban,13,38858,19837,19021,386,189,197,38472,19648,18824
33,632,coimbatore,Urban,14,39468,20190,19278,445,221,224,39023,19969,19054
33,632,coimbatore,Urban,15,39962,20590,19372,562,254,308,39400,20336,19064
33,632,coimbatore,Urban,16,37266,19098,18168,490,209,281,36776,18889,17887
33,632,coimbatore,Urban,17,37312,18965,18347,489,225,264,36823,18740,18083
33,632,coimbatore,Urban,18,40009,19790,20219,697,303,394,39312,19487,19825
33,632,coimbatore,Urban,19,40742,19968,20774,793,316,477,39949,19652,20297
33,632,coimbatore,Urban,20-24,217815,103161,114654,6128,2197,3931,211687,100964,110723
33,632,coimbatore,Urban,25-29,245074,117312,127762,11996,4226,7770,233078,113086,119992
33,632,coimbatore,Urban,30-34,229899,115238,114661,16296,5445,10851,213603,109793,103810
33,632,coimbatore,Urban,35-39,230899,113478,117421,27143,8404,18739,203756,105074,98682
33,632,coimbatore,Urban,40-44,205604,104894,100710,29007,9716,19291,176597,95178,81419
33,632,coimbatore,Urban,45-49,186420,95118,91302,33332,11524,21808,153088,83594,69494
33,632,coimbatore,Urban,50-54,150026,78401,71625,28219,9388,18831,121807,69013,52794
33,632,coimbatore,Urban,55-59,124659,64402,60257,27542,8376,19166,97117,56026,41091
33,632,coimbatore,Urban,60-64,102805,52768,50037,27944,8469,19475,74861,44299,30562
33,632,coimbatore,Urban,65-69,67524,32732,34792,22608,6335,16273,44916,26397,18519
33,632,coimbatore,Urban,70-74,49801,24364,25437,18866,5591,13275,30935,18773,12162
33,632,coimbatore,Urban,75-79,28551,13678,14873,11152,3219,7933,17399,10459,6940
33,632,coimbatore,Urban,80+,30262,12864,17398,14174,3699,10475,16088,9165,6923
33,632,coimbatore,Urban,Age not stated,2382,1189,1193,492,199,293,1890,990,900
33,633,tiruppur,Total,All ages,2479052,1246159,1232893,718486,286536,431950,1760566,959623,800943
33,633,tiruppur,Total,0-6,241351,123612,117739,241351,123612,117739,0,0,0
33,633,tiruppur,Total,7,35069,17790,17279,5515,2808,2707,29554,14982,14572
33,633,tiruppur,Total,8,33942,17197,16745,1976,1035,941,31966,16162,15804
33,633,tiruppur,Total,9,35061,18049,17012,1059,526,533,34002,17523,16479
33,633,tiruppur,Total,10,39698,20353,19345,1117,549,568,38581,19804,18777
33,633,tiruppur,Total,11,37825,19319,18506,613,284,329,37212,19035,18177
33,633,tiruppur,Total,12,36384,18686,17698,526,260,266,35858,18426,17432
33,633,tiruppur,Total,13,38204,19494,18710,524,228,296,37680,19266,18414
33,633,tiruppur,Total,14,37885,19728,18157,550,251,299,37335,19477,17858
33,633,tiruppur,Total,15,39698,20684,19014,691,336,355,39007,20348,18659
33,633,tiruppur,Total,16,36858,19109,17749,671,308,363,36187,18801,17386
33,633,tiruppur,Total,17,36428,18791,17637,703,346,357,35725,18445,17280
33,633,tiruppur,Total,18,39752,19622,20130,928,385,543,38824,19237,19587
33,633,tiruppur,Total,19,40206,19246,20960,1025,411,614,39181,18835,20346
33,633,tiruppur,Total,20-24,212081,99285,112796,8987,3038,5949,203094,96247,106847
33,633,tiruppur,Total,25-29,237545,115166,122379,20030,6548,13482,217515,108618,108897
33,633,tiruppur,Total,30-34,214336,108966,105370,27989,8843,19146,186347,100123,86224
33,633,tiruppur,Total,35-39,218643,107933,110710,48060,14622,33438,170583,93311,77272
33,633,tiruppur,Total,40-44,188839,97151,91688,52163,17491,34672,136676,79660,57016
33,633,tiruppur,Total,45-49,172821,89367,83454,57693,20213,37480,115128,69154,45974
33,633,tiruppur,Total,50-54,131766,69044,62722,48331,16687,31644,83435,52357,31078
33,633,tiruppur,Total,55-59,108008,54592,53416,45962,14577,31385,62046,40015,22031
33,633,tiruppur,Total,60-64,95347,48193,47154,48103,15937,32166,47244,32256,14988
33,633,tiruppur,Total,65-69,66295,32287,34008,38109,12815,25294,28186,19472,8714
33,633,tiruppur,Total,70-74,49375,24753,24622,30475,11122,19353,18900,13631,5269
33,633,tiruppur,Total,75-79,26479,13740,12739,16373,6289,10084,10106,7451,2655
33,633,tiruppur,Total,80+,27404,13163,14241,18507,6841,11666,8897,6322,2575
33,633,tiruppur,Total,Age not stated,1752,839,913,455,174,281,1297,665,632
33,633,tiruppur,Rural,All ages,957941,479309,478632,346624,135875,210749,611317,343434,267883
33,633,tiruppur,Rural,0-6,79787,40947,38840,79787,40947,38840,0,0,0
33,633,tiruppur,Rural,7,12306,6310,5996,1811,939,872,10495,5371,5124
33,633,tiruppur,Rural,8,12063,6051,6012,633,329,304,11430,5722,5708
33,633,tiruppur,Rural,9,13026,6744,6282,345,180,165,12681,6564,6117
33,633,tiruppur,Rural,10,14813,7568,7245,401,183,218,14412,7385,7027
33,633,tiruppur,Rural,11,14254,7279,6975,258,125,133,13996,7154,6842
33,633,tiruppur,Rural,12,14059,7278,6781,240,116,124,13819,7162,6657
33,633,tiruppur,Rural,13,15046,7807,7239,228,103,125,14818,7704,7114
33,633,tiruppur,Rural,14,14886,7894,6992,247,117,130,14639,7777,6862
33,633,tiruppur,Rural,15,15982,8414,7568,297,153,144,15685,8261,7424
33,633,tiruppur,Rural,16,14455,7622,6833,286,143,143,14169,7479,6690
33,633,tiruppur,Rural,17,13792,7221,6571,317,166,151,13475,7055,6420
33,633,tiruppur,Rural,18,14714,7420,7294,396,168,228,14318,7252,7066
33,633,tiruppur,Rural,19,14529,7135,7394,439,175,264,14090,6960,7130
33,633,tiruppur,Rural,20-24,72707,35275,37432,4065,1357,2708,68642,33918,34724
33,633,tiruppur,Rural,25-29,80399,39531,40868,9983,3260,6723,70416,36271,34145
33,633,tiruppur,Rural,30-34,74332,36977,37355,14976,4726,10250,59356,32251,27105
33,633,tiruppur,Rural,35-39,81524,38868,42656,26186,8359,17827,55338,30509,24829
33,633,tiruppur,Rural,40-44,73703,36992,36711,28561,10088,18473,45142,26904,18238
33,633,tiruppur,Rural,45-49,70606,35774,34832,31677,11522,20155,38929,24252,14677
33,633,tiruppur,Rural,50-54,56149,28528,27621,27551,9771,17780,28598,18757,9841
33,633,tiruppur,Rural,55-59,47969,23263,24706,26282,8586,17696,21687,14677,7010
33,633,tiruppur,Rural,60-64,45800,22581,23219,28366,9876,18490,17434,12705,4729
33,633,tiruppur,Rural,65-69,34376,16622,17754,23152,8246,14906,11224,8376,2848
33,633,tiruppur,Rural,70-74,26343,13388,12955,18638,7343,11295,7705,6045,1660
33,633,tiruppur,Rural,75-79,14435,7748,6687,10123,4225,5898,4312,3523,789
33,633,tiruppur,Rural,80+,15082,7661,7421,11135,4576,6559,3947,3085,862
33,633,tiruppur,Rural,Age not stated,804,411,393,244,96,148,560,315,245
33,633,tiruppur,Urban,All ages,1521111,766850,754261,371862,150661,221201,1149249,616189,533060
33,633,tiruppur,Urban,0-6,161564,82665,78899,161564,82665,78899,0,0,0
33,633,tiruppur,Urban,7,22763,11480,11283,3704,1869,1835,19059,9611,9448
33,633,tiruppur,Urban,8,21879,11146,10733,1343,706,637,20536,10440,10096
33,633,tiruppur,Urban,9,22035,11305,10730,714,346,368,21321,10959,10362
33,633,tiruppur,Urban,10,24885,12785,12100,716,366,350,24169,12419,11750
33,633,tiruppur,Urban,11,23571,12040,11531,355,159,196,23216,11881,11335
33,633,tiruppur,Urban,12,22325,11408,10917,286,144,142,22039,11264,10775
33,633,tiruppur,Urban,13,23158,11687,11471,296,125,171,22862,11562,11300
33,633,tiruppur,Urban,14,22999,11834,11165,303,134,169,22696,11700,10996
33,633,tiruppur,Urban,15,23716,12270,11446,394,183,211,23322,12087,11235
33,633,tiruppur,Urban,16,22403,11487,10916,385,165,220,22018,11322,10696
33,633,tiruppur,Urban,17,22636,11570,11066,386,180,206,22250,11390,10860
33,633,tiruppur,Urban,18,25038,12202,12836,532,217,315,24506,11985,12521
33,633,tiruppur,Urban,19,25677,12111,13566,586,236,350,25091,11875,13216
33,633,tiruppur,Urban,20-24,139374,64010,75364,4922,1681,3241,134452,62329,72123
33,633,tiruppur,Urban,25-29,157146,75635,81511,10047,3288,6759,147099,72347,74752
33,633,tiruppur,Urban,30-34,140004,71989,68015,13013,4117,8896,126991,67872,59119
33,633,tiruppur,Urban,35-39,137119,69065,68054,21874,6263,15611,115245,62802,52443
33,633,tiruppur,Urban,40-44,115136,60159,54977,23602,7403,16199,91534,52756,38778
33,633,tiruppur,Urban,45-49,102215,53593,48622,26016,8691,17325,76199,44902,31297
33,633,tiruppur,Urban,50-54,75617,40516,35101,20780,6916,13864,54837,33600,21237
33,633,tiruppur,Urban,55-59,60039,31329,28710,19680,5991,13689,40359,25338,15021
33,633,tiruppur,Urban,60-64,49547,25612,23935,19737,6061,13676,29810,19551,10259
33,633,tiruppur,Urban,65-69,31919,15665,16254,14957,4569,10388,16962,11096,5866
33,633,tiruppur,Urban,70-74,23032,11365,11667,11837,3779,8058,11195,7586,3609
33,633,tiruppur,Urban,75-79,12044,5992,6052,6250,2064,4186,5794,3928,1866
33,633,tiruppur,Urban,80+,12322,5502,6820,7372,2265,5107,4950,3237,1713
33,633,tiruppur,Urban,Age not stated,948,428,520,211,78,133,737,350,387
04,055,chandigarh,Total,All ages,1055450,580663,474787,250012,115317,134695,805438,465346,340092
04,055,chandigarh,Total,0-6,119434,63536,55898,119434,63536,55898,0,0,0
04,055,chandigarh,Total,7,18624,9987,8637,3172,1649,1523,15452,8338,7114
04,055,chandigarh,Total,8,17271,9413,7858,1395,738,657,15876,8675,7201
04,055,chandigarh,Total,9,17719,9666,8053,1397,692,705,16322,8974,7348
04,055,chandigarh,Total,10,20360,11410,8950,1565,794,771,18795,10616,8179
04,055,chandigarh,Total,11,18296,10180,8116,949,465,484,17347,9715,7632
04,055,chandigarh,Total,12,18673,10461,8212,884,447,437,17789,10014,7775
04,055,chandigarh,Total,13,17752,9846,7906,804,382,422,16948,9464,7484
04,055,chandigarh,Total,14,18383,10243,8140,836,413,423,17547,9830,7717
04,055,chandigarh,Total,15,18938,10603,8335,1188,629,559,17750,9974,7776
04,055,chandigarh,Total,16,19554,11116,8438,1209,660,549,18345,10456,7889
04,055,chandigarh,Total,17,19116,11139,7977,1145,653,492,17971,10486,7485
04,055,chandigarh,Total,18,24660,14792,9868,1911,1166,745,22749,13626,9123
04,055,chandigarh,Total,19,22150,12871,9279,1471,841,630,20679,12030,8649
04,055,chandigarh,Total,20-24,121244,68467,52777,10428,4812,5616,110816,63655,47161
04,055,chandigarh,Total,25-29,110237,60694,49543,13357,5184,8173,96880,55510,41370
04,055,chandigarh,Total,30-34,90803,49625,41178,14055,5102,8953,76748,44523,32225
04,055,chandigarh,Total,35-39,83672,45566,38106,16102,6078,10024,67570,39488,28082
04,055,chandigarh,Total,40-44,68921,37268,31653,14095,5215,8880,54826,32053,22773
04,055,chandigarh,Total,45-49,60352,32893,27459,12422,4778,7644,47930,28115,19815
04,055,chandigarh,Total,50-54,46942,26108,20834,8933,3430,5503,38009,22678,15331
04,055,chandigarh,Total,55-59,34925,19745,15180,6157,2150,4007,28768,17595,11173
04,055,chandigarh,Total,60-64,25801,13530,12271,6397,2162,4235,19404,11368,8036
04,055,chandigarh,Total,65-69,15839,8250,7589,3816,1244,2572,12023,7006,5017
04,055,chandigarh,Total,70-74,11385,5998,5387,2941,991,1950,8444,5007,3437
04,055,chandigarh,Total,75-79,6422,3255,3167,1470,397,1073,4952,2858,2094
04,055,chandigarh,Total,80+,7631,3800,3831,2392,673,1719,5239,3127,2112
04,055,chandigarh,Total,Age not stated,346,201,145,87,36,51,259,165,94
04,055,chandigarh,Rural,All ages,28991,17150,11841,9030,4398,4632,19961,12752,7209
04,055,chandigarh,Rural,0-6,4270,2282,1988,4270,2282,1988,0,0,0
04,055,chandigarh,Rural,7,596,332,264,141,81,60,455,251,204
04,055,chandigarh,Rural,8,555,298,257,56,29,27,499,269,230
04,055,chandigarh,Rural,9,521,271,250,53,25,28,468,246,222
04,055,chandigarh,Rural,10,615,350,265,64,30,34,551,320,231
04,055,chandigarh,Rural,11,547,302,245,40,17,23,507,285,222
04,055,chandigarh,Rural,12,499,299,200,32,15,17,467,284,183
04,055,chandigarh,Rural,13,427,232,195,27,13,14,400,219,181
04,055,chandigarh,Rural,14,449,238,211,34,13,21,415,225,190
04,055,chandigarh,Rural,15,512,302,210,46,24,22,466,278,188
04,055,chandigarh,Rural,16,505,324,181,55,34,21,450,290,160
04,055,chandigarh,Rural,17,461,284,177,42,26,16,419,258,161
04,055,chandigarh,Rural,18,691,486,205,86,63,23,605,423,182
04,055,chandigarh,Rural,19,596,391,205,73,42,31,523,349,174
04,055,chandigarh,Rural,20-24,3593,2255,1338,499,262,237,3094,1993,1101
04,055,chandigarh,Rural,25-29,3806,2260,1546,644,279,365,3162,1981,1181
04,055,chandigarh,Rural,30-34,3101,1902,1199,593,236,357,2508,1666,842
04,055,chandigarh,Rural,35-39,2321,1455,866,550,244,306,1771,1211,560
04,055,chandigarh,Rural,40-44,1547,947,600,412,168,244,1135,779,356
04,055,chandigarh,Rural,45-49,1049,638,411,315,139,176,734,499,235
04,055,chandigarh,Rural,50-54,723,415,308,238,94,144,485,321,164
04,055,chandigarh,Rural,55-59,503,272,231,173,52,121,330,220,110
04,055,chandigarh,Rural,60-64,481,277,204,230,91,139,251,186,65
04,055,chandigarh,Rural,65-69,255,140,115,139,53,86,116,87,29
04,055,chandigarh,Rural,70-74,181,96,85,100,37,63,81,59,22
04,055,chandigarh,Rural,75-79,75,43,32,44,17,27,31,26,5
04,055,chandigarh,Rural,80+,106,55,51,72,31,41,34,24,10
04,055,chandigarh,Rural,Age not stated,6,4,2,2,1,1,4,3,1
04,055,chandigarh,Urban,All ages,1026459,563513,462946,240982,110919,130063,785477,452594,332883
04,055,chandigarh,Urban,0-6,115164,61254,53910,115164,61254,53910,0,0,0
04,055,chandigarh,Urban,7,18028,9655,8373,3031,1568,1463,14997,8087,6910
04,055,chandigarh,Urban,8,16716,9115,7601,1339,709,630,15377,8406,6971
04,055,chandigarh,Urban,9,17198,9395,7803,1344,667,677,15854,8728,7126
04,055,chandigarh,Urban,10,19745,11060,8685,1501,764,737,18244,10296,7948
04,055,chandigarh,Urban,11,17749,9878,7871,909,448,461,16840,9430,7410
04,055,chandigarh,Urban,12,18174,10162,8012,852,432,420,17322,9730,7592
04,055,chandigarh,Urban,13,17325,9614,7711,777,369,408,16548,9245,7303
04,055,chandigarh,Urban,14,17934,10005,7929,802,400,402,17132,9605,7527
04,055,chandigarh,Urban,15,18426,10301,8125,1142,605,537,17284,9696,7588
04,055,chandigarh,Urban,16,19049,10792,8257,1154,626,528,17895,10166,7729
04,055,chandigarh,Urban,17,18655,10855,7800,1103,627,476,17552,10228,7324
04,055,chandigarh,Urban,18,23969,14306,9663,1825,1103,722,22144,13203,8941
04,055,chandigarh,Urban,19,21554,12480,9074,1398,799,599,20156,11681,8475
04,055,chandigarh,Urban,20-24,117651,66212,51439,9929,4550,5379,107722,61662,46060
04,055,chandigarh,Urban,25-29,106431,58434,47997,12713,4905,7808,93718,53529,40189
04,055,chandigarh,Urban,30-34,87702,47723,39979,13462,4866,8596,74240,42857,31383
04,055,chandigarh,Urban,35-39,81351,44111,37240,15552,5834,9718,65799,38277,27522
04,055,chandigarh,Urban,40-44,67374,36321,31053,13683,5047,8636,53691,31274,22417
04,055,chandigarh,Urban,45-49,59303,32255,27048,12107,4639,7468,47196,27616,19580
04,055,chandigarh,Urban,50-54,46219,25693,20526,8695,3336,5359,37524,22357,15167
04,055,chandigarh,Urban,55-59,34422,19473,14949,5984,2098,3886,28438,17375,11063
04,055,chandigarh,Urban,60-64,25320,13253,12067,6167,2071,4096,19153,11182,7971
04,055,chandigarh,Urban,65-69,15584,8110,7474,3677,1191,2486,11907,6919,4988
04,055,chandigarh,Urban,70-74,11204,5902,5302,2841,954,1887,8363,4948,3415
04,055,chandigarh,Urban,75-79,6347,3212,3135,1426,380,1046,4921,2832,2089
04,055,chandigarh,Urban,80+,7525,3745,3780,2320,642,1678,5205,3103,2102
04,055,chandigarh,Urban,Age not stated,340,197,143,85,35,50,255,162,93
18,300,kokrajhar,Total,All ages,887142,452905,434237,397837,177685,220152,489305,275220,214085
18,300,kokrajhar,Total,0-6,136924,70085,66839,136924,70085,66839,0,0,0
18,300,kokrajhar,Total,7,21807,11134,10673,7286,3663,3623,14521,7471,7050
18,300,kokrajhar,Total,8,21314,10861,10453,4844,2364,2480,16470,8497,7973
18,300,kokrajhar,Total,9,18801,9555,9246,3305,1660,1645,15496,7895,7601
18,300,kokrajhar,Total,10,21504,11032,10472,3480,1738,1742,18024,9294,8730
18,300,kokrajhar,Total,11,18303,9423,8880,2313,1146,1167,15990,8277,7713
18,300,kokrajhar,Total,12,22039,11309,10730,2871,1429,1442,19168,9880,9288
18,300,kokrajhar,Total,13,19668,9987,9681,2230,1070,1160,17438,8917,8521
18,300,kokrajhar,Total,14,20477,10626,9851,2530,1311,1219,17947,9315,8632
18,300,kokrajhar,Total,15,20137,10699,9438,2832,1486,1346,17305,9213,8092
18,300,kokrajhar,Total,16,19032,10355,8677,2856,1463,1393,16176,8892,7284
18,300,kokrajhar,Total,17,15495,8594,6901,2291,1173,1118,13204,7421,5783
18,300,kokrajhar,Total,18,20385,10453,9932,3951,1751,2200,16434,8702,7732
18,300,kokrajhar,Total,19,16042,7687,8355,3138,1160,1978,12904,6527,6377
18,300,kokrajhar,Total,20-24,81497,39679,41818,19952,7484,12468,61545,32195,29350
18,300,kokrajhar,Total,25-29,79246,39920,39326,25582,9845,15737,53664,30075,23589
18,300,kokrajhar,Total,30-34,63643,31687,31956,24901,9726,15175,38742,21961,16781
18,300,kokrajhar,Total,35-39,64832,32903,31929,29822,12113,17709,35010,20790,14220
18,300,kokrajhar,Total,40-44,51303,26703,24600,26024,10863,15161,25279,15840,9439
18,300,kokrajhar,Total,45-49,44937,23703,21234,24521,10308,14213,20416,13395,7021
18,300,kokrajhar,Total,50-54,31562,16815,14747,17644,7425,10219,13918,9390,4528
18,300,kokrajhar,Total,55-59,23108,12444,10664,13027,5203,7824,10081,7241,2840
18,300,kokrajhar,Total,60-64,19256,9583,9673,12103,4545,7558,7153,5038,2115
18,300,kokrajhar,Total,65-69,13302,6396,6906,8491,2949,5542,4811,3447,1364
18,300,kokrajhar,Total,70-74,10073,4971,5102,6851,2559,4292,3222,2412,810
18,300,kokrajhar,Total,75-79,5318,2727,2591,3517,1358,2159,1801,1369,432
18,300,kokrajhar,Total,80+,6337,3150,3187,4268,1687,2581,2069,1463,606
18,300,kokrajhar,Total,Age not stated,800,424,376,283,121,162,517,303,214
18,300,kokrajhar,Rural,All ages,832201,424446,407755,386311,172788,213523,445890,251658,194232
18,300,kokrajhar,Rural,0-6,131397,67246,64151,131397,67246,64151,0,0,0
18,300,kokrajhar,Rural,7,20916,10655,10261,7136,3583,3553,13780,7072,6708
18,300,kokrajhar,Rural,8,20471,10437,10034,4780,2334,2446,15691,8103,7588
18,300,kokrajhar,Rural,9,17986,9124,8862,3255,1637,1618,14731,7487,7244
18,300,kokrajhar,Rural,10,20585,10558,10027,3430,1716,1714,17155,8842,8313
18,300,kokrajhar,Rural,11,17401,8972,8429,2274,1131,1143,15127,7841,7286
18,300,kokrajhar,Rural,12,21047,10797,10250,2836,1414,1422,18211,9383,8828
18,300,kokrajhar,Rural,13,18704,9503,9201,2205,1058,1147,16499,8445,8054
18,300,kokrajhar,Rural,14,19476,10114,9362,2489,1293,1196,16987,8821,8166
18,300,kokrajhar,Rural,15,19125,10138,8987,2786,1463,1323,16339,8675,7664
18,300,kokrajhar,Rural,16,18033,9868,8165,2812,1444,1368,15221,8424,6797
18,300,kokrajhar,Rural,17,14537,8067,6470,2246,1155,1091,12291,6912,5379
18,300,kokrajhar,Rural,18,19277,9886,9391,3881,1725,2156,15396,8161,7235
18,300,kokrajhar,Rural,19,15010,7173,7837,3084,1135,1949,11926,6038,5888
18,300,kokrajhar,Rural,20-24,76169,36980,39189,19573,7344,12229,56596,29636,26960
18,300,kokrajhar,Rural,25-29,73905,37224,36681,25132,9687,15445,48773,27537,21236
18,300,kokrajhar,Rural,30-34,58962,29355,29607,24421,9563,14858,34541,19792,14749
18,300,kokrajhar,Rural,35-39,59774,30390,29384,29151,11899,17252,30623,18491,12132
18,300,kokrajhar,Rural,40-44,46941,24334,22607,25366,10651,14715,21575,13683,7892
18,300,kokrajhar,Rural,45-49,41282,21647,19635,23892,10079,13813,17390,11568,5822
18,300,kokrajhar,Rural,50-54,28902,15331,13571,17138,7256,9882,11764,8075,3689
18,300,kokrajhar,Rural,55-59,21255,11391,9864,12680,5076,7604,8575,6315,2260
18,300,kokrajhar,Rural,60-64,17934,8911,9023,11776,4445,7331,6158,4466,1692
18,300,kokrajhar,Rural,65-69,12324,5937,6387,8216,2889,5327,4108,3048,1060
18,300,kokrajhar,Rural,70-74,9428,4647,4781,6618,2493,4125,2810,2154,656
18,300,kokrajhar,Rural,75-79,4921,2535,2386,3377,1322,2055,1544,1213,331
18,300,kokrajhar,Rural,80+,5943,2961,2982,4121,1647,2474,1822,1314,508
18,300,kokrajhar,Rural,Age not stated,496,265,231,239,103,136,257,162,95
18,300,kokrajhar,Urban,All ages,54941,28459,26482,11526,4897,6629,43415,23562,19853
18,300,kokrajhar,Urban,0-6,5527,2839,2688,5527,2839,2688,0,0,0
18,300,kokrajhar,Urban,7,891,479,412,150,80,70,741,399,342
18,300,kokrajhar,Urban,8,843,424,419,64,30,34,779,394,385
18,300,kokrajhar,Urban,9,815,431,384,50,23,27,765,408,357
18,300,kokrajhar,Urban,10,919,474,445,50,22,28,869,452,417
18,300,kokrajhar,Urban,11,902,451,451,39,15,24,863,436,427
18,300,kokrajhar,Urban,12,992,512,480,35,15,20,957,497,460
18,300,kokrajhar,Urban,13,964,484,480,25,12,13,939,472,467
18,300,kokrajhar,Urban,14,1001,512,489,41,18,23,960,494,466
18,300,kokrajhar,Urban,15,1012,561,451,46,23,23,966,538,428
18,300,kokrajhar,Urban,16,999,487,512,44,19,25,955,468,487
18,300,kokrajhar,Urban,17,958,527,431,45,18,27,913,509,404
18,300,kokrajhar,Urban,18,1108,567,541,70,26,44,1038,541,497
18,300,kokrajhar,Urban,19,1032,514,518,54,25,29,978,489,489
18,300,kokrajhar,Urban,20-24,5328,2699,2629,379,140,239,4949,2559,2390
18,300,kokrajhar,Urban,25-29,5341,2696,2645,450,158,292,4891,2538,2353
18,300,kokrajhar,Urban,30-34,4681,2332,2349,480,163,317,4201,2169,2032
18,300,kokrajhar,Urban,35-39,5058,2513,2545,671,214,457,4387,2299,2088
18,300,kokrajhar,Urban,40-44,4362,2369,1993,658,212,446,3704,2157,1547
18,300,kokrajhar,Urban,45-49,3655,2056,1599,629,229,400,3026,1827,1199
18,300,kokrajhar,Urban,50-54,2660,1484,1176,506,169,337,2154,1315,839
18,300,kokrajhar,Urban,55-59,1853,1053,800,347,127,220,1506,926,580
18,300,kokrajhar,Urban,60-64,1322,672,650,327,100,227,995,572,423
18,300,kokrajhar,Urban,65-69,978,459,519,275,60,215,703,399,304
18,300,kokrajhar,Urban,70-74,645,324,321,233,66,167,412,258,154
18,300,kokrajhar,Urban,75-79,397,192,205,140,36,104,257,156,101
18,300,kokrajhar,Urban,80+,394,189,205,147,40,107,247,149,98
18,300,kokrajhar,Urban,Age not stated,304,159,145,44,18,26,260,141,119
18,301,dhubri,Total,All ages,1949258,997848,951410,1026917,486297,540620,922341,511551,410790
18,301,dhubri,Total,0-6,368262,187092,181170,368262,187092,181170,0,0,0
18,301,dhubri,Total,7,56098,28438,27660,25776,13189,12587,30322,15249,15073
18,301,dhubri,Total,8,54411,27803,26608,18023,9313,8710,36388,18490,17898
18,301,dhubri,Total,9,45934,23390,22544,11761,6228,5533,34173,17162,17011
18,301,dhubri,Total,10,54430,28191,26239,13607,7406,6201,40823,20785,20038
18,301,dhubri,Total,11,43507,22542,20965,8717,4919,3798,34790,17623,17167
18,301,dhubri,Total,12,50205,26060,24145,10377,6003,4374,39828,20057,19771
18,301,dhubri,Total,13,42844,22212,20632,8290,4920,3370,34554,17292,17262
18,301,dhubri,Total,14,41165,21941,19224,8217,4960,3257,32948,16981,15967
18,301,dhubri,Total,15,40760,22867,17893,9351,5805,3546,31409,17062,14347
18,301,dhubri,Total,16,36773,21231,15542,8724,5444,3280,28049,15787,12262
18,301,dhubri,Total,17,31132,17918,13214,7460,4406,3054,23672,13512,10160
18,301,dhubri,Total,18,43135,21754,21381,13199,6267,6932,29936,15487,14449
18,301,dhubri,Total,19,33317,15377,17940,9844,4074,5770,23473,11303,12170
18,301,dhubri,Total,20-24,180560,88433,92127,63946,27757,36189,116614,60676,55938
18,301,dhubri,Total,25-29,164059,82678,81381,69206,30612,38594,94853,52066,42787
18,301,dhubri,Total,30-34,132763,68084,64679,60891,26965,33926,71872,41119,30753
18,301,dhubri,Total,35-39,123002,63051,59951,63325,27465,35860,59677,35586,24091
18,301,dhubri,Total,40-44,99926,52476,47450,56517,25129,31388,43409,27347,16062
18,301,dhubri,Total,45-49,83684,43534,40150,49889,22212,27677,33795,21322,12473
18,301,dhubri,Total,50-54,63968,34197,29771,38452,17109,21343,25516,17088,8428
18,301,dhubri,Total,55-59,45079,23882,21197,26420,11008,15412,18659,12874,5785
18,301,dhubri,Total,60-64,40077,20090,19987,25577,9793,15784,14500,10297,4203
18,301,dhubri,Total,65-69,25973,12341,13632,16941,5956,10985,9032,6385,2647
18,301,dhubri,Total,70-74,21473,9849,11624,15384,5401,9983,6089,4448,1641
18,301,dhubri,Total,75-79,10721,5034,5687,7502,2732,4770,3219,2302,917
18,301,dhubri,Total,80+,14454,6575,7879,10500,3778,6722,3954,2797,1157
18,301,dhubri,Total,Age not stated,1546,808,738,759,354,405,787,454,333
18,301,dhubri,Rural,All ages,1745557,893914,851643,971911,462519,509392,773646,431395,342251
18,301,dhubri,Rural,0-6,345279,175213,170066,345279,175213,170066,0,0,0
18,301,dhubri,Rural,7,52465,26610,25855,24949,12795,12154,27516,13815,13701
18,301,dhubri,Rural,8,50801,25956,24845,17607,9099,8508,33194,16857,16337
18,301,dhubri,Rural,9,42584,21714,20870,11488,6076,5412,31096,15638,15458
18,301,dhubri,Rural,10,50450,26103,24347,13251,7215,6036,37199,18888,18311
18,301,dhubri,Rural,11,40016,20723,19293,8486,4781,3705,31530,15942,15588
18,301,dhubri,Rural,12,46096,23882,22214,10124,5862,4262,35972,18020,17952
18,301,dhubri,Rural,13,39141,20365,18776,8062,4796,3266,31079,15569,15510
18,301,dhubri,Rural,14,37192,19923,17269,7963,4828,3135,29229,15095,14134
18,301,dhubri,Rural,15,36958,20963,15995,9048,5644,3404,27910,15319,12591
18,301,dhubri,Rural,16,33022,19268,13754,8454,5285,3169,24568,13983,10585
18,301,dhubri,Rural,17,27528,16001,11527,7174,4266,2908,20354,11735,8619
18,301,dhubri,Rural,18,38650,19526,19124,12759,6076,6683,25891,13450,12441
18,301,dhubri,Rural,19,29617,13637,15980,9552,3965,5587,20065,9672,10393
18,301,dhubri,Rural,20-24,160262,78470,81792,61753,26947,34806,98509,51523,46986
18,301,dhubri,Rural,25-29,145090,72956,72134,66656,29601,37055,78434,43355,35079
18,301,dhubri,Rural,30-34,115825,59545,56280,58247,25987,32260,57578,33558,24020
18,301,dhubri,Rural,35-39,106656,54755,51901,59942,26248,33694,46714,28507,18207
18,301,dhubri,Rural,40-44,85903,45069,40834,53305,23907,29398,32598,21162,11436
18,301,dhubri,Rural,45-49,71441,37187,34254,46739,21044,25695,24702,16143,8559
18,301,dhubri,Rural,50-54,54369,28922,25447,35935,16147,19788,18434,12775,5659
18,301,dhubri,Rural,55-59,38104,20080,18024,24605,10387,14218,13499,9693,3806
18,301,dhubri,Rural,60-64,34139,17096,17043,23573,9207,14366,10566,7889,2677
18,301,dhubri,Rural,65-69,22198,10507,11691,15608,5586,10022,6590,4921,1669
18,301,dhubri,Rural,70-74,18616,8572,10044,14125,5084,9041,4491,3488,1003
18,301,dhubri,Rural,75-79,9111,4304,4807,6865,2548,4317,2246,1756,490
18,301,dhubri,Rural,80+,12631,5821,6810,9632,3581,6051,2999,2240,759
18,301,dhubri,Rural,Age not stated,1413,746,667,730,344,386,683,402,281
18,301,dhubri,Urban,All ages,203701,103934,99767,55006,23778,31228,148695,80156,68539
18,301,dhubri,Urban,0-6,22983,11879,11104,22983,11879,11104,0,0,0
18,301,dhubri,Urban,7,3633,1828,1805,827,394,433,2806,1434,1372
18,301,dhubri,Urban,8,3610,1847,1763,416,214,202,3194,1633,1561
18,301,dhubri,Urban,9,3350,1676,1674,273,152,121,3077,1524,1553
18,301,dhubri,Urban,10,3980,2088,1892,356,191,165,3624,1897,1727
18,301,dhubri,Urban,11,3491,1819,1672,231,138,93,3260,1681,1579
18,301,dhubri,Urban,12,4109,2178,1931,253,141,112,3856,2037,1819
18,301,dhubri,Urban,13,3703,1847,1856,228,124,104,3475,1723,1752
18,301,dhubri,Urban,14,3973,2018,1955,254,132,122,3719,1886,1833
18,301,dhubri,Urban,15,3802,1904,1898,303,161,142,3499,1743,1756
18,301,dhubri,Urban,16,3751,1963,1788,270,159,111,3481,1804,1677
18,301,dhubri,Urban,17,3604,1917,1687,286,140,146,3318,1777,1541
18,301,dhubri,Urban,18,4485,2228,2257,440,191,249,4045,2037,2008
18,301,dhubri,Urban,19,3700,1740,1960,292,109,183,3408,1631,1777
18,301,dhubri,Urban,20-24,20298,9963,10335,2193,810,1383,18105,9153,8952
18,301,dhubri,Urban,25-29,18969,9722,9247,2550,1011,1539,16419,8711,7708
18,301,dhubri,Urban,30-34,16938,8539,8399,2644,978,1666,14294,7561,6733
18,301,dhubri,Urban,35-39,16346,8296,8050,3383,1217,2166,12963,7079,5884
18,301,dhubri,Urban,40-44,14023,7407,6616,3212,1222,1990,10811,6185,4626
18,301,dhubri,Urban,45-49,12243,6347,5896,3150,1168,1982,9093,5179,3914
18,301,dhubri,Urban,50-54,9599,5275,4324,2517,962,1555,7082,4313,2769
18,301,dhubri,Urban,55-59,6975,3802,3173,1815,621,1194,5160,3181,1979
18,301,dhubri,Urban,60-64,5938,2994,2944,2004,586,1418,3934,2408,1526
18,301,dhubri,Urban,65-69,3775,1834,1941,1333,370,963,2442,1464,978
18,301,dhubri,Urban,70-74,2857,1277,1580,1259,317,942,1598,960,638
18,301,dhubri,Urban,75-79,1610,730,880,637,184,453,973,546,427
18,301,dhubri,Urban,80+,1823,754,1069,868,197,671,955,557,398
18,301,dhubri,Urban,Age not stated,133,62,71,29,10,19,104,52,52
18,302,goalpara,Total,All ages,1008183,513292,494891,444606,208990,235616,563577,304302,259275
18,302,goalpara,Total,0-6,171657,87457,84200,171657,87457,84200,0,0,0
18,302,goalpara,Total,7,26139,13393,12746,9719,5003,4716,16420,8390,8030
18,302,goalpara,Total,8,24971,12609,12362,6133,3223,2910,18838,9386,9452
18,302,goalpara,Total,9,22790,11606,11184,4002,2120,1882,18788,9486,9302
18,302,goalpara,Total,10,25726,13303,12423,4312,2365,1947,21414,10938,10476
18,302,goalpara,Total,11,22508,11404,11104,2970,1634,1336,19538,9770,9768
18,302,goalpara,Total,12,25328,13078,12250,3361,2011,1350,21967,11067,10900
18,302,goalpara,Total,13,22895,11700,11195,2868,1724,1144,20027,9976,10051
18,302,goalpara,Total,14,22058,11602,10456,2844,1755,1089,19214,9847,9367
18,302,goalpara,Total,15,21996,12229,9767,3321,2151,1170,18675,10078,8597
18,302,goalpara,Total,16,20446,11572,8874,3218,2102,1116,17228,9470,7758
18,302,goalpara,Total,17,18064,10298,7766,2971,1818,1153,15093,8480,6613
18,302,goalpara,Total,18,23207,11894,11313,4820,2427,2393,18387,9467,8920
18,302,goalpara,Total,19,18928,8853,10075,3987,1721,2266,14941,7132,7809
18,302,goalpara,Total,20-24,94834,45526,49308,25351,11134,14217,69483,34392,35091
18,302,goalpara,Total,25-29,88962,44433,44529,28923,13036,15887,60039,31397,28642
18,302,goalpara,Total,30-34,69734,35460,34274,24875,10909,13966,44859,24551,20308
18,302,goalpara,Total,35-39,67490,34222,33268,27408,11625,15783,40082,22597,17485
18,302,goalpara,Total,40-44,54761,28179,26582,25012,10671,14341,29749,17508,12241
18,302,goalpara,Total,45-49,47846,24909,22937,23331,10185,13146,24515,14724,9791
18,302,goalpara,Total,50-54,34845,18762,16083,17370,7608,9762,17475,11154,6321
18,302,goalpara,Total,55-59,24649,12974,11675,12352,4882,7470,12297,8092,4205
18,302,goalpara,Total,60-64,20560,9968,10592,11277,3903,7374,9283,6065,3218
18,302,goalpara,Total,65-69,14264,6823,7441,7754,2541,5213,6510,4282,2228
18,302,goalpara,Total,70-74,10720,4930,5790,6732,2215,4517,3988,2715,1273
18,302,goalpara,Total,75-79,5505,2663,2842,3368,1160,2208,2137,1503,634
18,302,goalpara,Total,80+,6884,3234,3650,4481,1531,2950,2403,1703,700
18,302,goalpara,Total,Age not stated,416,211,205,189,79,110,227,132,95
18,302,goalpara,Rural,All ages,870121,443244,426877,396733,187159,209574,473388,256085,217303
18,302,goalpara,Rural,0-6,152141,77502,74639,152141,77502,74639,0,0,0
18,302,goalpara,Rural,7,23114,11875,11239,8873,4578,4295,14241,7297,6944
18,302,goalpara,Rural,8,22153,11204,10949,5707,3004,2703,16446,8200,8246
18,302,goalpara,Rural,9,19943,10161,9782,3667,1952,1715,16276,8209,8067
18,302,goalpara,Rural,10,22681,11761,10920,3964,2189,1775,18717,9572,9145
18,302,goalpara,Rural,11,19723,10011,9712,2718,1495,1223,17005,8516,8489
18,302,goalpara,Rural,12,22230,11512,10718,3062,1840,1222,19168,9672,9496
18,302,goalpara,Rural,13,20136,10304,9832,2616,1593,1023,17520,8711,8809
18,302,goalpara,Rural,14,19198,10153,9045,2546,1580,966,16652,8573,8079
18,302,goalpara,Rural,15,19326,10782,8544,3021,1974,1047,16305,8808,7497
18,302,goalpara,Rural,16,17845,10103,7742,2924,1927,997,14921,8176,6745
18,302,goalpara,Rural,17,15549,8916,6633,2653,1651,1002,12896,7265,5631
18,302,goalpara,Rural,18,20136,10345,9791,4394,2230,2164,15742,8115,7627
18,302,goalpara,Rural,19,16196,7552,8644,3540,1540,2000,12656,6012,6644
18,302,goalpara,Rural,20-24,80988,38908,42080,22711,10074,12637,58277,28834,29443
18,302,goalpara,Rural,25-29,75992,37959,38033,25954,11758,14196,50038,26201,23837
18,302,goalpara,Rural,30-34,58991,30086,28905,22088,9764,12324,36903,20322,16581
18,302,goalpara,Rural,35-39,57029,28933,28096,24471,10434,14037,32558,18499,14059
18,302,goalpara,Rural,40-44,46018,23597,22421,22216,9510,12706,23802,14087,9715
18,302,goalpara,Rural,45-49,40368,21078,19290,20824,9176,11648,19544,11902,7642
18,302,goalpara,Rural,50-54,29306,15754,13552,15437,6784,8653,13869,8970,4899
18,302,goalpara,Rural,55-59,20962,10909,10053,11046,4357,6689,9916,6552,3364
18,302,goalpara,Rural,60-64,17516,8401,9115,10071,3495,6576,7445,4906,2539
18,302,goalpara,Rural,65-69,12272,5908,6364,6938,2305,4633,5334,3603,1731
18,302,goalpara,Rural,70-74,9171,4201,4970,5939,1944,3995,3232,2257,975
18,302,goalpara,Rural,75-79,4777,2309,2468,3034,1045,1989,1743,1264,479
18,302,goalpara,Rural,80+,6000,2836,3164,4004,1383,2621,1996,1453,543
18,302,goalpara,Rural,Age not stated,360,184,176,174,75,99,186,109,77
18,302,goalpara,Urban,All ages,138062,70048,68014,47873,21831,26042,90189,48217,41972
18,302,goalpara,Urban,0-6,19516,9955,9561,19516,9955,9561,0,0,0
18,302,goalpara,Urban,7,3025,1518,1507,846,425,421,2179,1093,1086
18,302,goalpara,Urban,8,2818,1405,1413,426,219,207,2392,1186,1206
18,302,goalpara,Urban,9,2847,1445,1402,335,168,167,2512,1277,1235
18,302,goalpara,Urban,10,3045,1542,1503,348,176,172,2697,1366,1331
18,302,goalpara,Urban,11,2785,1393,1392,252,139,113,2533,1254,1279
18,302,goalpara,Urban,12,3098,1566,1532,299,171,128,2799,1395,1404
18,302,goalpara,Urban,13,2759,1396,1363,252,131,121,2507,1265,1242
18,302,goalpara,Urban,14,2860,1449,1411,298,175,123,2562,1274,1288
18,302,goalpara,Urban,15,2670,1447,1223,300,177,123,2370,1270,1100
18,302,goalpara,Urban,16,2601,1469,1132,294,175,119,2307,1294,1013
18,302,goalpara,Urban,17,2515,1382,1133,318,167,151,2197,1215,982
18,302,goalpara,Urban,18,3071,1549,1522,426,197,229,2645,1352,1293
18,302,goalpara,Urban,19,2732,1301,1431,447,181,266,2285,1120,1165
18,302,goalpara,Urban,20-24,13846,6618,7228,2640,1060,1580,11206,5558,5648
18,302,goalpara,Urban,25-29,12970,6474,6496,2969,1278,1691,10001,5196,4805
18,302,goalpara,Urban,30-34,10743,5374,5369,2787,1145,1642,7956,4229,3727
18,302,goalpara,Urban,35-39,10461,5289,5172,2937,1191,1746,7524,4098,3426
18,302,goalpara,Urban,40-44,8743,4582,4161,2796,1161,1635,5947,3421,2526
18,302,goalpara,Urban,45-49,7478,3831,3647,2507,1009,1498,4971,2822,2149
18,302,goalpara,Urban,50-54,5539,3008,2531,1933,824,1109,3606,2184,1422
18,302,goalpara,Urban,55-59,3687,2065,1622,1306,525,781,2381,1540,841
18,302,goalpara,Urban,60-64,3044,1567,1477,1206,408,798,1838,1159,679
18,302,goalpara,Urban,65-69,1992,915,1077,816,236,580,1176,679,497
18,302,goalpara,Urban,70-74,1549,729,820,793,271,522,756,458,298
18,302,goalpara,Urban,75-79,728,354,374,334,115,219,394,239,155
18,302,goalpara,Urban,80+,884,398,486,477,148,329,407,250,157
18,302,goalpara,Urban,Age not stated,56,27,29,15,4,11,41,23,18
18,303,barpeta,Total,All ages,1693622,867004,826618,796564,367966,428598,897058,499038,398020
18,303,barpeta,Total,0-6,287829,146777,141052,287829,146777,141052,0,0,0
18,303,barpeta,Total,7,45976,23316,22660,19643,9854,9789,26333,13462,12871
18,303,barpeta,Total,8,45130,22892,22238,12948,6690,6258,32182,16202,15980
18,303,barpeta,Total,9,39151,19702,19449,8287,4230,4057,30864,15472,15392
18,303,barpeta,Total,10,44729,23040,21689,8436,4409,4027,36293,18631,17662
18,303,barpeta,Total,11,37532,19454,18078,5862,3179,2683,31670,16275,15395
18,303,barpeta,Total,12,42379,22112,20267,6289,3484,2805,36090,18628,17462
18,303,barpeta,Total,13,37878,19510,18368,5316,3026,2290,32562,16484,16078
18,303,barpeta,Total,14,36261,19028,17233,5029,2909,2120,31232,16119,15113
18,303,barpeta,Total,15,35821,20146,15675,5913,3694,2219,29908,16452,13456
18,303,barpeta,Total,16,31660,19029,12631,5365,3624,1741,26295,15405,10890
18,303,barpeta,Total,17,25703,15599,10104,4347,2819,1528,21356,12780,8576
18,303,barpeta,Total,18,34244,18968,15276,7476,3975,3501,26768,14993,11775
18,303,barpeta,Total,19,28976,14045,14931,6507,2784,3723,22469,11261,11208
18,303,barpeta,Total,20-24,153925,74412,79513,44492,18153,26339,109433,56259,53174
18,303,barpeta,Total,25-29,145118,71685,73433,52408,22599,29809,92710,49086,43624
18,303,barpeta,Total,30-34,119874,60448,59426,46761,20137,26624,73113,40311,32802
18,303,barpeta,Total,35-39,113521,57930,55591,48615,20720,27895,64906,37210,27696
18,303,barpeta,Total,40-44,92238,48070,44168,44591,18823,25768,47647,29247,18400
18,303,barpeta,Total,45-49,79413,41316,38097,41886,17697,24189,37527,23619,13908
18,303,barpeta,Total,50-54,61385,32574,28811,33548,14057,19491,27837,18517,9320
18,303,barpeta,Total,55-59,44080,23511,20569,23840,9511,14329,20240,14000,6240
18,303,barpeta,Total,60-64,38752,19287,19465,23148,8329,14819,15604,10958,4646
18,303,barpeta,Total,65-69,25179,12272,12907,15403,5146,10257,9776,7126,2650
18,303,barpeta,Total,70-74,21022,9889,11133,14482,5004,9478,6540,4885,1655
18,303,barpeta,Total,75-79,10728,5147,5581,7345,2571,4774,3383,2576,807
18,303,barpeta,Total,80+,14209,6385,7824,10360,3568,6792,3849,2817,1032
18,303,barpeta,Total,Age not stated,909,460,449,438,197,241,471,263,208
18,303,barpeta,Rural,All ages,1546269,791789,754480,763807,354087,409720,782462,437702,344760
18,303,barpeta,Rural,0-6,273296,139380,133916,273296,139380,133916,0,0,0
18,303,barpeta,Rural,7,43630,22098,21532,19255,9665,9590,24375,12433,11942
18,303,barpeta,Rural,8,42778,21706,21072,12743,6572,6171,30035,15134,14901
18,303,barpeta,Rural,9,36863,18583,18280,8156,4161,3995,28707,14422,14285
18,303,barpeta,Rural,10,42189,21714,20475,8277,4325,3952,33912,17389,16523
18,303,barpeta,Rural,11,35112,18174,16938,5757,3125,2632,29355,15049,14306
18,303,barpeta,Rural,12,39452,20580,18872,6157,3411,2746,33295,17169,16126
18,303,barpeta,Rural,13,35180,18137,17043,5208,2970,2238,29972,15167,14805
18,303,barpeta,Rural,14,33447,17539,15908,4912,2865,2047,28535,14674,13861
18,303,barpeta,Rural,15,33020,18640,14380,5767,3621,2146,27253,15019,12234
18,303,barpeta,Rural,16,28932,17590,11342,5214,3550,1664,23718,14040,9678
18,303,barpeta,Rural,17,23029,14131,8898,4219,2754,1465,18810,11377,7433
18,303,barpeta,Rural,18,31070,17301,13769,7259,3872,3387,23811,13429,10382
18,303,barpeta,Rural,19,26403,12795,13608,6357,2724,3633,20046,10071,9975
18,303,barpeta,Rural,20-24,139225,67124,72101,43379,17675,25704,95846,49449,46397
18,303,barpeta,Rural,25-29,131454,64899,66555,51187,22079,29108,80267,42820,37447
18,303,barpeta,Rural,30-34,107275,54144,53131,45397,19626,25771,61878,34518,27360
18,303,barpeta,Rural,35-39,101160,51806,49354,46929,20068,26861,54231,31738,22493
18,303,barpeta,Rural,40-44,81329,42391,38938,42751,18170,24581,38578,24221,14357
18,303,barpeta,Rural,45-49,69905,36290,33615,40064,17006,23058,29841,19284,10557
18,303,barpeta,Rural,50-54,54080,28523,25557,31988,13518,18470,22092,15005,7087
18,303,barpeta,Rural,55-59,38890,20636,18254,22702,9154,13548,16188,11482,4706
18,303,barpeta,Rural,60-64,34394,17077,17317,21897,8000,13897,12497,9077,3420
18,303,barpeta,Rural,65-69,22193,10828,11365,14425,4905,9520,7768,5923,1845
18,303,barpeta,Rural,70-74,18795,8881,9914,13537,4785,8752,5258,4096,1162
18,303,barpeta,Rural,75-79,9495,4572,4923,6850,2465,4385,2645,2107,538
18,303,barpeta,Rural,80+,12821,5819,7002,9695,3448,6247,3126,2371,755
18,303,barpeta,Rural,Age not stated,852,431,421,429,193,236,423,238,185
18,303,barpeta,Urban,All ages,147353,75215,72138,32757,13879,18878,114596,61336,53260
18,303,barpeta,Urban,0-6,14533,7397,7136,14533,7397,7136,0,0,0
18,303,barpeta,Urban,7,2346,1218,1128,388,189,199,1958,1029,929
18,303,barpeta,Urban,8,2352,1186,1166,205,118,87,2147,1068,1079
18,303,barpeta,Urban,9,2288,1119,1169,131,69,62,2157,1050,1107
18,303,barpeta,Urban,10,2540,1326,1214,159,84,75,2381,1242,1139
18,303,barpeta,Urban,11,2420,1280,1140,105,54,51,2315,1226,1089
18,303,barpeta,Urban,12,2927,1532,1395,132,73,59,2795,1459,1336
18,303,barpeta,Urban,13,2698,1373,1325,108,56,52,2590,1317,1273
18,303,barpeta,Urban,14,2814,1489,1325,117,44,73,2697,1445,1252
18,303,barpeta,Urban,15,2801,1506,1295,146,73,73,2655,1433,1222
18,303,barpeta,Urban,16,2728,1439,1289,151,74,77,2577,1365,1212
18,303,barpeta,Urban,17,2674,1468,1206,128,65,63,2546,1403,1143
18,303,barpeta,Urban,18,3174,1667,1507,217,103,114,2957,1564,1393
18,303,barpeta,Urban,19,2573,1250,1323,150,60,90,2423,1190,1233
18,303,barpeta,Urban,20-24,14700,7288,7412,1113,478,635,13587,6810,6777
18,303,barpeta,Urban,25-29,13664,6786,6878,1221,520,701,12443,6266,6177
18,303,barpeta,Urban,30-34,12599,6304,6295,1364,511,853,11235,5793,5442
18,303,barpeta,Urban,35-39,12361,6124,6237,1686,652,1034,10675,5472,5203
18,303,barpeta,Urban,40-44,10909,5679,5230,1840,653,1187,9069,5026,4043
18,303,barpeta,Urban,45-49,9508,5026,4482,1822,691,1131,7686,4335,3351
18,303,barpeta,Urban,50-54,7305,4051,3254,1560,539,1021,5745,3512,2233
18,303,barpeta,Urban,55-59,5190,2875,2315,1138,357,781,4052,2518,1534
18,303,barpeta,Urban,60-64,4358,2210,2148,1251,329,922,3107,1881,1226
18,303,barpeta,Urban,65-69,2986,1444,1542,978,241,737,2008,1203,805
18,303,barpeta,Urban,70-74,2227,1008,1219,945,219,726,1282,789,493
18,303,barpeta,Urban,75-79,1233,575,658,495,106,389,738,469,269
18,303,barpeta,Urban,80+,1388,566,822,665,120,545,723,446,277
18,303,barpeta,Urban,Age not stated,57,29,28,9,4,5,48,25,23
18,304,morigaon,Total,All ages,957423,486651,470772,417521,196953,220568,539902,289698,250204
18,304,morigaon,Total,0-6,163819,83746,80073,163819,83746,80073,0,0,0
18,304,morigaon,Total,7,25879,13095,12784,7975,4032,3943,17904,9063,8841
18,304,morigaon,Total,8,25887,13000,12887,5320,2757,2563,20567,10243,10324
18,304,morigaon,Total,9,22341,11372,10969,3582,1920,1662,18759,9452,9307
18,304,morigaon,Total,10,25483,13255,12228,4105,2342,1763,21378,10913,10465
18,304,morigaon,Total,11,21552,10934,10618,2824,1576,1248,18728,9358,9370
18,304,morigaon,Total,12,24692,12754,11938,3352,1994,1358,21340,10760,10580
18,304,morigaon,Total,13,21570,10830,10740,2781,1639,1142,18789,9191,9598
18,304,morigaon,Total,14,21136,10748,10388,2806,1693,1113,18330,9055,9275
18,304,morigaon,Total,15,21384,11150,10234,3337,2039,1298,18047,9111,8936
18,304,morigaon,Total,16,19602,10585,9017,3155,1963,1192,16447,8622,7825
18,304,morigaon,Total,17,15201,8349,6852,2450,1446,1004,12751,6903,5848
18,304,morigaon,Total,18,20291,10677,9614,4083,2189,1894,16208,8488,7720
18,304,morigaon,Total,19,15978,7794,8184,3230,1542,1688,12748,6252,6496
18,304,morigaon,Total,20-24,85234,41056,44178,20745,9148,11597,64489,31908,32581
18,304,morigaon,Total,25-29,82688,40912,41776,25624,11591,14033,57064,29321,27743
18,304,morigaon,Total,30-34,67532,33840,33692,23486,10320,13166,44046,23520,20526
18,304,morigaon,Total,35-39,63440,32273,31167,24847,10775,14072,38593,21498,17095
18,304,morigaon,Total,40-44,50621,26426,24195,22288,9685,12603,28333,16741,11592
18,304,morigaon,Total,45-49,43631,22769,20862,20283,8573,11710,23348,14196,9152
18,304,morigaon,Total,50-54,33459,17661,15798,16752,6930,9822,16707,10731,5976
18,304,morigaon,Total,55-59,22830,12065,10765,11502,4441,7061,11328,7624,3704
18,304,morigaon,Total,60-64,22619,11115,11504,13134,4754,8380,9485,6361,3124
18,304,morigaon,Total,65-69,14043,6975,7068,8345,2971,5374,5698,4004,1694
18,304,morigaon,Total,70-74,11960,6038,5922,8049,3122,4927,3911,2916,995
18,304,morigaon,Total,75-79,5288,2713,2575,3532,1396,2136,1756,1317,439
18,304,morigaon,Total,80+,8072,3870,4202,5732,2188,3544,2340,1682,658
18,304,morigaon,Total,Age not stated,1191,649,542,383,181,202,808,468,340
18,304,morigaon,Rural,All ages,884125,449123,435002,398595,188520,210075,485530,260603,224927
18,304,morigaon,Rural,0-6,155116,79253,75863,155116,79253,75863,0,0,0
18,304,morigaon,Rural,7,24473,12385,12088,7673,3875,3798,16800,8510,8290
18,304,morigaon,Rural,8,24498,12305,12193,5154,2671,2483,19344,9634,9710
18,304,morigaon,Rural,9,21100,10736,10364,3482,1863,1619,17618,8873,8745
18,304,morigaon,Rural,10,23950,12441,11509,3980,2274,1706,19970,10167,9803
18,304,morigaon,Rural,11,20222,10273,9949,2729,1526,1203,17493,8747,8746
18,304,morigaon,Rural,12,23201,11981,11220,3235,1932,1303,19966,10049,9917
18,304,morigaon,Rural,13,20203,10152,10051,2712,1605,1107,17491,8547,8944
18,304,morigaon,Rural,14,19687,10026,9661,2716,1641,1075,16971,8385,8586
18,304,morigaon,Rural,15,19918,10380,9538,3210,1971,1239,16708,8409,8299
18,304,morigaon,Rural,16,18130,9847,8283,3047,1915,1132,15083,7932,7151
18,304,morigaon,Rural,17,13930,7707,6223,2377,1412,965,11553,6295,5258
18,304,morigaon,Rural,18,18655,9849,8806,3916,2103,1813,14739,7746,6993
18,304,morigaon,Rural,19,14610,7120,7490,3110,1494,1616,11500,5626,5874
18,304,morigaon,Rural,20-24,77805,37504,40301,20037,8869,11168,57768,28635,29133
18,304,morigaon,Rural,25-29,75621,37370,38251,24753,11224,13529,50868,26146,24722
18,304,morigaon,Rural,30-34,61661,30861,30800,22599,9975,12624,39062,20886,18176
18,304,morigaon,Rural,35-39,57522,29451,28071,23715,10354,13361,33807,19097,14710
18,304,morigaon,Rural,40-44,45588,23780,21808,21293,9285,12008,24295,14495,9800
18,304,morigaon,Rural,45-49,39092,20341,18751,19354,8200,11154,19738,12141,7597
18,304,morigaon,Rural,50-54,29965,15582,14383,16002,6680,9322,13963,8902,5061
18,304,morigaon,Rural,55-59,20544,10673,9871,11008,4288,6720,9536,6385,3151
18,304,morigaon,Rural,60-64,20899,10246,10653,12519,4590,7929,8380,5656,2724
18,304,morigaon,Rural,65-69,12985,6451,6534,7965,2868,5097,5020,3583,1437
18,304,morigaon,Rural,70-74,11199,5660,5539,7690,3014,4676,3509,2646,863
18,304,morigaon,Rural,75-79,4922,2533,2389,3390,1364,2026,1532,1169,363
18,304,morigaon,Rural,80+,7545,3622,3923,5452,2103,3349,2093,1519,574
18,304,morigaon,Rural,Age not stated,1084,594,490,361,171,190,723,423,300
18,304,morigaon,Urban,All ages,73298,37528,35770,18926,8433,10493,54372,29095,25277
18,304,morigaon,Urban,0-6,8703,4493,4210,8703,4493,4210,0,0,0
18,304,morigaon,Urban,7,1406,710,696,302,157,145,1104,553,551
18,304,morigaon,Urban,8,1389,695,694,166,86,80,1223,609,614
18,304,morigaon,Urban,9,1241,636,605,100,57,43,1141,579,562
18,304,morigaon,Urban,10,1533,814,719,125,68,57,1408,746,662
18,304,morigaon,Urban,11,1330,661,669,95,50,45,1235,611,624
18,304,morigaon,Urban,12,1491,773,718,117,62,55,1374,711,663
18,304,morigaon,Urban,13,1367,678,689,69,34,35,1298,644,654
18,304,morigaon,Urban,14,1449,722,727,90,52,38,1359,670,689
18,304,morigaon,Urban,15,1466,770,696,127,68,59,1339,702,637
18,304,morigaon,Urban,16,1472,738,734,108,48,60,1364,690,674
18,304,morigaon,Urban,17,1271,642,629,73,34,39,1198,608,590
18,304,morigaon,Urban,18,1636,828,808,167,86,81,1469,742,727
18,304,morigaon,Urban,19,1368,674,694,120,48,72,1248,626,622
18,304,morigaon,Urban,20-24,7429,3552,3877,708,279,429,6721,3273,3448
18,304,morigaon,Urban,25-29,7067,3542,3525,871,367,504,6196,3175,3021
18,304,morigaon,Urban,30-34,5871,2979,2892,887,345,542,4984,2634,2350
18,304,morigaon,Urban,35-39,5918,2822,3096,1132,421,711,4786,2401,2385
18,304,morigaon,Urban,40-44,5033,2646,2387,995,400,595,4038,2246,1792
18,304,morigaon,Urban,45-49,4539,2428,2111,929,373,556,3610,2055,1555
18,304,morigaon,Urban,50-54,3494,2079,1415,750,250,500,2744,1829,915
18,304,morigaon,Urban,55-59,2286,1392,894,494,153,341,1792,1239,553
18,304,morigaon,Urban,60-64,1720,869,851,615,164,451,1105,705,400
18,304,morigaon,Urban,65-69,1058,524,534,380,103,277,678,421,257
18,304,morigaon,Urban,70-74,761,378,383,359,108,251,402,270,132
18,304,morigaon,Urban,75-79,366,180,186,142,32,110,224,148,76
18,304,morigaon,Urban,80+,527,248,279,280,85,195,247,163,84
18,304,morigaon,Urban,Age not stated,107,55,52,22,10,12,85,45,40
18,305,nagaon,Total,All ages,2823768,1439112,1384656,1113052,517262,595790,1710716,921850,788866
18,305,nagaon,Total,0-6,459940,234203,225737,459940,234203,225737,0,0,0
18,305,nagaon,Total,7,71993,36416,35577,20811,10598,10213,51182,25818,25364
18,305,nagaon,Total,8,73431,37499,35932,12834,6613,6221,60597,30886,29711
18,305,nagaon,Total,9,62542,31672,30870,7716,3963,3753,54826,27709,27117
18,305,nagaon,Total,10,73785,37943,35842,9088,4848,4240,64697,33095,31602
18,305,nagaon,Total,11,63138,32153,30985,5988,3235,2753,57150,28918,28232
18,305,nagaon,Total,12,73212,37169,36043,7379,4131,3248,65833,33038,32795
18,305,nagaon,Total,13,63771,32126,31645,6039,3331,2708,57732,28795,28937
18,305,nagaon,Total,14,63584,32015,31569,6457,3605,2852,57127,28410,28717
18,305,nagaon,Total,15,62622,32454,30168,7807,4619,3188,54815,27835,26980
18,305,nagaon,Total,16,56131,29900,26231,7241,4292,2949,48890,25608,23282
18,305,nagaon,Total,17,45802,24906,20896,6056,3458,2598,39746,21448,18298
18,305,nagaon,Total,18,60935,32162,28773,10362,5436,4926,50573,26726,23847
18,305,nagaon,Total,19,47978,23370,24608,8028,3640,4388,39950,19730,20220
18,305,nagaon,Total,20-24,255222,124381,130841,53433,22951,30482,201789,101430,100359
18,305,nagaon,Total,25-29,244191,121158,123033,65361,28100,37261,178830,93058,85772
18,305,nagaon,Total,30-34,199547,100308,99239,59792,25309,34483,139755,74999,64756
18,305,nagaon,Total,35-39,190984,97027,93957,65670,27454,38216,125314,69573,55741
18,305,nagaon,Total,40-44,154763,81416,73347,59848,25619,34229,94915,55797,39118
18,305,nagaon,Total,45-49,132740,69330,63410,54290,22761,31529,78450,46569,31881
18,305,nagaon,Total,50-54,102976,55222,47754,44643,18720,25923,58333,36502,21831
18,305,nagaon,Total,55-59,71952,38515,33437,30802,12090,18712,41150,26425,14725
18,305,nagaon,Total,60-64,69347,35177,34170,34578,12712,21866,34769,22465,12304
18,305,nagaon,Total,65-69,44443,22717,21726,22252,7923,14329,22191,14794,7397
18,305,nagaon,Total,70-74,35701,18046,17655,20866,7778,13088,14835,10268,4567
18,305,nagaon,Total,75-79,17475,9225,8250,9831,3768,6063,7644,5457,2187
18,305,nagaon,Total,80+,24218,11920,12298,15364,5834,9530,8854,6086,2768
18,305,nagaon,Total,Age not stated,1345,682,663,576,271,305,769,411,358
18,305,nagaon,Rural,All ages,2454234,1250985,1203249,1031734,481468,550266,1422500,769517,652983
18,305,nagaon,Rural,0-6,420813,214248,206565,420813,214248,206565,0,0,0
18,305,nagaon,Rural,7,65473,33104,32369,19794,10100,9694,45679,23004,22675
18,305,nagaon,Rural,8,66971,34191,32780,12350,6378,5972,54621,27813,26808
18,305,nagaon,Rural,9,56669,28650,28019,7401,3805,3596,49268,24845,24423
18,305,nagaon,Rural,10,66846,34374,32472,8686,4634,4052,58160,29740,28420
18,305,nagaon,Rural,11,56673,28845,27828,5733,3091,2642,50940,25754,25186
18,305,nagaon,Rural,12,66078,33559,32519,7061,3965,3096,59017,29594,29423
18,305,nagaon,Rural,13,57244,28840,28404,5771,3192,2579,51473,25648,25825
18,305,nagaon,Rural,14,56706,28530,28176,6138,3436,2702,50568,25094,25474
18,305,nagaon,Rural,15,55644,28831,26813,7443,4423,3020,48201,24408,23793
18,305,nagaon,Rural,16,49228,26390,22838,6871,4100,2771,42357,22290,20067
18,305,nagaon,Rural,17,39443,21599,17844,5712,3292,2420,33731,18307,15424
18,305,nagaon,Rural,18,53220,28220,25000,9837,5180,4657,43383,23040,20343
18,305,nagaon,Rural,19,41493,20219,21274,7608,3468,4140,33885,16751,17134
18,305,nagaon,Rural,20-24,219548,107138,112410,50617,21839,28778,168931,85299,83632
18,305,nagaon,Rural,25-29,208995,104041,104954,61859,26800,35059,147136,77241,69895
18,305,nagaon,Rural,30-34,168852,85165,83687,56375,24008,32367,112477,61157,51320
18,305,nagaon,Rural,35-39,160161,81685,78476,61462,25904,35558,98699,55781,42918
18,305,nagaon,Rural,40-44,128332,67425,60907,55714,23994,31720,72618,43431,29187
18,305,nagaon,Rural,45-49,109462,56905,52557,50309,21244,29065,59153,35661,23492
18,305,nagaon,Rural,50-54,84835,45110,39725,41325,17522,23803,43510,27588,15922
18,305,nagaon,Rural,55-59,59141,31339,27802,28426,11239,17187,30715,20100,10615
18,305,nagaon,Rural,60-64,58309,29373,28936,31789,11811,19978,26520,17562,8958
18,305,nagaon,Rural,65-69,37174,19013,18161,20306,7367,12939,16868,11646,5222
18,305,nagaon,Rural,70-74,30368,15460,14908,18959,7231,11728,11409,8229,3180
18,305,nagaon,Rural,75-79,14524,7774,6750,8868,3490,5378,5656,4284,1372
18,305,nagaon,Rural,80+,20827,10347,10480,13974,5457,8517,6853,4890,1963
18,305,nagaon,Rural,Age not stated,1205,610,595,533,250,283,672,360,312
18,305,nagaon,Urban,All ages,369534,188127,181407,81318,35794,45524,288216,152333,135883
18,305,nagaon,Urban,0-6,39127,19955,19172,39127,19955,19172,0,0,0
18,305,nagaon,Urban,7,6520,3312,3208,1017,498,519,5503,2814,2689
18,305,nagaon,Urban,8,6460,3308,3152,484,235,249,5976,3073,2903
18,305,nagaon,Urban,9,5873,3022,2851,315,158,157,5558,2864,2694
18,305,nagaon,Urban,10,6939,3569,3370,402,214,188,6537,3355,3182
18,305,nagaon,Urban,11,6465,3308,3157,255,144,111,6210,3164,3046
18,305,nagaon,Urban,12,7134,3610,3524,318,166,152,6816,3444,3372
18,305,nagaon,Urban,13,6527,3286,3241,268,139,129,6259,3147,3112
18,305,nagaon,Urban,14,6878,3485,3393,319,169,150,6559,3316,3243
18,305,nagaon,Urban,15,6978,3623,3355,364,196,168,6614,3427,3187
18,305,nagaon,Urban,16,6903,3510,3393,370,192,178,6533,3318,3215
18,305,nagaon,Urban,17,6359,3307,3052,344,166,178,6015,3141,2874
18,305,nagaon,Urban,18,7715,3942,3773,525,256,269,7190,3686,3504
18,305,nagaon,Urban,19,6485,3151,3334,420,172,248,6065,2979,3086
18,305,nagaon,Urban,20-24,35674,17243,18431,2816,1112,1704,32858,16131,16727
18,305,nagaon,Urban,25-29,35196,17117,18079,3502,1300,2202,31694,15817,15877
18,305,nagaon,Urban,30-34,30695,15143,15552,3417,1301,2116,27278,13842,13436
18,305,nagaon,Urban,35-39,30823,15342,15481,4208,1550,2658,26615,13792,12823
18,305,nagaon,Urban,40-44,26431,13991,12440,4134,1625,2509,22297,12366,9931
18,305,nagaon,Urban,45-49,23278,12425,10853,3981,1517,2464,19297,10908,8389
18,305,nagaon,Urban,50-54,18141,10112,8029,3318,1198,2120,14823,8914,5909
18,305,nagaon,Urban,55-59,12811,7176,5635,2376,851,1525,10435,6325,4110
18,305,nagaon,Urban,60-64,11038,5804,5234,2789,901,1888,8249,4903,3346
18,305,nagaon,Urban,65-69,7269,3704,3565,1946,556,1390,5323,3148,2175
18,305,nagaon,Urban,70-74,5333,2586,2747,1907,547,1360,3426,2039,1387
18,305,nagaon,Urban,75-79,2951,1451,1500,963,278,685,1988,1173,815
18,305,nagaon,Urban,80+,3391,1573,1818,1390,377,1013,2001,1196,805
18,305,nagaon,Urban,Age not stated,140,72,68,43,21,22,97,51,46
18,306,sonitpur,Total,All ages,1924110,983904,940206,815538,363379,452159,1108572,620525,488047
18,306,sonitpur,Total,0-6,277862,141353,136509,277862,141353,136509,0,0,0
18,306,sonitpur,Total,7,44954,22756,22198,13789,6762,7027,31165,15994,15171
18,306,sonitpur,Total,8,44808,22939,21869,9663,4757,4906,35145,18182,16963
18,306,sonitpur,Total,9,39729,19955,19774,6767,3285,3482,32962,16670,16292
18,306,sonitpur,Total,10,48187,24768,23419,8156,3957,4199,40031,20811,19220
18,306,sonitpur,Total,11,38526,19575,18951,5274,2487,2787,33252,17088,16164
18,306,sonitpur,Total,12,46111,23641,22470,6804,3263,3541,39307,20378,18929
18,306,sonitpur,Total,13,39400,19775,19625,5276,2408,2868,34124,17367,16757
18,306,sonitpur,Total,14,40154,20181,19973,5756,2669,3087,34398,17512,16886
18,306,sonitpur,Total,15,41256,21221,20035,7032,3279,3753,34224,17942,16282
18,306,sonitpur,Total,16,38131,19706,18425,6580,3026,3554,31551,16680,14871
18,306,sonitpur,Total,17,32092,16707,15385,5596,2621,2975,26496,14086,12410
18,306,sonitpur,Total,18,42637,21650,20987,9026,3780,5246,33611,17870,15741
18,306,sonitpur,Total,19,32474,15428,17046,6859,2467,4392,25615,12961,12654
18,306,sonitpur,Total,20-24,177180,84940,92240,44405,15900,28505,132775,69040,63735
18,306,sonitpur,Total,25-29,176490,87655,88835,54206,20381,33825,122284,67274,55010
18,306,sonitpur,Total,30-34,145666,74262,71404,50934,19946,30988,94732,54316,40416
18,306,sonitpur,Total,35-39,139402,71663,67739,55042,22203,32839,84360,49460,34900
18,306,sonitpur,Total,40-44,114197,60510,53687,50313,21108,29205,63884,39402,24482
18,306,sonitpur,Total,45-49,101974,54564,47410,47264,20024,27240,54710,34540,20170
18,306,sonitpur,Total,50-54,76429,41709,34720,37633,16391,21242,38796,25318,13478
18,306,sonitpur,Total,55-59,54392,29024,25368,26959,10920,16039,27433,18104,9329
18,306,sonitpur,Total,60-64,50387,26571,23816,27597,11438,16159,22790,15133,7657
18,306,sonitpur,Total,65-69,31793,16626,15167,17086,6641,10445,14707,9985,4722
18,306,sonitpur,Total,70-74,24131,13020,11111,14558,6121,8437,9573,6899,2674
18,306,sonitpur,Total,75-79,10945,6031,4914,6166,2552,3614,4779,3479,1300
18,306,sonitpur,Total,80+,13571,6991,6580,8469,3435,5034,5102,3556,1546
18,306,sonitpur,Total,Age not stated,1232,683,549,466,205,261,766,478,288
18,306,sonitpur,Rural,All ages,1750265,894985,855280,782526,348834,433692,967739,546151,421588
18,306,sonitpur,Rural,0-6,260964,132727,128237,260964,132727,128237,0,0,0
18,306,sonitpur,Rural,7,42107,21279,20828,13376,6561,6815,28731,14718,14013
18,306,sonitpur,Rural,8,42190,21580,20610,9484,4670,4814,32706,16910,15796
18,306,sonitpur,Rural,9,37084,18639,18445,6652,3221,3431,30432,15418,15014
18,306,sonitpur,Rural,10,45150,23228,21922,7981,3879,4102,37169,19349,17820
18,306,sonitpur,Rural,11,35749,18183,17566,5181,2443,2738,30568,15740,14828
18,306,sonitpur,Rural,12,43093,22137,20956,6654,3204,3450,36439,18933,17506
18,306,sonitpur,Rural,13,36503,18314,18189,5159,2356,2803,31344,15958,15386
18,306,sonitpur,Rural,14,37043,18616,18427,5626,2617,3009,31417,15999,15418
18,306,sonitpur,Rural,15,38243,19667,18576,6888,3212,3676,31355,16455,14900
18,306,sonitpur,Rural,16,35131,18111,17020,6432,2971,3461,28699,15140,13559
18,306,sonitpur,Rural,17,29143,15249,13894,5476,2584,2892,23667,12665,11002
18,306,sonitpur,Rural,18,39255,19919,19336,8843,3706,5137,30412,16213,14199
18,306,sonitpur,Rural,19,29363,13889,15474,6698,2419,4279,22665,11470,11195
18,306,sonitpur,Rural,20-24,160705,76985,83720,43383,15519,27864,117322,61466,55856
18,306,sonitpur,Rural,25-29,160123,79790,80333,52939,19930,33009,107184,59860,47324
18,306,sonitpur,Rural,30-34,130756,66893,63863,49594,19460,30134,81162,47433,33729
18,306,sonitpur,Rural,35-39,124254,64185,60069,53302,21561,31741,70952,42624,28328
18,306,sonitpur,Rural,40-44,100929,53607,47322,48570,20420,28150,52359,33187,19172
18,306,sonitpur,Rural,45-49,89936,48033,41903,45677,19413,26264,44259,28620,15639
18,306,sonitpur,Rural,50-54,67064,36373,30691,36312,15876,20436,30752,20497,10255
18,306,sonitpur,Rural,55-59,47826,25292,22534,26106,10615,15491,21720,14677,7043
18,306,sonitpur,Rural,60-64,44704,23487,21217,26564,11091,15473,18140,12396,5744
18,306,sonitpur,Rural,65-69,28348,14762,13586,16437,6443,9994,11911,8319,3592
18,306,sonitpur,Rural,70-74,21668,11711,9957,13945,5944,8001,7723,5767,1956
18,306,sonitpur,Rural,75-79,9576,5352,4224,5812,2470,3342,3764,2882,882
18,306,sonitpur,Rural,80+,12179,6322,5857,8011,3320,4691,4168,3002,1166
18,306,sonitpur,Rural,Age not stated,1179,655,524,460,202,258,719,453,266
18,306,sonitpur,Urban,All ages,173845,88919,84926,33012,14545,18467,140833,74374,66459
18,306,sonitpur,Urban,0-6,16898,8626,8272,16898,8626,8272,0,0,0
18,306,sonitpur,Urban,7,2847,1477,1370,413,201,212,2434,1276,1158
18,306,sonitpur,Urban,8,2618,1359,1259,179,87,92,2439,1272,1167
18,306,sonitpur,Urban,9,2645,1316,1329,115,64,51,2530,1252,1278
18,306,sonitpur,Urban,10,3037,1540,1497,175,78,97,2862,1462,1400
18,306,sonitpur,Urban,11,2777,1392,1385,93,44,49,2684,1348,1336
18,306,sonitpur,Urban,12,3018,1504,1514,150,59,91,2868,1445,1423
18,306,sonitpur,Urban,13,2897,1461,1436,117,52,65,2780,1409,1371
18,306,sonitpur,Urban,14,3111,1565,1546,130,52,78,2981,1513,1468
18,306,sonitpur,Urban,15,3013,1554,1459,144,67,77,2869,1487,1382
18,306,sonitpur,Urban,16,3000,1595,1405,148,55,93,2852,1540,1312
18,306,sonitpur,Urban,17,2949,1458,1491,120,37,83,2829,1421,1408
18,306,sonitpur,Urban,18,3382,1731,1651,183,74,109,3199,1657,1542
18,306,sonitpur,Urban,19,3111,1539,1572,161,48,113,2950,1491,1459
18,306,sonitpur,Urban,20-24,16475,7955,8520,1022,381,641,15453,7574,7879
18,306,sonitpur,Urban,25-29,16367,7865,8502,1267,451,816,15100,7414,7686
18,306,sonitpur,Urban,30-34,14910,7369,7541,1340,486,854,13570,6883,6687
18,306,sonitpur,Urban,35-39,15148,7478,7670,1740,642,1098,13408,6836,6572
18,306,sonitpur,Urban,40-44,13268,6903,6365,1743,688,1055,11525,6215,5310
18,306,sonitpur,Urban,45-49,12038,6531,5507,1587,611,976,10451,5920,4531
18,306,sonitpur,Urban,50-54,9365,5336,4029,1321,515,806,8044,4821,3223
18,306,sonitpur,Urban,55-59,6566,3732,2834,853,305,548,5713,3427,2286
18,306,sonitpur,Urban,60-64,5683,3084,2599,1033,347,686,4650,2737,1913
18,306,sonitpur,Urban,65-69,3445,1864,1581,649,198,451,2796,1666,1130
18,306,sonitpur,Urban,70-74,2463,1309,1154,613,177,436,1850,1132,718
18,306,sonitpur,Urban,75-79,1369,679,690,354,82,272,1015,597,418
18,306,sonitpur,Urban,80+,1392,669,723,458,115,343,934,554,380
18,306,sonitpur,Urban,Age not stated,53,28,25,6,3,3,47,25,22
18,307,lakhimpur,Total,All ages,1042137,529674,512463,358651,154122,204529,683486,375552,307934
18,307,lakhimpur,Total,0-6,156739,80016,76723,156739,80016,76723,0,0,0
18,307,lakhimpur,Total,7,24942,12632,12310,5893,2899,2994,19049,9733,9316
18,307,lakhimpur,Total,8,25149,12667,12482,3249,1525,1724,21900,11142,10758
18,307,lakhimpur,Total,9,21753,11045,10708,1856,882,974,19897,10163,9734
18,307,lakhimpur,Total,10,25494,13161,12333,2233,1069,1164,23261,12092,11169
18,307,lakhimpur,Total,11,21981,11204,10777,1385,630,755,20596,10574,10022
18,307,lakhimpur,Total,12,25348,13077,12271,1648,734,914,23700,12343,11357
18,307,lakhimpur,Total,13,22564,11509,11055,1335,586,749,21229,10923,10306
18,307,lakhimpur,Total,14,23103,11913,11190,1623,712,911,21480,11201,10279
18,307,lakhimpur,Total,15,22735,11939,10796,1880,903,977,20855,11036,9819
18,307,lakhimpur,Total,16,21572,11246,10326,1923,869,1054,19649,10377,9272
18,307,lakhimpur,Total,17,17947,9413,8534,1601,721,880,16346,8692,7654
18,307,lakhimpur,Total,18,22733,11424,11309,2789,1089,1700,19944,10335,9609
18,307,lakhimpur,Total,19,17751,8505,9246,2096,767,1329,15655,7738,7917
18,307,lakhimpur,Total,20-24,95594,45629,49965,15136,5334,9802,80458,40295,40163
18,307,lakhimpur,Total,25-29,93980,45488,48492,18755,6732,12023,75225,38756,36469
18,307,lakhimpur,Total,30-34,81142,40559,40583,18460,6709,11751,62682,33850,28832
18,307,lakhimpur,Total,35-39,75760,38946,36814,20584,7452,13132,55176,31494,23682
18,307,lakhimpur,Total,40-44,59859,31662,28197,19394,7135,12259,40465,24527,15938
18,307,lakhimpur,Total,45-49,52111,27760,24351,18596,6707,11889,33515,21053,12462
18,307,lakhimpur,Total,50-54,37285,20003,17282,14717,5258,9459,22568,14745,7823
18,307,lakhimpur,Total,55-59,27247,14362,12885,11328,3757,7571,15919,10605,5314
18,307,lakhimpur,Total,60-64,25835,13126,12709,12168,3984,8184,13667,9142,4525
18,307,lakhimpur,Total,65-69,16912,8326,8586,8294,2443,5851,8618,5883,2735
18,307,lakhimpur,Total,70-74,12853,6767,6086,7153,2457,4696,5700,4310,1390
18,307,lakhimpur,Total,75-79,6099,3276,2823,3357,1122,2235,2742,2154,588
18,307,lakhimpur,Total,80+,7384,3884,3500,4354,1585,2769,3030,2299,731
18,307,lakhimpur,Total,Age not stated,265,135,130,105,45,60,160,90,70
18,307,lakhimpur,Rural,All ages,950804,482582,468222,337628,144776,192852,613176,337806,275370
18,307,lakhimpur,Rural,0-6,146289,74611,71678,146289,74611,71678,0,0,0
18,307,lakhimpur,Rural,7,23149,11720,11429,5643,2777,2866,17506,8943,8563
18,307,lakhimpur,Rural,8,23448,11813,11635,3151,1489,1662,20297,10324,9973
18,307,lakhimpur,Rural,9,20209,10244,9965,1783,853,930,18426,9391,9035
18,307,lakhimpur,Rural,10,23588,12173,11415,2122,1019,1103,21466,11154,10312
18,307,lakhimpur,Rural,11,20324,10340,9984,1312,588,724,19012,9752,9260
18,307,lakhimpur,Rural,12,23504,12119,11385,1563,700,863,21941,11419,10522
18,307,lakhimpur,Rural,13,20908,10641,10267,1271,556,715,19637,10085,9552
18,307,lakhimpur,Rural,14,21406,11015,10391,1541,673,868,19865,10342,9523
18,307,lakhimpur,Rural,15,21009,11046,9963,1765,843,922,19244,10203,9041
18,307,lakhimpur,Rural,16,19889,10379,9510,1827,823,1004,18062,9556,8506
18,307,lakhimpur,Rural,17,16384,8623,7761,1493,669,824,14891,7954,6937
18,307,lakhimpur,Rural,18,20725,10404,10321,2618,1007,1611,18107,9397,8710
18,307,lakhimpur,Rural,19,16088,7721,8367,1981,723,1258,14107,6998,7109
18,307,lakhimpur,Rural,20-24,86892,41487,45405,14379,5076,9303,72513,36411,36102
18,307,lakhimpur,Rural,25-29,85333,41316,44017,17774,6356,11418,67559,34960,32599
18,307,lakhimpur,Rural,30-34,73169,36553,36616,17479,6328,11151,55690,30225,25465
18,307,lakhimpur,Rural,35-39,68086,35078,33008,19417,7038,12379,48669,28040,20629
18,307,lakhimpur,Rural,40-44,53228,28089,25139,18243,6691,11552,34985,21398,13587
18,307,lakhimpur,Rural,45-49,46353,24576,21777,17598,6327,11271,28755,18249,10506
18,307,lakhimpur,Rural,50-54,33138,17590,15548,13910,4935,8975,19228,12655,6573
18,307,lakhimpur,Rural,55-59,24463,12741,11722,10805,3565,7240,13658,9176,4482
18,307,lakhimpur,Rural,60-64,23396,11848,11548,11517,3781,7736,11879,8067,3812
18,307,lakhimpur,Rural,65-69,15365,7514,7851,7896,2333,5563,7469,5181,2288
18,307,lakhimpur,Rural,70-74,11804,6208,5596,6806,2357,4449,4998,3851,1147
18,307,lakhimpur,Rural,75-79,5584,3004,2580,3198,1083,2115,2386,1921,465
18,307,lakhimpur,Rural,80+,6834,3607,3227,4146,1532,2614,2688,2075,613
18,307,lakhimpur,Rural,Age not stated,239,122,117,101,43,58,138,79,59
18,307,lakhimpur,Urban,All ages,91333,47092,44241,21023,9346,11677,70310,37746,32564
18,307,lakhimpur,Urban,0-6,10450,5405,5045,10450,5405,5045,0,0,0
18,307,lakhimpur,Urban,7,1793,912,881,250,122,128,1543,790,753
18,307,lakhimpur,Urban,8,1701,854,847,98,36,62,1603,818,785
18,307,lakhimpur,Urban,9,1544,801,743,73,29,44,1471,772,699
18,307,lakhimpur,Urban,10,1906,988,918,111,50,61,1795,938,857
18,307,lakhimpur,Urban,11,1657,864,793,73,42,31,1584,822,762
18,307,lakhimpur,Urban,12,1844,958,886,85,34,51,1759,924,835
18,307,lakhimpur,Urban,13,1656,868,788,64,30,34,1592,838,754
18,307,lakhimpur,Urban,14,1697,898,799,82,39,43,1615,859,756
18,307,lakhimpur,Urban,15,1726,893,833,115,60,55,1611,833,778
18,307,lakhimpur,Urban,16,1683,867,816,96,46,50,1587,821,766
18,307,lakhimpur,Urban,17,1563,790,773,108,52,56,1455,738,717
18,307,lakhimpur,Urban,18,2008,1020,988,171,82,89,1837,938,899
18,307,lakhimpur,Urban,19,1663,784,879,115,44,71,1548,740,808
18,307,lakhimpur,Urban,20-24,8702,4142,4560,757,258,499,7945,3884,4061
18,307,lakhimpur,Urban,25-29,8647,4172,4475,981,376,605,7666,3796,3870
18,307,lakhimpur,Urban,30-34,7973,4006,3967,981,381,600,6992,3625,3367
18,307,lakhimpur,Urban,35-39,7674,3868,3806,1167,414,753,6507,3454,3053
18,307,lakhimpur,Urban,40-44,6631,3573,3058,1151,444,707,5480,3129,2351
18,307,lakhimpur,Urban,45-49,5758,3184,2574,998,380,618,4760,2804,1956
18,307,lakhimpur,Urban,50-54,4147,2413,1734,807,323,484,3340,2090,1250
18,307,lakhimpur,Urban,55-59,2784,1621,1163,523,192,331,2261,1429,832
18,307,lakhimpur,Urban,60-64,2439,1278,1161,651,203,448,1788,1075,713
18,307,lakhimpur,Urban,65-69,1547,812,735,398,110,288,1149,702,447
18,307,lakhimpur,Urban,70-74,1049,559,490,347,100,247,702,459,243
18,307,lakhimpur,Urban,75-79,515,272,243,159,39,120,356,233,123
18,307,lakhimpur,Urban,80+,550,277,273,208,53,155,342,224,118
18,307,lakhimpur,Urban,Age not stated,26,13,13,4,2,2,22,11,11
18,308,dhemaji,Total,All ages,686133,351249,334884,263105,113488,149617,423028,237761,185267
18,308,dhemaji,Total,0-6,104247,53457,50790,104247,53457,50790,0,0,0
18,308,dhemaji,Total,7,16810,8776,8034,4964,2542,2422,11846,6234,5612
18,308,dhemaji,Total,8,16822,8584,8238,3063,1482,1581,13759,7102,6657
18,308,dhemaji,Total,9,14935,7545,7390,1947,934,1013,12988,6611,6377
18,308,dhemaji,Total,10,17430,8982,8448,1989,982,1007,15441,8000,7441
18,308,dhemaji,Total,11,15604,7963,7641,1417,683,734,14187,7280,6907
18,308,dhemaji,Total,12,17493,9075,8418,1435,649,786,16058,8426,7632
18,308,dhemaji,Total,13,15495,7798,7697,1236,514,722,14259,7284,6975
18,308,dhemaji,Total,14,16143,8190,7953,1351,595,756,14792,7595,7197
18,308,dhemaji,Total,15,16250,8422,7828,1504,691,813,14746,7731,7015
18,308,dhemaji,Total,16,15045,7917,7128,1545,717,828,13500,7200,6300
18,308,dhemaji,Total,17,12124,6332,5792,1333,617,716,10791,5715,5076
18,308,dhemaji,Total,18,14746,7695,7051,1997,865,1132,12749,6830,5919
18,308,dhemaji,Total,19,12165,5888,6277,1796,666,1130,10369,5222,5147
18,308,dhemaji,Total,20-24,64718,31160,33558,12375,4365,8010,52343,26795,25548
18,308,dhemaji,Total,25-29,64194,31747,32447,15023,5406,9617,49171,26341,22830
18,308,dhemaji,Total,30-34,52844,27030,25814,14251,5076,9175,38593,21954,16639
18,308,dhemaji,Total,35-39,47748,24782,22966,16100,5778,10322,31648,19004,12644
18,308,dhemaji,Total,40-44,37101,19636,17465,15103,5560,9543,21998,14076,7922
18,308,dhemaji,Total,45-49,31937,17214,14723,14184,5247,8937,17753,11967,5786
18,308,dhemaji,Total,50-54,22908,12186,10722,11469,4173,7296,11439,8013,3426
18,308,dhemaji,Total,55-59,16963,8842,8121,8863,2990,5873,8100,5852,2248
18,308,dhemaji,Total,60-64,15787,8150,7637,9167,3270,5897,6620,4880,1740
18,308,dhemaji,Total,65-69,10327,5141,5186,6126,2021,4105,4201,3120,1081
18,308,dhemaji,Total,70-74,7869,4183,3686,5156,2016,3140,2713,2167,546
18,308,dhemaji,Total,75-79,3894,2185,1709,2535,1037,1498,1359,1148,211
18,308,dhemaji,Total,80+,4303,2252,2051,2819,1102,1717,1484,1150,334
18,308,dhemaji,Total,Age not stated,231,117,114,110,53,57,121,64,57
18,308,dhemaji,Rural,All ages,637848,326278,311570,250436,107896,142540,387412,218382,169030
18,308,dhemaji,Rural,0-6,98352,50402,47950,98352,50402,47950,0,0,0
18,308,dhemaji,Rural,7,15807,8229,7578,4755,2431,2324,11052,5798,5254
18,308,dhemaji,Rural,8,15851,8086,7765,2955,1424,1531,12896,6662,6234
18,308,dhemaji,Rural,9,14103,7122,6981,1892,909,983,12211,6213,5998
18,308,dhemaji,Rural,10,16335,8411,7924,1906,942,964,14429,7469,6960
18,308,dhemaji,Rural,11,14610,7455,7155,1369,657,712,13241,6798,6443
18,308,dhemaji,Rural,12,16427,8515,7912,1368,619,749,15059,7896,7163
18,308,dhemaji,Rural,13,14501,7299,7202,1189,494,695,13312,6805,6507
18,308,dhemaji,Rural,14,15121,7665,7456,1284,572,712,13837,7093,6744
18,308,dhemaji,Rural,15,15167,7853,7314,1438,660,778,13729,7193,6536
18,308,dhemaji,Rural,16,13956,7375,6581,1480,684,796,12476,6691,5785
18,308,dhemaji,Rural,17,11263,5894,5369,1281,593,688,9982,5301,4681
18,308,dhemaji,Rural,18,13671,7105,6566,1917,823,1094,11754,6282,5472
18,308,dhemaji,Rural,19,11250,5445,5805,1730,642,1088,9520,4803,4717
18,308,dhemaji,Rural,20-24,59871,28765,31106,11917,4192,7725,47954,24573,23381
18,308,dhemaji,Rural,25-29,59583,29535,30048,14413,5203,9210,45170,24332,20838
18,308,dhemaji,Rural,30-34,48803,24990,23813,13675,4876,8799,35128,20114,15014
18,308,dhemaji,Rural,35-39,43836,22800,21036,15320,5496,9824,28516,17304,11212
18,308,dhemaji,Rural,40-44,33920,17945,15975,14379,5304,9075,19541,12641,6900
18,308,dhemaji,Rural,45-49,29105,15637,13468,13535,4998,8537,15570,10639,4931
18,308,dhemaji,Rural,50-54,20989,11096,9893,10963,3973,6990,10026,7123,2903
18,308,dhemaji,Rural,55-59,15710,8130,7580,8531,2883,5648,7179,5247,1932
18,308,dhemaji,Rural,60-64,14650,7542,7108,8746,3129,5617,5904,4413,1491
18,308,dhemaji,Rural,65-69,9632,4753,4879,5884,1934,3950,3748,2819,929
18,308,dhemaji,Rural,70-74,7420,3941,3479,4948,1947,3001,2472,1994,478
18,308,dhemaji,Rural,75-79,3657,2053,1604,2420,996,1424,1237,1057,180
18,308,dhemaji,Rural,80+,4043,2125,1918,2682,1062,1620,1361,1063,298
18,308,dhemaji,Rural,Age not stated,215,110,105,107,51,56,108,59,49
18,308,dhemaji,Urban,All ages,48285,24971,23314,12669,5592,7077,35616,19379,16237
18,308,dhemaji,Urban,0-6,5895,3055,2840,5895,3055,2840,0,0,0
18,308,dhemaji,Urban,7,1003,547,456,209,111,98,794,436,358
18,308,dhemaji,Urban,8,971,498,473,108,58,50,863,440,423
18,308,dhemaji,Urban,9,832,423,409,55,25,30,777,398,379
18,308,dhemaji,Urban,10,1095,571,524,83,40,43,1012,531,481
18,308,dhemaji,Urban,11,994,508,486,48,26,22,946,482,464
18,308,dhemaji,Urban,12,1066,560,506,67,30,37,999,530,469
18,308,dhemaji,Urban,13,994,499,495,47,20,27,947,479,468
18,308,dhemaji,Urban,14,1022,525,497,67,23,44,955,502,453
18,308,dhemaji,Urban,15,1083,569,514,66,31,35,1017,538,479
18,308,dhemaji,Urban,16,1089,542,547,65,33,32,1024,509,515
18,308,dhemaji,Urban,17,861,438,423,52,24,28,809,414,395
18,308,dhemaji,Urban,18,1075,590,485,80,42,38,995,548,447
18,308,dhemaji,Urban,19,915,443,472,66,24,42,849,419,430
18,308,dhemaji,Urban,20-24,4847,2395,2452,458,173,285,4389,2222,2167
18,308,dhemaji,Urban,25-29,4611,2212,2399,610,203,407,4001,2009,1992
18,308,dhemaji,Urban,30-34,4041,2040,2001,576,200,376,3465,1840,1625
18,308,dhemaji,Urban,35-39,3912,1982,1930,780,282,498,3132,1700,1432
18,308,dhemaji,Urban,40-44,3181,1691,1490,724,256,468,2457,1435,1022
18,308,dhemaji,Urban,45-49,2832,1577,1255,649,249,400,2183,1328,855
18,308,dhemaji,Urban,50-54,1919,1090,829,506,200,306,1413,890,523
18,308,dhemaji,Urban,55-59,1253,712,541,332,107,225,921,605,316
18,308,dhemaji,Urban,60-64,1137,608,529,421,141,280,716,467,249
18,308,dhemaji,Urban,65-69,695,388,307,242,87,155,453,301,152
18,308,dhemaji,Urban,70-74,449,242,207,208,69,139,241,173,68
18,308,dhemaji,Urban,75-79,237,132,105,115,41,74,122,91,31
18,308,dhemaji,Urban,80+,260,127,133,137,40,97,123,87,36
18,308,dhemaji,Urban,Age not stated,16,7,9,3,2,1,13,5,8
18,309,tinsukia,Total,All ages,1327929,680231,647698,529607,226782,302825,798322,453449,344873
18,309,tinsukia,Total,0-6,181826,92777,89049,181826,92777,89049,0,0,0
18,309,tinsukia,Total,7,29316,14946,14370,8635,4242,4393,20681,10704,9977
18,309,tinsukia,Total,8,30340,15512,14828,6128,2882,3246,24212,12630,11582
18,309,tinsukia,Total,9,26140,13193,12947,3985,1803,2182,22155,11390,10765
18,309,tinsukia,Total,10,31851,16598,15253,5259,2489,2770,26592,14109,12483
18,309,tinsukia,Total,11,26524,13593,12931,3242,1441,1801,23282,12152,11130
18,309,tinsukia,Total,12,30789,15934,14855,4422,1959,2463,26367,13975,12392
18,309,tinsukia,Total,13,26865,13755,13110,3425,1406,2019,23440,12349,11091
18,309,tinsukia,Total,14,28470,14582,13888,3882,1581,2301,24588,13001,11587
18,309,tinsukia,Total,15,28520,14613,13907,4522,1896,2626,23998,12717,11281
18,309,tinsukia,Total,16,27691,14176,13515,4661,1901,2760,23030,12275,10755
18,309,tinsukia,Total,17,23433,12149,11284,3797,1548,2249,19636,10601,9035
18,309,tinsukia,Total,18,30414,15528,14886,6515,2477,4038,23899,13051,10848
18,309,tinsukia,Total,19,23568,11610,11958,4860,1694,3166,18708,9916,8792
18,309,tinsukia,Total,20-24,129219,62089,67130,32519,10749,21770,96700,51340,45360
18,309,tinsukia,Total,25-29,124908,62195,62713,36592,13223,23369,88316,48972,39344
18,309,tinsukia,Total,30-34,102664,52484,50180,32386,11953,20433,70278,40531,29747
18,309,tinsukia,Total,35-39,97097,50368,46729,34179,12880,21299,62918,37488,25430
18,309,tinsukia,Total,40-44,80794,42244,38550,32134,12423,19711,48660,29821,18839
18,309,tinsukia,Total,45-49,71603,38123,33480,30612,12160,18452,40991,25963,15028
18,309,tinsukia,Total,50-54,52834,29060,23774,23756,9730,14026,29078,19330,9748
18,309,tinsukia,Total,55-59,37878,20406,17472,17592,6745,10847,20286,13661,6625
18,309,tinsukia,Total,60-64,33949,17670,16279,17635,6807,10828,16314,10863,5451
18,309,tinsukia,Total,65-69,19894,10013,9881,10127,3466,6661,9767,6547,3220
18,309,tinsukia,Total,70-74,15262,8145,7117,8531,3391,5140,6731,4754,1977
18,309,tinsukia,Total,75-79,7268,3931,3337,3665,1360,2305,3603,2571,1032
18,309,tinsukia,Total,80+,8292,4270,4022,4506,1710,2796,3786,2560,1226
18,309,tinsukia,Total,Age not stated,520,267,253,214,89,125,306,178,128
18,309,tinsukia,Rural,All ages,1063186,541395,521791,472577,201524,271053,590609,339871,250738
18,309,tinsukia,Rural,0-6,155228,78904,76324,155228,78904,76324,0,0,0
18,309,tinsukia,Rural,7,24887,12642,12245,7899,3842,4057,16988,8800,8188
18,309,tinsukia,Rural,8,26060,13285,12775,5791,2723,3068,20269,10562,9707
18,309,tinsukia,Rural,9,21993,11063,10930,3734,1680,2054,18259,9383,8876
18,309,tinsukia,Rural,10,27011,14021,12990,4929,2334,2595,22082,11687,10395
18,309,tinsukia,Rural,11,22034,11217,10817,3016,1342,1674,19018,9875,9143
18,309,tinsukia,Rural,12,26037,13448,12589,4181,1832,2349,21856,11616,10240
18,309,tinsukia,Rural,13,22351,11421,10930,3187,1296,1891,19164,10125,9039
18,309,tinsukia,Rural,14,23756,12143,11613,3651,1495,2156,20105,10648,9457
18,309,tinsukia,Rural,15,23616,12074,11542,4260,1782,2478,19356,10292,9064
18,309,tinsukia,Rural,16,22984,11702,11282,4423,1798,2625,18561,9904,8657
18,309,tinsukia,Rural,17,18983,9834,9149,3564,1436,2128,15419,8398,7021
18,309,tinsukia,Rural,18,25064,12695,12369,6133,2312,3821,18931,10383,8548
18,309,tinsukia,Rural,19,18950,9294,9656,4553,1565,2988,14397,7729,6668
18,309,tinsukia,Rural,20-24,103479,49234,54245,30410,9972,20438,73069,39262,33807
18,309,tinsukia,Rural,25-29,99537,49510,50027,34061,12323,21738,65476,37187,28289
18,309,tinsukia,Rural,30-34,79999,40902,39097,29686,10988,18698,50313,29914,20399
18,309,tinsukia,Rural,35-39,74261,38417,35844,30901,11642,19259,43360,26775,16585
18,309,tinsukia,Rural,40-44,61138,31727,29411,29014,11219,17795,32124,20508,11616
18,309,tinsukia,Rural,45-49,53760,28385,25375,27662,11002,16660,26098,17383,8715
18,309,tinsukia,Rural,50-54,39163,21077,18086,21404,8822,12582,17759,12255,5504
18,309,tinsukia,Rural,55-59,28448,14936,13512,15842,6112,9730,12606,8824,3782
18,309,tinsukia,Rural,60-64,26131,13424,12707,15798,6194,9604,10333,7230,3103
18,309,tinsukia,Rural,65-69,15009,7474,7535,8893,3108,5785,6116,4366,1750
18,309,tinsukia,Rural,70-74,11668,6318,5350,7383,3045,4338,4285,3273,1012
18,309,tinsukia,Rural,75-79,5200,2847,2353,3083,1194,1889,2117,1653,464
18,309,tinsukia,Rural,80+,6021,3187,2834,3706,1485,2221,2315,1702,613
18,309,tinsukia,Rural,Age not stated,418,214,204,185,77,108,233,137,96
18,309,tinsukia,Urban,All ages,264743,138836,125907,57030,25258,31772,207713,113578,94135
18,309,tinsukia,Urban,0-6,26598,13873,12725,26598,13873,12725,0,0,0
18,309,tinsukia,Urban,7,4429,2304,2125,736,400,336,3693,1904,1789
18,309,tinsukia,Urban,8,4280,2227,2053,337,159,178,3943,2068,1875
18,309,tinsukia,Urban,9,4147,2130,2017,251,123,128,3896,2007,1889
18,309,tinsukia,Urban,10,4840,2577,2263,330,155,175,4510,2422,2088
18,309,tinsukia,Urban,11,4490,2376,2114,226,99,127,4264,2277,1987
18,309,tinsukia,Urban,12,4752,2486,2266,241,127,114,4511,2359,2152
18,309,tinsukia,Urban,13,4514,2334,2180,238,110,128,4276,2224,2052
18,309,tinsukia,Urban,14,4714,2439,2275,231,86,145,4483,2353,2130
18,309,tinsukia,Urban,15,4904,2539,2365,262,114,148,4642,2425,2217
18,309,tinsukia,Urban,16,4707,2474,2233,238,103,135,4469,2371,2098
18,309,tinsukia,Urban,17,4450,2315,2135,233,112,121,4217,2203,2014
18,309,tinsukia,Urban,18,5350,2833,2517,382,165,217,4968,2668,2300
18,309,tinsukia,Urban,19,4618,2316,2302,307,129,178,4311,2187,2124
18,309,tinsukia,Urban,20-24,25740,12855,12885,2109,777,1332,23631,12078,11553
18,309,tinsukia,Urban,25-29,25371,12685,12686,2531,900,1631,22840,11785,11055
18,309,tinsukia,Urban,30-34,22665,11582,11083,2700,965,1735,19965,10617,9348
18,309,tinsukia,Urban,35-39,22836,11951,10885,3278,1238,2040,19558,10713,8845
18,309,tinsukia,Urban,40-44,19656,10517,9139,3120,1204,1916,16536,9313,7223
18,309,tinsukia,Urban,45-49,17843,9738,8105,2950,1158,1792,14893,8580,6313
18,309,tinsukia,Urban,50-54,13671,7983,5688,2352,908,1444,11319,7075,4244
18,309,tinsukia,Urban,55-59,9430,5470,3960,1750,633,1117,7680,4837,2843
18,309,tinsukia,Urban,60-64,7818,4246,3572,1837,613,1224,5981,3633,2348
18,309,tinsukia,Urban,65-69,4885,2539,2346,1234,358,876,3651,2181,1470
18,309,tinsukia,Urban,70-74,3594,1827,1767,1148,346,802,2446,1481,965
18,309,tinsukia,Urban,75-79,2068,1084,984,582,166,416,1486,918,568
18,309,tinsukia,Urban,80+,2271,1083,1188,800,225,575,1471,858,613
18,309,tinsukia,Urban,Age not stated,102,53,49,29,12,17,73,41,32
18,310,dibrugarh,Total,All ages,1326335,676434,649901,441804,185073,256731,884531,491361,393170
18,310,dibrugarh,Total,0-6,163210,83168,80042,163210,83168,80042,0,0,0
18,310,dibrugarh,Total,7,27411,13941,13470,6308,3074,3234,21103,10867,10236
18,310,dibrugarh,Total,8,25952,13342,12610,3645,1742,1903,22307,11600,10707
18,310,dibrugarh,Total,9,24475,12547,11928,2854,1368,1486,21621,11179,10442
18,310,dibrugarh,Total,10,28751,14972,13779,3551,1657,1894,25200,13315,11885
18,310,dibrugarh,Total,11,25513,13278,12235,2456,1121,1335,23057,12157,10900
18,310,dibrugarh,Total,12,28876,14844,14032,3063,1306,1757,25813,13538,12275
18,310,dibrugarh,Total,13,26272,13400,12872,2553,1035,1518,23719,12365,11354
18,310,dibrugarh,Total,14,27018,13785,13233,2794,1111,1683,24224,12674,11550
18,310,dibrugarh,Total,15,28124,14230,13894,3344,1345,1999,24780,12885,11895
18,310,dibrugarh,Total,16,27065,13915,13150,3378,1307,2071,23687,12608,11079
18,310,dibrugarh,Total,17,23018,11838,11180,2910,1108,1802,20108,10730,9378
18,310,dibrugarh,Total,18,29253,14983,14270,4738,1776,2962,24515,13207,11308
18,310,dibrugarh,Total,19,24182,11845,12337,3727,1219,2508,20455,10626,9829
18,310,dibrugarh,Total,20-24,129599,62113,67486,23999,7503,16496,105600,54610,50990
18,310,dibrugarh,Total,25-29,128428,63701,64727,27921,9469,18452,100507,54232,46275
18,310,dibrugarh,Total,30-34,106968,54535,52433,25301,9034,16267,81667,45501,36166
18,310,dibrugarh,Total,35-39,103446,52779,50667,27976,9948,18028,75470,42831,32639
18,310,dibrugarh,Total,40-44,84519,44007,40512,26852,10102,16750,57667,33905,23762
18,310,dibrugarh,Total,45-49,76931,40535,36396,26066,10028,16038,50865,30507,20358
18,310,dibrugarh,Total,50-54,56162,30495,25667,20328,7903,12425,35834,22592,13242
18,310,dibrugarh,Total,55-59,41144,21825,19319,15267,5301,9966,25877,16524,9353
18,310,dibrugarh,Total,60-64,35569,18103,17466,15369,5425,9944,20200,12678,7522
18,310,dibrugarh,Total,65-69,21817,11137,10680,9181,2996,6185,12636,8141,4495
18,310,dibrugarh,Total,70-74,15710,8220,7490,7324,2502,4822,8386,5718,2668
18,310,dibrugarh,Total,75-79,7600,4160,3440,3264,1082,2182,4336,3078,1258
18,310,dibrugarh,Total,80+,8772,4417,4355,4241,1358,2883,4531,3059,1472
18,310,dibrugarh,Total,Age not stated,550,319,231,184,85,99,366,234,132
18,310,dibrugarh,Rural,All ages,1082605,550299,532306,397032,165177,231855,685573,385122,300451
18,310,dibrugarh,Rural,0-6,140283,71296,68987,140283,71296,68987,0,0,0
18,310,dibrugarh,Rural,7,23654,12016,11638,5707,2769,2938,17947,9247,8700
18,310,dibrugarh,Rural,8,22354,11537,10817,3406,1633,1773,18948,9904,9044
18,310,dibrugarh,Rural,9,20863,10639,10224,2675,1262,1413,18188,9377,8811
18,310,dibrugarh,Rural,10,24710,12824,11886,3308,1534,1774,21402,11290,10112
18,310,dibrugarh,Rural,11,21590,11231,10359,2297,1055,1242,19293,10176,9117
18,310,dibrugarh,Rural,12,24879,12795,12084,2905,1241,1664,21974,11554,10420
18,310,dibrugarh,Rural,13,22416,11424,10992,2409,973,1436,20007,10451,9556
18,310,dibrugarh,Rural,14,22979,11678,11301,2617,1043,1574,20362,10635,9727
18,310,dibrugarh,Rural,15,23936,12124,11812,3133,1256,1877,20803,10868,9935
18,310,dibrugarh,Rural,16,22884,11735,11149,3192,1226,1966,19692,10509,9183
18,310,dibrugarh,Rural,17,19006,9776,9230,2728,1015,1713,16278,8761,7517
18,310,dibrugarh,Rural,18,24484,12511,11973,4464,1648,2816,20020,10863,9157
18,310,dibrugarh,Rural,19,19802,9628,10174,3499,1123,2376,16303,8505,7798
18,310,dibrugarh,Rural,20-24,105870,50428,55442,22404,6921,15483,83466,43507,39959
18,310,dibrugarh,Rural,25-29,104339,51913,52426,26015,8772,17243,78324,43141,35183
18,310,dibrugarh,Rural,30-34,85585,43781,41804,23375,8292,15083,62210,35489,26721
18,310,dibrugarh,Rural,35-39,81912,41956,39956,25704,9163,16541,56208,32793,23415
18,310,dibrugarh,Rural,40-44,65913,34261,31652,24702,9268,15434,41211,24993,16218
18,310,dibrugarh,Rural,45-49,59781,31334,28447,23967,9249,14718,35814,22085,13729
18,310,dibrugarh,Rural,50-54,42870,22809,20061,18610,7273,11337,24260,15536,8724
18,310,dibrugarh,Rural,55-59,31754,16346,15408,14112,4931,9181,17642,11415,6227
18,310,dibrugarh,Rural,60-64,28249,14227,14022,14040,4979,9061,14209,9248,4961
18,310,dibrugarh,Rural,65-69,17172,8711,8461,8283,2727,5556,8889,5984,2905
18,310,dibrugarh,Rural,70-74,12442,6465,5977,6558,2279,4279,5884,4186,1698
18,310,dibrugarh,Rural,75-79,5741,3186,2555,2848,962,1886,2893,2224,669
18,310,dibrugarh,Rural,80+,6717,3430,3287,3632,1215,2417,3085,2215,870
18,310,dibrugarh,Rural,Age not stated,420,238,182,159,72,87,261,166,95
18,310,dibrugarh,Urban,All ages,243730,126135,117595,44772,19896,24876,198958,106239,92719
18,310,dibrugarh,Urban,0-6,22927,11872,11055,22927,11872,11055,0,0,0
18,310,dibrugarh,Urban,7,3757,1925,1832,601,305,296,3156,1620,1536
18,310,dibrugarh,Urban,8,3598,1805,1793,239,109,130,3359,1696,1663
18,310,dibrugarh,Urban,9,3612,1908,1704,179,106,73,3433,1802,1631
18,310,dibrugarh,Urban,10,4041,2148,1893,243,123,120,3798,2025,1773
18,310,dibrugarh,Urban,11,3923,2047,1876,159,66,93,3764,1981,1783
18,310,dibrugarh,Urban,12,3997,2049,1948,158,65,93,3839,1984,1855
18,310,dibrugarh,Urban,13,3856,1976,1880,144,62,82,3712,1914,1798
18,310,dibrugarh,Urban,14,4039,2107,1932,177,68,109,3862,2039,1823
18,310,dibrugarh,Urban,15,4188,2106,2082,211,89,122,3977,2017,1960
18,310,dibrugarh,Urban,16,4181,2180,2001,186,81,105,3995,2099,1896
18,310,dibrugarh,Urban,17,4012,2062,1950,182,93,89,3830,1969,1861
18,310,dibrugarh,Urban,18,4769,2472,2297,274,128,146,4495,2344,2151
18,310,dibrugarh,Urban,19,4380,2217,2163,228,96,132,4152,2121,2031
18,310,dibrugarh,Urban,20-24,23729,11685,12044,1595,582,1013,22134,11103,11031
18,310,dibrugarh,Urban,25-29,24089,11788,12301,1906,697,1209,22183,11091,11092
18,310,dibrugarh,Urban,30-34,21383,10754,10629,1926,742,1184,19457,10012,9445
18,310,dibrugarh,Urban,35-39,21534,10823,10711,2272,785,1487,19262,10038,9224
18,310,dibrugarh,Urban,40-44,18606,9746,8860,2150,834,1316,16456,8912,7544
18,310,dibrugarh,Urban,45-49,17150,9201,7949,2099,779,1320,15051,8422,6629
18,310,dibrugarh,Urban,50-54,13292,7686,5606,1718,630,1088,11574,7056,4518
18,310,dibrugarh,Urban,55-59,9390,5479,3911,1155,370,785,8235,5109,3126
18,310,dibrugarh,Urban,60-64,7320,3876,3444,1329,446,883,5991,3430,2561
18,310,dibrugarh,Urban,65-69,4645,2426,2219,898,269,629,3747,2157,1590
18,310,dibrugarh,Urban,70-74,3268,1755,1513,766,223,543,2502,1532,970
18,310,dibrugarh,Urban,75-79,1859,974,885,416,120,296,1443,854,589
18,310,dibrugarh,Urban,80+,2055,987,1068,609,143,466,1446,844,602
18,310,dibrugarh,Urban,Age not stated,130,81,49,25,13,12,105,68,37
18,311,sivasagar,Total,All ages,1151050,589216,561834,337545,144449,193096,813505,444767,368738
18,311,sivasagar,Total,0-6,139380,71102,68278,139380,71102,68278,0,0,0
18,311,sivasagar,Total,7,23526,11949,11577,4829,2371,2458,18697,9578,9119
18,311,sivasagar,Total,8,23018,11845,11173,2847,1331,1516,20171,10514,9657
18,311,sivasagar,Total,9,20714,10479,10235,1999,912,1087,18715,9567,9148
18,311,sivasagar,Total,10,24440,12670,11770,2501,1125,1376,21939,11545,10394
18,311,sivasagar,Total,11,21677,11060,10617,1683,714,969,19994,10346,9648
18,311,sivasagar,Total,12,24464,12790,11674,1996,885,1111,22468,11905,10563
18,311,sivasagar,Total,13,22377,11384,10993,1650,654,996,20727,10730,9997
18,311,sivasagar,Total,14,23194,11749,11445,1874,748,1126,21320,11001,10319
18,311,sivasagar,Total,15,23709,12213,11496,2246,953,1293,21463,11260,10203
18,311,sivasagar,Total,16,22454,11535,10919,2231,935,1296,20223,10600,9623
18,311,sivasagar,Total,17,19075,9942,9133,1821,755,1066,17254,9187,8067
18,311,sivasagar,Total,18,25134,12924,12210,3098,1173,1925,22036,11751,10285
18,311,sivasagar,Total,19,19889,9447,10442,2323,726,1597,17566,8721,8845
18,311,sivasagar,Total,20-24,108099,52081,56018,14845,4768,10077,93254,47313,45941
18,311,sivasagar,Total,25-29,106906,52483,54423,17566,5852,11714,89340,46631,42709
18,311,sivasagar,Total,30-34,91388,46077,45311,16760,5802,10958,74628,40275,34353
18,311,sivasagar,Total,35-39,93072,47363,45709,20357,7407,12950,72715,39956,32759
18,311,sivasagar,Total,40-44,76714,40605,36109,19314,7603,11711,57400,33002,24398
18,311,sivasagar,Total,45-49,69773,37749,32024,19296,7957,11339,50477,29792,20685
18,311,sivasagar,Total,50-54,49774,27181,22593,14899,5945,8954,34875,21236,13639
18,311,sivasagar,Total,55-59,36690,19423,17267,11187,3948,7239,25503,15475,10028
18,311,sivasagar,Total,60-64,32673,16710,15963,11959,4067,7892,20714,12643,8071
18,311,sivasagar,Total,65-69,21527,11245,10282,7753,2361,5392,13774,8884,4890
18,311,sivasagar,Total,70-74,15541,8461,7080,6503,2123,4380,9038,6338,2700
18,311,sivasagar,Total,75-79,7309,4162,3147,2772,905,1867,4537,3257,1280
18,311,sivasagar,Total,80+,8196,4411,3785,3724,1265,2459,4472,3146,1326
18,311,sivasagar,Total,Age not stated,337,176,161,132,62,70,205,114,91
18,311,sivasagar,Rural,All ages,1040954,531286,509668,317464,135014,182450,723490,396272,327218
18,311,sivasagar,Rural,0-6,128289,65397,62892,128289,65397,62892,0,0,0
18,311,sivasagar,Rural,7,21655,10959,10696,4643,2283,2360,17012,8676,8336
18,311,sivasagar,Rural,8,21322,10950,10372,2767,1300,1467,18555,9650,8905
18,311,sivasagar,Rural,9,18949,9557,9392,1920,872,1048,17029,8685,8344
18,311,sivasagar,Rural,10,22511,11649,10862,2412,1088,1324,20099,10561,9538
18,311,sivasagar,Rural,11,19864,10136,9728,1613,679,934,18251,9457,8794
18,311,sivasagar,Rural,12,22563,11778,10785,1930,854,1076,20633,10924,9709
18,311,sivasagar,Rural,13,20490,10452,10038,1568,614,954,18922,9838,9084
18,311,sivasagar,Rural,14,21339,10737,10602,1800,710,1090,19539,10027,9512
18,311,sivasagar,Rural,15,21810,11212,10598,2149,895,1254,19661,10317,9344
18,311,sivasagar,Rural,16,20558,10546,10012,2143,899,1244,18415,9647,8768
18,311,sivasagar,Rural,17,17320,9040,8280,1732,715,1017,15588,8325,7263
18,311,sivasagar,Rural,18,22943,11774,11169,2957,1100,1857,19986,10674,9312
18,311,sivasagar,Rural,19,17942,8499,9443,2213,682,1531,15729,7817,7912
18,311,sivasagar,Rural,20-24,97704,46896,50808,14208,4490,9718,83496,42406,41090
18,311,sivasagar,Rural,25-29,96101,47136,48965,16754,5523,11231,79347,41613,37734
18,311,sivasagar,Rural,30-34,81637,41119,40518,15879,5457,10422,65758,35662,30096
18,311,sivasagar,Rural,35-39,82987,42115,40872,19368,6964,12404,63619,35151,28468
18,311,sivasagar,Rural,40-44,67984,35809,32175,18360,7153,11207,49624,28656,20968
18,311,sivasagar,Rural,45-49,62261,33438,28823,18470,7582,10888,43791,25856,17935
18,311,sivasagar,Rural,50-54,44151,23801,20350,14197,5638,8559,29954,18163,11791
18,311,sivasagar,Rural,55-59,33045,17351,15694,10771,3793,6978,22274,13558,8716
18,311,sivasagar,Rural,60-64,29608,15113,14495,11469,3888,7581,18139,11225,6914
18,311,sivasagar,Rural,65-69,19419,10131,9288,7423,2281,5142,11996,7850,4146
18,311,sivasagar,Rural,70-74,14171,7719,6452,6183,2030,4153,7988,5689,2299
18,311,sivasagar,Rural,75-79,6585,3765,2820,2620,863,1757,3965,2902,1063
18,311,sivasagar,Rural,80+,7433,4044,3389,3501,1205,2296,3932,2839,1093
18,311,sivasagar,Rural,Age not stated,313,163,150,125,59,66,188,104,84
18,311,sivasagar,Urban,All ages,110096,57930,52166,20081,9435,10646,90015,48495,41520
18,311,sivasagar,Urban,0-6,11091,5705,5386,11091,5705,5386,0,0,0
18,311,sivasagar,Urban,7,1871,990,881,186,88,98,1685,902,783
18,311,sivasagar,Urban,8,1696,895,801,80,31,49,1616,864,752
18,311,sivasagar,Urban,9,1765,922,843,79,40,39,1686,882,804
18,311,sivasagar,Urban,10,1929,1021,908,89,37,52,1840,984,856
18,311,sivasagar,Urban,11,1813,924,889,70,35,35,1743,889,854
18,311,sivasagar,Urban,12,1901,1012,889,66,31,35,1835,981,854
18,311,sivasagar,Urban,13,1887,932,955,82,40,42,1805,892,913
18,311,sivasagar,Urban,14,1855,1012,843,74,38,36,1781,974,807
18,311,sivasagar,Urban,15,1899,1001,898,97,58,39,1802,943,859
18,311,sivasagar,Urban,16,1896,989,907,88,36,52,1808,953,855
18,311,sivasagar,Urban,17,1755,902,853,89,40,49,1666,862,804
18,311,sivasagar,Urban,18,2191,1150,1041,141,73,68,2050,1077,973
18,311,sivasagar,Urban,19,1947,948,999,110,44,66,1837,904,933
18,311,sivasagar,Urban,20-24,10395,5185,5210,637,278,359,9758,4907,4851
18,311,sivasagar,Urban,25-29,10805,5347,5458,812,329,483,9993,5018,4975
18,311,sivasagar,Urban,30-34,9751,4958,4793,881,345,536,8870,4613,4257
18,311,sivasagar,Urban,35-39,10085,5248,4837,989,443,546,9096,4805,4291
18,311,sivasagar,Urban,40-44,8730,4796,3934,954,450,504,7776,4346,3430
18,311,sivasagar,Urban,45-49,7512,4311,3201,826,375,451,6686,3936,2750
18,311,sivasagar,Urban,50-54,5623,3380,2243,702,307,395,4921,3073,1848
18,311,sivasagar,Urban,55-59,3645,2072,1573,416,155,261,3229,1917,1312
18,311,sivasagar,Urban,60-64,3065,1597,1468,490,179,311,2575,1418,1157
18,311,sivasagar,Urban,65-69,2108,1114,994,330,80,250,1778,1034,744
18,311,sivasagar,Urban,70-74,1370,742,628,320,93,227,1050,649,401
18,311,sivasagar,Urban,75-79,724,397,327,152,42,110,572,355,217
18,311,sivasagar,Urban,80+,763,367,396,223,60,163,540,307,233
18,311,sivasagar,Urban,Age not stated,24,13,11,7,3,4,17,10,7
18,312,jorhat,Total,All ages,1092256,556805,535451,297327,124470,172857,794929,432335,362594
18,312,jorhat,Total,0-6,124594,63428,61166,124594,63428,61166,0,0,0
18,312,jorhat,Total,7,20709,10475,10234,3664,1760,1904,17045,8715,8330
18,312,jorhat,Total,8,20208,10342,9866,2019,981,1038,18189,9361,8828
18,312,jorhat,Total,9,18632,9433,9199,1380,616,764,17252,8817,8435
18,312,jorhat,Total,10,22147,11569,10578,1871,850,1021,20276,10719,9557
18,312,jorhat,Total,11,19973,10215,9758,1257,528,729,18716,9687,9029
18,312,jorhat,Total,12,22472,11597,10875,1513,633,880,20959,10964,9995
18,312,jorhat,Total,13,21554,11096,10458,1264,483,781,20290,10613,9677
18,312,jorhat,Total,14,22661,11659,11002,1426,573,853,21235,11086,10149
18,312,jorhat,Total,15,23160,11699,11461,1853,757,1096,21307,10942,10365
18,312,jorhat,Total,16,21388,11074,10314,1854,753,1101,19534,10321,9213
18,312,jorhat,Total,17,18544,9609,8935,1585,618,967,16959,8991,7968
18,312,jorhat,Total,18,22928,11614,11314,2484,886,1598,20444,10728,9716
18,312,jorhat,Total,19,19298,9460,9838,1954,647,1307,17344,8813,8531
18,312,jorhat,Total,20-24,102529,49435,53094,12928,4002,8926,89601,45433,44168
18,312,jorhat,Total,25-29,104111,50848,53263,15770,5306,10464,88341,45542,42799
18,312,jorhat,Total,30-34,90776,45546,45230,15472,5413,10059,75304,40133,35171
18,312,jorhat,Total,35-39,88730,45063,43667,17219,6143,11076,71511,38920,32591
18,312,jorhat,Total,40-44,71951,38222,33729,16421,6199,10222,55530,32023,23507
18,312,jorhat,Total,45-49,64093,34182,29911,15819,5839,9980,48274,28343,19931
18,312,jorhat,Total,50-54,47649,25510,22139,13003,4801,8202,34646,20709,13937
18,312,jorhat,Total,55-59,35505,18326,17179,10111,3212,6899,25394,15114,10280
18,312,jorhat,Total,60-64,33722,17198,16524,11440,3664,7776,22282,13534,8748
18,312,jorhat,Total,65-69,22522,11607,10915,7814,2189,5625,14708,9418,5290
18,312,jorhat,Total,70-74,15679,8534,7145,6176,2069,4107,9503,6465,3038
18,312,jorhat,Total,75-79,7482,4166,3316,2700,860,1840,4782,3306,1476
18,312,jorhat,Total,80+,8503,4503,4000,3504,1162,2342,4999,3341,1658
18,312,jorhat,Total,Age not stated,736,395,341,232,98,134,504,297,207
18,312,jorhat,Rural,All ages,871722,442968,428754,256974,106270,150704,614748,336698,278050
18,312,jorhat,Rural,0-6,103394,52545,50849,103394,52545,50849,0,0,0
18,312,jorhat,Rural,7,17277,8719,8558,3170,1530,1640,14107,7189,6918
18,312,jorhat,Rural,8,16838,8599,8239,1755,838,917,15083,7761,7322
18,312,jorhat,Rural,9,15281,7675,7606,1206,537,669,14075,7138,6937
18,312,jorhat,Rural,10,18293,9528,8765,1665,740,925,16628,8788,7840
18,312,jorhat,Rural,11,16314,8328,7986,1097,458,639,15217,7870,7347
18,312,jorhat,Rural,12,18685,9653,9032,1326,550,776,17359,9103,8256
18,312,jorhat,Rural,13,17987,9190,8797,1140,424,716,16847,8766,8081
18,312,jorhat,Rural,14,18814,9636,9178,1264,500,764,17550,9136,8414
18,312,jorhat,Rural,15,19271,9668,9603,1668,669,999,17603,8999,8604
18,312,jorhat,Rural,16,17664,9126,8538,1652,677,975,16012,8449,7563
18,312,jorhat,Rural,17,14997,7760,7237,1417,543,874,13580,7217,6363
18,312,jorhat,Rural,18,18658,9355,9303,2240,800,1440,16418,8555,7863
18,312,jorhat,Rural,19,15358,7522,7836,1749,553,1196,13609,6969,6640
18,312,jorhat,Rural,20-24,81467,39178,42289,11461,3496,7965,70006,35682,34324
18,312,jorhat,Rural,25-29,82474,40154,42320,13992,4606,9386,68482,35548,32934
18,312,jorhat,Rural,30-34,71391,35813,35578,13734,4752,8982,57657,31061,26596
18,312,jorhat,Rural,35-39,69274,35217,34057,15263,5390,9873,54011,29827,24184
18,312,jorhat,Rural,40-44,55388,29419,25969,14473,5402,9071,40915,24017,16898
18,312,jorhat,Rural,45-49,49367,26220,23147,14030,5106,8924,35337,21114,14223
18,312,jorhat,Rural,50-54,36193,19208,16985,11572,4221,7351,24621,14987,9634
18,312,jorhat,Rural,55-59,27193,13790,13403,9124,2834,6290,18069,10956,7113
18,312,jorhat,Rural,60-64,26589,13443,13146,10365,3321,7044,16224,10122,6102
18,312,jorhat,Rural,65-69,17924,9141,8783,7039,1976,5063,10885,7165,3720
18,312,jorhat,Rural,70-74,12544,6859,5685,5538,1879,3659,7006,4980,2026
18,312,jorhat,Rural,75-79,5771,3270,2501,2382,784,1598,3389,2486,903
18,312,jorhat,Rural,80+,6693,3623,3070,3059,1057,2002,3634,2566,1068
18,312,jorhat,Rural,Age not stated,623,329,294,199,82,117,424,247,177
18,312,jorhat,Urban,All ages,220534,113837,106697,40353,18200,22153,180181,95637,84544
18,312,jorhat,Urban,0-6,21200,10883,10317,21200,10883,10317,0,0,0
18,312,jorhat,Urban,7,3432,1756,1676,494,230,264,2938,1526,1412
18,312,jorhat,Urban,8,3370,1743,1627,264,143,121,3106,1600,1506
18,312,jorhat,Urban,9,3351,1758,1593,174,79,95,3177,1679,1498
18,312,jorhat,Urban,10,3854,2041,1813,206,110,96,3648,1931,1717
18,312,jorhat,Urban,11,3659,1887,1772,160,70,90,3499,1817,1682
18,312,jorhat,Urban,12,3787,1944,1843,187,83,104,3600,1861,1739
18,312,jorhat,Urban,13,3567,1906,1661,124,59,65,3443,1847,1596
18,312,jorhat,Urban,14,3847,2023,1824,162,73,89,3685,1950,1735
18,312,jorhat,Urban,15,3889,2031,1858,185,88,97,3704,1943,1761
18,312,jorhat,Urban,16,3724,1948,1776,202,76,126,3522,1872,1650
18,312,jorhat,Urban,17,3547,1849,1698,168,75,93,3379,1774,1605
18,312,jorhat,Urban,18,4270,2259,2011,244,86,158,4026,2173,1853
18,312,jorhat,Urban,19,3940,1938,2002,205,94,111,3735,1844,1891
18,312,jorhat,Urban,20-24,21062,10257,10805,1467,506,961,19595,9751,9844
18,312,jorhat,Urban,25-29,21637,10694,10943,1778,700,1078,19859,9994,9865
18,312,jorhat,Urban,30-34,19385,9733,9652,1738,661,1077,17647,9072,8575
18,312,jorhat,Urban,35-39,19456,9846,9610,1956,753,1203,17500,9093,8407
18,312,jorhat,Urban,40-44,16563,8803,7760,1948,797,1151,14615,8006,6609
18,312,jorhat,Urban,45-49,14726,7962,6764,1789,733,1056,12937,7229,5708
18,312,jorhat,Urban,50-54,11456,6302,5154,1431,580,851,10025,5722,4303
18,312,jorhat,Urban,55-59,8312,4536,3776,987,378,609,7325,4158,3167
18,312,jorhat,Urban,60-64,7133,3755,3378,1075,343,732,6058,3412,2646
18,312,jorhat,Urban,65-69,4598,2466,2132,775,213,562,3823,2253,1570
18,312,jorhat,Urban,70-74,3135,1675,1460,638,190,448,2497,1485,1012
18,312,jorhat,Urban,75-79,1711,896,815,318,76,242,1393,820,573
18,312,jorhat,Urban,80+,1810,880,930,445,105,340,1365,775,590
18,312,jorhat,Urban,Age not stated,113,66,47,33,16,17,80,50,30
18,313,golaghat,Total,All ages,1066888,543161,523727,345124,146686,198438,721764,396475,325289
18,313,golaghat,Total,0-6,134793,68662,66131,134793,68662,66131,0,0,0
18,313,golaghat,Total,7,21764,10935,10829,4925,2461,2464,16839,8474,8365
18,313,golaghat,Total,8,22435,11419,11016,2444,1103,1341,19991,10316,9675
18,313,golaghat,Total,9,20014,10074,9940,1651,759,892,18363,9315,9048
18,313,golaghat,Total,10,24602,12635,11967,2193,1024,1169,22409,11611,10798
18,313,golaghat,Total,11,21751,11083,10668,1523,635,888,20228,10448,9780
18,313,golaghat,Total,12,24443,12690,11753,1760,745,1015,22683,11945,10738
18,313,golaghat,Total,13,22606,11444,11162,1521,589,932,21085,10855,10230
18,313,golaghat,Total,14,23906,12159,11747,1816,718,1098,22090,11441,10649
18,313,golaghat,Total,15,23434,11876,11558,2154,893,1261,21280,10983,10297
18,313,golaghat,Total,16,22819,11650,11169,2409,970,1439,20410,10680,9730
18,313,golaghat,Total,17,18702,9766,8936,2046,858,1188,16656,8908,7748
18,313,golaghat,Total,18,24380,12470,11910,3328,1274,2054,21052,11196,9856
18,313,golaghat,Total,19,18788,8827,9961,2516,809,1707,16272,8018,8254
18,313,golaghat,Total,20-24,102501,48740,53761,17564,5640,11924,84937,43100,41837
18,313,golaghat,Total,25-29,102215,50308,51907,21167,7483,13684,81048,42825,38223
18,313,golaghat,Total,30-34,84554,42785,41769,19413,7052,12361,65141,35733,29408
18,313,golaghat,Total,35-39,82109,41832,40277,21999,7975,14024,60110,33857,26253
18,313,golaghat,Total,40-44,64562,34466,30096,20260,7841,12419,44302,26625,17677
18,313,golaghat,Total,45-49,57860,30764,27096,19654,7535,12119,38206,23229,14977
18,313,golaghat,Total,50-54,42803,22807,19996,15623,6064,9559,27180,16743,10437
18,313,golaghat,Total,55-59,31598,16830,14768,11801,4262,7539,19797,12568,7229
18,313,golaghat,Total,60-64,28645,14680,13965,12067,4149,7918,16578,10531,6047
18,313,golaghat,Total,65-69,18970,9887,9083,7927,2656,5271,11043,7231,3812
18,313,golaghat,Total,70-74,13082,7030,6052,6135,2177,3958,6947,4853,2094
18,313,golaghat,Total,75-79,6119,3399,2720,2730,974,1756,3389,2425,964
18,313,golaghat,Total,80+,7027,3727,3300,3542,1308,2234,3485,2419,1066
18,313,golaghat,Total,Age not stated,406,216,190,163,70,93,243,146,97
18,313,golaghat,Rural,All ages,969152,493125,476027,328174,139086,189088,640978,354039,286939
18,313,golaghat,Rural,0-6,125120,63651,61469,125120,63651,61469,0,0,0
18,313,golaghat,Rural,7,20134,10095,10039,4674,2327,2347,15460,7768,7692
18,313,golaghat,Rural,8,20897,10666,10231,2353,1064,1289,18544,9602,8942
18,313,golaghat,Rural,9,18543,9307,9236,1594,735,859,16949,8572,8377
18,313,golaghat,Rural,10,22853,11722,11131,2123,993,1130,20730,10729,10001
18,313,golaghat,Rural,11,19973,10161,9812,1470,618,852,18503,9543,8960
18,313,golaghat,Rural,12,22702,11783,10919,1709,728,981,20993,11055,9938
18,313,golaghat,Rural,13,20833,10537,10296,1474,572,902,19359,9965,9394
18,313,golaghat,Rural,14,22091,11238,10853,1753,694,1059,20338,10544,9794
18,313,golaghat,Rural,15,21671,10960,10711,2081,863,1218,19590,10097,9493
18,313,golaghat,Rural,16,21060,10752,10308,2355,950,1405,18705,9802,8903
18,313,golaghat,Rural,17,16994,8880,8114,1973,822,1151,15021,8058,6963
18,313,golaghat,Rural,18,22465,11502,10963,3241,1242,1999,19224,10260,8964
18,313,golaghat,Rural,19,17061,8007,9054,2456,787,1669,14605,7220,7385
18,313,golaghat,Rural,20-24,93361,44379,48982,17091,5465,11626,76270,38914,37356
18,313,golaghat,Rural,25-29,93004,45912,47092,20581,7286,13295,72423,38626,33797
18,313,golaghat,Rural,30-34,75939,38672,37267,18805,6842,11963,57134,31830,25304
18,313,golaghat,Rural,35-39,72883,37269,35614,21246,7711,13535,51637,29558,22079
18,313,golaghat,Rural,40-44,57039,30349,26690,19541,7564,11977,37498,22785,14713
18,313,golaghat,Rural,45-49,51499,27230,24269,18978,7255,11723,32521,19975,12546
18,313,golaghat,Rural,50-54,38132,20140,17992,15113,5870,9243,23019,14270,8749
18,313,golaghat,Rural,55-59,28385,15008,13377,11441,4136,7305,16944,10872,6072
18,313,golaghat,Rural,60-64,25717,13147,12570,11566,4001,7565,14151,9146,5005
18,313,golaghat,Rural,65-69,17032,8914,8118,7544,2554,4990,9488,6360,3128
18,313,golaghat,Rural,70-74,11749,6298,5451,5832,2105,3727,5917,4193,1724
18,313,golaghat,Rural,75-79,5400,3024,2376,2570,939,1631,2830,2085,745
18,313,golaghat,Rural,80+,6250,3328,2922,3331,1244,2087,2919,2084,835
18,313,golaghat,Rural,Age not stated,365,194,171,159,68,91,206,126,80
18,313,golaghat,Urban,All ages,97736,50036,47700,16950,7600,9350,80786,42436,38350
18,313,golaghat,Urban,0-6,9673,5011,4662,9673,5011,4662,0,0,0
18,313,golaghat,Urban,7,1630,840,790,251,134,117,1379,706,673
18,313,golaghat,Urban,8,1538,753,785,91,39,52,1447,714,733
18,313,golaghat,Urban,9,1471,767,704,57,24,33,1414,743,671
18,313,golaghat,Urban,10,1749,913,836,70,31,39,1679,882,797
18,313,golaghat,Urban,11,1778,922,856,53,17,36,1725,905,820
18,313,golaghat,Urban,12,1741,907,834,51,17,34,1690,890,800
18,313,golaghat,Urban,13,1773,907,866,47,17,30,1726,890,836
18,313,golaghat,Urban,14,1815,921,894,63,24,39,1752,897,855
18,313,golaghat,Urban,15,1763,916,847,73,30,43,1690,886,804
18,313,golaghat,Urban,16,1759,898,861,54,20,34,1705,878,827
18,313,golaghat,Urban,17,1708,886,822,73,36,37,1635,850,785
18,313,golaghat,Urban,18,1915,968,947,87,32,55,1828,936,892
18,313,golaghat,Urban,19,1727,820,907,60,22,38,1667,798,869
18,313,golaghat,Urban,20-24,9140,4361,4779,473,175,298,8667,4186,4481
18,313,golaghat,Urban,25-29,9211,4396,4815,586,197,389,8625,4199,4426
18,313,golaghat,Urban,30-34,8615,4113,4502,608,210,398,8007,3903,4104
18,313,golaghat,Urban,35-39,9226,4563,4663,753,264,489,8473,4299,4174
18,313,golaghat,Urban,40-44,7523,4117,3406,719,277,442,6804,3840,2964
18,313,golaghat,Urban,45-49,6361,3534,2827,676,280,396,5685,3254,2431
18,313,golaghat,Urban,50-54,4671,2667,2004,510,194,316,4161,2473,1688
18,313,golaghat,Urban,55-59,3213,1822,1391,360,126,234,2853,1696,1157
18,313,golaghat,Urban,60-64,2928,1533,1395,501,148,353,2427,1385,1042
18,313,golaghat,Urban,65-69,1938,973,965,383,102,281,1555,871,684
18,313,golaghat,Urban,70-74,1333,732,601,303,72,231,1030,660,370
18,313,golaghat,Urban,75-79,719,375,344,160,35,125,559,340,219
18,313,golaghat,Urban,80+,777,399,378,211,64,147,566,335,231
18,313,golaghat,Urban,Age not stated,41,22,19,4,2,2,37,20,17
18,314,karbi anglong,Total,All ages,956313,490167,466146,399099,175914,223185,557214,314253,242961
18,314,karbi anglong,Total,0-6,151681,77428,74253,151681,77428,74253,0,0,0
18,314,karbi anglong,Total,7,23757,12264,11493,7847,3975,3872,15910,8289,7621
18,314,karbi anglong,Total,8,24671,12556,12115,5521,2703,2818,19150,9853,9297
18,314,karbi anglong,Total,9,20487,10474,10013,3455,1647,1808,17032,8827,8205
18,314,karbi anglong,Total,10,26529,13700,12829,4224,2045,2179,22305,11655,10650
18,314,karbi anglong,Total,11,21222,10711,10511,2752,1278,1474,18470,9433,9037
18,314,karbi anglong,Total,12,24632,12609,12023,2924,1349,1575,21708,11260,10448
18,314,karbi anglong,Total,13,21353,10818,10535,2349,1026,1323,19004,9792,9212
18,314,karbi anglong,Total,14,21558,10879,10679,2343,988,1355,19215,9891,9324
18,314,karbi anglong,Total,15,23643,12126,11517,3029,1367,1662,20614,10759,9855
18,314,karbi anglong,Total,16,22021,11160,10861,2763,1245,1518,19258,9915,9343
18,314,karbi anglong,Total,17,18637,9738,8899,2372,1043,1329,16265,8695,7570
18,314,karbi anglong,Total,18,23768,12105,11663,3843,1509,2334,19925,10596,9329
18,314,karbi anglong,Total,19,17961,8793,9168,2982,1107,1875,14979,7686,7293
18,314,karbi anglong,Total,20-24,90423,44184,46239,19129,6676,12453,71294,37508,33786
18,314,karbi anglong,Total,25-29,86290,42721,43569,24513,8678,15835,61777,34043,27734
18,314,karbi anglong,Total,30-34,68647,34720,33927,23354,8445,14909,45293,26275,19018
18,314,karbi anglong,Total,35-39,67751,35024,32727,26993,10117,16876,40758,24907,15851
18,314,karbi anglong,Total,40-44,52650,28344,24306,23460,9502,13958,29190,18842,10348
18,314,karbi anglong,Total,45-49,44691,24130,20561,21708,8685,13023,22983,15445,7538
18,314,karbi anglong,Total,50-54,31412,17457,13955,16739,6999,9740,14673,10458,4215
18,314,karbi anglong,Total,55-59,21758,11702,10056,12081,4672,7409,9677,7030,2647
18,314,karbi anglong,Total,60-64,18776,9906,8870,11830,4801,7029,6946,5105,1841
18,314,karbi anglong,Total,65-69,11781,5962,5819,7402,2826,4576,4379,3136,1243
18,314,karbi anglong,Total,70-74,9176,4883,4293,6354,2665,3689,2822,2218,604
18,314,karbi anglong,Total,75-79,4284,2309,1975,2910,1246,1664,1374,1063,311
18,314,karbi anglong,Total,80+,5936,3040,2896,4174,1736,2438,1762,1304,458
18,314,karbi anglong,Total,Age not stated,818,424,394,367,156,211,451,268,183
18,314,karbi anglong,Rural,All ages,843347,431924,411423,373237,164710,208527,470110,267214,202896
18,314,karbi anglong,Rural,0-6,138407,70559,67848,138407,70559,67848,0,0,0
18,314,karbi anglong,Rural,7,21541,11165,10376,7396,3762,3634,14145,7403,6742
18,314,karbi anglong,Rural,8,22526,11431,11095,5295,2589,2706,17231,8842,8389
18,314,karbi anglong,Rural,9,18426,9393,9033,3324,1586,1738,15102,7807,7295
18,314,karbi anglong,Rural,10,24095,12465,11630,4058,1959,2099,20037,10506,9531
18,314,karbi anglong,Rural,11,18926,9546,9380,2653,1225,1428,16273,8321,7952
18,314,karbi anglong,Rural,12,22152,11341,10811,2837,1313,1524,19315,10028,9287
18,314,karbi anglong,Rural,13,18943,9559,9384,2263,994,1269,16680,8565,8115
18,314,karbi anglong,Rural,14,19098,9616,9482,2245,942,1303,16853,8674,8179
18,314,karbi anglong,Rural,15,20998,10751,10247,2913,1312,1601,18085,9439,8646
18,314,karbi anglong,Rural,16,19330,9857,9473,2652,1204,1448,16678,8653,8025
18,314,karbi anglong,Rural,17,16155,8507,7648,2281,1001,1280,13874,7506,6368
18,314,karbi anglong,Rural,18,20843,10677,10166,3671,1446,2225,17172,9231,7941
18,314,karbi anglong,Rural,19,15519,7617,7902,2851,1056,1795,12668,6561,6107
18,314,karbi anglong,Rural,20-24,77919,38089,39830,18293,6400,11893,59626,31689,27937
18,314,karbi anglong,Rural,25-29,75059,37146,37913,23391,8330,15061,51668,28816,22852
18,314,karbi anglong,Rural,30-34,59469,30141,29328,22222,8086,14136,37247,22055,15192
18,314,karbi anglong,Rural,35-39,58696,30421,28275,25616,9687,15929,33080,20734,12346
18,314,karbi anglong,Rural,40-44,45091,24243,20848,22166,9062,13104,22925,15181,7744
18,314,karbi anglong,Rural,45-49,38474,20659,17815,20480,8276,12204,17994,12383,5611
18,314,karbi anglong,Rural,50-54,27127,14914,12213,15780,6671,9109,11347,8243,3104
18,314,karbi anglong,Rural,55-59,18960,10016,8944,11437,4464,6973,7523,5552,1971
18,314,karbi anglong,Rural,60-64,16760,8817,7943,11125,4576,6549,5635,4241,1394
18,314,karbi anglong,Rural,65-69,10589,5361,5228,6974,2700,4274,3615,2661,954
18,314,karbi anglong,Rural,70-74,8266,4390,3876,5929,2509,3420,2337,1881,456
18,314,karbi anglong,Rural,75-79,3844,2074,1770,2723,1192,1531,1121,882,239
18,314,karbi anglong,Rural,80+,5395,2793,2602,3900,1659,2241,1495,1134,361
18,314,karbi anglong,Rural,Age not stated,739,376,363,355,150,205,384,226,158
18,314,karbi anglong,Urban,All ages,112966,58243,54723,25862,11204,14658,87104,47039,40065
18,314,karbi anglong,Urban,0-6,13274,6869,6405,13274,6869,6405,0,0,0
18,314,karbi anglong,Urban,7,2216,1099,1117,451,213,238,1765,886,879
18,314,karbi anglong,Urban,8,2145,1125,1020,226,114,112,1919,1011,908
18,314,karbi anglong,Urban,9,2061,1081,980,131,61,70,1930,1020,910
18,314,karbi anglong,Urban,10,2434,1235,1199,166,86,80,2268,1149,1119
18,314,karbi anglong,Urban,11,2296,1165,1131,99,53,46,2197,1112,1085
18,314,karbi anglong,Urban,12,2480,1268,1212,87,36,51,2393,1232,1161
18,314,karbi anglong,Urban,13,2410,1259,1151,86,32,54,2324,1227,1097
18,314,karbi anglong,Urban,14,2460,1263,1197,98,46,52,2362,1217,1145
18,314,karbi anglong,Urban,15,2645,1375,1270,116,55,61,2529,1320,1209
18,314,karbi anglong,Urban,16,2691,1303,1388,111,41,70,2580,1262,1318
18,314,karbi anglong,Urban,17,2482,1231,1251,91,42,49,2391,1189,1202
18,314,karbi anglong,Urban,18,2925,1428,1497,172,63,109,2753,1365,1388
18,314,karbi anglong,Urban,19,2442,1176,1266,131,51,80,2311,1125,1186
18,314,karbi anglong,Urban,20-24,12504,6095,6409,836,276,560,11668,5819,5849
18,314,karbi anglong,Urban,25-29,11231,5575,5656,1122,348,774,10109,5227,4882
18,314,karbi anglong,Urban,30-34,9178,4579,4599,1132,359,773,8046,4220,3826
18,314,karbi anglong,Urban,35-39,9055,4603,4452,1377,430,947,7678,4173,3505
18,314,karbi anglong,Urban,40-44,7559,4101,3458,1294,440,854,6265,3661,2604
18,314,karbi anglong,Urban,45-49,6217,3471,2746,1228,409,819,4989,3062,1927
18,314,karbi anglong,Urban,50-54,4285,2543,1742,959,328,631,3326,2215,1111
18,314,karbi anglong,Urban,55-59,2798,1686,1112,644,208,436,2154,1478,676
18,314,karbi anglong,Urban,60-64,2016,1089,927,705,225,480,1311,864,447
18,314,karbi anglong,Urban,65-69,1192,601,591,428,126,302,764,475,289
18,314,karbi anglong,Urban,70-74,910,493,417,425,156,269,485,337,148
18,314,karbi anglong,Urban,75-79,440,235,205,187,54,133,253,181,72
18,314,karbi anglong,Urban,80+,541,247,294,274,77,197,267,170,97
18,314,karbi anglong,Urban,Age not stated,79,48,31,12,6,6,67,42,25
18,315,dima hasao,Total,All ages,214102,110802,103300,73229,32243,40986,140873,78559,62314
18,315,dima hasao,Total,0-6,32414,16480,15934,32414,16480,15934,0,0,0
18,315,dima hasao,Total,7,4845,2463,2382,1407,730,677,3438,1733,1705
18,315,dima hasao,Total,8,4921,2481,2440,838,437,401,4083,2044,2039
18,315,dima hasao,Total,9,4600,2402,2198,586,288,298,4014,2114,1900
18,315,dima hasao,Total,10,5151,2628,2523,568,277,291,4583,2351,2232
18,315,dima hasao,Total,11,4719,2414,2305,400,200,200,4319,2214,2105
18,315,dima hasao,Total,12,5237,2619,2618,381,172,209,4856,2447,2409
18,315,dima hasao,Total,13,4869,2572,2297,351,159,192,4518,2413,2105
18,315,dima hasao,Total,14,4961,2533,2428,305,150,155,4656,2383,2273
18,315,dima hasao,Total,15,4918,2503,2415,377,178,199,4541,2325,2216
18,315,dima hasao,Total,16,4718,2395,2323,350,156,194,4368,2239,2129
18,315,dima hasao,Total,17,4217,2107,2110,321,131,190,3896,1976,1920
18,315,dima hasao,Total,18,4937,2441,2496,502,177,325,4435,2264,2171
18,315,dima hasao,Total,19,4017,1954,2063,454,156,298,3563,1798,1765
18,315,dima hasao,Total,20-24,21102,10318,10784,2855,942,1913,18247,9376,8871
18,315,dima hasao,Total,25-29,19837,10050,9787,3556,1217,2339,16281,8833,7448
18,315,dima hasao,Total,30-34,16057,8507,7550,3288,1134,2154,12769,7373,5396
18,315,dima hasao,Total,35-39,14723,7721,7002,3875,1266,2609,10848,6455,4393
18,315,dima hasao,Total,40-44,12363,6721,5642,3791,1271,2520,8572,5450,3122
18,315,dima hasao,Total,45-49,10556,5709,4847,3930,1385,2545,6626,4324,2302
18,315,dima hasao,Total,50-54,7937,4392,3545,3398,1310,2088,4539,3082,1457
18,315,dima hasao,Total,55-59,5601,3248,2353,2551,1073,1478,3050,2175,875
18,315,dima hasao,Total,60-64,4391,2375,2016,2401,1008,1393,1990,1367,623
18,315,dima hasao,Total,65-69,2622,1431,1191,1514,675,839,1108,756,352
18,315,dima hasao,Total,70-74,1904,1006,898,1233,540,693,671,466,205
18,315,dima hasao,Total,75-79,1135,633,502,708,338,370,427,295,132
18,315,dima hasao,Total,80+,1240,644,596,834,377,457,406,267,139
18,315,dima hasao,Total,Age not stated,110,55,55,41,16,25,69,39,30
18,315,dima hasao,Rural,All ages,151613,77817,73796,61604,27159,34445,90009,50658,39351
18,315,dima hasao,Rural,0-6,25067,12749,12318,25067,12749,12318,0,0,0
18,315,dima hasao,Rural,7,3697,1863,1834,1251,645,606,2446,1218,1228
18,315,dima hasao,Rural,8,3789,1908,1881,772,397,375,3017,1511,1506
18,315,dima hasao,Rural,9,3431,1763,1668,527,256,271,2904,1507,1397
18,315,dima hasao,Rural,10,3874,1975,1899,506,243,263,3368,1732,1636
18,315,dima hasao,Rural,11,3411,1757,1654,358,182,176,3053,1575,1478
18,315,dima hasao,Rural,12,3870,1926,1944,349,158,191,3521,1768,1753
18,315,dima hasao,Rural,13,3616,1926,1690,324,140,184,3292,1786,1506
18,315,dima hasao,Rural,14,3610,1845,1765,273,137,136,3337,1708,1629
18,315,dima hasao,Rural,15,3617,1852,1765,349,167,182,3268,1685,1583
18,315,dima hasao,Rural,16,3372,1742,1630,315,138,177,3057,1604,1453
18,315,dima hasao,Rural,17,2975,1482,1493,286,114,172,2689,1368,1321
18,315,dima hasao,Rural,18,3596,1756,1840,459,162,297,3137,1594,1543
18,315,dima hasao,Rural,19,2839,1370,1469,414,144,270,2425,1226,1199
18,315,dima hasao,Rural,20-24,14622,7064,7558,2587,854,1733,12035,6210,5825
18,315,dima hasao,Rural,25-29,13451,6750,6701,3226,1112,2114,10225,5638,4587
18,315,dima hasao,Rural,30-34,10450,5463,4987,2938,1022,1916,7512,4441,3071
18,315,dima hasao,Rural,35-39,9498,4919,4579,3458,1160,2298,6040,3759,2281
18,315,dima hasao,Rural,40-44,7748,4146,3602,3343,1154,2189,4405,2992,1413
18,315,dima hasao,Rural,45-49,7034,3719,3315,3511,1288,2223,3523,2431,1092
18,315,dima hasao,Rural,50-54,5361,2871,2490,2989,1191,1798,2372,1680,692
18,315,dima hasao,Rural,55-59,3957,2225,1732,2316,1004,1312,1641,1221,420
18,315,dima hasao,Rural,60-64,3320,1769,1551,2178,941,1237,1142,828,314
18,315,dima hasao,Rural,65-69,2013,1111,902,1348,618,730,665,493,172
18,315,dima hasao,Rural,70-74,1490,798,692,1091,502,589,399,296,103
18,315,dima hasao,Rural,75-79,854,492,362,615,314,301,239,178,61
18,315,dima hasao,Rural,80+,958,528,430,714,352,362,244,176,68
18,315,dima hasao,Rural,Age not stated,93,48,45,40,15,25,53,33,20
18,315,dima hasao,Urban,All ages,62489,32985,29504,11625,5084,6541,50864,27901,22963
18,315,dima hasao,Urban,0-6,7347,3731,3616,7347,3731,3616,0,0,0
18,315,dima hasao,Urban,7,1148,600,548,156,85,71,992,515,477
18,315,dima hasao,Urban,8,1132,573,559,66,40,26,1066,533,533
18,315,dima hasao,Urban,9,1169,639,530,59,32,27,1110,607,503
18,315,dima hasao,Urban,10,1277,653,624,62,34,28,1215,619,596
18,315,dima hasao,Urban,11,1308,657,651,42,18,24,1266,639,627
18,315,dima hasao,Urban,12,1367,693,674,32,14,18,1335,679,656
18,315,dima hasao,Urban,13,1253,646,607,27,19,8,1226,627,599
18,315,dima hasao,Urban,14,1351,688,663,32,13,19,1319,675,644
18,315,dima hasao,Urban,15,1301,651,650,28,11,17,1273,640,633
18,315,dima hasao,Urban,16,1346,653,693,35,18,17,1311,635,676
18,315,dima hasao,Urban,17,1242,625,617,35,17,18,1207,608,599
18,315,dima hasao,Urban,18,1341,685,656,43,15,28,1298,670,628
18,315,dima hasao,Urban,19,1178,584,594,40,12,28,1138,572,566
18,315,dima hasao,Urban,20-24,6480,3254,3226,268,88,180,6212,3166,3046
18,315,dima hasao,Urban,25-29,6386,3300,3086,330,105,225,6056,3195,2861
18,315,dima hasao,Urban,30-34,5607,3044,2563,350,112,238,5257,2932,2325
18,315,dima hasao,Urban,35-39,5225,2802,2423,417,106,311,4808,2696,2112
18,315,dima hasao,Urban,40-44,4615,2575,2040,448,117,331,4167,2458,1709
18,315,dima hasao,Urban,45-49,3522,1990,1532,419,97,322,3103,1893,1210
18,315,dima hasao,Urban,50-54,2576,1521,1055,409,119,290,2167,1402,765
18,315,dima hasao,Urban,55-59,1644,1023,621,235,69,166,1409,954,455
18,315,dima hasao,Urban,60-64,1071,606,465,223,67,156,848,539,309
18,315,dima hasao,Urban,65-69,609,320,289,166,57,109,443,263,180
18,315,dima hasao,Urban,70-74,414,208,206,142,38,104,272,170,102
18,315,dima hasao,Urban,75-79,281,141,140,93,24,69,188,117,71
18,315,dima hasao,Urban,80+,282,116,166,120,25,95,162,91,71
18,315,dima hasao,Urban,Age not stated,17,7,10,1,1,0,16,6,10
18,316,cachar,Total,All ages,1736617,886284,850333,562489,246338,316151,1174128,639946,534182
18,316,cachar,Total,0-6,256774,131417,125357,256774,131417,125357,0,0,0
18,316,cachar,Total,7,39309,20002,19307,9048,4468,4580,30261,15534,14727
18,316,cachar,Total,8,39349,20000,19349,5076,2375,2701,34273,17625,16648
18,316,cachar,Total,9,34787,17766,17021,3656,1745,1911,31131,16021,15110
18,316,cachar,Total,10,42087,21553,20534,4576,2100,2476,37511,19453,18058
18,316,cachar,Total,11,35663,18132,17531,3019,1421,1598,32644,16711,15933
18,316,cachar,Total,12,39674,20545,19129,3268,1505,1763,36406,19040,17366
18,316,cachar,Total,13,35534,18099,17435,2843,1234,1609,32691,16865,15826
18,316,cachar,Total,14,35194,17770,17424,2967,1277,1690,32227,16493,15734
18,316,cachar,Total,15,36923,18616,18307,3641,1616,2025,33282,17000,16282
18,316,cachar,Total,16,35284,17834,17450,3645,1571,2074,31639,16263,15376
18,316,cachar,Total,17,31240,16196,15044,3101,1408,1693,28139,14788,13351
18,316,cachar,Total,18,41006,21487,19519,4999,2168,2831,36007,19319,16688
18,316,cachar,Total,19,31987,15988,15999,3710,1445,2265,28277,14543,13734
18,316,cachar,Total,20-24,163281,81137,82144,22195,8164,14031,141086,72973,68113
18,316,cachar,Total,25-29,150898,74479,76419,25864,9202,16662,125034,65277,59757
18,316,cachar,Total,30-34,126719,63177,63542,25860,9280,16580,100859,53897,46962
18,316,cachar,Total,35-39,125710,63848,61862,30732,11119,19613,94978,52729,42249
18,316,cachar,Total,40-44,103609,54563,49046,28961,10951,18010,74648,43612,31036
18,316,cachar,Total,45-49,88861,46710,42151,27372,10320,17052,61489,36390,25099
18,316,cachar,Total,50-54,69247,36792,32455,23023,8444,14579,46224,28348,17876
18,316,cachar,Total,55-59,50824,27288,23536,16732,5940,10792,34092,21348,12744
18,316,cachar,Total,60-64,45604,23411,22193,18173,5956,12217,27431,17455,9976
18,316,cachar,Total,65-69,29851,15396,14455,11703,3801,7902,18148,11595,6553
18,316,cachar,Total,70-74,22384,11602,10782,10290,3539,6751,12094,8063,4031
18,316,cachar,Total,75-79,10590,5582,5008,4438,1526,2912,6152,4056,2096
18,316,cachar,Total,80+,13276,6392,6884,6453,2176,4277,6823,4216,2607
18,316,cachar,Total,Age not stated,952,502,450,370,170,200,582,332,250
18,316,cachar,Rural,All ages,1421153,727083,694070,497417,217462,279955,923736,509621,414115
18,316,cachar,Rural,0-6,222673,113943,108730,222673,113943,108730,0,0,0
18,316,cachar,Rural,7,33765,17175,16590,8088,3977,4111,25677,13198,12479
18,316,cachar,Rural,8,33817,17219,16598,4635,2141,2494,29182,15078,14104
18,316,cachar,Rural,9,29747,15241,14506,3326,1591,1735,26421,13650,12771
18,316,cachar,Rural,10,36019,18381,17638,4130,1883,2247,31889,16498,15391
18,316,cachar,Rural,11,30205,15338,14867,2724,1286,1438,27481,14052,13429
18,316,cachar,Rural,12,33941,17552,16389,2982,1348,1634,30959,16204,14755
18,316,cachar,Rural,13,30267,15419,14848,2613,1130,1483,27654,14289,13365
18,316,cachar,Rural,14,29791,15024,14767,2736,1171,1565,27055,13853,13202
18,316,cachar,Rural,15,31274,15824,15450,3326,1474,1852,27948,14350,13598
18,316,cachar,Rural,16,29888,15113,14775,3360,1450,1910,26528,13663,12865
18,316,cachar,Rural,17,25745,13394,12351,2834,1289,1545,22911,12105,10806
18,316,cachar,Rural,18,34288,18039,16249,4543,1985,2558,29745,16054,13691
18,316,cachar,Rural,19,26464,13296,13168,3388,1319,2069,23076,11977,11099
18,316,cachar,Rural,20-24,132726,66211,66515,19981,7326,12655,112745,58885,53860
18,316,cachar,Rural,25-29,121051,60054,60997,23274,8256,15018,97777,51798,45979
18,316,cachar,Rural,30-34,100977,50474,50503,23404,8353,15051,77573,42121,35452
18,316,cachar,Rural,35-39,100153,51025,49128,27813,10042,17771,72340,40983,31357
18,316,cachar,Rural,40-44,81751,43189,38562,26204,9961,16243,55547,33228,22319
18,316,cachar,Rural,45-49,69471,36811,32660,24655,9350,15305,44816,27461,17355
18,316,cachar,Rural,50-54,53357,28403,24954,20622,7617,13005,32735,20786,11949
18,316,cachar,Rural,55-59,38735,20889,17846,14927,5326,9601,23808,15563,8245
18,316,cachar,Rural,60-64,35283,18086,17197,16113,5320,10793,19170,12766,6404
18,316,cachar,Rural,65-69,23079,11911,11168,10355,3384,6971,12724,8527,4197
18,316,cachar,Rural,70-74,17528,9164,8364,9012,3124,5888,8516,6040,2476
18,316,cachar,Rural,75-79,7937,4310,3627,3830,1351,2479,4107,2959,1148
18,316,cachar,Rural,80+,10375,5157,5218,5536,1914,3622,4839,3243,1596
18,316,cachar,Rural,Age not stated,846,441,405,333,151,182,513,290,223
18,316,cachar,Urban,All ages,315464,159201,156263,65072,28876,36196,250392,130325,120067
18,316,cachar,Urban,0-6,34101,17474,16627,34101,17474,16627,0,0,0
18,316,cachar,Urban,7,5544,2827,2717,960,491,469,4584,2336,2248
18,316,cachar,Urban,8,5532,2781,2751,441,234,207,5091,2547,2544
18,316,cachar,Urban,9,5040,2525,2515,330,154,176,4710,2371,2339
18,316,cachar,Urban,10,6068,3172,2896,446,217,229,5622,2955,2667
18,316,cachar,Urban,11,5458,2794,2664,295,135,160,5163,2659,2504
18,316,cachar,Urban,12,5733,2993,2740,286,157,129,5447,2836,2611
18,316,cachar,Urban,13,5267,2680,2587,230,104,126,5037,2576,2461
18,316,cachar,Urban,14,5403,2746,2657,231,106,125,5172,2640,2532
18,316,cachar,Urban,15,5649,2792,2857,315,142,173,5334,2650,2684
18,316,cachar,Urban,16,5396,2721,2675,285,121,164,5111,2600,2511
18,316,cachar,Urban,17,5495,2802,2693,267,119,148,5228,2683,2545
18,316,cachar,Urban,18,6718,3448,3270,456,183,273,6262,3265,2997
18,316,cachar,Urban,19,5523,2692,2831,322,126,196,5201,2566,2635
18,316,cachar,Urban,20-24,30555,14926,15629,2214,838,1376,28341,14088,14253
18,316,cachar,Urban,25-29,29847,14425,15422,2590,946,1644,27257,13479,13778
18,316,cachar,Urban,30-34,25742,12703,13039,2456,927,1529,23286,11776,11510
18,316,cachar,Urban,35-39,25557,12823,12734,2919,1077,1842,22638,11746,10892
18,316,cachar,Urban,40-44,21858,11374,10484,2757,990,1767,19101,10384,8717
18,316,cachar,Urban,45-49,19390,9899,9491,2717,970,1747,16673,8929,7744
18,316,cachar,Urban,50-54,15890,8389,7501,2401,827,1574,13489,7562,5927
18,316,cachar,Urban,55-59,12089,6399,5690,1805,614,1191,10284,5785,4499
18,316,cachar,Urban,60-64,10321,5325,4996,2060,636,1424,8261,4689,3572
18,316,cachar,Urban,65-69,6772,3485,3287,1348,417,931,5424,3068,2356
18,316,cachar,Urban,70-74,4856,2438,2418,1278,415,863,3578,2023,1555
18,316,cachar,Urban,75-79,2653,1272,1381,608,175,433,2045,1097,948
18,316,cachar,Urban,80+,2901,1235,1666,917,262,655,1984,973,1011
18,316,cachar,Urban,Age not stated,106,61,45,37,19,18,69,42,27
18,317,karimganj,Total,All ages,1228686,625864,602822,433389,189922,243467,795297,435942,359355
18,317,karimganj,Total,0-6,211960,107638,104322,211960,107638,104322,0,0,0
18,317,karimganj,Total,7,31487,15838,15649,7644,3705,3939,23843,12133,11710
18,317,karimganj,Total,8,31507,16121,15386,4429,2114,2315,27078,14007,13071
18,317,karimganj,Total,9,27267,13889,13378,2829,1324,1505,24438,12565,11873
18,317,karimganj,Total,10,32145,16571,15574,3425,1649,1776,28720,14922,13798
18,317,karimganj,Total,11,26784,13707,13077,2301,1104,1197,24483,12603,11880
18,317,karimganj,Total,12,29619,15101,14518,2472,1154,1318,27147,13947,13200
18,317,karimganj,Total,13,25890,12955,12935,2039,980,1059,23851,11975,11876
18,317,karimganj,Total,14,25492,12813,12679,2117,1001,1116,23375,11812,11563
18,317,karimganj,Total,15,26021,13080,12941,2536,1168,1368,23485,11912,11573
18,317,karimganj,Total,16,25203,12841,12362,2581,1223,1358,22622,11618,11004
18,317,karimganj,Total,17,21538,11003,10535,2210,995,1215,19328,10008,9320
18,317,karimganj,Total,18,28685,14782,13903,3678,1588,2090,25007,13194,11813
18,317,karimganj,Total,19,22518,11069,11449,2865,1133,1732,19653,9936,9717
18,317,karimganj,Total,20-24,112858,56340,56518,16745,6248,10497,96113,50092,46021
18,317,karimganj,Total,25-29,100876,50614,50262,18312,6569,11743,82564,44045,38519
18,317,karimganj,Total,30-34,82193,41297,40896,17534,5954,11580,64659,35343,29316
18,317,karimganj,Total,35-39,79954,40751,39203,20590,7232,13358,59364,33519,25845
18,317,karimganj,Total,40-44,66822,34898,31924,19965,7055,12910,46857,27843,19014
18,317,karimganj,Total,45-49,55399,29251,26148,18318,6642,11676,37081,22609,14472
18,317,karimganj,Total,50-54,44851,23986,20865,16106,5787,10319,28745,18199,10546
18,317,karimganj,Total,55-59,32911,17930,14981,11920,4237,7683,20991,13693,7298
18,317,karimganj,Total,60-64,31100,15730,15370,13700,4458,9242,17400,11272,6128
18,317,karimganj,Total,65-69,20627,10518,10109,9004,2977,6027,11623,7541,4082
18,317,karimganj,Total,70-74,16041,8020,8021,8170,2697,5473,7871,5323,2548
18,317,karimganj,Total,75-79,7763,3880,3883,3685,1205,2480,4078,2675,1403
18,317,karimganj,Total,80+,10697,4993,5704,6057,2004,4053,4640,2989,1651
18,317,karimganj,Total,Age not stated,478,248,230,197,81,116,281,167,114
18,317,karimganj,Rural,All ages,1118986,570510,548476,414726,181664,233062,704260,388846,315414
18,317,karimganj,Rural,0-6,200334,101712,98622,200334,101712,98622,0,0,0
18,317,karimganj,Rural,7,29582,14886,14696,7396,3587,3809,22186,11299,10887
18,317,karimganj,Rural,8,29670,15149,14521,4314,2060,2254,25356,13089,12267
18,317,karimganj,Rural,9,25551,13024,12527,2743,1283,1460,22808,11741,11067
18,317,karimganj,Rural,10,30157,15524,14633,3340,1594,1746,26817,13930,12887
18,317,karimganj,Rural,11,24930,12792,12138,2239,1074,1165,22691,11718,10973
18,317,karimganj,Rural,12,27754,14132,13622,2409,1124,1285,25345,13008,12337
18,317,karimganj,Rural,13,24072,12037,12035,1990,958,1032,22082,11079,11003
18,317,karimganj,Rural,14,23702,11904,11798,2074,974,1100,21628,10930,10698
18,317,karimganj,Rural,15,24115,12131,11984,2467,1137,1330,21648,10994,10654
18,317,karimganj,Rural,16,23341,11923,11418,2525,1198,1327,20816,10725,10091
18,317,karimganj,Rural,17,19683,10046,9637,2156,972,1184,17527,9074,8453
18,317,karimganj,Rural,18,26424,13627,12797,3587,1547,2040,22837,12080,10757
18,317,karimganj,Rural,19,20549,10136,10413,2798,1108,1690,17751,9028,8723
18,317,karimganj,Rural,20-24,102524,51359,51165,16353,6107,10246,86171,45252,40919
18,317,karimganj,Rural,25-29,90914,45757,45157,17861,6406,11455,73053,39351,33702
18,317,karimganj,Rural,30-34,73262,36947,36315,17038,5812,11226,56224,31135,25089
18,317,karimganj,Rural,35-39,70781,36185,34596,19973,7021,12952,50808,29164,21644
18,317,karimganj,Rural,40-44,58548,30557,27991,19339,6835,12504,39209,23722,15487
18,317,karimganj,Rural,45-49,48338,25486,22852,17685,6428,11257,30653,19058,11595
18,317,karimganj,Rural,50-54,39190,20930,18260,15570,5640,9930,23620,15290,8330
18,317,karimganj,Rural,55-59,28630,15585,13045,11447,4105,7342,17183,11480,5703
18,317,karimganj,Rural,60-64,27499,13913,13586,13160,4320,8840,14339,9593,4746
18,317,karimganj,Rural,65-69,18258,9343,8915,8654,2886,5768,9604,6457,3147
18,317,karimganj,Rural,70-74,14357,7205,7152,7803,2602,5201,6554,4603,1951
18,317,karimganj,Rural,75-79,6763,3434,3329,3489,1157,2332,3274,2277,997
18,317,karimganj,Rural,80+,9608,4555,5053,5788,1937,3851,3820,2618,1202
18,317,karimganj,Rural,Age not stated,450,231,219,194,80,114,256,151,105
18,317,karimganj,Urban,All ages,109700,55354,54346,18663,8258,10405,91037,47096,43941
18,317,karimganj,Urban,0-6,11626,5926,5700,11626,5926,5700,0,0,0
18,317,karimganj,Urban,7,1905,952,953,248,118,130,1657,834,823
18,317,karimganj,Urban,8,1837,972,865,115,54,61,1722,918,804
18,317,karimganj,Urban,9,1716,865,851,86,41,45,1630,824,806
18,317,karimganj,Urban,10,1988,1047,941,85,55,30,1903,992,911
18,317,karimganj,Urban,11,1854,915,939,62,30,32,1792,885,907
18,317,karimganj,Urban,12,1865,969,896,63,30,33,1802,939,863
18,317,karimganj,Urban,13,1818,918,900,49,22,27,1769,896,873
18,317,karimganj,Urban,14,1790,909,881,43,27,16,1747,882,865
18,317,karimganj,Urban,15,1906,949,957,69,31,38,1837,918,919
18,317,karimganj,Urban,16,1862,918,944,56,25,31,1806,893,913
18,317,karimganj,Urban,17,1855,957,898,54,23,31,1801,934,867
18,317,karimganj,Urban,18,2261,1155,1106,91,41,50,2170,1114,1056
18,317,karimganj,Urban,19,1969,933,1036,67,25,42,1902,908,994
18,317,karimganj,Urban,20-24,10334,4981,5353,392,141,251,9942,4840,5102
18,317,karimganj,Urban,25-29,9962,4857,5105,451,163,288,9511,4694,4817
18,317,karimganj,Urban,30-34,8931,4350,4581,496,142,354,8435,4208,4227
18,317,karimganj,Urban,35-39,9173,4566,4607,617,211,406,8556,4355,4201
18,317,karimganj,Urban,40-44,8274,4341,3933,626,220,406,7648,4121,3527
18,317,karimganj,Urban,45-49,7061,3765,3296,633,214,419,6428,3551,2877
18,317,karimganj,Urban,50-54,5661,3056,2605,536,147,389,5125,2909,2216
18,317,karimganj,Urban,55-59,4281,2345,1936,473,132,341,3808,2213,1595
18,317,karimganj,Urban,60-64,3601,1817,1784,540,138,402,3061,1679,1382
18,317,karimganj,Urban,65-69,2369,1175,1194,350,91,259,2019,1084,935
18,317,karimganj,Urban,70-74,1684,815,869,367,95,272,1317,720,597
18,317,karimganj,Urban,75-79,1000,446,554,196,48,148,804,398,406
18,317,karimganj,Urban,80+,1089,438,651,269,67,202,820,371,449
18,317,karimganj,Urban,Age not stated,28,17,11,3,1,2,25,16,9
18,318,hailakandi,Total,All ages,659296,337890,321406,251930,111054,140876,407366,226836,180530
18,318,hailakandi,Total,0-6,111278,56936,54342,111278,56936,54342,0,0,0
18,318,hailakandi,Total,7,16644,8291,8353,4715,2304,2411,11929,5987,5942
18,318,hailakandi,Total,8,17773,8953,8820,2908,1391,1517,14865,7562,7303
18,318,hailakandi,Total,9,14876,7430,7446,2188,1056,1132,12688,6374,6314
18,318,hailakandi,Total,10,18373,9537,8836,2612,1254,1358,15761,8283,7478
18,318,hailakandi,Total,11,13626,7031,6595,1501,718,783,12125,6313,5812
18,318,hailakandi,Total,12,16973,8705,8268,1797,840,957,15176,7865,7311
18,318,hailakandi,Total,13,14712,7236,7476,1441,601,840,13271,6635,6636
18,318,hailakandi,Total,14,14583,7152,7431,1607,722,885,12976,6430,6546
18,318,hailakandi,Total,15,14726,7390,7336,1840,877,963,12886,6513,6373
18,318,hailakandi,Total,16,14243,7239,7004,1861,823,1038,12382,6416,5966
18,318,hailakandi,Total,17,11052,5773,5279,1386,651,735,9666,5122,4544
18,318,hailakandi,Total,18,16199,8692,7507,2689,1199,1490,13510,7493,6017
18,318,hailakandi,Total,19,12016,6059,5957,1872,729,1143,10144,5330,4814
18,318,hailakandi,Total,20-24,58960,29856,29104,11244,4135,7109,47716,25721,21995
18,318,hailakandi,Total,25-29,53887,26627,27260,13000,4504,8496,40887,22123,18764
18,318,hailakandi,Total,30-34,45447,22849,22598,12659,4667,7992,32788,18182,14606
18,318,hailakandi,Total,35-39,44788,22925,21863,13938,5164,8774,30850,17761,13089
18,318,hailakandi,Total,40-44,36706,19452,17254,12892,4899,7993,23814,14553,9261
18,318,hailakandi,Total,45-49,29302,15693,13609,10999,4177,6822,18303,11516,6787
18,318,hailakandi,Total,50-54,23663,12679,10984,9807,3568,6239,13856,9111,4745
18,318,hailakandi,Total,55-59,16188,8775,7413,6454,2288,4166,9734,6487,3247
18,318,hailakandi,Total,60-64,16609,8632,7977,8024,2788,5236,8585,5844,2741
18,318,hailakandi,Total,65-69,10416,5501,4915,4805,1651,3154,5611,3850,1761
18,318,hailakandi,Total,70-74,8172,4282,3890,4296,1591,2705,3876,2691,1185
18,318,hailakandi,Total,75-79,3283,1786,1497,1553,600,953,1730,1186,544
18,318,hailakandi,Total,80+,4510,2241,2269,2450,863,1587,2060,1378,682
18,318,hailakandi,Total,Age not stated,291,168,123,114,58,56,177,110,67
18,318,hailakandi,Rural,All ages,611156,313747,297409,244194,107658,136536,366962,206089,160873
18,318,hailakandi,Rural,0-6,106617,54561,52056,106617,54561,52056,0,0,0
18,318,hailakandi,Rural,7,15866,7913,7953,4605,2256,2349,11261,5657,5604
18,318,hailakandi,Rural,8,16970,8570,8400,2877,1374,1503,14093,7196,6897
18,318,hailakandi,Rural,9,14131,7047,7084,2151,1038,1113,11980,6009,5971
18,318,hailakandi,Rural,10,17482,9090,8392,2555,1230,1325,14927,7860,7067
18,318,hailakandi,Rural,11,12812,6618,6194,1473,709,764,11339,5909,5430
18,318,hailakandi,Rural,12,16044,8223,7821,1766,821,945,14278,7402,6876
18,318,hailakandi,Rural,13,13871,6783,7088,1425,596,829,12446,6187,6259
18,318,hailakandi,Rural,14,13754,6747,7007,1571,712,859,12183,6035,6148
18,318,hailakandi,Rural,15,13779,6951,6828,1810,865,945,11969,6086,5883
18,318,hailakandi,Rural,16,13386,6811,6575,1833,811,1022,11553,6000,5553
18,318,hailakandi,Rural,17,10240,5341,4899,1374,648,726,8866,4693,4173
18,318,hailakandi,Rural,18,15214,8185,7029,2637,1175,1462,12577,7010,5567
18,318,hailakandi,Rural,19,11170,5622,5548,1842,715,1127,9328,4907,4421
18,318,hailakandi,Rural,20-24,54441,27617,26824,11045,4066,6979,43396,23551,19845
18,318,hailakandi,Rural,25-29,49667,24619,25048,12801,4433,8368,36866,20186,16680
18,318,hailakandi,Rural,30-34,41555,20993,20562,12428,4575,7853,29127,16418,12709
18,318,hailakandi,Rural,35-39,40783,20986,19797,13698,5068,8630,27085,15918,11167
18,318,hailakandi,Rural,40-44,33050,17623,15427,12628,4813,7815,20422,12810,7612
18,318,hailakandi,Rural,45-49,26240,14067,12173,10786,4103,6683,15454,9964,5490
18,318,hailakandi,Rural,50-54,21002,11196,9806,9557,3496,6061,11445,7700,3745
18,318,hailakandi,Rural,55-59,14230,7660,6570,6302,2255,4047,7928,5405,2523
18,318,hailakandi,Rural,60-64,15013,7841,7172,7789,2724,5065,7224,5117,2107
18,318,hailakandi,Rural,65-69,9346,4982,4364,4643,1614,3029,4703,3368,1335
18,318,hailakandi,Rural,70-74,7369,3908,3461,4108,1540,2568,3261,2368,893
18,318,hailakandi,Rural,75-79,2886,1607,1279,1466,575,891,1420,1032,388
18,318,hailakandi,Rural,80+,3994,2048,1946,2303,834,1469,1691,1214,477
18,318,hailakandi,Rural,Age not stated,244,138,106,104,51,53,140,87,53
18,318,hailakandi,Urban,All ages,48140,24143,23997,7736,3396,4340,40404,20747,19657
18,318,hailakandi,Urban,0-6,4661,2375,2286,4661,2375,2286,0,0,0
18,318,hailakandi,Urban,7,778,378,400,110,48,62,668,330,338
18,318,hailakandi,Urban,8,803,383,420,31,17,14,772,366,406
18,318,hailakandi,Urban,9,745,383,362,37,18,19,708,365,343
18,318,hailakandi,Urban,10,891,447,444,57,24,33,834,423,411
18,318,hailakandi,Urban,11,814,413,401,28,9,19,786,404,382
18,318,hailakandi,Urban,12,929,482,447,31,19,12,898,463,435
18,318,hailakandi,Urban,13,841,453,388,16,5,11,825,448,377
18,318,hailakandi,Urban,14,829,405,424,36,10,26,793,395,398
18,318,hailakandi,Urban,15,947,439,508,30,12,18,917,427,490
18,318,hailakandi,Urban,16,857,428,429,28,12,16,829,416,413
18,318,hailakandi,Urban,17,812,432,380,12,3,9,800,429,371
18,318,hailakandi,Urban,18,985,507,478,52,24,28,933,483,450
18,318,hailakandi,Urban,19,846,437,409,30,14,16,816,423,393
18,318,hailakandi,Urban,20-24,4519,2239,2280,199,69,130,4320,2170,2150
18,318,hailakandi,Urban,25-29,4220,2008,2212,199,71,128,4021,1937,2084
18,318,hailakandi,Urban,30-34,3892,1856,2036,231,92,139,3661,1764,1897
18,318,hailakandi,Urban,35-39,4005,1939,2066,240,96,144,3765,1843,1922
18,318,hailakandi,Urban,40-44,3656,1829,1827,264,86,178,3392,1743,1649
18,318,hailakandi,Urban,45-49,3062,1626,1436,213,74,139,2849,1552,1297
18,318,hailakandi,Urban,50-54,2661,1483,1178,250,72,178,2411,1411,1000
18,318,hailakandi,Urban,55-59,1958,1115,843,152,33,119,1806,1082,724
18,318,hailakandi,Urban,60-64,1596,791,805,235,64,171,1361,727,634
18,318,hailakandi,Urban,65-69,1070,519,551,162,37,125,908,482,426
18,318,hailakandi,Urban,70-74,803,374,429,188,51,137,615,323,292
18,318,hailakandi,Urban,75-79,397,179,218,87,25,62,310,154,156
18,318,hailakandi,Urban,80+,516,193,323,147,29,118,369,164,205
18,318,hailakandi,Urban,Age not stated,47,30,17,10,7,3,37,23,14
18,319,bongaigaon,Total,All ages,738804,375818,362986,304726,138704,166022,434078,237114,196964
18,319,bongaigaon,Total,0-6,116392,59099,57293,116392,59099,57293,0,0,0
18,319,bongaigaon,Total,7,18200,9229,8971,5761,2890,2871,12439,6339,6100
18,319,bongaigaon,Total,8,18487,9440,9047,3638,1870,1768,14849,7570,7279
18,319,bongaigaon,Total,9,15550,7894,7656,2272,1133,1139,13278,6761,6517
18,319,bongaigaon,Total,10,19054,9822,9232,2805,1509,1296,16249,8313,7936
18,319,bongaigaon,Total,11,15507,7834,7673,1732,914,818,13775,6920,6855
18,319,bongaigaon,Total,12,18039,9386,8653,2138,1225,913,15901,8161,7740
18,319,bongaigaon,Total,13,16050,8181,7869,1756,969,787,14294,7212,7082
18,319,bongaigaon,Total,14,15968,8352,7616,1775,1019,756,14193,7333,6860
18,319,bongaigaon,Total,15,15505,8494,7011,2063,1257,806,13442,7237,6205
18,319,bongaigaon,Total,16,14237,8193,6044,1967,1246,721,12270,6947,5323
18,319,bongaigaon,Total,17,11871,6906,4965,1592,976,616,10279,5930,4349
18,319,bongaigaon,Total,18,16318,8703,7615,2993,1586,1407,13325,7117,6208
18,319,bongaigaon,Total,19,12965,6241,6724,2237,969,1268,10728,5272,5456
18,319,bongaigaon,Total,20-24,69865,33420,36445,16277,6801,9476,53588,26619,26969
18,319,bongaigaon,Total,25-29,64788,32404,32384,18900,8304,10596,45888,24100,21788
18,319,bongaigaon,Total,30-34,52115,26341,25774,16717,7140,9577,35398,19201,16197
18,319,bongaigaon,Total,35-39,51099,25299,25800,19392,7865,11527,31707,17434,14273
18,319,bongaigaon,Total,40-44,43359,22267,21092,18546,7656,10890,24813,14611,10202
18,319,bongaigaon,Total,45-49,38276,19835,18441,17315,7106,10209,20961,12729,8232
18,319,bongaigaon,Total,50-54,28436,15297,13139,13115,5261,7854,15321,10036,5285
18,319,bongaigaon,Total,55-59,19917,10847,9070,8915,3376,5539,11002,7471,3531
18,319,bongaigaon,Total,60-64,16467,8024,8443,8612,2850,5762,7855,5174,2681
18,319,bongaigaon,Total,65-69,11207,5304,5903,5923,1754,4169,5284,3550,1734
18,319,bongaigaon,Total,70-74,8912,4139,4773,5540,1780,3760,3372,2359,1013
18,319,bongaigaon,Total,75-79,4503,2194,2309,2712,916,1796,1791,1278,513
18,319,bongaigaon,Total,80+,5497,2557,2940,3549,1196,2353,1948,1361,587
18,319,bongaigaon,Total,Age not stated,220,116,104,92,37,55,128,79,49
18,319,bongaigaon,Rural,All ages,628994,319786,309208,281125,128628,152497,347869,191158,156711
18,319,bongaigaon,Rural,0-6,105251,53336,51915,105251,53336,51915,0,0,0
18,319,bongaigaon,Rural,7,16405,8312,8093,5484,2748,2736,10921,5564,5357
18,319,bongaigaon,Rural,8,16695,8505,8190,3505,1807,1698,13190,6698,6492
18,319,bongaigaon,Rural,9,13870,7017,6853,2156,1084,1072,11714,5933,5781
18,319,bongaigaon,Rural,10,17084,8775,8309,2688,1451,1237,14396,7324,7072
18,319,bongaigaon,Rural,11,13626,6851,6775,1639,863,776,11987,5988,5999
18,319,bongaigaon,Rural,12,16152,8388,7764,2053,1184,869,14099,7204,6895
18,319,bongaigaon,Rural,13,14158,7200,6958,1667,924,743,12491,6276,6215
18,319,bongaigaon,Rural,14,14012,7346,6666,1678,979,699,12334,6367,5967
18,319,bongaigaon,Rural,15,13527,7479,6048,1948,1206,742,11579,6273,5306
18,319,bongaigaon,Rural,16,12311,7215,5096,1842,1198,644,10469,6017,4452
18,319,bongaigaon,Rural,17,9922,5902,4020,1498,943,555,8424,4959,3465
18,319,bongaigaon,Rural,18,14087,7610,6477,2819,1525,1294,11268,6085,5183
18,319,bongaigaon,Rural,19,10987,5243,5744,2099,915,1184,8888,4328,4560
18,319,bongaigaon,Rural,20-24,59068,28181,30887,15345,6467,8878,43723,21714,22009
18,319,bongaigaon,Rural,25-29,54539,27393,27146,17808,7914,9894,36731,19479,17252
18,319,bongaigaon,Rural,30-34,42953,21846,21107,15636,6755,8881,27317,15091,12226
18,319,bongaigaon,Rural,35-39,41888,20919,20969,18105,7415,10690,23783,13504,10279
18,319,bongaigaon,Rural,40-44,34741,17922,16819,17229,7193,10036,17512,10729,6783
18,319,bongaigaon,Rural,45-49,30482,15769,14713,16029,6681,9348,14453,9088,5365
18,319,bongaigaon,Rural,50-54,22449,11752,10697,12113,4904,7209,10336,6848,3488
18,319,bongaigaon,Rural,55-59,15641,8300,7341,8210,3138,5072,7431,5162,2269
18,319,bongaigaon,Rural,60-64,13702,6611,7091,7943,2657,5286,5759,3954,1805
18,319,bongaigaon,Rural,65-69,9214,4265,4949,5447,1647,3800,3767,2618,1149
18,319,bongaigaon,Rural,70-74,7658,3529,4129,5119,1661,3458,2539,1868,671
18,319,bongaigaon,Rural,75-79,3754,1853,1901,2485,870,1615,1269,983,286
18,319,bongaigaon,Rural,80+,4687,2201,2486,3263,1137,2126,1424,1064,360
18,319,bongaigaon,Rural,Age not stated,131,66,65,66,26,40,65,40,25
18,319,bongaigaon,Urban,All ages,109810,56032,53778,23601,10076,13525,86209,45956,40253
18,319,bongaigaon,Urban,0-6,11141,5763,5378,11141,5763,5378,0,0,0
18,319,bongaigaon,Urban,7,1795,917,878,277,142,135,1518,775,743
18,319,bongaigaon,Urban,8,1792,935,857,133,63,70,1659,872,787
18,319,bongaigaon,Urban,9,1680,877,803,116,49,67,1564,828,736
18,319,bongaigaon,Urban,10,1970,1047,923,117,58,59,1853,989,864
18,319,bongaigaon,Urban,11,1881,983,898,93,51,42,1788,932,856
18,319,bongaigaon,Urban,12,1887,998,889,85,41,44,1802,957,845
18,319,bongaigaon,Urban,13,1892,981,911,89,45,44,1803,936,867
18,319,bongaigaon,Urban,14,1956,1006,950,97,40,57,1859,966,893
18,319,bongaigaon,Urban,15,1978,1015,963,115,51,64,1863,964,899
18,319,bongaigaon,Urban,16,1926,978,948,125,48,77,1801,930,871
18,319,bongaigaon,Urban,17,1949,1004,945,94,33,61,1855,971,884
18,319,bongaigaon,Urban,18,2231,1093,1138,174,61,113,2057,1032,1025
18,319,bongaigaon,Urban,19,1978,998,980,138,54,84,1840,944,896
18,319,bongaigaon,Urban,20-24,10797,5239,5558,932,334,598,9865,4905,4960
18,319,bongaigaon,Urban,25-29,10249,5011,5238,1092,390,702,9157,4621,4536
18,319,bongaigaon,Urban,30-34,9162,4495,4667,1081,385,696,8081,4110,3971
18,319,bongaigaon,Urban,35-39,9211,4380,4831,1287,450,837,7924,3930,3994
18,319,bongaigaon,Urban,40-44,8618,4345,4273,1317,463,854,7301,3882,3419
18,319,bongaigaon,Urban,45-49,7794,4066,3728,1286,425,861,6508,3641,2867
18,319,bongaigaon,Urban,50-54,5987,3545,2442,1002,357,645,4985,3188,1797
18,319,bongaigaon,Urban,55-59,4276,2547,1729,705,238,467,3571,2309,1262
18,319,bongaigaon,Urban,60-64,2765,1413,1352,669,193,476,2096,1220,876
18,319,bongaigaon,Urban,65-69,1993,1039,954,476,107,369,1517,932,585
18,319,bongaigaon,Urban,70-74,1254,610,644,421,119,302,833,491,342
18,319,bongaigaon,Urban,75-79,749,341,408,227,46,181,522,295,227
18,319,bongaigaon,Urban,80+,810,356,454,286,59,227,524,297,227
18,319,bongaigaon,Urban,Age not stated,89,50,39,26,11,15,63,39,24
18,320,chirang,Total,All ages,482162,244860,237302,222260,98991,123269,259902,145869,114033
18,320,chirang,Total,0-6,73215,37201,36014,73215,37201,36014,0,0,0
18,320,chirang,Total,7,11974,6104,5870,4481,2261,2220,7493,3843,3650
18,320,chirang,Total,8,11960,6130,5830,3000,1467,1533,8960,4663,4297
18,320,chirang,Total,9,10645,5430,5215,2071,1025,1046,8574,4405,4169
18,320,chirang,Total,10,12177,6393,5784,2116,1114,1002,10061,5279,4782
18,320,chirang,Total,11,10684,5395,5289,1490,736,754,9194,4659,4535
18,320,chirang,Total,12,12305,6258,6047,1642,840,802,10663,5418,5245
18,320,chirang,Total,13,10888,5507,5381,1290,635,655,9598,4872,4726
18,320,chirang,Total,14,11300,5762,5538,1404,705,699,9896,5057,4839
18,320,chirang,Total,15,11056,5767,5289,1633,829,804,9423,4938,4485
18,320,chirang,Total,16,10219,5444,4775,1572,799,773,8647,4645,4002
18,320,chirang,Total,17,8554,4690,3864,1435,720,715,7119,3970,3149
18,320,chirang,Total,18,11025,5778,5247,2257,1014,1243,8768,4764,4004
18,320,chirang,Total,19,8771,4229,4542,1822,733,1089,6949,3496,3453
18,320,chirang,Total,20-24,43470,20989,22481,11664,4435,7229,31806,16554,15252
18,320,chirang,Total,25-29,43275,21212,22063,15086,5924,9162,28189,15288,12901
18,320,chirang,Total,30-34,35035,17373,17662,14584,5768,8816,20451,11605,8846
18,320,chirang,Total,35-39,35354,17914,17440,16927,6828,10099,18427,11086,7341
18,320,chirang,Total,40-44,27874,14407,13467,14739,6062,8677,13135,8345,4790
18,320,chirang,Total,45-49,23981,12725,11256,13406,5728,7678,10575,6997,3578
18,320,chirang,Total,50-54,16818,8918,7900,9811,3998,5813,7007,4920,2087
18,320,chirang,Total,55-59,12339,6567,5772,7295,2923,4372,5044,3644,1400
18,320,chirang,Total,60-64,10696,5363,5333,6910,2611,4299,3786,2752,1034
18,320,chirang,Total,65-69,6954,3462,3492,4466,1592,2874,2488,1870,618
18,320,chirang,Total,70-74,5368,2656,2712,3705,1356,2349,1663,1300,363
18,320,chirang,Total,75-79,2616,1373,1243,1751,682,1069,865,691,174
18,320,chirang,Total,80+,3491,1749,1742,2429,977,1452,1062,772,290
18,320,chirang,Total,Age not stated,118,64,54,59,28,31,59,36,23
18,320,chirang,Rural,All ages,446825,226895,219930,212362,94793,117569,234463,132102,102361
18,320,chirang,Rural,0-6,69176,35141,34035,69176,35141,34035,0,0,0
18,320,chirang,Rural,7,11243,5741,5502,4266,2155,2111,6977,3586,3391
18,320,chirang,Rural,8,11295,5781,5514,2893,1405,1488,8402,4376,4026
18,320,chirang,Rural,9,10029,5121,4908,2010,997,1013,8019,4124,3895
18,320,chirang,Rural,10,11431,6007,5424,2020,1063,957,9411,4944,4467
18,320,chirang,Rural,11,10005,5068,4937,1435,710,725,8570,4358,4212
18,320,chirang,Rural,12,11608,5900,5708,1596,812,784,10012,5088,4924
18,320,chirang,Rural,13,10246,5173,5073,1236,611,625,9010,4562,4448
18,320,chirang,Rural,14,10631,5434,5197,1359,687,672,9272,4747,4525
18,320,chirang,Rural,15,10396,5431,4965,1576,804,772,8820,4627,4193
18,320,chirang,Rural,16,9575,5112,4463,1532,783,749,8043,4329,3714
18,320,chirang,Rural,17,7987,4376,3611,1401,703,698,6586,3673,2913
18,320,chirang,Rural,18,10270,5384,4886,2181,980,1201,8089,4404,3685
18,320,chirang,Rural,19,8142,3919,4223,1780,716,1064,6362,3203,3159
18,320,chirang,Rural,20-24,40081,19289,20792,11278,4281,6997,28803,15008,13795
18,320,chirang,Rural,25-29,39799,19513,20286,14562,5732,8830,25237,13781,11456
18,320,chirang,Rural,30-34,32064,15919,16145,14080,5590,8490,17984,10329,7655
18,320,chirang,Rural,35-39,32495,16482,16013,16341,6611,9730,16154,9871,6283
18,320,chirang,Rural,40-44,25437,13166,12271,14181,5871,8310,11256,7295,3961
18,320,chirang,Rural,45-49,21859,11555,10304,12882,5535,7347,8977,6020,2957
18,320,chirang,Rural,50-54,15211,8029,7182,9328,3822,5506,5883,4207,1676
18,320,chirang,Rural,55-59,11224,5968,5256,6947,2805,4142,4277,3163,1114
18,320,chirang,Rural,60-64,9787,4893,4894,6590,2515,4075,3197,2378,819
18,320,chirang,Rural,65-69,6310,3154,3156,4242,1541,2701,2068,1613,455
18,320,chirang,Rural,70-74,4883,2419,2464,3495,1301,2194,1388,1118,270
18,320,chirang,Rural,75-79,2365,1255,1110,1647,655,992,718,600,118
18,320,chirang,Rural,80+,3168,1607,1561,2275,942,1333,893,665,228
18,320,chirang,Rural,Age not stated,108,58,50,53,25,28,55,33,22
18,320,chirang,Urban,All ages,35337,17965,17372,9898,4198,5700,25439,13767,11672
18,320,chirang,Urban,0-6,4039,2060,1979,4039,2060,1979,0,0,0
18,320,chirang,Urban,7,731,363,368,215,106,109,516,257,259
18,320,chirang,Urban,8,665,349,316,107,62,45,558,287,271
18,320,chirang,Urban,9,616,309,307,61,28,33,555,281,274
18,320,chirang,Urban,10,746,386,360,96,51,45,650,335,315
18,320,chirang,Urban,11,679,327,352,55,26,29,624,301,323
18,320,chirang,Urban,12,697,358,339,46,28,18,651,330,321
18,320,chirang,Urban,13,642,334,308,54,24,30,588,310,278
18,320,chirang,Urban,14,669,328,341,45,18,27,624,310,314
18,320,chirang,Urban,15,660,336,324,57,25,32,603,311,292
18,320,chirang,Urban,16,644,332,312,40,16,24,604,316,288
18,320,chirang,Urban,17,567,314,253,34,17,17,533,297,236
18,320,chirang,Urban,18,755,394,361,76,34,42,679,360,319
18,320,chirang,Urban,19,629,310,319,42,17,25,587,293,294
18,320,chirang,Urban,20-24,3389,1700,1689,386,154,232,3003,1546,1457
18,320,chirang,Urban,25-29,3476,1699,1777,524,192,332,2952,1507,1445
18,320,chirang,Urban,30-34,2971,1454,1517,504,178,326,2467,1276,1191
18,320,chirang,Urban,35-39,2859,1432,1427,586,217,369,2273,1215,1058
18,320,chirang,Urban,40-44,2437,1241,1196,558,191,367,1879,1050,829
18,320,chirang,Urban,45-49,2122,1170,952,524,193,331,1598,977,621
18,320,chirang,Urban,50-54,1607,889,718,483,176,307,1124,713,411
18,320,chirang,Urban,55-59,1115,599,516,348,118,230,767,481,286
18,320,chirang,Urban,60-64,909,470,439,320,96,224,589,374,215
18,320,chirang,Urban,65-69,644,308,336,224,51,173,420,257,163
18,320,chirang,Urban,70-74,485,237,248,210,55,155,275,182,93
18,320,chirang,Urban,75-79,251,118,133,104,27,77,147,91,56
18,320,chirang,Urban,80+,323,142,181,154,35,119,169,107,62
18,320,chirang,Urban,Age not stated,10,6,4,6,3,3,4,3,1
18,321,kamrup,Total,All ages,1517542,778461,739081,522223,228242,293981,995319,550219,445100
18,321,kamrup,Total,0-6,200061,101716,98345,200061,101716,98345,0,0,0
18,321,kamrup,Total,7,32860,16789,16071,9725,4897,4828,23135,11892,11243
18,321,kamrup,Total,8,32648,16579,16069,6259,3045,3214,26389,13534,12855
18,321,kamrup,Total,9,29753,15081,14672,4112,2023,2089,25641,13058,12583
18,321,kamrup,Total,10,34832,17713,17119,4494,2236,2258,30338,15477,14861
18,321,kamrup,Total,11,30025,15363,14662,2915,1542,1373,27110,13821,13289
18,321,kamrup,Total,12,35109,18210,16899,3380,1780,1600,31729,16430,15299
18,321,kamrup,Total,13,31714,16184,15530,2828,1523,1305,28886,14661,14225
18,321,kamrup,Total,14,32408,16760,15648,2734,1436,1298,29674,15324,14350
18,321,kamrup,Total,15,32756,17473,15283,3330,1936,1394,29426,15537,13889
18,321,kamrup,Total,16,30119,16445,13674,3011,1717,1294,27108,14728,12380
18,321,kamrup,Total,17,25352,13870,11482,2424,1377,1047,22928,12493,10435
18,321,kamrup,Total,18,33661,18051,15610,4316,2064,2252,29345,15987,13358
18,321,kamrup,Total,19,26760,13121,13639,3514,1420,2094,23246,11701,11545
18,321,kamrup,Total,20-24,144435,71198,73237,22771,8753,14018,121664,62445,59219
18,321,kamrup,Total,25-29,143282,70982,72300,28304,11247,17057,114978,59735,55243
18,321,kamrup,Total,30-34,117381,58756,58625,26735,10566,16169,90646,48190,42456
18,321,kamrup,Total,35-39,116523,59940,56583,31219,12426,18793,85304,47514,37790
18,321,kamrup,Total,40-44,92738,49934,42804,29918,11873,18045,62820,38061,24759
18,321,kamrup,Total,45-49,81590,44119,37471,29066,11294,17772,52524,32825,19699
18,321,kamrup,Total,50-54,59764,32262,27502,23828,8853,14975,35936,23409,12527
18,321,kamrup,Total,55-59,43839,23818,20021,17982,6159,11823,25857,17659,8198
18,321,kamrup,Total,60-64,40740,20222,20518,20119,6150,13969,20621,14072,6549
18,321,kamrup,Total,65-69,27408,13337,14071,14437,4237,10200,12971,9100,3871
18,321,kamrup,Total,70-74,20220,9905,10315,11907,3738,8169,8313,6167,2146
18,321,kamrup,Total,75-79,9350,4705,4645,5457,1735,3722,3893,2970,923
18,321,kamrup,Total,80+,11419,5510,5909,7075,2374,4701,4344,3136,1208
18,321,kamrup,Total,Age not stated,795,418,377,302,125,177,493,293,200
18,321,kamrup,Rural,All ages,1375148,706140,669008,493366,216533,276833,881782,489607,392175
18,321,kamrup,Rural,0-6,186844,94918,91926,186844,94918,91926,0,0,0
18,321,kamrup,Rural,7,30581,15635,14946,9410,4744,4666,21171,10891,10280
18,321,kamrup,Rural,8,30368,15383,14985,6146,2995,3151,24222,12388,11834
18,321,kamrup,Rural,9,27598,14017,13581,4035,1991,2044,23563,12026,11537
18,321,kamrup,Rural,10,32272,16404,15868,4367,2171,2196,27905,14233,13672
18,321,kamrup,Rural,11,27679,14167,13512,2849,1512,1337,24830,12655,12175
18,321,kamrup,Rural,12,32398,16797,15601,3310,1743,1567,29088,15054,14034
18,321,kamrup,Rural,13,29149,14897,14252,2754,1490,1264,26395,13407,12988
18,321,kamrup,Rural,14,29612,15357,14255,2656,1402,1254,26956,13955,13001
18,321,kamrup,Rural,15,29899,16053,13846,3241,1892,1349,26658,14161,12497
18,321,kamrup,Rural,16,27468,15102,12366,2919,1680,1239,24549,13422,11127
18,321,kamrup,Rural,17,22723,12506,10217,2343,1342,1001,20380,11164,9216
18,321,kamrup,Rural,18,30478,16348,14130,4199,2008,2191,26279,14340,11939
18,321,kamrup,Rural,19,23979,11761,12218,3389,1371,2018,20590,10390,10200
18,321,kamrup,Rural,20-24,129373,63666,65707,22083,8517,13566,107290,55149,52141
18,321,kamrup,Rural,25-29,128943,63920,65023,27427,10958,16469,101516,52962,48554
18,321,kamrup,Rural,30-34,105493,53068,52425,25748,10255,15493,79745,42813,36932
18,321,kamrup,Rural,35-39,104270,53863,50407,29737,11958,17779,74533,41905,32628
18,321,kamrup,Rural,40-44,82737,44704,38033,28272,11317,16955,54465,33387,21078
18,321,kamrup,Rural,45-49,72549,39317,33232,27305,10711,16594,45244,28606,16638
18,321,kamrup,Rural,50-54,53050,28567,24483,22381,8389,13992,30669,20178,10491
18,321,kamrup,Rural,55-59,38978,21131,17847,16808,5819,10989,22170,15312,6858
18,321,kamrup,Rural,60-64,36318,18009,18309,18646,5775,12871,17672,12234,5438
18,321,kamrup,Rural,65-69,24583,11954,12629,13425,3980,9445,11158,7974,3184
18,321,kamrup,Rural,70-74,18236,8911,9325,11086,3552,7534,7150,5359,1791
18,321,kamrup,Rural,75-79,8398,4248,4150,5047,1649,3398,3351,2599,752
18,321,kamrup,Rural,80+,10418,5044,5374,6655,2275,4380,3763,2769,994
18,321,kamrup,Rural,Age not stated,754,393,361,284,119,165,470,274,196
18,321,kamrup,Urban,All ages,142394,72321,70073,28857,11709,17148,113537,60612,52925
18,321,kamrup,Urban,0-6,13217,6798,6419,13217,6798,6419,0,0,0
18,321,kamrup,Urban,7,2279,1154,1125,315,153,162,1964,1001,963
18,321,kamrup,Urban,8,2280,1196,1084,113,50,63,2167,1146,1021
18,321,kamrup,Urban,9,2155,1064,1091,77,32,45,2078,1032,1046
18,321,kamrup,Urban,10,2560,1309,1251,127,65,62,2433,1244,1189
18,321,kamrup,Urban,11,2346,1196,1150,66,30,36,2280,1166,1114
18,321,kamrup,Urban,12,2711,1413,1298,70,37,33,2641,1376,1265
18,321,kamrup,Urban,13,2565,1287,1278,74,33,41,2491,1254,1237
18,321,kamrup,Urban,14,2796,1403,1393,78,34,44,2718,1369,1349
18,321,kamrup,Urban,15,2857,1420,1437,89,44,45,2768,1376,1392
18,321,kamrup,Urban,16,2651,1343,1308,92,37,55,2559,1306,1253
18,321,kamrup,Urban,17,2629,1364,1265,81,35,46,2548,1329,1219
18,321,kamrup,Urban,18,3183,1703,1480,117,56,61,3066,1647,1419
18,321,kamrup,Urban,19,2781,1360,1421,125,49,76,2656,1311,1345
18,321,kamrup,Urban,20-24,15062,7532,7530,688,236,452,14374,7296,7078
18,321,kamrup,Urban,25-29,14339,7062,7277,877,289,588,13462,6773,6689
18,321,kamrup,Urban,30-34,11888,5688,6200,987,311,676,10901,5377,5524
18,321,kamrup,Urban,35-39,12253,6077,6176,1482,468,1014,10771,5609,5162
18,321,kamrup,Urban,40-44,10001,5230,4771,1646,556,1090,8355,4674,3681
18,321,kamrup,Urban,45-49,9041,4802,4239,1761,583,1178,7280,4219,3061
18,321,kamrup,Urban,50-54,6714,3695,3019,1447,464,983,5267,3231,2036
18,321,kamrup,Urban,55-59,4861,2687,2174,1174,340,834,3687,2347,1340
18,321,kamrup,Urban,60-64,4422,2213,2209,1473,375,1098,2949,1838,1111
18,321,kamrup,Urban,65-69,2825,1383,1442,1012,257,755,1813,1126,687
18,321,kamrup,Urban,70-74,1984,994,990,821,186,635,1163,808,355
18,321,kamrup,Urban,75-79,952,457,495,410,86,324,542,371,171
18,321,kamrup,Urban,80+,1001,466,535,420,99,321,581,367,214
18,321,kamrup,Urban,Age not stated,41,25,16,18,6,12,23,19,4
18,322,kamrup metropolitan,Total,All ages,1253938,647585,606353,252747,110358,142389,1001191,537227,463964
18,322,kamrup metropolitan,Total,0-6,125386,64444,60942,125386,64444,60942,0,0,0
18,322,kamrup metropolitan,Total,7,20538,10565,9973,3825,1918,1907,16713,8647,8066
18,322,kamrup metropolitan,Total,8,19547,10112,9435,1720,833,887,17827,9279,8548
18,322,kamrup metropolitan,Total,9,19044,9722,9322,1459,727,732,17585,8995,8590
18,322,kamrup metropolitan,Total,10,22904,11791,11113,1807,860,947,21097,10931,10166
18,322,kamrup metropolitan,Total,11,21371,10944,10427,1172,536,636,20199,10408,9791
18,322,kamrup metropolitan,Total,12,22383,11494,10889,1190,552,638,21193,10942,10251
18,322,kamrup metropolitan,Total,13,21298,10881,10417,1019,430,589,20279,10451,9828
18,322,kamrup metropolitan,Total,14,21727,11026,10701,1102,465,637,20625,10561,10064
18,322,kamrup metropolitan,Total,15,21979,11343,10636,1298,524,774,20681,10819,9862
18,322,kamrup metropolitan,Total,16,21643,11185,10458,1226,531,695,20417,10654,9763
18,322,kamrup metropolitan,Total,17,20828,10834,9994,1114,513,601,19714,10321,9393
18,322,kamrup metropolitan,Total,18,25252,13143,12109,1699,702,997,23553,12441,11112
18,322,kamrup metropolitan,Total,19,22685,11388,11297,1414,502,912,21271,10886,10385
18,322,kamrup metropolitan,Total,20-24,124612,62083,62529,8883,3184,5699,115729,58899,56830
18,322,kamrup metropolitan,Total,25-29,128256,62306,65950,11209,3870,7339,117047,58436,58611
18,322,kamrup metropolitan,Total,30-34,113804,56867,56937,11055,3786,7269,102749,53081,49668
18,322,kamrup metropolitan,Total,35-39,113605,57671,55934,14060,4766,9294,99545,52905,46640
18,322,kamrup metropolitan,Total,40-44,93183,49943,43240,13138,4829,8309,80045,45114,34931
18,322,kamrup metropolitan,Total,45-49,80908,43474,37434,12488,4497,7991,68420,38977,29443
18,322,kamrup metropolitan,Total,50-54,60329,33673,26656,9769,3462,6307,50560,30211,20349
18,322,kamrup metropolitan,Total,55-59,42962,24100,18862,6659,2285,4374,36303,21815,14488
18,322,kamrup metropolitan,Total,60-64,34798,19242,15556,6893,2235,4658,27905,17007,10898
18,322,kamrup metropolitan,Total,65-69,21381,11697,9684,4290,1262,3028,17091,10435,6656
18,322,kamrup metropolitan,Total,70-74,14992,8197,6795,3956,1241,2715,11036,6956,4080
18,322,kamrup metropolitan,Total,75-79,7890,4183,3707,1990,561,1429,5900,3622,2278
18,322,kamrup metropolitan,Total,80+,8556,4173,4383,2625,738,1887,5931,3435,2496
18,322,kamrup metropolitan,Total,Age not stated,2077,1104,973,301,105,196,1776,999,777
18,322,kamrup metropolitan,Rural,All ages,216927,111062,105865,71986,30959,41027,144941,80103,64838
18,322,kamrup metropolitan,Rural,0-6,27333,13806,13527,27333,13806,13527,0,0,0
18,322,kamrup metropolitan,Rural,7,4531,2294,2237,1248,653,595,3283,1641,1642
18,322,kamrup metropolitan,Rural,8,4371,2220,2151,708,333,375,3663,1887,1776
18,322,kamrup metropolitan,Rural,9,4013,2003,2010,534,279,255,3479,1724,1755
18,322,kamrup metropolitan,Rural,10,5079,2561,2518,652,300,352,4427,2261,2166
18,322,kamrup metropolitan,Rural,11,4342,2195,2147,426,204,222,3916,1991,1925
18,322,kamrup metropolitan,Rural,12,5009,2536,2473,454,234,220,4555,2302,2253
18,322,kamrup metropolitan,Rural,13,4495,2275,2220,385,173,212,4110,2102,2008
18,322,kamrup metropolitan,Rural,14,4486,2286,2200,357,167,190,4129,2119,2010
18,322,kamrup metropolitan,Rural,15,4505,2366,2139,412,179,233,4093,2187,1906
18,322,kamrup metropolitan,Rural,16,4409,2248,2161,404,198,206,4005,2050,1955
18,322,kamrup metropolitan,Rural,17,3882,2010,1872,368,177,191,3514,1833,1681
18,322,kamrup metropolitan,Rural,18,4991,2595,2396,572,233,339,4419,2362,2057
18,322,kamrup metropolitan,Rural,19,4128,1966,2162,465,154,311,3663,1812,1851
18,322,kamrup metropolitan,Rural,20-24,21869,10830,11039,3067,1119,1948,18802,9711,9091
18,322,kamrup metropolitan,Rural,25-29,21486,10605,10881,3999,1492,2507,17487,9113,8374
18,322,kamrup metropolitan,Rural,30-34,17168,8664,8504,3701,1336,2365,13467,7328,6139
18,322,kamrup metropolitan,Rural,35-39,17418,8886,8532,4678,1690,2988,12740,7196,5544
18,322,kamrup metropolitan,Rural,40-44,13627,7339,6288,4501,1751,2750,9126,5588,3538
18,322,kamrup metropolitan,Rural,45-49,11968,6578,5390,4358,1674,2684,7610,4904,2706
18,322,kamrup metropolitan,Rural,50-54,8340,4582,3758,3517,1326,2191,4823,3256,1567
18,322,kamrup metropolitan,Rural,55-59,5625,3117,2508,2378,872,1506,3247,2245,1002
18,322,kamrup metropolitan,Rural,60-64,5211,2665,2546,2696,955,1741,2515,1710,805
18,322,kamrup metropolitan,Rural,65-69,3230,1678,1552,1600,535,1065,1630,1143,487
18,322,kamrup metropolitan,Rural,70-74,2642,1386,1256,1543,561,982,1099,825,274
18,322,kamrup metropolitan,Rural,75-79,1186,608,578,680,231,449,506,377,129
18,322,kamrup metropolitan,Rural,80+,1530,737,793,934,318,616,596,419,177
18,322,kamrup metropolitan,Rural,Age not stated,53,26,27,16,9,7,37,17,20
18,322,kamrup metropolitan,Urban,All ages,1037011,536523,500488,180761,79399,101362,856250,457124,399126
18,322,kamrup metropolitan,Urban,0-6,98053,50638,47415,98053,50638,47415,0,0,0
18,322,kamrup metropolitan,Urban,7,16007,8271,7736,2577,1265,1312,13430,7006,6424
18,322,kamrup metropolitan,Urban,8,15176,7892,7284,1012,500,512,14164,7392,6772
18,322,kamrup metropolitan,Urban,9,15031,7719,7312,925,448,477,14106,7271,6835
18,322,kamrup metropolitan,Urban,10,17825,9230,8595,1155,560,595,16670,8670,8000
18,322,kamrup metropolitan,Urban,11,17029,8749,8280,746,332,414,16283,8417,7866
18,322,kamrup metropolitan,Urban,12,17374,8958,8416,736,318,418,16638,8640,7998
18,322,kamrup metropolitan,Urban,13,16803,8606,8197,634,257,377,16169,8349,7820
18,322,kamrup metropolitan,Urban,14,17241,8740,8501,745,298,447,16496,8442,8054
18,322,kamrup metropolitan,Urban,15,17474,8977,8497,886,345,541,16588,8632,7956
18,322,kamrup metropolitan,Urban,16,17234,8937,8297,822,333,489,16412,8604,7808
18,322,kamrup metropolitan,Urban,17,16946,8824,8122,746,336,410,16200,8488,7712
18,322,kamrup metropolitan,Urban,18,20261,10548,9713,1127,469,658,19134,10079,9055
18,322,kamrup metropolitan,Urban,19,18557,9422,9135,949,348,601,17608,9074,8534
18,322,kamrup metropolitan,Urban,20-24,102743,51253,51490,5816,2065,3751,96927,49188,47739
18,322,kamrup metropolitan,Urban,25-29,106770,51701,55069,7210,2378,4832,99560,49323,50237
18,322,kamrup metropolitan,Urban,30-34,96636,48203,48433,7354,2450,4904,89282,45753,43529
18,322,kamrup metropolitan,Urban,35-39,96187,48785,47402,9382,3076,6306,86805,45709,41096
18,322,kamrup metropolitan,Urban,40-44,79556,42604,36952,8637,3078,5559,70919,39526,31393
18,322,kamrup metropolitan,Urban,45-49,68940,36896,32044,8130,2823,5307,60810,34073,26737
18,322,kamrup metropolitan,Urban,50-54,51989,29091,22898,6252,2136,4116,45737,26955,18782
18,322,kamrup metropolitan,Urban,55-59,37337,20983,16354,4281,1413,2868,33056,19570,13486
18,322,kamrup metropolitan,Urban,60-64,29587,16577,13010,4197,1280,2917,25390,15297,10093
18,322,kamrup metropolitan,Urban,65-69,18151,10019,8132,2690,727,1963,15461,9292,6169
18,322,kamrup metropolitan,Urban,70-74,12350,6811,5539,2413,680,1733,9937,6131,3806
18,322,kamrup metropolitan,Urban,75-79,6704,3575,3129,1310,330,980,5394,3245,2149
18,322,kamrup metropolitan,Urban,80+,7026,3436,3590,1691,420,1271,5335,3016,2319
18,322,kamrup metropolitan,Urban,Age not stated,2024,1078,946,285,96,189,1739,982,757
18,323,nalbari,Total,All ages,771639,396006,375633,239868,102822,137046,531771,293184,238587
18,323,nalbari,Total,0-6,95333,48458,46875,95333,48458,46875,0,0,0
18,323,nalbari,Total,7,15681,8025,7656,4490,2203,2287,11191,5822,5369
18,323,nalbari,Total,8,15288,7852,7436,2704,1284,1420,12584,6568,6016
18,323,nalbari,Total,9,14207,7256,6951,1827,895,932,12380,6361,6019
18,323,nalbari,Total,10,16675,8626,8049,2036,1012,1024,14639,7614,7025
18,323,nalbari,Total,11,14991,7556,7435,1336,638,698,13655,6918,6737
18,323,nalbari,Total,12,16952,8663,8289,1431,719,712,15521,7944,7577
18,323,nalbari,Total,13,16304,8315,7989,1201,603,598,15103,7712,7391
18,323,nalbari,Total,14,16364,8255,8109,1142,581,561,15222,7674,7548
18,323,nalbari,Total,15,16422,8512,7910,1345,759,586,15077,7753,7324
18,323,nalbari,Total,16,15133,7985,7148,1252,709,543,13881,7276,6605
18,323,nalbari,Total,17,12910,6862,6048,1018,533,485,11892,6329,5563
18,323,nalbari,Total,18,16821,8798,8023,1746,817,929,15075,7981,7094
18,323,nalbari,Total,19,13433,6784,6649,1408,577,831,12025,6207,5818
18,323,nalbari,Total,20-24,73124,36417,36707,8833,3198,5635,64291,33219,31072
18,323,nalbari,Total,25-29,72423,35542,36881,11304,4201,7103,61119,31341,29778
18,323,nalbari,Total,30-34,61165,30987,30178,11321,4395,6926,49844,26592,23252
18,323,nalbari,Total,35-39,60165,31060,29105,13628,5272,8356,46537,25788,20749
18,323,nalbari,Total,40-44,48003,26075,21928,13221,5247,7974,34782,20828,13954
18,323,nalbari,Total,45-49,41987,22921,19066,13053,4879,8174,28934,18042,10892
18,323,nalbari,Total,50-54,31997,17442,14555,11036,3985,7051,20961,13457,7504
18,323,nalbari,Total,55-59,22827,12385,10442,8148,2657,5491,14679,9728,4951
18,323,nalbari,Total,60-64,22067,10792,11275,9895,2746,7149,12172,8046,4126
18,323,nalbari,Total,65-69,16792,8158,8634,8003,2206,5797,8789,5952,2837
18,323,nalbari,Total,70-74,12744,6288,6456,6827,2149,4678,5917,4139,1778
18,323,nalbari,Total,75-79,5529,2872,2657,2852,902,1950,2677,1970,707
18,323,nalbari,Total,80+,5853,2903,2950,3335,1142,2193,2518,1761,757
18,323,nalbari,Total,Age not stated,449,217,232,143,55,88,306,162,144
18,323,nalbari,Rural,All ages,688909,353677,335232,224698,96537,128161,464211,257140,207071
18,323,nalbari,Rural,0-6,87759,44589,43170,87759,44589,43170,0,0,0
18,323,nalbari,Rural,7,14342,7312,7030,4324,2122,2202,10018,5190,4828
18,323,nalbari,Rural,8,13978,7163,6815,2624,1248,1376,11354,5915,5439
18,323,nalbari,Rural,9,13009,6670,6339,1777,870,907,11232,5800,5432
18,323,nalbari,Rural,10,15284,7896,7388,1977,979,998,13307,6917,6390
18,323,nalbari,Rural,11,13688,6897,6791,1302,623,679,12386,6274,6112
18,323,nalbari,Rural,12,15411,7845,7566,1389,695,694,14022,7150,6872
18,323,nalbari,Rural,13,14731,7514,7217,1163,586,577,13568,6928,6640
18,323,nalbari,Rural,14,14822,7502,7320,1109,566,543,13713,6936,6777
18,323,nalbari,Rural,15,14833,7706,7127,1302,735,567,13531,6971,6560
18,323,nalbari,Rural,16,13633,7221,6412,1205,691,514,12428,6530,5898
18,323,nalbari,Rural,17,11541,6173,5368,982,513,469,10559,5660,4899
18,323,nalbari,Rural,18,15025,7884,7141,1681,787,894,13344,7097,6247
18,323,nalbari,Rural,19,11990,6057,5933,1363,557,806,10627,5500,5127
18,323,nalbari,Rural,20-24,65072,32446,32626,8523,3077,5446,56549,29369,27180
18,323,nalbari,Rural,25-29,64241,31634,32607,10939,4075,6864,53302,27559,25743
18,323,nalbari,Rural,30-34,53975,27419,26556,10889,4254,6635,43086,23165,19921
18,323,nalbari,Rural,35-39,52918,27443,25475,12962,5053,7909,39956,22390,17566
18,323,nalbari,Rural,40-44,41982,22824,19158,12480,4980,7500,29502,17844,11658
18,323,nalbari,Rural,45-49,36664,19991,16673,12237,4612,7625,24427,15379,9048
18,323,nalbari,Rural,50-54,27884,15104,12780,10351,3768,6583,17533,11336,6197
18,323,nalbari,Rural,55-59,20020,10840,9180,7656,2523,5133,12364,8317,4047
18,323,nalbari,Rural,60-64,19447,9444,10003,9212,2593,6619,10235,6851,3384
18,323,nalbari,Rural,65-69,14871,7193,7678,7388,2058,5330,7483,5135,2348
18,323,nalbari,Rural,70-74,11241,5557,5684,6280,2015,4265,4961,3542,1419
18,323,nalbari,Rural,75-79,4900,2545,2355,2619,843,1776,2281,1702,579
18,323,nalbari,Rural,80+,5222,2602,2620,3070,1072,1998,2152,1530,622
18,323,nalbari,Rural,Age not stated,426,206,220,135,53,82,291,153,138
18,323,nalbari,Urban,All ages,82730,42329,40401,15170,6285,8885,67560,36044,31516
18,323,nalbari,Urban,0-6,7574,3869,3705,7574,3869,3705,0,0,0
18,323,nalbari,Urban,7,1339,713,626,166,81,85,1173,632,541
18,323,nalbari,Urban,8,1310,689,621,80,36,44,1230,653,577
18,323,nalbari,Urban,9,1198,586,612,50,25,25,1148,561,587
18,323,nalbari,Urban,10,1391,730,661,59,33,26,1332,697,635
18,323,nalbari,Urban,11,1303,659,644,34,15,19,1269,644,625
18,323,nalbari,Urban,12,1541,818,723,42,24,18,1499,794,705
18,323,nalbari,Urban,13,1573,801,772,38,17,21,1535,784,751
18,323,nalbari,Urban,14,1542,753,789,33,15,18,1509,738,771
18,323,nalbari,Urban,15,1589,806,783,43,24,19,1546,782,764
18,323,nalbari,Urban,16,1500,764,736,47,18,29,1453,746,707
18,323,nalbari,Urban,17,1369,689,680,36,20,16,1333,669,664
18,323,nalbari,Urban,18,1796,914,882,65,30,35,1731,884,847
18,323,nalbari,Urban,19,1443,727,716,45,20,25,1398,707,691
18,323,nalbari,Urban,20-24,8052,3971,4081,310,121,189,7742,3850,3892
18,323,nalbari,Urban,25-29,8182,3908,4274,365,126,239,7817,3782,4035
18,323,nalbari,Urban,30-34,7190,3568,3622,432,141,291,6758,3427,3331
18,323,nalbari,Urban,35-39,7247,3617,3630,666,219,447,6581,3398,3183
18,323,nalbari,Urban,40-44,6021,3251,2770,741,267,474,5280,2984,2296
18,323,nalbari,Urban,45-49,5323,2930,2393,816,267,549,4507,2663,1844
18,323,nalbari,Urban,50-54,4113,2338,1775,685,217,468,3428,2121,1307
18,323,nalbari,Urban,55-59,2807,1545,1262,492,134,358,2315,1411,904
18,323,nalbari,Urban,60-64,2620,1348,1272,683,153,530,1937,1195,742
18,323,nalbari,Urban,65-69,1921,965,956,615,148,467,1306,817,489
18,323,nalbari,Urban,70-74,1503,731,772,547,134,413,956,597,359
18,323,nalbari,Urban,75-79,629,327,302,233,59,174,396,268,128
18,323,nalbari,Urban,80+,631,301,330,265,70,195,366,231,135
18,323,nalbari,Urban,Age not stated,23,11,12,8,2,6,15,9,6
18,324,baksa,Total,All ages,950075,481330,468745,377238,158716,218522,572837,322614,250223
18,324,baksa,Total,0-6,122872,62498,60374,122872,62498,60374,0,0,0
18,324,baksa,Total,7,20805,10646,10159,6045,2994,3051,14760,7652,7108
18,324,baksa,Total,8,20190,10337,9853,3540,1745,1795,16650,8592,8058
18,324,baksa,Total,9,19029,9607,9422,2500,1190,1310,16529,8417,8112
18,324,baksa,Total,10,21667,11209,10458,2839,1417,1422,18828,9792,9036
18,324,baksa,Total,11,19535,9884,9651,1916,927,989,17619,8957,8662
18,324,baksa,Total,12,22360,11356,11004,1997,951,1046,20363,10405,9958
18,324,baksa,Total,13,20788,10557,10231,1845,844,1001,18943,9713,9230
18,324,baksa,Total,14,21410,10772,10638,1899,845,1054,19511,9927,9584
18,324,baksa,Total,15,21872,11196,10676,2250,1033,1217,19622,10163,9459
18,324,baksa,Total,16,20363,10683,9680,2119,982,1137,18244,9701,8543
18,324,baksa,Total,17,17026,9065,7961,2027,899,1128,14999,8166,6833
18,324,baksa,Total,18,21320,11084,10236,2889,1241,1648,18431,9843,8588
18,324,baksa,Total,19,17048,8414,8634,2494,963,1531,14554,7451,7103
18,324,baksa,Total,20-24,87953,42900,45053,15986,5681,10305,71967,37219,34748
18,324,baksa,Total,25-29,88851,43324,45527,22113,7871,14242,66738,35453,31285
18,324,baksa,Total,30-34,73632,36405,37227,22928,8324,14604,50704,28081,22623
18,324,baksa,Total,35-39,73872,37578,36294,28458,10764,17694,45414,26814,18600
18,324,baksa,Total,40-44,58439,30815,27624,26502,10284,16218,31937,20531,11406
18,324,baksa,Total,45-49,50339,26773,23566,25304,9725,15579,25035,17048,7987
18,324,baksa,Total,50-54,36552,19389,17163,19769,7263,12506,16783,12126,4657
18,324,baksa,Total,55-59,27126,13987,13139,15370,5306,10064,11756,8681,3075
18,324,baksa,Total,60-64,24530,11850,12680,15537,5156,10381,8993,6694,2299
18,324,baksa,Total,65-69,16782,8146,8636,10634,3428,7206,6148,4718,1430
18,324,baksa,Total,70-74,12505,6219,6286,8537,3047,5490,3968,3172,796
18,324,baksa,Total,75-79,5807,2989,2818,3979,1509,2470,1828,1480,348
18,324,baksa,Total,80+,6781,3344,3437,4557,1684,2873,2224,1660,564
18,324,baksa,Total,Age not stated,621,303,318,332,145,187,289,158,131
18,324,baksa,Rural,All ages,937833,475027,462806,372973,156847,216126,564860,318180,246680
18,324,baksa,Rural,0-6,121332,61708,59624,121332,61708,59624,0,0,0
18,324,baksa,Rural,7,20575,10545,10030,5964,2965,2999,14611,7580,7031
18,324,baksa,Rural,8,19950,10221,9729,3483,1723,1760,16467,8498,7969
18,324,baksa,Rural,9,18806,9491,9315,2455,1169,1286,16351,8322,8029
18,324,baksa,Rural,10,21389,11063,10326,2792,1389,1403,18597,9674,8923
18,324,baksa,Rural,11,19275,9757,9518,1889,914,975,17386,8843,8543
18,324,baksa,Rural,12,22093,11220,10873,1976,938,1038,20117,10282,9835
18,324,baksa,Rural,13,20525,10424,10101,1818,833,985,18707,9591,9116
18,324,baksa,Rural,14,21149,10644,10505,1873,833,1040,19276,9811,9465
18,324,baksa,Rural,15,21636,11072,10564,2222,1019,1203,19414,10053,9361
18,324,baksa,Rural,16,20120,10555,9565,2101,973,1128,18019,9582,8437
18,324,baksa,Rural,17,16779,8924,7855,1991,874,1117,14788,8050,6738
18,324,baksa,Rural,18,21028,10926,10102,2859,1223,1636,18169,9703,8466
18,324,baksa,Rural,19,16798,8284,8514,2458,947,1511,14340,7337,7003
18,324,baksa,Rural,20-24,86798,42328,44470,15788,5593,10195,71010,36735,34275
18,324,baksa,Rural,25-29,87648,42711,44937,21872,7768,14104,65776,34943,30833
18,324,baksa,Rural,30-34,72630,35893,36737,22679,8231,14448,49951,27662,22289
18,324,baksa,Rural,35-39,72878,37075,35803,28207,10662,17545,44671,26413,18258
18,324,baksa,Rural,40-44,57637,30360,27277,26214,10157,16057,31423,20203,11220
18,324,baksa,Rural,45-49,49691,26428,23263,25077,9642,15435,24614,16786,7828
18,324,baksa,Rural,50-54,36090,19131,16959,19575,7198,12377,16515,11933,4582
18,324,baksa,Rural,55-59,26768,13794,12974,15207,5246,9961,11561,8548,3013
18,324,baksa,Rural,60-64,24238,11703,12535,15385,5116,10269,8853,6587,2266
18,324,baksa,Rural,65-69,16603,8067,8536,10544,3406,7138,6059,4661,1398
18,324,baksa,Rural,70-74,12350,6138,6212,8446,3014,5432,3904,3124,780
18,324,baksa,Rural,75-79,5727,2948,2779,3934,1492,2442,1793,1456,337
18,324,baksa,Rural,80+,6705,3316,3389,4504,1670,2834,2201,1646,555
18,324,baksa,Rural,Age not stated,615,301,314,328,144,184,287,157,130
18,324,baksa,Urban,All ages,12242,6303,5939,4265,1869,2396,7977,4434,3543
18,324,baksa,Urban,0-6,1540,790,750,1540,790,750,0,0,0
18,324,baksa,Urban,7,230,101,129,81,29,52,149,72,77
18,324,baksa,Urban,8,240,116,124,57,22,35,183,94,89
18,324,baksa,Urban,9,223,116,107,45,21,24,178,95,83
18,324,baksa,Urban,10,278,146,132,47,28,19,231,118,113
18,324,baksa,Urban,11,260,127,133,27,13,14,233,114,119
18,324,baksa,Urban,12,267,136,131,21,13,8,246,123,123
18,324,baksa,Urban,13,263,133,130,27,11,16,236,122,114
18,324,baksa,Urban,14,261,128,133,26,12,14,235,116,119
18,324,baksa,Urban,15,236,124,112,28,14,14,208,110,98
18,324,baksa,Urban,16,243,128,115,18,9,9,225,119,106
18,324,baksa,Urban,17,247,141,106,36,25,11,211,116,95
18,324,baksa,Urban,18,292,158,134,30,18,12,262,140,122
18,324,baksa,Urban,19,250,130,120,36,16,20,214,114,100
18,324,baksa,Urban,20-24,1155,572,583,198,88,110,957,484,473
18,324,baksa,Urban,25-29,1203,613,590,241,103,138,962,510,452
18,324,baksa,Urban,30-34,1002,512,490,249,93,156,753,419,334
18,324,baksa,Urban,35-39,994,503,491,251,102,149,743,401,342
18,324,baksa,Urban,40-44,802,455,347,288,127,161,514,328,186
18,324,baksa,Urban,45-49,648,345,303,227,83,144,421,262,159
18,324,baksa,Urban,50-54,462,258,204,194,65,129,268,193,75
18,324,baksa,Urban,55-59,358,193,165,163,60,103,195,133,62
18,324,baksa,Urban,60-64,292,147,145,152,40,112,140,107,33
18,324,baksa,Urban,65-69,179,79,100,90,22,68,89,57,32
18,324,baksa,Urban,70-74,155,81,74,91,33,58,64,48,16
18,324,baksa,Urban,75-79,80,41,39,45,17,28,35,24,11
18,324,baksa,Urban,80+,76,28,48,53,14,39,23,14,9
18,324,baksa,Urban,Age not stated,6,2,4,4,1,3,2,1,1
18,325,darrang,Total,All ages,928500,475273,453227,441461,206607,234854,487039,268666,218373
18,325,darrang,Total,0-6,156408,79437,76971,156408,79437,76971,0,0,0
18,325,darrang,Total,7,25223,12953,12270,10742,5489,5253,14481,7464,7017
18,325,darrang,Total,8,25406,12980,12426,7890,4102,3788,17516,8878,8638
18,325,darrang,Total,9,21695,11157,10538,5220,2803,2417,16475,8354,8121
18,325,darrang,Total,10,25816,13216,12600,5984,3254,2730,19832,9962,9870
18,325,darrang,Total,11,20660,10463,10197,3847,2089,1758,16813,8374,8439
18,325,darrang,Total,12,23509,12057,11452,4552,2684,1868,18957,9373,9584
18,325,darrang,Total,13,20110,10254,9856,3396,1923,1473,16714,8331,8383
18,325,darrang,Total,14,19564,10418,9146,3352,2044,1308,16212,8374,7838
18,325,darrang,Total,15,19324,10706,8618,3733,2347,1386,15591,8359,7232
18,325,darrang,Total,16,17346,9916,7430,3550,2307,1243,13796,7609,6187
18,325,darrang,Total,17,13894,7894,6000,2690,1649,1041,11204,6245,4959
18,325,darrang,Total,18,19085,10191,8894,4775,2505,2270,14310,7686,6624
18,325,darrang,Total,19,15057,7231,7826,3917,1672,2245,11140,5559,5581
18,325,darrang,Total,20-24,80066,38805,41261,24338,10218,14120,55728,28587,27141
18,325,darrang,Total,25-29,80273,39490,40783,30000,13008,16992,50273,26482,23791
18,325,darrang,Total,30-34,66184,32878,33306,26116,11403,14713,40068,21475,18593
18,325,darrang,Total,35-39,63904,32182,31722,27011,11525,15486,36893,20657,16236
18,325,darrang,Total,40-44,51337,26954,24383,23907,10216,13691,27430,16738,10692
18,325,darrang,Total,45-49,45100,24159,20941,21747,9280,12467,23353,14879,8474
18,325,darrang,Total,50-54,34189,18189,16000,17787,7317,10470,16402,10872,5530
18,325,darrang,Total,55-59,23975,12832,11143,12665,5026,7639,11310,7806,3504
18,325,darrang,Total,60-64,22149,11242,10907,13248,4935,8313,8901,6307,2594
18,325,darrang,Total,65-69,14005,7177,6828,8350,2970,5380,5655,4207,1448
18,325,darrang,Total,70-74,11746,5997,5749,7796,3004,4792,3950,2993,957
18,325,darrang,Total,75-79,5340,2925,2415,3494,1417,2077,1846,1508,338
18,325,darrang,Total,80+,6698,3341,3357,4754,1902,2852,1944,1439,505
18,325,darrang,Total,Age not stated,437,229,208,192,81,111,245,148,97
18,325,darrang,Rural,All ages,873006,446460,426546,428931,201149,227782,444075,245311,198764
18,325,darrang,Rural,0-6,150916,76595,74321,150916,76595,74321,0,0,0
18,325,darrang,Rural,7,24263,12429,11834,10607,5419,5188,13656,7010,6646
18,325,darrang,Rural,8,24427,12494,11933,7807,4062,3745,16620,8432,8188
18,325,darrang,Rural,9,20772,10679,10093,5168,2772,2396,15604,7907,7697
18,325,darrang,Rural,10,24666,12633,12033,5888,3205,2683,18778,9428,9350
18,325,darrang,Rural,11,19669,9930,9739,3803,2064,1739,15866,7866,8000
18,325,darrang,Rural,12,22402,11498,10904,4503,2657,1846,17899,8841,9058
18,325,darrang,Rural,13,19085,9739,9346,3362,1910,1452,15723,7829,7894
18,325,darrang,Rural,14,18584,9921,8663,3306,2026,1280,15278,7895,7383
18,325,darrang,Rural,15,18276,10187,8089,3663,2322,1341,14613,7865,6748
18,325,darrang,Rural,16,16302,9355,6947,3482,2272,1210,12820,7083,5737
18,325,darrang,Rural,17,12995,7396,5599,2644,1625,1019,10351,5771,4580
18,325,darrang,Rural,18,17958,9587,8371,4695,2471,2224,13263,7116,6147
18,325,darrang,Rural,19,14102,6755,7347,3838,1642,2196,10264,5113,5151
18,325,darrang,Rural,20-24,74927,36155,38772,23897,10049,13848,51030,26106,24924
18,325,darrang,Rural,25-29,75016,36905,38111,29359,12774,16585,45657,24131,21526
18,325,darrang,Rural,30-34,61354,30531,30823,25465,11158,14307,35889,19373,16516
18,325,darrang,Rural,35-39,59070,29846,29224,26260,11241,15019,32810,18605,14205
18,325,darrang,Rural,40-44,46984,24633,22351,23206,9959,13247,23778,14674,9104
18,325,darrang,Rural,45-49,41384,22052,19332,21102,9026,12076,20282,13026,7256
18,325,darrang,Rural,50-54,31439,16571,14868,17222,7105,10117,14217,9466,4751
18,325,darrang,Rural,55-59,22089,11772,10317,12253,4888,7365,9836,6884,2952
18,325,darrang,Rural,60-64,20630,10413,10217,12806,4785,8021,7824,5628,2196
18,325,darrang,Rural,65-69,13079,6702,6377,8053,2898,5155,5026,3804,1222
18,325,darrang,Rural,70-74,11003,5620,5383,7517,2908,4609,3486,2712,774
18,325,darrang,Rural,75-79,4916,2714,2202,3340,1383,1957,1576,1331,245
18,325,darrang,Rural,80+,6273,3127,3146,4582,1855,2727,1691,1272,419
18,325,darrang,Rural,Age not stated,425,221,204,187,78,109,238,143,95
18,325,darrang,Urban,All ages,55494,28813,26681,12530,5458,7072,42964,23355,19609
18,325,darrang,Urban,0-6,5492,2842,2650,5492,2842,2650,0,0,0
18,325,darrang,Urban,7,960,524,436,135,70,65,825,454,371
18,325,darrang,Urban,8,979,486,493,83,40,43,896,446,450
18,325,darrang,Urban,9,923,478,445,52,31,21,871,447,424
18,325,darrang,Urban,10,1150,583,567,96,49,47,1054,534,520
18,325,darrang,Urban,11,991,533,458,44,25,19,947,508,439
18,325,darrang,Urban,12,1107,559,548,49,27,22,1058,532,526
18,325,darrang,Urban,13,1025,515,510,34,13,21,991,502,489
18,325,darrang,Urban,14,980,497,483,46,18,28,934,479,455
18,325,darrang,Urban,15,1048,519,529,70,25,45,978,494,484
18,325,darrang,Urban,16,1044,561,483,68,35,33,976,526,450
18,325,darrang,Urban,17,899,498,401,46,24,22,853,474,379
18,325,darrang,Urban,18,1127,604,523,80,34,46,1047,570,477
18,325,darrang,Urban,19,955,476,479,79,30,49,876,446,430
18,325,darrang,Urban,20-24,5139,2650,2489,441,169,272,4698,2481,2217
18,325,darrang,Urban,25-29,5257,2585,2672,641,234,407,4616,2351,2265
18,325,darrang,Urban,30-34,4830,2347,2483,651,245,406,4179,2102,2077
18,325,darrang,Urban,35-39,4834,2336,2498,751,284,467,4083,2052,2031
18,325,darrang,Urban,40-44,4353,2321,2032,701,257,444,3652,2064,1588
18,325,darrang,Urban,45-49,3716,2107,1609,645,254,391,3071,1853,1218
18,325,darrang,Urban,50-54,2750,1618,1132,565,212,353,2185,1406,779
18,325,darrang,Urban,55-59,1886,1060,826,412,138,274,1474,922,552
18,325,darrang,Urban,60-64,1519,829,690,442,150,292,1077,679,398
18,325,darrang,Urban,65-69,926,475,451,297,72,225,629,403,226
18,325,darrang,Urban,70-74,743,377,366,279,96,183,464,281,183
18,325,darrang,Urban,75-79,424,211,213,154,34,120,270,177,93
18,325,darrang,Urban,80+,425,214,211,172,47,125,253,167,86
18,325,darrang,Urban,Age not stated,12,8,4,5,3,2,7,5,2
18,326,udalguri,Total,All ages,831668,421617,410051,361742,157291,204451,469926,264326,205600
18,326,udalguri,Total,0-6,113274,57410,55864,113274,57410,55864,0,0,0
18,326,udalguri,Total,7,18709,9418,9291,6195,3098,3097,12514,6320,6194
18,326,udalguri,Total,8,19263,9800,9463,4235,2103,2132,15028,7697,7331
18,326,udalguri,Total,9,16909,8663,8246,2948,1432,1516,13961,7231,6730
18,326,udalguri,Total,10,19991,10245,9746,3285,1611,1674,16706,8634,8072
18,326,udalguri,Total,11,17331,8863,8468,2385,1168,1217,14946,7695,7251
18,326,udalguri,Total,12,20228,10343,9885,2775,1379,1396,17453,8964,8489
18,326,udalguri,Total,13,17840,8950,8890,2148,1006,1142,15692,7944,7748
18,326,udalguri,Total,14,17721,8899,8822,2285,1042,1243,15436,7857,7579
18,326,udalguri,Total,15,18499,9502,8997,2796,1386,1410,15703,8116,7587
18,326,udalguri,Total,16,17157,8769,8388,2615,1276,1339,14542,7493,7049
18,326,udalguri,Total,17,14324,7399,6925,2316,1055,1261,12008,6344,5664
18,326,udalguri,Total,18,18403,9435,8968,3526,1553,1973,14877,7882,6995
18,326,udalguri,Total,19,14305,6993,7312,2715,1021,1694,11590,5972,5618
18,326,udalguri,Total,20-24,78545,38259,40286,18132,6661,11471,60413,31598,28815
18,326,udalguri,Total,25-29,76715,38080,38635,23304,8757,14547,53411,29323,24088
18,326,udalguri,Total,30-34,62586,30985,31601,22686,8596,14090,39900,22389,17511
18,326,udalguri,Total,35-39,62392,31564,30828,26888,10481,16407,35504,21083,14421
18,326,udalguri,Total,40-44,50814,26468,24346,24988,9962,15026,25826,16506,9320
18,326,udalguri,Total,45-49,45726,24130,21596,24058,9700,14358,21668,14430,7238
18,326,udalguri,Total,50-54,33129,17602,15527,18877,7683,11194,14252,9919,4333
18,326,udalguri,Total,55-59,23443,12334,11109,13561,5192,8369,9882,7142,2740
18,326,udalguri,Total,60-64,20593,10346,10247,13312,5021,8291,7281,5325,1956
18,326,udalguri,Total,65-69,12850,6378,6472,8281,3020,5261,4569,3358,1211
18,326,udalguri,Total,70-74,10037,5168,4869,6944,2780,4164,3093,2388,705
18,326,udalguri,Total,75-79,4511,2349,2162,3016,1169,1847,1495,1180,315
18,326,udalguri,Total,80+,5399,2761,2638,3770,1553,2217,1629,1208,421
18,326,udalguri,Total,Age not stated,974,504,470,427,176,251,547,328,219
18,326,udalguri,Rural,All ages,794094,402442,391652,353077,153579,199498,441017,248863,192154
18,326,udalguri,Rural,0-6,109653,55594,54059,109653,55594,54059,0,0,0
18,326,udalguri,Rural,7,18089,9107,8982,6091,3051,3040,11998,6056,5942
18,326,udalguri,Rural,8,18610,9474,9136,4183,2074,2109,14427,7400,7027
18,326,udalguri,Rural,9,16312,8368,7944,2907,1404,1503,13405,6964,6441
18,326,udalguri,Rural,10,19306,9901,9405,3243,1593,1650,16063,8308,7755
18,326,udalguri,Rural,11,16651,8514,8137,2351,1154,1197,14300,7360,6940
18,326,udalguri,Rural,12,19464,9948,9516,2744,1367,1377,16720,8581,8139
18,326,udalguri,Rural,13,17103,8569,8534,2117,993,1124,14986,7576,7410
18,326,udalguri,Rural,14,16996,8525,8471,2246,1026,1220,14750,7499,7251
18,326,udalguri,Rural,15,17739,9112,8627,2756,1365,1391,14983,7747,7236
18,326,udalguri,Rural,16,16393,8381,8012,2566,1248,1318,13827,7133,6694
18,326,udalguri,Rural,17,13661,7073,6588,2276,1038,1238,11385,6035,5350
18,326,udalguri,Rural,18,17628,9022,8606,3460,1515,1945,14168,7507,6661
18,326,udalguri,Rural,19,13632,6646,6986,2675,1000,1675,10957,5646,5311
18,326,udalguri,Rural,20-24,74837,36400,38437,17829,6545,11284,57008,29855,27153
18,326,udalguri,Rural,25-29,73145,36341,36804,22930,8628,14302,50215,27713,22502
18,326,udalguri,Rural,30-34,59315,29383,29932,22291,8449,13842,37024,20934,16090
18,326,udalguri,Rural,35-39,59108,29923,29185,26347,10273,16074,32761,19650,13111
18,326,udalguri,Rural,40-44,48065,25038,23027,24409,9734,14675,23656,15304,8352
18,326,udalguri,Rural,45-49,43198,22724,20474,23519,9493,14026,19679,13231,6448
18,326,udalguri,Rural,50-54,31335,16628,14707,18451,7538,10913,12884,9090,3794
18,326,udalguri,Rural,55-59,22183,11622,10561,13268,5086,8182,8915,6536,2379
18,326,udalguri,Rural,60-64,19598,9840,9758,12976,4916,8060,6622,4924,1698
18,326,udalguri,Rural,65-69,12221,6073,6148,8074,2960,5114,4147,3113,1034
18,326,udalguri,Rural,70-74,9522,4902,4620,6739,2706,4033,2783,2196,587
18,326,udalguri,Rural,75-79,4260,2222,2038,2917,1142,1775,1343,1080,263
18,326,udalguri,Rural,80+,5117,2620,2497,3635,1512,2123,1482,1108,374
18,326,udalguri,Rural,Age not stated,953,492,461,424,175,249,529,317,212
18,326,udalguri,Urban,All ages,37574,19175,18399,8665,3712,4953,28909,15463,13446
18,326,udalguri,Urban,0-6,3621,1816,1805,3621,1816,1805,0,0,0
18,326,udalguri,Urban,7,620,311,309,104,47,57,516,264,252
18,326,udalguri,Urban,8,653,326,327,52,29,23,601,297,304
18,326,udalguri,Urban,9,597,295,302,41,28,13,556,267,289
18,326,udalguri,Urban,10,685,344,341,42,18,24,643,326,317
18,326,udalguri,Urban,11,680,349,331,34,14,20,646,335,311
18,326,udalguri,Urban,12,764,395,369,31,12,19,733,383,350
18,326,udalguri,Urban,13,737,381,356,31,13,18,706,368,338
18,326,udalguri,Urban,14,725,374,351,39,16,23,686,358,328
18,326,udalguri,Urban,15,760,390,370,40,21,19,720,369,351
18,326,udalguri,Urban,16,764,388,376,49,28,21,715,360,355
18,326,udalguri,Urban,17,663,326,337,40,17,23,623,309,314
18,326,udalguri,Urban,18,775,413,362,66,38,28,709,375,334
18,326,udalguri,Urban,19,673,347,326,40,21,19,633,326,307
18,326,udalguri,Urban,20-24,3708,1859,1849,303,116,187,3405,1743,1662
18,326,udalguri,Urban,25-29,3570,1739,1831,374,129,245,3196,1610,1586
18,326,udalguri,Urban,30-34,3271,1602,1669,395,147,248,2876,1455,1421
18,326,udalguri,Urban,35-39,3284,1641,1643,541,208,333,2743,1433,1310
18,326,udalguri,Urban,40-44,2749,1430,1319,579,228,351,2170,1202,968
18,326,udalguri,Urban,45-49,2528,1406,1122,539,207,332,1989,1199,790
18,326,udalguri,Urban,50-54,1794,974,820,426,145,281,1368,829,539
18,326,udalguri,Urban,55-59,1260,712,548,293,106,187,967,606,361
18,326,udalguri,Urban,60-64,995,506,489,336,105,231,659,401,258
18,326,udalguri,Urban,65-69,629,305,324,207,60,147,422,245,177
18,326,udalguri,Urban,70-74,515,266,249,205,74,131,310,192,118
18,326,udalguri,Urban,75-79,251,127,124,99,27,72,152,100,52
18,326,udalguri,Urban,80+,282,141,141,135,41,94,147,100,47
18,326,udalguri,Urban,Age not stated,21,12,9,3,1,2,18,11,7
09,132,saharanpur,Total,All ages,3466382,1834106,1632276,1389274,613992,775282,2077108,1220114,856994
09,132,saharanpur,Total,0-6,519591,275377,244214,519591,275377,244214,0,0,0
09,132,saharanpur,Total,7,76485,40745,35740,21920,11299,10621,54565,29446,25119
09,132,saharanpur,Total,8,88655,48114,40541,15218,7911,7307,73437,40203,33234
09,132,saharanpur,Total,9,70417,38090,32327,9358,4750,4608,61059,33340,27719
09,132,saharanpur,Total,10,100439,54658,45781,12778,6556,6222,87661,48102,39559
09,132,saharanpur,Total,11,76408,41456,34952,7804,3911,3893,68604,37545,31059
09,132,saharanpur,Total,12,95822,52276,43546,9331,4682,4649,86491,47594,38897
09,132,saharanpur,Total,13,78220,41335,36885,7493,3731,3762,70727,37604,33123
09,132,saharanpur,Total,14,89686,47506,42180,9133,4347,4786,80553,43159,37394
09,132,saharanpur,Total,15,90511,48084,42427,10289,4955,5334,80222,43129,37093
09,132,saharanpur,Total,16,93297,48735,44562,11371,5356,6015,81926,43379,38547
09,132,saharanpur,Total,17,75335,40165,35170,8963,4172,4791,66372,35993,30379
09,132,saharanpur,Total,18,102491,56280,46211,14792,6921,7871,87699,49359,38340
09,132,saharanpur,Total,19,68314,37239,31075,9749,4270,5479,58565,32969,25596
09,132,saharanpur,Total,20-24,346128,186749,159379,65350,25355,39995,280778,161394,119384
09,132,saharanpur,Total,25-29,256890,136149,120741,68439,24271,44168,188451,111878,76573
09,132,saharanpur,Total,30-34,217659,109875,107784,75124,24642,50482,142535,85233,57302
09,132,saharanpur,Total,35-39,215799,110339,105460,88104,29857,58247,127695,80482,47213
09,132,saharanpur,Total,40-44,184543,96431,88112,83584,30094,53490,100959,66337,34622
09,132,saharanpur,Total,45-49,151735,80209,71526,72740,26626,46114,78995,53583,25412
09,132,saharanpur,Total,50-54,111586,60220,51366,55784,21622,34162,55802,38598,17204
09,132,saharanpur,Total,55-59,88565,43623,44942,48336,16007,32329,40229,27616,12613
09,132,saharanpur,Total,60-64,84775,44658,40117,51026,20160,30866,33749,24498,9251
09,132,saharanpur,Total,65-69,55542,28063,27479,35456,13524,21932,20086,14539,5547
09,132,saharanpur,Total,70-74,42774,22797,19977,29280,12604,16676,13494,10193,3301
09,132,saharanpur,Total,75-79,20285,10298,9987,13939,5615,8324,6346,4683,1663
09,132,saharanpur,Total,80+,30335,15967,14368,21284,9545,11739,9051,6422,2629
09,132,saharanpur,Total,Age not stated,34095,18668,15427,13038,5832,7206,21057,12836,8221
09,132,saharanpur,Rural,All ages,2399856,1269803,1130053,1009810,436743,573067,1390046,833060,556986
09,132,saharanpur,Rural,0-6,374994,198976,176018,374994,198976,176018,0,0,0
09,132,saharanpur,Rural,7,54524,29008,25516,14827,7532,7295,39697,21476,18221
09,132,saharanpur,Rural,8,64446,35174,29272,9785,5095,4690,54661,30079,24582
09,132,saharanpur,Rural,9,49703,26972,22731,5574,2851,2723,44129,24121,20008
09,132,saharanpur,Rural,10,72654,39615,33039,8020,3972,4048,64634,35643,28991
09,132,saharanpur,Rural,11,54183,29409,24774,4595,2224,2371,49588,27185,22403
09,132,saharanpur,Rural,12,69630,38030,31600,5752,2740,3012,63878,35290,28588
09,132,saharanpur,Rural,13,55836,29440,26396,4464,2081,2383,51372,27359,24013
09,132,saharanpur,Rural,14,64724,34235,30489,5678,2546,3132,59046,31689,27357
09,132,saharanpur,Rural,15,64880,34414,30466,6537,2931,3606,58343,31483,26860
09,132,saharanpur,Rural,16,66675,34810,31865,7244,3141,4103,59431,31669,27762
09,132,saharanpur,Rural,17,52154,27726,24428,5596,2367,3229,46558,25359,21199
09,132,saharanpur,Rural,18,71505,39151,32354,9680,4167,5513,61825,34984,26841
09,132,saharanpur,Rural,19,45879,24830,21049,6288,2409,3879,39591,22421,17170
09,132,saharanpur,Rural,20-24,229546,123156,106390,44822,15494,29328,184724,107662,77062
09,132,saharanpur,Rural,25-29,167803,89264,78539,48968,15978,32990,118835,73286,45549
09,132,saharanpur,Rural,30-34,145912,73196,72716,56150,17272,38878,89762,55924,33838
09,132,saharanpur,Rural,35-39,146486,74901,71585,66090,21444,44646,80396,53457,26939
09,132,saharanpur,Rural,40-44,125142,65493,59649,62736,21959,40777,62406,43534,18872
09,132,saharanpur,Rural,45-49,101251,53827,47424,54346,19500,34846,46905,34327,12578
09,132,saharanpur,Rural,50-54,73233,39674,33559,41974,16196,25778,31259,23478,7781
09,132,saharanpur,Rural,55-59,59005,28609,30396,36965,12166,24799,22040,16443,5597
09,132,saharanpur,Rural,60-64,58789,30908,27881,39688,15803,23885,19101,15105,3996
09,132,saharanpur,Rural,65-69,39483,19836,19647,28127,10892,17235,11356,8944,2412
09,132,saharanpur,Rural,70-74,31075,16734,14341,23377,10338,13039,7698,6396,1302
09,132,saharanpur,Rural,75-79,14675,7437,7238,11274,4677,6597,3401,2760,641
09,132,saharanpur,Rural,80+,22251,11951,10300,16935,7861,9074,5316,4090,1226
09,132,saharanpur,Rural,Age not stated,23418,13027,10391,9324,4131,5193,14094,8896,5198
09,132,saharanpur,Urban,All ages,1066526,564303,502223,379464,177249,202215,687062,387054,300008
09,132,saharanpur,Urban,0-6,144597,76401,68196,144597,76401,68196,0,0,0
09,132,saharanpur,Urban,7,21961,11737,10224,7093,3767,3326,14868,7970,6898
09,132,saharanpur,Urban,8,24209,12940,11269,5433,2816,2617,18776,10124,8652
09,132,saharanpur,Urban,9,20714,11118,9596,3784,1899,1885,16930,9219,7711
09,132,saharanpur,Urban,10,27785,15043,12742,4758,2584,2174,23027,12459,10568
09,132,saharanpur,Urban,11,22225,12047,10178,3209,1687,1522,19016,10360,8656
09,132,saharanpur,Urban,12,26192,14246,11946,3579,1942,1637,22613,12304,10309
09,132,saharanpur,Urban,13,22384,11895,10489,3029,1650,1379,19355,10245,9110
09,132,saharanpur,Urban,14,24962,13271,11691,3455,1801,1654,21507,11470,10037
09,132,saharanpur,Urban,15,25631,13670,11961,3752,2024,1728,21879,11646,10233
09,132,saharanpur,Urban,16,26622,13925,12697,4127,2215,1912,22495,11710,10785
09,132,saharanpur,Urban,17,23181,12439,10742,3367,1805,1562,19814,10634,9180
09,132,saharanpur,Urban,18,30986,17129,13857,5112,2754,2358,25874,14375,11499
09,132,saharanpur,Urban,19,22435,12409,10026,3461,1861,1600,18974,10548,8426
09,132,saharanpur,Urban,20-24,116582,63593,52989,20528,9861,10667,96054,53732,42322
09,132,saharanpur,Urban,25-29,89087,46885,42202,19471,8293,11178,69616,38592,31024
09,132,saharanpur,Urban,30-34,71747,36679,35068,18974,7370,11604,52773,29309,23464
09,132,saharanpur,Urban,35-39,69313,35438,33875,22014,8413,13601,47299,27025,20274
09,132,saharanpur,Urban,40-44,59401,30938,28463,20848,8135,12713,38553,22803,15750
09,132,saharanpur,Urban,45-49,50484,26382,24102,18394,7126,11268,32090,19256,12834
09,132,saharanpur,Urban,50-54,38353,20546,17807,13810,5426,8384,24543,15120,9423
09,132,saharanpur,Urban,55-59,29560,15014,14546,11371,3841,7530,18189,11173,7016
09,132,saharanpur,Urban,60-64,25986,13750,12236,11338,4357,6981,14648,9393,5255
09,132,saharanpur,Urban,65-69,16059,8227,7832,7329,2632,4697,8730,5595,3135
09,132,saharanpur,Urban,70-74,11699,6063,5636,5903,2266,3637,5796,3797,1999
09,132,saharanpur,Urban,75-79,5610,2861,2749,2665,938,1727,2945,1923,1022
09,132,saharanpur,Urban,80+,8084,4016,4068,4349,1684,2665,3735,2332,1403
09,132,saharanpur,Urban,Age not stated,10677,5641,5036,3714,1701,2013,6963,3940,3023
09,133,muzaffarnagar,Total,All ages,4143512,2193434,1950078,1726173,744906,981267,2417339,1448528,968811
09,133,muzaffarnagar,Total,0-6,646062,346805,299257,646062,346805,299257,0,0,0
09,133,muzaffarnagar,Total,7,94023,50421,43602,29821,15154,14667,64202,35267,28935
09,133,muzaffarnagar,Total,8,115248,62513,52735,23179,11519,11660,92069,50994,41075
09,133,muzaffarnagar,Total,9,86761,47210,39551,13539,6503,7036,73222,40707,32515
09,133,muzaffarnagar,Total,10,125280,69212,56068,19138,9419,9719,106142,59793,46349
09,133,muzaffarnagar,Total,11,91050,49912,41138,11349,5335,6014,79701,44577,35124
09,133,muzaffarnagar,Total,12,118395,64876,53519,14883,6830,8053,103512,58046,45466
09,133,muzaffarnagar,Total,13,96274,51088,45186,11461,4987,6474,84813,46101,38712
09,133,muzaffarnagar,Total,14,110169,58080,52089,14573,5990,8583,95596,52090,43506
09,133,muzaffarnagar,Total,15,107094,56748,50346,14909,6265,8644,92185,50483,41702
09,133,muzaffarnagar,Total,16,110493,57786,52707,16588,6683,9905,93905,51103,42802
09,133,muzaffarnagar,Total,17,86891,46072,40819,12236,4925,7311,74655,41147,33508
09,133,muzaffarnagar,Total,18,118814,64834,53980,20255,8294,11961,98559,56540,42019
09,133,muzaffarnagar,Total,19,79108,41952,37156,13034,4878,8156,66074,37074,29000
09,133,muzaffarnagar,Total,20-24,389963,208453,181510,81709,28137,53572,308254,180316,127938
09,133,muzaffarnagar,Total,25-29,296132,156963,139169,81791,26175,55616,214341,130788,83553
09,133,muzaffarnagar,Total,30-34,257483,129033,128450,88748,26423,62325,168735,102610,66125
09,133,muzaffarnagar,Total,35-39,256579,131704,124875,101452,31727,69725,155127,99977,55150
09,133,muzaffarnagar,Total,40-44,217451,113202,104249,96171,32466,63705,121280,80736,40544
09,133,muzaffarnagar,Total,45-49,180108,95023,85085,84693,29633,55060,95415,65390,30025
09,133,muzaffarnagar,Total,50-54,135564,72600,62964,67326,25032,42294,68238,47568,20670
09,133,muzaffarnagar,Total,55-59,110116,54422,55694,59879,19322,40557,50237,35100,15137
09,133,muzaffarnagar,Total,60-64,104895,54752,50143,64151,24630,39521,40744,30122,10622
09,133,muzaffarnagar,Total,65-69,71863,35856,36007,46958,17330,29628,24905,18526,6379
09,133,muzaffarnagar,Total,70-74,55731,30156,25575,38478,16661,21817,17253,13495,3758
09,133,muzaffarnagar,Total,75-79,27495,14309,13186,19284,8028,11256,8211,6281,1930
09,133,muzaffarnagar,Total,80+,38619,20909,17710,27439,12621,14818,11180,8288,2892
09,133,muzaffarnagar,Total,Age not stated,15851,8543,7308,7067,3134,3933,8784,5409,3375
09,133,muzaffarnagar,Rural,All ages,2952200,1565004,1387196,1256806,532459,724347,1695394,1032545,662849
09,133,muzaffarnagar,Rural,0-6,471375,253186,218189,471375,253186,218189,0,0,0
09,133,muzaffarnagar,Rural,7,68371,36710,31661,20571,10414,10157,47800,26296,21504
09,133,muzaffarnagar,Rural,8,84509,45996,38513,14950,7345,7605,69559,38651,30908
09,133,muzaffarnagar,Rural,9,63378,34361,29017,8634,4039,4595,54744,30322,24422
09,133,muzaffarnagar,Rural,10,91729,50642,41087,12053,5861,6192,79676,44781,34895
09,133,muzaffarnagar,Rural,11,66289,36258,30031,6955,3171,3784,59334,33087,26247
09,133,muzaffarnagar,Rural,12,86729,47509,39220,9034,3940,5094,77695,43569,34126
09,133,muzaffarnagar,Rural,13,70570,37526,33044,7031,2890,4141,63539,34636,28903
09,133,muzaffarnagar,Rural,14,80108,42431,37677,9122,3503,5619,70986,38928,32058
09,133,muzaffarnagar,Rural,15,77844,41301,36543,9579,3763,5816,68265,37538,30727
09,133,muzaffarnagar,Rural,16,79974,41883,38091,10546,3955,6591,69428,37928,31500
09,133,muzaffarnagar,Rural,17,61787,32626,29161,7899,2882,5017,53888,29744,24144
09,133,muzaffarnagar,Rural,18,84189,46018,38171,13166,4942,8224,71023,41076,29947
09,133,muzaffarnagar,Rural,19,55754,29348,26406,8709,2936,5773,47045,26412,20633
09,133,muzaffarnagar,Rural,20-24,268343,143868,124475,56075,17294,38781,212268,126574,85694
09,133,muzaffarnagar,Rural,25-29,203173,107973,95200,58677,17233,41444,144496,90740,53756
09,133,muzaffarnagar,Rural,30-34,179087,89542,89545,65623,18433,47190,113464,71109,42355
09,133,muzaffarnagar,Rural,35-39,179851,92577,87274,75560,22690,52870,104291,69887,34404
09,133,muzaffarnagar,Rural,40-44,151569,79037,72532,71695,23585,48110,79874,55452,24422
09,133,muzaffarnagar,Rural,45-49,124458,65816,58642,63122,21570,41552,61336,44246,17090
09,133,muzaffarnagar,Rural,50-54,93553,50250,43303,50777,18592,32185,42776,31658,11118
09,133,muzaffarnagar,Rural,55-59,76847,37655,39192,45785,14649,31136,31062,23006,8056
09,133,muzaffarnagar,Rural,60-64,75824,39655,36169,49686,19134,30552,26138,20521,5617
09,133,muzaffarnagar,Rural,65-69,53166,26479,26687,36998,13708,23290,16168,12771,3397
09,133,muzaffarnagar,Rural,70-74,41945,22902,19043,30606,13474,17132,11339,9428,1911
09,133,muzaffarnagar,Rural,75-79,20699,10863,9836,15488,6591,8897,5211,4272,939
09,133,muzaffarnagar,Rural,80+,29473,16337,13136,21911,10419,11492,7562,5918,1644
09,133,muzaffarnagar,Rural,Age not stated,11606,6255,5351,5179,2260,2919,6427,3995,2432
09,133,muzaffarnagar,Urban,All ages,1191312,628430,562882,469367,212447,256920,721945,415983,305962
09,133,muzaffarnagar,Urban,0-6,174687,93619,81068,174687,93619,81068,0,0,0
09,133,muzaffarnagar,Urban,7,25652,13711,11941,9250,4740,4510,16402,8971,7431
09,133,muzaffarnagar,Urban,8,30739,16517,14222,8229,4174,4055,22510,12343,10167
09,133,muzaffarnagar,Urban,9,23383,12849,10534,4905,2464,2441,18478,10385,8093
09,133,muzaffarnagar,Urban,10,33551,18570,14981,7085,3558,3527,26466,15012,11454
09,133,muzaffarnagar,Urban,11,24761,13654,11107,4394,2164,2230,20367,11490,8877
09,133,muzaffarnagar,Urban,12,31666,17367,14299,5849,2890,2959,25817,14477,11340
09,133,muzaffarnagar,Urban,13,25704,13562,12142,4430,2097,2333,21274,11465,9809
09,133,muzaffarnagar,Urban,14,30061,15649,14412,5451,2487,2964,24610,13162,11448
09,133,muzaffarnagar,Urban,15,29250,15447,13803,5330,2502,2828,23920,12945,10975
09,133,muzaffarnagar,Urban,16,30519,15903,14616,6042,2728,3314,24477,13175,11302
09,133,muzaffarnagar,Urban,17,25104,13446,11658,4337,2043,2294,20767,11403,9364
09,133,muzaffarnagar,Urban,18,34625,18816,15809,7089,3352,3737,27536,15464,12072
09,133,muzaffarnagar,Urban,19,23354,12604,10750,4325,1942,2383,19029,10662,8367
09,133,muzaffarnagar,Urban,20-24,121620,64585,57035,25634,10843,14791,95986,53742,42244
09,133,muzaffarnagar,Urban,25-29,92959,48990,43969,23114,8942,14172,69845,40048,29797
09,133,muzaffarnagar,Urban,30-34,78396,39491,38905,23125,7990,15135,55271,31501,23770
09,133,muzaffarnagar,Urban,35-39,76728,39127,37601,25892,9037,16855,50836,30090,20746
09,133,muzaffarnagar,Urban,40-44,65882,34165,31717,24476,8881,15595,41406,25284,16122
09,133,muzaffarnagar,Urban,45-49,55650,29207,26443,21571,8063,13508,34079,21144,12935
09,133,muzaffarnagar,Urban,50-54,42011,22350,19661,16549,6440,10109,25462,15910,9552
09,133,muzaffarnagar,Urban,55-59,33269,16767,16502,14094,4673,9421,19175,12094,7081
09,133,muzaffarnagar,Urban,60-64,29071,15097,13974,14465,5496,8969,14606,9601,5005
09,133,muzaffarnagar,Urban,65-69,18697,9377,9320,9960,3622,6338,8737,5755,2982
09,133,muzaffarnagar,Urban,70-74,13786,7254,6532,7872,3187,4685,5914,4067,1847
09,133,muzaffarnagar,Urban,75-79,6796,3446,3350,3796,1437,2359,3000,2009,991
09,133,muzaffarnagar,Urban,80+,9146,4572,4574,5528,2202,3326,3618,2370,1248
09,133,muzaffarnagar,Urban,Age not stated,4245,2288,1957,1888,874,1014,2357,1414,943
09,134,bijnor,Total,All ages,3682713,1921215,1761498,1547320,679744,867576,2135393,1241471,893922
09,134,bijnor,Total,0-6,564230,299659,264571,564230,299659,264571,0,0,0
09,134,bijnor,Total,7,87209,46019,41190,27676,14268,13408,59533,31751,27782
09,134,bijnor,Total,8,97584,51659,45925,17580,8926,8654,80004,42733,37271
09,134,bijnor,Total,9,78231,41855,36376,10607,5530,5077,67624,36325,31299
09,134,bijnor,Total,10,108120,57806,50314,14724,7731,6993,93396,50075,43321
09,134,bijnor,Total,11,85799,45387,40412,9172,4668,4504,76627,40719,35908
09,134,bijnor,Total,12,102006,54030,47976,10329,5290,5039,91677,48740,42937
09,134,bijnor,Total,13,90350,46570,43780,9070,4410,4660,81280,42160,39120
09,134,bijnor,Total,14,100025,51081,48944,10527,5092,5435,89498,45989,43509
09,134,bijnor,Total,15,101422,51497,49925,12209,5752,6457,89213,45745,43468
09,134,bijnor,Total,16,103931,51805,52126,13352,5949,7403,90579,45856,44723
09,134,bijnor,Total,17,85072,42872,42200,11097,4826,6271,73975,38046,35929
09,134,bijnor,Total,18,114569,59304,55265,18121,7875,10246,96448,51429,45019
09,134,bijnor,Total,19,75422,39966,35456,12005,5098,6907,63417,34868,28549
09,134,bijnor,Total,20-24,355800,192148,163652,75557,29738,45819,280243,162410,117833
09,134,bijnor,Total,25-29,254806,132861,121945,79344,27249,52095,175462,105612,69850
09,134,bijnor,Total,30-34,222943,110631,112312,86834,27643,59191,136109,82988,53121
09,134,bijnor,Total,35-39,224991,114551,110440,99573,33133,66440,125418,81418,44000
09,134,bijnor,Total,40-44,186459,97438,89021,89627,32098,57529,96832,65340,31492
09,134,bijnor,Total,45-49,151912,79829,72083,77713,28347,49366,74199,51482,22717
09,134,bijnor,Total,50-54,112605,60782,51823,60810,23989,36821,51795,36793,15002
09,134,bijnor,Total,55-59,92490,44250,48240,54741,17816,36925,37749,26434,11315
09,134,bijnor,Total,60-64,91036,47508,43528,58877,23456,35421,32159,24052,8107
09,134,bijnor,Total,65-69,59606,30068,29538,40296,15608,24688,19310,14460,4850
09,134,bijnor,Total,70-74,43845,23320,20525,31214,13592,17622,12631,9728,2903
09,134,bijnor,Total,75-79,20029,10016,10013,14196,5573,8623,5833,4443,1390
09,134,bijnor,Total,80+,30575,15841,14734,21275,9232,12043,9300,6609,2691
09,134,bijnor,Total,Age not stated,41646,22462,19184,16564,7196,9368,25082,15266,9816
09,134,bijnor,Rural,All ages,2757401,1438412,1318989,1161227,495476,665751,1596174,942936,653238
09,134,bijnor,Rural,0-6,428311,228114,200197,428311,228114,200197,0,0,0
09,134,bijnor,Rural,7,66134,34895,31239,19297,9884,9413,46837,25011,21826
09,134,bijnor,Rural,8,74052,39306,34746,11388,5735,5653,62664,33571,29093
09,134,bijnor,Rural,9,59493,31842,27651,6597,3316,3281,52896,28526,24370
09,134,bijnor,Rural,10,81883,43793,38090,9144,4657,4487,72739,39136,33603
09,134,bijnor,Rural,11,65586,34694,30892,5664,2782,2882,59922,31912,28010
09,134,bijnor,Rural,12,77682,41049,36633,6119,2899,3220,71563,38150,33413
09,134,bijnor,Rural,13,69237,35758,33479,5533,2507,3026,63704,33251,30453
09,134,bijnor,Rural,14,76286,39067,37219,6422,2889,3533,69864,36178,33686
09,134,bijnor,Rural,15,77322,39467,37855,7696,3358,4338,69626,36109,33517
09,134,bijnor,Rural,16,78422,39149,39273,8395,3395,5000,70027,35754,34273
09,134,bijnor,Rural,17,64071,32429,31642,7224,2837,4387,56847,29592,27255
09,134,bijnor,Rural,18,84783,44044,40739,11772,4591,7181,73011,39453,33558
09,134,bijnor,Rural,19,55657,29571,26086,8058,3044,5014,47599,26527,21072
09,134,bijnor,Rural,20-24,255335,137316,118019,52255,17669,34586,203080,119647,83433
09,134,bijnor,Rural,25-29,183977,95380,88597,58892,18086,40806,125085,77294,47791
09,134,bijnor,Rural,30-34,166143,81336,84807,67721,19778,47943,98422,61558,36864
09,134,bijnor,Rural,35-39,169557,86435,83122,78101,24741,53360,91456,61694,29762
09,134,bijnor,Rural,40-44,139287,73107,66180,69174,23807,45367,70113,49300,20813
09,134,bijnor,Rural,45-49,111576,58806,52770,59150,20897,38253,52426,37909,14517
09,134,bijnor,Rural,50-54,82551,44570,37981,46301,17692,28609,36250,26878,9372
09,134,bijnor,Rural,55-59,68937,32761,36176,42824,13601,29223,26113,19160,6953
09,134,bijnor,Rural,60-64,69425,36258,33167,46537,18327,28210,22888,17931,4957
09,134,bijnor,Rural,65-69,46275,23330,22945,32413,12465,19948,13862,10865,2997
09,134,bijnor,Rural,70-74,33909,18308,15601,24874,10930,13944,9035,7378,1657
09,134,bijnor,Rural,75-79,15422,7734,7688,11377,4473,6904,4045,3261,784
09,134,bijnor,Rural,80+,23841,12516,11325,17136,7526,9610,6705,4990,1715
09,134,bijnor,Rural,Age not stated,32247,17377,14870,12852,5476,7376,19395,11901,7494
09,134,bijnor,Urban,All ages,925312,482803,442509,386093,184268,201825,539219,298535,240684
09,134,bijnor,Urban,0-6,135919,71545,64374,135919,71545,64374,0,0,0
09,134,bijnor,Urban,7,21075,11124,9951,8379,4384,3995,12696,6740,5956
09,134,bijnor,Urban,8,23532,12353,11179,6192,3191,3001,17340,9162,8178
09,134,bijnor,Urban,9,18738,10013,8725,4010,2214,1796,14728,7799,6929
09,134,bijnor,Urban,10,26237,14013,12224,5580,3074,2506,20657,10939,9718
09,134,bijnor,Urban,11,20213,10693,9520,3508,1886,1622,16705,8807,7898
09,134,bijnor,Urban,12,24324,12981,11343,4210,2391,1819,20114,10590,9524
09,134,bijnor,Urban,13,21113,10812,10301,3537,1903,1634,17576,8909,8667
09,134,bijnor,Urban,14,23739,12014,11725,4105,2203,1902,19634,9811,9823
09,134,bijnor,Urban,15,24100,12030,12070,4513,2394,2119,19587,9636,9951
09,134,bijnor,Urban,16,25509,12656,12853,4957,2554,2403,20552,10102,10450
09,134,bijnor,Urban,17,21001,10443,10558,3873,1989,1884,17128,8454,8674
09,134,bijnor,Urban,18,29786,15260,14526,6349,3284,3065,23437,11976,11461
09,134,bijnor,Urban,19,19765,10395,9370,3947,2054,1893,15818,8341,7477
09,134,bijnor,Urban,20-24,100465,54832,45633,23302,12069,11233,77163,42763,34400
09,134,bijnor,Urban,25-29,70829,37481,33348,20452,9163,11289,50377,28318,22059
09,134,bijnor,Urban,30-34,56800,29295,27505,19113,7865,11248,37687,21430,16257
09,134,bijnor,Urban,35-39,55434,28116,27318,21472,8392,13080,33962,19724,14238
09,134,bijnor,Urban,40-44,47172,24331,22841,20453,8291,12162,26719,16040,10679
09,134,bijnor,Urban,45-49,40336,21023,19313,18563,7450,11113,21773,13573,8200
09,134,bijnor,Urban,50-54,30054,16212,13842,14509,6297,8212,15545,9915,5630
09,134,bijnor,Urban,55-59,23553,11489,12064,11917,4215,7702,11636,7274,4362
09,134,bijnor,Urban,60-64,21611,11250,10361,12340,5129,7211,9271,6121,3150
09,134,bijnor,Urban,65-69,13331,6738,6593,7883,3143,4740,5448,3595,1853
09,134,bijnor,Urban,70-74,9936,5012,4924,6340,2662,3678,3596,2350,1246
09,134,bijnor,Urban,75-79,4607,2282,2325,2819,1100,1719,1788,1182,606
09,134,bijnor,Urban,80+,6734,3325,3409,4139,1706,2433,2595,1619,976
09,134,bijnor,Urban,Age not stated,9399,5085,4314,3712,1720,1992,5687,3365,2322
09,135,moradabad,Total,All ages,4772006,2503186,2268820,2508158,1145751,1362407,2263848,1357435,906413
09,135,moradabad,Total,0-6,784219,409325,374894,784219,409325,374894,0,0,0
09,135,moradabad,Total,7,121003,63439,57564,49296,24939,24357,71707,38500,33207
09,135,moradabad,Total,8,135778,71802,63976,41366,20827,20539,94412,50975,43437
09,135,moradabad,Total,9,109140,57920,51220,27726,14039,13687,81414,43881,37533
09,135,moradabad,Total,10,154640,82720,71920,38534,19315,19219,116106,63405,52701
09,135,moradabad,Total,11,119880,64249,55631,26569,13180,13389,93311,51069,42242
09,135,moradabad,Total,12,135517,72534,62983,29663,14574,15089,105854,57960,47894
09,135,moradabad,Total,13,114195,59428,54767,24588,11673,12915,89607,47755,41852
09,135,moradabad,Total,14,130608,68071,62537,30745,14141,16604,99863,53930,45933
09,135,moradabad,Total,15,129338,67427,61911,33248,15266,17982,96090,52161,43929
09,135,moradabad,Total,16,132280,68520,63760,36500,16380,20120,95780,52140,43640
09,135,moradabad,Total,17,100026,52193,47833,27422,12174,15248,72604,40019,32585
09,135,moradabad,Total,18,141132,76430,64702,44857,20226,24631,96275,56204,40071
09,135,moradabad,Total,19,90298,48503,41795,28559,12287,16272,61739,36216,25523
09,135,moradabad,Total,20-24,438358,237371,200987,164756,68483,96273,273602,168888,104714
09,135,moradabad,Total,25-29,331858,172271,159587,155828,60138,95690,176030,112133,63897
09,135,moradabad,Total,30-34,294762,149578,145184,156996,60031,96965,137766,89547,48219
09,135,moradabad,Total,35-39,284683,146567,138116,163185,64561,98624,121498,82006,39492
09,135,moradabad,Total,40-44,229742,124054,105688,135779,59100,76679,93963,64954,29009
09,135,moradabad,Total,45-49,179299,93935,85364,107553,44724,62829,71746,49211,22535
09,135,moradabad,Total,50-54,136156,74496,61660,83242,37155,46087,52914,37341,15573
09,135,moradabad,Total,55-59,111695,51876,59819,73415,25537,47878,38280,26339,11941
09,135,moradabad,Total,60-64,115741,60989,54752,82145,36809,45336,33596,24180,9416
09,135,moradabad,Total,65-69,65941,33219,32722,46912,19641,27271,19029,13578,5451
09,135,moradabad,Total,70-74,45944,24734,21210,33723,15755,17968,12221,8979,3242
09,135,moradabad,Total,75-79,18835,9260,9575,13476,5505,7971,5359,3755,1604
09,135,moradabad,Total,80+,31262,15933,15329,21955,9808,12147,9307,6125,3182
09,135,moradabad,Total,Age not stated,89676,46342,43334,45901,20158,25743,43775,26184,17591
09,135,moradabad,Rural,All ages,3198383,1680022,1518361,1791241,800028,991213,1407142,879994,527148
09,135,moradabad,Rural,0-6,562904,293864,269040,562904,293864,269040,0,0,0
09,135,moradabad,Rural,7,85988,45271,40717,35132,17731,17401,50856,27540,23316
09,135,moradabad,Rural,8,97438,51752,45686,28698,14333,14365,68740,37419,31321
09,135,moradabad,Rural,9,77166,41021,36145,18963,9472,9491,58203,31549,26654
09,135,moradabad,Rural,10,110489,59200,51289,25821,12643,13178,84668,46557,38111
09,135,moradabad,Rural,11,84700,45417,39283,17891,8531,9360,66809,36886,29923
09,135,moradabad,Rural,12,95458,51212,44246,19314,9063,10251,76144,42149,33995
09,135,moradabad,Rural,13,80120,41845,38275,16292,7303,8989,63828,34542,29286
09,135,moradabad,Rural,14,91342,47847,43495,20492,8878,11614,70850,38969,31881
09,135,moradabad,Rural,15,89418,46761,42657,22156,9512,12644,67262,37249,30013
09,135,moradabad,Rural,16,90974,47423,43551,24636,10348,14288,66338,37075,29263
09,135,moradabad,Rural,17,65898,34698,31200,18216,7456,10760,47682,27242,20440
09,135,moradabad,Rural,18,93992,51229,42763,30436,12505,17931,63556,38724,24832
09,135,moradabad,Rural,19,57508,30967,26541,19314,7434,11880,38194,23533,14661
09,135,moradabad,Rural,20-24,272547,148438,124109,113309,42320,70989,159238,106118,53120
09,135,moradabad,Rural,25-29,207267,107384,99883,111660,40001,71659,95607,67383,28224
09,135,moradabad,Rural,30-34,189368,95072,94296,115387,41979,73408,73981,53093,20888
09,135,moradabad,Rural,35-39,185346,95489,89857,119944,46228,73716,65402,49261,16141
09,135,moradabad,Rural,40-44,147328,80510,66818,98070,42364,55706,49258,38146,11112
09,135,moradabad,Rural,45-49,110373,58037,52336,76274,31353,44921,34099,26684,7415
09,135,moradabad,Rural,50-54,83039,45783,37256,59079,26568,32511,23960,19215,4745
09,135,moradabad,Rural,55-59,71340,31879,39461,54204,18582,35622,17136,13297,3839
09,135,moradabad,Rural,60-64,78095,41251,36844,61544,27881,33663,16551,13370,3181
09,135,moradabad,Rural,65-69,45225,22582,22643,36069,15278,20791,9156,7304,1852
09,135,moradabad,Rural,70-74,31301,17055,14246,25613,12357,13256,5688,4698,990
09,135,moradabad,Rural,75-79,12457,6050,6407,10350,4358,5992,2107,1692,415
09,135,moradabad,Rural,80+,20775,10781,9994,16208,7461,8747,4567,3320,1247
09,135,moradabad,Rural,Age not stated,60527,31204,29323,33265,14225,19040,27262,16979,10283
09,135,moradabad,Urban,All ages,1573623,823164,750459,716917,345723,371194,856706,477441,379265
09,135,moradabad,Urban,0-6,221315,115461,105854,221315,115461,105854,0,0,0
09,135,moradabad,Urban,7,35015,18168,16847,14164,7208,6956,20851,10960,9891
09,135,moradabad,Urban,8,38340,20050,18290,12668,6494,6174,25672,13556,12116
09,135,moradabad,Urban,9,31974,16899,15075,8763,4567,4196,23211,12332,10879
09,135,moradabad,Urban,10,44151,23520,20631,12713,6672,6041,31438,16848,14590
09,135,moradabad,Urban,11,35180,18832,16348,8678,4649,4029,26502,14183,12319
09,135,moradabad,Urban,12,40059,21322,18737,10349,5511,4838,29710,15811,13899
09,135,moradabad,Urban,13,34075,17583,16492,8296,4370,3926,25779,13213,12566
09,135,moradabad,Urban,14,39266,20224,19042,10253,5263,4990,29013,14961,14052
09,135,moradabad,Urban,15,39920,20666,19254,11092,5754,5338,28828,14912,13916
09,135,moradabad,Urban,16,41306,21097,20209,11864,6032,5832,29442,15065,14377
09,135,moradabad,Urban,17,34128,17495,16633,9206,4718,4488,24922,12777,12145
09,135,moradabad,Urban,18,47140,25201,21939,14421,7721,6700,32719,17480,15239
09,135,moradabad,Urban,19,32790,17536,15254,9245,4853,4392,23545,12683,10862
09,135,moradabad,Urban,20-24,165811,88933,76878,51447,26163,25284,114364,62770,51594
09,135,moradabad,Urban,25-29,124591,64887,59704,44168,20137,24031,80423,44750,35673
09,135,moradabad,Urban,30-34,105394,54506,50888,41609,18052,23557,63785,36454,27331
09,135,moradabad,Urban,35-39,99337,51078,48259,43241,18333,24908,56096,32745,23351
09,135,moradabad,Urban,40-44,82414,43544,38870,37709,16736,20973,44705,26808,17897
09,135,moradabad,Urban,45-49,68926,35898,33028,31279,13371,17908,37647,22527,15120
09,135,moradabad,Urban,50-54,53117,28713,24404,24163,10587,13576,28954,18126,10828
09,135,moradabad,Urban,55-59,40355,19997,20358,19211,6955,12256,21144,13042,8102
09,135,moradabad,Urban,60-64,37646,19738,17908,20601,8928,11673,17045,10810,6235
09,135,moradabad,Urban,65-69,20716,10637,10079,10843,4363,6480,9873,6274,3599
09,135,moradabad,Urban,70-74,14643,7679,6964,8110,3398,4712,6533,4281,2252
09,135,moradabad,Urban,75-79,6378,3210,3168,3126,1147,1979,3252,2063,1189
09,135,moradabad,Urban,80+,10487,5152,5335,5747,2347,3400,4740,2805,1935
09,135,moradabad,Urban,Age not stated,29149,15138,14011,12636,5933,6703,16513,9205,7308
09,136,rampur,Total,All ages,2335819,1223889,1111930,1292153,593481,698672,1043666,630408,413258
09,136,rampur,Total,0-6,379227,197151,182076,379227,197151,182076,0,0,0
09,136,rampur,Total,7,57967,30335,27632,24209,12304,11905,33758,18031,15727
09,136,rampur,Total,8,70899,37088,33811,21207,10553,10654,49692,26535,23157
09,136,rampur,Total,9,52081,27388,24693,13105,6522,6583,38976,20866,18110
09,136,rampur,Total,10,81865,43519,38346,21057,10384,10673,60808,33135,27673
09,136,rampur,Total,11,54959,29216,25743,12072,6010,6062,42887,23206,19681
09,136,rampur,Total,12,73213,38939,34274,16004,7673,8331,57209,31266,25943
09,136,rampur,Total,13,56682,29315,27367,12464,5818,6646,44218,23497,20721
09,136,rampur,Total,14,67356,34698,32658,16352,7427,8925,51004,27271,23733
09,136,rampur,Total,15,68115,35564,32551,18072,8195,9877,50043,27369,22674
09,136,rampur,Total,16,70962,36105,34857,20672,8955,11717,50290,27150,23140
09,136,rampur,Total,17,50549,25970,24579,14951,6450,8501,35598,19520,16078
09,136,rampur,Total,18,78237,42169,36068,26294,11537,14757,51943,30632,21311
09,136,rampur,Total,19,42703,23051,19652,14571,6335,8236,28132,16716,11416
09,136,rampur,Total,20-24,213599,117995,95604,87101,37224,49877,126498,80771,45727
09,136,rampur,Total,25-29,157709,82359,75350,81293,32072,49221,76416,50287,26129
09,136,rampur,Total,30-34,143690,72130,71560,84692,32556,52136,58998,39574,19424
09,136,rampur,Total,35-39,141411,72075,69336,90362,36401,53961,51049,35674,15375
09,136,rampur,Total,40-44,116321,62593,53728,77353,34670,42683,38968,27923,11045
09,136,rampur,Total,45-49,89742,47390,42352,61060,26637,34423,28682,20753,7929
09,136,rampur,Total,50-54,66704,37184,29520,46360,22270,24090,20344,14914,5430
09,136,rampur,Total,55-59,53621,23938,29683,39812,14019,25793,13809,9919,3890
09,136,rampur,Total,60-64,60314,32492,27822,47242,22501,24741,13072,9991,3081
09,136,rampur,Total,65-69,32539,16788,15751,25244,11315,13929,7295,5473,1822
09,136,rampur,Total,70-74,22664,11854,10810,18373,8582,9791,4291,3272,1019
09,136,rampur,Total,75-79,8644,4035,4609,6885,2759,4126,1759,1276,483
09,136,rampur,Total,80+,14427,7127,7300,11117,4808,6309,3310,2319,991
09,136,rampur,Total,Age not stated,9619,5421,4198,5002,2353,2649,4617,3068,1549
09,136,rampur,Rural,All ages,1747172,916878,830294,988193,446272,541921,758979,470606,288373
09,136,rampur,Rural,0-6,298914,155688,143226,298914,155688,143226,0,0,0
09,136,rampur,Rural,7,45072,23659,21413,17910,9105,8805,27162,14554,12608
09,136,rampur,Rural,8,55569,29112,26457,14959,7362,7597,40610,21750,18860
09,136,rampur,Rural,9,40794,21447,19347,9216,4520,4696,31578,16927,14651
09,136,rampur,Rural,10,64343,34305,30038,14755,7101,7654,49588,27204,22384
09,136,rampur,Rural,11,42884,22822,20062,8369,4048,4321,34515,18774,15741
09,136,rampur,Rural,12,56976,30311,26665,10855,4965,5890,46121,25346,20775
09,136,rampur,Rural,13,44030,22844,21186,8649,3846,4803,35381,18998,16383
09,136,rampur,Rural,14,52220,27060,25160,11477,4987,6490,40743,22073,18670
09,136,rampur,Rural,15,52320,27464,24856,12787,5488,7299,39533,21976,17557
09,136,rampur,Rural,16,54270,27784,26486,14603,6004,8599,39667,21780,17887
09,136,rampur,Rural,17,37220,19284,17936,10437,4219,6218,26783,15065,11718
09,136,rampur,Rural,18,57802,31501,26301,18705,7672,11033,39097,23829,15268
09,136,rampur,Rural,19,30549,16572,13977,10367,4151,6216,20182,12421,7761
09,136,rampur,Rural,20-24,150396,83313,67083,63221,24699,38522,87175,58614,28561
09,136,rampur,Rural,25-29,110712,57482,53230,61673,22709,38964,49039,34773,14266
09,136,rampur,Rural,30-34,105232,52388,52844,66978,24699,42279,38254,27689,10565
09,136,rampur,Rural,35-39,104224,53269,50955,71572,28352,43220,32652,24917,7735
09,136,rampur,Rural,40-44,83902,45525,38377,59930,26720,33210,23972,18805,5167
09,136,rampur,Rural,45-49,62966,33227,29739,46536,20132,26404,16430,13095,3335
09,136,rampur,Rural,50-54,46239,26145,20094,34973,16990,17983,11266,9155,2111
09,136,rampur,Rural,55-59,38327,16468,21859,30929,10704,20225,7398,5764,1634
09,136,rampur,Rural,60-64,45048,24381,20667,37099,17811,19288,7949,6570,1379
09,136,rampur,Rural,65-69,24616,12670,11946,20187,9134,11053,4429,3536,893
09,136,rampur,Rural,70-74,17137,9064,8073,14579,6996,7583,2558,2068,490
09,136,rampur,Rural,75-79,6381,3008,3373,5392,2231,3161,989,777,212
09,136,rampur,Rural,80+,11068,5544,5524,8881,3945,4936,2187,1599,588
09,136,rampur,Rural,Age not stated,7961,4541,3420,4240,1994,2246,3721,2547,1174
09,136,rampur,Urban,All ages,588647,307011,281636,303960,147209,156751,284687,159802,124885
09,136,rampur,Urban,0-6,80313,41463,38850,80313,41463,38850,0,0,0
09,136,rampur,Urban,7,12895,6676,6219,6299,3199,3100,6596,3477,3119
09,136,rampur,Urban,8,15330,7976,7354,6248,3191,3057,9082,4785,4297
09,136,rampur,Urban,9,11287,5941,5346,3889,2002,1887,7398,3939,3459
09,136,rampur,Urban,10,17522,9214,8308,6302,3283,3019,11220,5931,5289
09,136,rampur,Urban,11,12075,6394,5681,3703,1962,1741,8372,4432,3940
09,136,rampur,Urban,12,16237,8628,7609,5149,2708,2441,11088,5920,5168
09,136,rampur,Urban,13,12652,6471,6181,3815,1972,1843,8837,4499,4338
09,136,rampur,Urban,14,15136,7638,7498,4875,2440,2435,10261,5198,5063
09,136,rampur,Urban,15,15795,8100,7695,5285,2707,2578,10510,5393,5117
09,136,rampur,Urban,16,16692,8321,8371,6069,2951,3118,10623,5370,5253
09,136,rampur,Urban,17,13329,6686,6643,4514,2231,2283,8815,4455,4360
09,136,rampur,Urban,18,20435,10668,9767,7589,3865,3724,12846,6803,6043
09,136,rampur,Urban,19,12154,6479,5675,4204,2184,2020,7950,4295,3655
09,136,rampur,Urban,20-24,63203,34682,28521,23880,12525,11355,39323,22157,17166
09,136,rampur,Urban,25-29,46997,24877,22120,19620,9363,10257,27377,15514,11863
09,136,rampur,Urban,30-34,38458,19742,18716,17714,7857,9857,20744,11885,8859
09,136,rampur,Urban,35-39,37187,18806,18381,18790,8049,10741,18397,10757,7640
09,136,rampur,Urban,40-44,32419,17068,15351,17423,7950,9473,14996,9118,5878
09,136,rampur,Urban,45-49,26776,14163,12613,14524,6505,8019,12252,7658,4594
09,136,rampur,Urban,50-54,20465,11039,9426,11387,5280,6107,9078,5759,3319
09,136,rampur,Urban,55-59,15294,7470,7824,8883,3315,5568,6411,4155,2256
09,136,rampur,Urban,60-64,15266,8111,7155,10143,4690,5453,5123,3421,1702
09,136,rampur,Urban,65-69,7923,4118,3805,5057,2181,2876,2866,1937,929
09,136,rampur,Urban,70-74,5527,2790,2737,3794,1586,2208,1733,1204,529
09,136,rampur,Urban,75-79,2263,1027,1236,1493,528,965,770,499,271
09,136,rampur,Urban,80+,3359,1583,1776,2236,863,1373,1123,720,403
09,136,rampur,Urban,Age not stated,1658,880,778,762,359,403,896,521,375
09,137,jyotiba phule nagar,Total,All ages,1840221,963449,876772,857111,362908,494203,983110,600541,382569
09,137,jyotiba phule nagar,Total,0-6,300231,157737,142494,300231,157737,142494,0,0,0
09,137,jyotiba phule nagar,Total,7,45121,23782,21339,14462,7320,7142,30659,16462,14197
09,137,jyotiba phule nagar,Total,8,52483,27821,24662,9840,4820,5020,42643,23001,19642
09,137,jyotiba phule nagar,Total,9,41371,21784,19587,6167,2961,3206,35204,18823,16381
09,137,jyotiba phule nagar,Total,10,58705,31414,27291,8339,3976,4363,50366,27438,22928
09,137,jyotiba phule nagar,Total,11,44798,23831,20967,5189,2372,2817,39609,21459,18150
09,137,jyotiba phule nagar,Total,12,53530,28920,24610,6092,2774,3318,47438,26146,21292
09,137,jyotiba phule nagar,Total,13,46525,24278,22247,5340,2293,3047,41185,21985,19200
09,137,jyotiba phule nagar,Total,14,51122,26753,24369,6554,2675,3879,44568,24078,20490
09,137,jyotiba phule nagar,Total,15,50314,26158,24156,7458,3068,4390,42856,23090,19766
09,137,jyotiba phule nagar,Total,16,51232,26447,24785,8081,3149,4932,43151,23298,19853
09,137,jyotiba phule nagar,Total,17,39649,20877,18772,6341,2399,3942,33308,18478,14830
09,137,jyotiba phule nagar,Total,18,54840,29876,24964,10985,4220,6765,43855,25656,18199
09,137,jyotiba phule nagar,Total,19,34131,17980,16151,7259,2446,4813,26872,15534,11338
09,137,jyotiba phule nagar,Total,20-24,170851,90956,79895,48051,15312,32739,122800,75644,47156
09,137,jyotiba phule nagar,Total,25-29,132380,68759,63621,50893,15394,35499,81487,53365,28122
09,137,jyotiba phule nagar,Total,30-34,116865,58373,58492,54773,16800,37973,62092,41573,20519
09,137,jyotiba phule nagar,Total,35-39,112962,58110,54852,58304,19395,38909,54658,38715,15943
09,137,jyotiba phule nagar,Total,40-44,90901,48556,42345,49871,18402,31469,41030,30154,10876
09,137,jyotiba phule nagar,Total,45-49,70547,36914,33633,40831,14764,26067,29716,22150,7566
09,137,jyotiba phule nagar,Total,50-54,53375,29059,24316,32310,12903,19407,21065,16156,4909
09,137,jyotiba phule nagar,Total,55-59,43818,20564,23254,28961,9329,19632,14857,11235,3622
09,137,jyotiba phule nagar,Total,60-64,46301,24290,22011,33002,13793,19209,13299,10497,2802
09,137,jyotiba phule nagar,Total,65-69,28192,14181,14011,20717,8272,12445,7475,5909,1566
09,137,jyotiba phule nagar,Total,70-74,20857,11276,9581,16045,7272,8773,4812,4004,808
09,137,jyotiba phule nagar,Total,75-79,8922,4391,4531,6930,2809,4121,1992,1582,410
09,137,jyotiba phule nagar,Total,80+,14384,7338,7046,11227,5009,6218,3157,2329,828
09,137,jyotiba phule nagar,Total,Age not stated,5814,3024,2790,2858,1244,1614,2956,1780,1176
09,137,jyotiba phule nagar,Rural,All ages,1381508,724539,656969,652301,268256,384045,729207,456283,272924
09,137,jyotiba phule nagar,Rural,0-6,231598,122052,109546,231598,122052,109546,0,0,0
09,137,jyotiba phule nagar,Rural,7,34578,18343,16235,10603,5407,5196,23975,12936,11039
09,137,jyotiba phule nagar,Rural,8,40482,21570,18912,6802,3272,3530,33680,18298,15382
09,137,jyotiba phule nagar,Rural,9,31664,16687,14977,4045,1878,2167,27619,14809,12810
09,137,jyotiba phule nagar,Rural,10,45335,24300,21035,5514,2522,2992,39821,21778,18043
09,137,jyotiba phule nagar,Rural,11,34573,18567,16006,3379,1469,1910,31194,17098,14096
09,137,jyotiba phule nagar,Rural,12,41113,22298,18815,3819,1569,2250,37294,20729,16565
09,137,jyotiba phule nagar,Rural,13,35789,18699,17090,3361,1256,2105,32428,17443,14985
09,137,jyotiba phule nagar,Rural,14,39202,20600,18602,4244,1492,2752,34958,19108,15850
09,137,jyotiba phule nagar,Rural,15,38293,20055,18238,4902,1783,3119,33391,18272,15119
09,137,jyotiba phule nagar,Rural,16,38610,20012,18598,5313,1741,3572,33297,18271,15026
09,137,jyotiba phule nagar,Rural,17,29218,15573,13645,4169,1303,2866,25049,14270,10779
09,137,jyotiba phule nagar,Rural,18,40198,21925,18273,7334,2308,5026,32864,19617,13247
09,137,jyotiba phule nagar,Rural,19,24568,12913,11655,4989,1325,3664,19579,11588,7991
09,137,jyotiba phule nagar,Rural,20-24,122783,65328,57455,34386,9027,25359,88397,56301,32096
09,137,jyotiba phule nagar,Rural,25-29,95772,49713,46059,38372,10232,28140,57400,39481,17919
09,137,jyotiba phule nagar,Rural,30-34,86464,43004,43460,42635,12137,30498,43829,30867,12962
09,137,jyotiba phule nagar,Rural,35-39,84273,43367,40906,45623,14436,31187,38650,28931,9719
09,137,jyotiba phule nagar,Rural,40-44,66961,35820,31141,38411,13734,24677,28550,22086,6464
09,137,jyotiba phule nagar,Rural,45-49,51383,26845,24538,31297,10978,20319,20086,15867,4219
09,137,jyotiba phule nagar,Rural,50-54,39122,21401,17721,24928,9810,15118,14194,11591,2603
09,137,jyotiba phule nagar,Rural,55-59,32787,15167,17620,22890,7220,15670,9897,7947,1950
09,137,jyotiba phule nagar,Rural,60-64,35411,18666,16745,26211,10926,15285,9200,7740,1460
09,137,jyotiba phule nagar,Rural,65-69,22209,11118,11091,17039,6773,10266,5170,4345,825
09,137,jyotiba phule nagar,Rural,70-74,16581,9006,7575,13249,6075,7174,3332,2931,401
09,137,jyotiba phule nagar,Rural,75-79,7121,3526,3595,5799,2399,3400,1322,1127,195
09,137,jyotiba phule nagar,Rural,80+,11432,5917,5515,9304,4249,5055,2128,1668,460
09,137,jyotiba phule nagar,Rural,Age not stated,3988,2067,1921,2085,883,1202,1903,1184,719
09,137,jyotiba phule nagar,Urban,All ages,458713,238910,219803,204810,94652,110158,253903,144258,109645
09,137,jyotiba phule nagar,Urban,0-6,68633,35685,32948,68633,35685,32948,0,0,0
09,137,jyotiba phule nagar,Urban,7,10543,5439,5104,3859,1913,1946,6684,3526,3158
09,137,jyotiba phule nagar,Urban,8,12001,6251,5750,3038,1548,1490,8963,4703,4260
09,137,jyotiba phule nagar,Urban,9,9707,5097,4610,2122,1083,1039,7585,4014,3571
09,137,jyotiba phule nagar,Urban,10,13370,7114,6256,2825,1454,1371,10545,5660,4885
09,137,jyotiba phule nagar,Urban,11,10225,5264,4961,1810,903,907,8415,4361,4054
09,137,jyotiba phule nagar,Urban,12,12417,6622,5795,2273,1205,1068,10144,5417,4727
09,137,jyotiba phule nagar,Urban,13,10736,5579,5157,1979,1037,942,8757,4542,4215
09,137,jyotiba phule nagar,Urban,14,11920,6153,5767,2310,1183,1127,9610,4970,4640
09,137,jyotiba phule nagar,Urban,15,12021,6103,5918,2556,1285,1271,9465,4818,4647
09,137,jyotiba phule nagar,Urban,16,12622,6435,6187,2768,1408,1360,9854,5027,4827
09,137,jyotiba phule nagar,Urban,17,10431,5304,5127,2172,1096,1076,8259,4208,4051
09,137,jyotiba phule nagar,Urban,18,14642,7951,6691,3651,1912,1739,10991,6039,4952
09,137,jyotiba phule nagar,Urban,19,9563,5067,4496,2270,1121,1149,7293,3946,3347
09,137,jyotiba phule nagar,Urban,20-24,48068,25628,22440,13665,6285,7380,34403,19343,15060
09,137,jyotiba phule nagar,Urban,25-29,36608,19046,17562,12521,5162,7359,24087,13884,10203
09,137,jyotiba phule nagar,Urban,30-34,30401,15369,15032,12138,4663,7475,18263,10706,7557
09,137,jyotiba phule nagar,Urban,35-39,28689,14743,13946,12681,4959,7722,16008,9784,6224
09,137,jyotiba phule nagar,Urban,40-44,23940,12736,11204,11460,4668,6792,12480,8068,4412
09,137,jyotiba phule nagar,Urban,45-49,19164,10069,9095,9534,3786,5748,9630,6283,3347
09,137,jyotiba phule nagar,Urban,50-54,14253,7658,6595,7382,3093,4289,6871,4565,2306
09,137,jyotiba phule nagar,Urban,55-59,11031,5397,5634,6071,2109,3962,4960,3288,1672
09,137,jyotiba phule nagar,Urban,60-64,10890,5624,5266,6791,2867,3924,4099,2757,1342
09,137,jyotiba phule nagar,Urban,65-69,5983,3063,2920,3678,1499,2179,2305,1564,741
09,137,jyotiba phule nagar,Urban,70-74,4276,2270,2006,2796,1197,1599,1480,1073,407
09,137,jyotiba phule nagar,Urban,75-79,1801,865,936,1131,410,721,670,455,215
09,137,jyotiba phule nagar,Urban,80+,2952,1421,1531,1923,760,1163,1029,661,368
09,137,jyotiba phule nagar,Urban,Age not stated,1826,957,869,773,361,412,1053,596,457
09,138,meerut,Total,All ages,3443689,1825743,1617946,1302201,571223,730978,2141488,1254520,886968
09,138,meerut,Total,0-6,503719,272034,231685,503719,272034,231685,0,0,0
09,138,meerut,Total,7,72738,39418,33320,23544,12197,11347,49194,27221,21973
09,138,meerut,Total,8,78703,42858,35845,17031,8686,8345,61672,34172,27500
09,138,meerut,Total,9,67492,36718,30774,11709,5947,5762,55783,30771,25012
09,138,meerut,Total,10,89562,49247,40315,15034,7552,7482,74528,41695,32833
09,138,meerut,Total,11,74121,40619,33502,10447,5170,5277,63674,35449,28225
09,138,meerut,Total,12,86567,47170,39397,11329,5523,5806,75238,41647,33591
09,138,meerut,Total,13,74680,39628,35052,9449,4446,5003,65231,35182,30049
09,138,meerut,Total,14,83852,44374,39478,10804,5059,5745,73048,39315,33733
09,138,meerut,Total,15,84387,44867,39520,11666,5410,6256,72721,39457,33264
09,138,meerut,Total,16,85928,45352,40576,12106,5585,6521,73822,39767,34055
09,138,meerut,Total,17,73876,39351,34525,10243,4744,5499,63633,34607,29026
09,138,meerut,Total,18,95545,51965,43580,14953,6865,8088,80592,45100,35492
09,138,meerut,Total,19,70267,37292,32975,10846,4637,6209,59421,32655,26766
09,138,meerut,Total,20-24,349971,186639,163332,63565,24957,38608,286406,161682,124724
09,138,meerut,Total,25-29,273709,144739,128970,62648,21759,40889,211061,122980,88081
09,138,meerut,Total,30-34,224433,114750,109683,63785,20495,43290,160648,94255,66393
09,138,meerut,Total,35-39,217090,111968,105122,72506,23201,49305,144584,88767,55817
09,138,meerut,Total,40-44,182001,94956,87045,68179,22707,45472,113822,72249,41573
09,138,meerut,Total,45-49,156951,82327,74624,62327,20543,41784,94624,61784,32840
09,138,meerut,Total,50-54,120914,65085,55829,49592,17582,32010,71322,47503,23819
09,138,meerut,Total,55-59,94788,47887,46901,42561,12910,29651,52227,34977,17250
09,138,meerut,Total,60-64,85490,44739,40751,43206,15273,27933,42284,29466,12818
09,138,meerut,Total,65-69,56309,28413,27896,30162,10191,19971,26147,18222,7925
09,138,meerut,Total,70-74,42693,22349,20344,24910,9462,15448,17783,12887,4896
09,138,meerut,Total,75-79,20864,10474,10390,12149,4339,7810,8715,6135,2580
09,138,meerut,Total,80+,30769,15749,15020,17985,7170,10815,12784,8579,4205
09,138,meerut,Total,Age not stated,46270,24775,21495,15746,6779,8967,30524,17996,12528
09,138,meerut,Rural,All ages,1684507,894920,789587,681839,288160,393679,1002668,606760,395908
09,138,meerut,Rural,0-6,267252,144053,123199,267252,144053,123199,0,0,0
09,138,meerut,Rural,7,37347,20314,17033,11672,6129,5543,25675,14185,11490
09,138,meerut,Rural,8,41520,22575,18945,7921,4057,3864,33599,18518,15081
09,138,meerut,Rural,9,34345,18784,15561,5147,2577,2570,29198,16207,12991
09,138,meerut,Rural,10,46399,25601,20798,6596,3281,3315,39803,22320,17483
09,138,meerut,Rural,11,37445,20469,16976,4255,2006,2249,33190,18463,14727
09,138,meerut,Rural,12,45069,24751,20318,4554,2133,2421,40515,22618,17897
09,138,meerut,Rural,13,38411,20421,17990,3820,1660,2160,34591,18761,15830
09,138,meerut,Rural,14,43467,23025,20442,4363,1896,2467,39104,21129,17975
09,138,meerut,Rural,15,42972,22732,20240,4748,2009,2739,38224,20723,17501
09,138,meerut,Rural,16,44325,23458,20867,5062,2128,2934,39263,21330,17933
09,138,meerut,Rural,17,36282,19450,16832,4054,1741,2313,32228,17709,14519
09,138,meerut,Rural,18,47736,26247,21489,6246,2551,3695,41490,23696,17794
09,138,meerut,Rural,19,33459,17654,15805,4461,1613,2848,28998,16041,12957
09,138,meerut,Rural,20-24,162951,87667,75284,28931,9675,19256,134020,77992,56028
09,138,meerut,Rural,25-29,121484,64965,56519,30349,9175,21174,91135,55790,35345
09,138,meerut,Rural,30-34,100643,51297,49346,32907,9477,23430,67736,41820,25916
09,138,meerut,Rural,35-39,99261,51330,47931,37981,10943,27038,61280,40387,20893
09,138,meerut,Rural,40-44,83122,43641,39481,36352,11195,25157,46770,32446,14324
09,138,meerut,Rural,45-49,71102,37158,33944,33423,10204,23219,37679,26954,10725
09,138,meerut,Rural,50-54,55274,29818,25456,27515,9307,18208,27759,20511,7248
09,138,meerut,Rural,55-59,44447,21987,22460,24621,7133,17488,19826,14854,4972
09,138,meerut,Rural,60-64,42270,21876,20394,25645,8840,16805,16625,13036,3589
09,138,meerut,Rural,65-69,29502,14593,14909,18936,6393,12543,10566,8200,2366
09,138,meerut,Rural,70-74,23137,11996,11141,15802,6077,9725,7335,5919,1416
09,138,meerut,Rural,75-79,11296,5691,5605,7926,2963,4963,3370,2728,642
09,138,meerut,Rural,80+,17223,9002,8221,11539,4823,6716,5684,4179,1505
09,138,meerut,Rural,Age not stated,26766,14365,12401,9761,4121,5640,17005,10244,6761
09,138,meerut,Urban,All ages,1759182,930823,828359,620362,283063,337299,1138820,647760,491060
09,138,meerut,Urban,0-6,236467,127981,108486,236467,127981,108486,0,0,0
09,138,meerut,Urban,7,35391,19104,16287,11872,6068,5804,23519,13036,10483
09,138,meerut,Urban,8,37183,20283,16900,9110,4629,4481,28073,15654,12419
09,138,meerut,Urban,9,33147,17934,15213,6562,3370,3192,26585,14564,12021
09,138,meerut,Urban,10,43163,23646,19517,8438,4271,4167,34725,19375,15350
09,138,meerut,Urban,11,36676,20150,16526,6192,3164,3028,30484,16986,13498
09,138,meerut,Urban,12,41498,22419,19079,6775,3390,3385,34723,19029,15694
09,138,meerut,Urban,13,36269,19207,17062,5629,2786,2843,30640,16421,14219
09,138,meerut,Urban,14,40385,21349,19036,6441,3163,3278,33944,18186,15758
09,138,meerut,Urban,15,41415,22135,19280,6918,3401,3517,34497,18734,15763
09,138,meerut,Urban,16,41603,21894,19709,7044,3457,3587,34559,18437,16122
09,138,meerut,Urban,17,37594,19901,17693,6189,3003,3186,31405,16898,14507
09,138,meerut,Urban,18,47809,25718,22091,8707,4314,4393,39102,21404,17698
09,138,meerut,Urban,19,36808,19638,17170,6385,3024,3361,30423,16614,13809
09,138,meerut,Urban,20-24,187020,98972,88048,34634,15282,19352,152386,83690,68696
09,138,meerut,Urban,25-29,152225,79774,72451,32299,12584,19715,119926,67190,52736
09,138,meerut,Urban,30-34,123790,63453,60337,30878,11018,19860,92912,52435,40477
09,138,meerut,Urban,35-39,117829,60638,57191,34525,12258,22267,83304,48380,34924
09,138,meerut,Urban,40-44,98879,51315,47564,31827,11512,20315,67052,39803,27249
09,138,meerut,Urban,45-49,85849,45169,40680,28904,10339,18565,56945,34830,22115
09,138,meerut,Urban,50-54,65640,35267,30373,22077,8275,13802,43563,26992,16571
09,138,meerut,Urban,55-59,50341,25900,24441,17940,5777,12163,32401,20123,12278
09,138,meerut,Urban,60-64,43220,22863,20357,17561,6433,11128,25659,16430,9229
09,138,meerut,Urban,65-69,26807,13820,12987,11226,3798,7428,15581,10022,5559
09,138,meerut,Urban,70-74,19556,10353,9203,9108,3385,5723,10448,6968,3480
09,138,meerut,Urban,75-79,9568,4783,4785,4223,1376,2847,5345,3407,1938
09,138,meerut,Urban,80+,13546,6747,6799,6446,2347,4099,7100,4400,2700
09,138,meerut,Urban,Age not stated,19504,10410,9094,5985,2658,3327,13519,7752,5767
09,139,baghpat,Total,All ages,1303048,700070,602978,505078,210212,294866,797970,489858,308112
09,139,baghpat,Total,0-6,194979,105924,89055,194979,105924,89055,0,0,0
09,139,baghpat,Total,7,28405,15457,12948,8190,4264,3926,20215,11193,9022
09,139,baghpat,Total,8,32707,17844,14863,5554,2754,2800,27153,15090,12063
09,139,baghpat,Total,9,26361,14475,11886,3237,1550,1687,23124,12925,10199
09,139,baghpat,Total,10,35559,19566,15993,4416,2093,2323,31143,17473,13670
09,139,baghpat,Total,11,28146,15519,12627,2704,1262,1442,25442,14257,11185
09,139,baghpat,Total,12,34965,19131,15834,3348,1468,1880,31617,17663,13954
09,139,baghpat,Total,13,29217,15493,13724,2743,1092,1651,26474,14401,12073
09,139,baghpat,Total,14,33224,17667,15557,3375,1270,2105,29849,16397,13452
09,139,baghpat,Total,15,32390,17363,15027,3753,1479,2274,28637,15884,12753
09,139,baghpat,Total,16,32942,17672,15270,4064,1568,2496,28878,16104,12774
09,139,baghpat,Total,17,27599,14934,12665,3162,1207,1955,24437,13727,10710
09,139,baghpat,Total,18,35988,20195,15793,5099,1926,3173,30889,18269,12620
09,139,baghpat,Total,19,25055,13628,11427,3349,1106,2243,21706,12522,9184
09,139,baghpat,Total,20-24,123306,67490,55816,21536,6716,14820,101770,60774,40996
09,139,baghpat,Total,25-29,96297,52531,43766,22091,6606,15485,74206,45925,28281
09,139,baghpat,Total,30-34,81294,41895,39399,23013,6167,16846,58281,35728,22553
09,139,baghpat,Total,35-39,78331,41130,37201,25666,6951,18715,52665,34179,18486
09,139,baghpat,Total,40-44,66497,35130,31367,25528,7330,18198,40969,27800,13169
09,139,baghpat,Total,45-49,57154,29770,27384,24677,7055,17622,32477,22715,9762
09,139,baghpat,Total,50-54,46671,25090,21581,21499,6771,14728,25172,18319,6853
09,139,baghpat,Total,55-59,38137,19203,18934,19611,5380,14231,18526,13823,4703
09,139,baghpat,Total,60-64,36126,19023,17103,21220,7259,13961,14906,11764,3142
09,139,baghpat,Total,65-69,25955,12983,12972,16547,5552,10995,9408,7431,1977
09,139,baghpat,Total,70-74,21481,11888,9593,14380,5889,8491,7101,5999,1102
09,139,baghpat,Total,75-79,11037,5998,5039,7536,3109,4427,3501,2889,612
09,139,baghpat,Total,80+,15141,8692,6449,10667,5154,5513,4474,3538,936
09,139,baghpat,Total,Age not stated,8084,4379,3705,3134,1310,1824,4950,3069,1881
09,139,baghpat,Rural,All ages,1028023,553807,474216,401766,165326,236440,626257,388481,237776
09,139,baghpat,Rural,0-6,154270,83995,70275,154270,83995,70275,0,0,0
09,139,baghpat,Rural,7,22379,12210,10169,6152,3205,2947,16227,9005,7222
09,139,baghpat,Rural,8,25660,13903,11757,3900,1879,2021,21760,12024,9736
09,139,baghpat,Rural,9,20903,11455,9448,2336,1101,1235,18567,10354,8213
09,139,baghpat,Rural,10,28052,15406,12646,3131,1438,1693,24921,13968,10953
09,139,baghpat,Rural,11,22289,12241,10048,1931,876,1055,20358,11365,8993
09,139,baghpat,Rural,12,27701,15183,12518,2300,937,1363,25401,14246,11155
09,139,baghpat,Rural,13,23275,12363,10912,2012,764,1248,21263,11599,9664
09,139,baghpat,Rural,14,26328,14005,12323,2386,847,1539,23942,13158,10784
09,139,baghpat,Rural,15,25753,13821,11932,2760,1035,1725,22993,12786,10207
09,139,baghpat,Rural,16,26223,14027,12196,2978,1079,1899,23245,12948,10297
09,139,baghpat,Rural,17,21817,11830,9987,2347,854,1493,19470,10976,8494
09,139,baghpat,Rural,18,28324,15928,12396,3743,1336,2407,24581,14592,9989
09,139,baghpat,Rural,19,19778,10770,9008,2538,773,1765,17240,9997,7243
09,139,baghpat,Rural,20-24,95805,52897,42908,16384,4808,11576,79421,48089,31332
09,139,baghpat,Rural,25-29,74345,40951,33394,17154,4906,12248,57191,36045,21146
09,139,baghpat,Rural,30-34,62977,32500,30477,18210,4683,13527,44767,27817,16950
09,139,baghpat,Rural,35-39,60942,32179,28763,20536,5341,15195,40406,26838,13568
09,139,baghpat,Rural,40-44,51681,27392,24289,20430,5726,14704,31251,21666,9585
09,139,baghpat,Rural,45-49,44668,23294,21374,19986,5577,14409,24682,17717,6965
09,139,baghpat,Rural,50-54,36637,19721,16916,17606,5505,12101,19031,14216,4815
09,139,baghpat,Rural,55-59,30348,15263,15085,16257,4426,11831,14091,10837,3254
09,139,baghpat,Rural,60-64,29178,15310,13868,17736,6053,11683,11442,9257,2185
09,139,baghpat,Rural,65-69,21466,10771,10695,14042,4760,9282,7424,6011,1413
09,139,baghpat,Rural,70-74,17984,10019,7965,12284,5098,7186,5700,4921,779
09,139,baghpat,Rural,75-79,9277,5061,4216,6510,2716,3794,2767,2345,422
09,139,baghpat,Rural,80+,12763,7411,5352,9093,4474,4619,3670,2937,733
09,139,baghpat,Rural,Age not stated,7200,3901,3299,2754,1134,1620,4446,2767,1679
09,139,baghpat,Urban,All ages,275025,146263,128762,103312,44886,58426,171713,101377,70336
09,139,baghpat,Urban,0-6,40709,21929,18780,40709,21929,18780,0,0,0
09,139,baghpat,Urban,7,6026,3247,2779,2038,1059,979,3988,2188,1800
09,139,baghpat,Urban,8,7047,3941,3106,1654,875,779,5393,3066,2327
09,139,baghpat,Urban,9,5458,3020,2438,901,449,452,4557,2571,1986
09,139,baghpat,Urban,10,7507,4160,3347,1285,655,630,6222,3505,2717
09,139,baghpat,Urban,11,5857,3278,2579,773,386,387,5084,2892,2192
09,139,baghpat,Urban,12,7264,3948,3316,1048,531,517,6216,3417,2799
09,139,baghpat,Urban,13,5942,3130,2812,731,328,403,5211,2802,2409
09,139,baghpat,Urban,14,6896,3662,3234,989,423,566,5907,3239,2668
09,139,baghpat,Urban,15,6637,3542,3095,993,444,549,5644,3098,2546
09,139,baghpat,Urban,16,6719,3645,3074,1086,489,597,5633,3156,2477
09,139,baghpat,Urban,17,5782,3104,2678,815,353,462,4967,2751,2216
09,139,baghpat,Urban,18,7664,4267,3397,1356,590,766,6308,3677,2631
09,139,baghpat,Urban,19,5277,2858,2419,811,333,478,4466,2525,1941
09,139,baghpat,Urban,20-24,27501,14593,12908,5152,1908,3244,22349,12685,9664
09,139,baghpat,Urban,25-29,21952,11580,10372,4937,1700,3237,17015,9880,7135
09,139,baghpat,Urban,30-34,18317,9395,8922,4803,1484,3319,13514,7911,5603
09,139,baghpat,Urban,35-39,17389,8951,8438,5130,1610,3520,12259,7341,4918
09,139,baghpat,Urban,40-44,14816,7738,7078,5098,1604,3494,9718,6134,3584
09,139,baghpat,Urban,45-49,12486,6476,6010,4691,1478,3213,7795,4998,2797
09,139,baghpat,Urban,50-54,10034,5369,4665,3893,1266,2627,6141,4103,2038
09,139,baghpat,Urban,55-59,7789,3940,3849,3354,954,2400,4435,2986,1449
09,139,baghpat,Urban,60-64,6948,3713,3235,3484,1206,2278,3464,2507,957
09,139,baghpat,Urban,65-69,4489,2212,2277,2505,792,1713,1984,1420,564
09,139,baghpat,Urban,70-74,3497,1869,1628,2096,791,1305,1401,1078,323
09,139,baghpat,Urban,75-79,1760,937,823,1026,393,633,734,544,190
09,139,baghpat,Urban,80+,2378,1281,1097,1574,680,894,804,601,203
09,139,baghpat,Urban,Age not stated,884,478,406,380,176,204,504,302,202
09,140,ghaziabad,Total,All ages,4681645,2488834,2192811,1558381,677437,880944,3123264,1811397,1311867
09,140,ghaziabad,Total,0-6,681231,368162,313069,681231,368162,313069,0,0,0
09,140,ghaziabad,Total,7,101665,54415,47250,27642,13969,13673,74023,40446,33577
09,140,ghaziabad,Total,8,103096,56251,46845,17920,8908,9012,85176,47343,37833
09,140,ghaziabad,Total,9,93919,51241,42678,12552,6222,6330,81367,45019,36348
09,140,ghaziabad,Total,10,121120,66696,54424,17254,8565,8689,103866,58131,45735
09,140,ghaziabad,Total,11,102427,56103,46324,11151,5293,5858,91276,50810,40466
09,140,ghaziabad,Total,12,108885,59743,49142,11317,5361,5956,97568,54382,43186
09,140,ghaziabad,Total,13,95988,51447,44541,9428,4235,5193,86560,47212,39348
09,140,ghaziabad,Total,14,105714,56615,49099,10991,5010,5981,94723,51605,43118
09,140,ghaziabad,Total,15,105854,57085,48769,11678,5329,6349,94176,51756,42420
09,140,ghaziabad,Total,16,105907,56765,49142,12090,5339,6751,93817,51426,42391
09,140,ghaziabad,Total,17,93626,50978,42648,10310,4648,5662,83316,46330,36986
09,140,ghaziabad,Total,18,119165,66479,52686,15182,6774,8408,103983,59705,44278
09,140,ghaziabad,Total,19,90973,49445,41528,11279,4746,6533,79694,44699,34995
09,140,ghaziabad,Total,20-24,465391,246246,219145,70929,25477,45452,394462,220769,173693
09,140,ghaziabad,Total,25-29,396108,202286,193822,75380,24016,51364,320728,178270,142458
09,140,ghaziabad,Total,30-34,341608,173241,168367,76607,22932,53675,265001,150309,114692
09,140,ghaziabad,Total,35-39,325096,168008,157088,86178,25589,60589,238918,142419,96499
09,140,ghaziabad,Total,40-44,261397,139748,121649,77549,24345,53204,183848,115403,68445
09,140,ghaziabad,Total,45-49,211770,113675,98095,67151,20868,46283,144619,92807,51812
09,140,ghaziabad,Total,50-54,157067,85628,71439,51083,16474,34609,105984,69154,36830
09,140,ghaziabad,Total,55-59,120163,61816,58347,42970,11989,30981,77193,49827,27366
09,140,ghaziabad,Total,60-64,106643,56408,50235,43802,14511,29291,62841,41897,20944
09,140,ghaziabad,Total,65-69,66942,34684,32258,29057,9284,19773,37885,25400,12485
09,140,ghaziabad,Total,70-74,47920,25549,22371,22935,8030,14905,24985,17519,7466
09,140,ghaziabad,Total,75-79,22782,11880,10902,10824,3661,7163,11958,8219,3739
09,140,ghaziabad,Total,80+,38446,19461,18985,17639,6311,11328,20807,13150,7657
09,140,ghaziabad,Total,Age not stated,90742,48779,41963,26252,11389,14863,64490,37390,27100
09,140,ghaziabad,Rural,All ages,1519098,808222,710876,596788,249867,346921,922310,558355,363955
09,140,ghaziabad,Rural,0-6,248759,134152,114607,248759,134152,114607,0,0,0
09,140,ghaziabad,Rural,7,34871,18616,16255,10679,5379,5300,24192,13237,10955
09,140,ghaziabad,Rural,8,38695,21045,17650,6657,3288,3369,32038,17757,14281
09,140,ghaziabad,Rural,9,32097,17329,14768,4084,1966,2118,28013,15363,12650
09,140,ghaziabad,Rural,10,43763,23914,19849,6259,3039,3220,37504,20875,16629
09,140,ghaziabad,Rural,11,35237,19368,15869,3520,1599,1921,31717,17769,13948
09,140,ghaziabad,Rural,12,39807,21759,18048,3878,1720,2158,35929,20039,15890
09,140,ghaziabad,Rural,13,34129,18368,15761,3106,1354,1752,31023,17014,14009
09,140,ghaziabad,Rural,14,39075,20789,18286,3885,1676,2209,35190,19113,16077
09,140,ghaziabad,Rural,15,38033,20505,17528,4001,1669,2332,34032,18836,15196
09,140,ghaziabad,Rural,16,39297,20874,18423,4499,1835,2664,34798,19039,15759
09,140,ghaziabad,Rural,17,32013,17492,14521,3433,1401,2032,28580,16091,12489
09,140,ghaziabad,Rural,18,43053,23902,19151,5578,2211,3367,37475,21691,15784
09,140,ghaziabad,Rural,19,29809,16074,13735,3927,1405,2522,25882,14669,11213
09,140,ghaziabad,Rural,20-24,152866,82481,70385,26729,8613,18116,126137,73868,52269
09,140,ghaziabad,Rural,25-29,113434,60457,52977,27724,8259,19465,85710,52198,33512
09,140,ghaziabad,Rural,30-34,91842,47052,44790,27915,7781,20134,63927,39271,24656
09,140,ghaziabad,Rural,35-39,89703,46475,43228,32208,8884,23324,57495,37591,19904
09,140,ghaziabad,Rural,40-44,74146,39167,34979,30263,8882,21381,43883,30285,13598
09,140,ghaziabad,Rural,45-49,61174,32230,28944,27186,8024,19162,33988,24206,9782
09,140,ghaziabad,Rural,50-54,46485,24991,21494,21684,6701,14983,24801,18290,6511
09,140,ghaziabad,Rural,55-59,37217,18222,18995,19498,5166,14332,17719,13056,4663
09,140,ghaziabad,Rural,60-64,36431,18683,17748,21086,6906,14180,15345,11777,3568
09,140,ghaziabad,Rural,65-69,24723,12096,12627,15138,4803,10335,9585,7293,2292
09,140,ghaziabad,Rural,70-74,19358,9996,9362,12598,4525,8073,6760,5471,1289
09,140,ghaziabad,Rural,75-79,8996,4529,4467,5905,2085,3820,3091,2444,647
09,140,ghaziabad,Rural,80+,14579,7301,7278,9159,3448,5711,5420,3853,1567
09,140,ghaziabad,Rural,Age not stated,19506,10355,9151,7430,3096,4334,12076,7259,4817
09,140,ghaziabad,Urban,All ages,3162547,1680612,1481935,961593,427570,534023,2200954,1253042,947912
09,140,ghaziabad,Urban,0-6,432472,234010,198462,432472,234010,198462,0,0,0
09,140,ghaziabad,Urban,7,66794,35799,30995,16963,8590,8373,49831,27209,22622
09,140,ghaziabad,Urban,8,64401,35206,29195,11263,5620,5643,53138,29586,23552
09,140,ghaziabad,Urban,9,61822,33912,27910,8468,4256,4212,53354,29656,23698
09,140,ghaziabad,Urban,10,77357,42782,34575,10995,5526,5469,66362,37256,29106
09,140,ghaziabad,Urban,11,67190,36735,30455,7631,3694,3937,59559,33041,26518
09,140,ghaziabad,Urban,12,69078,37984,31094,7439,3641,3798,61639,34343,27296
09,140,ghaziabad,Urban,13,61859,33079,28780,6322,2881,3441,55537,30198,25339
09,140,ghaziabad,Urban,14,66639,35826,30813,7106,3334,3772,59533,32492,27041
09,140,ghaziabad,Urban,15,67821,36580,31241,7677,3660,4017,60144,32920,27224
09,140,ghaziabad,Urban,16,66610,35891,30719,7591,3504,4087,59019,32387,26632
09,140,ghaziabad,Urban,17,61613,33486,28127,6877,3247,3630,54736,30239,24497
09,140,ghaziabad,Urban,18,76112,42577,33535,9604,4563,5041,66508,38014,28494
09,140,ghaziabad,Urban,19,61164,33371,27793,7352,3341,4011,53812,30030,23782
09,140,ghaziabad,Urban,20-24,312525,163765,148760,44200,16864,27336,268325,146901,121424
09,140,ghaziabad,Urban,25-29,282674,141829,140845,47656,15757,31899,235018,126072,108946
09,140,ghaziabad,Urban,30-34,249766,126189,123577,48692,15151,33541,201074,111038,90036
09,140,ghaziabad,Urban,35-39,235393,121533,113860,53970,16705,37265,181423,104828,76595
09,140,ghaziabad,Urban,40-44,187251,100581,86670,47286,15463,31823,139965,85118,54847
09,140,ghaziabad,Urban,45-49,150596,81445,69151,39965,12844,27121,110631,68601,42030
09,140,ghaziabad,Urban,50-54,110582,60637,49945,29399,9773,19626,81183,50864,30319
09,140,ghaziabad,Urban,55-59,82946,43594,39352,23472,6823,16649,59474,36771,22703
09,140,ghaziabad,Urban,60-64,70212,37725,32487,22716,7605,15111,47496,30120,17376
09,140,ghaziabad,Urban,65-69,42219,22588,19631,13919,4481,9438,28300,18107,10193
09,140,ghaziabad,Urban,70-74,28562,15553,13009,10337,3505,6832,18225,12048,6177
09,140,ghaziabad,Urban,75-79,13786,7351,6435,4919,1576,3343,8867,5775,3092
09,140,ghaziabad,Urban,80+,23867,12160,11707,8480,2863,5617,15387,9297,6090
09,140,ghaziabad,Urban,Age not stated,71236,38424,32812,18822,8293,10529,52414,30131,22283
09,141,gautam buddha nagar,Total,All ages,1648115,890214,757901,525168,224149,301019,1122947,666065,456882
09,141,gautam buddha nagar,Total,0-6,246598,133835,112763,246598,133835,112763,0,0,0
09,141,gautam buddha nagar,Total,7,36478,19817,16661,9420,4861,4559,27058,14956,12102
09,141,gautam buddha nagar,Total,8,36737,20016,16721,5674,2762,2912,31063,17254,13809
09,141,gautam buddha nagar,Total,9,32728,17787,14941,3596,1757,1839,29132,16030,13102
09,141,gautam buddha nagar,Total,10,41199,22684,18515,4641,2190,2451,36558,20494,16064
09,141,gautam buddha nagar,Total,11,34111,18769,15342,2875,1373,1502,31236,17396,13840
09,141,gautam buddha nagar,Total,12,37647,20660,16987,2937,1336,1601,34710,19324,15386
09,141,gautam buddha nagar,Total,13,32057,17098,14959,2379,990,1389,29678,16108,13570
09,141,gautam buddha nagar,Total,14,34966,18772,16194,2804,1179,1625,32162,17593,14569
09,141,gautam buddha nagar,Total,15,35055,19244,15811,2985,1337,1648,32070,17907,14163
09,141,gautam buddha nagar,Total,16,34027,18529,15498,3097,1313,1784,30930,17216,13714
09,141,gautam buddha nagar,Total,17,30178,16675,13503,2689,1174,1515,27489,15501,11988
09,141,gautam buddha nagar,Total,18,39236,22347,16889,4029,1722,2307,35207,20625,14582
09,141,gautam buddha nagar,Total,19,31054,17115,13939,3334,1262,2072,27720,15853,11867
09,141,gautam buddha nagar,Total,20-24,165170,90615,74555,21096,6734,14362,144074,83881,60193
09,141,gautam buddha nagar,Total,25-29,148407,77966,70441,23947,6730,17217,124460,71236,53224
09,141,gautam buddha nagar,Total,30-34,127334,66707,60627,24993,6509,18484,102341,60198,42143
09,141,gautam buddha nagar,Total,35-39,115586,61732,53854,27500,7171,20329,88086,54561,33525
09,141,gautam buddha nagar,Total,40-44,89999,49273,40726,24698,6785,17913,65301,42488,22813
09,141,gautam buddha nagar,Total,45-49,70048,38497,31551,21036,5876,15160,49012,32621,16391
09,141,gautam buddha nagar,Total,50-54,50451,28005,22446,15931,4739,11192,34520,23266,11254
09,141,gautam buddha nagar,Total,55-59,38178,19458,18720,13430,3411,10019,24748,16047,8701
09,141,gautam buddha nagar,Total,60-64,34691,17872,16819,13684,4187,9497,21007,13685,7322
09,141,gautam buddha nagar,Total,65-69,23731,11987,11744,9943,2900,7043,13788,9087,4701
09,141,gautam buddha nagar,Total,70-74,18020,9420,8600,8312,2791,5521,9708,6629,3079
09,141,gautam buddha nagar,Total,75-79,9449,4829,4620,4354,1425,2929,5095,3404,1691
09,141,gautam buddha nagar,Total,80+,14342,7206,7136,6992,2534,4458,7350,4672,2678
09,141,gautam buddha nagar,Total,Age not stated,40638,23299,17339,12194,5266,6928,28444,18033,10411
09,141,gautam buddha nagar,Rural,All ages,673806,359605,314201,251878,100945,150933,421928,258660,163268
09,141,gautam buddha nagar,Rural,0-6,109480,59951,49529,109480,59951,49529,0,0,0
09,141,gautam buddha nagar,Rural,7,15330,8383,6947,4476,2340,2136,10854,6043,4811
09,141,gautam buddha nagar,Rural,8,16300,8886,7414,2449,1186,1263,13851,7700,6151
09,141,gautam buddha nagar,Rural,9,14038,7667,6371,1464,728,736,12574,6939,5635
09,141,gautam buddha nagar,Rural,10,18293,10007,8286,1932,890,1042,16361,9117,7244
09,141,gautam buddha nagar,Rural,11,14889,8185,6704,1161,548,613,13728,7637,6091
09,141,gautam buddha nagar,Rural,12,17226,9473,7753,1132,473,659,16094,9000,7094
09,141,gautam buddha nagar,Rural,13,14425,7616,6809,905,360,545,13520,7256,6264
09,141,gautam buddha nagar,Rural,14,16053,8466,7587,1139,441,698,14914,8025,6889
09,141,gautam buddha nagar,Rural,15,16112,8765,7347,1233,497,736,14879,8268,6611
09,141,gautam buddha nagar,Rural,16,16075,8661,7414,1304,511,793,14771,8150,6621
09,141,gautam buddha nagar,Rural,17,13720,7419,6301,1117,427,690,12603,6992,5611
09,141,gautam buddha nagar,Rural,18,18088,9920,8168,1628,576,1052,16460,9344,7116
09,141,gautam buddha nagar,Rural,19,13707,7206,6501,1459,442,1017,12248,6764,5484
09,141,gautam buddha nagar,Rural,20-24,67261,35929,31332,9359,2418,6941,57902,33511,24391
09,141,gautam buddha nagar,Rural,25-29,51154,26945,24209,10437,2371,8066,40717,24574,16143
09,141,gautam buddha nagar,Rural,30-34,41242,21241,20001,11116,2311,8805,30126,18930,11196
09,141,gautam buddha nagar,Rural,35-39,38772,20119,18653,12976,2725,10251,25796,17394,8402
09,141,gautam buddha nagar,Rural,40-44,31953,16878,15075,12474,2833,9641,19479,14045,5434
09,141,gautam buddha nagar,Rural,45-49,26615,14060,12555,11635,2732,8903,14980,11328,3652
09,141,gautam buddha nagar,Rural,50-54,20092,10866,9226,9240,2401,6839,10852,8465,2387
09,141,gautam buddha nagar,Rural,55-59,15819,7848,7971,8199,1836,6363,7620,6012,1608
09,141,gautam buddha nagar,Rural,60-64,15195,7848,7347,8536,2466,6070,6659,5382,1277
09,141,gautam buddha nagar,Rural,65-69,10630,5085,5545,6564,1859,4705,4066,3226,840
09,141,gautam buddha nagar,Rural,70-74,8706,4406,4300,5654,1882,3772,3052,2524,528
09,141,gautam buddha nagar,Rural,75-79,4405,2157,2248,3002,1009,1993,1403,1148,255
09,141,gautam buddha nagar,Rural,80+,7188,3592,3596,4660,1742,2918,2528,1850,678
09,141,gautam buddha nagar,Rural,Age not stated,21038,12026,9012,7147,2990,4157,13891,9036,4855
09,141,gautam buddha nagar,Urban,All ages,974309,530609,443700,273290,123204,150086,701019,407405,293614
09,141,gautam buddha nagar,Urban,0-6,137118,73884,63234,137118,73884,63234,0,0,0
09,141,gautam buddha nagar,Urban,7,21148,11434,9714,4944,2521,2423,16204,8913,7291
09,141,gautam buddha nagar,Urban,8,20437,11130,9307,3225,1576,1649,17212,9554,7658
09,141,gautam buddha nagar,Urban,9,18690,10120,8570,2132,1029,1103,16558,9091,7467
09,141,gautam buddha nagar,Urban,10,22906,12677,10229,2709,1300,1409,20197,11377,8820
09,141,gautam buddha nagar,Urban,11,19222,10584,8638,1714,825,889,17508,9759,7749
09,141,gautam buddha nagar,Urban,12,20421,11187,9234,1805,863,942,18616,10324,8292
09,141,gautam buddha nagar,Urban,13,17632,9482,8150,1474,630,844,16158,8852,7306
09,141,gautam buddha nagar,Urban,14,18913,10306,8607,1665,738,927,17248,9568,7680
09,141,gautam buddha nagar,Urban,15,18943,10479,8464,1752,840,912,17191,9639,7552
09,141,gautam buddha nagar,Urban,16,17952,9868,8084,1793,802,991,16159,9066,7093
09,141,gautam buddha nagar,Urban,17,16458,9256,7202,1572,747,825,14886,8509,6377
09,141,gautam buddha nagar,Urban,18,21148,12427,8721,2401,1146,1255,18747,11281,7466
09,141,gautam buddha nagar,Urban,19,17347,9909,7438,1875,820,1055,15472,9089,6383
09,141,gautam buddha nagar,Urban,20-24,97909,54686,43223,11737,4316,7421,86172,50370,35802
09,141,gautam buddha nagar,Urban,25-29,97253,51021,46232,13510,4359,9151,83743,46662,37081
09,141,gautam buddha nagar,Urban,30-34,86092,45466,40626,13877,4198,9679,72215,41268,30947
09,141,gautam buddha nagar,Urban,35-39,76814,41613,35201,14524,4446,10078,62290,37167,25123
09,141,gautam buddha nagar,Urban,40-44,58046,32395,25651,12224,3952,8272,45822,28443,17379
09,141,gautam buddha nagar,Urban,45-49,43433,24437,18996,9401,3144,6257,34032,21293,12739
09,141,gautam buddha nagar,Urban,50-54,30359,17139,13220,6691,2338,4353,23668,14801,8867
09,141,gautam buddha nagar,Urban,55-59,22359,11610,10749,5231,1575,3656,17128,10035,7093
09,141,gautam buddha nagar,Urban,60-64,19496,10024,9472,5148,1721,3427,14348,8303,6045
09,141,gautam buddha nagar,Urban,65-69,13101,6902,6199,3379,1041,2338,9722,5861,3861
09,141,gautam buddha nagar,Urban,70-74,9314,5014,4300,2658,909,1749,6656,4105,2551
09,141,gautam buddha nagar,Urban,75-79,5044,2672,2372,1352,416,936,3692,2256,1436
09,141,gautam buddha nagar,Urban,80+,7154,3614,3540,2332,792,1540,4822,2822,2000
09,141,gautam buddha nagar,Urban,Age not stated,19600,11273,8327,5047,2276,2771,14553,8997,5556
09,142,bulandshahr,Total,All ages,3499171,1845260,1653911,1467515,591946,875569,2031656,1253314,778342
09,142,bulandshahr,Total,0-6,549796,296558,253238,549796,296558,253238,0,0,0
09,142,bulandshahr,Total,7,77134,41323,35811,25488,13046,12442,51646,28277,23369
09,142,bulandshahr,Total,8,93188,50439,42749,16753,8246,8507,76435,42193,34242
09,142,bulandshahr,Total,9,70448,38393,32055,9689,4835,4854,60759,33558,27201
09,142,bulandshahr,Total,10,104909,57293,47616,15146,7469,7677,89763,49824,39939
09,142,bulandshahr,Total,11,75172,40716,34456,8497,3911,4586,66675,36805,29870
09,142,bulandshahr,Total,12,97535,52843,44692,10451,4680,5771,87084,48163,38921
09,142,bulandshahr,Total,13,76932,40418,36514,8190,3393,4797,68742,37025,31717
09,142,bulandshahr,Total,14,91102,48452,42650,10595,4345,6250,80507,44107,36400
09,142,bulandshahr,Total,15,88625,47561,41064,11764,4827,6937,76861,42734,34127
09,142,bulandshahr,Total,16,90907,48400,42507,12874,5117,7757,78033,43283,34750
09,142,bulandshahr,Total,17,69864,37624,32240,9867,3863,6004,59997,33761,26236
09,142,bulandshahr,Total,18,103950,57762,46188,17870,6973,10897,86080,50789,35291
09,142,bulandshahr,Total,19,62483,34178,28305,10768,3913,6855,51715,30265,21450
09,142,bulandshahr,Total,20-24,337996,183643,154353,75915,24091,51824,262081,159552,102529
09,142,bulandshahr,Total,25-29,256213,134535,121678,76595,21633,54962,179618,112902,66716
09,142,bulandshahr,Total,30-34,219835,110714,109121,79009,20614,58395,140826,90100,50726
09,142,bulandshahr,Total,35-39,209700,107099,102601,84964,22884,62080,124736,84215,40521
09,142,bulandshahr,Total,40-44,177821,93234,84587,78620,22924,55696,99201,70310,28891
09,142,bulandshahr,Total,45-49,146593,75153,71440,69053,19260,49793,77540,55893,21647
09,142,bulandshahr,Total,50-54,117701,62321,55380,57881,17784,40097,59820,44537,15283
09,142,bulandshahr,Total,55-59,95500,45494,50006,51627,13122,38505,43873,32372,11501
09,142,bulandshahr,Total,60-64,93437,47023,46414,55833,17889,37944,37604,29134,8470
09,142,bulandshahr,Total,65-69,61857,29238,32619,39397,11847,27550,22460,17391,5069
09,142,bulandshahr,Total,70-74,49339,24690,24649,33066,11558,21508,16273,13132,3141
09,142,bulandshahr,Total,75-79,22302,10561,11741,15046,4837,10209,7256,5724,1532
09,142,bulandshahr,Total,80+,32672,15526,17146,22429,7923,14506,10243,7603,2640
09,142,bulandshahr,Total,Age not stated,26160,14069,12091,10332,4404,5928,15828,9665,6163
09,142,bulandshahr,Rural,All ages,2631742,1390490,1241252,1113763,436380,677383,1517979,954110,563869
09,142,bulandshahr,Rural,0-6,422617,228415,194202,422617,228415,194202,0,0,0
09,142,bulandshahr,Rural,7,58273,31225,27048,18341,9396,8945,39932,21829,18103
09,142,bulandshahr,Rural,8,72355,39169,33186,11445,5606,5839,60910,33563,27347
09,142,bulandshahr,Rural,9,53303,29072,24231,6064,3010,3054,47239,26062,21177
09,142,bulandshahr,Rural,10,80730,44044,36686,9846,4783,5063,70884,39261,31623
09,142,bulandshahr,Rural,11,56458,30645,25813,5100,2222,2878,51358,28423,22935
09,142,bulandshahr,Rural,12,75394,40696,34698,6588,2780,3808,68806,37916,30890
09,142,bulandshahr,Rural,13,58385,30813,27572,4894,1874,3020,53491,28939,24552
09,142,bulandshahr,Rural,14,69978,37292,32686,6698,2570,4128,63280,34722,28558
09,142,bulandshahr,Rural,15,67388,36340,31048,7540,2914,4626,59848,33426,26422
09,142,bulandshahr,Rural,16,69124,37005,32119,8314,3046,5268,60810,33959,26851
09,142,bulandshahr,Rural,17,51808,28206,23602,6297,2231,4066,45511,25975,19536
09,142,bulandshahr,Rural,18,78373,43857,34516,12039,4243,7796,66334,39614,26720
09,142,bulandshahr,Rural,19,45168,24857,20311,7107,2246,4861,38061,22611,15450
09,142,bulandshahr,Rural,20-24,248786,136284,112502,54335,15282,39053,194451,121002,73449
09,142,bulandshahr,Rural,25-29,188268,99344,88924,57201,14610,42591,131067,84734,46333
09,142,bulandshahr,Rural,30-34,162986,82335,80651,60345,14360,45985,102641,67975,34666
09,142,bulandshahr,Rural,35-39,155001,79460,75541,65177,16210,48967,89824,63250,26574
09,142,bulandshahr,Rural,40-44,130970,68872,62098,60392,16502,43890,70578,52370,18208
09,142,bulandshahr,Rural,45-49,107443,55001,52442,53289,13907,39382,54154,41094,13060
09,142,bulandshahr,Rural,50-54,87302,46097,41205,45596,13376,32220,41706,32721,8985
09,142,bulandshahr,Rural,55-59,71999,33769,38230,41368,10006,31362,30631,23763,6868
09,142,bulandshahr,Rural,60-64,72822,36370,36452,45731,14302,31429,27091,22068,5023
09,142,bulandshahr,Rural,65-69,49075,23016,26059,32835,9791,23044,16240,13225,3015
09,142,bulandshahr,Rural,70-74,39238,19642,19596,27440,9603,17837,11798,10039,1759
09,142,bulandshahr,Rural,75-79,17750,8336,9414,12636,4069,8567,5114,4267,847
09,142,bulandshahr,Rural,80+,25709,12202,13507,18528,6605,11923,7181,5597,1584
09,142,bulandshahr,Rural,Age not stated,15039,8126,6913,6000,2421,3579,9039,5705,3334
09,142,bulandshahr,Urban,All ages,867429,454770,412659,353752,155566,198186,513677,299204,214473
09,142,bulandshahr,Urban,0-6,127179,68143,59036,127179,68143,59036,0,0,0
09,142,bulandshahr,Urban,7,18861,10098,8763,7147,3650,3497,11714,6448,5266
09,142,bulandshahr,Urban,8,20833,11270,9563,5308,2640,2668,15525,8630,6895
09,142,bulandshahr,Urban,9,17145,9321,7824,3625,1825,1800,13520,7496,6024
09,142,bulandshahr,Urban,10,24179,13249,10930,5300,2686,2614,18879,10563,8316
09,142,bulandshahr,Urban,11,18714,10071,8643,3397,1689,1708,15317,8382,6935
09,142,bulandshahr,Urban,12,22141,12147,9994,3863,1900,1963,18278,10247,8031
09,142,bulandshahr,Urban,13,18547,9605,8942,3296,1519,1777,15251,8086,7165
09,142,bulandshahr,Urban,14,21124,11160,9964,3897,1775,2122,17227,9385,7842
09,142,bulandshahr,Urban,15,21237,11221,10016,4224,1913,2311,17013,9308,7705
09,142,bulandshahr,Urban,16,21783,11395,10388,4560,2071,2489,17223,9324,7899
09,142,bulandshahr,Urban,17,18056,9418,8638,3570,1632,1938,14486,7786,6700
09,142,bulandshahr,Urban,18,25577,13905,11672,5831,2730,3101,19746,11175,8571
09,142,bulandshahr,Urban,19,17315,9321,7994,3661,1667,1994,13654,7654,6000
09,142,bulandshahr,Urban,20-24,89210,47359,41851,21580,8809,12771,67630,38550,29080
09,142,bulandshahr,Urban,25-29,67945,35191,32754,19394,7023,12371,48551,28168,20383
09,142,bulandshahr,Urban,30-34,56849,28379,28470,18664,6254,12410,38185,22125,16060
09,142,bulandshahr,Urban,35-39,54699,27639,27060,19787,6674,13113,34912,20965,13947
09,142,bulandshahr,Urban,40-44,46851,24362,22489,18228,6422,11806,28623,17940,10683
09,142,bulandshahr,Urban,45-49,39150,20152,18998,15764,5353,10411,23386,14799,8587
09,142,bulandshahr,Urban,50-54,30399,16224,14175,12285,4408,7877,18114,11816,6298
09,142,bulandshahr,Urban,55-59,23501,11725,11776,10259,3116,7143,13242,8609,4633
09,142,bulandshahr,Urban,60-64,20615,10653,9962,10102,3587,6515,10513,7066,3447
09,142,bulandshahr,Urban,65-69,12782,6222,6560,6562,2056,4506,6220,4166,2054
09,142,bulandshahr,Urban,70-74,10101,5048,5053,5626,1955,3671,4475,3093,1382
09,142,bulandshahr,Urban,75-79,4552,2225,2327,2410,768,1642,2142,1457,685
09,142,bulandshahr,Urban,80+,6963,3324,3639,3901,1318,2583,3062,2006,1056
09,142,bulandshahr,Urban,Age not stated,11121,5943,5178,4332,1983,2349,6789,3960,2829
09,143,aligarh,Total,All ages,3673889,1951996,1721893,1581322,668616,912706,2092567,1283380,809187
09,143,aligarh,Total,0-6,574509,306019,268490,574509,306019,268490,0,0,0
09,143,aligarh,Total,7,85235,45510,39725,26944,13609,13335,58291,31901,26390
09,143,aligarh,Total,8,99306,53592,45714,22777,11470,11307,76529,42122,34407
09,143,aligarh,Total,9,77997,41848,36149,14660,7207,7453,63337,34641,28696
09,143,aligarh,Total,10,112347,61034,51313,21170,10476,10694,91177,50558,40619
09,143,aligarh,Total,11,83393,45164,38229,12930,6165,6765,70463,38999,31464
09,143,aligarh,Total,12,105488,57274,48214,16251,7965,8286,89237,49309,39928
09,143,aligarh,Total,13,80358,42327,38031,12314,5585,6729,68044,36742,31302
09,143,aligarh,Total,14,96115,51459,44656,15698,7202,8496,80417,44257,36160
09,143,aligarh,Total,15,94966,51476,43490,16967,7689,9278,77999,43787,34212
09,143,aligarh,Total,16,93934,50819,43115,17348,7891,9457,76586,42928,33658
09,143,aligarh,Total,17,75276,41977,33299,13689,6222,7467,61587,35755,25832
09,143,aligarh,Total,18,107875,61319,46556,23072,10337,12735,84803,50982,33821
09,143,aligarh,Total,19,68687,38014,30673,14602,5939,8663,54085,32075,22010
09,143,aligarh,Total,20-24,351936,194317,157619,88837,32695,56142,263099,161622,101477
09,143,aligarh,Total,25-29,270867,142765,128102,87318,28120,59198,183549,114645,68904
09,143,aligarh,Total,30-34,230162,117030,113132,86471,26135,60336,143691,90895,52796
09,143,aligarh,Total,35-39,221953,114234,107719,91986,28167,63819,129967,86067,43900
09,143,aligarh,Total,40-44,184331,98247,86084,81277,26871,54406,103054,71376,31678
09,143,aligarh,Total,45-49,150962,78774,72188,69363,21818,47545,81599,56956,24643
09,143,aligarh,Total,50-54,119703,64562,55141,56088,19038,37050,63615,45524,18091
09,143,aligarh,Total,55-59,95569,46667,48902,48328,13563,34765,47241,33104,14137
09,143,aligarh,Total,60-64,92349,47245,45104,51928,17459,34469,40421,29786,10635
09,143,aligarh,Total,65-69,60706,29595,31111,36303,11554,24749,24403,18041,6362
09,143,aligarh,Total,70-74,48129,24471,23658,30605,10919,19686,17524,13552,3972
09,143,aligarh,Total,75-79,22348,10865,11483,14268,4859,9409,8080,6006,2074
09,143,aligarh,Total,80+,33863,16525,17338,21898,8039,13859,11965,8486,3479
09,143,aligarh,Total,Age not stated,35525,18867,16658,13721,5603,8118,21804,13264,8540
09,143,aligarh,Rural,All ages,2456698,1308923,1147775,1073703,432607,641096,1382995,876316,506679
09,143,aligarh,Rural,0-6,403098,215026,188072,403098,215026,188072,0,0,0
09,143,aligarh,Rural,7,58842,31403,27439,16269,8100,8169,42573,23303,19270
09,143,aligarh,Rural,8,69619,37658,31961,12622,6239,6383,56997,31419,25578
09,143,aligarh,Rural,9,53623,28638,24985,7576,3575,4001,46047,25063,20984
09,143,aligarh,Rural,10,78285,42511,35774,10998,5193,5805,67287,37318,29969
09,143,aligarh,Rural,11,57477,31164,26313,6457,2870,3587,51020,28294,22726
09,143,aligarh,Rural,12,73636,40041,33595,7990,3582,4408,65646,36459,29187
09,143,aligarh,Rural,13,55177,29214,25963,6109,2480,3629,49068,26734,22334
09,143,aligarh,Rural,14,66237,35753,30484,7997,3294,4703,58240,32459,25781
09,143,aligarh,Rural,15,64582,35268,29314,8934,3592,5342,55648,31676,23972
09,143,aligarh,Rural,16,63488,34686,28802,9273,3726,5547,54215,30960,23255
09,143,aligarh,Rural,17,49052,27591,21461,7342,2918,4424,41710,24673,17037
09,143,aligarh,Rural,18,71560,41120,30440,13330,5155,8175,58230,35965,22265
09,143,aligarh,Rural,19,43183,23988,19195,8357,2796,5561,34826,21192,13634
09,143,aligarh,Rural,20-24,223236,124026,99210,55448,16860,38588,167788,107166,60622
09,143,aligarh,Rural,25-29,172609,91774,80835,58023,16031,41992,114586,75743,38843
09,143,aligarh,Rural,30-34,149494,76015,73479,59594,15719,43875,89900,60296,29604
09,143,aligarh,Rural,35-39,144664,75008,69656,63966,17615,46351,80698,57393,23305
09,143,aligarh,Rural,40-44,119522,64193,55329,56720,17187,39533,62802,47006,15796
09,143,aligarh,Rural,45-49,96795,50440,46355,48880,14096,34784,47915,36344,11571
09,143,aligarh,Rural,50-54,77530,42106,35424,40215,12996,27219,37315,29110,8205
09,143,aligarh,Rural,55-59,62449,30148,32301,35537,9415,26122,26912,20733,6179
09,143,aligarh,Rural,60-64,63201,32036,31165,39249,12875,26374,23952,19161,4791
09,143,aligarh,Rural,65-69,43084,20565,22519,28574,8978,19596,14510,11587,2923
09,143,aligarh,Rural,70-74,35124,17832,17292,24255,8749,15506,10869,9083,1786
09,143,aligarh,Rural,75-79,16188,7760,8428,11450,3920,7530,4738,3840,898
09,143,aligarh,Rural,80+,24180,11868,12312,16984,6323,10661,7196,5545,1651
09,143,aligarh,Rural,Age not stated,20763,11091,9672,8456,3297,5159,12307,7794,4513
09,143,aligarh,Urban,All ages,1217191,643073,574118,507619,236009,271610,709572,407064,302508
09,143,aligarh,Urban,0-6,171411,90993,80418,171411,90993,80418,0,0,0
09,143,aligarh,Urban,7,26393,14107,12286,10675,5509,5166,15718,8598,7120
09,143,aligarh,Urban,8,29687,15934,13753,10155,5231,4924,19532,10703,8829
09,143,aligarh,Urban,9,24374,13210,11164,7084,3632,3452,17290,9578,7712
09,143,aligarh,Urban,10,34062,18523,15539,10172,5283,4889,23890,13240,10650
09,143,aligarh,Urban,11,25916,14000,11916,6473,3295,3178,19443,10705,8738
09,143,aligarh,Urban,12,31852,17233,14619,8261,4383,3878,23591,12850,10741
09,143,aligarh,Urban,13,25181,13113,12068,6205,3105,3100,18976,10008,8968
09,143,aligarh,Urban,14,29878,15706,14172,7701,3908,3793,22177,11798,10379
09,143,aligarh,Urban,15,30384,16208,14176,8033,4097,3936,22351,12111,10240
09,143,aligarh,Urban,16,30446,16133,14313,8075,4165,3910,22371,11968,10403
09,143,aligarh,Urban,17,26224,14386,11838,6347,3304,3043,19877,11082,8795
09,143,aligarh,Urban,18,36315,20199,16116,9742,5182,4560,26573,15017,11556
09,143,aligarh,Urban,19,25504,14026,11478,6245,3143,3102,19259,10883,8376
09,143,aligarh,Urban,20-24,128700,70291,58409,33389,15835,17554,95311,54456,40855
09,143,aligarh,Urban,25-29,98258,50991,47267,29295,12089,17206,68963,38902,30061
09,143,aligarh,Urban,30-34,80668,41015,39653,26877,10416,16461,53791,30599,23192
09,143,aligarh,Urban,35-39,77289,39226,38063,28020,10552,17468,49269,28674,20595
09,143,aligarh,Urban,40-44,64809,34054,30755,24557,9684,14873,40252,24370,15882
09,143,aligarh,Urban,45-49,54167,28334,25833,20483,7722,12761,33684,20612,13072
09,143,aligarh,Urban,50-54,42173,22456,19717,15873,6042,9831,26300,16414,9886
09,143,aligarh,Urban,55-59,33120,16519,16601,12791,4148,8643,20329,12371,7958
09,143,aligarh,Urban,60-64,29148,15209,13939,12679,4584,8095,16469,10625,5844
09,143,aligarh,Urban,65-69,17622,9030,8592,7729,2576,5153,9893,6454,3439
09,143,aligarh,Urban,70-74,13005,6639,6366,6350,2170,4180,6655,4469,2186
09,143,aligarh,Urban,75-79,6160,3105,3055,2818,939,1879,3342,2166,1176
09,143,aligarh,Urban,80+,9683,4657,5026,4914,1716,3198,4769,2941,1828
09,143,aligarh,Urban,Age not stated,14762,7776,6986,5265,2306,2959,9497,5470,4027
09,144,mahamaya nagar,Total,All ages,1564708,836127,728581,622136,256970,365166,942572,579157,363415
09,144,mahamaya nagar,Total,0-6,248106,133057,115049,248106,133057,115049,0,0,0
09,144,mahamaya nagar,Total,7,35388,18959,16429,10341,5301,5040,25047,13658,11389
09,144,mahamaya nagar,Total,8,43836,23717,20119,7248,3632,3616,36588,20085,16503
09,144,mahamaya nagar,Total,9,32523,17588,14935,4243,2054,2189,28280,15534,12746
09,144,mahamaya nagar,Total,10,49519,27029,22490,6252,3059,3193,43267,23970,19297
09,144,mahamaya nagar,Total,11,34396,18587,15809,3608,1753,1855,30788,16834,13954
09,144,mahamaya nagar,Total,12,47503,25982,21521,4483,2105,2378,43020,23877,19143
09,144,mahamaya nagar,Total,13,33239,17754,15485,3104,1373,1731,30135,16381,13754
09,144,mahamaya nagar,Total,14,41857,22335,19522,4251,1814,2437,37606,20521,17085
09,144,mahamaya nagar,Total,15,40317,22008,18309,4682,2164,2518,35635,19844,15791
09,144,mahamaya nagar,Total,16,40668,22269,18399,4923,2187,2736,35745,20082,15663
09,144,mahamaya nagar,Total,17,30967,17351,13616,3903,1727,2176,27064,15624,11440
09,144,mahamaya nagar,Total,18,46729,26820,19909,7178,3017,4161,39551,23803,15748
09,144,mahamaya nagar,Total,19,27548,15397,12151,4388,1661,2727,23160,13736,9424
09,144,mahamaya nagar,Total,20-24,145453,80483,64970,29725,9660,20065,115728,70823,44905
09,144,mahamaya nagar,Total,25-29,113108,60188,52920,32074,9255,22819,81034,50933,30101
09,144,mahamaya nagar,Total,30-34,98193,50151,48042,33151,8994,24157,65042,41157,23885
09,144,mahamaya nagar,Total,35-39,95734,49463,46271,36325,10057,26268,59409,39406,20003
09,144,mahamaya nagar,Total,40-44,79954,43349,36605,32714,10391,22323,47240,32958,14282
09,144,mahamaya nagar,Total,45-49,65256,34024,31232,28373,8273,20100,36883,25751,11132
09,144,mahamaya nagar,Total,50-54,52549,28849,23700,23238,7617,15621,29311,21232,8079
09,144,mahamaya nagar,Total,55-59,41813,20225,21588,20438,5172,15266,21375,15053,6322
09,144,mahamaya nagar,Total,60-64,41877,21658,20219,22605,7210,15395,19272,14448,4824
09,144,mahamaya nagar,Total,65-69,27128,13161,13967,15754,4669,11085,11374,8492,2882
09,144,mahamaya nagar,Total,70-74,22601,11551,11050,13874,4688,9186,8727,6863,1864
09,144,mahamaya nagar,Total,75-79,10097,4917,5180,6335,2013,4322,3762,2904,858
09,144,mahamaya nagar,Total,80+,14018,6909,7109,9192,3330,5862,4826,3579,1247
09,144,mahamaya nagar,Total,Age not stated,4331,2346,1985,1628,737,891,2703,1609,1094
09,144,mahamaya nagar,Rural,All ages,1232015,659814,572201,494047,198693,295354,737968,461121,276847
09,144,mahamaya nagar,Rural,0-6,200176,107409,92767,200176,107409,92767,0,0,0
09,144,mahamaya nagar,Rural,7,28160,15075,13085,7855,4057,3798,20305,11018,9287
09,144,mahamaya nagar,Rural,8,35682,19254,16428,5186,2560,2626,30496,16694,13802
09,144,mahamaya nagar,Rural,9,25947,14048,11899,2842,1367,1475,23105,12681,10424
09,144,mahamaya nagar,Rural,10,39966,21820,18146,4123,1980,2143,35843,19840,16003
09,144,mahamaya nagar,Rural,11,27007,14558,12449,2215,1022,1193,24792,13536,11256
09,144,mahamaya nagar,Rural,12,38865,21243,17622,2851,1259,1592,36014,19984,16030
09,144,mahamaya nagar,Rural,13,26468,14179,12289,1886,776,1110,24582,13403,11179
09,144,mahamaya nagar,Rural,14,33885,18102,15783,2694,1054,1640,31191,17048,14143
09,144,mahamaya nagar,Rural,15,32135,17628,14507,2993,1284,1709,29142,16344,12798
09,144,mahamaya nagar,Rural,16,32431,17858,14573,3224,1292,1932,29207,16566,12641
09,144,mahamaya nagar,Rural,17,24155,13593,10562,2620,1055,1565,21535,12538,8997
09,144,mahamaya nagar,Rural,18,37010,21383,15627,4998,1891,3107,32012,19492,12520
09,144,mahamaya nagar,Rural,19,21021,11775,9246,3073,1026,2047,17948,10749,7199
09,144,mahamaya nagar,Rural,20-24,112128,62497,49631,22226,6313,15913,89902,56184,33718
09,144,mahamaya nagar,Rural,25-29,87050,46562,40488,25115,6535,18580,61935,40027,21908
09,144,mahamaya nagar,Rural,30-34,76164,38950,37214,26769,6714,20055,49395,32236,17159
09,144,mahamaya nagar,Rural,35-39,74358,38539,35819,29501,7654,21847,44857,30885,13972
09,144,mahamaya nagar,Rural,40-44,61654,33632,28022,26393,7940,18453,35261,25692,9569
09,144,mahamaya nagar,Rural,45-49,49978,26126,23852,23000,6399,16601,26978,19727,7251
09,144,mahamaya nagar,Rural,50-54,40287,22227,18060,18976,6070,12906,21311,16157,5154
09,144,mahamaya nagar,Rural,55-59,32366,15592,16774,16921,4123,12798,15445,11469,3976
09,144,mahamaya nagar,Rural,60-64,33116,17056,16060,18977,5946,13031,14139,11110,3029
09,144,mahamaya nagar,Rural,65-69,21894,10509,11385,13507,3971,9536,8387,6538,1849
09,144,mahamaya nagar,Rural,70-74,18581,9501,9080,11917,4050,7867,6664,5451,1213
09,144,mahamaya nagar,Rural,75-79,8271,4026,4245,5480,1741,3739,2791,2285,506
09,144,mahamaya nagar,Rural,80+,11449,5682,5767,7849,2895,4954,3600,2787,813
09,144,mahamaya nagar,Rural,Age not stated,1811,990,821,680,310,370,1131,680,451
09,144,mahamaya nagar,Urban,All ages,332693,176313,156380,128089,58277,69812,204604,118036,86568
09,144,mahamaya nagar,Urban,0-6,47930,25648,22282,47930,25648,22282,0,0,0
09,144,mahamaya nagar,Urban,7,7228,3884,3344,2486,1244,1242,4742,2640,2102
09,144,mahamaya nagar,Urban,8,8154,4463,3691,2062,1072,990,6092,3391,2701
09,144,mahamaya nagar,Urban,9,6576,3540,3036,1401,687,714,5175,2853,2322
09,144,mahamaya nagar,Urban,10,9553,5209,4344,2129,1079,1050,7424,4130,3294
09,144,mahamaya nagar,Urban,11,7389,4029,3360,1393,731,662,5996,3298,2698
09,144,mahamaya nagar,Urban,12,8638,4739,3899,1632,846,786,7006,3893,3113
09,144,mahamaya nagar,Urban,13,6771,3575,3196,1218,597,621,5553,2978,2575
09,144,mahamaya nagar,Urban,14,7972,4233,3739,1557,760,797,6415,3473,2942
09,144,mahamaya nagar,Urban,15,8182,4380,3802,1689,880,809,6493,3500,2993
09,144,mahamaya nagar,Urban,16,8237,4411,3826,1699,895,804,6538,3516,3022
09,144,mahamaya nagar,Urban,17,6812,3758,3054,1283,672,611,5529,3086,2443
09,144,mahamaya nagar,Urban,18,9719,5437,4282,2180,1126,1054,7539,4311,3228
09,144,mahamaya nagar,Urban,19,6527,3622,2905,1315,635,680,5212,2987,2225
09,144,mahamaya nagar,Urban,20-24,33325,17986,15339,7499,3347,4152,25826,14639,11187
09,144,mahamaya nagar,Urban,25-29,26058,13626,12432,6959,2720,4239,19099,10906,8193
09,144,mahamaya nagar,Urban,30-34,22029,11201,10828,6382,2280,4102,15647,8921,6726
09,144,mahamaya nagar,Urban,35-39,21376,10924,10452,6824,2403,4421,14552,8521,6031
09,144,mahamaya nagar,Urban,40-44,18300,9717,8583,6321,2451,3870,11979,7266,4713
09,144,mahamaya nagar,Urban,45-49,15278,7898,7380,5373,1874,3499,9905,6024,3881
09,144,mahamaya nagar,Urban,50-54,12262,6622,5640,4262,1547,2715,8000,5075,2925
09,144,mahamaya nagar,Urban,55-59,9447,4633,4814,3517,1049,2468,5930,3584,2346
09,144,mahamaya nagar,Urban,60-64,8761,4602,4159,3628,1264,2364,5133,3338,1795
09,144,mahamaya nagar,Urban,65-69,5234,2652,2582,2247,698,1549,2987,1954,1033
09,144,mahamaya nagar,Urban,70-74,4020,2050,1970,1957,638,1319,2063,1412,651
09,144,mahamaya nagar,Urban,75-79,1826,891,935,855,272,583,971,619,352
09,144,mahamaya nagar,Urban,80+,2569,1227,1342,1343,435,908,1226,792,434
09,144,mahamaya nagar,Urban,Age not stated,2520,1356,1164,948,427,521,1572,929,643
09,145,mathura,Total,All ages,2547184,1367125,1180059,1039438,423779,615659,1507746,943346,564400
09,145,mathura,Total,0-6,404276,216224,188052,404276,216224,188052,0,0,0
09,145,mathura,Total,7,60352,32202,28150,16730,8261,8469,43622,23941,19681
09,145,mathura,Total,8,64710,35077,29633,11569,5554,6015,53141,29523,23618
09,145,mathura,Total,9,55402,30010,25392,7695,3668,4027,47707,26342,21365
09,145,mathura,Total,10,75681,41189,34492,10822,5117,5705,64859,36072,28787
09,145,mathura,Total,11,62459,34273,28186,7112,3280,3832,55347,30993,24354
09,145,mathura,Total,12,66447,36461,29986,6686,2958,3728,59761,33503,26258
09,145,mathura,Total,13,55022,29277,25745,5464,2238,3226,49558,27039,22519
09,145,mathura,Total,14,63693,34400,29293,6978,2796,4182,56715,31604,25111
09,145,mathura,Total,15,63139,35078,28061,7683,3173,4510,55456,31905,23551
09,145,mathura,Total,16,60150,33464,26686,7684,3026,4658,52466,30438,22028
09,145,mathura,Total,17,49823,27978,21845,6729,2592,4137,43094,25386,17708
09,145,mathura,Total,18,66011,37885,28126,10666,3971,6695,55345,33914,21431
09,145,mathura,Total,19,47903,26797,21106,8211,2659,5552,39692,24138,15554
09,145,mathura,Total,20-24,229509,127354,102155,49296,14571,34725,180213,112783,67430
09,145,mathura,Total,25-29,176109,93081,83028,50156,13341,36815,125953,79740,46213
09,145,mathura,Total,30-34,152018,77783,74235,53073,13469,39604,98945,64314,34631
09,145,mathura,Total,35-39,151854,78864,72990,60208,16356,43852,91646,62508,29138
09,145,mathura,Total,40-44,126474,68040,58434,54114,16330,37784,72360,51710,20650
09,145,mathura,Total,45-49,105392,56200,49192,47712,14462,33250,57680,41738,15942
09,145,mathura,Total,50-54,82623,45172,37451,38138,12409,25729,44485,32763,11722
09,145,mathura,Total,55-59,66685,34162,32523,32985,9383,23602,33700,24779,8921
09,145,mathura,Total,60-64,63730,33356,30374,34797,11505,23292,28933,21851,7082
09,145,mathura,Total,65-69,42040,21130,20910,24505,7915,16590,17535,13215,4320
09,145,mathura,Total,70-74,33313,17449,15864,20331,7430,12901,12982,10019,2963
09,145,mathura,Total,75-79,16255,8355,7900,10075,3594,6481,6180,4761,1419
09,145,mathura,Total,80+,23208,12072,11136,13705,5279,8426,9503,6793,2710
09,145,mathura,Total,Age not stated,82906,43792,39114,32038,12218,19820,50868,31574,19294
09,145,mathura,Rural,All ages,1791191,962028,829163,769522,303543,465979,1021669,658485,363184
09,145,mathura,Rural,0-6,301131,160795,140336,301131,160795,140336,0,0,0
09,145,mathura,Rural,7,43959,23375,20584,11612,5637,5975,32347,17738,14609
09,145,mathura,Rural,8,48107,26052,22055,7720,3614,4106,40387,22438,17949
09,145,mathura,Rural,9,40705,21969,18736,4932,2265,2667,35773,19704,16069
09,145,mathura,Rural,10,56074,30452,25622,6957,3187,3770,49117,27265,21852
09,145,mathura,Rural,11,46059,25120,20939,4520,1956,2564,41539,23164,18375
09,145,mathura,Rural,12,48982,26944,22038,3892,1572,2320,45090,25372,19718
09,145,mathura,Rural,13,40064,21292,18772,3291,1167,2124,36773,20125,16648
09,145,mathura,Rural,14,46053,24870,21183,4128,1426,2702,41925,23444,18481
09,145,mathura,Rural,15,45454,25422,20032,4714,1725,2989,40740,23697,17043
09,145,mathura,Rural,16,42895,24087,18808,4718,1581,3137,38177,22506,15671
09,145,mathura,Rural,17,34412,19592,14820,4153,1327,2826,30259,18265,11994
09,145,mathura,Rural,18,46093,26568,19525,6880,2098,4782,39213,24470,14743
09,145,mathura,Rural,19,32515,18405,14110,5442,1405,4037,27073,17000,10073
09,145,mathura,Rural,20-24,154337,86517,67820,34673,8479,26194,119664,78038,41626
09,145,mathura,Rural,25-29,116613,61517,55096,37062,8567,28495,79551,52950,26601
09,145,mathura,Rural,30-34,102002,51828,50174,40075,9178,30897,61927,42650,19277
09,145,mathura,Rural,35-39,103020,53668,49352,45633,11604,34029,57387,42064,15323
09,145,mathura,Rural,40-44,85069,46039,39030,40889,11707,29182,44180,34332,9848
09,145,mathura,Rural,45-49,69422,36942,32480,35813,10357,25456,33609,26585,7024
09,145,mathura,Rural,50-54,54687,29994,24693,29113,9196,19917,25574,20798,4776
09,145,mathura,Rural,55-59,44709,22470,22239,25584,7083,18501,19125,15387,3738
09,145,mathura,Rural,60-64,44238,23042,21196,27233,8916,18317,17005,14126,2879
09,145,mathura,Rural,65-69,29813,14875,14938,19492,6309,13183,10321,8566,1755
09,145,mathura,Rural,70-74,23823,12440,11383,16174,5991,10183,7649,6449,1200
09,145,mathura,Rural,75-79,11404,5813,5591,7948,2892,5056,3456,2921,535
09,145,mathura,Rural,80+,16179,8441,7738,10551,4147,6404,5628,4294,1334
09,145,mathura,Rural,Age not stated,63372,33499,29873,25192,9362,15830,38180,24137,14043
09,145,mathura,Urban,All ages,755993,405097,350896,269916,120236,149680,486077,284861,201216
09,145,mathura,Urban,0-6,103145,55429,47716,103145,55429,47716,0,0,0
09,145,mathura,Urban,7,16393,8827,7566,5118,2624,2494,11275,6203,5072
09,145,mathura,Urban,8,16603,9025,7578,3849,1940,1909,12754,7085,5669
09,145,mathura,Urban,9,14697,8041,6656,2763,1403,1360,11934,6638,5296
09,145,mathura,Urban,10,19607,10737,8870,3865,1930,1935,15742,8807,6935
09,145,mathura,Urban,11,16400,9153,7247,2592,1324,1268,13808,7829,5979
09,145,mathura,Urban,12,17465,9517,7948,2794,1386,1408,14671,8131,6540
09,145,mathura,Urban,13,14958,7985,6973,2173,1071,1102,12785,6914,5871
09,145,mathura,Urban,14,17640,9530,8110,2850,1370,1480,14790,8160,6630
09,145,mathura,Urban,15,17685,9656,8029,2969,1448,1521,14716,8208,6508
09,145,mathura,Urban,16,17255,9377,7878,2966,1445,1521,14289,7932,6357
09,145,mathura,Urban,17,15411,8386,7025,2576,1265,1311,12835,7121,5714
09,145,mathura,Urban,18,19918,11317,8601,3786,1873,1913,16132,9444,6688
09,145,mathura,Urban,19,15388,8392,6996,2769,1254,1515,12619,7138,5481
09,145,mathura,Urban,20-24,75172,40837,34335,14623,6092,8531,60549,34745,25804
09,145,mathura,Urban,25-29,59496,31564,27932,13094,4774,8320,46402,26790,19612
09,145,mathura,Urban,30-34,50016,25955,24061,12998,4291,8707,37018,21664,15354
09,145,mathura,Urban,35-39,48834,25196,23638,14575,4752,9823,34259,20444,13815
09,145,mathura,Urban,40-44,41405,22001,19404,13225,4623,8602,28180,17378,10802
09,145,mathura,Urban,45-49,35970,19258,16712,11899,4105,7794,24071,15153,8918
09,145,mathura,Urban,50-54,27936,15178,12758,9025,3213,5812,18911,11965,6946
09,145,mathura,Urban,55-59,21976,11692,10284,7401,2300,5101,14575,9392,5183
09,145,mathura,Urban,60-64,19492,10314,9178,7564,2589,4975,11928,7725,4203
09,145,mathura,Urban,65-69,12227,6255,5972,5013,1606,3407,7214,4649,2565
09,145,mathura,Urban,70-74,9490,5009,4481,4157,1439,2718,5333,3570,1763
09,145,mathura,Urban,75-79,4851,2542,2309,2127,702,1425,2724,1840,884
09,145,mathura,Urban,80+,7029,3631,3398,3154,1132,2022,3875,2499,1376
09,145,mathura,Urban,Age not stated,19534,10293,9241,6846,2856,3990,12688,7437,5251
09,146,agra,Total,All ages,4418797,2364953,2053844,1738287,750359,987928,2680510,1614594,1065916
09,146,agra,Total,0-6,673955,362234,311721,673955,362234,311721,0,0,0
09,146,agra,Total,7,101345,54730,46615,29899,15237,14662,71446,39493,31953
09,146,agra,Total,8,114093,62076,52017,23358,11810,11548,90735,50266,40469
09,146,agra,Total,9,95742,52124,43618,16195,8156,8039,79547,43968,35579
09,146,agra,Total,10,136798,75140,61658,22657,11530,11127,114141,63610,50531
09,146,agra,Total,11,105721,57843,47878,15083,7463,7620,90638,50380,40258
09,146,agra,Total,12,124989,68746,56243,16371,7988,8383,108618,60758,47860
09,146,agra,Total,13,92141,49375,42766,11820,5595,6225,80321,43780,36541
09,146,agra,Total,14,114471,61625,52846,15606,7260,8346,98865,54365,44500
09,146,agra,Total,15,116055,63620,52435,17154,8012,9142,98901,55608,43293
09,146,agra,Total,16,114437,62730,51707,17607,8198,9409,96830,54532,42298
09,146,agra,Total,17,93799,51422,42377,15042,6884,8158,78757,44538,34219
09,146,agra,Total,18,129106,72842,56264,23331,10328,13003,105775,62514,43261
09,146,agra,Total,19,88335,48595,39740,16702,6742,9960,71633,41853,29780
09,146,agra,Total,20-24,430604,235306,195298,95057,34477,60580,335547,200829,134718
09,146,agra,Total,25-29,340312,177936,162376,95575,29922,65653,244737,148014,96723
09,146,agra,Total,30-34,285605,146707,138898,94206,28729,65477,191399,117978,73421
09,146,agra,Total,35-39,279919,142702,137217,103509,31722,71787,176410,110980,65430
09,146,agra,Total,40-44,232888,124667,108221,91114,30718,60396,141774,93949,47825
09,146,agra,Total,45-49,192843,100914,91929,78636,25262,53374,114207,75652,38555
09,146,agra,Total,50-54,149262,82471,66791,62100,21918,40182,87162,60553,26609
09,146,agra,Total,55-59,114518,57800,56718,52061,15611,36450,62457,42189,20268
09,146,agra,Total,60-64,103798,55063,48735,51539,18101,33438,52259,36962,15297
09,146,agra,Total,65-69,66897,33966,32931,35304,11858,23446,31593,22108,9485
09,146,agra,Total,70-74,51979,27785,24194,29203,11023,18180,22776,16762,6014
09,146,agra,Total,75-79,23553,12106,11447,13067,4655,8412,10486,7451,3035
09,146,agra,Total,80+,37866,19629,18237,19371,7491,11880,18495,12138,6357
09,146,agra,Total,Age not stated,7766,4799,2967,2765,1435,1330,5001,3364,1637
09,146,agra,Rural,All ages,2394602,1285184,1109418,993493,402943,590550,1401109,882241,518868
09,146,agra,Rural,0-6,409971,220138,189833,409971,220138,189833,0,0,0
09,146,agra,Rural,7,59398,32157,27241,15622,7913,7709,43776,24244,19532
09,146,agra,Rural,8,69823,37835,31988,11152,5494,5658,58671,32341,26330
09,146,agra,Rural,9,55361,30175,25186,6535,3194,3341,48826,26981,21845
09,146,agra,Rural,10,81550,44572,36978,9774,4794,4980,71776,39778,31998
09,146,agra,Rural,11,60476,32936,27540,5608,2539,3069,54868,30397,24471
09,146,agra,Rural,12,72729,39844,32885,5695,2415,3280,67034,37429,29605
09,146,agra,Rural,13,51752,27672,24080,3933,1584,2349,47819,26088,21731
09,146,agra,Rural,14,64891,35047,29844,5606,2183,3423,59285,32864,26421
09,146,agra,Rural,15,63926,35256,28670,6264,2393,3871,57662,32863,24799
09,146,agra,Rural,16,61905,34216,27689,6623,2574,4049,55282,31642,23640
09,146,agra,Rural,17,48241,26645,21596,5559,1977,3582,42682,24668,18014
09,146,agra,Rural,18,68002,38603,29399,9772,3233,6539,58230,35370,22860
09,146,agra,Rural,19,43988,24230,19758,7118,2028,5090,36870,22202,14668
09,146,agra,Rural,20-24,217186,119473,97713,47407,12307,35100,169779,107166,62613
09,146,agra,Rural,25-29,173950,91443,82507,53913,13151,40762,120037,78292,41745
09,146,agra,Rural,30-34,147774,75781,71993,55252,13580,41672,92522,62201,30321
09,146,agra,Rural,35-39,142596,74150,68446,60503,15869,44634,82093,58281,23812
09,146,agra,Rural,40-44,114910,62109,52801,52709,15740,36969,62201,46369,15832
09,146,agra,Rural,45-49,92705,48650,44055,45489,12957,32532,47216,35693,11523
09,146,agra,Rural,50-54,73547,40632,32915,37052,12062,24990,36495,28570,7925
09,146,agra,Rural,55-59,58888,29176,29712,32519,8962,23557,26369,20214,6155
09,146,agra,Rural,60-64,55980,29674,26306,33049,11343,21706,22931,18331,4600
09,146,agra,Rural,65-69,37891,18891,19000,23838,7913,15925,14053,10978,3075
09,146,agra,Rural,70-74,30633,16449,14184,20151,7806,12345,10482,8643,1839
09,146,agra,Rural,75-79,13408,6887,6521,8933,3307,5626,4475,3580,895
09,146,agra,Rural,80+,20068,10623,9445,12377,4960,7417,7691,5663,2028
09,146,agra,Rural,Age not stated,3053,1920,1133,1069,527,542,1984,1393,591
09,146,agra,Urban,All ages,2024195,1079769,944426,744794,347416,397378,1279401,732353,547048
09,146,agra,Urban,0-6,263984,142096,121888,263984,142096,121888,0,0,0
09,146,agra,Urban,7,41947,22573,19374,14277,7324,6953,27670,15249,12421
09,146,agra,Urban,8,44270,24241,20029,12206,6316,5890,32064,17925,14139
09,146,agra,Urban,9,40381,21949,18432,9660,4962,4698,30721,16987,13734
09,146,agra,Urban,10,55248,30568,24680,12883,6736,6147,42365,23832,18533
09,146,agra,Urban,11,45245,24907,20338,9475,4924,4551,35770,19983,15787
09,146,agra,Urban,12,52260,28902,23358,10676,5573,5103,41584,23329,18255
09,146,agra,Urban,13,40389,21703,18686,7887,4011,3876,32502,17692,14810
09,146,agra,Urban,14,49580,26578,23002,10000,5077,4923,39580,21501,18079
09,146,agra,Urban,15,52129,28364,23765,10890,5619,5271,41239,22745,18494
09,146,agra,Urban,16,52532,28514,24018,10984,5624,5360,41548,22890,18658
09,146,agra,Urban,17,45558,24777,20781,9483,4907,4576,36075,19870,16205
09,146,agra,Urban,18,61104,34239,26865,13559,7095,6464,47545,27144,20401
09,146,agra,Urban,19,44347,24365,19982,9584,4714,4870,34763,19651,15112
09,146,agra,Urban,20-24,213418,115833,97585,47650,22170,25480,165768,93663,72105
09,146,agra,Urban,25-29,166362,86493,79869,41662,16771,24891,124700,69722,54978
09,146,agra,Urban,30-34,137831,70926,66905,38954,15149,23805,98877,55777,43100
09,146,agra,Urban,35-39,137323,68552,68771,43006,15853,27153,94317,52699,41618
09,146,agra,Urban,40-44,117978,62558,55420,38405,14978,23427,79573,47580,31993
09,146,agra,Urban,45-49,100138,52264,47874,33147,12305,20842,66991,39959,27032
09,146,agra,Urban,50-54,75715,41839,33876,25048,9856,15192,50667,31983,18684
09,146,agra,Urban,55-59,55630,28624,27006,19542,6649,12893,36088,21975,14113
09,146,agra,Urban,60-64,47818,25389,22429,18490,6758,11732,29328,18631,10697
09,146,agra,Urban,65-69,29006,15075,13931,11466,3945,7521,17540,11130,6410
09,146,agra,Urban,70-74,21346,11336,10010,9052,3217,5835,12294,8119,4175
09,146,agra,Urban,75-79,10145,5219,4926,4134,1348,2786,6011,3871,2140
09,146,agra,Urban,80+,17798,9006,8792,6994,2531,4463,10804,6475,4329
09,146,agra,Urban,Age not stated,4713,2879,1834,1696,908,788,3017,1971,1046
09,147,firozabad,Total,All ages,2498156,1332046,1166110,976350,419732,556618,1521806,912314,609492
09,147,firozabad,Total,0-6,382319,203259,179060,382319,203259,179060,0,0,0
09,147,firozabad,Total,7,58147,30898,27249,17606,8920,8686,40541,21978,18563
09,147,firozabad,Total,8,70879,38033,32846,14280,7123,7157,56599,30910,25689
09,147,firozabad,Total,9,54210,29231,24979,9290,4632,4658,44920,24599,20321
09,147,firozabad,Total,10,83399,45028,38371,13999,6875,7124,69400,38153,31247
09,147,firozabad,Total,11,58619,31632,26987,8135,4022,4113,50484,27610,22874
09,147,firozabad,Total,12,74189,40882,33307,8887,4329,4558,65302,36553,28749
09,147,firozabad,Total,13,54115,28569,25546,6474,3025,3449,47641,25544,22097
09,147,firozabad,Total,14,67588,36444,31144,8286,3881,4405,59302,32563,26739
09,147,firozabad,Total,15,66634,36566,30068,9174,4387,4787,57460,32179,25281
09,147,firozabad,Total,16,65230,35624,29606,8645,4165,4480,56585,31459,25126
09,147,firozabad,Total,17,51921,29036,22885,7153,3429,3724,44768,25607,19161
09,147,firozabad,Total,18,75424,43228,32196,11263,5292,5971,64161,37936,26225
09,147,firozabad,Total,19,45097,24757,20340,7356,3204,4152,37741,21553,16188
09,147,firozabad,Total,20-24,232863,128839,104024,44529,16747,27782,188334,112092,76242
09,147,firozabad,Total,25-29,180520,95120,85400,46836,15115,31721,133684,80005,53679
09,147,firozabad,Total,30-34,155936,79044,76892,50036,14696,35340,105900,64348,41552
09,147,firozabad,Total,35-39,154622,78829,75793,56741,17046,39695,97881,61783,36098
09,147,firozabad,Total,40-44,129512,69484,60028,51106,17218,33888,78406,52266,26140
09,147,firozabad,Total,45-49,103660,53974,49686,43702,13510,30192,59958,40464,19494
09,147,firozabad,Total,50-54,81757,44853,36904,35615,12341,23274,46142,32512,13630
09,147,firozabad,Total,55-59,62733,30989,31744,30346,8522,21824,32387,22467,9920
09,147,firozabad,Total,60-64,60032,31687,28345,32343,11420,20923,27689,20267,7422
09,147,firozabad,Total,65-69,38759,19043,19716,22496,7263,15233,16263,11780,4483
09,147,firozabad,Total,70-74,31731,16763,14968,19503,7394,12109,12228,9369,2859
09,147,firozabad,Total,75-79,14424,7345,7079,8849,3218,5631,5575,4127,1448
09,147,firozabad,Total,80+,23253,11948,11305,13536,5285,8251,9717,6663,3054
09,147,firozabad,Total,Age not stated,20583,10941,9642,7845,3414,4431,12738,7527,5211
09,147,firozabad,Rural,All ages,1664987,891872,773115,648743,268790,379953,1016244,623082,393162
09,147,firozabad,Rural,0-6,265252,141116,124136,265252,141116,124136,0,0,0
09,147,firozabad,Rural,7,38955,20725,18230,10543,5320,5223,28412,15405,13007
09,147,firozabad,Rural,8,49795,26825,22970,8022,3972,4050,41773,22853,18920
09,147,firozabad,Rural,9,36479,19708,16771,4437,2205,2232,32042,17503,14539
09,147,firozabad,Rural,10,58150,31484,26666,7262,3531,3731,50888,27953,22935
09,147,firozabad,Rural,11,39019,21072,17947,3576,1706,1870,35443,19366,16077
09,147,firozabad,Rural,12,51352,28299,23053,3763,1711,2052,47589,26588,21001
09,147,firozabad,Rural,13,36191,19168,17023,2516,1099,1417,33675,18069,15606
09,147,firozabad,Rural,14,45805,24874,20931,3331,1470,1861,42474,23404,19070
09,147,firozabad,Rural,15,44288,24606,19682,3951,1794,2157,40337,22812,17525
09,147,firozabad,Rural,16,44130,24369,19761,3843,1735,2108,40287,22634,17653
09,147,firozabad,Rural,17,32497,18406,14091,2821,1211,1610,29676,17195,12481
09,147,firozabad,Rural,18,50206,29295,20911,5589,2432,3157,44617,26863,17754
09,147,firozabad,Rural,19,27725,15278,12447,3401,1232,2169,24324,14046,10278
09,147,firozabad,Rural,20-24,149110,83670,65440,25344,8118,17226,123766,75552,48214
09,147,firozabad,Rural,25-29,116354,61862,54492,29930,8388,21542,86424,53474,32950
09,147,firozabad,Rural,30-34,102637,52293,50344,33995,8932,25063,68642,43361,25281
09,147,firozabad,Rural,35-39,101198,52159,49039,38684,10630,28054,62514,41529,20985
09,147,firozabad,Rural,40-44,84845,45935,38910,35301,11060,24241,49544,34875,14669
09,147,firozabad,Rural,45-49,67180,34882,32298,30681,8690,21991,36499,26192,10307
09,147,firozabad,Rural,50-54,53816,29714,24102,25524,8465,17059,28292,21249,7043
09,147,firozabad,Rural,55-59,42099,20418,21681,22473,5909,16564,19626,14509,5117
09,147,firozabad,Rural,60-64,42020,22049,19971,24674,8557,16117,17346,13492,3854
09,147,firozabad,Rural,65-69,27944,13499,14445,17745,5640,12105,10199,7859,2340
09,147,firozabad,Rural,70-74,23728,12485,11243,15789,6031,9758,7939,6454,1485
09,147,firozabad,Rural,75-79,10525,5285,5240,7183,2637,4546,3342,2648,694
09,147,firozabad,Rural,80+,16446,8470,7976,10498,4147,6351,5948,4323,1625
09,147,firozabad,Rural,Age not stated,7241,3926,3315,2615,1052,1563,4626,2874,1752
09,147,firozabad,Urban,All ages,833169,440174,392995,327607,150942,176665,505562,289232,216330
09,147,firozabad,Urban,0-6,117067,62143,54924,117067,62143,54924,0,0,0
09,147,firozabad,Urban,7,19192,10173,9019,7063,3600,3463,12129,6573,5556
09,147,firozabad,Urban,8,21084,11208,9876,6258,3151,3107,14826,8057,6769
09,147,firozabad,Urban,9,17731,9523,8208,4853,2427,2426,12878,7096,5782
09,147,firozabad,Urban,10,25249,13544,11705,6737,3344,3393,18512,10200,8312
09,147,firozabad,Urban,11,19600,10560,9040,4559,2316,2243,15041,8244,6797
09,147,firozabad,Urban,12,22837,12583,10254,5124,2618,2506,17713,9965,7748
09,147,firozabad,Urban,13,17924,9401,8523,3958,1926,2032,13966,7475,6491
09,147,firozabad,Urban,14,21783,11570,10213,4955,2411,2544,16828,9159,7669
09,147,firozabad,Urban,15,22346,11960,10386,5223,2593,2630,17123,9367,7756
09,147,firozabad,Urban,16,21100,11255,9845,4802,2430,2372,16298,8825,7473
09,147,firozabad,Urban,17,19424,10630,8794,4332,2218,2114,15092,8412,6680
09,147,firozabad,Urban,18,25218,13933,11285,5674,2860,2814,19544,11073,8471
09,147,firozabad,Urban,19,17372,9479,7893,3955,1972,1983,13417,7507,5910
09,147,firozabad,Urban,20-24,83753,45169,38584,19185,8629,10556,64568,36540,28028
09,147,firozabad,Urban,25-29,64166,33258,30908,16906,6727,10179,47260,26531,20729
09,147,firozabad,Urban,30-34,53299,26751,26548,16041,5764,10277,37258,20987,16271
09,147,firozabad,Urban,35-39,53424,26670,26754,18057,6416,11641,35367,20254,15113
09,147,firozabad,Urban,40-44,44667,23549,21118,15805,6158,9647,28862,17391,11471
09,147,firozabad,Urban,45-49,36480,19092,17388,13021,4820,8201,23459,14272,9187
09,147,firozabad,Urban,50-54,27941,15139,12802,10091,3876,6215,17850,11263,6587
09,147,firozabad,Urban,55-59,20634,10571,10063,7873,2613,5260,12761,7958,4803
09,147,firozabad,Urban,60-64,18012,9638,8374,7669,2863,4806,10343,6775,3568
09,147,firozabad,Urban,65-69,10815,5544,5271,4751,1623,3128,6064,3921,2143
09,147,firozabad,Urban,70-74,8003,4278,3725,3714,1363,2351,4289,2915,1374
09,147,firozabad,Urban,75-79,3899,2060,1839,1666,581,1085,2233,1479,754
09,147,firozabad,Urban,80+,6807,3478,3329,3038,1138,1900,3769,2340,1429
09,147,firozabad,Urban,Age not stated,13342,7015,6327,5230,2362,2868,8112,4653,3459
09,148,mainpuri,Total,All ages,1868529,993377,875152,664644,281267,383377,1203885,712110,491775
09,148,mainpuri,Total,0-6,284349,150943,133406,284349,150943,133406,0,0,0
09,148,mainpuri,Total,7,43522,23448,20074,12377,6386,5991,31145,17062,14083
09,148,mainpuri,Total,8,51582,27816,23766,7851,4065,3786,43731,23751,19980
09,148,mainpuri,Total,9,40955,21658,19297,4314,2107,2207,36641,19551,17090
09,148,mainpuri,Total,10,60384,32823,27561,7198,3653,3545,53186,29170,24016
09,148,mainpuri,Total,11,46154,24855,21299,3831,1931,1900,42323,22924,19399
09,148,mainpuri,Total,12,48427,26381,22046,3090,1496,1594,45337,24885,20452
09,148,mainpuri,Total,13,45266,23982,21284,2738,1267,1471,42528,22715,19813
09,148,mainpuri,Total,14,48408,25984,22424,3161,1451,1710,45247,24533,20714
09,148,mainpuri,Total,15,51887,28272,23615,3982,1936,2046,47905,26336,21569
09,148,mainpuri,Total,16,48369,26427,21942,3764,1837,1927,44605,24590,20015
09,148,mainpuri,Total,17,37757,20832,16925,2921,1397,1524,34836,19435,15401
09,148,mainpuri,Total,18,55815,31966,23849,5443,2555,2888,50372,29411,20961
09,148,mainpuri,Total,19,32084,17640,14444,3201,1364,1837,28883,16276,12607
09,148,mainpuri,Total,20-24,168574,92796,75778,24254,8798,15456,144320,83998,60322
09,148,mainpuri,Total,25-29,130127,68374,61753,27657,8549,19108,102470,59825,42645
09,148,mainpuri,Total,30-34,115549,58221,57328,31207,8815,22392,84342,49406,34936
09,148,mainpuri,Total,35-39,115031,58970,56061,34966,9715,25251,80065,49255,30810
09,148,mainpuri,Total,40-44,95536,51374,44162,31738,9775,21963,63798,41599,22199
09,148,mainpuri,Total,45-49,76205,39714,36491,28214,7816,20398,47991,31898,16093
09,148,mainpuri,Total,50-54,61644,33300,28344,24497,7421,17076,37147,25879,11268
09,148,mainpuri,Total,55-59,52074,24312,27762,24451,5674,18777,27623,18638,8985
09,148,mainpuri,Total,60-64,57552,30414,27138,30059,9944,20115,27493,20470,7023
09,148,mainpuri,Total,65-69,35031,17636,17395,20244,6578,13666,14787,11058,3729
09,148,mainpuri,Total,70-74,28126,15323,12803,17227,6901,10326,10899,8422,2477
09,148,mainpuri,Total,75-79,11963,6094,5869,7603,2830,4773,4360,3264,1096
09,148,mainpuri,Total,80+,19248,10110,9138,12007,5062,6945,7241,5048,2193
09,148,mainpuri,Total,Age not stated,6910,3712,3198,2300,1001,1299,4610,2711,1899
09,148,mainpuri,Rural,All ages,1580087,842374,737713,574155,239853,334302,1005932,602521,403411
09,148,mainpuri,Rural,0-6,245383,130183,115200,245383,130183,115200,0,0,0
09,148,mainpuri,Rural,7,37301,20073,17228,10478,5421,5057,26823,14652,12171
09,148,mainpuri,Rural,8,44671,24022,20649,6358,3260,3098,38313,20762,17551
09,148,mainpuri,Rural,9,35205,18581,16624,3385,1610,1775,31820,16971,14849
09,148,mainpuri,Rural,10,52294,28397,23897,5767,2915,2852,46527,25482,21045
09,148,mainpuri,Rural,11,39598,21296,18302,2977,1461,1516,36621,19835,16786
09,148,mainpuri,Rural,12,41494,22552,18942,2244,1029,1215,39250,21523,17727
09,148,mainpuri,Rural,13,38736,20598,18138,2044,885,1159,36692,19713,16979
09,148,mainpuri,Rural,14,41357,22195,19162,2373,1037,1336,38984,21158,17826
09,148,mainpuri,Rural,15,44256,24118,20138,2970,1348,1622,41286,22770,18516
09,148,mainpuri,Rural,16,41132,22585,18547,2848,1320,1528,38284,21265,17019
09,148,mainpuri,Rural,17,31427,17381,14046,2164,974,1190,29263,16407,12856
09,148,mainpuri,Rural,18,47234,27261,19973,4285,1912,2373,42949,25349,17600
09,148,mainpuri,Rural,19,26357,14606,11751,2510,1028,1482,23847,13578,10269
09,148,mainpuri,Rural,20-24,139418,77530,61888,19948,6800,13148,119470,70730,48740
09,148,mainpuri,Rural,25-29,107654,56850,50804,23655,6934,16721,83999,49916,34083
09,148,mainpuri,Rural,30-34,96547,48835,47712,27214,7361,19853,69333,41474,27859
09,148,mainpuri,Rural,35-39,96194,49578,46616,30605,8185,22420,65589,41393,24196
09,148,mainpuri,Rural,40-44,79539,43142,36397,27791,8369,19422,51748,34773,16975
09,148,mainpuri,Rural,45-49,62738,32744,29994,24776,6739,18037,37962,26005,11957
09,148,mainpuri,Rural,50-54,51091,27733,23358,21642,6459,15183,29449,21274,8175
09,148,mainpuri,Rural,55-59,43512,20121,23391,21752,5007,16745,21760,15114,6646
09,148,mainpuri,Rural,60-64,49593,26326,23267,27082,9010,18072,22511,17316,5195
09,148,mainpuri,Rural,65-69,30258,15178,15080,18428,6039,12389,11830,9139,2691
09,148,mainpuri,Rural,70-74,24489,13411,11078,15742,6427,9315,8747,6984,1763
09,148,mainpuri,Rural,75-79,10362,5266,5096,6964,2640,4324,3398,2626,772
09,148,mainpuri,Rural,80+,16806,8905,7901,10912,4710,6202,5894,4195,1699
09,148,mainpuri,Rural,Age not stated,5441,2907,2534,1858,790,1068,3583,2117,1466
09,148,mainpuri,Urban,All ages,288442,151003,137439,90489,41414,49075,197953,109589,88364
09,148,mainpuri,Urban,0-6,38966,20760,18206,38966,20760,18206,0,0,0
09,148,mainpuri,Urban,7,6221,3375,2846,1899,965,934,4322,2410,1912
09,148,mainpuri,Urban,8,6911,3794,3117,1493,805,688,5418,2989,2429
09,148,mainpuri,Urban,9,5750,3077,2673,929,497,432,4821,2580,2241
09,148,mainpuri,Urban,10,8090,4426,3664,1431,738,693,6659,3688,2971
09,148,mainpuri,Urban,11,6556,3559,2997,854,470,384,5702,3089,2613
09,148,mainpuri,Urban,12,6933,3829,3104,846,467,379,6087,3362,2725
09,148,mainpuri,Urban,13,6530,3384,3146,694,382,312,5836,3002,2834
09,148,mainpuri,Urban,14,7051,3789,3262,788,414,374,6263,3375,2888
09,148,mainpuri,Urban,15,7631,4154,3477,1012,588,424,6619,3566,3053
09,148,mainpuri,Urban,16,7237,3842,3395,916,517,399,6321,3325,2996
09,148,mainpuri,Urban,17,6330,3451,2879,757,423,334,5573,3028,2545
09,148,mainpuri,Urban,18,8581,4705,3876,1158,643,515,7423,4062,3361
09,148,mainpuri,Urban,19,5727,3034,2693,691,336,355,5036,2698,2338
09,148,mainpuri,Urban,20-24,29156,15266,13890,4306,1998,2308,24850,13268,11582
09,148,mainpuri,Urban,25-29,22473,11524,10949,4002,1615,2387,18471,9909,8562
09,148,mainpuri,Urban,30-34,19002,9386,9616,3993,1454,2539,15009,7932,7077
09,148,mainpuri,Urban,35-39,18837,9392,9445,4361,1530,2831,14476,7862,6614
09,148,mainpuri,Urban,40-44,15997,8232,7765,3947,1406,2541,12050,6826,5224
09,148,mainpuri,Urban,45-49,13467,6970,6497,3438,1077,2361,10029,5893,4136
09,148,mainpuri,Urban,50-54,10553,5567,4986,2855,962,1893,7698,4605,3093
09,148,mainpuri,Urban,55-59,8562,4191,4371,2699,667,2032,5863,3524,2339
09,148,mainpuri,Urban,60-64,7959,4088,3871,2977,934,2043,4982,3154,1828
09,148,mainpuri,Urban,65-69,4773,2458,2315,1816,539,1277,2957,1919,1038
09,148,mainpuri,Urban,70-74,3637,1912,1725,1485,474,1011,2152,1438,714
09,148,mainpuri,Urban,75-79,1601,828,773,639,190,449,962,638,324
09,148,mainpuri,Urban,80+,2442,1205,1237,1095,352,743,1347,853,494
09,148,mainpuri,Urban,Age not stated,1469,805,664,442,211,231,1027,594,433
09,149,budaun,Total,All ages,3681896,1967759,1714137,2134419,981258,1153161,1547477,986501,560976
09,149,budaun,Total,0-6,664909,350112,314797,664909,350112,314797,0,0,0
09,149,budaun,Total,7,96080,51267,44813,42005,21192,20813,54075,30075,24000
09,149,budaun,Total,8,114387,61509,52878,38166,19121,19045,76221,42388,33833
09,149,budaun,Total,9,87217,46858,40359,23777,11665,12112,63440,35193,28247
09,149,budaun,Total,10,128281,69945,58336,34627,17030,17597,93654,52915,40739
09,149,budaun,Total,11,91037,49418,41619,21039,10054,10985,69998,39364,30634
09,149,budaun,Total,12,112400,61796,50604,26102,12325,13777,86298,49471,36827
09,149,budaun,Total,13,80772,43192,37580,18893,8479,10414,61879,34713,27166
09,149,budaun,Total,14,100497,54182,46315,25451,11421,14030,75046,42761,32285
09,149,budaun,Total,15,97855,54030,43825,27519,12619,14900,70336,41411,28925
09,149,budaun,Total,16,92305,50647,41658,27637,12551,15086,64668,38096,26572
09,149,budaun,Total,17,64633,35704,28929,19964,8781,11183,44669,26923,17746
09,149,budaun,Total,18,99554,55999,43555,36057,15803,20254,63497,40196,23301
09,149,budaun,Total,19,59096,31616,27480,22977,8873,14104,36119,22743,13376
09,149,budaun,Total,20-24,302587,167002,135585,136685,54313,82372,165902,112689,53213
09,149,budaun,Total,25-29,244441,130016,114425,134687,52831,81856,109754,77185,32569
09,149,budaun,Total,30-34,220039,113817,106222,133670,52836,80834,86369,60981,25388
09,149,budaun,Total,35-39,215782,113763,102019,138162,57138,81024,77620,56625,20995
09,149,budaun,Total,40-44,175475,97231,78244,115969,52679,63290,59506,44552,14954
09,149,budaun,Total,45-49,137112,72388,64724,92962,39424,53538,44150,32964,11186
09,149,budaun,Total,50-54,107723,60496,47227,73815,34616,39199,33908,25880,8028
09,149,budaun,Total,55-59,86865,40981,45884,62682,23214,39468,24183,17767,6416
09,149,budaun,Total,60-64,94836,49976,44860,72128,32463,39665,22708,17513,5195
09,149,budaun,Total,65-69,55065,27149,27916,42638,17826,24812,12427,9323,3104
09,149,budaun,Total,70-74,39650,20195,19455,31317,13772,17545,8333,6423,1910
09,149,budaun,Total,75-79,15168,7168,8000,11721,4637,7084,3447,2531,916
09,149,budaun,Total,80+,24887,11974,12913,18470,7517,10953,6417,4457,1960
09,149,budaun,Total,Age not stated,73243,39328,33915,40390,17966,22424,32853,21362,11491
09,149,budaun,Rural,All ages,3037301,1630376,1406925,1812796,830483,982313,1224505,799893,424612
09,149,budaun,Rural,0-6,566470,298662,267808,566470,298662,267808,0,0,0
09,149,budaun,Rural,7,80332,43031,37301,35179,17781,17398,45153,25250,19903
09,149,budaun,Rural,8,96233,51894,44339,31600,15772,15828,64633,36122,28511
09,149,budaun,Rural,9,73438,39510,33928,19658,9567,10091,53780,29943,23837
09,149,budaun,Rural,10,108076,59029,49047,28250,13744,14506,79826,45285,34541
09,149,budaun,Rural,11,76401,41643,34758,17165,8067,9098,59236,33576,25660
09,149,budaun,Rural,12,94367,52132,42235,20843,9671,11172,73524,42461,31063
09,149,budaun,Rural,13,66855,35881,30974,15095,6605,8490,51760,29276,22484
09,149,budaun,Rural,14,83267,45149,38118,20267,8856,11411,63000,36293,26707
09,149,budaun,Rural,15,80785,45053,35732,22271,10046,12225,58514,35007,23507
09,149,budaun,Rural,16,74999,41596,33403,22101,9826,12275,52898,31770,21128
09,149,budaun,Rural,17,51340,28661,22679,16085,6812,9273,35255,21849,13406
09,149,budaun,Rural,18,79682,45220,34462,29450,12433,17017,50232,32787,17445
09,149,budaun,Rural,19,47072,25245,21827,19226,7048,12178,27846,18197,9649
09,149,budaun,Rural,20-24,241284,133509,107775,114915,43790,71125,126369,89719,36650
09,149,budaun,Rural,25-29,198233,106016,92217,115577,44657,70920,82656,61359,21297
09,149,budaun,Rural,30-34,179392,93163,86229,115197,45280,69917,64195,47883,16312
09,149,budaun,Rural,35-39,176415,93642,82773,118901,49229,69672,57514,44413,13101
09,149,budaun,Rural,40-44,142522,79790,62732,99415,45477,53938,43107,34313,8794
09,149,budaun,Rural,45-49,110293,58367,51926,79588,33945,45643,30705,24422,6283
09,149,budaun,Rural,50-54,86946,49353,37593,63351,30079,33272,23595,19274,4321
09,149,budaun,Rural,55-59,70245,33049,37196,53772,20147,33625,16473,12902,3571
09,149,budaun,Rural,60-64,78923,41888,37035,62654,28615,34039,16269,13273,2996
09,149,budaun,Rural,65-69,46079,22787,23292,37302,15848,21454,8777,6939,1838
09,149,budaun,Rural,70-74,33213,17016,16197,27400,12277,15123,5813,4739,1074
09,149,budaun,Rural,75-79,12484,5915,6569,10145,4112,6033,2339,1803,536
09,149,budaun,Rural,80+,20769,10071,10698,15972,6599,9373,4797,3472,1325
09,149,budaun,Rural,Age not stated,61186,33104,28082,34947,15538,19409,26239,17566,8673
09,149,budaun,Urban,All ages,644595,337383,307212,321623,150775,170848,322972,186608,136364
09,149,budaun,Urban,0-6,98439,51450,46989,98439,51450,46989,0,0,0
09,149,budaun,Urban,7,15748,8236,7512,6826,3411,3415,8922,4825,4097
09,149,budaun,Urban,8,18154,9615,8539,6566,3349,3217,11588,6266,5322
09,149,budaun,Urban,9,13779,7348,6431,4119,2098,2021,9660,5250,4410
09,149,budaun,Urban,10,20205,10916,9289,6377,3286,3091,13828,7630,6198
09,149,budaun,Urban,11,14636,7775,6861,3874,1987,1887,10762,5788,4974
09,149,budaun,Urban,12,18033,9664,8369,5259,2654,2605,12774,7010,5764
09,149,budaun,Urban,13,13917,7311,6606,3798,1874,1924,10119,5437,4682
09,149,budaun,Urban,14,17230,9033,8197,5184,2565,2619,12046,6468,5578
09,149,budaun,Urban,15,17070,8977,8093,5248,2573,2675,11822,6404,5418
09,149,budaun,Urban,16,17306,9051,8255,5536,2725,2811,11770,6326,5444
09,149,budaun,Urban,17,13293,7043,6250,3879,1969,1910,9414,5074,4340
09,149,budaun,Urban,18,19872,10779,9093,6607,3370,3237,13265,7409,5856
09,149,budaun,Urban,19,12024,6371,5653,3751,1825,1926,8273,4546,3727
09,149,budaun,Urban,20-24,61303,33493,27810,21770,10523,11247,39533,22970,16563
09,149,budaun,Urban,25-29,46208,24000,22208,19110,8174,10936,27098,15826,11272
09,149,budaun,Urban,30-34,40647,20654,19993,18473,7556,10917,22174,13098,9076
09,149,budaun,Urban,35-39,39367,20121,19246,19261,7909,11352,20106,12212,7894
09,149,budaun,Urban,40-44,32953,17441,15512,16554,7202,9352,16399,10239,6160
09,149,budaun,Urban,45-49,26819,14021,12798,13374,5479,7895,13445,8542,4903
09,149,budaun,Urban,50-54,20777,11143,9634,10464,4537,5927,10313,6606,3707
09,149,budaun,Urban,55-59,16620,7932,8688,8910,3067,5843,7710,4865,2845
09,149,budaun,Urban,60-64,15913,8088,7825,9474,3848,5626,6439,4240,2199
09,149,budaun,Urban,65-69,8986,4362,4624,5336,1978,3358,3650,2384,1266
09,149,budaun,Urban,70-74,6437,3179,3258,3917,1495,2422,2520,1684,836
09,149,budaun,Urban,75-79,2684,1253,1431,1576,525,1051,1108,728,380
09,149,budaun,Urban,80+,4118,1903,2215,2498,918,1580,1620,985,635
09,149,budaun,Urban,Age not stated,12057,6224,5833,5443,2428,3015,6614,3796,2818
09,150,bareilly,Total,All ages,4448359,2357665,2090694,2256600,1014968,1241632,2191759,1342697,849062
09,150,bareilly,Total,0-6,701416,368591,332825,701416,368591,332825,0,0,0
09,150,bareilly,Total,7,107869,57179,50690,43254,21849,21405,64615,35330,29285
09,150,bareilly,Total,8,123181,65602,57579,36886,18180,18706,86295,47422,38873
09,150,bareilly,Total,9,100775,53753,47022,25049,12283,12766,75726,41470,34256
09,150,bareilly,Total,10,142555,76719,65836,35708,17424,18284,106847,59295,47552
09,150,bareilly,Total,11,111612,59889,51723,23832,11339,12493,87780,48550,39230
09,150,bareilly,Total,12,125300,67041,58259,26613,12374,14239,98687,54667,44020
09,150,bareilly,Total,13,101442,53017,48425,21096,9426,11670,80346,43591,36755
09,150,bareilly,Total,14,121074,63231,57843,28053,12266,15787,93021,50965,42056
09,150,bareilly,Total,15,121310,64392,56918,30464,13513,16951,90846,50879,39967
09,150,bareilly,Total,16,119451,63075,56376,31474,13619,17855,87977,49456,38521
09,150,bareilly,Total,17,90795,48714,42081,24083,10501,13582,66712,38213,28499
09,150,bareilly,Total,18,131194,72483,58711,39615,17250,22365,91579,55233,36346
09,150,bareilly,Total,19,85881,46915,38966,26381,11084,15297,59500,35831,23669
09,150,bareilly,Total,20-24,397387,218544,178843,142523,57685,84838,254864,160859,94005
09,150,bareilly,Total,25-29,312723,163238,149485,140022,52306,87716,172701,110932,61769
09,150,bareilly,Total,30-34,279395,142355,137040,142543,52876,89667,136852,89479,47373
09,150,bareilly,Total,35-39,276235,143969,132266,150976,58624,92352,125259,85345,39914
09,150,bareilly,Total,40-44,224268,122786,101482,124467,53069,71398,99801,69717,30084
09,150,bareilly,Total,45-49,172335,92350,79985,96967,39652,57315,75368,52698,22670
09,150,bareilly,Total,50-54,129749,72129,57620,73827,32578,41249,55922,39551,16371
09,150,bareilly,Total,55-59,106364,50526,55838,65394,22383,43011,40970,28143,12827
09,150,bareilly,Total,60-64,114605,60248,54357,76992,33017,43975,37613,27231,10382
09,150,bareilly,Total,65-69,67221,34755,32466,45584,19161,26423,21637,15594,6043
09,150,bareilly,Total,70-74,44817,23847,20970,30990,13663,17327,13827,10184,3643
09,150,bareilly,Total,75-79,16613,8164,8449,11100,4343,6757,5513,3821,1692
09,150,bareilly,Total,80+,34772,16747,18025,21520,8337,13183,13252,8410,4842
09,150,bareilly,Total,Age not stated,88020,47406,40614,39771,17575,22196,48249,29831,18418
09,150,bareilly,Rural,All ages,2879950,1530356,1349594,1547344,683588,863756,1332606,846768,485838
09,150,bareilly,Rural,0-6,495582,260533,235049,495582,260533,235049,0,0,0
09,150,bareilly,Rural,7,74485,39457,35028,28577,14402,14175,45908,25055,20853
09,150,bareilly,Rural,8,85970,45762,40208,23075,11206,11869,62895,34556,28339
09,150,bareilly,Rural,9,69047,36869,32178,15004,7305,7699,54043,29564,24479
09,150,bareilly,Rural,10,99466,53448,46018,21684,10355,11329,77782,43093,34689
09,150,bareilly,Rural,11,76551,41082,35469,13937,6422,7515,62614,34660,27954
09,150,bareilly,Rural,12,87533,46957,40576,15712,6975,8737,71821,39982,31839
09,150,bareilly,Rural,13,68292,35837,32455,12132,5145,6987,56160,30692,25468
09,150,bareilly,Rural,14,81808,42767,39041,16458,6697,9761,65350,36070,29280
09,150,bareilly,Rural,15,81143,43388,37755,18369,7772,10597,62774,35616,27158
09,150,bareilly,Rural,16,78657,42052,36605,18850,7707,11143,59807,34345,25462
09,150,bareilly,Rural,17,56743,30705,26038,14357,5791,8566,42386,24914,17472
09,150,bareilly,Rural,18,83954,46911,37043,24513,9832,14681,59441,37079,22362
09,150,bareilly,Rural,19,51307,28317,22990,16050,6088,9962,35257,22229,13028
09,150,bareilly,Rural,20-24,237200,131222,105978,92428,33765,58663,144772,97457,47315
09,150,bareilly,Rural,25-29,190982,99346,91636,97413,34046,63367,93569,65300,28269
09,150,bareilly,Rural,30-34,176404,89743,86661,102499,36614,65885,73905,53129,20776
09,150,bareilly,Rural,35-39,174277,91796,82481,107279,41220,66059,66998,50576,16422
09,150,bareilly,Rural,40-44,137196,76350,60846,86930,36777,50153,50266,39573,10693
09,150,bareilly,Rural,45-49,101461,54830,46631,66529,27075,39454,34932,27755,7177
09,150,bareilly,Rural,50-54,75506,42562,32944,50823,22721,28102,24683,19841,4842
09,150,bareilly,Rural,55-59,64831,29612,35219,46729,15644,31085,18102,13968,4134
09,150,bareilly,Rural,60-64,77030,40526,36504,58011,25120,32891,19019,15406,3613
09,150,bareilly,Rural,65-69,45367,23344,22023,34896,14924,19972,10471,8420,2051
09,150,bareilly,Rural,70-74,29828,15780,14048,23538,10589,12949,6290,5191,1099
09,150,bareilly,Rural,75-79,10306,4948,5358,8157,3252,4905,2149,1696,453
09,150,bareilly,Rural,80+,20903,9988,10915,15075,5914,9161,5828,4074,1754
09,150,bareilly,Rural,Age not stated,48121,26224,21897,22737,9697,13040,25384,16527,8857
09,150,bareilly,Urban,All ages,1568409,827309,741100,709256,331380,377876,859153,495929,363224
09,150,bareilly,Urban,0-6,205834,108058,97776,205834,108058,97776,0,0,0
09,150,bareilly,Urban,7,33384,17722,15662,14677,7447,7230,18707,10275,8432
09,150,bareilly,Urban,8,37211,19840,17371,13811,6974,6837,23400,12866,10534
09,150,bareilly,Urban,9,31728,16884,14844,10045,4978,5067,21683,11906,9777
09,150,bareilly,Urban,10,43089,23271,19818,14024,7069,6955,29065,16202,12863
09,150,bareilly,Urban,11,35061,18807,16254,9895,4917,4978,25166,13890,11276
09,150,bareilly,Urban,12,37767,20084,17683,10901,5399,5502,26866,14685,12181
09,150,bareilly,Urban,13,33150,17180,15970,8964,4281,4683,24186,12899,11287
09,150,bareilly,Urban,14,39266,20464,18802,11595,5569,6026,27671,14895,12776
09,150,bareilly,Urban,15,40167,21004,19163,12095,5741,6354,28072,15263,12809
09,150,bareilly,Urban,16,40794,21023,19771,12624,5912,6712,28170,15111,13059
09,150,bareilly,Urban,17,34052,18009,16043,9726,4710,5016,24326,13299,11027
09,150,bareilly,Urban,18,47240,25572,21668,15102,7418,7684,32138,18154,13984
09,150,bareilly,Urban,19,34574,18598,15976,10331,4996,5335,24243,13602,10641
09,150,bareilly,Urban,20-24,160187,87322,72865,50095,23920,26175,110092,63402,46690
09,150,bareilly,Urban,25-29,121741,63892,57849,42609,18260,24349,79132,45632,33500
09,150,bareilly,Urban,30-34,102991,52612,50379,40044,16262,23782,62947,36350,26597
09,150,bareilly,Urban,35-39,101958,52173,49785,43697,17404,26293,58261,34769,23492
09,150,bareilly,Urban,40-44,87072,46436,40636,37537,16292,21245,49535,30144,19391
09,150,bareilly,Urban,45-49,70874,37520,33354,30438,12577,17861,40436,24943,15493
09,150,bareilly,Urban,50-54,54243,29567,24676,23004,9857,13147,31239,19710,11529
09,150,bareilly,Urban,55-59,41533,20914,20619,18665,6739,11926,22868,14175,8693
09,150,bareilly,Urban,60-64,37575,19722,17853,18981,7897,11084,18594,11825,6769
09,150,bareilly,Urban,65-69,21854,11411,10443,10688,4237,6451,11166,7174,3992
09,150,bareilly,Urban,70-74,14989,8067,6922,7452,3074,4378,7537,4993,2544
09,150,bareilly,Urban,75-79,6307,3216,3091,2943,1091,1852,3364,2125,1239
09,150,bareilly,Urban,80+,13869,6759,7110,6445,2423,4022,7424,4336,3088
09,150,bareilly,Urban,Age not stated,39899,21182,18717,17034,7878,9156,22865,13304,9561
09,151,pilibhit,Total,All ages,2031007,1072002,959005,969912,417712,552200,1061095,654290,406805
09,151,pilibhit,Total,0-6,304920,159509,145411,304920,159509,145411,0,0,0
09,151,pilibhit,Total,7,47702,25010,22692,15845,7971,7874,31857,17039,14818
09,151,pilibhit,Total,8,58331,30703,27628,13023,6389,6634,45308,24314,20994
09,151,pilibhit,Total,9,44680,23397,21283,7208,3491,3717,37472,19906,17566
09,151,pilibhit,Total,10,69814,37187,32627,13291,6449,6842,56523,30738,25785
09,151,pilibhit,Total,11,47570,25100,22470,6823,3177,3646,40747,21923,18824
09,151,pilibhit,Total,12,60942,32453,28489,8602,3953,4649,52340,28500,23840
09,151,pilibhit,Total,13,46010,23644,22366,6181,2669,3512,39829,20975,18854
09,151,pilibhit,Total,14,56626,29464,27162,8678,3656,5022,47948,25808,22140
09,151,pilibhit,Total,15,56850,30516,26334,9864,4350,5514,46986,26166,20820
09,151,pilibhit,Total,16,56230,29482,26748,10819,4612,6207,45411,24870,20541
09,151,pilibhit,Total,17,40218,21715,18503,7622,3202,4420,32596,18513,14083
09,151,pilibhit,Total,18,63503,35725,27778,14778,6475,8303,48725,29250,19475
09,151,pilibhit,Total,19,35053,19131,15922,8185,3194,4991,26868,15937,10931
09,151,pilibhit,Total,20-24,182983,100416,82567,56760,20511,36249,126223,79905,46318
09,151,pilibhit,Total,25-29,149044,78261,70783,62143,20728,41415,86901,57533,29368
09,151,pilibhit,Total,30-34,134080,68201,65879,66316,22185,44131,67764,46016,21748
09,151,pilibhit,Total,35-39,130238,67857,62381,69821,24873,44948,60417,42984,17433
09,151,pilibhit,Total,40-44,104170,56571,47599,58518,23166,35352,45652,33405,12247
09,151,pilibhit,Total,45-49,81185,43198,37987,46992,18034,28958,34193,25164,9029
09,151,pilibhit,Total,50-54,60906,33713,27193,36059,15126,20933,24847,18587,6260
09,151,pilibhit,Total,55-59,52169,23914,28255,33765,10563,23202,18404,13351,5053
09,151,pilibhit,Total,60-64,59693,31403,28290,42013,17643,24370,17680,13760,3920
09,151,pilibhit,Total,65-69,35550,18490,17060,25403,10699,14704,10147,7791,2356
09,151,pilibhit,Total,70-74,23735,12671,11064,17471,7703,9768,6264,4968,1296
09,151,pilibhit,Total,75-79,9086,4438,4648,6560,2515,4045,2526,1923,603
09,151,pilibhit,Total,80+,15137,7446,7691,10225,4009,6216,4912,3437,1475
09,151,pilibhit,Total,Age not stated,4582,2387,2195,2027,860,1167,2555,1527,1028
09,151,pilibhit,Rural,All ages,1679592,886789,792803,818044,348003,470041,861548,538786,322762
09,151,pilibhit,Rural,0-6,260750,136188,124562,260750,136188,124562,0,0,0
09,151,pilibhit,Rural,7,40352,21128,19224,12854,6457,6397,27498,14671,12827
09,151,pilibhit,Rural,8,49568,26107,23461,10162,4965,5197,39406,21142,18264
09,151,pilibhit,Rural,9,38179,19951,18228,5489,2641,2848,32690,17310,15380
09,151,pilibhit,Rural,10,59456,31591,27865,10224,4893,5331,49232,26698,22534
09,151,pilibhit,Rural,11,40484,21303,19181,5148,2328,2820,35336,18975,16361
09,151,pilibhit,Rural,12,51705,27397,24308,6353,2814,3539,45352,24583,20769
09,151,pilibhit,Rural,13,39117,20068,19049,4569,1896,2673,34548,18172,16376
09,151,pilibhit,Rural,14,47621,24852,22769,6319,2594,3725,41302,22258,19044
09,151,pilibhit,Rural,15,47702,25629,22073,7475,3183,4292,40227,22446,17781
09,151,pilibhit,Rural,16,46429,24500,21929,8096,3336,4760,38333,21164,17169
09,151,pilibhit,Rural,17,32571,17715,14856,5740,2287,3453,26831,15428,11403
09,151,pilibhit,Rural,18,51712,29337,22375,11463,4796,6667,40249,24541,15708
09,151,pilibhit,Rural,19,27779,15170,12609,6322,2270,4052,21457,12900,8557
09,151,pilibhit,Rural,20-24,146021,80088,65933,46415,15515,30900,99606,64573,35033
09,151,pilibhit,Rural,25-29,120807,63337,57470,52881,16851,36030,67926,46486,21440
09,151,pilibhit,Rural,30-34,109907,55726,54181,57216,18599,38617,52691,37127,15564
09,151,pilibhit,Rural,35-39,107147,56101,51046,60350,21248,39102,46797,34853,11944
09,151,pilibhit,Rural,40-44,84371,46059,38312,49970,19593,30377,34401,26466,7935
09,151,pilibhit,Rural,45-49,64565,34538,30027,39817,15232,24585,24748,19306,5442
09,151,pilibhit,Rural,50-54,48095,26786,21309,30571,12887,17684,17524,13899,3625
09,151,pilibhit,Rural,55-59,42165,19044,23121,29252,9143,20109,12913,9901,3012
09,151,pilibhit,Rural,60-64,50010,26328,23682,36752,15514,21238,13258,10814,2444
09,151,pilibhit,Rural,65-69,30097,15694,14403,22448,9538,12910,7649,6156,1493
09,151,pilibhit,Rural,70-74,20011,10780,9231,15390,6906,8484,4621,3874,747
09,151,pilibhit,Rural,75-79,7621,3714,3907,5810,2259,3551,1811,1455,356
09,151,pilibhit,Rural,80+,12395,6115,6280,8822,3504,5318,3573,2611,962
09,151,pilibhit,Rural,Age not stated,2955,1543,1412,1386,566,820,1569,977,592
09,151,pilibhit,Urban,All ages,351415,185213,166202,151868,69709,82159,199547,115504,84043
09,151,pilibhit,Urban,0-6,44170,23321,20849,44170,23321,20849,0,0,0
09,151,pilibhit,Urban,7,7350,3882,3468,2991,1514,1477,4359,2368,1991
09,151,pilibhit,Urban,8,8763,4596,4167,2861,1424,1437,5902,3172,2730
09,151,pilibhit,Urban,9,6501,3446,3055,1719,850,869,4782,2596,2186
09,151,pilibhit,Urban,10,10358,5596,4762,3067,1556,1511,7291,4040,3251
09,151,pilibhit,Urban,11,7086,3797,3289,1675,849,826,5411,2948,2463
09,151,pilibhit,Urban,12,9237,5056,4181,2249,1139,1110,6988,3917,3071
09,151,pilibhit,Urban,13,6893,3576,3317,1612,773,839,5281,2803,2478
09,151,pilibhit,Urban,14,9005,4612,4393,2359,1062,1297,6646,3550,3096
09,151,pilibhit,Urban,15,9148,4887,4261,2389,1167,1222,6759,3720,3039
09,151,pilibhit,Urban,16,9801,4982,4819,2723,1276,1447,7078,3706,3372
09,151,pilibhit,Urban,17,7647,4000,3647,1882,915,967,5765,3085,2680
09,151,pilibhit,Urban,18,11791,6388,5403,3315,1679,1636,8476,4709,3767
09,151,pilibhit,Urban,19,7274,3961,3313,1863,924,939,5411,3037,2374
09,151,pilibhit,Urban,20-24,36962,20328,16634,10345,4996,5349,26617,15332,11285
09,151,pilibhit,Urban,25-29,28237,14924,13313,9262,3877,5385,18975,11047,7928
09,151,pilibhit,Urban,30-34,24173,12475,11698,9100,3586,5514,15073,8889,6184
09,151,pilibhit,Urban,35-39,23091,11756,11335,9471,3625,5846,13620,8131,5489
09,151,pilibhit,Urban,40-44,19799,10512,9287,8548,3573,4975,11251,6939,4312
09,151,pilibhit,Urban,45-49,16620,8660,7960,7175,2802,4373,9445,5858,3587
09,151,pilibhit,Urban,50-54,12811,6927,5884,5488,2239,3249,7323,4688,2635
09,151,pilibhit,Urban,55-59,10004,4870,5134,4513,1420,3093,5491,3450,2041
09,151,pilibhit,Urban,60-64,9683,5075,4608,5261,2129,3132,4422,2946,1476
09,151,pilibhit,Urban,65-69,5453,2796,2657,2955,1161,1794,2498,1635,863
09,151,pilibhit,Urban,70-74,3724,1891,1833,2081,797,1284,1643,1094,549
09,151,pilibhit,Urban,75-79,1465,724,741,750,256,494,715,468,247
09,151,pilibhit,Urban,80+,2742,1331,1411,1403,505,898,1339,826,513
09,151,pilibhit,Urban,Age not stated,1627,844,783,641,294,347,986,550,436
09,152,shahjahanpur,Total,All ages,3006538,1606403,1400135,1515608,691261,824347,1490930,915142,575788
09,152,shahjahanpur,Total,0-6,502625,264106,238519,502625,264106,238519,0,0,0
09,152,shahjahanpur,Total,7,76363,40662,35701,26785,13675,13110,49578,26987,22591
09,152,shahjahanpur,Total,8,90669,48314,42355,22712,11401,11311,67957,36913,31044
09,152,shahjahanpur,Total,9,69137,36767,32370,13764,6832,6932,55373,29935,25438
09,152,shahjahanpur,Total,10,104696,56639,48057,21433,10712,10721,83263,45927,37336
09,152,shahjahanpur,Total,11,71868,38463,33405,12190,6014,6176,59678,32449,27229
09,152,shahjahanpur,Total,12,90491,48931,41560,15299,7484,7815,75192,41447,33745
09,152,shahjahanpur,Total,13,65443,34261,31182,10916,5159,5757,54527,29102,25425
09,152,shahjahanpur,Total,14,79957,42289,37668,14956,6960,7996,65001,35329,29672
09,152,shahjahanpur,Total,15,80879,44603,36276,17239,8386,8853,63640,36217,27423
09,152,shahjahanpur,Total,16,74126,40215,33911,16329,7774,8555,57797,32441,25356
09,152,shahjahanpur,Total,17,54017,29825,24192,12180,5781,6399,41837,24044,17793
09,152,shahjahanpur,Total,18,83836,47805,36031,22807,10741,12066,61029,37064,23965
09,152,shahjahanpur,Total,19,47280,25670,21610,13253,5464,7789,34027,20206,13821
09,152,shahjahanpur,Total,20-24,252123,137914,114209,87054,34662,52392,165069,103252,61817
09,152,shahjahanpur,Total,25-29,217727,115185,102542,96063,36198,59865,121664,78987,42677
09,152,shahjahanpur,Total,30-34,196749,101453,95296,99932,37266,62666,96817,64187,32630
09,152,shahjahanpur,Total,35-39,189656,101121,88535,102688,40978,61710,86968,60143,26825
09,152,shahjahanpur,Total,40-44,148594,82160,66434,83772,36083,47689,64822,46077,18745
09,152,shahjahanpur,Total,45-49,117238,63187,54051,67698,28132,39566,49540,35055,14485
09,152,shahjahanpur,Total,50-54,89422,50335,39087,52807,23596,29211,36615,26739,9876
09,152,shahjahanpur,Total,55-59,74498,35642,38856,47657,16602,31055,26841,19040,7801
09,152,shahjahanpur,Total,60-64,85936,45478,40458,59867,25879,33988,26069,19599,6470
09,152,shahjahanpur,Total,65-69,52310,27498,24812,36780,15829,20951,15530,11669,3861
09,152,shahjahanpur,Total,70-74,34617,18811,15806,24951,11284,13667,9666,7527,2139
09,152,shahjahanpur,Total,75-79,12615,6404,6211,8895,3634,5261,3720,2770,950
09,152,shahjahanpur,Total,80+,19345,9732,9613,13026,5293,7733,6319,4439,1880
09,152,shahjahanpur,Total,Age not stated,24321,12933,11388,11930,5336,6594,12391,7597,4794
09,152,shahjahanpur,Rural,All ages,2412446,1293714,1118732,1255624,568351,687273,1156822,725363,431459
09,152,shahjahanpur,Rural,0-6,425780,223334,202446,425780,223334,202446,0,0,0
09,152,shahjahanpur,Rural,7,63592,33921,29671,21726,11086,10640,41866,22835,19031
09,152,shahjahanpur,Rural,8,76090,40555,35535,18067,9028,9039,58023,31527,26496
09,152,shahjahanpur,Rural,9,57719,30659,27060,10719,5265,5454,47000,25394,21606
09,152,shahjahanpur,Rural,10,87803,47483,40320,16788,8368,8420,71015,39115,31900
09,152,shahjahanpur,Rural,11,59629,31943,27686,9302,4520,4782,50327,27423,22904
09,152,shahjahanpur,Rural,12,74752,40605,34147,11355,5465,5890,63397,35140,28257
09,152,shahjahanpur,Rural,13,53168,28006,25162,7930,3654,4276,45238,24352,20886
09,152,shahjahanpur,Rural,14,64957,34567,30390,10993,5001,5992,53964,29566,24398
09,152,shahjahanpur,Rural,15,65344,36327,29017,12802,6129,6673,52542,30198,22344
09,152,shahjahanpur,Rural,16,58607,32227,26380,12077,5642,6435,46530,26585,19945
09,152,shahjahanpur,Rural,17,41141,23032,18109,8855,4111,4744,32286,18921,13365
09,152,shahjahanpur,Rural,18,65073,37510,27563,17128,7710,9418,47945,29800,18145
09,152,shahjahanpur,Rural,19,35465,19309,16156,10089,3834,6255,25376,15475,9901
09,152,shahjahanpur,Rural,20-24,191054,104991,86063,69092,25686,43406,121962,79305,42657
09,152,shahjahanpur,Rural,25-29,168040,88903,79137,79434,28667,50767,88606,60236,28370
09,152,shahjahanpur,Rural,30-34,155327,79950,75377,84531,30773,53758,70796,49177,21619
09,152,shahjahanpur,Rural,35-39,149899,80662,69237,86287,34168,52119,63612,46494,17118
09,152,shahjahanpur,Rural,40-44,115734,64742,50992,69677,29962,39715,46057,34780,11277
09,152,shahjahanpur,Rural,45-49,89420,48656,40764,55832,23204,32628,33588,25452,8136
09,152,shahjahanpur,Rural,50-54,68395,38860,29535,43723,19773,23950,24672,19087,5585
09,152,shahjahanpur,Rural,55-59,57926,27393,30533,40035,13971,26064,17891,13422,4469
09,152,shahjahanpur,Rural,60-64,70646,37910,32736,51488,22677,28811,19158,15233,3925
09,152,shahjahanpur,Rural,65-69,42602,22645,19957,31627,13954,17673,10975,8691,2284
09,152,shahjahanpur,Rural,70-74,27983,15352,12631,21349,9924,11425,6634,5428,1206
09,152,shahjahanpur,Rural,75-79,9934,5057,4877,7506,3148,4358,2428,1909,519
09,152,shahjahanpur,Rural,80+,15444,7918,7526,10935,4594,6341,4509,3324,1185
09,152,shahjahanpur,Rural,Age not stated,20922,11197,9725,10497,4703,5794,10425,6494,3931
09,152,shahjahanpur,Urban,All ages,594092,312689,281403,259984,122910,137074,334108,189779,144329
09,152,shahjahanpur,Urban,0-6,76845,40772,36073,76845,40772,36073,0,0,0
09,152,shahjahanpur,Urban,7,12771,6741,6030,5059,2589,2470,7712,4152,3560
09,152,shahjahanpur,Urban,8,14579,7759,6820,4645,2373,2272,9934,5386,4548
09,152,shahjahanpur,Urban,9,11418,6108,5310,3045,1567,1478,8373,4541,3832
09,152,shahjahanpur,Urban,10,16893,9156,7737,4645,2344,2301,12248,6812,5436
09,152,shahjahanpur,Urban,11,12239,6520,5719,2888,1494,1394,9351,5026,4325
09,152,shahjahanpur,Urban,12,15739,8326,7413,3944,2019,1925,11795,6307,5488
09,152,shahjahanpur,Urban,13,12275,6255,6020,2986,1505,1481,9289,4750,4539
09,152,shahjahanpur,Urban,14,15000,7722,7278,3963,1959,2004,11037,5763,5274
09,152,shahjahanpur,Urban,15,15535,8276,7259,4437,2257,2180,11098,6019,5079
09,152,shahjahanpur,Urban,16,15519,7988,7531,4252,2132,2120,11267,5856,5411
09,152,shahjahanpur,Urban,17,12876,6793,6083,3325,1670,1655,9551,5123,4428
09,152,shahjahanpur,Urban,18,18763,10295,8468,5679,3031,2648,13084,7264,5820
09,152,shahjahanpur,Urban,19,11815,6361,5454,3164,1630,1534,8651,4731,3920
09,152,shahjahanpur,Urban,20-24,61069,32923,28146,17962,8976,8986,43107,23947,19160
09,152,shahjahanpur,Urban,25-29,49687,26282,23405,16629,7531,9098,33058,18751,14307
09,152,shahjahanpur,Urban,30-34,41422,21503,19919,15401,6493,8908,26021,15010,11011
09,152,shahjahanpur,Urban,35-39,39757,20459,19298,16401,6810,9591,23356,13649,9707
09,152,shahjahanpur,Urban,40-44,32860,17418,15442,14095,6121,7974,18765,11297,7468
09,152,shahjahanpur,Urban,45-49,27818,14531,13287,11866,4928,6938,15952,9603,6349
09,152,shahjahanpur,Urban,50-54,21027,11475,9552,9084,3823,5261,11943,7652,4291
09,152,shahjahanpur,Urban,55-59,16572,8249,8323,7622,2631,4991,8950,5618,3332
09,152,shahjahanpur,Urban,60-64,15290,7568,7722,8379,3202,5177,6911,4366,2545
09,152,shahjahanpur,Urban,65-69,9708,4853,4855,5153,1875,3278,4555,2978,1577
09,152,shahjahanpur,Urban,70-74,6634,3459,3175,3602,1360,2242,3032,2099,933
09,152,shahjahanpur,Urban,75-79,2681,1347,1334,1389,486,903,1292,861,431
09,152,shahjahanpur,Urban,80+,3901,1814,2087,2091,699,1392,1810,1115,695
09,152,shahjahanpur,Urban,Age not stated,3399,1736,1663,1433,633,800,1966,1103,863
09,153,kheri,Total,All ages,4021243,2123187,1898056,1987199,886030,1101169,2034044,1237157,796887
09,153,kheri,Total,0-6,662296,344806,317490,662296,344806,317490,0,0,0
09,153,kheri,Total,7,103462,54427,49035,36774,18348,18426,66688,36079,30609
09,153,kheri,Total,8,117315,61401,55914,28816,13910,14906,88499,47491,41008
09,153,kheri,Total,9,93010,48710,44300,18079,8806,9273,74931,39904,35027
09,153,kheri,Total,10,137674,73332,64342,27587,13466,14121,110087,59866,50221
09,153,kheri,Total,11,95347,50895,44452,15413,7503,7910,79934,43392,36542
09,153,kheri,Total,12,116220,62812,53408,18249,8768,9481,97971,54044,43927
09,153,kheri,Total,13,92557,48584,43973,13866,6388,7478,78691,42196,36495
09,153,kheri,Total,14,97238,51198,46040,15310,7105,8205,81928,44093,37835
09,153,kheri,Total,15,108781,60164,48617,20280,10134,10146,88501,50030,38471
09,153,kheri,Total,16,94306,51224,43082,17718,8555,9163,76588,42669,33919
09,153,kheri,Total,17,71528,39129,32399,13909,6526,7383,57619,32603,25016
09,153,kheri,Total,18,107843,61405,46438,24963,11992,12971,82880,49413,33467
09,153,kheri,Total,19,60876,33489,27387,14412,6182,8230,46464,27307,19157
09,153,kheri,Total,20-24,328438,177959,150479,102942,39493,63449,225496,138466,87030
09,153,kheri,Total,25-29,295706,153480,142226,123760,44505,79255,171946,108975,62971
09,153,kheri,Total,30-34,272638,137048,135590,134127,47510,86617,138511,89538,48973
09,153,kheri,Total,35-39,263707,138648,125059,139767,53757,86010,123940,84891,39049
09,153,kheri,Total,40-44,202155,110073,92082,111612,46320,65292,90543,63753,26790
09,153,kheri,Total,45-49,158111,83738,74373,90996,35908,55088,67115,47830,19285
09,153,kheri,Total,50-54,118798,65628,53170,70456,30661,39795,48342,34967,13375
09,153,kheri,Total,55-59,102234,47175,55059,65922,21660,44262,36312,25515,10797
09,153,kheri,Total,60-64,116606,61240,55366,80865,34158,46707,35741,27082,8659
09,153,kheri,Total,65-69,72318,37322,34996,51403,21320,30083,20915,16002,4913
09,153,kheri,Total,70-74,49804,26827,22977,36829,16692,20137,12975,10135,2840
09,153,kheri,Total,75-79,19982,9925,10057,14761,6024,8737,5221,3901,1320
09,153,kheri,Total,80+,31090,16029,15061,21863,9385,12478,9227,6644,2583
09,153,kheri,Total,Age not stated,31203,16519,14684,14224,6148,8076,16979,10371,6608
09,153,kheri,Rural,All ages,3560208,1880679,1679529,1813274,804527,1008747,1746934,1076152,670782
09,153,kheri,Rural,0-6,601557,312944,288613,601557,312944,288613,0,0,0
09,153,kheri,Rural,7,93308,49000,44308,33093,16469,16624,60215,32531,27684
09,153,kheri,Rural,8,106510,55634,50876,25925,12494,13431,80585,43140,37445
09,153,kheri,Rural,9,83778,43743,40035,16067,7737,8330,67711,36006,31705
09,153,kheri,Rural,10,124767,66377,58390,24681,11933,12748,100086,54444,45642
09,153,kheri,Rural,11,85700,45619,40081,13665,6546,7119,72035,39073,32962
09,153,kheri,Rural,12,104383,56429,47954,16081,7625,8456,88302,48804,39498
09,153,kheri,Rural,13,82579,43333,39246,12197,5512,6685,70382,37821,32561
09,153,kheri,Rural,14,86435,45566,40869,13453,6149,7304,72982,39417,33565
09,153,kheri,Rural,15,97029,53929,43100,18047,8920,9127,78982,45009,33973
09,153,kheri,Rural,16,83163,45365,37798,15598,7413,8185,67565,37952,29613
09,153,kheri,Rural,17,61823,33953,27870,12140,5546,6594,49683,28407,21276
09,153,kheri,Rural,18,94226,53951,40275,22175,10422,11753,72051,43529,28522
09,153,kheri,Rural,19,51861,28603,23258,12667,5247,7420,39194,23356,15838
09,153,kheri,Rural,20-24,283072,153448,129624,93008,34524,58484,190064,118924,71140
09,153,kheri,Rural,25-29,257536,133623,123913,113884,40205,73679,143652,93418,50234
09,153,kheri,Rural,30-34,239845,120387,119458,124129,43461,80668,115716,76926,38790
09,153,kheri,Rural,35-39,232019,122468,109551,129206,49587,79619,102813,72881,29932
09,153,kheri,Rural,40-44,176286,96337,79949,102713,42596,60117,73573,53741,19832
09,153,kheri,Rural,45-49,136464,72501,63963,83473,33024,50449,52991,39477,13514
09,153,kheri,Rural,50-54,101843,56507,45336,64435,28274,36161,37408,28233,9175
09,153,kheri,Rural,55-59,88651,40393,48258,60808,20071,40737,27843,20322,7521
09,153,kheri,Rural,60-64,104174,54719,49455,75234,31990,43244,28940,22729,6211
09,153,kheri,Rural,65-69,64826,33480,31346,47859,20034,27825,16967,13446,3521
09,153,kheri,Rural,70-74,44697,24231,20466,34278,15771,18507,10419,8460,1959
09,153,kheri,Rural,75-79,17817,8884,8933,13728,5688,8040,4089,3196,893
09,153,kheri,Rural,80+,28054,14484,13570,20337,8814,11523,7717,5670,2047
09,153,kheri,Rural,Age not stated,27805,14771,13034,12836,5531,7305,14969,9240,5729
09,153,kheri,Urban,All ages,461035,242508,218527,173925,81503,92422,287110,161005,126105
09,153,kheri,Urban,0-6,60739,31862,28877,60739,31862,28877,0,0,0
09,153,kheri,Urban,7,10154,5427,4727,3681,1879,1802,6473,3548,2925
09,153,kheri,Urban,8,10805,5767,5038,2891,1416,1475,7914,4351,3563
09,153,kheri,Urban,9,9232,4967,4265,2012,1069,943,7220,3898,3322
09,153,kheri,Urban,10,12907,6955,5952,2906,1533,1373,10001,5422,4579
09,153,kheri,Urban,11,9647,5276,4371,1748,957,791,7899,4319,3580
09,153,kheri,Urban,12,11837,6383,5454,2168,1143,1025,9669,5240,4429
09,153,kheri,Urban,13,9978,5251,4727,1669,876,793,8309,4375,3934
09,153,kheri,Urban,14,10803,5632,5171,1857,956,901,8946,4676,4270
09,153,kheri,Urban,15,11752,6235,5517,2233,1214,1019,9519,5021,4498
09,153,kheri,Urban,16,11143,5859,5284,2120,1142,978,9023,4717,4306
09,153,kheri,Urban,17,9705,5176,4529,1769,980,789,7936,4196,3740
09,153,kheri,Urban,18,13617,7454,6163,2788,1570,1218,10829,5884,4945
09,153,kheri,Urban,19,9015,4886,4129,1745,935,810,7270,3951,3319
09,153,kheri,Urban,20-24,45366,24511,20855,9934,4969,4965,35432,19542,15890
09,153,kheri,Urban,25-29,38170,19857,18313,9876,4300,5576,28294,15557,12737
09,153,kheri,Urban,30-34,32793,16661,16132,9998,4049,5949,22795,12612,10183
09,153,kheri,Urban,35-39,31688,16180,15508,10561,4170,6391,21127,12010,9117
09,153,kheri,Urban,40-44,25869,13736,12133,8899,3724,5175,16970,10012,6958
09,153,kheri,Urban,45-49,21647,11237,10410,7523,2884,4639,14124,8353,5771
09,153,kheri,Urban,50-54,16955,9121,7834,6021,2387,3634,10934,6734,4200
09,153,kheri,Urban,55-59,13583,6782,6801,5114,1589,3525,8469,5193,3276
09,153,kheri,Urban,60-64,12432,6521,5911,5631,2168,3463,6801,4353,2448
09,153,kheri,Urban,65-69,7492,3842,3650,3544,1286,2258,3948,2556,1392
09,153,kheri,Urban,70-74,5107,2596,2511,2551,921,1630,2556,1675,881
09,153,kheri,Urban,75-79,2165,1041,1124,1033,336,697,1132,705,427
09,153,kheri,Urban,80+,3036,1545,1491,1526,571,955,1510,974,536
09,153,kheri,Urban,Age not stated,3398,1748,1650,1388,617,771,2010,1131,879
09,154,sitapur,Total,All ages,4483992,2375264,2108728,2200259,977562,1222697,2283733,1397702,886031
09,154,sitapur,Total,0-6,747558,387417,360141,747558,387417,360141,0,0,0
09,154,sitapur,Total,7,112827,58780,54047,40091,20046,20045,72736,38734,34002
09,154,sitapur,Total,8,130641,68368,62273,31016,15176,15840,99625,53192,46433
09,154,sitapur,Total,9,102109,53713,48396,18368,9019,9349,83741,44694,39047
09,154,sitapur,Total,10,157293,84546,72747,28862,14469,14393,128431,70077,58354
09,154,sitapur,Total,11,105042,55803,49239,14973,7429,7544,90069,48374,41695
09,154,sitapur,Total,12,131729,70626,61103,17728,8780,8948,114001,61846,52155
09,154,sitapur,Total,13,99495,52330,47165,12685,6051,6634,86810,46279,40531
09,154,sitapur,Total,14,105438,56428,49010,14410,7054,7356,91028,49374,41654
09,154,sitapur,Total,15,120197,67366,52831,20204,10632,9572,99993,56734,43259
09,154,sitapur,Total,16,100822,54931,45891,16459,8391,8068,84363,46540,37823
09,154,sitapur,Total,17,75001,41097,33904,12775,6227,6548,62226,34870,27356
09,154,sitapur,Total,18,119176,67603,51573,24950,11758,13192,94226,55845,38381
09,154,sitapur,Total,19,64631,35596,29035,14591,6061,8530,50040,29535,20505
09,154,sitapur,Total,20-24,365104,199726,165378,109708,41998,67710,255396,157728,97668
09,154,sitapur,Total,25-29,325320,170617,154703,135675,48662,87013,189645,121955,67690
09,154,sitapur,Total,30-34,300981,152975,148006,149613,53567,96046,151368,99408,51960
09,154,sitapur,Total,35-39,292422,155207,137215,155170,59758,95412,137252,95449,41803
09,154,sitapur,Total,40-44,228462,125446,103016,125956,51880,74076,102506,73566,28940
09,154,sitapur,Total,45-49,179122,95637,83485,102671,40022,62649,76451,55615,20836
09,154,sitapur,Total,50-54,135632,75846,59786,80190,34682,45508,55442,41164,14278
09,154,sitapur,Total,55-59,111093,51908,59185,71501,23387,48114,39592,28521,11071
09,154,sitapur,Total,60-64,127554,65829,61725,88091,35699,52392,39463,30130,9333
09,154,sitapur,Total,65-69,86674,44294,42380,61080,24535,36545,25594,19759,5835
09,154,sitapur,Total,70-74,62272,33426,28846,45400,19944,25456,16872,13482,3390
09,154,sitapur,Total,75-79,25686,12745,12941,18682,7343,11339,7004,5402,1602
09,154,sitapur,Total,80+,39407,19941,19466,27401,11358,16043,12006,8583,3423
09,154,sitapur,Total,Age not stated,32304,17063,15241,14451,6217,8234,17853,10846,7007
09,154,sitapur,Rural,All ages,3953208,2098123,1855085,2000690,883797,1116893,1952518,1214326,738192
09,154,sitapur,Rural,0-6,676004,350180,325824,676004,350180,325824,0,0,0
09,154,sitapur,Rural,7,101067,52629,48438,35707,17788,17919,65360,34841,30519
09,154,sitapur,Rural,8,117184,61374,55810,27390,13392,13998,89794,47982,41812
09,154,sitapur,Rural,9,91236,47967,43269,15876,7721,8155,75360,40246,35114
09,154,sitapur,Rural,10,141593,76122,65471,25338,12635,12703,116255,63487,52768
09,154,sitapur,Rural,11,93861,49860,44001,12902,6328,6574,80959,43532,37427
09,154,sitapur,Rural,12,117881,63385,54496,15453,7544,7909,102428,55841,46587
09,154,sitapur,Rural,13,88307,46523,41784,10941,5134,5807,77366,41389,35977
09,154,sitapur,Rural,14,92669,49741,42928,12258,5893,6365,80411,43848,36563
09,154,sitapur,Rural,15,106395,60099,46296,17644,9178,8466,88751,50921,37830
09,154,sitapur,Rural,16,87722,48249,39473,14198,7124,7074,73524,41125,32399
09,154,sitapur,Rural,17,63848,35258,28590,10886,5181,5705,52962,30077,22885
09,154,sitapur,Rural,18,102798,58667,44131,21785,9981,11804,81013,48686,32327
09,154,sitapur,Rural,19,54287,30088,24199,12653,5072,7581,41634,25016,16618
09,154,sitapur,Rural,20-24,309470,169703,139767,98272,36161,62111,211198,133542,77656
09,154,sitapur,Rural,25-29,282290,148206,134084,124325,43593,80732,157965,104613,53352
09,154,sitapur,Rural,30-34,264916,134656,130260,138678,49035,89643,126238,85621,40617
09,154,sitapur,Rural,35-39,257346,137130,120216,143478,55013,88465,113868,82117,31751
09,154,sitapur,Rural,40-44,199783,110540,89243,115904,47759,68145,83879,62781,21098
09,154,sitapur,Rural,45-49,154958,83012,71946,94055,36662,57393,60903,46350,14553
09,154,sitapur,Rural,50-54,117197,65955,51242,73579,32032,41547,43618,33923,9695
09,154,sitapur,Rural,55-59,96603,44802,51801,65826,21680,44146,30777,23122,7655
09,154,sitapur,Rural,60-64,114043,58859,55184,81845,33328,48517,32198,25531,6667
09,154,sitapur,Rural,65-69,77806,39888,37918,56930,23119,33811,20876,16769,4107
09,154,sitapur,Rural,70-74,56181,30237,25944,42307,18817,23490,13874,11420,2454
09,154,sitapur,Rural,75-79,23114,11462,11652,17458,6946,10512,5656,4516,1140
09,154,sitapur,Rural,80+,35209,17941,17268,25431,10709,14722,9778,7232,2546
09,154,sitapur,Rural,Age not stated,29440,15590,13850,13567,5792,7775,15873,9798,6075
09,154,sitapur,Urban,All ages,530784,277141,253643,199569,93765,105804,331215,183376,147839
09,154,sitapur,Urban,0-6,71554,37237,34317,71554,37237,34317,0,0,0
09,154,sitapur,Urban,7,11760,6151,5609,4384,2258,2126,7376,3893,3483
09,154,sitapur,Urban,8,13457,6994,6463,3626,1784,1842,9831,5210,4621
09,154,sitapur,Urban,9,10873,5746,5127,2492,1298,1194,8381,4448,3933
09,154,sitapur,Urban,10,15700,8424,7276,3524,1834,1690,12176,6590,5586
09,154,sitapur,Urban,11,11181,5943,5238,2071,1101,970,9110,4842,4268
09,154,sitapur,Urban,12,13848,7241,6607,2275,1236,1039,11573,6005,5568
09,154,sitapur,Urban,13,11188,5807,5381,1744,917,827,9444,4890,4554
09,154,sitapur,Urban,14,12769,6687,6082,2152,1161,991,10617,5526,5091
09,154,sitapur,Urban,15,13802,7267,6535,2560,1454,1106,11242,5813,5429
09,154,sitapur,Urban,16,13100,6682,6418,2261,1267,994,10839,5415,5424
09,154,sitapur,Urban,17,11153,5839,5314,1889,1046,843,9264,4793,4471
09,154,sitapur,Urban,18,16378,8936,7442,3165,1777,1388,13213,7159,6054
09,154,sitapur,Urban,19,10344,5508,4836,1938,989,949,8406,4519,3887
09,154,sitapur,Urban,20-24,55634,30023,25611,11436,5837,5599,44198,24186,20012
09,154,sitapur,Urban,25-29,43030,22411,20619,11350,5069,6281,31680,17342,14338
09,154,sitapur,Urban,30-34,36065,18319,17746,10935,4532,6403,25130,13787,11343
09,154,sitapur,Urban,35-39,35076,18077,16999,11692,4745,6947,23384,13332,10052
09,154,sitapur,Urban,40-44,28679,14906,13773,10052,4121,5931,18627,10785,7842
09,154,sitapur,Urban,45-49,24164,12625,11539,8616,3360,5256,15548,9265,6283
09,154,sitapur,Urban,50-54,18435,9891,8544,6611,2650,3961,11824,7241,4583
09,154,sitapur,Urban,55-59,14490,7106,7384,5675,1707,3968,8815,5399,3416
09,154,sitapur,Urban,60-64,13511,6970,6541,6246,2371,3875,7265,4599,2666
09,154,sitapur,Urban,65-69,8868,4406,4462,4150,1416,2734,4718,2990,1728
09,154,sitapur,Urban,70-74,6091,3189,2902,3093,1127,1966,2998,2062,936
09,154,sitapur,Urban,75-79,2572,1283,1289,1224,397,827,1348,886,462
09,154,sitapur,Urban,80+,4198,2000,2198,1970,649,1321,2228,1351,877
09,154,sitapur,Urban,Age not stated,2864,1473,1391,884,425,459,1980,1048,932
09,155,hardoi,Total,All ages,4092845,2191442,1901403,1871244,816855,1054389,2221601,1374587,847014
09,155,hardoi,Total,0-6,652496,343617,308879,652496,343617,308879,0,0,0
09,155,hardoi,Total,7,101607,53015,48592,31293,15645,15648,70314,37370,32944
09,155,hardoi,Total,8,112560,59188,53372,20892,10120,10772,91668,49068,42600
09,155,hardoi,Total,9,96234,50616,45618,14549,7048,7501,81685,43568,38117
09,155,hardoi,Total,10,140701,75033,65668,23205,11397,11808,117496,63636,53860
09,155,hardoi,Total,11,99141,52817,46324,12327,5943,6384,86814,46874,39940
09,155,hardoi,Total,12,117838,63625,54213,12769,6026,6743,105069,57599,47470
09,155,hardoi,Total,13,92098,48512,43586,9706,4399,5307,82392,44113,38279
09,155,hardoi,Total,14,100693,53666,47027,11941,5446,6495,88752,48220,40532
09,155,hardoi,Total,15,110021,61047,48974,15734,7594,8140,94287,53453,40834
09,155,hardoi,Total,16,98118,54507,43611,14469,7013,7456,83649,47494,36155
09,155,hardoi,Total,17,73022,41302,31720,11240,5365,5875,61782,35937,25845
09,155,hardoi,Total,18,112497,66882,45615,21178,10344,10834,91319,56538,34781
09,155,hardoi,Total,19,62409,35708,26701,12942,5458,7484,49467,30250,19217
09,155,hardoi,Total,20-24,337130,189818,147312,91904,34495,57409,245226,155323,89903
09,155,hardoi,Total,25-29,291799,156252,135547,110279,38169,72110,181520,118083,63437
09,155,hardoi,Total,30-34,266253,136816,129437,118925,39909,79016,147328,96907,50421
09,155,hardoi,Total,35-39,262120,139474,122646,125620,45197,80423,136500,94277,42223
09,155,hardoi,Total,40-44,209814,115691,94123,105708,41110,64598,104106,74581,29525
09,155,hardoi,Total,45-49,167119,89453,77666,88501,32730,55771,78618,56723,21895
09,155,hardoi,Total,50-54,128186,71629,56557,69542,28142,41400,58644,43487,15157
09,155,hardoi,Total,55-59,107299,50642,56657,64502,20043,44459,42797,30599,12198
09,155,hardoi,Total,60-64,128356,65880,62476,84314,32454,51860,44042,33426,10616
09,155,hardoi,Total,65-69,83927,43257,40670,56373,22098,34275,27554,21159,6395
09,155,hardoi,Total,70-74,56867,29972,26895,39979,16840,23139,16888,13132,3756
09,155,hardoi,Total,75-79,21841,10729,11112,15309,5761,9548,6532,4968,1564
09,155,hardoi,Total,80+,33512,16611,16901,22186,8612,13574,11326,7999,3327
09,155,hardoi,Total,Age not stated,29187,15683,13504,13361,5880,7481,15826,9803,6023
09,155,hardoi,Rural,All ages,3551039,1906147,1644892,1667451,723867,943584,1883588,1182280,701308
09,155,hardoi,Rural,0-6,580096,305625,274471,580096,305625,274471,0,0,0
09,155,hardoi,Rural,7,89721,46819,42902,27317,13616,13701,62404,33203,29201
09,155,hardoi,Rural,8,99659,52367,47292,17830,8608,9222,81829,43759,38070
09,155,hardoi,Rural,9,84993,44701,40292,12400,5980,6420,72593,38721,33872
09,155,hardoi,Rural,10,124678,66444,58234,19762,9655,10107,104916,56789,48127
09,155,hardoi,Rural,11,87443,46593,40850,10333,4898,5435,77110,41695,35415
09,155,hardoi,Rural,12,104001,56235,47766,10493,4845,5648,93508,51390,42118
09,155,hardoi,Rural,13,80322,42337,37985,7883,3469,4414,72439,38868,33571
09,155,hardoi,Rural,14,87486,46828,40658,9614,4289,5325,77872,42539,35333
09,155,hardoi,Rural,15,95835,53586,42249,13144,6320,6824,82691,47266,35425
09,155,hardoi,Rural,16,84390,47289,37101,11899,5704,6195,72491,41585,30906
09,155,hardoi,Rural,17,61297,35050,26247,9232,4326,4906,52065,30724,21341
09,155,hardoi,Rural,18,95550,57410,38140,17812,8522,9290,77738,48888,28850
09,155,hardoi,Rural,19,51606,29771,21835,10911,4399,6512,40695,25372,15323
09,155,hardoi,Rural,20-24,282929,160068,122861,80274,28862,51412,202655,131206,71449
09,155,hardoi,Rural,25-29,249173,133685,115488,99053,33355,65698,150120,100330,49790
09,155,hardoi,Rural,30-34,229915,118309,111606,107874,35662,72212,122041,82647,39394
09,155,hardoi,Rural,35-39,225911,120913,104998,113500,40647,72853,112411,80266,32145
09,155,hardoi,Rural,40-44,179616,99732,79884,95104,36921,58183,84512,62811,21701
09,155,hardoi,Rural,45-49,141452,76074,65378,79259,29383,49876,62193,46691,15502
09,155,hardoi,Rural,50-54,108898,61304,47594,62383,25451,36932,46515,35853,10662
09,155,hardoi,Rural,55-59,91647,42981,48666,58262,18179,40083,33385,24802,8583
09,155,hardoi,Rural,60-64,113541,58223,55318,77445,30046,47399,36096,28177,7919
09,155,hardoi,Rural,65-69,74452,38407,36045,51859,20564,31295,22593,17843,4750
09,155,hardoi,Rural,70-74,50730,26856,23874,36881,15767,21114,13849,11089,2760
09,155,hardoi,Rural,75-79,19296,9449,9847,14098,5373,8725,5198,4076,1122
09,155,hardoi,Rural,80+,29199,14506,14693,20179,7906,12273,9020,6600,2420
09,155,hardoi,Rural,Age not stated,27203,14585,12618,12554,5495,7059,14649,9090,5559
09,155,hardoi,Urban,All ages,541806,285295,256511,203793,92988,110805,338013,192307,145706
09,155,hardoi,Urban,0-6,72400,37992,34408,72400,37992,34408,0,0,0
09,155,hardoi,Urban,7,11886,6196,5690,3976,2029,1947,7910,4167,3743
09,155,hardoi,Urban,8,12901,6821,6080,3062,1512,1550,9839,5309,4530
09,155,hardoi,Urban,9,11241,5915,5326,2149,1068,1081,9092,4847,4245
09,155,hardoi,Urban,10,16023,8589,7434,3443,1742,1701,12580,6847,5733
09,155,hardoi,Urban,11,11698,6224,5474,1994,1045,949,9704,5179,4525
09,155,hardoi,Urban,12,13837,7390,6447,2276,1181,1095,11561,6209,5352
09,155,hardoi,Urban,13,11776,6175,5601,1823,930,893,9953,5245,4708
09,155,hardoi,Urban,14,13207,6838,6369,2327,1157,1170,10880,5681,5199
09,155,hardoi,Urban,15,14186,7461,6725,2590,1274,1316,11596,6187,5409
09,155,hardoi,Urban,16,13728,7218,6510,2570,1309,1261,11158,5909,5249
09,155,hardoi,Urban,17,11725,6252,5473,2008,1039,969,9717,5213,4504
09,155,hardoi,Urban,18,16947,9472,7475,3366,1822,1544,13581,7650,5931
09,155,hardoi,Urban,19,10803,5937,4866,2031,1059,972,8772,4878,3894
09,155,hardoi,Urban,20-24,54201,29750,24451,11630,5633,5997,42571,24117,18454
09,155,hardoi,Urban,25-29,42626,22567,20059,11226,4814,6412,31400,17753,13647
09,155,hardoi,Urban,30-34,36338,18507,17831,11051,4247,6804,25287,14260,11027
09,155,hardoi,Urban,35-39,36209,18561,17648,12120,4550,7570,24089,14011,10078
09,155,hardoi,Urban,40-44,30198,15959,14239,10604,4189,6415,19594,11770,7824
09,155,hardoi,Urban,45-49,25667,13379,12288,9242,3347,5895,16425,10032,6393
09,155,hardoi,Urban,50-54,19288,10325,8963,7159,2691,4468,12129,7634,4495
09,155,hardoi,Urban,55-59,15652,7661,7991,6240,1864,4376,9412,5797,3615
09,155,hardoi,Urban,60-64,14815,7657,7158,6869,2408,4461,7946,5249,2697
09,155,hardoi,Urban,65-69,9475,4850,4625,4514,1534,2980,4961,3316,1645
09,155,hardoi,Urban,70-74,6137,3116,3021,3098,1073,2025,3039,2043,996
09,155,hardoi,Urban,75-79,2545,1280,1265,1211,388,823,1334,892,442
09,155,hardoi,Urban,80+,4313,2105,2208,2007,706,1301,2306,1399,907
09,155,hardoi,Urban,Age not stated,1984,1098,886,807,385,422,1177,713,464
09,156,unnao,Total,All ages,3108367,1630087,1478280,1334783,577024,757759,1773584,1053063,720521
09,156,unnao,Total,0-6,435915,227015,208900,435915,227015,208900,0,0,0
09,156,unnao,Total,7,71701,37338,34363,21467,10853,10614,50234,26485,23749
09,156,unnao,Total,8,76927,40157,36770,14919,7270,7649,62008,32887,29121
09,156,unnao,Total,9,64486,33671,30815,9540,4631,4909,54946,29040,25906
09,156,unnao,Total,10,96274,51354,44920,14224,7164,7060,82050,44190,37860
09,156,unnao,Total,11,73210,38768,34442,8560,4179,4381,64650,34589,30061
09,156,unnao,Total,12,82025,43497,38528,9196,4465,4731,72829,39032,33797
09,156,unnao,Total,13,68546,35152,33394,7212,3312,3900,61334,31840,29494
09,156,unnao,Total,14,75914,39194,36720,8926,4238,4688,66988,34956,32032
09,156,unnao,Total,15,83267,43984,39283,11371,5549,5822,71896,38435,33461
09,156,unnao,Total,16,78458,40496,37962,11030,5141,5889,67428,35355,32073
09,156,unnao,Total,17,62244,32922,29322,8754,4188,4566,53490,28734,24756
09,156,unnao,Total,18,89941,50378,39563,14700,7218,7482,75241,43160,32081
09,156,unnao,Total,19,53522,30090,23432,9027,4292,4735,44495,25798,18697
09,156,unnao,Total,20-24,269249,152404,116845,60057,25683,34374,209192,126721,82471
09,156,unnao,Total,25-29,212027,111444,100583,68155,24925,43230,143872,86519,57353
09,156,unnao,Total,30-34,196611,97015,99596,78587,26232,52355,118024,70783,47241
09,156,unnao,Total,35-39,202394,103750,98644,90590,31740,58850,111804,72010,39794
09,156,unnao,Total,40-44,171204,91253,79951,82241,31393,50848,88963,59860,29103
09,156,unnao,Total,45-49,136642,72555,64087,68497,25157,43340,68145,47398,20747
09,156,unnao,Total,50-54,103114,56822,46292,54026,21487,32539,49088,35335,13753
09,156,unnao,Total,55-59,87838,40771,47067,51831,15698,36133,36007,25073,10934
09,156,unnao,Total,60-64,100257,50688,49569,64927,24374,40553,35330,26314,9016
09,156,unnao,Total,65-69,66631,33313,33318,44628,16782,27846,22003,16531,5472
09,156,unnao,Total,70-74,47838,24619,23219,33628,13524,20104,14210,11095,3115
09,156,unnao,Total,75-79,19857,9767,10090,13624,5050,8574,6233,4717,1516
09,156,unnao,Total,80+,27927,13824,14103,18400,7141,11259,9527,6683,2844
09,156,unnao,Total,Age not stated,54348,27846,26502,20751,8323,12428,33597,19523,14074
09,156,unnao,Rural,All ages,2576721,1351897,1224824,1153603,493744,659859,1423118,858153,564965
09,156,unnao,Rural,0-6,370948,192874,178074,370948,192874,178074,0,0,0
09,156,unnao,Rural,7,60694,31567,29127,18459,9295,9164,42235,22272,19963
09,156,unnao,Rural,8,65504,34205,31299,12486,6092,6394,53018,28113,24905
09,156,unnao,Rural,9,54845,28542,26303,7973,3838,4135,46872,24704,22168
09,156,unnao,Rural,10,81866,43568,38298,11625,5792,5833,70241,37776,32465
09,156,unnao,Rural,11,62197,32837,29360,7027,3358,3669,55170,29479,25691
09,156,unnao,Rural,12,69743,36957,32786,7386,3505,3881,62357,33452,28905
09,156,unnao,Rural,13,57869,29684,28185,5783,2600,3183,52086,27084,25002
09,156,unnao,Rural,14,63869,33092,30777,7222,3372,3850,56647,29720,26927
09,156,unnao,Rural,15,70383,37221,33162,9395,4488,4907,60988,32733,28255
09,156,unnao,Rural,16,65444,33757,31687,8953,4062,4891,56491,29695,26796
09,156,unnao,Rural,17,51003,27070,23933,7157,3325,3832,43846,23745,20101
09,156,unnao,Rural,18,74038,41697,32341,11996,5775,6221,62042,35922,26120
09,156,unnao,Rural,19,42965,24405,18560,7357,3379,3978,35608,21026,14582
09,156,unnao,Rural,20-24,214739,122458,92281,50407,20745,29662,164332,101713,62619
09,156,unnao,Rural,25-29,169518,89380,80138,58911,20843,38068,110607,68537,42070
09,156,unnao,Rural,30-34,159614,78336,81278,69059,22417,46642,90555,55919,34636
09,156,unnao,Rural,35-39,165737,85218,80519,79964,27687,52277,85773,57531,28242
09,156,unnao,Rural,40-44,139453,74730,64723,72092,27336,44756,67361,47394,19967
09,156,unnao,Rural,45-49,110252,58682,51570,59888,21925,37963,50364,36757,13607
09,156,unnao,Rural,50-54,83251,46021,37230,47273,18901,28372,35978,27120,8858
09,156,unnao,Rural,55-59,72431,33104,39327,46039,13973,32066,26392,19131,7261
09,156,unnao,Rural,60-64,85660,43240,42420,58401,22066,36335,27259,21174,6085
09,156,unnao,Rural,65-69,57405,28660,28745,40402,15354,25048,17003,13306,3697
09,156,unnao,Rural,70-74,41596,21394,20202,30455,12430,18025,11141,8964,2177
09,156,unnao,Rural,75-79,17110,8415,8695,12376,4655,7721,4734,3760,974
09,156,unnao,Rural,80+,23777,11807,11970,16478,6508,9970,7299,5299,2000
09,156,unnao,Rural,Age not stated,44810,22976,21834,18091,7149,10942,26719,15827,10892
09,156,unnao,Urban,All ages,531646,278190,253456,181180,83280,97900,350466,194910,155556
09,156,unnao,Urban,0-6,64967,34141,30826,64967,34141,30826,0,0,0
09,156,unnao,Urban,7,11007,5771,5236,3008,1558,1450,7999,4213,3786
09,156,unnao,Urban,8,11423,5952,5471,2433,1178,1255,8990,4774,4216
09,156,unnao,Urban,9,9641,5129,4512,1567,793,774,8074,4336,3738
09,156,unnao,Urban,10,14408,7786,6622,2599,1372,1227,11809,6414,5395
09,156,unnao,Urban,11,11013,5931,5082,1533,821,712,9480,5110,4370
09,156,unnao,Urban,12,12282,6540,5742,1810,960,850,10472,5580,4892
09,156,unnao,Urban,13,10677,5468,5209,1429,712,717,9248,4756,4492
09,156,unnao,Urban,14,12045,6102,5943,1704,866,838,10341,5236,5105
09,156,unnao,Urban,15,12884,6763,6121,1976,1061,915,10908,5702,5206
09,156,unnao,Urban,16,13014,6739,6275,2077,1079,998,10937,5660,5277
09,156,unnao,Urban,17,11241,5852,5389,1597,863,734,9644,4989,4655
09,156,unnao,Urban,18,15903,8681,7222,2704,1443,1261,13199,7238,5961
09,156,unnao,Urban,19,10557,5685,4872,1670,913,757,8887,4772,4115
09,156,unnao,Urban,20-24,54510,29946,24564,9650,4938,4712,44860,25008,19852
09,156,unnao,Urban,25-29,42509,22064,20445,9244,4082,5162,33265,17982,15283
09,156,unnao,Urban,30-34,36997,18679,18318,9528,3815,5713,27469,14864,12605
09,156,unnao,Urban,35-39,36657,18532,18125,10626,4053,6573,26031,14479,11552
09,156,unnao,Urban,40-44,31751,16523,15228,10149,4057,6092,21602,12466,9136
09,156,unnao,Urban,45-49,26390,13873,12517,8609,3232,5377,17781,10641,7140
09,156,unnao,Urban,50-54,19863,10801,9062,6753,2586,4167,13110,8215,4895
09,156,unnao,Urban,55-59,15407,7667,7740,5792,1725,4067,9615,5942,3673
09,156,unnao,Urban,60-64,14597,7448,7149,6526,2308,4218,8071,5140,2931
09,156,unnao,Urban,65-69,9226,4653,4573,4226,1428,2798,5000,3225,1775
09,156,unnao,Urban,70-74,6242,3225,3017,3173,1094,2079,3069,2131,938
09,156,unnao,Urban,75-79,2747,1352,1395,1248,395,853,1499,957,542
09,156,unnao,Urban,80+,4150,2017,2133,1922,633,1289,2228,1384,844
09,156,unnao,Urban,Age not stated,9538,4870,4668,2660,1174,1486,6878,3696,3182
09,157,lucknow,Total,All ages,4589838,2394476,2195362,1462578,652036,810542,3127260,1742440,1384820
09,157,lucknow,Total,0-6,543641,283952,259689,543641,283952,259689,0,0,0
09,157,lucknow,Total,7,91257,47387,43870,24027,12168,11859,67230,35219,32011
09,157,lucknow,Total,8,92396,48733,43663,15672,8037,7635,76724,40696,36028
09,157,lucknow,Total,9,84698,44567,40131,11777,5984,5793,72921,38583,34338
09,157,lucknow,Total,10,119503,63660,55843,17538,8972,8566,101965,54688,47277
09,157,lucknow,Total,11,94171,49784,44387,10740,5364,5376,83431,44420,39011
09,157,lucknow,Total,12,101597,53471,48126,10404,5370,5034,91193,48101,43092
09,157,lucknow,Total,13,88991,45604,43387,8046,4092,3954,80945,41512,39433
09,157,lucknow,Total,14,98791,50947,47844,9523,4778,4745,89268,46169,43099
09,157,lucknow,Total,15,106540,56459,50081,12231,6399,5832,94309,50060,44249
09,157,lucknow,Total,16,104479,54400,50079,11629,6071,5558,92850,48329,44521
09,157,lucknow,Total,17,92570,48945,43625,10209,5263,4946,82361,43682,38679
09,157,lucknow,Total,18,125154,68510,56644,16507,8675,7832,108647,59835,48812
09,157,lucknow,Total,19,88558,48046,40512,11194,5495,5699,77364,42551,34813
09,157,lucknow,Total,20-24,457020,244128,212892,69195,31506,37689,387825,212622,175203
09,157,lucknow,Total,25-29,388923,197727,191196,78105,30409,47696,310818,167318,143500
09,157,lucknow,Total,30-34,331460,167275,164185,81692,29442,52250,249768,137833,111935
09,157,lucknow,Total,35-39,326408,166817,159591,93082,34261,58821,233326,132556,100770
09,157,lucknow,Total,40-44,269533,141389,128144,81205,31021,50184,188328,110368,77960
09,157,lucknow,Total,45-49,234285,122147,112138,71239,25701,45538,163046,96446,66600
09,157,lucknow,Total,50-54,182442,98131,84311,55276,20700,34576,127166,77431,49735
09,157,lucknow,Total,55-59,143430,72873,70557,47923,14520,33403,95507,58353,37154
09,157,lucknow,Total,60-64,135829,70521,65308,57176,20821,36355,78653,49700,28953
09,157,lucknow,Total,65-69,91307,47623,43684,39229,14384,24845,52078,33239,18839
09,157,lucknow,Total,70-74,62089,32787,29302,28651,10990,17661,33438,21797,11641
09,157,lucknow,Total,75-79,28645,14701,13944,12229,4197,8032,16416,10504,5912
09,157,lucknow,Total,80+,41516,20378,21138,18452,6552,11900,23064,13826,9238
09,157,lucknow,Total,Age not stated,64605,33514,31091,15986,6912,9074,48619,26602,22017
09,157,lucknow,Rural,All ages,1550842,813752,737090,649985,280096,369889,900857,533656,367201
09,157,lucknow,Rural,0-6,222592,115432,107160,222592,115432,107160,0,0,0
09,157,lucknow,Rural,7,37170,19158,18012,9760,4950,4810,27410,14208,13202
09,157,lucknow,Rural,8,40508,21222,19286,6302,3206,3096,34206,18016,16190
09,157,lucknow,Rural,9,33737,17553,16184,3990,2004,1986,29747,15549,14198
09,157,lucknow,Rural,10,51259,27161,24098,6216,3089,3127,45043,24072,20971
09,157,lucknow,Rural,11,37166,19637,17529,3339,1629,1710,33827,18008,15819
09,157,lucknow,Rural,12,43174,22551,20623,3527,1702,1825,39647,20849,18798
09,157,lucknow,Rural,13,35205,17986,17219,2527,1211,1316,32678,16775,15903
09,157,lucknow,Rural,14,39435,20229,19206,3281,1534,1747,36154,18695,17459
09,157,lucknow,Rural,15,42554,22609,19945,4544,2264,2280,38010,20345,17665
09,157,lucknow,Rural,16,39645,20622,19023,4152,2002,2150,35493,18620,16873
09,157,lucknow,Rural,17,31771,16739,15032,3427,1620,1807,28344,15119,13225
09,157,lucknow,Rural,18,46979,25977,21002,6430,3059,3371,40549,22918,17631
09,157,lucknow,Rural,19,27159,14848,12311,3889,1691,2198,23270,13157,10113
09,157,lucknow,Rural,20-24,138308,76581,61727,28543,11325,17218,109765,65256,44509
09,157,lucknow,Rural,25-29,113288,59420,53868,35724,12538,23186,77564,46882,30682
09,157,lucknow,Rural,30-34,100801,50775,50026,40456,13426,27030,60345,37349,22996
09,157,lucknow,Rural,35-39,100733,52989,47744,45754,16273,29481,54979,36716,18263
09,157,lucknow,Rural,40-44,78909,43148,35761,38851,14810,24041,40058,28338,11720
09,157,lucknow,Rural,45-49,62534,33768,28766,32780,12053,20727,29754,21715,8039
09,157,lucknow,Rural,50-54,45575,24807,20768,25366,9839,15527,20209,14968,5241
09,157,lucknow,Rural,55-59,38804,17857,20947,24232,7295,16937,14572,10562,4010
09,157,lucknow,Rural,60-64,48213,24112,24101,32719,12333,20386,15494,11779,3715
09,157,lucknow,Rural,65-69,33695,17197,16498,23206,9178,14028,10489,8019,2470
09,157,lucknow,Rural,70-74,22778,11940,10838,16459,6979,9480,6319,4961,1358
09,157,lucknow,Rural,75-79,9175,4560,4615,6626,2574,4052,2549,1986,563
09,157,lucknow,Rural,80+,14333,6954,7379,9812,3850,5962,4521,3104,1417
09,157,lucknow,Rural,Age not stated,15342,7920,7422,5481,2230,3251,9861,5690,4171
09,157,lucknow,Urban,All ages,3038996,1580724,1458272,812593,371940,440653,2226403,1208784,1017619
09,157,lucknow,Urban,0-6,321049,168520,152529,321049,168520,152529,0,0,0
09,157,lucknow,Urban,7,54087,28229,25858,14267,7218,7049,39820,21011,18809
09,157,lucknow,Urban,8,51888,27511,24377,9370,4831,4539,42518,22680,19838
09,157,lucknow,Urban,9,50961,27014,23947,7787,3980,3807,43174,23034,20140
09,157,lucknow,Urban,10,68244,36499,31745,11322,5883,5439,56922,30616,26306
09,157,lucknow,Urban,11,57005,30147,26858,7401,3735,3666,49604,26412,23192
09,157,lucknow,Urban,12,58423,30920,27503,6877,3668,3209,51546,27252,24294
09,157,lucknow,Urban,13,53786,27618,26168,5519,2881,2638,48267,24737,23530
09,157,lucknow,Urban,14,59356,30718,28638,6242,3244,2998,53114,27474,25640
09,157,lucknow,Urban,15,63986,33850,30136,7687,4135,3552,56299,29715,26584
09,157,lucknow,Urban,16,64834,33778,31056,7477,4069,3408,57357,29709,27648
09,157,lucknow,Urban,17,60799,32206,28593,6782,3643,3139,54017,28563,25454
09,157,lucknow,Urban,18,78175,42533,35642,10077,5616,4461,68098,36917,31181
09,157,lucknow,Urban,19,61399,33198,28201,7305,3804,3501,54094,29394,24700
09,157,lucknow,Urban,20-24,318712,167547,151165,40652,20181,20471,278060,147366,130694
09,157,lucknow,Urban,25-29,275635,138307,137328,42381,17871,24510,233254,120436,112818
09,157,lucknow,Urban,30-34,230659,116500,114159,41236,16016,25220,189423,100484,88939
09,157,lucknow,Urban,35-39,225675,113828,111847,47328,17988,29340,178347,95840,82507
09,157,lucknow,Urban,40-44,190624,98241,92383,42354,16211,26143,148270,82030,66240
09,157,lucknow,Urban,45-49,171751,88379,83372,38459,13648,24811,133292,74731,58561
09,157,lucknow,Urban,50-54,136867,73324,63543,29910,10861,19049,106957,62463,44494
09,157,lucknow,Urban,55-59,104626,55016,49610,23691,7225,16466,80935,47791,33144
09,157,lucknow,Urban,60-64,87616,46409,41207,24457,8488,15969,63159,37921,25238
09,157,lucknow,Urban,65-69,57612,30426,27186,16023,5206,10817,41589,25220,16369
09,157,lucknow,Urban,70-74,39311,20847,18464,12192,4011,8181,27119,16836,10283
09,157,lucknow,Urban,75-79,19470,10141,9329,5603,1623,3980,13867,8518,5349
09,157,lucknow,Urban,80+,27183,13424,13759,8640,2702,5938,18543,10722,7821
09,157,lucknow,Urban,Age not stated,49263,25594,23669,10505,4682,5823,38758,20912,17846
09,158,rae bareli,Total,All ages,3405559,1752542,1653017,1439716,586577,853139,1965843,1165965,799878
09,158,rae bareli,Total,0-6,482517,250501,232016,482517,250501,232016,0,0,0
09,158,rae bareli,Total,7,78385,40581,37804,22744,11327,11417,55641,29254,26387
09,158,rae bareli,Total,8,90200,47078,43122,15223,7507,7716,74977,39571,35406
09,158,rae bareli,Total,9,72481,37629,34852,9139,4435,4704,63342,33194,30148
09,158,rae bareli,Total,10,107575,56745,50830,12999,6497,6502,94576,50248,44328
09,158,rae bareli,Total,11,75860,39630,36230,6880,3291,3589,68980,36339,32641
09,158,rae bareli,Total,12,97809,51273,46536,8412,3835,4577,89397,47438,41959
09,158,rae bareli,Total,13,77850,39746,38104,6263,2738,3525,71587,37008,34579
09,158,rae bareli,Total,14,85188,43613,41575,7599,3225,4374,77589,40388,37201
09,158,rae bareli,Total,15,92084,47781,44303,10096,4477,5619,81988,43304,38684
09,158,rae bareli,Total,16,89599,44891,44708,10180,4042,6138,79419,40849,38570
09,158,rae bareli,Total,17,69750,35149,34601,8020,3151,4869,61730,31998,29732
09,158,rae bareli,Total,18,101654,53485,48169,14925,5735,9190,86729,47750,38979
09,158,rae bareli,Total,19,58107,30742,27365,8355,3014,5341,49752,27728,22024
09,158,rae bareli,Total,20-24,294180,157798,136382,60731,20015,40716,233449,137783,95666
09,158,rae bareli,Total,25-29,242768,123712,119056,75263,22707,52556,167505,101005,66500
09,158,rae bareli,Total,30-34,222547,108479,114068,87959,25511,62448,134588,82968,51620
09,158,rae bareli,Total,35-39,219825,111729,108096,98438,30943,67495,121387,80786,40601
09,158,rae bareli,Total,40-44,181243,94727,86516,88954,30464,58490,92289,64263,28026
09,158,rae bareli,Total,45-49,152968,79073,73895,79677,26809,52868,73291,52264,21027
09,158,rae bareli,Total,50-54,118369,64095,54274,63516,23495,40021,54853,40600,14253
09,158,rae bareli,Total,55-59,96835,46203,50632,57828,17138,40690,39007,29065,9942
09,158,rae bareli,Total,60-64,107260,53270,53990,71467,25661,45806,35793,27609,8184
09,158,rae bareli,Total,65-69,74228,36542,37686,51003,18448,32555,23225,18094,5131
09,158,rae bareli,Total,70-74,54747,27852,26895,39808,15856,23952,14939,11996,2943
09,158,rae bareli,Total,75-79,23204,11372,11832,16655,6161,10494,6549,5211,1338
09,158,rae bareli,Total,80+,31940,15527,16413,22361,8512,13849,9579,7015,2564
09,158,rae bareli,Total,Age not stated,6386,3319,3067,2704,1082,1622,3682,2237,1445
09,158,rae bareli,Rural,All ages,3097564,1592449,1505115,1347538,546060,801478,1750026,1046389,703637
09,158,rae bareli,Rural,0-6,447627,232224,215403,447627,232224,215403,0,0,0
09,158,rae bareli,Rural,7,72762,37665,35097,21188,10526,10662,51574,27139,24435
09,158,rae bareli,Rural,8,83679,43635,40044,14045,6916,7129,69634,36719,32915
09,158,rae bareli,Rural,9,67031,34718,32313,8384,4046,4338,58647,30672,27975
09,158,rae bareli,Rural,10,99794,52563,47231,11987,5965,6022,87807,46598,41209
09,158,rae bareli,Rural,11,70127,36533,33594,6266,2973,3293,63861,33560,30301
09,158,rae bareli,Rural,12,90487,47411,43076,7620,3438,4182,82867,43973,38894
09,158,rae bareli,Rural,13,71637,36563,35074,5666,2447,3219,65971,34116,31855
09,158,rae bareli,Rural,14,78390,40146,38244,6865,2876,3989,71525,37270,34255
09,158,rae bareli,Rural,15,84630,43904,40726,9210,4007,5203,75420,39897,35523
09,158,rae bareli,Rural,16,81767,40963,40804,9278,3591,5687,72489,37372,35117
09,158,rae bareli,Rural,17,63053,31781,31272,7238,2761,4477,55815,29020,26795
09,158,rae bareli,Rural,18,91823,48212,43611,13534,5025,8509,78289,43187,35102
09,158,rae bareli,Rural,19,51626,27379,24247,7546,2630,4916,44080,24749,19331
09,158,rae bareli,Rural,20-24,259950,139657,120293,55920,17731,38189,204030,121926,82104
09,158,rae bareli,Rural,25-29,215870,109699,106171,70632,20788,49844,145238,88911,56327
09,158,rae bareli,Rural,30-34,201125,97644,103481,83373,23828,59545,117752,73816,43936
09,158,rae bareli,Rural,35-39,199484,101516,97968,93246,29132,64114,106238,72384,33854
09,158,rae bareli,Rural,40-44,163094,85654,77440,83825,28692,55133,79269,56962,22307
09,158,rae bareli,Rural,45-49,135647,70359,65288,74769,25194,49575,60878,45165,15713
09,158,rae bareli,Rural,50-54,104250,56260,47990,59776,22202,37574,44474,34058,10416
09,158,rae bareli,Rural,55-59,86763,40692,46071,54755,16300,38455,32008,24392,7616
09,158,rae bareli,Rural,60-64,99324,49113,50211,68175,24579,43596,31149,24534,6615
09,158,rae bareli,Rural,65-69,69241,33983,35258,48840,17771,31069,20401,16212,4189
09,158,rae bareli,Rural,70-74,51258,26107,25151,38078,15298,22780,13180,10809,2371
09,158,rae bareli,Rural,75-79,21620,10592,11028,15911,5937,9974,5709,4655,1054
09,158,rae bareli,Rural,80+,29718,14486,15232,21313,8203,13110,8405,6283,2122
09,158,rae bareli,Rural,Age not stated,5787,2990,2797,2471,980,1491,3316,2010,1306
09,158,rae bareli,Urban,All ages,307995,160093,147902,92178,40517,51661,215817,119576,96241
09,158,rae bareli,Urban,0-6,34890,18277,16613,34890,18277,16613,0,0,0
09,158,rae bareli,Urban,7,5623,2916,2707,1556,801,755,4067,2115,1952
09,158,rae bareli,Urban,8,6521,3443,3078,1178,591,587,5343,2852,2491
09,158,rae bareli,Urban,9,5450,2911,2539,755,389,366,4695,2522,2173
09,158,rae bareli,Urban,10,7781,4182,3599,1012,532,480,6769,3650,3119
09,158,rae bareli,Urban,11,5733,3097,2636,614,318,296,5119,2779,2340
09,158,rae bareli,Urban,12,7322,3862,3460,792,397,395,6530,3465,3065
09,158,rae bareli,Urban,13,6213,3183,3030,597,291,306,5616,2892,2724
09,158,rae bareli,Urban,14,6798,3467,3331,734,349,385,6064,3118,2946
09,158,rae bareli,Urban,15,7454,3877,3577,886,470,416,6568,3407,3161
09,158,rae bareli,Urban,16,7832,3928,3904,902,451,451,6930,3477,3453
09,158,rae bareli,Urban,17,6697,3368,3329,782,390,392,5915,2978,2937
09,158,rae bareli,Urban,18,9831,5273,4558,1391,710,681,8440,4563,3877
09,158,rae bareli,Urban,19,6481,3363,3118,809,384,425,5672,2979,2693
09,158,rae bareli,Urban,20-24,34230,18141,16089,4811,2284,2527,29419,15857,13562
09,158,rae bareli,Urban,25-29,26898,14013,12885,4631,1919,2712,22267,12094,10173
09,158,rae bareli,Urban,30-34,21422,10835,10587,4586,1683,2903,16836,9152,7684
09,158,rae bareli,Urban,35-39,20341,10213,10128,5192,1811,3381,15149,8402,6747
09,158,rae bareli,Urban,40-44,18149,9073,9076,5129,1772,3357,13020,7301,5719
09,158,rae bareli,Urban,45-49,17321,8714,8607,4908,1615,3293,12413,7099,5314
09,158,rae bareli,Urban,50-54,14119,7835,6284,3740,1293,2447,10379,6542,3837
09,158,rae bareli,Urban,55-59,10072,5511,4561,3073,838,2235,6999,4673,2326
09,158,rae bareli,Urban,60-64,7936,4157,3779,3292,1082,2210,4644,3075,1569
09,158,rae bareli,Urban,65-69,4987,2559,2428,2163,677,1486,2824,1882,942
09,158,rae bareli,Urban,70-74,3489,1745,1744,1730,558,1172,1759,1187,572
09,158,rae bareli,Urban,75-79,1584,780,804,744,224,520,840,556,284
09,158,rae bareli,Urban,80+,2222,1041,1181,1048,309,739,1174,732,442
09,158,rae bareli,Urban,Age not stated,599,329,270,233,102,131,366,227,139
09,159,farrukhabad,Total,All ages,1885204,1006240,878964,792527,351413,441114,1092677,654827,437850
09,159,farrukhabad,Total,0-6,302612,160230,142382,302612,160230,142382,0,0,0
09,159,farrukhabad,Total,7,44552,23588,20964,15435,7931,7504,29117,15657,13460
09,159,farrukhabad,Total,8,52974,28548,24426,11785,6106,5679,41189,22442,18747
09,159,farrukhabad,Total,9,39486,21171,18315,6625,3363,3262,32861,17808,15053
09,159,farrukhabad,Total,10,59168,32193,26975,9249,4703,4546,49919,27490,22429
09,159,farrukhabad,Total,11,42563,22809,19754,5260,2616,2644,37303,20193,17110
09,159,farrukhabad,Total,12,54293,29630,24663,6603,3292,3311,47690,26338,21352
09,159,farrukhabad,Total,13,43422,22864,20558,4878,2393,2485,38544,20471,18073
09,159,farrukhabad,Total,14,48339,25747,22592,5997,2928,3069,42342,22819,19523
09,159,farrukhabad,Total,15,50957,27839,23118,7212,3591,3621,43745,24248,19497
09,159,farrukhabad,Total,16,48389,26317,22072,7165,3449,3716,41224,22868,18356
09,159,farrukhabad,Total,17,36972,20051,16921,5529,2629,2900,31443,17422,14021
09,159,farrukhabad,Total,18,57575,32451,25124,10415,4908,5507,47160,27543,19617
09,159,farrukhabad,Total,19,31923,17474,14449,5858,2472,3386,26065,15002,11063
09,159,farrukhabad,Total,20-24,173248,95595,77653,41320,16238,25082,131928,79357,52571
09,159,farrukhabad,Total,25-29,138111,73558,64553,43929,15692,28237,94182,57866,36316
09,159,farrukhabad,Total,30-34,121666,62666,59000,45345,15537,29808,76321,47129,29192
09,159,farrukhabad,Total,35-39,116768,61255,55513,47226,16486,30740,69542,44769,24773
09,159,farrukhabad,Total,40-44,95112,51425,43687,40317,15161,25156,54795,36264,18531
09,159,farrukhabad,Total,45-49,77607,41102,36505,34211,12137,22074,43396,28965,14431
09,159,farrukhabad,Total,50-54,60943,33423,27520,27789,10566,17223,33154,22857,10297
09,159,farrukhabad,Total,55-59,50915,24524,26391,25687,7684,18003,25228,16840,8388
09,159,farrukhabad,Total,60-64,54997,28881,26116,31378,11682,19696,23619,17199,6420
09,159,farrukhabad,Total,65-69,33457,17216,16241,20121,7405,12716,13336,9811,3525
09,159,farrukhabad,Total,70-74,23738,12854,10884,14963,6151,8812,8775,6703,2072
09,159,farrukhabad,Total,75-79,9641,4924,4717,5978,2271,3707,3663,2653,1010
09,159,farrukhabad,Total,80+,13104,6508,6596,8498,3307,5191,4606,3201,1405
09,159,farrukhabad,Total,Age not stated,2672,1397,1275,1142,485,657,1530,912,618
09,159,farrukhabad,Rural,All ages,1469019,785301,683718,641744,280649,361095,827275,504652,322623
09,159,farrukhabad,Rural,0-6,248167,131050,117117,248167,131050,117117,0,0,0
09,159,farrukhabad,Rural,7,36094,19095,16999,12262,6277,5985,23832,12818,11014
09,159,farrukhabad,Rural,8,43275,23303,19972,9161,4740,4421,34114,18563,15551
09,159,farrukhabad,Rural,9,31914,17061,14853,5023,2533,2490,26891,14528,12363
09,159,farrukhabad,Rural,10,48010,26063,21947,6842,3454,3388,41168,22609,18559
09,159,farrukhabad,Rural,11,34315,18278,16037,3794,1857,1937,30521,16421,14100
09,159,farrukhabad,Rural,12,43747,23885,19862,4708,2296,2412,39039,21589,17450
09,159,farrukhabad,Rural,13,34796,18356,16440,3431,1614,1817,31365,16742,14623
09,159,farrukhabad,Rural,14,38435,20523,17912,4264,2026,2238,34171,18497,15674
09,159,farrukhabad,Rural,15,40400,22162,18238,5206,2546,2660,35194,19616,15578
09,159,farrukhabad,Rural,16,37996,20837,17159,5103,2399,2704,32893,18438,14455
09,159,farrukhabad,Rural,17,28089,15265,12824,3906,1780,2126,24183,13485,10698
09,159,farrukhabad,Rural,18,44020,24934,19086,7619,3414,4205,36401,21520,14881
09,159,farrukhabad,Rural,19,23478,12705,10773,4288,1664,2624,19190,11041,8149
09,159,farrukhabad,Rural,20-24,128915,71189,57726,32191,11803,20388,96724,59386,37338
09,159,farrukhabad,Rural,25-29,103843,55459,48384,35670,12156,23514,68173,43303,24870
09,159,farrukhabad,Rural,30-34,92753,47824,44929,37514,12440,25074,55239,35384,19855
09,159,farrukhabad,Rural,35-39,89500,47276,42224,38910,13266,25644,50590,34010,16580
09,159,farrukhabad,Rural,40-44,71847,39404,32443,32755,12137,20618,39092,27267,11825
09,159,farrukhabad,Rural,45-49,57567,30673,26894,27791,9682,18109,29776,20991,8785
09,159,farrukhabad,Rural,50-54,45142,24975,20167,22527,8483,14044,22615,16492,6123
09,159,farrukhabad,Rural,55-59,38331,18301,20030,21207,6274,14933,17124,12027,5097
09,159,farrukhabad,Rural,60-64,43158,22729,20429,26437,9903,16534,16721,12826,3895
09,159,farrukhabad,Rural,65-69,26531,13595,12936,17219,6376,10843,9312,7219,2093
09,159,farrukhabad,Rural,70-74,18956,10331,8625,12753,5334,7419,6203,4997,1206
09,159,farrukhabad,Rural,75-79,7440,3800,3640,5023,1947,3076,2417,1853,564
09,159,farrukhabad,Rural,80+,10274,5165,5109,7100,2836,4264,3174,2329,845
09,159,farrukhabad,Rural,Age not stated,2026,1063,963,873,362,511,1153,701,452
09,159,farrukhabad,Urban,All ages,416185,220939,195246,150783,70764,80019,265402,150175,115227
09,159,farrukhabad,Urban,0-6,54445,29180,25265,54445,29180,25265,0,0,0
09,159,farrukhabad,Urban,7,8458,4493,3965,3173,1654,1519,5285,2839,2446
09,159,farrukhabad,Urban,8,9699,5245,4454,2624,1366,1258,7075,3879,3196
09,159,farrukhabad,Urban,9,7572,4110,3462,1602,830,772,5970,3280,2690
09,159,farrukhabad,Urban,10,11158,6130,5028,2407,1249,1158,8751,4881,3870
09,159,farrukhabad,Urban,11,8248,4531,3717,1466,759,707,6782,3772,3010
09,159,farrukhabad,Urban,12,10546,5745,4801,1895,996,899,8651,4749,3902
09,159,farrukhabad,Urban,13,8626,4508,4118,1447,779,668,7179,3729,3450
09,159,farrukhabad,Urban,14,9904,5224,4680,1733,902,831,8171,4322,3849
09,159,farrukhabad,Urban,15,10557,5677,4880,2006,1045,961,8551,4632,3919
09,159,farrukhabad,Urban,16,10393,5480,4913,2062,1050,1012,8331,4430,3901
09,159,farrukhabad,Urban,17,8883,4786,4097,1623,849,774,7260,3937,3323
09,159,farrukhabad,Urban,18,13555,7517,6038,2796,1494,1302,10759,6023,4736
09,159,farrukhabad,Urban,19,8445,4769,3676,1570,808,762,6875,3961,2914
09,159,farrukhabad,Urban,20-24,44333,24406,19927,9129,4435,4694,35204,19971,15233
09,159,farrukhabad,Urban,25-29,34268,18099,16169,8259,3536,4723,26009,14563,11446
09,159,farrukhabad,Urban,30-34,28913,14842,14071,7831,3097,4734,21082,11745,9337
09,159,farrukhabad,Urban,35-39,27268,13979,13289,8316,3220,5096,18952,10759,8193
09,159,farrukhabad,Urban,40-44,23265,12021,11244,7562,3024,4538,15703,8997,6706
09,159,farrukhabad,Urban,45-49,20040,10429,9611,6420,2455,3965,13620,7974,5646
09,159,farrukhabad,Urban,50-54,15801,8448,7353,5262,2083,3179,10539,6365,4174
09,159,farrukhabad,Urban,55-59,12584,6223,6361,4480,1410,3070,8104,4813,3291
09,159,farrukhabad,Urban,60-64,11839,6152,5687,4941,1779,3162,6898,4373,2525
09,159,farrukhabad,Urban,65-69,6926,3621,3305,2902,1029,1873,4024,2592,1432
09,159,farrukhabad,Urban,70-74,4782,2523,2259,2210,817,1393,2572,1706,866
09,159,farrukhabad,Urban,75-79,2201,1124,1077,955,324,631,1246,800,446
09,159,farrukhabad,Urban,80+,2830,1343,1487,1398,471,927,1432,872,560
09,159,farrukhabad,Urban,Age not stated,646,334,312,269,123,146,377,211,166
09,160,kannauj,Total,All ages,1656616,881776,774840,639529,278180,361349,1017087,603596,413491
09,160,kannauj,Total,0-6,257682,135758,121924,257682,135758,121924,0,0,0
09,160,kannauj,Total,7,39678,20983,18695,11413,5828,5585,28265,15155,13110
09,160,kannauj,Total,8,45932,24364,21568,7574,3837,3737,38358,20527,17831
09,160,kannauj,Total,9,36038,18952,17086,4676,2353,2323,31362,16599,14763
09,160,kannauj,Total,10,53428,28674,24754,6590,3356,3234,46838,25318,21520
09,160,kannauj,Total,11,38109,20245,17864,3657,1810,1847,34452,18435,16017
09,160,kannauj,Total,12,46139,24780,21359,4220,2064,2156,41919,22716,19203
09,160,kannauj,Total,13,39572,20669,18903,3463,1628,1835,36109,19041,17068
09,160,kannauj,Total,14,42815,22460,20355,4215,1937,2278,38600,20523,18077
09,160,kannauj,Total,15,45846,24619,21227,5169,2479,2690,40677,22140,18537
09,160,kannauj,Total,16,43681,23298,20383,5271,2487,2784,38410,20811,17599
09,160,kannauj,Total,17,33444,17942,15502,3966,1836,2130,29478,16106,13372
09,160,kannauj,Total,18,52690,30032,22658,7653,3733,3920,45037,26299,18738
09,160,kannauj,Total,19,27655,15518,12137,3783,1718,2065,23872,13800,10072
09,160,kannauj,Total,20-24,148929,84082,64847,27860,11417,16443,121069,72665,48404
09,160,kannauj,Total,25-29,118278,63061,55217,31011,10890,20121,87267,52171,35096
09,160,kannauj,Total,30-34,105975,54278,51697,34344,11157,23187,71631,43121,28510
09,160,kannauj,Total,35-39,103919,54381,49538,37183,12314,24869,66736,42067,24669
09,160,kannauj,Total,40-44,84919,46362,38557,32290,11548,20742,52629,34814,17815
09,160,kannauj,Total,45-49,66215,35737,30478,26759,9068,17691,39456,26669,12787
09,160,kannauj,Total,50-54,50659,27788,22871,21605,7730,13875,29054,20058,8996
09,160,kannauj,Total,55-59,43702,20509,23193,21354,5584,15770,22348,14925,7423
09,160,kannauj,Total,60-64,52192,26820,25372,29194,9962,19232,22998,16858,6140
09,160,kannauj,Total,65-69,31896,16157,15739,19051,6603,12448,12845,9554,3291
09,160,kannauj,Total,70-74,22765,12004,10761,14317,5457,8860,8448,6547,1901
09,160,kannauj,Total,75-79,9184,4481,4703,5815,1944,3871,3369,2537,832
09,160,kannauj,Total,80+,13137,6583,6554,8591,3276,5315,4546,3307,1239
09,160,kannauj,Total,Age not stated,2137,1239,898,823,406,417,1314,833,481
09,160,kannauj,Rural,All ages,1375775,734245,641530,529282,227330,301952,846493,506915,339578
09,160,kannauj,Rural,0-6,217006,114233,102773,217006,114233,102773,0,0,0
09,160,kannauj,Rural,7,33242,17550,15692,9067,4626,4441,24175,12924,11251
09,160,kannauj,Rural,8,38649,20472,18177,5606,2793,2813,33043,17679,15364
09,160,kannauj,Rural,9,30506,16027,14479,3393,1703,1690,27113,14324,12789
09,160,kannauj,Rural,10,44858,24034,20824,4632,2326,2306,40226,21708,18518
09,160,kannauj,Rural,11,32256,17064,15192,2479,1218,1261,29777,15846,13931
09,160,kannauj,Rural,12,38812,20817,17995,2751,1321,1430,36061,19496,16565
09,160,kannauj,Rural,13,33587,17547,16040,2348,1050,1298,31239,16497,14742
09,160,kannauj,Rural,14,35798,18874,16924,2813,1276,1537,32985,17598,15387
09,160,kannauj,Rural,15,38535,20834,17701,3621,1696,1925,34914,19138,15776
09,160,kannauj,Rural,16,36408,19492,16916,3692,1690,2002,32716,17802,14914
09,160,kannauj,Rural,17,27508,14806,12702,2787,1265,1522,24721,13541,11180
09,160,kannauj,Rural,18,43098,24834,18264,5498,2611,2887,37600,22223,15377
09,160,kannauj,Rural,19,22358,12684,9674,2666,1171,1495,19692,11513,8179
09,160,kannauj,Rural,20-24,120156,68404,51752,21272,8253,13019,98884,60151,38733
09,160,kannauj,Rural,25-29,96938,51905,45033,25305,8520,16785,71633,43385,28248
09,160,kannauj,Rural,30-34,87553,44924,42629,28651,8951,19700,58902,35973,22929
09,160,kannauj,Rural,35-39,86023,45167,40856,31190,10035,21155,54833,35132,19701
09,160,kannauj,Rural,40-44,69973,38555,31418,27162,9537,17625,42811,29018,13793
09,160,kannauj,Rural,45-49,53952,29246,24706,22474,7478,14996,31478,21768,9710
09,160,kannauj,Rural,50-54,41434,22936,18498,18343,6495,11848,23091,16441,6650
09,160,kannauj,Rural,55-59,36024,16800,19224,18354,4752,13602,17670,12048,5622
09,160,kannauj,Rural,60-64,44159,22759,21400,25356,8646,16710,18803,14113,4690
09,160,kannauj,Rural,65-69,27373,13858,13515,16909,5864,11045,10464,7994,2470
09,160,kannauj,Rural,70-74,19596,10414,9182,12712,4906,7806,6884,5508,1376
09,160,kannauj,Rural,75-79,7827,3805,4022,5181,1754,3427,2646,2051,595
09,160,kannauj,Rural,80+,11038,5570,5468,7579,2949,4630,3459,2621,838
09,160,kannauj,Rural,Age not stated,1108,634,474,435,211,224,673,423,250
09,160,kannauj,Urban,All ages,280841,147531,133310,110247,50850,59397,170594,96681,73913
09,160,kannauj,Urban,0-6,40676,21525,19151,40676,21525,19151,0,0,0
09,160,kannauj,Urban,7,6436,3433,3003,2346,1202,1144,4090,2231,1859
09,160,kannauj,Urban,8,7283,3892,3391,1968,1044,924,5315,2848,2467
09,160,kannauj,Urban,9,5532,2925,2607,1283,650,633,4249,2275,1974
09,160,kannauj,Urban,10,8570,4640,3930,1958,1030,928,6612,3610,3002
09,160,kannauj,Urban,11,5853,3181,2672,1178,592,586,4675,2589,2086
09,160,kannauj,Urban,12,7327,3963,3364,1469,743,726,5858,3220,2638
09,160,kannauj,Urban,13,5985,3122,2863,1115,578,537,4870,2544,2326
09,160,kannauj,Urban,14,7017,3586,3431,1402,661,741,5615,2925,2690
09,160,kannauj,Urban,15,7311,3785,3526,1548,783,765,5763,3002,2761
09,160,kannauj,Urban,16,7273,3806,3467,1579,797,782,5694,3009,2685
09,160,kannauj,Urban,17,5936,3136,2800,1179,571,608,4757,2565,2192
09,160,kannauj,Urban,18,9592,5198,4394,2155,1122,1033,7437,4076,3361
09,160,kannauj,Urban,19,5297,2834,2463,1117,547,570,4180,2287,1893
09,160,kannauj,Urban,20-24,28773,15678,13095,6588,3164,3424,22185,12514,9671
09,160,kannauj,Urban,25-29,21340,11156,10184,5706,2370,3336,15634,8786,6848
09,160,kannauj,Urban,30-34,18422,9354,9068,5693,2206,3487,12729,7148,5581
09,160,kannauj,Urban,35-39,17896,9214,8682,5993,2279,3714,11903,6935,4968
09,160,kannauj,Urban,40-44,14946,7807,7139,5128,2011,3117,9818,5796,4022
09,160,kannauj,Urban,45-49,12263,6491,5772,4285,1590,2695,7978,4901,3077
09,160,kannauj,Urban,50-54,9225,4852,4373,3262,1235,2027,5963,3617,2346
09,160,kannauj,Urban,55-59,7678,3709,3969,3000,832,2168,4678,2877,1801
09,160,kannauj,Urban,60-64,8033,4061,3972,3838,1316,2522,4195,2745,1450
09,160,kannauj,Urban,65-69,4523,2299,2224,2142,739,1403,2381,1560,821
09,160,kannauj,Urban,70-74,3169,1590,1579,1605,551,1054,1564,1039,525
09,160,kannauj,Urban,75-79,1357,676,681,634,190,444,723,486,237
09,160,kannauj,Urban,80+,2099,1013,1086,1012,327,685,1087,686,401
09,160,kannauj,Urban,Age not stated,1029,605,424,388,195,193,641,410,231
09,161,etawah,Total,All ages,1581810,845856,735954,519807,222273,297534,1062003,623583,438420
09,161,etawah,Total,0-6,227470,121295,106175,227470,121295,106175,0,0,0
09,161,etawah,Total,7,33999,18106,15893,7318,3769,3549,26681,14337,12344
09,161,etawah,Total,8,38984,21074,17910,4098,2024,2074,34886,19050,15836
09,161,etawah,Total,9,31673,16781,14892,2521,1277,1244,29152,15504,13648
09,161,etawah,Total,10,44684,24344,20340,3642,1855,1787,41042,22489,18553
09,161,etawah,Total,11,36055,19260,16795,2062,1040,1022,33993,18220,15773
09,161,etawah,Total,12,39739,21409,18330,1944,956,988,37795,20453,17342
09,161,etawah,Total,13,37243,19525,17718,1779,844,935,35464,18681,16783
09,161,etawah,Total,14,39309,21000,18309,1949,991,958,37360,20009,17351
09,161,etawah,Total,15,41166,22243,18923,2492,1189,1303,38674,21054,17620
09,161,etawah,Total,16,39271,21220,18051,2391,1226,1165,36880,19994,16886
09,161,etawah,Total,17,32819,18025,14794,1864,961,903,30955,17064,13891
09,161,etawah,Total,18,46620,26868,19752,3563,1834,1729,43057,25034,18023
09,161,etawah,Total,19,27299,15165,12134,2091,936,1155,25208,14229,10979
09,161,etawah,Total,20-24,146839,81975,64864,16644,6404,10240,130195,75571,54624
09,161,etawah,Total,25-29,116463,61570,54893,20783,6763,14020,95680,54807,40873
09,161,etawah,Total,30-34,103767,53032,50735,24290,7182,17108,79477,45850,33627
09,161,etawah,Total,35-39,101681,52666,49015,27997,8347,19650,73684,44319,29365
09,161,etawah,Total,40-44,86333,46682,39651,26430,8510,17920,59903,38172,21731
09,161,etawah,Total,45-49,70245,37350,32895,23284,6780,16504,46961,30570,16391
09,161,etawah,Total,50-54,56113,30951,25162,20145,6415,13730,35968,24536,11432
09,161,etawah,Total,55-59,45758,22479,23279,19264,4825,14439,26494,17654,8840
09,161,etawah,Total,60-64,48380,25582,22798,23905,7768,16137,24475,17814,6661
09,161,etawah,Total,65-69,33333,16777,16556,18342,5824,12518,14991,10953,4038
09,161,etawah,Total,70-74,26335,14512,11823,15644,6145,9499,10691,8367,2324
09,161,etawah,Total,75-79,11618,6044,5574,7173,2667,4506,4445,3377,1068
09,161,etawah,Total,80+,16249,8667,7582,9999,4156,5843,6250,4511,1739
09,161,etawah,Total,Age not stated,2365,1254,1111,723,290,433,1642,964,678
09,161,etawah,Rural,All ages,1215511,652740,562771,417308,175362,241946,798203,477378,320825
09,161,etawah,Rural,0-6,182914,97517,85397,182914,97517,85397,0,0,0
09,161,etawah,Rural,7,26902,14313,12589,5506,2837,2669,21396,11476,9920
09,161,etawah,Rural,8,31095,16779,14316,2928,1414,1514,28167,15365,12802
09,161,etawah,Rural,9,25215,13306,11909,1715,854,861,23500,12452,11048
09,161,etawah,Rural,10,35346,19181,16165,2501,1221,1280,32845,17960,14885
09,161,etawah,Rural,11,28646,15162,13484,1364,636,728,27282,14526,12756
09,161,etawah,Rural,12,31267,16851,14416,1179,548,631,30088,16303,13785
09,161,etawah,Rural,13,29513,15521,13992,1120,491,629,28393,15030,13363
09,161,etawah,Rural,14,30853,16546,14307,1195,576,619,29658,15970,13688
09,161,etawah,Rural,15,32201,17522,14679,1583,756,827,30618,16766,13852
09,161,etawah,Rural,16,30516,16584,13932,1480,690,790,29036,15894,13142
09,161,etawah,Rural,17,24956,13833,11123,1152,566,586,23804,13267,10537
09,161,etawah,Rural,18,35484,20651,14833,2308,1120,1188,33176,19531,13645
09,161,etawah,Rural,19,20297,11382,8915,1384,555,829,18913,10827,8086
09,161,etawah,Rural,20-24,108649,61581,47068,11971,4105,7866,96678,57476,39202
09,161,etawah,Rural,25-29,86105,45951,40154,16138,4781,11357,69967,41170,28797
09,161,etawah,Rural,30-34,78144,39961,38183,19536,5363,14173,58608,34598,24010
09,161,etawah,Rural,35-39,76523,39981,36542,22741,6414,16327,53782,33567,20215
09,161,etawah,Rural,40-44,64667,35406,29261,21532,6702,14830,43135,28704,14431
09,161,etawah,Rural,45-49,51466,27480,23986,18920,5307,13613,32546,22173,10373
09,161,etawah,Rural,50-54,41310,23063,18247,16521,5235,11286,24789,17828,6961
09,161,etawah,Rural,55-59,33931,16384,17547,16074,3971,12103,17857,12413,5444
09,161,etawah,Rural,60-64,37742,19976,17766,20417,6703,13714,17325,13273,4052
09,161,etawah,Rural,65-69,26676,13319,13357,16029,5141,10888,10647,8178,2469
09,161,etawah,Rural,70-74,21197,11793,9404,13601,5528,8073,7596,6265,1331
09,161,etawah,Rural,75-79,9317,4799,4518,6309,2400,3909,3008,2399,609
09,161,etawah,Rural,80+,13020,7053,5967,8676,3712,4964,4344,3341,1003
09,161,etawah,Rural,Age not stated,1559,845,714,514,219,295,1045,626,419
09,161,etawah,Urban,All ages,366299,193116,173183,102499,46911,55588,263800,146205,117595
09,161,etawah,Urban,0-6,44556,23778,20778,44556,23778,20778,0,0,0
09,161,etawah,Urban,7,7097,3793,3304,1812,932,880,5285,2861,2424
09,161,etawah,Urban,8,7889,4295,3594,1170,610,560,6719,3685,3034
09,161,etawah,Urban,9,6458,3475,2983,806,423,383,5652,3052,2600
09,161,etawah,Urban,10,9338,5163,4175,1141,634,507,8197,4529,3668
09,161,etawah,Urban,11,7409,4098,3311,698,404,294,6711,3694,3017
09,161,etawah,Urban,12,8472,4558,3914,765,408,357,7707,4150,3557
09,161,etawah,Urban,13,7730,4004,3726,659,353,306,7071,3651,3420
09,161,etawah,Urban,14,8456,4454,4002,754,415,339,7702,4039,3663
09,161,etawah,Urban,15,8965,4721,4244,909,433,476,8056,4288,3768
09,161,etawah,Urban,16,8755,4636,4119,911,536,375,7844,4100,3744
09,161,etawah,Urban,17,7863,4192,3671,712,395,317,7151,3797,3354
09,161,etawah,Urban,18,11136,6217,4919,1255,714,541,9881,5503,4378
09,161,etawah,Urban,19,7002,3783,3219,707,381,326,6295,3402,2893
09,161,etawah,Urban,20-24,38190,20394,17796,4673,2299,2374,33517,18095,15422
09,161,etawah,Urban,25-29,30358,15619,14739,4645,1982,2663,25713,13637,12076
09,161,etawah,Urban,30-34,25623,13071,12552,4754,1819,2935,20869,11252,9617
09,161,etawah,Urban,35-39,25158,12685,12473,5256,1933,3323,19902,10752,9150
09,161,etawah,Urban,40-44,21666,11276,10390,4898,1808,3090,16768,9468,7300
09,161,etawah,Urban,45-49,18779,9870,8909,4364,1473,2891,14415,8397,6018
09,161,etawah,Urban,50-54,14803,7888,6915,3624,1180,2444,11179,6708,4471
09,161,etawah,Urban,55-59,11827,6095,5732,3190,854,2336,8637,5241,3396
09,161,etawah,Urban,60-64,10638,5606,5032,3488,1065,2423,7150,4541,2609
09,161,etawah,Urban,65-69,6657,3458,3199,2313,683,1630,4344,2775,1569
09,161,etawah,Urban,70-74,5138,2719,2419,2043,617,1426,3095,2102,993
09,161,etawah,Urban,75-79,2301,1245,1056,864,267,597,1437,978,459
09,161,etawah,Urban,80+,3229,1614,1615,1323,444,879,1906,1170,736
09,161,etawah,Urban,Age not stated,806,409,397,209,71,138,597,338,259
09,162,auraiya,Total,All ages,1379545,740040,639505,448709,193842,254867,930836,546198,384638
09,162,auraiya,Total,0-6,200517,105739,94778,200517,105739,94778,0,0,0
09,162,auraiya,Total,7,30621,16254,14367,6551,3360,3191,24070,12894,11176
09,162,auraiya,Total,8,35848,19192,16656,3512,1769,1743,32336,17423,14913
09,162,auraiya,Total,9,28736,15268,13468,2139,1079,1060,26597,14189,12408
09,162,auraiya,Total,10,40755,21893,18862,2841,1425,1416,37914,20468,17446
09,162,auraiya,Total,11,30804,16569,14235,1459,752,707,29345,15817,13528
09,162,auraiya,Total,12,35605,19097,16508,1553,755,798,34052,18342,15710
09,162,auraiya,Total,13,32854,17359,15495,1310,665,645,31544,16694,14850
09,162,auraiya,Total,14,34557,18339,16218,1535,763,772,33022,17576,15446
09,162,auraiya,Total,15,36765,19956,16809,2010,1002,1008,34755,18954,15801
09,162,auraiya,Total,16,34682,18574,16108,1962,1002,960,32720,17572,15148
09,162,auraiya,Total,17,27951,15470,12481,1599,852,747,26352,14618,11734
09,162,auraiya,Total,18,41654,24448,17206,3035,1619,1416,38619,22829,15790
09,162,auraiya,Total,19,22663,12887,9776,1657,791,866,21006,12096,8910
09,162,auraiya,Total,20-24,122372,69603,52769,13634,5520,8114,108738,64083,44655
09,162,auraiya,Total,25-29,99952,53368,46584,17678,5891,11787,82274,47477,34797
09,162,auraiya,Total,30-34,90680,46029,44651,20957,6404,14553,69723,39625,30098
09,162,auraiya,Total,35-39,92491,48320,44171,24646,7624,17022,67845,40696,27149
09,162,auraiya,Total,40-44,76535,41793,34742,22593,7515,15078,53942,34278,19664
09,162,auraiya,Total,45-49,61057,33151,27906,19507,6096,13411,41550,27055,14495
09,162,auraiya,Total,50-54,47169,26168,21001,16513,5448,11065,30656,20720,9936
09,162,auraiya,Total,55-59,39720,19290,20430,16780,4288,12492,22940,15002,7938
09,162,auraiya,Total,60-64,42930,22683,20247,21546,7130,14416,21384,15553,5831
09,162,auraiya,Total,65-69,28386,14552,13834,15926,5351,10575,12460,9201,3259
09,162,auraiya,Total,70-74,21644,11903,9741,13006,5160,7846,8638,6743,1895
09,162,auraiya,Total,75-79,9651,5006,4645,5992,2249,3743,3659,2757,902
09,162,auraiya,Total,80+,12554,6906,5648,8091,3517,4574,4463,3389,1074
09,162,auraiya,Total,Age not stated,392,223,169,160,76,84,232,147,85
09,162,auraiya,Rural,All ages,1145323,616494,528829,389400,167057,222343,755923,449437,306486
09,162,auraiya,Rural,0-6,170402,89856,80546,170402,89856,80546,0,0,0
09,162,auraiya,Rural,7,25690,13594,12096,5592,2860,2732,20098,10734,9364
09,162,auraiya,Rural,8,30214,16195,14019,2946,1497,1449,27268,14698,12570
09,162,auraiya,Rural,9,24445,12941,11504,1816,916,900,22629,12025,10604
09,162,auraiya,Rural,10,34357,18458,15899,2369,1183,1186,31988,17275,14713
09,162,auraiya,Rural,11,26054,13952,12102,1221,624,597,24833,13328,11505
09,162,auraiya,Rural,12,29776,15930,13846,1232,584,648,28544,15346,13198
09,162,auraiya,Rural,13,27726,14644,13082,1058,536,522,26668,14108,12560
09,162,auraiya,Rural,14,28860,15331,13529,1196,586,610,27664,14745,12919
09,162,auraiya,Rural,15,30988,16823,14165,1654,799,855,29334,16024,13310
09,162,auraiya,Rural,16,28967,15582,13385,1598,804,794,27369,14778,12591
09,162,auraiya,Rural,17,23031,12790,10241,1289,668,621,21742,12122,9620
09,162,auraiya,Rural,18,34565,20445,14120,2442,1305,1137,32123,19140,12983
09,162,auraiya,Rural,19,18523,10632,7891,1352,621,731,17171,10011,7160
09,162,auraiya,Rural,20-24,99125,57199,41926,11615,4592,7023,87510,52607,34903
09,162,auraiya,Rural,25-29,81435,43798,37637,15452,5033,10419,65983,38765,27218
09,162,auraiya,Rural,30-34,74435,37816,36619,18628,5565,13063,55807,32251,23556
09,162,auraiya,Rural,35-39,76291,40173,36118,22013,6736,15277,54278,33437,20841
09,162,auraiya,Rural,40-44,62418,34470,27948,19993,6623,13370,42425,27847,14578
09,162,auraiya,Rural,45-49,49256,26820,22436,17357,5371,11986,31899,21449,10450
09,162,auraiya,Rural,50-54,38058,21220,16838,14601,4854,9747,23457,16366,7091
09,162,auraiya,Rural,55-59,32480,15661,16819,15039,3862,11177,17441,11799,5642
09,162,auraiya,Rural,60-64,36250,19148,17102,19452,6510,12942,16798,12638,4160
09,162,auraiya,Rural,65-69,24155,12415,11740,14421,4948,9473,9734,7467,2267
09,162,auraiya,Rural,70-74,18552,10209,8343,11816,4748,7068,6736,5461,1275
09,162,auraiya,Rural,75-79,8169,4239,3930,5411,2080,3331,2758,2159,599
09,162,auraiya,Rural,80+,10767,5960,4807,7282,3223,4059,3485,2737,748
09,162,auraiya,Rural,Age not stated,334,193,141,153,73,80,181,120,61
09,162,auraiya,Urban,All ages,234222,123546,110676,59309,26785,32524,174913,96761,78152
09,162,auraiya,Urban,0-6,30115,15883,14232,30115,15883,14232,0,0,0
09,162,auraiya,Urban,7,4931,2660,2271,959,500,459,3972,2160,1812
09,162,auraiya,Urban,8,5634,2997,2637,566,272,294,5068,2725,2343
09,162,auraiya,Urban,9,4291,2327,1964,323,163,160,3968,2164,1804
09,162,auraiya,Urban,10,6398,3435,2963,472,242,230,5926,3193,2733
09,162,auraiya,Urban,11,4750,2617,2133,238,128,110,4512,2489,2023
09,162,auraiya,Urban,12,5829,3167,2662,321,171,150,5508,2996,2512
09,162,auraiya,Urban,13,5128,2715,2413,252,129,123,4876,2586,2290
09,162,auraiya,Urban,14,5697,3008,2689,339,177,162,5358,2831,2527
09,162,auraiya,Urban,15,5777,3133,2644,356,203,153,5421,2930,2491
09,162,auraiya,Urban,16,5715,2992,2723,364,198,166,5351,2794,2557
09,162,auraiya,Urban,17,4920,2680,2240,310,184,126,4610,2496,2114
09,162,auraiya,Urban,18,7089,4003,3086,593,314,279,6496,3689,2807
09,162,auraiya,Urban,19,4140,2255,1885,305,170,135,3835,2085,1750
09,162,auraiya,Urban,20-24,23247,12404,10843,2019,928,1091,21228,11476,9752
09,162,auraiya,Urban,25-29,18517,9570,8947,2226,858,1368,16291,8712,7579
09,162,auraiya,Urban,30-34,16245,8213,8032,2329,839,1490,13916,7374,6542
09,162,auraiya,Urban,35-39,16200,8147,8053,2633,888,1745,13567,7259,6308
09,162,auraiya,Urban,40-44,14117,7323,6794,2600,892,1708,11517,6431,5086
09,162,auraiya,Urban,45-49,11801,6331,5470,2150,725,1425,9651,5606,4045
09,162,auraiya,Urban,50-54,9111,4948,4163,1912,594,1318,7199,4354,2845
09,162,auraiya,Urban,55-59,7240,3629,3611,1741,426,1315,5499,3203,2296
09,162,auraiya,Urban,60-64,6680,3535,3145,2094,620,1474,4586,2915,1671
09,162,auraiya,Urban,65-69,4231,2137,2094,1505,403,1102,2726,1734,992
09,162,auraiya,Urban,70-74,3092,1694,1398,1190,412,778,1902,1282,620
09,162,auraiya,Urban,75-79,1482,767,715,581,169,412,901,598,303
09,162,auraiya,Urban,80+,1787,946,841,809,294,515,978,652,326
09,162,auraiya,Urban,Age not stated,58,30,28,7,3,4,51,27,24
09,163,kanpur dehat,Total,All ages,1796184,963255,832929,625941,270291,355650,1170243,692964,477279
09,163,kanpur dehat,Total,0-6,251965,132839,119126,251965,132839,119126,0,0,0
09,163,kanpur dehat,Total,7,38204,20402,17802,8176,4237,3939,30028,16165,13863
09,163,kanpur dehat,Total,8,42568,22722,19846,4544,2305,2239,38024,20417,17607
09,163,kanpur dehat,Total,9,35849,19007,16842,2789,1390,1399,33060,17617,15443
09,163,kanpur dehat,Total,10,51301,27890,23411,4251,2167,2084,47050,25723,21327
09,163,kanpur dehat,Total,11,39783,21341,18442,2251,1135,1116,37532,20206,17326
09,163,kanpur dehat,Total,12,45903,24413,21490,2279,1072,1207,43624,23341,20283
09,163,kanpur dehat,Total,13,41613,21882,19731,1894,901,993,39719,20981,18738
09,163,kanpur dehat,Total,14,45603,23928,21675,2346,1080,1266,43257,22848,20409
09,163,kanpur dehat,Total,15,47008,25066,21942,3022,1455,1567,43986,23611,20375
09,163,kanpur dehat,Total,16,46713,24750,21963,3166,1580,1586,43547,23170,20377
09,163,kanpur dehat,Total,17,36868,19797,17071,2391,1144,1247,34477,18653,15824
09,163,kanpur dehat,Total,18,54227,31304,22923,4703,2436,2267,49524,28868,20656
09,163,kanpur dehat,Total,19,30798,17407,13391,2611,1218,1393,28187,16189,11998
09,163,kanpur dehat,Total,20-24,159770,92160,67610,20734,8706,12028,139036,83454,55582
09,163,kanpur dehat,Total,25-29,132647,71048,61599,26920,9336,17584,105727,61712,44015
09,163,kanpur dehat,Total,30-34,119479,61469,58010,31203,9929,21274,88276,51540,36736
09,163,kanpur dehat,Total,35-39,118899,62360,56539,36372,11760,24612,82527,50600,31927
09,163,kanpur dehat,Total,40-44,98381,53754,44627,34135,11975,22160,64246,41779,22467
09,163,kanpur dehat,Total,45-49,79159,42697,36462,30410,9996,20414,48749,32701,16048
09,163,kanpur dehat,Total,50-54,60784,33836,26948,25161,8986,16175,35623,24850,10773
09,163,kanpur dehat,Total,55-59,51861,25178,26683,25092,6919,18173,26769,18259,8510
09,163,kanpur dehat,Total,60-64,58856,30696,28160,32989,11670,21319,25867,19026,6841
09,163,kanpur dehat,Total,65-69,40922,20879,20043,24655,8740,15915,16267,12139,4128
09,163,kanpur dehat,Total,70-74,31002,17223,13779,19567,8151,11416,11435,9072,2363
09,163,kanpur dehat,Total,75-79,13860,7316,6544,8933,3471,5462,4927,3845,1082
09,163,kanpur dehat,Total,80+,18987,10135,8852,12269,5191,7078,6718,4944,1774
09,163,kanpur dehat,Total,Age not stated,3174,1756,1418,1113,502,611,2061,1254,807
09,163,kanpur dehat,Rural,All ages,1622761,871508,751253,573375,246357,327018,1049386,625151,424235
09,163,kanpur dehat,Rural,0-6,229678,120932,108746,229678,120932,108746,0,0,0
09,163,kanpur dehat,Rural,7,34613,18510,16103,7457,3860,3597,27156,14650,12506
09,163,kanpur dehat,Rural,8,38429,20499,17930,4007,2032,1975,34422,18467,15955
09,163,kanpur dehat,Rural,9,32651,17294,15357,2479,1235,1244,30172,16059,14113
09,163,kanpur dehat,Rural,10,46443,25242,21201,3717,1899,1818,42726,23343,19383
09,163,kanpur dehat,Rural,11,36385,19526,16859,1978,982,996,34407,18544,15863
09,163,kanpur dehat,Rural,12,41525,22042,19483,1893,887,1006,39632,21155,18477
09,163,kanpur dehat,Rural,13,37892,19988,17904,1647,783,864,36245,19205,17040
09,163,kanpur dehat,Rural,14,41384,21774,19610,1982,894,1088,39402,20880,18522
09,163,kanpur dehat,Rural,15,42617,22732,19885,2632,1245,1387,39985,21487,18498
09,163,kanpur dehat,Rural,16,42127,22373,19754,2688,1317,1371,39439,21056,18383
09,163,kanpur dehat,Rural,17,33185,17886,15299,2084,983,1101,31101,16903,14198
09,163,kanpur dehat,Rural,18,48705,28240,20465,4040,2069,1971,44665,26171,18494
09,163,kanpur dehat,Rural,19,27666,15712,11954,2311,1055,1256,25355,14657,10698
09,163,kanpur dehat,Rural,20-24,142839,82688,60151,18548,7591,10957,124291,75097,49194
09,163,kanpur dehat,Rural,25-29,119189,64013,55176,24676,8384,16292,94513,55629,38884
09,163,kanpur dehat,Rural,30-34,107506,55395,52111,28756,9046,19710,78750,46349,32401
09,163,kanpur dehat,Rural,35-39,107125,56343,50782,33602,10760,22842,73523,45583,27940
09,163,kanpur dehat,Rural,40-44,88125,48293,39832,31479,11003,20476,56646,37290,19356
09,163,kanpur dehat,Rural,45-49,70805,38277,32528,28064,9195,18869,42741,29082,13659
09,163,kanpur dehat,Rural,50-54,54443,30445,23998,23253,8302,14951,31190,22143,9047
09,163,kanpur dehat,Rural,55-59,46732,22623,24109,23285,6395,16890,23447,16228,7219
09,163,kanpur dehat,Rural,60-64,53620,28050,25570,30720,10921,19799,22900,17129,5771
09,163,kanpur dehat,Rural,65-69,37581,19162,18419,23105,8224,14881,14476,10938,3538
09,163,kanpur dehat,Rural,70-74,28461,15849,12612,18342,7702,10640,10119,8147,1972
09,163,kanpur dehat,Rural,75-79,12728,6729,5999,8403,3292,5111,4325,3437,888
09,163,kanpur dehat,Rural,80+,17396,9295,8101,11522,4912,6610,5874,4383,1491
09,163,kanpur dehat,Rural,Age not stated,2911,1596,1315,1027,457,570,1884,1139,745
09,163,kanpur dehat,Urban,All ages,173423,91747,81676,52566,23934,28632,120857,67813,53044
09,163,kanpur dehat,Urban,0-6,22287,11907,10380,22287,11907,10380,0,0,0
09,163,kanpur dehat,Urban,7,3591,1892,1699,719,377,342,2872,1515,1357
09,163,kanpur dehat,Urban,8,4139,2223,1916,537,273,264,3602,1950,1652
09,163,kanpur dehat,Urban,9,3198,1713,1485,310,155,155,2888,1558,1330
09,163,kanpur dehat,Urban,10,4858,2648,2210,534,268,266,4324,2380,1944
09,163,kanpur dehat,Urban,11,3398,1815,1583,273,153,120,3125,1662,1463
09,163,kanpur dehat,Urban,12,4378,2371,2007,386,185,201,3992,2186,1806
09,163,kanpur dehat,Urban,13,3721,1894,1827,247,118,129,3474,1776,1698
09,163,kanpur dehat,Urban,14,4219,2154,2065,364,186,178,3855,1968,1887
09,163,kanpur dehat,Urban,15,4391,2334,2057,390,210,180,4001,2124,1877
09,163,kanpur dehat,Urban,16,4586,2377,2209,478,263,215,4108,2114,1994
09,163,kanpur dehat,Urban,17,3683,1911,1772,307,161,146,3376,1750,1626
09,163,kanpur dehat,Urban,18,5522,3064,2458,663,367,296,4859,2697,2162
09,163,kanpur dehat,Urban,19,3132,1695,1437,300,163,137,2832,1532,1300
09,163,kanpur dehat,Urban,20-24,16931,9472,7459,2186,1115,1071,14745,8357,6388
09,163,kanpur dehat,Urban,25-29,13458,7035,6423,2244,952,1292,11214,6083,5131
09,163,kanpur dehat,Urban,30-34,11973,6074,5899,2447,883,1564,9526,5191,4335
09,163,kanpur dehat,Urban,35-39,11774,6017,5757,2770,1000,1770,9004,5017,3987
09,163,kanpur dehat,Urban,40-44,10256,5461,4795,2656,972,1684,7600,4489,3111
09,163,kanpur dehat,Urban,45-49,8354,4420,3934,2346,801,1545,6008,3619,2389
09,163,kanpur dehat,Urban,50-54,6341,3391,2950,1908,684,1224,4433,2707,1726
09,163,kanpur dehat,Urban,55-59,5129,2555,2574,1807,524,1283,3322,2031,1291
09,163,kanpur dehat,Urban,60-64,5236,2646,2590,2269,749,1520,2967,1897,1070
09,163,kanpur dehat,Urban,65-69,3341,1717,1624,1550,516,1034,1791,1201,590
09,163,kanpur dehat,Urban,70-74,2541,1374,1167,1225,449,776,1316,925,391
09,163,kanpur dehat,Urban,75-79,1132,587,545,530,179,351,602,408,194
09,163,kanpur dehat,Urban,80+,1591,840,751,747,279,468,844,561,283
09,163,kanpur dehat,Urban,Age not stated,263,160,103,86,45,41,177,115,62
09,164,kanpur nagar,Total,All ages,4581268,2459806,2121462,1338246,630627,707619,3243022,1829179,1413843
09,164,kanpur nagar,Total,0-6,509924,272268,237656,509924,272268,237656,0,0,0
09,164,kanpur nagar,Total,7,84233,44736,39497,20089,10281,9808,64144,34455,29689
09,164,kanpur nagar,Total,8,90791,48951,41840,13442,6981,6461,77349,41970,35379
09,164,kanpur nagar,Total,9,78940,42106,36834,9398,4838,4560,69542,37268,32274
09,164,kanpur nagar,Total,10,112590,61510,51080,15444,8189,7255,97146,53321,43825
09,164,kanpur nagar,Total,11,86605,47030,39575,8395,4440,3955,78210,42590,35620
09,164,kanpur nagar,Total,12,97083,51781,45302,8197,4439,3758,88886,47342,41544
09,164,kanpur nagar,Total,13,89281,46764,42517,6828,3580,3248,82453,43184,39269
09,164,kanpur nagar,Total,14,100107,52520,47587,8237,4375,3862,91870,48145,43725
09,164,kanpur nagar,Total,15,105484,56241,49243,9768,5302,4466,95716,50939,44777
09,164,kanpur nagar,Total,16,106069,56153,49916,10079,5534,4545,95990,50619,45371
09,164,kanpur nagar,Total,17,93570,49693,43877,8391,4558,3833,85179,45135,40044
09,164,kanpur nagar,Total,18,133825,74836,58989,14575,8329,6246,119250,66507,52743
09,164,kanpur nagar,Total,19,88638,49275,39363,9196,5130,4066,79442,44145,35297
09,164,kanpur nagar,Total,20-24,464532,257096,207436,58170,30295,27875,406362,226801,179561
09,164,kanpur nagar,Total,25-29,388739,206483,182256,64201,28850,35351,324538,177633,146905
09,164,kanpur nagar,Total,30-34,339466,176809,162657,69197,28676,40521,270269,148133,122136
09,164,kanpur nagar,Total,35-39,337110,176713,160397,79886,32355,47531,257224,144358,112866
09,164,kanpur nagar,Total,40-44,286182,155324,130858,75853,32012,43841,210329,123312,87017
09,164,kanpur nagar,Total,45-49,246796,133466,113330,68958,27531,41427,177838,105935,71903
09,164,kanpur nagar,Total,50-54,190405,106752,83653,55512,22845,32667,134893,83907,50986
09,164,kanpur nagar,Total,55-59,152367,78288,74079,49723,16161,33562,102644,62127,40517
09,164,kanpur nagar,Total,60-64,145808,78142,67666,57499,21617,35882,88309,56525,31784
09,164,kanpur nagar,Total,65-69,95530,51229,44301,39853,14788,25065,55677,36441,19236
09,164,kanpur nagar,Total,70-74,67665,37761,29904,30759,12522,18237,36906,25239,11667
09,164,kanpur nagar,Total,75-79,31341,16851,14490,13603,5172,8431,17738,11679,6059
09,164,kanpur nagar,Total,80+,48679,25154,23525,20340,7962,12378,28339,17192,11147
09,164,kanpur nagar,Total,Age not stated,9508,5874,3634,2729,1597,1132,6779,4277,2502
09,164,kanpur nagar,Rural,All ages,1565623,837260,728363,555471,242893,312578,1010152,594367,415785
09,164,kanpur nagar,Rural,0-6,214077,113604,100473,214077,113604,100473,0,0,0
09,164,kanpur nagar,Rural,7,33642,17805,15837,7454,3831,3623,26188,13974,12214
09,164,kanpur nagar,Rural,8,37019,19630,17389,4209,2189,2020,32810,17441,15369
09,164,kanpur nagar,Rural,9,31027,16324,14703,2532,1321,1211,28495,15003,13492
09,164,kanpur nagar,Rural,10,45196,24387,20809,4733,2460,2273,40463,21927,18536
09,164,kanpur nagar,Rural,11,33595,17982,15613,2066,1036,1030,31529,16946,14583
09,164,kanpur nagar,Rural,12,38386,20280,18106,1881,934,947,36505,19346,17159
09,164,kanpur nagar,Rural,13,35456,18389,17067,1645,811,834,33811,17578,16233
09,164,kanpur nagar,Rural,14,39328,20538,18790,2125,1085,1040,37203,19453,17750
09,164,kanpur nagar,Rural,15,40688,21801,18887,2711,1440,1271,37977,20361,17616
09,164,kanpur nagar,Rural,16,41167,21651,19516,2845,1469,1376,38322,20182,18140
09,164,kanpur nagar,Rural,17,32921,17481,15440,2309,1165,1144,30612,16316,14296
09,164,kanpur nagar,Rural,18,48849,27686,21163,4326,2268,2058,44523,25418,19105
09,164,kanpur nagar,Rural,19,27820,15725,12095,2475,1198,1277,25345,14527,10818
09,164,kanpur nagar,Rural,20-24,144958,82818,62140,19290,8412,10878,125668,74406,51262
09,164,kanpur nagar,Rural,25-29,115832,62559,53273,24229,8759,15470,91603,53800,37803
09,164,kanpur nagar,Rural,30-34,103210,52958,50252,28609,9724,18885,74601,43234,31367
09,164,kanpur nagar,Rural,35-39,101851,53226,48625,32900,10864,22036,68951,42362,26589
09,164,kanpur nagar,Rural,40-44,85667,46524,39143,31344,11324,20020,54323,35200,19123
09,164,kanpur nagar,Rural,45-49,69084,37332,31752,27762,9601,18161,41322,27731,13591
09,164,kanpur nagar,Rural,50-54,53002,29525,23477,22996,8482,14514,30006,21043,8963
09,164,kanpur nagar,Rural,55-59,45268,21125,24143,22962,6110,16852,22306,15015,7291
09,164,kanpur nagar,Rural,60-64,53859,27995,25864,30909,11176,19733,22950,16819,6131
09,164,kanpur nagar,Rural,65-69,37156,19300,17856,22731,8490,14241,14425,10810,3615
09,164,kanpur nagar,Rural,70-74,27288,15124,12164,17868,7644,10224,9420,7480,1940
09,164,kanpur nagar,Rural,75-79,11692,6182,5510,7655,3047,4608,4037,3135,902
09,164,kanpur nagar,Rural,80+,16391,8569,7822,10433,4262,6171,5958,4307,1651
09,164,kanpur nagar,Rural,Age not stated,1194,740,454,395,187,208,799,553,246
09,164,kanpur nagar,Urban,All ages,3015645,1622546,1393099,782775,387734,395041,2232870,1234812,998058
09,164,kanpur nagar,Urban,0-6,295847,158664,137183,295847,158664,137183,0,0,0
09,164,kanpur nagar,Urban,7,50591,26931,23660,12635,6450,6185,37956,20481,17475
09,164,kanpur nagar,Urban,8,53772,29321,24451,9233,4792,4441,44539,24529,20010
09,164,kanpur nagar,Urban,9,47913,25782,22131,6866,3517,3349,41047,22265,18782
09,164,kanpur nagar,Urban,10,67394,37123,30271,10711,5729,4982,56683,31394,25289
09,164,kanpur nagar,Urban,11,53010,29048,23962,6329,3404,2925,46681,25644,21037
09,164,kanpur nagar,Urban,12,58697,31501,27196,6316,3505,2811,52381,27996,24385
09,164,kanpur nagar,Urban,13,53825,28375,25450,5183,2769,2414,48642,25606,23036
09,164,kanpur nagar,Urban,14,60779,31982,28797,6112,3290,2822,54667,28692,25975
09,164,kanpur nagar,Urban,15,64796,34440,30356,7057,3862,3195,57739,30578,27161
09,164,kanpur nagar,Urban,16,64902,34502,30400,7234,4065,3169,57668,30437,27231
09,164,kanpur nagar,Urban,17,60649,32212,28437,6082,3393,2689,54567,28819,25748
09,164,kanpur nagar,Urban,18,84976,47150,37826,10249,6061,4188,74727,41089,33638
09,164,kanpur nagar,Urban,19,60818,33550,27268,6721,3932,2789,54097,29618,24479
09,164,kanpur nagar,Urban,20-24,319574,174278,145296,38880,21883,16997,280694,152395,128299
09,164,kanpur nagar,Urban,25-29,272907,143924,128983,39972,20091,19881,232935,123833,109102
09,164,kanpur nagar,Urban,30-34,236256,123851,112405,40588,18952,21636,195668,104899,90769
09,164,kanpur nagar,Urban,35-39,235259,123487,111772,46986,21491,25495,188273,101996,86277
09,164,kanpur nagar,Urban,40-44,200515,108800,91715,44509,20688,23821,156006,88112,67894
09,164,kanpur nagar,Urban,45-49,177712,96134,81578,41196,17930,23266,136516,78204,58312
09,164,kanpur nagar,Urban,50-54,137403,77227,60176,32516,14363,18153,104887,62864,42023
09,164,kanpur nagar,Urban,55-59,107099,57163,49936,26761,10051,16710,80338,47112,33226
09,164,kanpur nagar,Urban,60-64,91949,50147,41802,26590,10441,16149,65359,39706,25653
09,164,kanpur nagar,Urban,65-69,58374,31929,26445,17122,6298,10824,41252,25631,15621
09,164,kanpur nagar,Urban,70-74,40377,22637,17740,12891,4878,8013,27486,17759,9727
09,164,kanpur nagar,Urban,75-79,19649,10669,8980,5948,2125,3823,13701,8544,5157
09,164,kanpur nagar,Urban,80+,32288,16585,15703,9907,3700,6207,22381,12885,9496
09,164,kanpur nagar,Urban,Age not stated,8314,5134,3180,2334,1410,924,5980,3724,2256
09,165,jalaun,Total,All ages,1689974,906092,783882,614778,252662,362116,1075196,653430,421766
09,165,jalaun,Total,0-6,231997,123342,108655,231997,123342,108655,0,0,0
09,165,jalaun,Total,7,34086,18140,15946,8326,4204,4122,25760,13936,11824
09,165,jalaun,Total,8,39904,21341,18563,5304,2658,2646,34600,18683,15917
09,165,jalaun,Total,9,31667,16756,14911,3167,1572,1595,28500,15184,13316
09,165,jalaun,Total,10,45285,24773,20512,4193,2100,2093,41092,22673,18419
09,165,jalaun,Total,11,34442,18593,15849,2371,1167,1204,32071,17426,14645
09,165,jalaun,Total,12,40641,21927,18714,2617,1293,1324,38024,20634,17390
09,165,jalaun,Total,13,36341,19061,17280,2263,1029,1234,34078,18032,16046
09,165,jalaun,Total,14,38863,20661,18202,2577,1277,1300,36286,19384,16902
09,165,jalaun,Total,15,40114,21859,18255,3062,1489,1573,37052,20370,16682
09,165,jalaun,Total,16,40079,21802,18277,3282,1590,1692,36797,20212,16585
09,165,jalaun,Total,17,31172,17556,13616,2554,1344,1210,28618,16212,12406
09,165,jalaun,Total,18,46504,27129,19375,4970,2469,2501,41534,24660,16874
09,165,jalaun,Total,19,28270,15844,12426,3129,1318,1811,25141,14526,10615
09,165,jalaun,Total,20-24,151585,85145,66440,24607,8920,15687,126978,76225,50753
09,165,jalaun,Total,25-29,131867,70593,61274,29921,8872,21049,101946,61721,40225
09,165,jalaun,Total,30-34,115546,59202,56344,32817,8999,23818,82729,50203,32526
09,165,jalaun,Total,35-39,115757,60242,55515,37016,10292,26724,78741,49950,28791
09,165,jalaun,Total,40-44,97633,52507,45126,33849,10252,23597,63784,42255,21529
09,165,jalaun,Total,45-49,81154,43471,37683,30928,9026,21902,50226,34445,15781
09,165,jalaun,Total,50-54,63912,34970,28942,26186,8234,17952,37726,26736,10990
09,165,jalaun,Total,55-59,53368,26911,26457,25101,6773,18328,28267,20138,8129
09,165,jalaun,Total,60-64,53136,27922,25214,28708,9569,19139,24428,18353,6075
09,165,jalaun,Total,65-69,39249,19918,19331,23061,7637,15424,16188,12281,3907
09,165,jalaun,Total,70-74,31240,17244,13996,19640,7943,11697,11600,9301,2299
09,165,jalaun,Total,75-79,15039,7898,7141,9780,3769,6011,5259,4129,1130
09,165,jalaun,Total,80+,19010,10134,8876,12565,5171,7394,6445,4963,1482
09,165,jalaun,Total,Age not stated,2113,1151,962,787,353,434,1326,798,528
09,165,jalaun,Rural,All ages,1271074,683656,587418,481108,194581,286527,789966,489075,300891
09,165,jalaun,Rural,0-6,180671,96001,84670,180671,96001,84670,0,0,0
09,165,jalaun,Rural,7,25894,13745,12149,6210,3137,3073,19684,10608,9076
09,165,jalaun,Rural,8,30758,16381,14377,3841,1887,1954,26917,14494,12423
09,165,jalaun,Rural,9,24249,12811,11438,2147,1042,1105,22102,11769,10333
09,165,jalaun,Rural,10,34387,18769,15618,2768,1357,1411,31619,17412,14207
09,165,jalaun,Rural,11,26411,14184,12227,1518,724,794,24893,13460,11433
09,165,jalaun,Rural,12,30809,16553,14256,1576,736,840,29233,15817,13416
09,165,jalaun,Rural,13,27650,14516,13134,1331,563,768,26319,13953,12366
09,165,jalaun,Rural,14,29321,15589,13732,1562,761,801,27759,14828,12931
09,165,jalaun,Rural,15,29864,16361,13503,1864,879,985,28000,15482,12518
09,165,jalaun,Rural,16,29858,16431,13427,2011,953,1058,27847,15478,12369
09,165,jalaun,Rural,17,22510,12811,9699,1600,797,803,20910,12014,8896
09,165,jalaun,Rural,18,33911,20112,13799,3193,1469,1724,30718,18643,12075
09,165,jalaun,Rural,19,20191,11376,8815,2078,774,1304,18113,10602,7511
09,165,jalaun,Rural,20-24,109740,62176,47564,18040,5780,12260,91700,56396,35304
09,165,jalaun,Rural,25-29,97487,52381,45106,23369,6423,16946,74118,45958,28160
09,165,jalaun,Rural,30-34,86205,44283,41922,26091,6739,19352,60114,37544,22570
09,165,jalaun,Rural,35-39,86306,45215,41091,29271,7849,21422,57035,37366,19669
09,165,jalaun,Rural,40-44,72448,39200,33248,26871,7926,18945,45577,31274,14303
09,165,jalaun,Rural,45-49,59969,32294,27675,24731,7136,17595,35238,25158,10080
09,165,jalaun,Rural,50-54,47164,25924,21240,20985,6607,14378,26179,19317,6862
09,165,jalaun,Rural,55-59,39834,19983,19851,20384,5540,14844,19450,14443,5007
09,165,jalaun,Rural,60-64,40806,21510,19296,23565,8005,15560,17241,13505,3736
09,165,jalaun,Rural,65-69,30822,15608,15214,19427,6564,12863,11395,9044,2351
09,165,jalaun,Rural,70-74,25102,14006,11096,16666,6943,9723,8436,7063,1373
09,165,jalaun,Rural,75-79,12109,6387,5722,8281,3272,5009,3828,3115,713
09,165,jalaun,Rural,80+,15264,8299,6965,10547,4487,6060,4717,3812,905
09,165,jalaun,Rural,Age not stated,1334,750,584,510,230,280,824,520,304
09,165,jalaun,Urban,All ages,418900,222436,196464,133670,58081,75589,285230,164355,120875
09,165,jalaun,Urban,0-6,51326,27341,23985,51326,27341,23985,0,0,0
09,165,jalaun,Urban,7,8192,4395,3797,2116,1067,1049,6076,3328,2748
09,165,jalaun,Urban,8,9146,4960,4186,1463,771,692,7683,4189,3494
09,165,jalaun,Urban,9,7418,3945,3473,1020,530,490,6398,3415,2983
09,165,jalaun,Urban,10,10898,6004,4894,1425,743,682,9473,5261,4212
09,165,jalaun,Urban,11,8031,4409,3622,853,443,410,7178,3966,3212
09,165,jalaun,Urban,12,9832,5374,4458,1041,557,484,8791,4817,3974
09,165,jalaun,Urban,13,8691,4545,4146,932,466,466,7759,4079,3680
09,165,jalaun,Urban,14,9542,5072,4470,1015,516,499,8527,4556,3971
09,165,jalaun,Urban,15,10250,5498,4752,1198,610,588,9052,4888,4164
09,165,jalaun,Urban,16,10221,5371,4850,1271,637,634,8950,4734,4216
09,165,jalaun,Urban,17,8662,4745,3917,954,547,407,7708,4198,3510
09,165,jalaun,Urban,18,12593,7017,5576,1777,1000,777,10816,6017,4799
09,165,jalaun,Urban,19,8079,4468,3611,1051,544,507,7028,3924,3104
09,165,jalaun,Urban,20-24,41845,22969,18876,6567,3140,3427,35278,19829,15449
09,165,jalaun,Urban,25-29,34380,18212,16168,6552,2449,4103,27828,15763,12065
09,165,jalaun,Urban,30-34,29341,14919,14422,6726,2260,4466,22615,12659,9956
09,165,jalaun,Urban,35-39,29451,15027,14424,7745,2443,5302,21706,12584,9122
09,165,jalaun,Urban,40-44,25185,13307,11878,6978,2326,4652,18207,10981,7226
09,165,jalaun,Urban,45-49,21185,11177,10008,6197,1890,4307,14988,9287,5701
09,165,jalaun,Urban,50-54,16748,9046,7702,5201,1627,3574,11547,7419,4128
09,165,jalaun,Urban,55-59,13534,6928,6606,4717,1233,3484,8817,5695,3122
09,165,jalaun,Urban,60-64,12330,6412,5918,5143,1564,3579,7187,4848,2339
09,165,jalaun,Urban,65-69,8427,4310,4117,3634,1073,2561,4793,3237,1556
09,165,jalaun,Urban,70-74,6138,3238,2900,2974,1000,1974,3164,2238,926
09,165,jalaun,Urban,75-79,2930,1511,1419,1499,497,1002,1431,1014,417
09,165,jalaun,Urban,80+,3746,1835,1911,2018,684,1334,1728,1151,577
09,165,jalaun,Urban,Age not stated,779,401,378,277,123,154,502,278,224
09,166,jhansi,Total,All ages,1998603,1057436,941167,694090,273731,420359,1304513,783705,520808
09,166,jhansi,Total,0-6,260373,139559,120814,260373,139559,120814,0,0,0
09,166,jhansi,Total,7,38183,20327,17856,8463,4314,4149,29720,16013,13707
09,166,jhansi,Total,8,44136,23726,20410,5071,2418,2653,39065,21308,17757
09,166,jhansi,Total,9,35983,19097,16886,3103,1473,1630,32880,17624,15256
09,166,jhansi,Total,10,50914,27594,23320,4232,2077,2155,46682,25517,21165
09,166,jhansi,Total,11,39580,21318,18262,2506,1150,1356,37074,20168,16906
09,166,jhansi,Total,12,47485,25286,22199,2776,1261,1515,44709,24025,20684
09,166,jhansi,Total,13,40154,21353,18801,2148,938,1210,38006,20415,17591
09,166,jhansi,Total,14,42619,22509,20110,2498,1110,1388,40121,21399,18722
09,166,jhansi,Total,15,44276,24027,20249,3225,1514,1711,41051,22513,18538
09,166,jhansi,Total,16,42202,22728,19474,3038,1358,1680,39164,21370,17794
09,166,jhansi,Total,17,35644,19396,16248,2860,1240,1620,32784,18156,14628
09,166,jhansi,Total,18,49793,27523,22270,5502,2179,3323,44291,25344,18947
09,166,jhansi,Total,19,34309,18251,16058,3954,1341,2613,30355,16910,13445
09,166,jhansi,Total,20-24,193696,103562,90134,31780,9271,22509,161916,94291,67625
09,166,jhansi,Total,25-29,171954,90997,80957,38156,10183,27973,133798,80814,52984
09,166,jhansi,Total,30-34,151261,77341,73920,41994,10724,31270,109267,66617,42650
09,166,jhansi,Total,35-39,142728,74869,67859,43838,11969,31869,98890,62900,35990
09,166,jhansi,Total,40-44,117139,62343,54796,39579,11680,27899,77560,50663,26897
09,166,jhansi,Total,45-49,99600,52536,47064,35985,10143,25842,63615,42393,21222
09,166,jhansi,Total,50-54,76567,42018,34549,28675,8960,19715,47892,33058,14834
09,166,jhansi,Total,55-59,62054,30905,31149,27055,6674,20381,34999,24231,10768
09,166,jhansi,Total,60-64,60939,31456,29483,30925,9588,21337,30014,21868,8146
09,166,jhansi,Total,65-69,41150,20391,20759,23226,7261,15965,17924,13130,4794
09,166,jhansi,Total,70-74,32071,16658,15413,19523,7133,12390,12548,9525,3023
09,166,jhansi,Total,75-79,15532,7564,7968,9414,3124,6290,6118,4440,1678
09,166,jhansi,Total,80+,20018,9670,10348,11968,4209,7759,8050,5461,2589
09,166,jhansi,Total,Age not stated,8243,4432,3811,2223,880,1343,6020,3552,2468
09,166,jhansi,Rural,All ages,1165119,615629,549490,462126,176428,285698,702993,439201,263792
09,166,jhansi,Rural,0-6,163631,87663,75968,163631,87663,75968,0,0,0
09,166,jhansi,Rural,7,23005,12232,10773,5017,2554,2463,17988,9678,8310
09,166,jhansi,Rural,8,28179,15006,13173,2903,1346,1557,25276,13660,11616
09,166,jhansi,Rural,9,21937,11408,10529,1531,681,850,20406,10727,9679
09,166,jhansi,Rural,10,32285,17280,15005,2274,1048,1226,30011,16232,13779
09,166,jhansi,Rural,11,24180,12962,11218,1212,518,694,22968,12444,10524
09,166,jhansi,Rural,12,29911,15850,14061,1326,503,823,28585,15347,13238
09,166,jhansi,Rural,13,24989,13292,11697,1008,385,623,23981,12907,11074
09,166,jhansi,Rural,14,25884,13636,12248,1155,442,713,24729,13194,11535
09,166,jhansi,Rural,15,26566,14529,12037,1640,689,951,24926,13840,11086
09,166,jhansi,Rural,16,24814,13490,11324,1559,624,935,23255,12866,10389
09,166,jhansi,Rural,17,19453,10801,8652,1421,516,905,18032,10285,7747
09,166,jhansi,Rural,18,28336,15825,12511,3200,1012,2188,25136,14813,10323
09,166,jhansi,Rural,19,18382,9805,8577,2360,596,1764,16022,9209,6813
09,166,jhansi,Rural,20-24,104081,55364,48717,21024,4868,16156,83057,50496,32561
09,166,jhansi,Rural,25-29,93174,48708,44466,26824,6245,20579,66350,42463,23887
09,166,jhansi,Rural,30-34,86667,43359,43308,30685,7199,23486,55982,36160,19822
09,166,jhansi,Rural,35-39,83240,43925,39315,31410,8250,23160,51830,35675,16155
09,166,jhansi,Rural,40-44,66926,36036,30890,28100,8203,19897,38826,27833,10993
09,166,jhansi,Rural,45-49,54847,29157,25690,24972,7085,17887,29875,22072,7803
09,166,jhansi,Rural,50-54,41788,23171,18617,19830,6410,13420,21958,16761,5197
09,166,jhansi,Rural,55-59,34555,16665,17890,18924,4778,14146,15631,11887,3744
09,166,jhansi,Rural,60-64,37105,19188,17917,22237,7175,15062,14868,12013,2855
09,166,jhansi,Rural,65-69,26123,12905,13218,17227,5692,11535,8896,7213,1683
09,166,jhansi,Rural,70-74,20618,10987,9631,14399,5736,8663,6219,5251,968
09,166,jhansi,Rural,75-79,9738,4838,4900,6953,2541,4412,2785,2297,488
09,166,jhansi,Rural,80+,11678,5917,5761,8201,3229,4972,3477,2688,789
09,166,jhansi,Rural,Age not stated,3027,1630,1397,1103,440,663,1924,1190,734
09,166,jhansi,Urban,All ages,833484,441807,391677,231964,97303,134661,601520,344504,257016
09,166,jhansi,Urban,0-6,96742,51896,44846,96742,51896,44846,0,0,0
09,166,jhansi,Urban,7,15178,8095,7083,3446,1760,1686,11732,6335,5397
09,166,jhansi,Urban,8,15957,8720,7237,2168,1072,1096,13789,7648,6141
09,166,jhansi,Urban,9,14046,7689,6357,1572,792,780,12474,6897,5577
09,166,jhansi,Urban,10,18629,10314,8315,1958,1029,929,16671,9285,7386
09,166,jhansi,Urban,11,15400,8356,7044,1294,632,662,14106,7724,6382
09,166,jhansi,Urban,12,17574,9436,8138,1450,758,692,16124,8678,7446
09,166,jhansi,Urban,13,15165,8061,7104,1140,553,587,14025,7508,6517
09,166,jhansi,Urban,14,16735,8873,7862,1343,668,675,15392,8205,7187
09,166,jhansi,Urban,15,17710,9498,8212,1585,825,760,16125,8673,7452
09,166,jhansi,Urban,16,17388,9238,8150,1479,734,745,15909,8504,7405
09,166,jhansi,Urban,17,16191,8595,7596,1439,724,715,14752,7871,6881
09,166,jhansi,Urban,18,21457,11698,9759,2302,1167,1135,19155,10531,8624
09,166,jhansi,Urban,19,15927,8446,7481,1594,745,849,14333,7701,6632
09,166,jhansi,Urban,20-24,89615,48198,41417,10756,4403,6353,78859,43795,35064
09,166,jhansi,Urban,25-29,78780,42289,36491,11332,3938,7394,67448,38351,29097
09,166,jhansi,Urban,30-34,64594,33982,30612,11309,3525,7784,53285,30457,22828
09,166,jhansi,Urban,35-39,59488,30944,28544,12428,3719,8709,47060,27225,19835
09,166,jhansi,Urban,40-44,50213,26307,23906,11479,3477,8002,38734,22830,15904
09,166,jhansi,Urban,45-49,44753,23379,21374,11013,3058,7955,33740,20321,13419
09,166,jhansi,Urban,50-54,34779,18847,15932,8845,2550,6295,25934,16297,9637
09,166,jhansi,Urban,55-59,27499,14240,13259,8131,1896,6235,19368,12344,7024
09,166,jhansi,Urban,60-64,23834,12268,11566,8688,2413,6275,15146,9855,5291
09,166,jhansi,Urban,65-69,15027,7486,7541,5999,1569,4430,9028,5917,3111
09,166,jhansi,Urban,70-74,11453,5671,5782,5124,1397,3727,6329,4274,2055
09,166,jhansi,Urban,75-79,5794,2726,3068,2461,583,1878,3333,2143,1190
09,166,jhansi,Urban,80+,8340,3753,4587,3767,980,2787,4573,2773,1800
09,166,jhansi,Urban,Age not stated,5216,2802,2414,1120,440,680,4096,2362,1734
09,167,lalitpur,Total,All ages,1221592,641011,580581,580401,243425,336976,641191,397586,243605
09,167,lalitpur,Total,0-6,212205,110745,101460,212205,110745,101460,0,0,0
09,167,lalitpur,Total,7,28821,14981,13840,8400,4186,4214,20421,10795,9626
09,167,lalitpur,Total,8,35488,18488,17000,5789,2820,2969,29699,15668,14031
09,167,lalitpur,Total,9,27292,14075,13217,2877,1367,1510,24415,12708,11707
09,167,lalitpur,Total,10,39107,20867,18240,3957,1942,2015,35150,18925,16225
09,167,lalitpur,Total,11,29723,15795,13928,2161,1014,1147,27562,14781,12781
09,167,lalitpur,Total,12,35023,18827,16196,2505,1132,1373,32518,17695,14823
09,167,lalitpur,Total,13,28284,14864,13420,1844,783,1061,26440,14081,12359
09,167,lalitpur,Total,14,27769,14954,12815,1906,766,1140,25863,14188,11675
09,167,lalitpur,Total,15,27538,15558,11980,2737,1265,1472,24801,14293,10508
09,167,lalitpur,Total,16,24589,13549,11040,2717,1124,1593,21872,12425,9447
09,167,lalitpur,Total,17,19012,10300,8712,2490,831,1659,16522,9469,7053
09,167,lalitpur,Total,18,30000,15696,14304,5802,1642,4160,24198,14054,10144
09,167,lalitpur,Total,19,18896,9619,9277,3927,941,2986,14969,8678,6291
09,167,lalitpur,Total,20-24,112480,58160,54320,32857,8218,24639,79623,49942,29681
09,167,lalitpur,Total,25-29,97324,51412,45912,38023,11087,26936,59301,40325,18976
09,167,lalitpur,Total,30-34,82949,42206,40743,39028,11956,27072,43921,30250,13671
09,167,lalitpur,Total,35-39,74157,39155,35002,37808,12965,24843,36349,26190,10159
09,167,lalitpur,Total,40-44,59444,32220,27224,32843,12511,20332,26601,19709,6892
09,167,lalitpur,Total,45-49,48530,25342,23188,28701,10734,17967,19829,14608,5221
09,167,lalitpur,Total,50-54,38750,21184,17566,23811,9889,13922,14939,11295,3644
09,167,lalitpur,Total,55-59,32306,15721,16585,21230,7350,13880,11076,8371,2705
09,167,lalitpur,Total,60-64,32586,17186,15400,23350,9973,13377,9236,7213,2023
09,167,lalitpur,Total,65-69,21609,10749,10860,15972,6387,9585,5637,4362,1275
09,167,lalitpur,Total,70-74,16983,8976,8007,13170,5951,7219,3813,3025,788
09,167,lalitpur,Total,75-79,7480,3609,3871,5636,2208,3428,1844,1401,443
09,167,lalitpur,Total,80+,9952,5018,4934,7238,3045,4193,2714,1973,741
09,167,lalitpur,Total,Age not stated,3295,1755,1540,1417,593,824,1878,1162,716
09,167,lalitpur,Rural,All ages,1046214,549478,496736,528786,222086,306700,517428,327392,190036
09,167,lalitpur,Rural,0-6,189277,98790,90487,189277,98790,90487,0,0,0
09,167,lalitpur,Rural,7,25254,13105,12149,7558,3736,3822,17696,9369,8327
09,167,lalitpur,Rural,8,31528,16344,15184,5324,2593,2731,26204,13751,12453
09,167,lalitpur,Rural,9,24034,12365,11669,2613,1235,1378,21421,11130,10291
09,167,lalitpur,Rural,10,34617,18457,16160,3573,1735,1838,31044,16722,14322
09,167,lalitpur,Rural,11,26178,13889,12289,1967,911,1056,24211,12978,11233
09,167,lalitpur,Rural,12,30850,16556,14294,2274,1016,1258,28576,15540,13036
09,167,lalitpur,Rural,13,24779,13073,11706,1660,679,981,23119,12394,10725
09,167,lalitpur,Rural,14,24143,13031,11112,1747,675,1072,22396,12356,10040
09,167,lalitpur,Rural,15,23596,13435,10161,2480,1126,1354,21116,12309,8807
09,167,lalitpur,Rural,16,20806,11595,9211,2481,1001,1480,18325,10594,7731
09,167,lalitpur,Rural,17,15481,8395,7086,2262,702,1560,13219,7693,5526
09,167,lalitpur,Rural,18,25282,13149,12133,5405,1465,3940,19877,11684,8193
09,167,lalitpur,Rural,19,15491,7849,7642,3626,827,2799,11865,7022,4843
09,167,lalitpur,Rural,20-24,94381,48715,45666,30681,7471,23210,63700,41244,22456
09,167,lalitpur,Rural,25-29,81588,43269,38319,35395,10306,25089,46193,32963,13230
09,167,lalitpur,Rural,30-34,69774,35521,34253,36366,11234,25132,33408,24287,9121
09,167,lalitpur,Rural,35-39,61914,32834,29080,34841,12090,22751,27073,20744,6329
09,167,lalitpur,Rural,40-44,49510,26945,22565,30255,11671,18584,19255,15274,3981
09,167,lalitpur,Rural,45-49,39983,20909,19074,26332,10049,16283,13651,10860,2791
09,167,lalitpur,Rural,50-54,31992,17586,14406,21810,9275,12535,10182,8311,1871
09,167,lalitpur,Rural,55-59,26820,12877,13943,19508,6931,12577,7312,5946,1366
09,167,lalitpur,Rural,60-64,27892,14754,13138,21531,9442,12089,6361,5312,1049
09,167,lalitpur,Rural,65-69,18554,9194,9360,14748,6024,8724,3806,3170,636
09,167,lalitpur,Rural,70-74,14790,7927,6863,12133,5655,6478,2657,2272,385
09,167,lalitpur,Rural,75-79,6307,3035,3272,5110,2064,3046,1197,971,226
09,167,lalitpur,Rural,80+,8407,4292,4115,6516,2836,3680,1891,1456,435
09,167,lalitpur,Rural,Age not stated,2986,1587,1399,1313,547,766,1673,1040,633
09,167,lalitpur,Urban,All ages,175378,91533,83845,51615,21339,30276,123763,70194,53569
09,167,lalitpur,Urban,0-6,22928,11955,10973,22928,11955,10973,0,0,0
09,167,lalitpur,Urban,7,3567,1876,1691,842,450,392,2725,1426,1299
09,167,lalitpur,Urban,8,3960,2144,1816,465,227,238,3495,1917,1578
09,167,lalitpur,Urban,9,3258,1710,1548,264,132,132,2994,1578,1416
09,167,lalitpur,Urban,10,4490,2410,2080,384,207,177,4106,2203,1903
09,167,lalitpur,Urban,11,3545,1906,1639,194,103,91,3351,1803,1548
09,167,lalitpur,Urban,12,4173,2271,1902,231,116,115,3942,2155,1787
09,167,lalitpur,Urban,13,3505,1791,1714,184,104,80,3321,1687,1634
09,167,lalitpur,Urban,14,3626,1923,1703,159,91,68,3467,1832,1635
09,167,lalitpur,Urban,15,3942,2123,1819,257,139,118,3685,1984,1701
09,167,lalitpur,Urban,16,3783,1954,1829,236,123,113,3547,1831,1716
09,167,lalitpur,Urban,17,3531,1905,1626,228,129,99,3303,1776,1527
09,167,lalitpur,Urban,18,4718,2547,2171,397,177,220,4321,2370,1951
09,167,lalitpur,Urban,19,3405,1770,1635,301,114,187,3104,1656,1448
09,167,lalitpur,Urban,20-24,18099,9445,8654,2176,747,1429,15923,8698,7225
09,167,lalitpur,Urban,25-29,15736,8143,7593,2628,781,1847,13108,7362,5746
09,167,lalitpur,Urban,30-34,13175,6685,6490,2662,722,1940,10513,5963,4550
09,167,lalitpur,Urban,35-39,12243,6321,5922,2967,875,2092,9276,5446,3830
09,167,lalitpur,Urban,40-44,9934,5275,4659,2588,840,1748,7346,4435,2911
09,167,lalitpur,Urban,45-49,8547,4433,4114,2369,685,1684,6178,3748,2430
09,167,lalitpur,Urban,50-54,6758,3598,3160,2001,614,1387,4757,2984,1773
09,167,lalitpur,Urban,55-59,5486,2844,2642,1722,419,1303,3764,2425,1339
09,167,lalitpur,Urban,60-64,4694,2432,2262,1819,531,1288,2875,1901,974
09,167,lalitpur,Urban,65-69,3055,1555,1500,1224,363,861,1831,1192,639
09,167,lalitpur,Urban,70-74,2193,1049,1144,1037,296,741,1156,753,403
09,167,lalitpur,Urban,75-79,1173,574,599,526,144,382,647,430,217
09,167,lalitpur,Urban,80+,1545,726,819,722,209,513,823,517,306
09,167,lalitpur,Urban,Age not stated,309,168,141,104,46,58,205,122,83
09,168,hamirpur,Total,All ages,1104285,593537,510748,450986,185412,265574,653299,408125,245174
09,168,hamirpur,Total,0-6,154355,81834,72521,154355,81834,72521,0,0,0
09,168,hamirpur,Total,7,24058,12723,11335,6523,3274,3249,17535,9449,8086
09,168,hamirpur,Total,8,28250,14959,13291,4182,2069,2113,24068,12890,11178
09,168,hamirpur,Total,9,23188,12189,10999,2347,1091,1256,20841,11098,9743
09,168,hamirpur,Total,10,32627,17611,15016,3096,1493,1603,29531,16118,13413
09,168,hamirpur,Total,11,24750,13230,11520,1799,853,946,22951,12377,10574
09,168,hamirpur,Total,12,28093,14944,13149,1875,871,1004,26218,14073,12145
09,168,hamirpur,Total,13,25465,13397,12068,1645,743,902,23820,12654,11166
09,168,hamirpur,Total,14,26726,13875,12851,1906,835,1071,24820,13040,11780
09,168,hamirpur,Total,15,27698,14970,12728,2404,1140,1264,25294,13830,11464
09,168,hamirpur,Total,16,26254,14124,12130,2259,1074,1185,23995,13050,10945
09,168,hamirpur,Total,17,20345,11360,8985,1927,900,1027,18418,10460,7958
09,168,hamirpur,Total,18,28920,17202,11718,3308,1605,1703,25612,15597,10015
09,168,hamirpur,Total,19,17284,10007,7277,2183,863,1320,15101,9144,5957
09,168,hamirpur,Total,20-24,93214,54530,38684,17418,5981,11437,75796,48549,27247
09,168,hamirpur,Total,25-29,79547,43271,36276,22227,6491,15736,57320,36780,20540
09,168,hamirpur,Total,30-34,73314,37519,35795,26103,6984,19119,47211,30535,16676
09,168,hamirpur,Total,35-39,71822,37619,34203,28760,8289,20471,43062,29330,13732
09,168,hamirpur,Total,40-44,62580,33093,29487,28127,8582,19545,34453,24511,9942
09,168,hamirpur,Total,45-49,52652,28234,24418,25417,8058,17359,27235,20176,7059
09,168,hamirpur,Total,50-54,41655,22881,18774,21066,7230,13836,20589,15651,4938
09,168,hamirpur,Total,55-59,34213,17150,17063,19466,5796,13670,14747,11354,3393
09,168,hamirpur,Total,60-64,34401,18046,16355,21862,8092,13770,12539,9954,2585
09,168,hamirpur,Total,65-69,26275,13387,12888,17969,6786,11183,8306,6601,1705
09,168,hamirpur,Total,70-74,20966,11596,9370,15084,6738,8346,5882,4858,1024
09,168,hamirpur,Total,75-79,10212,5451,4761,7361,3165,4196,2851,2286,565
09,168,hamirpur,Total,80+,13387,7231,6156,9494,4263,5231,3893,2968,925
09,168,hamirpur,Total,Age not stated,2034,1104,930,823,312,511,1211,792,419
09,168,hamirpur,Rural,All ages,894437,481373,413064,382654,156763,225891,511783,324610,187173
09,168,hamirpur,Rural,0-6,128232,67808,60424,128232,67808,60424,0,0,0
09,168,hamirpur,Rural,7,19796,10420,9376,5412,2700,2712,14384,7720,6664
09,168,hamirpur,Rural,8,23310,12240,11070,3351,1653,1698,19959,10587,9372
09,168,hamirpur,Rural,9,19155,10040,9115,1874,870,1004,17281,9170,8111
09,168,hamirpur,Rural,10,26816,14403,12413,2425,1175,1250,24391,13228,11163
09,168,hamirpur,Rural,11,20364,10849,9515,1359,626,733,19005,10223,8782
09,168,hamirpur,Rural,12,23166,12314,10852,1428,637,791,21738,11677,10061
09,168,hamirpur,Rural,13,20832,10981,9851,1261,514,747,19571,10467,9104
09,168,hamirpur,Rural,14,21739,11244,10495,1453,599,854,20286,10645,9641
09,168,hamirpur,Rural,15,22525,12188,10337,1900,884,1016,20625,11304,9321
09,168,hamirpur,Rural,16,21297,11465,9832,1764,817,947,19533,10648,8885
09,168,hamirpur,Rural,17,16053,9006,7047,1522,697,825,14531,8309,6222
09,168,hamirpur,Rural,18,22874,13677,9197,2627,1227,1400,20247,12450,7797
09,168,hamirpur,Rural,19,13554,7939,5615,1762,663,1099,11792,7276,4516
09,168,hamirpur,Rural,20-24,73106,43209,29897,14637,4786,9851,58469,38423,20046
09,168,hamirpur,Rural,25-29,62958,34438,28520,19136,5458,13678,43822,28980,14842
09,168,hamirpur,Rural,30-34,58604,30018,28586,22611,5968,16643,35993,24050,11943
09,168,hamirpur,Rural,35-39,57059,30021,27038,24715,7144,17571,32344,22877,9467
09,168,hamirpur,Rural,40-44,49766,26431,23335,24228,7476,16752,25538,18955,6583
09,168,hamirpur,Rural,45-49,41829,22433,19396,21844,7023,14821,19985,15410,4575
09,168,hamirpur,Rural,50-54,33148,18263,14885,18172,6374,11798,14976,11889,3087
09,168,hamirpur,Rural,55-59,27695,13775,13920,16903,5128,11775,10792,8647,2145
09,168,hamirpur,Rural,60-64,28619,14991,13628,19151,7228,11923,9468,7763,1705
09,168,hamirpur,Rural,65-69,22297,11402,10895,15956,6183,9773,6341,5219,1122
09,168,hamirpur,Rural,70-74,17875,9983,7892,13380,6136,7244,4495,3847,648
09,168,hamirpur,Rural,75-79,8680,4657,4023,6510,2849,3661,2170,1808,362
09,168,hamirpur,Rural,80+,11358,6235,5123,8350,3888,4462,3008,2347,661
09,168,hamirpur,Rural,Age not stated,1730,943,787,691,252,439,1039,691,348
09,168,hamirpur,Urban,All ages,209848,112164,97684,68332,28649,39683,141516,83515,58001
09,168,hamirpur,Urban,0-6,26123,14026,12097,26123,14026,12097,0,0,0
09,168,hamirpur,Urban,7,4262,2303,1959,1111,574,537,3151,1729,1422
09,168,hamirpur,Urban,8,4940,2719,2221,831,416,415,4109,2303,1806
09,168,hamirpur,Urban,9,4033,2149,1884,473,221,252,3560,1928,1632
09,168,hamirpur,Urban,10,5811,3208,2603,671,318,353,5140,2890,2250
09,168,hamirpur,Urban,11,4386,2381,2005,440,227,213,3946,2154,1792
09,168,hamirpur,Urban,12,4927,2630,2297,447,234,213,4480,2396,2084
09,168,hamirpur,Urban,13,4633,2416,2217,384,229,155,4249,2187,2062
09,168,hamirpur,Urban,14,4987,2631,2356,453,236,217,4534,2395,2139
09,168,hamirpur,Urban,15,5173,2782,2391,504,256,248,4669,2526,2143
09,168,hamirpur,Urban,16,4957,2659,2298,495,257,238,4462,2402,2060
09,168,hamirpur,Urban,17,4292,2354,1938,405,203,202,3887,2151,1736
09,168,hamirpur,Urban,18,6046,3525,2521,681,378,303,5365,3147,2218
09,168,hamirpur,Urban,19,3730,2068,1662,421,200,221,3309,1868,1441
09,168,hamirpur,Urban,20-24,20108,11321,8787,2781,1195,1586,17327,10126,7201
09,168,hamirpur,Urban,25-29,16589,8833,7756,3091,1033,2058,13498,7800,5698
09,168,hamirpur,Urban,30-34,14710,7501,7209,3492,1016,2476,11218,6485,4733
09,168,hamirpur,Urban,35-39,14763,7598,7165,4045,1145,2900,10718,6453,4265
09,168,hamirpur,Urban,40-44,12814,6662,6152,3899,1106,2793,8915,5556,3359
09,168,hamirpur,Urban,45-49,10823,5801,5022,3573,1035,2538,7250,4766,2484
09,168,hamirpur,Urban,50-54,8507,4618,3889,2894,856,2038,5613,3762,1851
09,168,hamirpur,Urban,55-59,6518,3375,3143,2563,668,1895,3955,2707,1248
09,168,hamirpur,Urban,60-64,5782,3055,2727,2711,864,1847,3071,2191,880
09,168,hamirpur,Urban,65-69,3978,1985,1993,2013,603,1410,1965,1382,583
09,168,hamirpur,Urban,70-74,3091,1613,1478,1704,602,1102,1387,1011,376
09,168,hamirpur,Urban,75-79,1532,794,738,851,316,535,681,478,203
09,168,hamirpur,Urban,80+,2029,996,1033,1144,375,769,885,621,264
09,168,hamirpur,Urban,Age not stated,304,161,143,132,60,72,172,101,71
09,169,mahoba,Total,All ages,875958,466358,409600,387852,164075,223777,488106,302283,185823
09,169,mahoba,Total,0-6,128129,67720,60409,128129,67720,60409,0,0,0
09,169,mahoba,Total,7,19683,10270,9413,6055,3023,3032,13628,7247,6381
09,169,mahoba,Total,8,23790,12487,11303,4370,2079,2291,19420,10408,9012
09,169,mahoba,Total,9,19057,9989,9068,2517,1166,1351,16540,8823,7717
09,169,mahoba,Total,10,26890,14481,12409,3205,1548,1657,23685,12933,10752
09,169,mahoba,Total,11,20370,10876,9494,1873,888,985,18497,9988,8509
09,169,mahoba,Total,12,23393,12518,10875,2105,985,1120,21288,11533,9755
09,169,mahoba,Total,13,20105,10692,9413,1709,746,963,18396,9946,8450
09,169,mahoba,Total,14,20898,10967,9931,1956,890,1066,18942,10077,8865
09,169,mahoba,Total,15,20718,11214,9504,2345,1085,1260,18373,10129,8244
09,169,mahoba,Total,16,19903,10610,9293,2315,1065,1250,17588,9545,8043
09,169,mahoba,Total,17,15137,8283,6854,1770,806,964,13367,7477,5890
09,169,mahoba,Total,18,21303,12215,9088,3284,1437,1847,18019,10778,7241
09,169,mahoba,Total,19,13291,7475,5816,2103,804,1299,11188,6671,4517
09,169,mahoba,Total,20-24,71018,39445,31573,16701,5584,11117,54317,33861,20456
09,169,mahoba,Total,25-29,63382,33571,29811,21170,6376,14794,42212,27195,15017
09,169,mahoba,Total,30-34,58154,29454,28700,23782,7012,16770,34372,22442,11930
09,169,mahoba,Total,35-39,56690,29737,26953,25944,8401,17543,30746,21336,9410
09,169,mahoba,Total,40-44,47364,25504,21860,23734,8582,15152,23630,16922,6708
09,169,mahoba,Total,45-49,39186,20993,18193,20848,7576,13272,18338,13417,4921
09,169,mahoba,Total,50-54,30728,17012,13716,16840,6502,10338,13888,10510,3378
09,169,mahoba,Total,55-59,25406,12540,12866,15233,4993,10240,10173,7547,2626
09,169,mahoba,Total,60-64,26877,14176,12701,17481,6881,10600,9396,7295,2101
09,169,mahoba,Total,65-69,20037,10155,9882,13902,5383,8519,6135,4772,1363
09,169,mahoba,Total,70-74,16093,8910,7183,11766,5397,6369,4327,3513,814
09,169,mahoba,Total,75-79,8045,4217,3828,5883,2501,3382,2162,1716,446
09,169,mahoba,Total,80+,10207,5382,4825,7129,3121,4008,3078,2261,817
09,169,mahoba,Total,Age not stated,10104,5465,4639,3703,1524,2179,6401,3941,2460
09,169,mahoba,Rural,All ages,690577,368009,322568,320861,135425,185436,369716,232584,137132
09,169,mahoba,Rural,0-6,103678,54799,48879,103678,54799,48879,0,0,0
09,169,mahoba,Rural,7,15718,8146,7572,4942,2443,2499,10776,5703,5073
09,169,mahoba,Rural,8,19090,9964,9126,3555,1691,1864,15535,8273,7262
09,169,mahoba,Rural,9,15402,8061,7341,2013,931,1082,13389,7130,6259
09,169,mahoba,Rural,10,21481,11488,9993,2471,1188,1283,19010,10300,8710
09,169,mahoba,Rural,11,16382,8792,7590,1465,698,767,14917,8094,6823
09,169,mahoba,Rural,12,18688,10008,8680,1569,723,846,17119,9285,7834
09,169,mahoba,Rural,13,15943,8464,7479,1281,525,756,14662,7939,6723
09,169,mahoba,Rural,14,16511,8678,7833,1472,656,816,15039,8022,7017
09,169,mahoba,Rural,15,16105,8775,7330,1729,803,926,14376,7972,6404
09,169,mahoba,Rural,16,15499,8281,7218,1749,763,986,13750,7518,6232
09,169,mahoba,Rural,17,11449,6346,5103,1353,584,769,10096,5762,4334
09,169,mahoba,Rural,18,16196,9351,6845,2525,1037,1488,13671,8314,5357
09,169,mahoba,Rural,19,10048,5731,4317,1699,633,1066,8349,5098,3251
09,169,mahoba,Rural,20-24,54160,30180,23980,13743,4346,9397,40417,25834,14583
09,169,mahoba,Rural,25-29,49026,26022,23004,17889,5247,12642,31137,20775,10362
09,169,mahoba,Rural,30-34,45595,23056,22539,20269,5967,14302,25326,17089,8237
09,169,mahoba,Rural,35-39,44186,23251,20935,21838,7137,14701,22348,16114,6234
09,169,mahoba,Rural,40-44,36874,19886,16988,19927,7251,12676,16947,12635,4312
09,169,mahoba,Rural,45-49,30288,16317,13971,17457,6474,10983,12831,9843,2988
09,169,mahoba,Rural,50-54,23707,13111,10596,14088,5541,8547,9619,7570,2049
09,169,mahoba,Rural,55-59,19978,9761,10217,12949,4337,8612,7029,5424,1605
09,169,mahoba,Rural,60-64,21891,11525,10366,14964,6011,8953,6927,5514,1413
09,169,mahoba,Rural,65-69,16599,8416,8183,12023,4736,7287,4576,3680,896
09,169,mahoba,Rural,70-74,13368,7491,5877,10136,4782,5354,3232,2709,523
09,169,mahoba,Rural,75-79,6659,3512,3147,5054,2186,2868,1605,1326,279
09,169,mahoba,Rural,80+,8248,4406,3842,5978,2690,3288,2270,1716,554
09,169,mahoba,Rural,Age not stated,7808,4191,3617,3045,1246,1799,4763,2945,1818
09,169,mahoba,Urban,All ages,185381,98349,87032,66991,28650,38341,118390,69699,48691
09,169,mahoba,Urban,0-6,24451,12921,11530,24451,12921,11530,0,0,0
09,169,mahoba,Urban,7,3965,2124,1841,1113,580,533,2852,1544,1308
09,169,mahoba,Urban,8,4700,2523,2177,815,388,427,3885,2135,1750
09,169,mahoba,Urban,9,3655,1928,1727,504,235,269,3151,1693,1458
09,169,mahoba,Urban,10,5409,2993,2416,734,360,374,4675,2633,2042
09,169,mahoba,Urban,11,3988,2084,1904,408,190,218,3580,1894,1686
09,169,mahoba,Urban,12,4705,2510,2195,536,262,274,4169,2248,1921
09,169,mahoba,Urban,13,4162,2228,1934,428,221,207,3734,2007,1727
09,169,mahoba,Urban,14,4387,2289,2098,484,234,250,3903,2055,1848
09,169,mahoba,Urban,15,4613,2439,2174,616,282,334,3997,2157,1840
09,169,mahoba,Urban,16,4404,2329,2075,566,302,264,3838,2027,1811
09,169,mahoba,Urban,17,3688,1937,1751,417,222,195,3271,1715,1556
09,169,mahoba,Urban,18,5107,2864,2243,759,400,359,4348,2464,1884
09,169,mahoba,Urban,19,3243,1744,1499,404,171,233,2839,1573,1266
09,169,mahoba,Urban,20-24,16858,9265,7593,2958,1238,1720,13900,8027,5873
09,169,mahoba,Urban,25-29,14356,7549,6807,3281,1129,2152,11075,6420,4655
09,169,mahoba,Urban,30-34,12559,6398,6161,3513,1045,2468,9046,5353,3693
09,169,mahoba,Urban,35-39,12504,6486,6018,4106,1264,2842,8398,5222,3176
09,169,mahoba,Urban,40-44,10490,5618,4872,3807,1331,2476,6683,4287,2396
09,169,mahoba,Urban,45-49,8898,4676,4222,3391,1102,2289,5507,3574,1933
09,169,mahoba,Urban,50-54,7021,3901,3120,2752,961,1791,4269,2940,1329
09,169,mahoba,Urban,55-59,5428,2779,2649,2284,656,1628,3144,2123,1021
09,169,mahoba,Urban,60-64,4986,2651,2335,2517,870,1647,2469,1781,688
09,169,mahoba,Urban,65-69,3438,1739,1699,1879,647,1232,1559,1092,467
09,169,mahoba,Urban,70-74,2725,1419,1306,1630,615,1015,1095,804,291
09,169,mahoba,Urban,75-79,1386,705,681,829,315,514,557,390,167
09,169,mahoba,Urban,80+,1959,976,983,1151,431,720,808,545,263
09,169,mahoba,Urban,Age not stated,2296,1274,1022,658,278,380,1638,996,642
09,170,banda,Total,All ages,1799410,965876,833534,796473,335250,461223,1002937,630626,372311
09,170,banda,Total,0-6,294972,155080,139892,294972,155080,139892,0,0,0
09,170,banda,Total,7,43640,22940,20700,12752,6424,6328,30888,16516,14372
09,170,banda,Total,8,51399,27197,24202,7823,3889,3934,43576,23308,20268
09,170,banda,Total,9,41750,21953,19797,4571,2231,2340,37179,19722,17457
09,170,banda,Total,10,60111,32111,28000,6889,3387,3502,53222,28724,24498
09,170,banda,Total,11,43478,23258,20220,3482,1704,1778,39996,21554,18442
09,170,banda,Total,12,49307,26483,22824,3377,1600,1777,45930,24883,21047
09,170,banda,Total,13,41709,21810,19899,2877,1296,1581,38832,20514,18318
09,170,banda,Total,14,43466,23149,20317,3362,1520,1842,40104,21629,18475
09,170,banda,Total,15,42320,23451,18869,3942,1935,2007,38378,21516,16862
09,170,banda,Total,16,40263,22286,17977,4087,1953,2134,36176,20333,15843
09,170,banda,Total,17,28660,16394,12266,2993,1400,1593,25667,14994,10673
09,170,banda,Total,18,44363,27474,16889,6225,2970,3255,38138,24504,13634
09,170,banda,Total,19,24448,14394,10054,3716,1415,2301,20732,12979,7753
09,170,banda,Total,20-24,142223,83118,59105,31421,10400,21021,110802,72718,38084
09,170,banda,Total,25-29,128323,68309,60014,42222,12225,29997,86101,56084,30017
09,170,banda,Total,30-34,119393,60601,58792,48613,13786,34827,70780,46815,23965
09,170,banda,Total,35-39,115510,60190,55320,52677,16291,36386,62833,43899,18934
09,170,banda,Total,40-44,96312,51931,44381,47201,16087,31114,49111,35844,13267
09,170,banda,Total,45-49,77312,41209,36103,39966,13437,26529,37346,27772,9574
09,170,banda,Total,50-54,60522,33576,26946,32238,11736,20502,28284,21840,6444
09,170,banda,Total,55-59,49002,23866,25136,29255,8775,20480,19747,15091,4656
09,170,banda,Total,60-64,52866,27250,25616,35059,13006,22053,17807,14244,3563
09,170,banda,Total,65-69,40371,20642,19729,28233,10854,17379,12138,9788,2350
09,170,banda,Total,70-74,31755,17674,14081,23459,10667,12792,8296,7007,1289
09,170,banda,Total,75-79,14078,7493,6585,10492,4472,6020,3586,3021,565
09,170,banda,Total,80+,16716,9162,7554,12276,5643,6633,4440,3519,921
09,170,banda,Total,Age not stated,5141,2875,2266,2293,1067,1226,2848,1808,1040
09,170,banda,Rural,All ages,1523655,819243,704412,712521,300081,412440,811134,519162,291972
09,170,banda,Rural,0-6,259407,136351,123056,259407,136351,123056,0,0,0
09,170,banda,Rural,7,37709,19834,17875,11357,5748,5609,26352,14086,12266
09,170,banda,Rural,8,44744,23659,21085,6983,3469,3514,37761,20190,17571
09,170,banda,Rural,9,36352,19090,17262,4067,1966,2101,32285,17124,15161
09,170,banda,Rural,10,52345,27897,24448,6037,2954,3083,46308,24943,21365
09,170,banda,Rural,11,37708,20123,17585,3051,1484,1567,34657,18639,16018
09,170,banda,Rural,12,42562,22900,19662,2898,1358,1540,39664,21542,18122
09,170,banda,Rural,13,35862,18761,17101,2463,1095,1368,33399,17666,15733
09,170,banda,Rural,14,36999,19709,17290,2904,1299,1605,34095,18410,15685
09,170,banda,Rural,15,35786,19926,15860,3384,1636,1748,32402,18290,14112
09,170,banda,Rural,16,33918,18954,14964,3533,1651,1882,30385,17303,13082
09,170,banda,Rural,17,23233,13447,9786,2540,1159,1381,20693,12288,8405
09,170,banda,Rural,18,36515,22982,13533,5421,2542,2879,31094,20440,10654
09,170,banda,Rural,19,19551,11738,7813,3262,1218,2044,16289,10520,5769
09,170,banda,Rural,20-24,115922,68387,47535,28501,9121,19380,87421,59266,28155
09,170,banda,Rural,25-29,105730,56426,49304,38636,11078,27558,67094,45348,21746
09,170,banda,Rural,30-34,99914,50567,49347,44666,12646,32020,55248,37921,17327
09,170,banda,Rural,35-39,96460,50433,46027,47890,14930,32960,48570,35503,13067
09,170,banda,Rural,40-44,79717,43094,36623,42615,14718,27897,37102,28376,8726
09,170,banda,Rural,45-49,63434,33838,29596,35906,12291,23615,27528,21547,5981
09,170,banda,Rural,50-54,49580,27558,22022,28840,10732,18108,20740,16826,3914
09,170,banda,Rural,55-59,40455,19392,21063,26353,8036,18317,14102,11356,2746
09,170,banda,Rural,60-64,45413,23332,22081,31920,12080,19840,13493,11252,2241
09,170,banda,Rural,65-69,35100,17942,17158,25798,10152,15646,9302,7790,1512
09,170,banda,Rural,70-74,27843,15645,12198,21371,9961,11410,6472,5684,788
09,170,banda,Rural,75-79,12241,6562,5679,9487,4148,5339,2754,2414,340
09,170,banda,Rural,80+,14482,8070,6412,11109,5271,5838,3373,2799,574
09,170,banda,Rural,Age not stated,4673,2626,2047,2122,987,1135,2551,1639,912
09,170,banda,Urban,All ages,275755,146633,129122,83952,35169,48783,191803,111464,80339
09,170,banda,Urban,0-6,35565,18729,16836,35565,18729,16836,0,0,0
09,170,banda,Urban,7,5931,3106,2825,1395,676,719,4536,2430,2106
09,170,banda,Urban,8,6655,3538,3117,840,420,420,5815,3118,2697
09,170,banda,Urban,9,5398,2863,2535,504,265,239,4894,2598,2296
09,170,banda,Urban,10,7766,4214,3552,852,433,419,6914,3781,3133
09,170,banda,Urban,11,5770,3135,2635,431,220,211,5339,2915,2424
09,170,banda,Urban,12,6745,3583,3162,479,242,237,6266,3341,2925
09,170,banda,Urban,13,5847,3049,2798,414,201,213,5433,2848,2585
09,170,banda,Urban,14,6467,3440,3027,458,221,237,6009,3219,2790
09,170,banda,Urban,15,6534,3525,3009,558,299,259,5976,3226,2750
09,170,banda,Urban,16,6345,3332,3013,554,302,252,5791,3030,2761
09,170,banda,Urban,17,5427,2947,2480,453,241,212,4974,2706,2268
09,170,banda,Urban,18,7848,4492,3356,804,428,376,7044,4064,2980
09,170,banda,Urban,19,4897,2656,2241,454,197,257,4443,2459,1984
09,170,banda,Urban,20-24,26301,14731,11570,2920,1279,1641,23381,13452,9929
09,170,banda,Urban,25-29,22593,11883,10710,3586,1147,2439,19007,10736,8271
09,170,banda,Urban,30-34,19479,10034,9445,3947,1140,2807,15532,8894,6638
09,170,banda,Urban,35-39,19050,9757,9293,4787,1361,3426,14263,8396,5867
09,170,banda,Urban,40-44,16595,8837,7758,4586,1369,3217,12009,7468,4541
09,170,banda,Urban,45-49,13878,7371,6507,4060,1146,2914,9818,6225,3593
09,170,banda,Urban,50-54,10942,6018,4924,3398,1004,2394,7544,5014,2530
09,170,banda,Urban,55-59,8547,4474,4073,2902,739,2163,5645,3735,1910
09,170,banda,Urban,60-64,7453,3918,3535,3139,926,2213,4314,2992,1322
09,170,banda,Urban,65-69,5271,2700,2571,2435,702,1733,2836,1998,838
09,170,banda,Urban,70-74,3912,2029,1883,2088,706,1382,1824,1323,501
09,170,banda,Urban,75-79,1837,931,906,1005,324,681,832,607,225
09,170,banda,Urban,80+,2234,1092,1142,1167,372,795,1067,720,347
09,170,banda,Urban,Age not stated,468,249,219,171,80,91,297,169,128
09,171,chitrakoot,Total,All ages,991730,527721,464009,460658,197382,263276,531072,330339,200733
09,171,chitrakoot,Total,0-6,175311,91919,83392,175311,91919,83392,0,0,0
09,171,chitrakoot,Total,7,25080,13076,12004,7781,3912,3869,17299,9164,8135
09,171,chitrakoot,Total,8,30633,16118,14515,4584,2234,2350,26049,13884,12165
09,171,chitrakoot,Total,9,23720,12294,11426,2449,1202,1247,21271,11092,10179
09,171,chitrakoot,Total,10,34229,18188,16041,3383,1655,1728,30846,16533,14313
09,171,chitrakoot,Total,11,24223,12671,11552,1825,845,980,22398,11826,10572
09,171,chitrakoot,Total,12,29698,15807,13891,2087,960,1127,27611,14847,12764
09,171,chitrakoot,Total,13,23581,12253,11328,1538,668,870,22043,11585,10458
09,171,chitrakoot,Total,14,24615,13160,11455,1855,787,1068,22760,12373,10387
09,171,chitrakoot,Total,15,24236,13258,10978,2262,1014,1248,21974,12244,9730
09,171,chitrakoot,Total,16,22787,12704,10083,2283,1043,1240,20504,11661,8843
09,171,chitrakoot,Total,17,15661,8786,6875,1579,681,898,14082,8105,5977
09,171,chitrakoot,Total,18,23711,14502,9209,3281,1433,1848,20430,13069,7361
09,171,chitrakoot,Total,19,13199,7564,5635,2072,683,1389,11127,6881,4246
09,171,chitrakoot,Total,20-24,77556,43587,33969,19352,5642,13710,58204,37945,20259
09,171,chitrakoot,Total,25-29,69806,36441,33365,25696,7467,18229,44110,28974,15136
09,171,chitrakoot,Total,30-34,65591,32902,32689,29976,8964,21012,35615,23938,11677
09,171,chitrakoot,Total,35-39,60746,31724,29022,31007,10744,20263,29739,20980,8759
09,171,chitrakoot,Total,40-44,48739,26186,22553,26539,9891,16648,22200,16295,5905
09,171,chitrakoot,Total,45-49,39152,20588,18564,22243,7944,14299,16909,12644,4265
09,171,chitrakoot,Total,50-54,30818,17073,13745,17846,7055,10791,12972,10018,2954
09,171,chitrakoot,Total,55-59,25491,12323,13168,16200,5115,11085,9291,7208,2083
09,171,chitrakoot,Total,60-64,28269,14585,13684,19867,7873,11994,8402,6712,1690
09,171,chitrakoot,Total,65-69,21124,11115,10009,15352,6383,8969,5772,4732,1040
09,171,chitrakoot,Total,70-74,15718,9062,6656,11747,5636,6111,3971,3426,545
09,171,chitrakoot,Total,75-79,6908,3732,3176,5199,2293,2906,1709,1439,270
09,171,chitrakoot,Total,80+,8341,4631,3710,6071,2803,3268,2270,1828,442
09,171,chitrakoot,Total,Age not stated,2787,1472,1315,1273,536,737,1514,936,578
09,171,chitrakoot,Rural,All ages,895398,476794,418604,427706,183292,244414,467692,293502,174190
09,171,chitrakoot,Rural,0-6,162065,84842,77223,162065,84842,77223,0,0,0
09,171,chitrakoot,Rural,7,22943,11973,10970,7121,3602,3519,15822,8371,7451
09,171,chitrakoot,Rural,8,28091,14797,13294,4077,1994,2083,24014,12803,11211
09,171,chitrakoot,Rural,9,21900,11381,10519,2186,1097,1089,19714,10284,9430
09,171,chitrakoot,Rural,10,31312,16636,14676,2953,1441,1512,28359,15195,13164
09,171,chitrakoot,Rural,11,22156,11593,10563,1604,742,862,20552,10851,9701
09,171,chitrakoot,Rural,12,27195,14498,12697,1775,810,965,25420,13688,11732
09,171,chitrakoot,Rural,13,21342,11103,10239,1320,564,756,20022,10539,9483
09,171,chitrakoot,Rural,14,22282,11949,10333,1590,669,921,20692,11280,9412
09,171,chitrakoot,Rural,15,21774,11972,9802,1976,886,1090,19798,11086,8712
09,171,chitrakoot,Rural,16,20454,11447,9007,2003,888,1115,18451,10559,7892
09,171,chitrakoot,Rural,17,13755,7785,5970,1419,591,828,12336,7194,5142
09,171,chitrakoot,Rural,18,20989,12949,8040,2935,1245,1690,18054,11704,6350
09,171,chitrakoot,Rural,19,11536,6651,4885,1912,607,1305,9624,6044,3580
09,171,chitrakoot,Rural,20-24,68402,38488,29914,17985,5060,12925,50417,33428,16989
09,171,chitrakoot,Rural,25-29,62144,32373,29771,24105,6923,17182,38039,25450,12589
09,171,chitrakoot,Rural,30-34,58886,29427,29459,28343,8462,19881,30543,20965,9578
09,171,chitrakoot,Rural,35-39,54426,28489,25937,29166,10168,18998,25260,18321,6939
09,171,chitrakoot,Rural,40-44,43207,23277,19930,24730,9274,15456,18477,14003,4474
09,171,chitrakoot,Rural,45-49,34558,18192,16366,20675,7493,13182,13883,10699,3184
09,171,chitrakoot,Rural,50-54,27068,15034,12034,16517,6628,9889,10551,8406,2145
09,171,chitrakoot,Rural,55-59,22772,10897,11875,15193,4854,10339,7579,6043,1536
09,171,chitrakoot,Rural,60-64,25742,13317,12425,18704,7538,11166,7038,5779,1259
09,171,chitrakoot,Rural,65-69,19403,10264,9139,14487,6131,8356,4916,4133,783
09,171,chitrakoot,Rural,70-74,14435,8368,6067,11067,5390,5677,3368,2978,390
09,171,chitrakoot,Rural,75-79,6345,3456,2889,4920,2216,2704,1425,1240,185
09,171,chitrakoot,Rural,80+,7568,4236,3332,5648,2660,2988,1920,1576,344
09,171,chitrakoot,Rural,Age not stated,2648,1400,1248,1230,517,713,1418,883,535
09,171,chitrakoot,Urban,All ages,96332,50927,45405,32952,14090,18862,63380,36837,26543
09,171,chitrakoot,Urban,0-6,13246,7077,6169,13246,7077,6169,0,0,0
09,171,chitrakoot,Urban,7,2137,1103,1034,660,310,350,1477,793,684
09,171,chitrakoot,Urban,8,2542,1321,1221,507,240,267,2035,1081,954
09,171,chitrakoot,Urban,9,1820,913,907,263,105,158,1557,808,749
09,171,chitrakoot,Urban,10,2917,1552,1365,430,214,216,2487,1338,1149
09,171,chitrakoot,Urban,11,2067,1078,989,221,103,118,1846,975,871
09,171,chitrakoot,Urban,12,2503,1309,1194,312,150,162,2191,1159,1032
09,171,chitrakoot,Urban,13,2239,1150,1089,218,104,114,2021,1046,975
09,171,chitrakoot,Urban,14,2333,1211,1122,265,118,147,2068,1093,975
09,171,chitrakoot,Urban,15,2462,1286,1176,286,128,158,2176,1158,1018
09,171,chitrakoot,Urban,16,2333,1257,1076,280,155,125,2053,1102,951
09,171,chitrakoot,Urban,17,1906,1001,905,160,90,70,1746,911,835
09,171,chitrakoot,Urban,18,2722,1553,1169,346,188,158,2376,1365,1011
09,171,chitrakoot,Urban,19,1663,913,750,160,76,84,1503,837,666
09,171,chitrakoot,Urban,20-24,9154,5099,4055,1367,582,785,7787,4517,3270
09,171,chitrakoot,Urban,25-29,7662,4068,3594,1591,544,1047,6071,3524,2547
09,171,chitrakoot,Urban,30-34,6705,3475,3230,1633,502,1131,5072,2973,2099
09,171,chitrakoot,Urban,35-39,6320,3235,3085,1841,576,1265,4479,2659,1820
09,171,chitrakoot,Urban,40-44,5532,2909,2623,1809,617,1192,3723,2292,1431
09,171,chitrakoot,Urban,45-49,4594,2396,2198,1568,451,1117,3026,1945,1081
09,171,chitrakoot,Urban,50-54,3750,2039,1711,1329,427,902,2421,1612,809
09,171,chitrakoot,Urban,55-59,2719,1426,1293,1007,261,746,1712,1165,547
09,171,chitrakoot,Urban,60-64,2527,1268,1259,1163,335,828,1364,933,431
09,171,chitrakoot,Urban,65-69,1721,851,870,865,252,613,856,599,257
09,171,chitrakoot,Urban,70-74,1283,694,589,680,246,434,603,448,155
09,171,chitrakoot,Urban,75-79,563,276,287,279,77,202,284,199,85
09,171,chitrakoot,Urban,80+,773,395,378,423,143,280,350,252,98
09,171,chitrakoot,Urban,Age not stated,139,72,67,43,19,24,96,53,43
09,172,fatehpur,Total,All ages,2632733,1384722,1248011,1120567,473719,646848,1512166,911003,601163
09,172,fatehpur,Total,0-6,390089,204562,185527,390089,204562,185527,0,0,0
09,172,fatehpur,Total,7,61489,32248,29241,19318,9697,9621,42171,22551,19620
09,172,fatehpur,Total,8,72012,37951,34061,12284,6175,6109,59728,31776,27952
09,172,fatehpur,Total,9,57900,30507,27393,6974,3605,3369,50926,26902,24024
09,172,fatehpur,Total,10,82436,44062,38374,9668,5006,4662,72768,39056,33712
09,172,fatehpur,Total,11,60598,31908,28690,5348,2605,2743,55250,29303,25947
09,172,fatehpur,Total,12,71520,38028,33492,6119,3060,3059,65401,34968,30433
09,172,fatehpur,Total,13,62689,32228,30461,5277,2510,2767,57412,29718,27694
09,172,fatehpur,Total,14,65972,34375,31597,6026,2770,3256,59946,31605,28341
09,172,fatehpur,Total,15,69061,36221,32840,7574,3577,3997,61487,32644,28843
09,172,fatehpur,Total,16,66198,34035,32163,7579,3362,4217,58619,30673,27946
09,172,fatehpur,Total,17,49739,26009,23730,5664,2583,3081,44075,23426,20649
09,172,fatehpur,Total,18,74819,41760,33059,10333,4757,5576,64486,37003,27483
09,172,fatehpur,Total,19,41046,22866,18180,5648,2481,3167,35398,20385,15013
09,172,fatehpur,Total,20-24,217301,123116,94185,41991,15577,26414,175310,107539,67771
09,172,fatehpur,Total,25-29,181961,95341,86620,53689,16720,36969,128272,78621,49651
09,172,fatehpur,Total,30-34,169221,83619,85602,63977,18711,45266,105244,64908,40336
09,172,fatehpur,Total,35-39,168726,86048,82678,73458,23023,50435,95268,63025,32243
09,172,fatehpur,Total,40-44,145099,76042,69057,70198,23922,46276,74901,52120,22781
09,172,fatehpur,Total,45-49,120785,64018,56767,62520,21903,40617,58265,42115,16150
09,172,fatehpur,Total,50-54,93577,50763,42814,51272,19246,32026,42305,31517,10788
09,172,fatehpur,Total,55-59,77375,37359,40016,46989,14648,32341,30386,22711,7675
09,172,fatehpur,Total,60-64,82244,42437,39807,54802,20886,33916,27442,21551,5891
09,172,fatehpur,Total,65-69,57963,29393,28570,39963,15127,24836,18000,14266,3734
09,172,fatehpur,Total,70-74,42665,23312,19353,30598,13341,17257,12067,9971,2096
09,172,fatehpur,Total,75-79,18464,9655,8809,13270,5376,7894,5194,4279,915
09,172,fatehpur,Total,80+,23259,12310,10949,16488,7079,9409,6771,5231,1540
09,172,fatehpur,Total,Age not stated,8525,4549,3976,3451,1410,2041,5074,3139,1935
09,172,fatehpur,Rural,All ages,2310740,1215690,1095050,1011998,425214,586784,1298742,790476,508266
09,172,fatehpur,Rural,0-6,349925,183275,166650,349925,183275,166650,0,0,0
09,172,fatehpur,Rural,7,54825,28766,26059,17132,8618,8514,37693,20148,17545
09,172,fatehpur,Rural,8,64494,33989,30505,10778,5406,5372,53716,28583,25133
09,172,fatehpur,Rural,9,51815,27234,24581,6016,3108,2908,45799,24126,21673
09,172,fatehpur,Rural,10,73999,39498,34501,8423,4320,4103,65576,35178,30398
09,172,fatehpur,Rural,11,54041,28432,25609,4589,2210,2379,49452,26222,23230
09,172,fatehpur,Rural,12,63602,33824,29778,5174,2568,2606,58428,31256,27172
09,172,fatehpur,Rural,13,55576,28595,26981,4517,2125,2392,51059,26470,24589
09,172,fatehpur,Rural,14,58398,30479,27919,5169,2346,2823,53229,28133,25096
09,172,fatehpur,Rural,15,61001,32026,28975,6543,3027,3516,54458,28999,25459
09,172,fatehpur,Rural,16,58062,29807,28255,6501,2792,3709,51561,27015,24546
09,172,fatehpur,Rural,17,42898,22448,20450,4850,2145,2705,38048,20303,17745
09,172,fatehpur,Rural,18,64916,36347,28569,8933,3985,4948,55983,32362,23621
09,172,fatehpur,Rural,19,34986,19641,15345,4854,2054,2800,30132,17587,12545
09,172,fatehpur,Rural,20-24,185307,105601,79706,37270,13216,24054,148037,92385,55652
09,172,fatehpur,Rural,25-29,156085,81770,74315,48637,14675,33962,107448,67095,40353
09,172,fatehpur,Rural,30-34,146533,72337,74196,58500,16782,41718,88033,55555,32478
09,172,fatehpur,Rural,35-39,146303,74733,71570,66926,20708,46218,79377,54025,25352
09,172,fatehpur,Rural,40-44,125602,65902,59700,63925,21698,42227,61677,44204,17473
09,172,fatehpur,Rural,45-49,104161,55135,49026,56866,19867,36999,47295,35268,12027
09,172,fatehpur,Rural,50-54,81004,43856,37148,46766,17608,29158,34238,26248,7990
09,172,fatehpur,Rural,55-59,67645,32509,35136,43001,13512,29489,24644,18997,5647
09,172,fatehpur,Rural,60-64,73294,37765,35529,50499,19411,31088,22795,18354,4441
09,172,fatehpur,Rural,65-69,52070,26439,25631,36943,14164,22779,15127,12275,2852
09,172,fatehpur,Rural,70-74,38629,21157,17472,28398,12542,15856,10231,8615,1616
09,172,fatehpur,Rural,75-79,16774,8792,7982,12392,5085,7307,4382,3707,675
09,172,fatehpur,Rural,80+,21003,11172,9831,15255,6645,8610,5748,4527,1221
09,172,fatehpur,Rural,Age not stated,7792,4161,3631,3216,1322,1894,4576,2839,1737
09,172,fatehpur,Urban,All ages,321993,169032,152961,108569,48505,60064,213424,120527,92897
09,172,fatehpur,Urban,0-6,40164,21287,18877,40164,21287,18877,0,0,0
09,172,fatehpur,Urban,7,6664,3482,3182,2186,1079,1107,4478,2403,2075
09,172,fatehpur,Urban,8,7518,3962,3556,1506,769,737,6012,3193,2819
09,172,fatehpur,Urban,9,6085,3273,2812,958,497,461,5127,2776,2351
09,172,fatehpur,Urban,10,8437,4564,3873,1245,686,559,7192,3878,3314
09,172,fatehpur,Urban,11,6557,3476,3081,759,395,364,5798,3081,2717
09,172,fatehpur,Urban,12,7918,4204,3714,945,492,453,6973,3712,3261
09,172,fatehpur,Urban,13,7113,3633,3480,760,385,375,6353,3248,3105
09,172,fatehpur,Urban,14,7574,3896,3678,857,424,433,6717,3472,3245
09,172,fatehpur,Urban,15,8060,4195,3865,1031,550,481,7029,3645,3384
09,172,fatehpur,Urban,16,8136,4228,3908,1078,570,508,7058,3658,3400
09,172,fatehpur,Urban,17,6841,3561,3280,814,438,376,6027,3123,2904
09,172,fatehpur,Urban,18,9903,5413,4490,1400,772,628,8503,4641,3862
09,172,fatehpur,Urban,19,6060,3225,2835,794,427,367,5266,2798,2468
09,172,fatehpur,Urban,20-24,31994,17515,14479,4721,2361,2360,27273,15154,12119
09,172,fatehpur,Urban,25-29,25876,13571,12305,5052,2045,3007,20824,11526,9298
09,172,fatehpur,Urban,30-34,22688,11282,11406,5477,1929,3548,17211,9353,7858
09,172,fatehpur,Urban,35-39,22423,11315,11108,6532,2315,4217,15891,9000,6891
09,172,fatehpur,Urban,40-44,19497,10140,9357,6273,2224,4049,13224,7916,5308
09,172,fatehpur,Urban,45-49,16624,8883,7741,5654,2036,3618,10970,6847,4123
09,172,fatehpur,Urban,50-54,12573,6907,5666,4506,1638,2868,8067,5269,2798
09,172,fatehpur,Urban,55-59,9730,4850,4880,3988,1136,2852,5742,3714,2028
09,172,fatehpur,Urban,60-64,8950,4672,4278,4303,1475,2828,4647,3197,1450
09,172,fatehpur,Urban,65-69,5893,2954,2939,3020,963,2057,2873,1991,882
09,172,fatehpur,Urban,70-74,4036,2155,1881,2200,799,1401,1836,1356,480
09,172,fatehpur,Urban,75-79,1690,863,827,878,291,587,812,572,240
09,172,fatehpur,Urban,80+,2256,1138,1118,1233,434,799,1023,704,319
09,172,fatehpur,Urban,Age not stated,733,388,345,235,88,147,498,300,198
09,173,pratapgarh,Total,All ages,3209141,1606085,1603056,1277582,484704,792878,1931559,1121381,810178
09,173,pratapgarh,Total,0-6,453347,236478,216869,453347,236478,216869,0,0,0
09,173,pratapgarh,Total,7,78022,40616,37406,18742,9358,9384,59280,31258,28022
09,173,pratapgarh,Total,8,90516,47106,43410,12472,6049,6423,78044,41057,36987
09,173,pratapgarh,Total,9,70910,36640,34270,7056,3248,3808,63854,33392,30462
09,173,pratapgarh,Total,10,104741,55295,49446,10000,4833,5167,94741,50462,44279
09,173,pratapgarh,Total,11,74065,38636,35429,5532,2548,2984,68533,36088,32445
09,173,pratapgarh,Total,12,94416,49408,45008,6384,2770,3614,88032,46638,41394
09,173,pratapgarh,Total,13,77723,39430,38293,5095,2064,3031,72628,37366,35262
09,173,pratapgarh,Total,14,83405,42429,40976,5805,2328,3477,77600,40101,37499
09,173,pratapgarh,Total,15,90178,45709,44469,7741,3154,4587,82437,42555,39882
09,173,pratapgarh,Total,16,85394,41523,43871,7414,2670,4744,77980,38853,39127
09,173,pratapgarh,Total,17,68399,33285,35114,6436,2181,4255,61963,31104,30859
09,173,pratapgarh,Total,18,93502,46941,46561,10570,3361,7209,82932,43580,39352
09,173,pratapgarh,Total,19,54448,27336,27112,6438,1974,4464,48010,25362,22648
09,173,pratapgarh,Total,20-24,262655,131349,131306,45655,11907,33748,217000,119442,97558
09,173,pratapgarh,Total,25-29,220848,104917,115931,61133,13694,47439,159715,91223,68492
09,173,pratapgarh,Total,30-34,203114,93884,109230,73344,15974,57370,129770,77910,51860
09,173,pratapgarh,Total,35-39,198196,94396,103800,82834,19195,63639,115362,75201,40161
09,173,pratapgarh,Total,40-44,163046,79873,83173,75505,19674,55831,87541,60199,27342
09,173,pratapgarh,Total,45-49,139371,67580,71791,70761,18449,52312,68610,49131,19479
09,173,pratapgarh,Total,50-54,111651,57433,54218,59402,18450,40952,52249,38983,13266
09,173,pratapgarh,Total,55-59,95320,44340,50980,55718,14813,40905,39602,29527,10075
09,173,pratapgarh,Total,60-64,100044,50611,49433,63074,21569,41505,36970,29042,7928
09,173,pratapgarh,Total,65-69,69828,34636,35192,45788,15684,30104,24040,18952,5088
09,173,pratapgarh,Total,70-74,54327,28850,25477,37173,14931,22242,17154,13919,3235
09,173,pratapgarh,Total,75-79,25433,12943,12490,17185,6392,10793,8248,6551,1697
09,173,pratapgarh,Total,80+,35494,18370,17124,23483,9524,13959,12011,8846,3165
09,173,pratapgarh,Total,Age not stated,10748,6071,4677,3495,1432,2063,7253,4639,2614
09,173,pratapgarh,Rural,All ages,3033899,1515583,1518316,1224265,462227,762038,1809634,1053356,756278
09,173,pratapgarh,Rural,0-6,431556,225102,206454,431556,225102,206454,0,0,0
09,173,pratapgarh,Rural,7,74453,38801,35652,17853,8923,8930,56600,29878,26722
09,173,pratapgarh,Rural,8,86466,44978,41488,11842,5744,6098,74624,39234,35390
09,173,pratapgarh,Rural,9,67780,34958,32822,6675,3051,3624,61105,31907,29198
09,173,pratapgarh,Rural,10,100017,52773,47244,9445,4563,4882,90572,48210,42362
09,173,pratapgarh,Rural,11,70675,36870,33805,5231,2381,2850,65444,34489,30955
09,173,pratapgarh,Rural,12,90048,47059,42989,5978,2571,3407,84070,44488,39582
09,173,pratapgarh,Rural,13,74147,37578,36569,4787,1929,2858,69360,35649,33711
09,173,pratapgarh,Rural,14,79287,40309,38978,5425,2162,3263,73862,38147,35715
09,173,pratapgarh,Rural,15,85821,43421,42400,7287,2957,4330,78534,40464,38070
09,173,pratapgarh,Rural,16,80947,39237,41710,6988,2487,4501,73959,36750,37209
09,173,pratapgarh,Rural,17,64539,31315,33224,6011,1971,4040,58528,29344,29184
09,173,pratapgarh,Rural,18,88181,44186,43995,9992,3120,6872,78189,41066,37123
09,173,pratapgarh,Rural,19,51059,25541,25518,6094,1829,4265,44965,23712,21253
09,173,pratapgarh,Rural,20-24,245066,122069,122997,43527,11036,32491,201539,111033,90506
09,173,pratapgarh,Rural,25-29,206349,97545,108804,58716,12826,45890,147633,84719,62914
09,173,pratapgarh,Rural,30-34,190525,87582,102943,70749,15190,55559,119776,72392,47384
09,173,pratapgarh,Rural,35-39,186594,88573,98021,79919,18325,61594,106675,70248,36427
09,173,pratapgarh,Rural,40-44,153060,74675,78385,72765,18794,53971,80295,55881,24414
09,173,pratapgarh,Rural,45-49,130841,63321,67520,68215,17682,50533,62626,45639,16987
09,173,pratapgarh,Rural,50-54,104826,53766,51060,57306,17742,39564,47520,36024,11496
09,173,pratapgarh,Rural,55-59,89891,41727,48164,53797,14331,39466,36094,27396,8698
09,173,pratapgarh,Rural,60-64,94937,47970,46967,60951,20876,40075,33986,27094,6892
09,173,pratapgarh,Rural,65-69,66584,32979,33605,44299,15222,29077,22285,17757,4528
09,173,pratapgarh,Rural,70-74,52018,27651,24367,36056,14544,21512,15962,13107,2855
09,173,pratapgarh,Rural,75-79,24372,12411,11961,16691,6239,10452,7681,6172,1509
09,173,pratapgarh,Rural,80+,33958,17607,16351,22764,9271,13493,11194,8336,2858
09,173,pratapgarh,Rural,Age not stated,9902,5579,4323,3346,1359,1987,6556,4220,2336
09,173,pratapgarh,Urban,All ages,175242,90502,84740,53317,22477,30840,121925,68025,53900
09,173,pratapgarh,Urban,0-6,21791,11376,10415,21791,11376,10415,0,0,0
09,173,pratapgarh,Urban,7,3569,1815,1754,889,435,454,2680,1380,1300
09,173,pratapgarh,Urban,8,4050,2128,1922,630,305,325,3420,1823,1597
09,173,pratapgarh,Urban,9,3130,1682,1448,381,197,184,2749,1485,1264
09,173,pratapgarh,Urban,10,4724,2522,2202,555,270,285,4169,2252,1917
09,173,pratapgarh,Urban,11,3390,1766,1624,301,167,134,3089,1599,1490
09,173,pratapgarh,Urban,12,4368,2349,2019,406,199,207,3962,2150,1812
09,173,pratapgarh,Urban,13,3576,1852,1724,308,135,173,3268,1717,1551
09,173,pratapgarh,Urban,14,4118,2120,1998,380,166,214,3738,1954,1784
09,173,pratapgarh,Urban,15,4357,2288,2069,454,197,257,3903,2091,1812
09,173,pratapgarh,Urban,16,4447,2286,2161,426,183,243,4021,2103,1918
09,173,pratapgarh,Urban,17,3860,1970,1890,425,210,215,3435,1760,1675
09,173,pratapgarh,Urban,18,5321,2755,2566,578,241,337,4743,2514,2229
09,173,pratapgarh,Urban,19,3389,1795,1594,344,145,199,3045,1650,1395
09,173,pratapgarh,Urban,20-24,17589,9280,8309,2128,871,1257,15461,8409,7052
09,173,pratapgarh,Urban,25-29,14499,7372,7127,2417,868,1549,12082,6504,5578
09,173,pratapgarh,Urban,30-34,12589,6302,6287,2595,784,1811,9994,5518,4476
09,173,pratapgarh,Urban,35-39,11602,5823,5779,2915,870,2045,8687,4953,3734
09,173,pratapgarh,Urban,40-44,9986,5198,4788,2740,880,1860,7246,4318,2928
09,173,pratapgarh,Urban,45-49,8530,4259,4271,2546,767,1779,5984,3492,2492
09,173,pratapgarh,Urban,50-54,6825,3667,3158,2096,708,1388,4729,2959,1770
09,173,pratapgarh,Urban,55-59,5429,2613,2816,1921,482,1439,3508,2131,1377
09,173,pratapgarh,Urban,60-64,5107,2641,2466,2123,693,1430,2984,1948,1036
09,173,pratapgarh,Urban,65-69,3244,1657,1587,1489,462,1027,1755,1195,560
09,173,pratapgarh,Urban,70-74,2309,1199,1110,1117,387,730,1192,812,380
09,173,pratapgarh,Urban,75-79,1061,532,529,494,153,341,567,379,188
09,173,pratapgarh,Urban,80+,1536,763,773,719,253,466,817,510,307
09,173,pratapgarh,Urban,Age not stated,846,492,354,149,73,76,697,419,278
09,174,kaushambi,Total,All ages,1599596,838485,761111,786172,331206,454966,813424,507279,306145
09,174,kaushambi,Total,0-6,272172,141512,130660,272172,141512,130660,0,0,0
09,174,kaushambi,Total,7,41416,21600,19816,12916,6323,6593,28500,15277,13223
09,174,kaushambi,Total,8,50357,26231,24126,10479,4954,5525,39878,21277,18601
09,174,kaushambi,Total,9,37880,19580,18300,6395,2973,3422,31485,16607,14878
09,174,kaushambi,Total,10,58220,30887,27333,9741,4581,5160,48479,26306,22173
09,174,kaushambi,Total,11,37071,19555,17516,4996,2303,2693,32075,17252,14823
09,174,kaushambi,Total,12,49112,26015,23097,6639,2912,3727,42473,23103,19370
09,174,kaushambi,Total,13,36038,18682,17356,4688,1937,2751,31350,16745,14605
09,174,kaushambi,Total,14,41472,21542,19930,6178,2569,3609,35294,18973,16321
09,174,kaushambi,Total,15,40828,21432,19396,6912,2936,3976,33916,18496,15420
09,174,kaushambi,Total,16,41700,21675,20025,7654,2976,4678,34046,18699,15347
09,174,kaushambi,Total,17,28016,14993,13023,5162,1956,3206,22854,13037,9817
09,174,kaushambi,Total,18,43786,24862,18924,9524,3703,5821,34262,21159,13103
09,174,kaushambi,Total,19,23591,13474,10117,5205,1946,3259,18386,11528,6858
09,174,kaushambi,Total,20-24,123514,70064,53450,36593,12442,24151,86921,57622,29299
09,174,kaushambi,Total,25-29,108926,55911,53015,45548,14172,31376,63378,41739,21639
09,174,kaushambi,Total,30-34,101545,50459,51086,50978,16379,34599,50567,34080,16487
09,174,kaushambi,Total,35-39,95843,49407,46436,51594,17830,33764,44249,31577,12672
09,174,kaushambi,Total,40-44,76437,40251,36186,43510,15806,27704,32927,24445,8482
09,174,kaushambi,Total,45-49,62576,32418,30158,36945,12743,24202,25631,19675,5956
09,174,kaushambi,Total,50-54,47190,25920,21270,28766,11267,17499,18424,14653,3771
09,174,kaushambi,Total,55-59,40525,18330,22195,27297,7938,19359,13228,10392,2836
09,174,kaushambi,Total,60-64,46908,24078,22830,33634,13262,20372,13274,10816,2458
09,174,kaushambi,Total,65-69,31324,15819,15505,22900,8984,13916,8424,6835,1589
09,174,kaushambi,Total,70-74,22307,12175,10132,16361,7222,9139,5946,4953,993
09,174,kaushambi,Total,75-79,9213,4700,4513,6711,2684,4027,2502,2016,486
09,174,kaushambi,Total,80+,13089,7000,6089,8743,3746,4997,4346,3254,1092
09,174,kaushambi,Total,Age not stated,18540,9913,8627,7931,3150,4781,10609,6763,3846
09,174,kaushambi,Rural,All ages,1475140,773335,701805,736098,309155,426943,739042,464180,274862
09,174,kaushambi,Rural,0-6,253815,131928,121887,253815,131928,121887,0,0,0
09,174,kaushambi,Rural,7,38471,20031,18440,11971,5840,6131,26500,14191,12309
09,174,kaushambi,Rural,8,46801,24375,22426,9685,4571,5114,37116,19804,17312
09,174,kaushambi,Rural,9,35313,18252,17061,5932,2736,3196,29381,15516,13865
09,174,kaushambi,Rural,10,54109,28675,25434,9027,4212,4815,45082,24463,20619
09,174,kaushambi,Rural,11,34451,18144,16307,4627,2105,2522,29824,16039,13785
09,174,kaushambi,Rural,12,45470,24161,21309,6067,2625,3442,39403,21536,17867
09,174,kaushambi,Rural,13,33345,17298,16047,4317,1746,2571,29028,15552,13476
09,174,kaushambi,Rural,14,38228,19928,18300,5654,2352,3302,32574,17576,14998
09,174,kaushambi,Rural,15,37632,19803,17829,6363,2688,3675,31269,17115,14154
09,174,kaushambi,Rural,16,38231,19899,18332,7037,2704,4333,31194,17195,13999
09,174,kaushambi,Rural,17,25560,13748,11812,4773,1785,2988,20787,11963,8824
09,174,kaushambi,Rural,18,39984,22722,17262,8816,3366,5450,31168,19356,11812
09,174,kaushambi,Rural,19,21421,12295,9126,4821,1761,3060,16600,10534,6066
09,174,kaushambi,Rural,20-24,112010,63685,48325,34220,11431,22789,77790,52254,25536
09,174,kaushambi,Rural,25-29,99393,50903,48490,42920,13207,29713,56473,37696,18777
09,174,kaushambi,Rural,30-34,93256,46251,47005,48201,15378,32823,45055,30873,14182
09,174,kaushambi,Rural,35-39,88029,45429,42600,48676,16768,31908,39353,28661,10692
09,174,kaushambi,Rural,40-44,69909,36857,33052,40906,14824,26082,29003,22033,6970
09,174,kaushambi,Rural,45-49,56978,29486,27492,34624,11938,22686,22354,17548,4806
09,174,kaushambi,Rural,50-54,43115,23657,19458,26984,10585,16399,16131,13072,3059
09,174,kaushambi,Rural,55-59,37301,16759,20542,25659,7470,18189,11642,9289,2353
09,174,kaushambi,Rural,60-64,43590,22378,21212,31706,12559,19147,11884,9819,2065
09,174,kaushambi,Rural,65-69,29068,14716,14352,21528,8519,13009,7540,6197,1343
09,174,kaushambi,Rural,70-74,20785,11378,9407,15405,6862,8543,5380,4516,864
09,174,kaushambi,Rural,75-79,8562,4372,4190,6327,2551,3776,2235,1821,414
09,174,kaushambi,Rural,80+,12227,6552,5675,8246,3556,4690,3981,2996,985
09,174,kaushambi,Rural,Age not stated,18086,9653,8433,7791,3088,4703,10295,6565,3730
09,174,kaushambi,Urban,All ages,124456,65150,59306,50074,22051,28023,74382,43099,31283
09,174,kaushambi,Urban,0-6,18357,9584,8773,18357,9584,8773,0,0,0
09,174,kaushambi,Urban,7,2945,1569,1376,945,483,462,2000,1086,914
09,174,kaushambi,Urban,8,3556,1856,1700,794,383,411,2762,1473,1289
09,174,kaushambi,Urban,9,2567,1328,1239,463,237,226,2104,1091,1013
09,174,kaushambi,Urban,10,4111,2212,1899,714,369,345,3397,1843,1554
09,174,kaushambi,Urban,11,2620,1411,1209,369,198,171,2251,1213,1038
09,174,kaushambi,Urban,12,3642,1854,1788,572,287,285,3070,1567,1503
09,174,kaushambi,Urban,13,2693,1384,1309,371,191,180,2322,1193,1129
09,174,kaushambi,Urban,14,3244,1614,1630,524,217,307,2720,1397,1323
09,174,kaushambi,Urban,15,3196,1629,1567,549,248,301,2647,1381,1266
09,174,kaushambi,Urban,16,3469,1776,1693,617,272,345,2852,1504,1348
09,174,kaushambi,Urban,17,2456,1245,1211,389,171,218,2067,1074,993
09,174,kaushambi,Urban,18,3802,2140,1662,708,337,371,3094,1803,1291
09,174,kaushambi,Urban,19,2170,1179,991,384,185,199,1786,994,792
09,174,kaushambi,Urban,20-24,11504,6379,5125,2373,1011,1362,9131,5368,3763
09,174,kaushambi,Urban,25-29,9533,5008,4525,2628,965,1663,6905,4043,2862
09,174,kaushambi,Urban,30-34,8289,4208,4081,2777,1001,1776,5512,3207,2305
09,174,kaushambi,Urban,35-39,7814,3978,3836,2918,1062,1856,4896,2916,1980
09,174,kaushambi,Urban,40-44,6528,3394,3134,2604,982,1622,3924,2412,1512
09,174,kaushambi,Urban,45-49,5598,2932,2666,2321,805,1516,3277,2127,1150
09,174,kaushambi,Urban,50-54,4075,2263,1812,1782,682,1100,2293,1581,712
09,174,kaushambi,Urban,55-59,3224,1571,1653,1638,468,1170,1586,1103,483
09,174,kaushambi,Urban,60-64,3318,1700,1618,1928,703,1225,1390,997,393
09,174,kaushambi,Urban,65-69,2256,1103,1153,1372,465,907,884,638,246
09,174,kaushambi,Urban,70-74,1522,797,725,956,360,596,566,437,129
09,174,kaushambi,Urban,75-79,651,328,323,384,133,251,267,195,72
09,174,kaushambi,Urban,80+,862,448,414,497,190,307,365,258,107
09,174,kaushambi,Urban,Age not stated,454,260,194,140,62,78,314,198,116
09,175,allahabad,Total,All ages,5954391,3131807,2822584,2288664,932467,1356197,3665727,2199340,1466387
09,175,allahabad,Total,0-6,885355,467694,417661,885355,467694,417661,0,0,0
09,175,allahabad,Total,7,146168,77340,68828,33211,16548,16663,112957,60792,52165
09,175,allahabad,Total,8,154090,81444,72646,22400,11046,11354,131690,70398,61292
09,175,allahabad,Total,9,132567,69926,62641,14806,7138,7668,117761,62788,54973
09,175,allahabad,Total,10,181581,96774,84807,21460,10518,10942,160121,86256,73865
09,175,allahabad,Total,11,143294,75942,67352,13471,6317,7154,129823,69625,60198
09,175,allahabad,Total,12,153147,81005,72142,12602,5631,6971,140545,75374,65171
09,175,allahabad,Total,13,130706,67437,63269,10327,4366,5961,120379,63071,57308
09,175,allahabad,Total,14,145998,76306,69692,12115,5180,6935,133883,71126,62757
09,175,allahabad,Total,15,152394,80792,71602,15521,6769,8752,136873,74023,62850
09,175,allahabad,Total,16,146553,76973,69580,15018,6141,8877,131535,70832,60703
09,175,allahabad,Total,17,122464,65463,57001,13095,5112,7983,109369,60351,49018
09,175,allahabad,Total,18,161608,88599,73009,21254,8146,13108,140354,80453,59901
09,175,allahabad,Total,19,111736,61084,50652,15700,5521,10179,96036,55563,40473
09,175,allahabad,Total,20-24,541676,294863,246813,103373,31424,71949,438303,263439,174864
09,175,allahabad,Total,25-29,455067,235055,220012,125465,34568,90897,329602,200487,129115
09,175,allahabad,Total,30-34,392999,197830,195169,133126,35771,97355,259873,162059,97814
09,175,allahabad,Total,35-39,377195,193427,183768,144768,41960,102808,232427,151467,80960
09,175,allahabad,Total,40-44,305313,159422,145891,125219,38132,87087,180094,121290,58804
09,175,allahabad,Total,45-49,259717,134804,124913,111557,32964,78593,148160,101840,46320
09,175,allahabad,Total,50-54,200019,108208,91811,87813,28706,59107,112206,79502,32704
09,175,allahabad,Total,55-59,166945,81915,85030,82239,22124,60115,84706,59791,24915
09,175,allahabad,Total,60-64,165873,86585,79288,92406,32464,59942,73467,54121,19346
09,175,allahabad,Total,65-69,111881,58103,53778,64675,23163,41512,47206,34940,12266
09,175,allahabad,Total,70-74,78881,43772,35109,47226,19653,27573,31655,24119,7536
09,175,allahabad,Total,75-79,36694,19346,17348,21291,7988,13303,15403,11358,4045
09,175,allahabad,Total,80+,57844,30648,27196,30701,12166,18535,27143,18482,8661
09,175,allahabad,Total,Age not stated,36626,21050,15576,12470,5257,7213,24156,15793,8363
09,175,allahabad,Rural,All ages,4481518,2340959,2140559,1896599,753876,1142723,2584919,1587083,997836
09,175,allahabad,Rural,0-6,722406,380936,341470,722406,380936,341470,0,0,0
09,175,allahabad,Rural,7,118890,62945,55945,27506,13597,13909,91384,49348,42036
09,175,allahabad,Rural,8,127102,66825,60277,18139,8821,9318,108963,58004,50959
09,175,allahabad,Rural,9,107714,56684,51030,11609,5524,6085,96105,51160,44945
09,175,allahabad,Rural,10,147901,78479,69422,16822,8138,8684,131079,70341,60738
09,175,allahabad,Rural,11,115401,60865,54536,10490,4750,5740,104911,56115,48796
09,175,allahabad,Rural,12,123349,65018,58331,9571,4079,5492,113778,60939,52839
09,175,allahabad,Rural,13,104336,53705,50631,7839,3121,4718,96497,50584,45913
09,175,allahabad,Rural,14,115771,60299,55472,9057,3632,5425,106714,56667,50047
09,175,allahabad,Rural,15,119941,63351,56590,11877,4870,7007,108064,58481,49583
09,175,allahabad,Rural,16,113565,59362,54203,11330,4304,7026,102235,55058,47177
09,175,allahabad,Rural,17,91593,48706,42887,9978,3538,6440,81615,45168,36447
09,175,allahabad,Rural,18,120448,65777,54671,16418,5622,10796,104030,60155,43875
09,175,allahabad,Rural,19,79160,42807,36353,12057,3653,8404,67103,39154,27949
09,175,allahabad,Rural,20-24,380384,204925,175459,83913,22065,61848,296471,182860,113611
09,175,allahabad,Rural,25-29,320565,162944,157621,105800,26149,79651,214765,136795,77970
09,175,allahabad,Rural,30-34,281542,138941,142601,114110,28467,85643,167432,110474,56958
09,175,allahabad,Rural,35-39,271196,137937,133259,123434,33969,89465,147762,103968,43794
09,175,allahabad,Rural,40-44,216562,112337,104225,105993,30972,75021,110569,81365,29204
09,175,allahabad,Rural,45-49,180457,93306,87151,93560,26970,66590,86897,66336,20561
09,175,allahabad,Rural,50-54,136154,73332,62822,72860,23458,49402,63294,49874,13420
09,175,allahabad,Rural,55-59,116614,55057,61557,69588,18412,51176,47026,36645,10381
09,175,allahabad,Rural,60-64,123294,63683,59611,79384,28173,51211,43910,35510,8400
09,175,allahabad,Rural,65-69,84490,43508,40982,56232,20600,35632,28258,22908,5350
09,175,allahabad,Rural,70-74,59413,33121,26292,40546,17447,23099,18867,15674,3193
09,175,allahabad,Rural,75-79,27096,14152,12944,18319,7080,11239,8777,7072,1705
09,175,allahabad,Rural,80+,43287,23184,20103,26160,10724,15436,17127,12460,4667
09,175,allahabad,Rural,Age not stated,32887,18773,14114,11601,4805,6796,21286,13968,7318
09,175,allahabad,Urban,All ages,1472873,790848,682025,392065,178591,213474,1080808,612257,468551
09,175,allahabad,Urban,0-6,162949,86758,76191,162949,86758,76191,0,0,0
09,175,allahabad,Urban,7,27278,14395,12883,5705,2951,2754,21573,11444,10129
09,175,allahabad,Urban,8,26988,14619,12369,4261,2225,2036,22727,12394,10333
09,175,allahabad,Urban,9,24853,13242,11611,3197,1614,1583,21656,11628,10028
09,175,allahabad,Urban,10,33680,18295,15385,4638,2380,2258,29042,15915,13127
09,175,allahabad,Urban,11,27893,15077,12816,2981,1567,1414,24912,13510,11402
09,175,allahabad,Urban,12,29798,15987,13811,3031,1552,1479,26767,14435,12332
09,175,allahabad,Urban,13,26370,13732,12638,2488,1245,1243,23882,12487,11395
09,175,allahabad,Urban,14,30227,16007,14220,3058,1548,1510,27169,14459,12710
09,175,allahabad,Urban,15,32453,17441,15012,3644,1899,1745,28809,15542,13267
09,175,allahabad,Urban,16,32988,17611,15377,3688,1837,1851,29300,15774,13526
09,175,allahabad,Urban,17,30871,16757,14114,3117,1574,1543,27754,15183,12571
09,175,allahabad,Urban,18,41160,22822,18338,4836,2524,2312,36324,20298,16026
09,175,allahabad,Urban,19,32576,18277,14299,3643,1868,1775,28933,16409,12524
09,175,allahabad,Urban,20-24,161292,89938,71354,19460,9359,10101,141832,80579,61253
09,175,allahabad,Urban,25-29,134502,72111,62391,19665,8419,11246,114837,63692,51145
09,175,allahabad,Urban,30-34,111457,58889,52568,19016,7304,11712,92441,51585,40856
09,175,allahabad,Urban,35-39,105999,55490,50509,21334,7991,13343,84665,47499,37166
09,175,allahabad,Urban,40-44,88751,47085,41666,19226,7160,12066,69525,39925,29600
09,175,allahabad,Urban,45-49,79260,41498,37762,17997,5994,12003,61263,35504,25759
09,175,allahabad,Urban,50-54,63865,34876,28989,14953,5248,9705,48912,29628,19284
09,175,allahabad,Urban,55-59,50331,26858,23473,12651,3712,8939,37680,23146,14534
09,175,allahabad,Urban,60-64,42579,22902,19677,13022,4291,8731,29557,18611,10946
09,175,allahabad,Urban,65-69,27391,14595,12796,8443,2563,5880,18948,12032,6916
09,175,allahabad,Urban,70-74,19468,10651,8817,6680,2206,4474,12788,8445,4343
09,175,allahabad,Urban,75-79,9598,5194,4404,2972,908,2064,6626,4286,2340
09,175,allahabad,Urban,80+,14557,7464,7093,4541,1442,3099,10016,6022,3994
09,175,allahabad,Urban,Age not stated,3739,2277,1462,869,452,417,2870,1825,1045
09,176,bara banki,Total,All ages,3260699,1707073,1553626,1568241,696555,871686,1692458,1010518,681940
09,176,bara banki,Total,0-6,519867,269084,250783,519867,269084,250783,0,0,0
09,176,bara banki,Total,7,80408,41546,38862,25277,12558,12719,55131,28988,26143
09,176,bara banki,Total,8,93530,48465,45065,20269,10153,10116,73261,38312,34949
09,176,bara banki,Total,9,71953,37334,34619,12218,6183,6035,59735,31151,28584
09,176,bara banki,Total,10,108521,57679,50842,18859,9533,9326,89662,48146,41516
09,176,bara banki,Total,11,73185,38653,34532,10080,4921,5159,63105,33732,29373
09,176,bara banki,Total,12,90603,47802,42801,12383,6120,6263,78220,41682,36538
09,176,bara banki,Total,13,69205,35758,33447,8818,4240,4578,60387,31518,28869
09,176,bara banki,Total,14,76992,39413,37579,10841,5076,5765,66151,34337,31814
09,176,bara banki,Total,15,85453,45519,39934,14556,7279,7277,70897,38240,32657
09,176,bara banki,Total,16,77701,40137,37564,13361,6239,7122,64340,33898,30442
09,176,bara banki,Total,17,57224,29453,27771,9892,4449,5443,47332,25004,22328
09,176,bara banki,Total,18,91102,49127,41975,19778,9089,10689,71324,40038,31286
09,176,bara banki,Total,19,49884,26345,23539,11137,4657,6480,38747,21688,17059
09,176,bara banki,Total,20-24,270794,146348,124446,77649,30903,46746,193145,115445,77700
09,176,bara banki,Total,25-29,226913,118991,107922,89284,32981,56303,137629,86010,51619
09,176,bara banki,Total,30-34,209023,105983,103040,97830,35253,62577,111193,70730,40463
09,176,bara banki,Total,35-39,205910,108721,97189,104424,39697,64727,101486,69024,32462
09,176,bara banki,Total,40-44,164567,89946,74621,89066,36448,52618,75501,53498,22003
09,176,bara banki,Total,45-49,129994,69769,60225,74322,29626,44696,55672,40143,15529
09,176,bara banki,Total,50-54,99185,54717,44468,59079,25223,33856,40106,29494,10612
09,176,bara banki,Total,55-59,83878,39130,44748,54422,17936,36486,29456,21194,8262
09,176,bara banki,Total,60-64,98833,50452,48381,69725,28313,41412,29108,22139,6969
09,176,bara banki,Total,65-69,67786,34704,33082,48433,19878,28555,19353,14826,4527
09,176,bara banki,Total,70-74,46845,24490,22355,34999,15060,19939,11846,9430,2416
09,176,bara banki,Total,75-79,19146,9464,9682,14196,5684,8512,4950,3780,1170
09,176,bara banki,Total,80+,29596,14553,15043,20377,8153,12224,9219,6400,2819
09,176,bara banki,Total,Age not stated,62601,33490,29111,27099,11819,15280,35502,21671,13831
09,176,bara banki,Rural,All ages,2929896,1533455,1396441,1436272,634154,802118,1493624,899301,594323
09,176,bara banki,Rural,0-6,475080,245768,229312,475080,245768,229312,0,0,0
09,176,bara banki,Rural,7,73007,37707,35300,22709,11259,11450,50298,26448,23850
09,176,bara banki,Rural,8,85032,44051,40981,18103,9044,9059,66929,35007,31922
09,176,bara banki,Rural,9,65558,33955,31603,10957,5501,5456,54601,28454,26147
09,176,bara banki,Rural,10,98801,52422,46379,16798,8428,8370,82003,43994,38009
09,176,bara banki,Rural,11,66411,35022,31389,8935,4346,4589,57476,30676,26800
09,176,bara banki,Rural,12,81980,43159,38821,10809,5267,5542,71171,37892,33279
09,176,bara banki,Rural,13,62588,32313,30275,7767,3695,4072,54821,28618,26203
09,176,bara banki,Rural,14,69005,35299,33706,9479,4386,5093,59526,30913,28613
09,176,bara banki,Rural,15,77060,41118,35942,12907,6398,6509,64153,34720,29433
09,176,bara banki,Rural,16,69216,35856,33360,11720,5425,6295,57496,30431,27065
09,176,bara banki,Rural,17,50542,26067,24475,8638,3803,4835,41904,22264,19640
09,176,bara banki,Rural,18,80828,43600,37228,17478,7861,9617,63350,35739,27611
09,176,bara banki,Rural,19,43629,23002,20627,9839,3979,5860,33790,19023,14767
09,176,bara banki,Rural,20-24,238320,128586,109734,69988,27006,42982,168332,101580,66752
09,176,bara banki,Rural,25-29,201334,105464,95870,81901,29566,52335,119433,75898,43535
09,176,bara banki,Rural,30-34,186762,94620,92142,90433,32140,58293,96329,62480,33849
09,176,bara banki,Rural,35-39,184127,97503,86624,96386,36356,60030,87741,61147,26594
09,176,bara banki,Rural,40-44,146426,80333,66093,81992,33395,48597,64434,46938,17496
09,176,bara banki,Rural,45-49,114679,61604,53075,68175,27039,41136,46504,34565,11939
09,176,bara banki,Rural,50-54,87599,48508,39091,54408,23267,31141,33191,25241,7950
09,176,bara banki,Rural,55-59,74670,34525,40145,50391,16555,33836,24279,17970,6309
09,176,bara banki,Rural,60-64,90241,46144,44097,65077,26468,38609,25164,19676,5488
09,176,bara banki,Rural,65-69,62253,31861,30392,45539,18789,26750,16714,13072,3642
09,176,bara banki,Rural,70-74,43030,22524,20506,32891,14274,18617,10139,8250,1889
09,176,bara banki,Rural,75-79,17500,8672,8828,13287,5361,7926,4213,3311,902
09,176,bara banki,Rural,80+,27115,13388,13727,19146,7729,11417,7969,5659,2310
09,176,bara banki,Rural,Age not stated,57103,30384,26719,25439,11049,14390,31664,19335,12329
09,176,bara banki,Urban,All ages,330803,173618,157185,131969,62401,69568,198834,111217,87617
09,176,bara banki,Urban,0-6,44787,23316,21471,44787,23316,21471,0,0,0
09,176,bara banki,Urban,7,7401,3839,3562,2568,1299,1269,4833,2540,2293
09,176,bara banki,Urban,8,8498,4414,4084,2166,1109,1057,6332,3305,3027
09,176,bara banki,Urban,9,6395,3379,3016,1261,682,579,5134,2697,2437
09,176,bara banki,Urban,10,9720,5257,4463,2061,1105,956,7659,4152,3507
09,176,bara banki,Urban,11,6774,3631,3143,1145,575,570,5629,3056,2573
09,176,bara banki,Urban,12,8623,4643,3980,1574,853,721,7049,3790,3259
09,176,bara banki,Urban,13,6617,3445,3172,1051,545,506,5566,2900,2666
09,176,bara banki,Urban,14,7987,4114,3873,1362,690,672,6625,3424,3201
09,176,bara banki,Urban,15,8393,4401,3992,1649,881,768,6744,3520,3224
09,176,bara banki,Urban,16,8485,4281,4204,1641,814,827,6844,3467,3377
09,176,bara banki,Urban,17,6682,3386,3296,1254,646,608,5428,2740,2688
09,176,bara banki,Urban,18,10274,5527,4747,2300,1228,1072,7974,4299,3675
09,176,bara banki,Urban,19,6255,3343,2912,1298,678,620,4957,2665,2292
09,176,bara banki,Urban,20-24,32474,17762,14712,7661,3897,3764,24813,13865,10948
09,176,bara banki,Urban,25-29,25579,13527,12052,7383,3415,3968,18196,10112,8084
09,176,bara banki,Urban,30-34,22261,11363,10898,7397,3113,4284,14864,8250,6614
09,176,bara banki,Urban,35-39,21783,11218,10565,8038,3341,4697,13745,7877,5868
09,176,bara banki,Urban,40-44,18141,9613,8528,7074,3053,4021,11067,6560,4507
09,176,bara banki,Urban,45-49,15315,8165,7150,6147,2587,3560,9168,5578,3590
09,176,bara banki,Urban,50-54,11586,6209,5377,4671,1956,2715,6915,4253,2662
09,176,bara banki,Urban,55-59,9208,4605,4603,4031,1381,2650,5177,3224,1953
09,176,bara banki,Urban,60-64,8592,4308,4284,4648,1845,2803,3944,2463,1481
09,176,bara banki,Urban,65-69,5533,2843,2690,2894,1089,1805,2639,1754,885
09,176,bara banki,Urban,70-74,3815,1966,1849,2108,786,1322,1707,1180,527
09,176,bara banki,Urban,75-79,1646,792,854,909,323,586,737,469,268
09,176,bara banki,Urban,80+,2481,1165,1316,1231,424,807,1250,741,509
09,176,bara banki,Urban,Age not stated,5498,3106,2392,1660,770,890,3838,2336,1502
09,177,faizabad,Total,All ages,2470996,1259628,1211368,1020095,421289,598806,1450901,838339,612562
09,177,faizabad,Total,0-6,360082,186440,173642,360082,186440,173642,0,0,0
09,177,faizabad,Total,7,59256,30316,28940,15930,7927,8003,43326,22389,20937
09,177,faizabad,Total,8,66673,34821,31852,10529,5295,5234,56144,29526,26618
09,177,faizabad,Total,9,52459,27333,25126,5997,3039,2958,46462,24294,22168
09,177,faizabad,Total,10,75775,39901,35874,8395,4209,4186,67380,35692,31688
09,177,faizabad,Total,11,56171,29254,26917,4541,2212,2329,51630,27042,24588
09,177,faizabad,Total,12,69387,36097,33290,5489,2608,2881,63898,33489,30409
09,177,faizabad,Total,13,54342,27429,26913,3702,1659,2043,50640,25770,24870
09,177,faizabad,Total,14,61417,31034,30383,4647,2110,2537,56770,28924,27846
09,177,faizabad,Total,15,66220,33867,32353,6217,2804,3413,60003,31063,28940
09,177,faizabad,Total,16,62335,30834,31501,5914,2410,3504,56421,28424,27997
09,177,faizabad,Total,17,49846,24647,25199,4616,1801,2815,45230,22846,22384
09,177,faizabad,Total,18,70324,35803,34521,8743,3408,5335,61581,32395,29186
09,177,faizabad,Total,19,41912,20915,20997,5337,1816,3521,36575,19099,17476
09,177,faizabad,Total,20-24,213055,108201,104854,40279,12494,27785,172776,95707,77069
09,177,faizabad,Total,25-29,175578,87695,87883,50218,14607,35611,125360,73088,52272
09,177,faizabad,Total,30-34,158575,77039,81536,59202,16842,42360,99373,60197,39176
09,177,faizabad,Total,35-39,154799,78415,76384,66601,20765,45836,88198,57650,30548
09,177,faizabad,Total,40-44,125304,64461,60843,59820,19988,39832,65484,44473,21011
09,177,faizabad,Total,45-49,104470,53803,50667,53263,18107,35156,51207,35696,15511
09,177,faizabad,Total,50-54,83657,43962,39695,45041,16415,28626,38616,27547,11069
09,177,faizabad,Total,55-59,71318,34577,36741,42160,13380,28780,29158,21197,7961
09,177,faizabad,Total,60-64,76720,38679,38041,50709,19061,31648,26011,19618,6393
09,177,faizabad,Total,65-69,55430,28504,26926,37363,14657,22706,18067,13847,4220
09,177,faizabad,Total,70-74,39800,21162,18638,28250,12150,16100,11550,9012,2538
09,177,faizabad,Total,75-79,16942,8590,8352,11802,4627,7175,5140,3963,1177
09,177,faizabad,Total,80+,23465,11985,11480,15571,6367,9204,7894,5618,2276
09,177,faizabad,Total,Age not stated,25684,13864,11820,9677,4091,5586,16007,9773,6234
09,177,faizabad,Rural,All ages,2130743,1079257,1051486,921414,376185,545229,1209329,703072,506257
09,177,faizabad,Rural,0-6,321675,166286,155389,321675,166286,155389,0,0,0
09,177,faizabad,Rural,7,52871,27039,25832,14165,7025,7140,38706,20014,18692
09,177,faizabad,Rural,8,59757,31075,28682,9270,4605,4665,50487,26470,24017
09,177,faizabad,Rural,9,46660,24272,22388,5180,2618,2562,41480,21654,19826
09,177,faizabad,Rural,10,67659,35598,32061,7247,3630,3617,60412,31968,28444
09,177,faizabad,Rural,11,49683,25769,23914,3837,1838,1999,45846,23931,21915
09,177,faizabad,Rural,12,61829,32108,29721,4694,2160,2534,57135,29948,27187
09,177,faizabad,Rural,13,47864,24124,23740,3153,1366,1787,44711,22758,21953
09,177,faizabad,Rural,14,53951,27138,26813,3895,1688,2207,50056,25450,24606
09,177,faizabad,Rural,15,58183,29676,28507,5398,2345,3053,52785,27331,25454
09,177,faizabad,Rural,16,54441,26781,27660,5033,1972,3061,49408,24809,24599
09,177,faizabad,Rural,17,42635,20878,21757,3950,1447,2503,38685,19431,19254
09,177,faizabad,Rural,18,60250,30341,29909,7593,2763,4830,52657,27578,25079
09,177,faizabad,Rural,19,34933,17155,17778,4648,1476,3172,30285,15679,14606
09,177,faizabad,Rural,20-24,177712,89021,88691,35991,10429,25562,141721,78592,63129
09,177,faizabad,Rural,25-29,146761,72521,74240,45867,12739,33128,100894,59782,41112
09,177,faizabad,Rural,30-34,134846,64586,70260,54679,15073,39606,80167,49513,30654
09,177,faizabad,Rural,35-39,131772,66403,65369,61311,18810,42501,70461,47593,22868
09,177,faizabad,Rural,40-44,105892,54247,51645,54640,18044,36596,51252,36203,15049
09,177,faizabad,Rural,45-49,87369,44717,42652,48612,16442,32170,38757,28275,10482
09,177,faizabad,Rural,50-54,70276,36771,33505,41218,14992,26226,29058,21779,7279
09,177,faizabad,Rural,55-59,60683,28897,31786,38832,12325,26507,21851,16572,5279
09,177,faizabad,Rural,60-64,67410,33742,33668,47216,17845,29371,20194,15897,4297
09,177,faizabad,Rural,65-69,48977,25134,23843,34858,13849,21009,14119,11285,2834
09,177,faizabad,Rural,70-74,34922,18530,16392,26125,11354,14771,8797,7176,1621
09,177,faizabad,Rural,75-79,14687,7355,7332,10924,4319,6605,3763,3036,727
09,177,faizabad,Rural,80+,20147,10241,9906,14318,5907,8411,5829,4334,1495
09,177,faizabad,Rural,Age not stated,16898,8852,8046,7085,2838,4247,9813,6014,3799
09,177,faizabad,Urban,All ages,340253,180371,159882,98681,45104,53577,241572,135267,106305
09,177,faizabad,Urban,0-6,38407,20154,18253,38407,20154,18253,0,0,0
09,177,faizabad,Urban,7,6385,3277,3108,1765,902,863,4620,2375,2245
09,177,faizabad,Urban,8,6916,3746,3170,1259,690,569,5657,3056,2601
09,177,faizabad,Urban,9,5799,3061,2738,817,421,396,4982,2640,2342
09,177,faizabad,Urban,10,8116,4303,3813,1148,579,569,6968,3724,3244
09,177,faizabad,Urban,11,6488,3485,3003,704,374,330,5784,3111,2673
09,177,faizabad,Urban,12,7558,3989,3569,795,448,347,6763,3541,3222
09,177,faizabad,Urban,13,6478,3305,3173,549,293,256,5929,3012,2917
09,177,faizabad,Urban,14,7466,3896,3570,752,422,330,6714,3474,3240
09,177,faizabad,Urban,15,8037,4191,3846,819,459,360,7218,3732,3486
09,177,faizabad,Urban,16,7894,4053,3841,881,438,443,7013,3615,3398
09,177,faizabad,Urban,17,7211,3769,3442,666,354,312,6545,3415,3130
09,177,faizabad,Urban,18,10074,5462,4612,1150,645,505,8924,4817,4107
09,177,faizabad,Urban,19,6979,3760,3219,689,340,349,6290,3420,2870
09,177,faizabad,Urban,20-24,35343,19180,16163,4288,2065,2223,31055,17115,13940
09,177,faizabad,Urban,25-29,28817,15174,13643,4351,1868,2483,24466,13306,11160
09,177,faizabad,Urban,30-34,23729,12453,11276,4523,1769,2754,19206,10684,8522
09,177,faizabad,Urban,35-39,23027,12012,11015,5290,1955,3335,17737,10057,7680
09,177,faizabad,Urban,40-44,19412,10214,9198,5180,1944,3236,14232,8270,5962
09,177,faizabad,Urban,45-49,17101,9086,8015,4651,1665,2986,12450,7421,5029
09,177,faizabad,Urban,50-54,13381,7191,6190,3823,1423,2400,9558,5768,3790
09,177,faizabad,Urban,55-59,10635,5680,4955,3328,1055,2273,7307,4625,2682
09,177,faizabad,Urban,60-64,9310,4937,4373,3493,1216,2277,5817,3721,2096
09,177,faizabad,Urban,65-69,6453,3370,3083,2505,808,1697,3948,2562,1386
09,177,faizabad,Urban,70-74,4878,2632,2246,2125,796,1329,2753,1836,917
09,177,faizabad,Urban,75-79,2255,1235,1020,878,308,570,1377,927,450
09,177,faizabad,Urban,80+,3318,1744,1574,1253,460,793,2065,1284,781
09,177,faizabad,Urban,Age not stated,8786,5012,3774,2592,1253,1339,6194,3759,2435
09,178,ambedkar nagar,Total,All ages,2397888,1212410,1185478,910949,365734,545215,1486939,846676,640263
09,178,ambedkar nagar,Total,0-6,339229,175552,163677,339229,175552,163677,0,0,0
09,178,ambedkar nagar,Total,7,58749,30454,28295,13384,6695,6689,45365,23759,21606
09,178,ambedkar nagar,Total,8,64393,33209,31184,7526,3636,3890,56867,29573,27294
09,178,ambedkar nagar,Total,9,53919,27800,26119,4462,2169,2293,49457,25631,23826
09,178,ambedkar nagar,Total,10,74329,38914,35415,6088,3076,3012,68241,35838,32403
09,178,ambedkar nagar,Total,11,56385,29027,27358,3389,1626,1763,52996,27401,25595
09,178,ambedkar nagar,Total,12,66214,34313,31901,3305,1600,1705,62909,32713,30196
09,178,ambedkar nagar,Total,13,56184,28259,27925,2620,1132,1488,53564,27127,26437
09,178,ambedkar nagar,Total,14,61399,30786,30613,3078,1382,1696,58321,29404,28917
09,178,ambedkar nagar,Total,15,66304,33796,32508,4139,1948,2191,62165,31848,30317
09,178,ambedkar nagar,Total,16,64172,31482,32690,3910,1646,2264,60262,29836,30426
09,178,ambedkar nagar,Total,17,51631,25145,26486,3227,1305,1922,48404,23840,24564
09,178,ambedkar nagar,Total,18,69949,34922,35027,5868,2237,3631,64081,32685,31396
09,178,ambedkar nagar,Total,19,43576,21292,22284,3764,1264,2500,39812,20028,19784
09,178,ambedkar nagar,Total,20-24,208988,103438,105550,27484,7936,19548,181504,95502,86002
09,178,ambedkar nagar,Total,25-29,164073,80772,83301,37803,9446,28357,126270,71326,54944
09,178,ambedkar nagar,Total,30-34,148295,69859,78436,48301,11463,36838,99994,58396,41598
09,178,ambedkar nagar,Total,35-39,147499,73214,74285,57433,15162,42271,90066,58052,32014
09,178,ambedkar nagar,Total,40-44,119923,60617,59306,53063,15252,37811,66860,45365,21495
09,178,ambedkar nagar,Total,45-49,99512,51377,48135,48169,14484,33685,51343,36893,14450
09,178,ambedkar nagar,Total,50-54,77499,40734,36765,40208,13187,27021,37291,27547,9744
09,178,ambedkar nagar,Total,55-59,68179,33070,35109,39390,11427,27963,28789,21643,7146
09,178,ambedkar nagar,Total,60-64,76704,38611,38093,49831,17810,32021,26873,20801,6072
09,178,ambedkar nagar,Total,65-69,58321,30502,27819,39443,15663,23780,18878,14839,4039
09,178,ambedkar nagar,Total,70-74,41651,23140,18511,29597,13286,16311,12054,9854,2200
09,178,ambedkar nagar,Total,75-79,18650,9815,8835,13338,5525,7813,5312,4290,1022
09,178,ambedkar nagar,Total,80+,26230,13678,12552,17659,7609,10050,8571,6069,2502
09,178,ambedkar nagar,Total,Age not stated,15931,8632,7299,5241,2216,3025,10690,6416,4274
09,178,ambedkar nagar,Rural,All ages,2117158,1067762,1049396,817492,324699,492793,1299666,743063,556603
09,178,ambedkar nagar,Rural,0-6,302151,156453,145698,302151,156453,145698,0,0,0
09,178,ambedkar nagar,Rural,7,52294,27060,25234,11821,5867,5954,40473,21193,19280
09,178,ambedkar nagar,Rural,8,57285,29561,27724,6488,3123,3365,50797,26438,24359
09,178,ambedkar nagar,Rural,9,48142,24845,23297,3852,1854,1998,44290,22991,21299
09,178,ambedkar nagar,Rural,10,66164,34586,31578,5261,2622,2639,60903,31964,28939
09,178,ambedkar nagar,Rural,11,50296,25838,24458,2919,1370,1549,47377,24468,22909
09,178,ambedkar nagar,Rural,12,58609,30286,28323,2774,1311,1463,55835,28975,26860
09,178,ambedkar nagar,Rural,13,50039,25113,24926,2206,923,1283,47833,24190,23643
09,178,ambedkar nagar,Rural,14,54206,27190,27016,2546,1105,1441,51660,26085,25575
09,178,ambedkar nagar,Rural,15,58680,29899,28781,3508,1615,1893,55172,28284,26888
09,178,ambedkar nagar,Rural,16,56470,27692,28778,3292,1333,1959,53178,26359,26819
09,178,ambedkar nagar,Rural,17,45192,21962,23230,2682,1029,1653,42510,20933,21577
09,178,ambedkar nagar,Rural,18,60867,30171,30696,5004,1804,3200,55863,28367,27496
09,178,ambedkar nagar,Rural,19,37883,18396,19487,3275,1032,2243,34608,17364,17244
09,178,ambedkar nagar,Rural,20-24,179942,88332,91610,23984,6441,17543,155958,81891,74067
09,178,ambedkar nagar,Rural,25-29,142523,69625,72898,33711,7910,25801,108812,61715,47097
09,178,ambedkar nagar,Rural,30-34,130367,60942,69425,43633,9904,33729,86734,51038,35696
09,178,ambedkar nagar,Rural,35-39,129786,64184,65602,51768,13145,38623,78018,51039,26979
09,178,ambedkar nagar,Rural,40-44,105313,53055,52258,47901,13366,34535,57412,39689,17723
09,178,ambedkar nagar,Rural,45-49,87314,44869,42445,43483,12778,30705,43831,32091,11740
09,178,ambedkar nagar,Rural,50-54,68071,35747,32324,36254,11761,24493,31817,23986,7831
09,178,ambedkar nagar,Rural,55-59,60209,29089,31120,35668,10281,25387,24541,18808,5733
09,178,ambedkar nagar,Rural,60-64,69386,34787,34599,45914,16329,29585,23472,18458,5014
09,178,ambedkar nagar,Rural,65-69,53161,27875,25286,36582,14637,21945,16579,13238,3341
09,178,ambedkar nagar,Rural,70-74,38131,21229,16902,27477,12420,15057,10654,8809,1845
09,178,ambedkar nagar,Rural,75-79,17053,9012,8041,12381,5185,7196,4672,3827,845
09,178,ambedkar nagar,Rural,80+,23859,12506,11353,16352,7141,9211,7507,5365,2142
09,178,ambedkar nagar,Rural,Age not stated,13765,7458,6307,4605,1960,2645,9160,5498,3662
09,178,ambedkar nagar,Urban,All ages,280730,144648,136082,93457,41035,52422,187273,103613,83660
09,178,ambedkar nagar,Urban,0-6,37078,19099,17979,37078,19099,17979,0,0,0
09,178,ambedkar nagar,Urban,7,6455,3394,3061,1563,828,735,4892,2566,2326
09,178,ambedkar nagar,Urban,8,7108,3648,3460,1038,513,525,6070,3135,2935
09,178,ambedkar nagar,Urban,9,5777,2955,2822,610,315,295,5167,2640,2527
09,178,ambedkar nagar,Urban,10,8165,4328,3837,827,454,373,7338,3874,3464
09,178,ambedkar nagar,Urban,11,6089,3189,2900,470,256,214,5619,2933,2686
09,178,ambedkar nagar,Urban,12,7605,4027,3578,531,289,242,7074,3738,3336
09,178,ambedkar nagar,Urban,13,6145,3146,2999,414,209,205,5731,2937,2794
09,178,ambedkar nagar,Urban,14,7193,3596,3597,532,277,255,6661,3319,3342
09,178,ambedkar nagar,Urban,15,7624,3897,3727,631,333,298,6993,3564,3429
09,178,ambedkar nagar,Urban,16,7702,3790,3912,618,313,305,7084,3477,3607
09,178,ambedkar nagar,Urban,17,6439,3183,3256,545,276,269,5894,2907,2987
09,178,ambedkar nagar,Urban,18,9082,4751,4331,864,433,431,8218,4318,3900
09,178,ambedkar nagar,Urban,19,5693,2896,2797,489,232,257,5204,2664,2540
09,178,ambedkar nagar,Urban,20-24,29046,15106,13940,3500,1495,2005,25546,13611,11935
09,178,ambedkar nagar,Urban,25-29,21550,11147,10403,4092,1536,2556,17458,9611,7847
09,178,ambedkar nagar,Urban,30-34,17928,8917,9011,4668,1559,3109,13260,7358,5902
09,178,ambedkar nagar,Urban,35-39,17713,9030,8683,5665,2017,3648,12048,7013,5035
09,178,ambedkar nagar,Urban,40-44,14610,7562,7048,5162,1886,3276,9448,5676,3772
09,178,ambedkar nagar,Urban,45-49,12198,6508,5690,4686,1706,2980,7512,4802,2710
09,178,ambedkar nagar,Urban,50-54,9428,4987,4441,3954,1426,2528,5474,3561,1913
09,178,ambedkar nagar,Urban,55-59,7970,3981,3989,3722,1146,2576,4248,2835,1413
09,178,ambedkar nagar,Urban,60-64,7318,3824,3494,3917,1481,2436,3401,2343,1058
09,178,ambedkar nagar,Urban,65-69,5160,2627,2533,2861,1026,1835,2299,1601,698
09,178,ambedkar nagar,Urban,70-74,3520,1911,1609,2120,866,1254,1400,1045,355
09,178,ambedkar nagar,Urban,75-79,1597,803,794,957,340,617,640,463,177
09,178,ambedkar nagar,Urban,80+,2371,1172,1199,1307,468,839,1064,704,360
09,178,ambedkar nagar,Urban,Age not stated,2166,1174,992,636,256,380,1530,918,612
09,179,sultanpur,Total,All ages,3797117,1914586,1882531,1557215,614338,942877,2239902,1300248,939654
09,179,sultanpur,Total,0-6,563373,293043,270330,563373,293043,270330,0,0,0
09,179,sultanpur,Total,7,92709,48019,44690,25916,12843,13073,66793,35176,31617
09,179,sultanpur,Total,8,103702,54201,49501,14966,7356,7610,88736,46845,41891
09,179,sultanpur,Total,9,85166,43720,41446,8763,4217,4546,76403,39503,36900
09,179,sultanpur,Total,10,122177,64233,57944,12793,6234,6559,109384,57999,51385
09,179,sultanpur,Total,11,88433,46088,42345,6741,3201,3540,81692,42887,38805
09,179,sultanpur,Total,12,107754,56027,51727,6628,2906,3722,101126,53121,48005
09,179,sultanpur,Total,13,87073,43778,43295,4979,1926,3053,82094,41852,40242
09,179,sultanpur,Total,14,96191,48767,47424,5787,2268,3519,90404,46499,43905
09,179,sultanpur,Total,15,103945,53430,50515,8261,3402,4859,95684,50028,45656
09,179,sultanpur,Total,16,97549,48188,49361,7624,2924,4700,89925,45264,44661
09,179,sultanpur,Total,17,77086,38059,39027,6428,2214,4214,70658,35845,34813
09,179,sultanpur,Total,18,107269,54236,53033,11659,4059,7600,95610,50177,45433
09,179,sultanpur,Total,19,61932,30813,31119,7045,2154,4891,54887,28659,26228
09,179,sultanpur,Total,20-24,316021,156531,159490,56237,14375,41862,259784,142156,117628
09,179,sultanpur,Total,25-29,266495,129232,137263,74435,17714,56721,192060,111518,80542
09,179,sultanpur,Total,30-34,242916,113909,129007,89308,21063,68245,153608,92846,60762
09,179,sultanpur,Total,35-39,235665,115986,119679,100843,26950,73893,134822,89036,45786
09,179,sultanpur,Total,40-44,190261,96569,93692,90408,27208,63200,99853,69361,30492
09,179,sultanpur,Total,45-49,159380,80270,79110,81973,24869,57104,77407,55401,22006
09,179,sultanpur,Total,50-54,127558,66678,60880,69103,23442,45661,58455,43236,15219
09,179,sultanpur,Total,55-59,109754,51582,58172,65705,18671,47034,44049,32911,11138
09,179,sultanpur,Total,60-64,122071,61392,60679,80435,28867,51568,41636,32525,9111
09,179,sultanpur,Total,65-69,88011,44601,43410,59865,22365,37500,28146,22236,5910
09,179,sultanpur,Total,70-74,64721,34637,30084,46280,19556,26724,18441,15081,3360
09,179,sultanpur,Total,75-79,28330,14379,13951,20132,7801,12331,8198,6578,1620
09,179,sultanpur,Total,80+,39719,20238,19481,27032,11022,16010,12687,9216,3471
09,179,sultanpur,Total,Age not stated,11856,5980,5876,4496,1688,2808,7360,4292,3068
09,179,sultanpur,Rural,All ages,3597201,1810496,1786705,1503527,591301,912226,2093674,1219195,874479
09,179,sultanpur,Rural,0-6,539343,280416,258927,539343,280416,258927,0,0,0
09,179,sultanpur,Rural,7,88649,45877,42772,24861,12313,12548,63788,33564,30224
09,179,sultanpur,Rural,8,99068,51747,47321,14335,7021,7314,84733,44726,40007
09,179,sultanpur,Rural,9,81393,41737,39656,8429,4029,4400,72964,37708,35256
09,179,sultanpur,Rural,10,116738,61362,55376,12241,5966,6275,104497,55396,49101
09,179,sultanpur,Rural,11,84523,43986,40537,6432,3044,3388,78091,40942,37149
09,179,sultanpur,Rural,12,102712,53362,49350,6321,2763,3558,96391,50599,45792
09,179,sultanpur,Rural,13,82932,41670,41262,4751,1825,2926,78181,39845,38336
09,179,sultanpur,Rural,14,91529,46320,45209,5522,2148,3374,86007,44172,41835
09,179,sultanpur,Rural,15,98916,50813,48103,7885,3224,4661,91031,47589,43442
09,179,sultanpur,Rural,16,92403,45545,46858,7251,2732,4519,85152,42813,42339
09,179,sultanpur,Rural,17,72792,35852,36940,6136,2068,4068,66656,33784,32872
09,179,sultanpur,Rural,18,101082,50912,50170,11158,3804,7354,89924,47108,42816
09,179,sultanpur,Rural,19,58108,28776,29332,6772,2039,4733,51336,26737,24599
09,179,sultanpur,Rural,20-24,295168,145441,149727,54300,13600,40700,240868,131841,109027
09,179,sultanpur,Rural,25-29,249885,120673,129212,72186,16916,55270,177699,103757,73942
09,179,sultanpur,Rural,30-34,228720,106791,121929,86743,20242,66501,141977,86549,55428
09,179,sultanpur,Rural,35-39,222345,109361,112984,98054,26065,71989,124291,83296,40995
09,179,sultanpur,Rural,40-44,178564,90614,87950,87752,26337,61415,90812,64277,26535
09,179,sultanpur,Rural,45-49,148973,74814,74159,79559,24140,55419,69414,50674,18740
09,179,sultanpur,Rural,50-54,119292,62146,57146,67029,22795,44234,52263,39351,12912
09,179,sultanpur,Rural,55-59,103631,48389,55242,63946,18221,45725,39685,30168,9517
09,179,sultanpur,Rural,60-64,116774,58632,58142,78505,28295,50210,38269,30337,7932
09,179,sultanpur,Rural,65-69,84538,42818,41720,58491,21982,36509,26047,20836,5211
09,179,sultanpur,Rural,70-74,62290,33408,28882,45150,19212,25938,17140,14196,2944
09,179,sultanpur,Rural,75-79,27217,13796,13421,19654,7645,12009,7563,6151,1412
09,179,sultanpur,Rural,80+,38125,19446,18679,26316,10808,15508,11809,8638,3171
09,179,sultanpur,Rural,Age not stated,11491,5792,5699,4405,1651,2754,7086,4141,2945
09,179,sultanpur,Urban,All ages,199916,104090,95826,53688,23037,30651,146228,81053,65175
09,179,sultanpur,Urban,0-6,24030,12627,11403,24030,12627,11403,0,0,0
09,179,sultanpur,Urban,7,4060,2142,1918,1055,530,525,3005,1612,1393
09,179,sultanpur,Urban,8,4634,2454,2180,631,335,296,4003,2119,1884
09,179,sultanpur,Urban,9,3773,1983,1790,334,188,146,3439,1795,1644
09,179,sultanpur,Urban,10,5439,2871,2568,552,268,284,4887,2603,2284
09,179,sultanpur,Urban,11,3910,2102,1808,309,157,152,3601,1945,1656
09,179,sultanpur,Urban,12,5042,2665,2377,307,143,164,4735,2522,2213
09,179,sultanpur,Urban,13,4141,2108,2033,228,101,127,3913,2007,1906
09,179,sultanpur,Urban,14,4662,2447,2215,265,120,145,4397,2327,2070
09,179,sultanpur,Urban,15,5029,2617,2412,376,178,198,4653,2439,2214
09,179,sultanpur,Urban,16,5146,2643,2503,373,192,181,4773,2451,2322
09,179,sultanpur,Urban,17,4294,2207,2087,292,146,146,4002,2061,1941
09,179,sultanpur,Urban,18,6187,3324,2863,501,255,246,5686,3069,2617
09,179,sultanpur,Urban,19,3824,2037,1787,273,115,158,3551,1922,1629
09,179,sultanpur,Urban,20-24,20853,11090,9763,1937,775,1162,18916,10315,8601
09,179,sultanpur,Urban,25-29,16610,8559,8051,2249,798,1451,14361,7761,6600
09,179,sultanpur,Urban,30-34,14196,7118,7078,2565,821,1744,11631,6297,5334
09,179,sultanpur,Urban,35-39,13320,6625,6695,2789,885,1904,10531,5740,4791
09,179,sultanpur,Urban,40-44,11697,5955,5742,2656,871,1785,9041,5084,3957
09,179,sultanpur,Urban,45-49,10407,5456,4951,2414,729,1685,7993,4727,3266
09,179,sultanpur,Urban,50-54,8266,4532,3734,2074,647,1427,6192,3885,2307
09,179,sultanpur,Urban,55-59,6123,3193,2930,1759,450,1309,4364,2743,1621
09,179,sultanpur,Urban,60-64,5297,2760,2537,1930,572,1358,3367,2188,1179
09,179,sultanpur,Urban,65-69,3473,1783,1690,1374,383,991,2099,1400,699
09,179,sultanpur,Urban,70-74,2431,1229,1202,1130,344,786,1301,885,416
09,179,sultanpur,Urban,75-79,1113,583,530,478,156,322,635,427,208
09,179,sultanpur,Urban,80+,1594,792,802,716,214,502,878,578,300
09,179,sultanpur,Urban,Age not stated,365,188,177,91,37,54,274,151,123
09,180,bahraich,Total,All ages,3487731,1843884,1643847,2089363,965599,1123764,1398368,878285,520083
09,180,bahraich,Total,0-6,654794,338419,316375,654794,338419,316375,0,0,0
09,180,bahraich,Total,7,94169,49122,45047,44863,22388,22475,49306,26734,22572
09,180,bahraich,Total,8,118671,62275,56396,44178,21847,22331,74493,40428,34065
09,180,bahraich,Total,9,78707,41470,37237,24596,12007,12589,54111,29463,24648
09,180,bahraich,Total,10,130201,70134,60067,40412,20075,20337,89789,50059,39730
09,180,bahraich,Total,11,73457,39529,33928,19811,9875,9936,53646,29654,23992
09,180,bahraich,Total,12,106416,58168,48248,28069,14045,14024,78347,44123,34224
09,180,bahraich,Total,13,69223,36800,32423,17337,8302,9035,51886,28498,23388
09,180,bahraich,Total,14,74683,40224,34459,19728,9658,10070,54955,30566,24389
09,180,bahraich,Total,15,89623,51397,38226,27533,14564,12969,62090,36833,25257
09,180,bahraich,Total,16,71434,40143,31291,21621,11204,10417,49813,28939,20874
09,180,bahraich,Total,17,49006,27317,21689,15050,7447,7603,33956,19870,14086
09,180,bahraich,Total,18,88211,50377,37834,31863,15343,16520,56348,35034,21314
09,180,bahraich,Total,19,44610,23771,20839,17081,7183,9898,27529,16588,10941
09,180,bahraich,Total,20-24,273936,145611,128325,124474,50057,74417,149462,95554,53908
09,180,bahraich,Total,25-29,258605,132082,126523,142583,54996,87587,116022,77086,38936
09,180,bahraich,Total,30-34,236337,120100,116237,144439,57572,86867,91898,62528,29370
09,180,bahraich,Total,35-39,219336,115279,104057,139010,57818,81192,80326,57461,22865
09,180,bahraich,Total,40-44,166933,92292,74641,108972,49383,59589,57961,42909,15052
09,180,bahraich,Total,45-49,131740,68666,63074,88370,36894,51476,43370,31772,11598
09,180,bahraich,Total,50-54,102146,57317,44829,69385,32415,36970,32761,24902,7859
09,180,bahraich,Total,55-59,85500,39069,46431,61496,21415,40081,24004,17654,6350
09,180,bahraich,Total,60-64,100223,52509,47714,75465,33178,42287,24758,19331,5427
09,180,bahraich,Total,65-69,66879,35093,31786,51295,22730,28565,15584,12363,3221
09,180,bahraich,Total,70-74,46701,26314,20387,36995,18410,18585,9706,7904,1802
09,180,bahraich,Total,75-79,18518,9565,8953,14597,6456,8141,3921,3109,812
09,180,bahraich,Total,80+,26275,13840,12435,20163,9299,10864,6112,4541,1571
09,180,bahraich,Total,Age not stated,11397,7001,4396,5183,2619,2564,6214,4382,1832
09,180,bahraich,Rural,All ages,3203687,1695122,1508565,1973409,909151,1064258,1230278,785971,444307
09,180,bahraich,Rural,0-6,614992,317709,297283,614992,317709,297283,0,0,0
09,180,bahraich,Rural,7,87534,45692,41842,42394,21135,21259,45140,24557,20583
09,180,bahraich,Rural,8,111030,58224,52806,41758,20572,21186,69272,37652,31620
09,180,bahraich,Rural,9,73052,38464,34588,23176,11241,11935,49876,27223,22653
09,180,bahraich,Rural,10,121669,65554,56115,38161,18880,19281,83508,46674,36834
09,180,bahraich,Rural,11,67848,36545,31303,18654,9251,9403,49194,27294,21900
09,180,bahraich,Rural,12,98802,54095,44707,26372,13106,13266,72430,40989,31441
09,180,bahraich,Rural,13,63514,33891,29623,16261,7692,8569,47253,26199,21054
09,180,bahraich,Rural,14,67771,36610,31161,18334,8892,9442,49437,27718,21719
09,180,bahraich,Rural,15,82507,47644,34863,25970,13662,12308,56537,33982,22555
09,180,bahraich,Rural,16,64303,36410,27893,19988,10261,9727,44315,26149,18166
09,180,bahraich,Rural,17,43151,24245,18906,13888,6782,7106,29263,17463,11800
09,180,bahraich,Rural,18,79142,45428,33714,29733,14107,15626,49409,31321,18088
09,180,bahraich,Rural,19,39009,20699,18310,15948,6548,9400,23061,14151,8910
09,180,bahraich,Rural,20-24,245578,130257,115321,117358,46263,71095,128220,83994,44226
09,180,bahraich,Rural,25-29,235281,119945,115336,135755,51749,84006,99526,68196,31330
09,180,bahraich,Rural,30-34,217106,110352,106754,138027,54745,83282,79079,55607,23472
09,180,bahraich,Rural,35-39,200464,105642,94822,132135,54865,77270,68329,50777,17552
09,180,bahraich,Rural,40-44,151660,84332,67328,103165,46822,56343,48495,37510,10985
09,180,bahraich,Rural,45-49,118766,61907,56859,83431,34817,48614,35335,27090,8245
09,180,bahraich,Rural,50-54,92285,52004,40281,65594,30827,34767,26691,21177,5514
09,180,bahraich,Rural,55-59,77795,35224,42571,58331,20360,37971,19464,14864,4600
09,180,bahraich,Rural,60-64,92871,48744,44127,71740,31717,40023,21131,17027,4104
09,180,bahraich,Rural,65-69,62484,32810,29674,49075,21868,27207,13409,10942,2467
09,180,bahraich,Rural,70-74,43838,24858,18980,35463,17816,17647,8375,7042,1333
09,180,bahraich,Rural,75-79,17284,8966,8318,13994,6248,7746,3290,2718,572
09,180,bahraich,Rural,80+,24498,12982,11516,19210,8929,10281,5288,4053,1235
09,180,bahraich,Rural,Age not stated,9453,5889,3564,4502,2287,2215,4951,3602,1349
09,180,bahraich,Urban,All ages,284044,148762,135282,115954,56448,59506,168090,92314,75776
09,180,bahraich,Urban,0-6,39802,20710,19092,39802,20710,19092,0,0,0
09,180,bahraich,Urban,7,6635,3430,3205,2469,1253,1216,4166,2177,1989
09,180,bahraich,Urban,8,7641,4051,3590,2420,1275,1145,5221,2776,2445
09,180,bahraich,Urban,9,5655,3006,2649,1420,766,654,4235,2240,1995
09,180,bahraich,Urban,10,8532,4580,3952,2251,1195,1056,6281,3385,2896
09,180,bahraich,Urban,11,5609,2984,2625,1157,624,533,4452,2360,2092
09,180,bahraich,Urban,12,7614,4073,3541,1697,939,758,5917,3134,2783
09,180,bahraich,Urban,13,5709,2909,2800,1076,610,466,4633,2299,2334
09,180,bahraich,Urban,14,6912,3614,3298,1394,766,628,5518,2848,2670
09,180,bahraich,Urban,15,7116,3753,3363,1563,902,661,5553,2851,2702
09,180,bahraich,Urban,16,7131,3733,3398,1633,943,690,5498,2790,2708
09,180,bahraich,Urban,17,5855,3072,2783,1162,665,497,4693,2407,2286
09,180,bahraich,Urban,18,9069,4949,4120,2130,1236,894,6939,3713,3226
09,180,bahraich,Urban,19,5601,3072,2529,1133,635,498,4468,2437,2031
09,180,bahraich,Urban,20-24,28358,15354,13004,7116,3794,3322,21242,11560,9682
09,180,bahraich,Urban,25-29,23324,12137,11187,6828,3247,3581,16496,8890,7606
09,180,bahraich,Urban,30-34,19231,9748,9483,6412,2827,3585,12819,6921,5898
09,180,bahraich,Urban,35-39,18872,9637,9235,6875,2953,3922,11997,6684,5313
09,180,bahraich,Urban,40-44,15273,7960,7313,5807,2561,3246,9466,5399,4067
09,180,bahraich,Urban,45-49,12974,6759,6215,4939,2077,2862,8035,4682,3353
09,180,bahraich,Urban,50-54,9861,5313,4548,3791,1588,2203,6070,3725,2345
09,180,bahraich,Urban,55-59,7705,3845,3860,3165,1055,2110,4540,2790,1750
09,180,bahraich,Urban,60-64,7352,3765,3587,3725,1461,2264,3627,2304,1323
09,180,bahraich,Urban,65-69,4395,2283,2112,2220,862,1358,2175,1421,754
09,180,bahraich,Urban,70-74,2863,1456,1407,1532,594,938,1331,862,469
09,180,bahraich,Urban,75-79,1234,599,635,603,208,395,631,391,240
09,180,bahraich,Urban,80+,1777,858,919,953,370,583,824,488,336
09,180,bahraich,Urban,Age not stated,1944,1112,832,681,332,349,1263,780,483
09,181,shrawasti,Total,All ages,1117361,593897,523464,694048,317197,376851,423313,276700,146613
09,181,shrawasti,Total,0-6,211706,109818,101888,211706,109818,101888,0,0,0
09,181,shrawasti,Total,7,30088,15976,14112,12852,6434,6418,17236,9542,7694
09,181,shrawasti,Total,8,37661,19968,17693,12737,6205,6532,24924,13763,11161
09,181,shrawasti,Total,9,25207,13339,11868,7240,3456,3784,17967,9883,8084
09,181,shrawasti,Total,10,41593,22710,18883,11971,5858,6113,29622,16852,12770
09,181,shrawasti,Total,11,23844,13055,10789,5781,2782,2999,18063,10273,7790
09,181,shrawasti,Total,12,33345,18509,14836,8201,3969,4232,25144,14540,10604
09,181,shrawasti,Total,13,20542,11123,9419,4829,2257,2572,15713,8866,6847
09,181,shrawasti,Total,14,22051,12141,9910,5566,2648,2918,16485,9493,6992
09,181,shrawasti,Total,15,27267,16325,10942,8154,4398,3756,19113,11927,7186
09,181,shrawasti,Total,16,20693,11934,8759,6279,3166,3113,14414,8768,5646
09,181,shrawasti,Total,17,13777,7741,6036,4304,1964,2340,9473,5777,3696
09,181,shrawasti,Total,18,26722,14869,11853,10436,4428,6008,16286,10441,5845
09,181,shrawasti,Total,19,14072,7122,6950,5822,2055,3767,8250,5067,3183
09,181,shrawasti,Total,20-24,88622,46179,42443,44448,16472,27976,44174,29707,14467
09,181,shrawasti,Total,25-29,86253,44141,42112,51404,19278,32126,34849,24863,9986
09,181,shrawasti,Total,30-34,76251,38866,37385,49629,19333,30296,26622,19533,7089
09,181,shrawasti,Total,35-39,70059,36849,33210,47255,19439,27816,22804,17410,5394
09,181,shrawasti,Total,40-44,54330,30032,24298,37790,16929,20861,16540,13103,3437
09,181,shrawasti,Total,45-49,44458,22851,21607,32329,13245,19084,12129,9606,2523
09,181,shrawasti,Total,50-54,35493,20464,15029,25979,12557,13422,9514,7907,1607
09,181,shrawasti,Total,55-59,27699,13167,14532,21374,8090,13284,6325,5077,1248
09,181,shrawasti,Total,60-64,29638,16407,13231,23610,11362,12248,6028,5045,983
09,181,shrawasti,Total,65-69,20020,10217,9803,16274,7104,9170,3746,3113,633
09,181,shrawasti,Total,70-74,15846,9250,6596,13053,6844,6209,2793,2406,387
09,181,shrawasti,Total,75-79,6097,3233,2864,5012,2336,2676,1085,897,188
09,181,shrawasti,Total,80+,9186,5092,4094,7217,3559,3658,1969,1533,436
09,181,shrawasti,Total,Age not stated,4841,2519,2322,2796,1211,1585,2045,1308,737
09,181,shrawasti,Rural,All ages,1078712,573681,505031,676333,308844,367489,402379,264837,137542
09,181,shrawasti,Rural,0-6,205898,106836,99062,205898,106836,99062,0,0,0
09,181,shrawasti,Rural,7,29118,15457,13661,12554,6278,6276,16564,9179,7385
09,181,shrawasti,Rural,8,36530,19378,17152,12420,6030,6390,24110,13348,10762
09,181,shrawasti,Rural,9,24414,12931,11483,7029,3349,3680,17385,9582,7803
09,181,shrawasti,Rural,10,40322,22019,18303,11673,5699,5974,28649,16320,12329
09,181,shrawasti,Rural,11,23014,12615,10399,5604,2685,2919,17410,9930,7480
09,181,shrawasti,Rural,12,32265,17957,14308,7955,3843,4112,24310,14114,10196
09,181,shrawasti,Rural,13,19755,10705,9050,4655,2158,2497,15100,8547,6553
09,181,shrawasti,Rural,14,21116,11660,9456,5343,2527,2816,15773,9133,6640
09,181,shrawasti,Rural,15,26258,15781,10477,7875,4242,3633,18383,11539,6844
09,181,shrawasti,Rural,16,19722,11429,8293,6016,3030,2986,13706,8399,5307
09,181,shrawasti,Rural,17,13019,7346,5673,4119,1860,2259,8900,5486,3414
09,181,shrawasti,Rural,18,25462,14207,11255,10077,4247,5830,15385,9960,5425
09,181,shrawasti,Rural,19,13309,6718,6591,5622,1943,3679,7687,4775,2912
09,181,shrawasti,Rural,20-24,84840,44148,40692,43326,15939,27387,41514,28209,13305
09,181,shrawasti,Rural,25-29,83227,42557,40670,50320,18820,31500,32907,23737,9170
09,181,shrawasti,Rural,30-34,73782,37646,36136,48617,18927,29690,25165,18719,6446
09,181,shrawasti,Rural,35-39,67484,35524,31960,46140,18987,27153,21344,16537,4807
09,181,shrawasti,Rural,40-44,52289,28924,23365,36818,16484,20334,15471,12440,3031
09,181,shrawasti,Rural,45-49,42844,22016,20828,31544,12926,18618,11300,9090,2210
09,181,shrawasti,Rural,50-54,34179,19737,14442,25339,12289,13050,8840,7448,1392
09,181,shrawasti,Rural,55-59,26728,12691,14037,20858,7907,12951,5870,4784,1086
09,181,shrawasti,Rural,60-64,28690,15885,12805,23056,11120,11936,5634,4765,869
09,181,shrawasti,Rural,65-69,19453,9930,9523,15939,6985,8954,3514,2945,569
09,181,shrawasti,Rural,70-74,15426,9023,6403,12802,6737,6065,2624,2286,338
09,181,shrawasti,Rural,75-79,5934,3153,2781,4913,2299,2614,1021,854,167
09,181,shrawasti,Rural,80+,8920,4956,3964,7080,3510,3570,1840,1446,394
09,181,shrawasti,Rural,Age not stated,4714,2452,2262,2741,1187,1554,1973,1265,708
09,181,shrawasti,Urban,All ages,38649,20216,18433,17715,8353,9362,20934,11863,9071
09,181,shrawasti,Urban,0-6,5808,2982,2826,5808,2982,2826,0,0,0
09,181,shrawasti,Urban,7,970,519,451,298,156,142,672,363,309
09,181,shrawasti,Urban,8,1131,590,541,317,175,142,814,415,399
09,181,shrawasti,Urban,9,793,408,385,211,107,104,582,301,281
09,181,shrawasti,Urban,10,1271,691,580,298,159,139,973,532,441
09,181,shrawasti,Urban,11,830,440,390,177,97,80,653,343,310
09,181,shrawasti,Urban,12,1080,552,528,246,126,120,834,426,408
09,181,shrawasti,Urban,13,787,418,369,174,99,75,613,319,294
09,181,shrawasti,Urban,14,935,481,454,223,121,102,712,360,352
09,181,shrawasti,Urban,15,1009,544,465,279,156,123,730,388,342
09,181,shrawasti,Urban,16,971,505,466,263,136,127,708,369,339
09,181,shrawasti,Urban,17,758,395,363,185,104,81,573,291,282
09,181,shrawasti,Urban,18,1260,662,598,359,181,178,901,481,420
09,181,shrawasti,Urban,19,763,404,359,200,112,88,563,292,271
09,181,shrawasti,Urban,20-24,3782,2031,1751,1122,533,589,2660,1498,1162
09,181,shrawasti,Urban,25-29,3026,1584,1442,1084,458,626,1942,1126,816
09,181,shrawasti,Urban,30-34,2469,1220,1249,1012,406,606,1457,814,643
09,181,shrawasti,Urban,35-39,2575,1325,1250,1115,452,663,1460,873,587
09,181,shrawasti,Urban,40-44,2041,1108,933,972,445,527,1069,663,406
09,181,shrawasti,Urban,45-49,1614,835,779,785,319,466,829,516,313
09,181,shrawasti,Urban,50-54,1314,727,587,640,268,372,674,459,215
09,181,shrawasti,Urban,55-59,971,476,495,516,183,333,455,293,162
09,181,shrawasti,Urban,60-64,948,522,426,554,242,312,394,280,114
09,181,shrawasti,Urban,65-69,567,287,280,335,119,216,232,168,64
09,181,shrawasti,Urban,70-74,420,227,193,251,107,144,169,120,49
09,181,shrawasti,Urban,75-79,163,80,83,99,37,62,64,43,21
09,181,shrawasti,Urban,80+,266,136,130,137,49,88,129,87,42
09,181,shrawasti,Urban,Age not stated,127,67,60,55,24,31,72,43,29
09,182,balrampur,Total,All ages,2148665,1114721,1033944,1280308,569778,710530,868357,544943,323414
09,182,balrampur,Total,0-6,394710,202424,192286,394710,202424,192286,0,0,0
09,182,balrampur,Total,7,61561,31919,29642,28722,14207,14515,32839,17712,15127
09,182,balrampur,Total,8,73440,38482,34958,26109,12633,13476,47331,25849,21482
09,182,balrampur,Total,9,51693,26989,24704,16051,7518,8533,35642,19471,16171
09,182,balrampur,Total,10,80871,43302,37569,24294,11549,12745,56577,31753,24824
09,182,balrampur,Total,11,49667,26539,23128,13409,6229,7180,36258,20310,15948
09,182,balrampur,Total,12,65135,34762,30373,16622,7491,9131,48513,27271,21242
09,182,balrampur,Total,13,44309,23281,21028,11098,4799,6299,33211,18482,14729
09,182,balrampur,Total,14,49217,25773,23444,13079,5821,7258,36138,19952,16186
09,182,balrampur,Total,15,55228,29728,25500,16509,7619,8890,38719,22109,16610
09,182,balrampur,Total,16,47975,24656,23319,14375,6173,8202,33600,18483,15117
09,182,balrampur,Total,17,34297,17899,16398,10744,4528,6216,23553,13371,10182
09,182,balrampur,Total,18,55207,28919,26288,19632,7840,11792,35575,21079,14496
09,182,balrampur,Total,19,30860,15951,14909,11664,4345,7319,19196,11606,7590
09,182,balrampur,Total,20-24,169110,87080,82030,76240,27364,48876,92870,59716,33154
09,182,balrampur,Total,25-29,151933,76408,75525,82984,29525,53459,68949,46883,22066
09,182,balrampur,Total,30-34,132088,65056,67032,79703,28854,50849,52385,36202,16183
09,182,balrampur,Total,35-39,126517,64276,62241,80659,31035,49624,45858,33241,12617
09,182,balrampur,Total,40-44,99190,52924,46266,65877,27892,37985,33313,25032,8281
09,182,balrampur,Total,45-49,84544,42644,41900,58890,23231,35659,25654,19413,6241
09,182,balrampur,Total,50-54,67624,37581,30043,47684,21881,25803,19940,15700,4240
09,182,balrampur,Total,55-59,57200,27712,29488,42423,16179,26244,14777,11533,3244
09,182,balrampur,Total,60-64,59015,32259,26756,45209,21061,24148,13806,11198,2608
09,182,balrampur,Total,65-69,41034,21632,19402,31978,14286,17692,9056,7346,1710
09,182,balrampur,Total,70-74,29730,17297,12433,24026,12512,11514,5704,4785,919
09,182,balrampur,Total,75-79,12011,6225,5786,9800,4443,5357,2211,1782,429
09,182,balrampur,Total,80+,17333,9343,7990,13646,6568,7078,3687,2775,912
09,182,balrampur,Total,Age not stated,7166,3660,3506,4171,1771,2400,2995,1889,1106
09,182,balrampur,Rural,All ages,1982274,1027943,954331,1209264,536730,672534,773010,491213,281797
09,182,balrampur,Rural,0-6,371228,190287,180941,371228,190287,180941,0,0,0
09,182,balrampur,Rural,7,57434,29808,27626,26968,13329,13639,30466,16479,13987
09,182,balrampur,Rural,8,68726,36094,32632,24496,11828,12668,44230,24266,19964
09,182,balrampur,Rural,9,48228,25169,23059,15051,7007,8044,33177,18162,15015
09,182,balrampur,Rural,10,75820,40612,35208,22899,10857,12042,52921,29755,23166
09,182,balrampur,Rural,11,45902,24550,21352,12498,5757,6741,33404,18793,14611
09,182,balrampur,Rural,12,60506,32379,28127,15487,6922,8565,45019,25457,19562
09,182,balrampur,Rural,13,40727,21427,19300,10316,4396,5920,30411,17031,13380
09,182,balrampur,Rural,14,45143,23697,21446,12158,5360,6798,32985,18337,14648
09,182,balrampur,Rural,15,50815,27486,23329,15419,7047,8372,35396,20439,14957
09,182,balrampur,Rural,16,43690,22506,21184,13325,5635,7690,30365,16871,13494
09,182,balrampur,Rural,17,30694,16032,14662,9860,4047,5813,20834,11985,8849
09,182,balrampur,Rural,18,49957,26044,23913,18263,7077,11186,31694,18967,12727
09,182,balrampur,Rural,19,27603,14151,13452,10874,3929,6945,16729,10222,6507
09,182,balrampur,Rural,20-24,152690,78157,74533,71997,25247,46750,80693,52910,27783
09,182,balrampur,Rural,25-29,138803,69436,69367,79033,27813,51220,59770,41623,18147
09,182,balrampur,Rural,30-34,121213,59540,61673,75949,27330,48619,45264,32210,13054
09,182,balrampur,Rural,35-39,115904,58860,57044,76675,29469,47206,39229,29391,9838
09,182,balrampur,Rural,40-44,90606,48420,42186,62452,26461,35991,28154,21959,6195
09,182,balrampur,Rural,45-49,77109,38811,38298,55804,22052,33752,21305,16759,4546
09,182,balrampur,Rural,50-54,61732,34485,27247,45232,20961,24271,16500,13524,2976
09,182,balrampur,Rural,55-59,52574,25322,27252,40366,15486,24880,12208,9836,2372
09,182,balrampur,Rural,60-64,54854,30074,24780,42988,20192,22796,11866,9882,1984
09,182,balrampur,Rural,65-69,38351,20227,18124,30568,13775,16793,7783,6452,1331
09,182,balrampur,Rural,70-74,27898,16326,11572,22985,12124,10861,4913,4202,711
09,182,balrampur,Rural,75-79,11223,5829,5394,9388,4298,5090,1835,1531,304
09,182,balrampur,Rural,80+,16184,8807,7377,12989,6350,6639,3195,2457,738
09,182,balrampur,Rural,Age not stated,6660,3407,3253,3996,1694,2302,2664,1713,951
09,182,balrampur,Urban,All ages,166391,86778,79613,71044,33048,37996,95347,53730,41617
09,182,balrampur,Urban,0-6,23482,12137,11345,23482,12137,11345,0,0,0
09,182,balrampur,Urban,7,4127,2111,2016,1754,878,876,2373,1233,1140
09,182,balrampur,Urban,8,4714,2388,2326,1613,805,808,3101,1583,1518
09,182,balrampur,Urban,9,3465,1820,1645,1000,511,489,2465,1309,1156
09,182,balrampur,Urban,10,5051,2690,2361,1395,692,703,3656,1998,1658
09,182,balrampur,Urban,11,3765,1989,1776,911,472,439,2854,1517,1337
09,182,balrampur,Urban,12,4629,2383,2246,1135,569,566,3494,1814,1680
09,182,balrampur,Urban,13,3582,1854,1728,782,403,379,2800,1451,1349
09,182,balrampur,Urban,14,4074,2076,1998,921,461,460,3153,1615,1538
09,182,balrampur,Urban,15,4413,2242,2171,1090,572,518,3323,1670,1653
09,182,balrampur,Urban,16,4285,2150,2135,1050,538,512,3235,1612,1623
09,182,balrampur,Urban,17,3603,1867,1736,884,481,403,2719,1386,1333
09,182,balrampur,Urban,18,5250,2875,2375,1369,763,606,3881,2112,1769
09,182,balrampur,Urban,19,3257,1800,1457,790,416,374,2467,1384,1083
09,182,balrampur,Urban,20-24,16420,8923,7497,4243,2117,2126,12177,6806,5371
09,182,balrampur,Urban,25-29,13130,6972,6158,3951,1712,2239,9179,5260,3919
09,182,balrampur,Urban,30-34,10875,5516,5359,3754,1524,2230,7121,3992,3129
09,182,balrampur,Urban,35-39,10613,5416,5197,3984,1566,2418,6629,3850,2779
09,182,balrampur,Urban,40-44,8584,4504,4080,3425,1431,1994,5159,3073,2086
09,182,balrampur,Urban,45-49,7435,3833,3602,3086,1179,1907,4349,2654,1695
09,182,balrampur,Urban,50-54,5892,3096,2796,2452,920,1532,3440,2176,1264
09,182,balrampur,Urban,55-59,4626,2390,2236,2057,693,1364,2569,1697,872
09,182,balrampur,Urban,60-64,4161,2185,1976,2221,869,1352,1940,1316,624
09,182,balrampur,Urban,65-69,2683,1405,1278,1410,511,899,1273,894,379
09,182,balrampur,Urban,70-74,1832,971,861,1041,388,653,791,583,208
09,182,balrampur,Urban,75-79,788,396,392,412,145,267,376,251,125
09,182,balrampur,Urban,80+,1149,536,613,657,218,439,492,318,174
09,182,balrampur,Urban,Age not stated,506,253,253,175,77,98,331,176,155
09,183,gonda,Total,All ages,3433919,1787146,1646773,1753925,752965,1000960,1679994,1034181,645813
09,183,gonda,Total,0-6,572386,297178,275208,572386,297178,275208,0,0,0
09,183,gonda,Total,7,91785,47833,43952,31659,15504,16155,60126,32329,27797
09,183,gonda,Total,8,110499,58134,52365,27801,13367,14434,82698,44767,37931
09,183,gonda,Total,9,78291,41045,37246,15706,7319,8387,62585,33726,28859
09,183,gonda,Total,10,121490,64838,56652,24694,11881,12813,96796,52957,43839
09,183,gonda,Total,11,77378,41157,36221,13018,5989,7029,64360,35168,29192
09,183,gonda,Total,12,104022,55385,48637,17405,7873,9532,86617,47512,39105
09,183,gonda,Total,13,71253,36705,34548,11170,4736,6434,60083,31969,28114
09,183,gonda,Total,14,81805,42651,39154,13807,5971,7836,67998,36680,31318
09,183,gonda,Total,15,91002,49279,41723,18389,8479,9910,72613,40800,31813
09,183,gonda,Total,16,78799,41335,37464,16254,6945,9309,62545,34390,28155
09,183,gonda,Total,17,59375,31382,27993,12099,4908,7191,47276,26474,20802
09,183,gonda,Total,18,93091,50550,42541,23715,9646,14069,69376,40904,28472
09,183,gonda,Total,19,51766,26750,25016,13756,4876,8880,38010,21874,16136
09,183,gonda,Total,20-24,286212,148915,137297,97591,32586,65005,188621,116329,72292
09,183,gonda,Total,25-29,253924,127786,126138,112207,36115,76092,141717,91671,50046
09,183,gonda,Total,30-34,223509,111053,112456,113460,37437,76023,110049,73616,36433
09,183,gonda,Total,35-39,209818,107416,102402,114968,40916,74052,94850,66500,28350
09,183,gonda,Total,40-44,164034,87301,76733,94427,36903,57524,69607,50398,19209
09,183,gonda,Total,45-49,137542,69641,67901,84083,30656,53427,53459,38985,14474
09,183,gonda,Total,50-54,110883,61058,49825,69122,29040,40082,41761,32018,9743
09,183,gonda,Total,55-59,89995,42750,47245,60574,20340,40234,29421,22410,7011
09,183,gonda,Total,60-64,98213,52107,46106,69195,28990,40205,29018,23117,5901
09,183,gonda,Total,65-69,65760,34330,31430,47597,19684,27913,18163,14646,3517
09,183,gonda,Total,70-74,49303,27596,21707,37234,17555,19679,12069,10041,2028
09,183,gonda,Total,75-79,20138,10350,9788,15176,6358,8818,4962,3992,970
09,183,gonda,Total,80+,30292,15908,14384,21923,9661,12262,8369,6247,2122
09,183,gonda,Total,Age not stated,11354,6713,4641,4509,2052,2457,6845,4661,2184
09,183,gonda,Rural,All ages,3208890,1669058,1539832,1679725,718811,960914,1529165,950247,578918
09,183,gonda,Rural,0-6,543982,282320,261662,543982,282320,261662,0,0,0
09,183,gonda,Rural,7,86871,45295,41576,30198,14782,15416,56673,30513,26160
09,183,gonda,Rural,8,104972,55161,49811,26621,12751,13870,78351,42410,35941
09,183,gonda,Rural,9,74088,38791,35297,14965,6960,8005,59123,31831,27292
09,183,gonda,Rural,10,115373,61532,53841,23592,11286,12306,91781,50246,41535
09,183,gonda,Rural,11,72840,38718,34122,12375,5663,6712,60465,33055,27410
09,183,gonda,Rural,12,98345,52410,45935,16554,7443,9111,81791,44967,36824
09,183,gonda,Rural,13,66533,34285,32248,10568,4435,6133,55965,29850,26115
09,183,gonda,Rural,14,76344,39818,36526,13072,5583,7489,63272,34235,29037
09,183,gonda,Rural,15,85187,46192,38995,17537,8006,9531,67650,38186,29464
09,183,gonda,Rural,16,72956,38297,34659,15326,6465,8861,57630,31832,25798
09,183,gonda,Rural,17,54208,28683,25525,11433,4559,6874,42775,24124,18651
09,183,gonda,Rural,18,85976,46654,39322,22593,9002,13591,63383,37652,25731
09,183,gonda,Rural,19,47018,24151,22867,13105,4542,8563,33913,19609,14304
09,183,gonda,Rural,20-24,262330,135840,126490,93594,30592,63002,168736,105248,63488
09,183,gonda,Rural,25-29,235195,117961,117234,108120,34376,73744,127075,83585,43490
09,183,gonda,Rural,30-34,208376,103426,104950,109469,35882,73587,98907,67544,31363
09,183,gonda,Rural,35-39,195101,100046,95055,110772,39303,71469,84329,60743,23586
09,183,gonda,Rural,40-44,151181,80792,70389,90728,35447,55281,60453,45345,15108
09,183,gonda,Rural,45-49,125789,63576,62213,80694,29471,51223,45095,34105,10990
09,183,gonda,Rural,50-54,102050,56174,45876,66407,28039,38368,35643,28135,7508
09,183,gonda,Rural,55-59,83922,39594,44328,58521,19714,38807,25401,19880,5521
09,183,gonda,Rural,60-64,92909,49348,43561,66981,28244,38737,25928,21104,4824
09,183,gonda,Rural,65-69,62532,32659,29873,46188,19202,26986,16344,13457,2887
09,183,gonda,Rural,70-74,47053,26425,20628,36170,17179,18991,10883,9246,1637
09,183,gonda,Rural,75-79,19208,9879,9329,14796,6245,8551,4412,3634,778
09,183,gonda,Rural,80+,28787,15183,13604,21216,9431,11785,7571,5752,1819
09,183,gonda,Rural,Age not stated,9764,5848,3916,4148,1889,2259,5616,3959,1657
09,183,gonda,Urban,All ages,225029,118088,106941,74200,34154,40046,150829,83934,66895
09,183,gonda,Urban,0-6,28404,14858,13546,28404,14858,13546,0,0,0
09,183,gonda,Urban,7,4914,2538,2376,1461,722,739,3453,1816,1637
09,183,gonda,Urban,8,5527,2973,2554,1180,616,564,4347,2357,1990
09,183,gonda,Urban,9,4203,2254,1949,741,359,382,3462,1895,1567
09,183,gonda,Urban,10,6117,3306,2811,1102,595,507,5015,2711,2304
09,183,gonda,Urban,11,4538,2439,2099,643,326,317,3895,2113,1782
09,183,gonda,Urban,12,5677,2975,2702,851,430,421,4826,2545,2281
09,183,gonda,Urban,13,4720,2420,2300,602,301,301,4118,2119,1999
09,183,gonda,Urban,14,5461,2833,2628,735,388,347,4726,2445,2281
09,183,gonda,Urban,15,5815,3087,2728,852,473,379,4963,2614,2349
09,183,gonda,Urban,16,5843,3038,2805,928,480,448,4915,2558,2357
09,183,gonda,Urban,17,5167,2699,2468,666,349,317,4501,2350,2151
09,183,gonda,Urban,18,7115,3896,3219,1122,644,478,5993,3252,2741
09,183,gonda,Urban,19,4748,2599,2149,651,334,317,4097,2265,1832
09,183,gonda,Urban,20-24,23882,13075,10807,3997,1994,2003,19885,11081,8804
09,183,gonda,Urban,25-29,18729,9825,8904,4087,1739,2348,14642,8086,6556
09,183,gonda,Urban,30-34,15133,7627,7506,3991,1555,2436,11142,6072,5070
09,183,gonda,Urban,35-39,14717,7370,7347,4196,1613,2583,10521,5757,4764
09,183,gonda,Urban,40-44,12853,6509,6344,3699,1456,2243,9154,5053,4101
09,183,gonda,Urban,45-49,11753,6065,5688,3389,1185,2204,8364,4880,3484
09,183,gonda,Urban,50-54,8833,4884,3949,2715,1001,1714,6118,3883,2235
09,183,gonda,Urban,55-59,6073,3156,2917,2053,626,1427,4020,2530,1490
09,183,gonda,Urban,60-64,5304,2759,2545,2214,746,1468,3090,2013,1077
09,183,gonda,Urban,65-69,3228,1671,1557,1409,482,927,1819,1189,630
09,183,gonda,Urban,70-74,2250,1171,1079,1064,376,688,1186,795,391
09,183,gonda,Urban,75-79,930,471,459,380,113,267,550,358,192
09,183,gonda,Urban,80+,1505,725,780,707,230,477,798,495,303
09,183,gonda,Urban,Age not stated,1590,865,725,361,163,198,1229,702,527
09,184,siddharthnagar,Total,All ages,2559297,1295095,1264202,1330371,554377,775994,1228926,740718,488208
09,184,siddharthnagar,Total,0-6,485138,250683,234455,485138,250683,234455,0,0,0
09,184,siddharthnagar,Total,7,72576,37494,35082,23272,11407,11865,49304,26087,23217
09,184,siddharthnagar,Total,8,85868,44432,41436,18865,8870,9995,67003,35562,31441
09,184,siddharthnagar,Total,9,61179,31770,29409,10785,4967,5818,50394,26803,23591
09,184,siddharthnagar,Total,10,93715,48827,44888,15793,7217,8576,77922,41610,36312
09,184,siddharthnagar,Total,11,58413,30388,28025,8457,3739,4718,49956,26649,23307
09,184,siddharthnagar,Total,12,78821,40747,38074,11038,4637,6401,67783,36110,31673
09,184,siddharthnagar,Total,13,55495,28099,27396,7535,2935,4600,47960,25164,22796
09,184,siddharthnagar,Total,14,60599,30189,30410,9275,3506,5769,51324,26683,24641
09,184,siddharthnagar,Total,15,63807,31984,31823,11494,4350,7144,52313,27634,24679
09,184,siddharthnagar,Total,16,59035,28303,30732,11192,3833,7359,47843,24470,23373
09,184,siddharthnagar,Total,17,42340,20704,21636,8073,2695,5378,34267,18009,16258
09,184,siddharthnagar,Total,18,64206,32312,31894,14412,4751,9661,49794,27561,22233
09,184,siddharthnagar,Total,19,37627,18338,19289,9505,2703,6802,28122,15635,12487
09,184,siddharthnagar,Total,20-24,195854,95507,100347,64652,16919,47733,131202,78588,52614
09,184,siddharthnagar,Total,25-29,175723,84427,91296,75849,19601,56248,99874,64826,35048
09,184,siddharthnagar,Total,30-34,151764,71947,79817,75849,20824,55025,75915,51123,24792
09,184,siddharthnagar,Total,35-39,144438,70583,73855,80006,24554,55452,64432,46029,18403
09,184,siddharthnagar,Total,40-44,111945,57329,54616,66069,23269,42800,45876,34060,11816
09,184,siddharthnagar,Total,45-49,95855,47708,48147,60556,21143,39413,35299,26565,8734
09,184,siddharthnagar,Total,50-54,76414,41282,35132,49472,20163,29309,26942,21119,5823
09,184,siddharthnagar,Total,55-59,71019,32585,38434,49932,16298,33634,21087,16287,4800
09,184,siddharthnagar,Total,60-64,83925,44985,38940,62406,27367,35039,21519,17618,3901
09,184,siddharthnagar,Total,65-69,55096,30233,24863,41840,19233,22607,13256,11000,2256
09,184,siddharthnagar,Total,70-74,37752,22294,15458,29363,15158,14205,8389,7136,1253
09,184,siddharthnagar,Total,75-79,15108,8198,6910,11732,5418,6314,3376,2780,596
09,184,siddharthnagar,Total,80+,20663,11229,9434,15379,7216,8163,5284,4013,1271
09,184,siddharthnagar,Total,Age not stated,4922,2518,2404,2432,921,1511,2490,1597,893
09,184,siddharthnagar,Rural,All ages,2398606,1212141,1186465,1267299,526905,740394,1131307,685236,446071
09,184,siddharthnagar,Rural,0-6,459756,237465,222291,459756,237465,222291,0,0,0
09,184,siddharthnagar,Rural,7,68372,35303,33069,21991,10745,11246,46381,24558,21823
09,184,siddharthnagar,Rural,8,81422,42152,39270,17907,8411,9496,63515,33741,29774
09,184,siddharthnagar,Rural,9,57625,29942,27683,10197,4689,5508,47428,25253,22175
09,184,siddharthnagar,Rural,10,88752,46243,42509,14964,6818,8146,73788,39425,34363
09,184,siddharthnagar,Rural,11,54829,28571,26258,7954,3509,4445,46875,25062,21813
09,184,siddharthnagar,Rural,12,74131,38275,35856,10383,4301,6082,63748,33974,29774
09,184,siddharthnagar,Rural,13,51951,26343,25608,7091,2715,4376,44860,23628,21232
09,184,siddharthnagar,Rural,14,56564,28167,28397,8749,3244,5505,47815,24923,22892
09,184,siddharthnagar,Rural,15,59630,29938,29692,10864,4053,6811,48766,25885,22881
09,184,siddharthnagar,Rural,16,55049,26315,28734,10602,3555,7047,44447,22760,21687
09,184,siddharthnagar,Rural,17,38832,18920,19912,7587,2477,5110,31245,16443,14802
09,184,siddharthnagar,Rural,18,59274,29709,29565,13599,4363,9236,45675,25346,20329
09,184,siddharthnagar,Rural,19,34498,16724,17774,9005,2480,6525,25493,14244,11249
09,184,siddharthnagar,Rural,20-24,180573,87378,93195,61600,15735,45865,118973,71643,47330
09,184,siddharthnagar,Rural,25-29,163294,78067,85227,72499,18516,53983,90795,59551,31244
09,184,siddharthnagar,Rural,30-34,141226,66651,74575,72464,19737,52727,68762,46914,21848
09,184,siddharthnagar,Rural,35-39,134855,65597,69258,76742,23422,53320,58113,42175,15938
09,184,siddharthnagar,Rural,40-44,104286,53362,50924,63227,22285,40942,41059,31077,9982
09,184,siddharthnagar,Rural,45-49,89338,44355,44983,57971,20325,37646,31367,24030,7337
09,184,siddharthnagar,Rural,50-54,71273,38517,32756,47331,19385,27946,23942,19132,4810
09,184,siddharthnagar,Rural,55-59,66623,30446,36177,47854,15715,32139,18769,14731,4038
09,184,siddharthnagar,Rural,60-64,79569,42724,36845,60021,26474,33547,19548,16250,3298
09,184,siddharthnagar,Rural,65-69,52304,28761,23543,40253,18633,21620,12051,10128,1923
09,184,siddharthnagar,Rural,70-74,35911,21307,14604,28265,14710,13555,7646,6597,1049
09,184,siddharthnagar,Rural,75-79,14297,7763,6534,11279,5248,6031,3018,2515,503
09,184,siddharthnagar,Rural,80+,19547,10671,8876,14745,6984,7761,4802,3687,1115
09,184,siddharthnagar,Rural,Age not stated,4825,2475,2350,2399,911,1488,2426,1564,862
09,184,siddharthnagar,Urban,All ages,160691,82954,77737,63072,27472,35600,97619,55482,42137
09,184,siddharthnagar,Urban,0-6,25382,13218,12164,25382,13218,12164,0,0,0
09,184,siddharthnagar,Urban,7,4204,2191,2013,1281,662,619,2923,1529,1394
09,184,siddharthnagar,Urban,8,4446,2280,2166,958,459,499,3488,1821,1667
09,184,siddharthnagar,Urban,9,3554,1828,1726,588,278,310,2966,1550,1416
09,184,siddharthnagar,Urban,10,4963,2584,2379,829,399,430,4134,2185,1949
09,184,siddharthnagar,Urban,11,3584,1817,1767,503,230,273,3081,1587,1494
09,184,siddharthnagar,Urban,12,4690,2472,2218,655,336,319,4035,2136,1899
09,184,siddharthnagar,Urban,13,3544,1756,1788,444,220,224,3100,1536,1564
09,184,siddharthnagar,Urban,14,4035,2022,2013,526,262,264,3509,1760,1749
09,184,siddharthnagar,Urban,15,4177,2046,2131,630,297,333,3547,1749,1798
09,184,siddharthnagar,Urban,16,3986,1988,1998,590,278,312,3396,1710,1686
09,184,siddharthnagar,Urban,17,3508,1784,1724,486,218,268,3022,1566,1456
09,184,siddharthnagar,Urban,18,4932,2603,2329,813,388,425,4119,2215,1904
09,184,siddharthnagar,Urban,19,3129,1614,1515,500,223,277,2629,1391,1238
09,184,siddharthnagar,Urban,20-24,15281,8129,7152,3052,1184,1868,12229,6945,5284
09,184,siddharthnagar,Urban,25-29,12429,6360,6069,3350,1085,2265,9079,5275,3804
09,184,siddharthnagar,Urban,30-34,10538,5296,5242,3385,1087,2298,7153,4209,2944
09,184,siddharthnagar,Urban,35-39,9583,4986,4597,3264,1132,2132,6319,3854,2465
09,184,siddharthnagar,Urban,40-44,7659,3967,3692,2842,984,1858,4817,2983,1834
09,184,siddharthnagar,Urban,45-49,6517,3353,3164,2585,818,1767,3932,2535,1397
09,184,siddharthnagar,Urban,50-54,5141,2765,2376,2141,778,1363,3000,1987,1013
09,184,siddharthnagar,Urban,55-59,4396,2139,2257,2078,583,1495,2318,1556,762
09,184,siddharthnagar,Urban,60-64,4356,2261,2095,2385,893,1492,1971,1368,603
09,184,siddharthnagar,Urban,65-69,2792,1472,1320,1587,600,987,1205,872,333
09,184,siddharthnagar,Urban,70-74,1841,987,854,1098,448,650,743,539,204
09,184,siddharthnagar,Urban,75-79,811,435,376,453,170,283,358,265,93
09,184,siddharthnagar,Urban,80+,1116,558,558,634,232,402,482,326,156
09,184,siddharthnagar,Urban,Age not stated,97,43,54,33,10,23,64,33,31
09,185,basti,Total,All ages,2464464,1255272,1209192,1070681,435553,635128,1393783,819719,574064
09,185,basti,Total,0-6,390969,202683,188286,390969,202683,188286,0,0,0
09,185,basti,Total,7,62931,32387,30544,16531,8154,8377,46400,24233,22167
09,185,basti,Total,8,74970,38964,36006,11122,5377,5745,63848,33587,30261
09,185,basti,Total,9,55283,28457,26826,5936,2827,3109,49347,25630,23717
09,185,basti,Total,10,84213,44438,39775,8798,4210,4588,75415,40228,35187
09,185,basti,Total,11,55842,29345,26497,4502,2145,2357,51340,27200,24140
09,185,basti,Total,12,74234,38576,35658,6025,2635,3390,68209,35941,32268
09,185,basti,Total,13,56434,28429,28005,4302,1799,2503,52132,26630,25502
09,185,basti,Total,14,62105,31232,30873,5246,2109,3137,56859,29123,27736
09,185,basti,Total,15,66550,33680,32870,6953,2830,4123,59597,30850,28747
09,185,basti,Total,16,61535,30112,31423,6702,2492,4210,54833,27620,27213
09,185,basti,Total,17,46401,23217,23184,5117,1784,3333,41284,21433,19851
09,185,basti,Total,18,70180,36424,33756,9662,3453,6209,60518,32971,27547
09,185,basti,Total,19,37682,18808,18874,5515,1749,3766,32167,17059,15108
09,185,basti,Total,20-24,202836,100983,101853,42781,11585,31196,160055,89398,70657
09,185,basti,Total,25-29,171872,83929,87943,54407,13479,40928,117465,70450,47015
09,185,basti,Total,30-34,154207,72961,81246,62314,15246,47068,91893,57715,34178
09,185,basti,Total,35-39,149121,73981,75140,68997,19222,49775,80124,54759,25365
09,185,basti,Total,40-44,117130,60543,56587,59145,18934,40211,57985,41609,16376
09,185,basti,Total,45-49,98807,49901,48906,53884,17098,36786,44923,32803,12120
09,185,basti,Total,50-54,80664,43194,37470,45994,16837,29157,34670,26357,8313
09,185,basti,Total,55-59,71742,34049,37693,44758,13607,31151,26984,20442,6542
09,185,basti,Total,60-64,81023,43199,37824,55009,22401,32608,26014,20798,5216
09,185,basti,Total,65-69,53706,28966,24740,37716,16012,21704,15990,12954,3036
09,185,basti,Total,70-74,38989,22436,16553,28496,13689,14807,10493,8747,1746
09,185,basti,Total,75-79,16265,8824,7441,11776,5183,6593,4489,3641,848
09,185,basti,Total,80+,21502,11816,9686,15109,6915,8194,6393,4901,1492
09,185,basti,Total,Age not stated,7271,3738,3533,2915,1098,1817,4356,2640,1716
09,185,basti,Rural,All ages,2326367,1182846,1143521,1033048,419367,613681,1293319,763479,529840
09,185,basti,Rural,0-6,374686,194132,180554,374686,194132,180554,0,0,0
09,185,basti,Rural,7,60204,30948,29256,15896,7827,8069,44308,23121,21187
09,185,basti,Rural,8,71879,37309,34570,10683,5144,5539,61196,32165,29031
09,185,basti,Rural,9,52811,27171,25640,5675,2702,2973,47136,24469,22667
09,185,basti,Rural,10,80759,42572,38187,8424,4027,4397,72335,38545,33790
09,185,basti,Rural,11,53243,27971,25272,4305,2040,2265,48938,25931,23007
09,185,basti,Rural,12,70912,36829,34083,5716,2487,3229,65196,34342,30854
09,185,basti,Rural,13,53626,26952,26674,4073,1682,2391,49553,25270,24283
09,185,basti,Rural,14,58987,29583,29404,4997,1999,2998,53990,27584,26406
09,185,basti,Rural,15,63123,31883,31240,6632,2675,3957,56491,29208,27283
09,185,basti,Rural,16,58106,28301,29805,6369,2321,4048,51737,25980,25757
09,185,basti,Rural,17,43297,21579,21718,4847,1656,3191,38450,19923,18527
09,185,basti,Rural,18,65895,34056,31839,9232,3230,6002,56663,30826,25837
09,185,basti,Rural,19,34774,17228,17546,5279,1645,3634,29495,15583,13912
09,185,basti,Rural,20-24,188130,93272,94858,41223,10890,30333,146907,82382,64525
09,185,basti,Rural,25-29,160029,77760,82269,52733,12897,39836,107296,64863,42433
09,185,basti,Rural,30-34,143951,67770,76181,60488,14670,45818,83463,53100,30363
09,185,basti,Rural,35-39,139442,69024,70418,66940,18580,48360,72502,50444,22058
09,185,basti,Rural,40-44,109188,56281,52907,57280,18284,38996,51908,37997,13911
09,185,basti,Rural,45-49,91900,46309,45591,52192,16592,35600,39708,29717,9991
09,185,basti,Rural,50-54,75290,40343,34947,44562,16402,28160,30728,23941,6787
09,185,basti,Rural,55-59,67263,31776,35487,43449,13291,30158,23814,18485,5329
09,185,basti,Rural,60-64,77074,41133,35941,53639,21989,31650,23435,19144,4291
09,185,basti,Rural,65-69,51215,27644,23571,36824,15744,21080,14391,11900,2491
09,185,basti,Rural,70-74,37301,21536,15765,27820,13471,14349,9481,8065,1416
09,185,basti,Rural,75-79,15476,8427,7049,11466,5101,6365,4010,3326,684
09,185,basti,Rural,80+,20601,11360,9241,14720,6799,7921,5881,4561,1320
09,185,basti,Rural,Age not stated,7205,3697,3508,2898,1090,1808,4307,2607,1700
09,185,basti,Urban,All ages,138097,72426,65671,37633,16186,21447,100464,56240,44224
09,185,basti,Urban,0-6,16283,8551,7732,16283,8551,7732,0,0,0
09,185,basti,Urban,7,2727,1439,1288,635,327,308,2092,1112,980
09,185,basti,Urban,8,3091,1655,1436,439,233,206,2652,1422,1230
09,185,basti,Urban,9,2472,1286,1186,261,125,136,2211,1161,1050
09,185,basti,Urban,10,3454,1866,1588,374,183,191,3080,1683,1397
09,185,basti,Urban,11,2599,1374,1225,197,105,92,2402,1269,1133
09,185,basti,Urban,12,3322,1747,1575,309,148,161,3013,1599,1414
09,185,basti,Urban,13,2808,1477,1331,229,117,112,2579,1360,1219
09,185,basti,Urban,14,3118,1649,1469,249,110,139,2869,1539,1330
09,185,basti,Urban,15,3427,1797,1630,321,155,166,3106,1642,1464
09,185,basti,Urban,16,3429,1811,1618,333,171,162,3096,1640,1456
09,185,basti,Urban,17,3104,1638,1466,270,128,142,2834,1510,1324
09,185,basti,Urban,18,4285,2368,1917,430,223,207,3855,2145,1710
09,185,basti,Urban,19,2908,1580,1328,236,104,132,2672,1476,1196
09,185,basti,Urban,20-24,14706,7711,6995,1558,695,863,13148,7016,6132
09,185,basti,Urban,25-29,11843,6169,5674,1674,582,1092,10169,5587,4582
09,185,basti,Urban,30-34,10256,5191,5065,1826,576,1250,8430,4615,3815
09,185,basti,Urban,35-39,9679,4957,4722,2057,642,1415,7622,4315,3307
09,185,basti,Urban,40-44,7942,4262,3680,1865,650,1215,6077,3612,2465
09,185,basti,Urban,45-49,6907,3592,3315,1692,506,1186,5215,3086,2129
09,185,basti,Urban,50-54,5374,2851,2523,1432,435,997,3942,2416,1526
09,185,basti,Urban,55-59,4479,2273,2206,1309,316,993,3170,1957,1213
09,185,basti,Urban,60-64,3949,2066,1883,1370,412,958,2579,1654,925
09,185,basti,Urban,65-69,2491,1322,1169,892,268,624,1599,1054,545
09,185,basti,Urban,70-74,1688,900,788,676,218,458,1012,682,330
09,185,basti,Urban,75-79,789,397,392,310,82,228,479,315,164
09,185,basti,Urban,80+,901,456,445,389,116,273,512,340,172
09,185,basti,Urban,Age not stated,66,41,25,17,8,9,49,33,16
09,186,sant kabir nagar,Total,All ages,1715183,869656,845527,760234,302558,457676,954949,567098,387851
09,186,sant kabir nagar,Total,0-6,283912,146188,137724,283912,146188,137724,0,0,0
09,186,sant kabir nagar,Total,7,44563,22956,21607,11794,5814,5980,32769,17142,15627
09,186,sant kabir nagar,Total,8,53524,28066,25458,8572,4132,4440,44952,23934,21018
09,186,sant kabir nagar,Total,9,39507,20532,18975,4896,2315,2581,34611,18217,16394
09,186,sant kabir nagar,Total,10,61675,32580,29095,7172,3423,3749,54503,29157,25346
09,186,sant kabir nagar,Total,11,38173,19865,18308,3684,1697,1987,34489,18168,16321
09,186,sant kabir nagar,Total,12,53072,27491,25581,4498,1914,2584,48574,25577,22997
09,186,sant kabir nagar,Total,13,38384,19239,19145,3069,1245,1824,35315,17994,17321
09,186,sant kabir nagar,Total,14,42902,21643,21259,3836,1573,2263,39066,20070,18996
09,186,sant kabir nagar,Total,15,44907,22559,22348,4854,1896,2958,40053,20663,19390
09,186,sant kabir nagar,Total,16,43973,21385,22588,4982,1757,3225,38991,19628,19363
09,186,sant kabir nagar,Total,17,31727,15844,15883,3646,1276,2370,28081,14568,13513
09,186,sant kabir nagar,Total,18,48159,24692,23467,6655,2257,4398,41504,22435,19069
09,186,sant kabir nagar,Total,19,26991,13566,13425,4059,1147,2912,22932,12419,10513
09,186,sant kabir nagar,Total,20-24,138422,69436,68986,30176,7755,22421,108246,61681,46565
09,186,sant kabir nagar,Total,25-29,118477,57448,61029,38660,8755,29905,79817,48693,31124
09,186,sant kabir nagar,Total,30-34,106463,50045,56418,43528,9869,33659,62935,40176,22759
09,186,sant kabir nagar,Total,35-39,101251,49764,51487,46774,12014,34760,54477,37750,16727
09,186,sant kabir nagar,Total,40-44,78857,40208,38649,39870,11770,28100,38987,28438,10549
09,186,sant kabir nagar,Total,45-49,65824,32958,32866,36740,11077,25663,29084,21881,7203
09,186,sant kabir nagar,Total,50-54,52557,28010,24547,30533,10793,19740,22024,17217,4807
09,186,sant kabir nagar,Total,55-59,49376,22386,26990,32251,9076,23175,17125,13310,3815
09,186,sant kabir nagar,Total,60-64,58324,31042,27282,39637,15654,23983,18687,15388,3299
09,186,sant kabir nagar,Total,65-69,38373,20555,17818,27153,11291,15862,11220,9264,1956
09,186,sant kabir nagar,Total,70-74,26615,15526,11089,19312,9236,10076,7303,6290,1013
09,186,sant kabir nagar,Total,75-79,10845,5834,5011,8009,3417,4592,2836,2417,419
09,186,sant kabir nagar,Total,80+,14412,7800,6612,10341,4572,5769,4071,3228,843
09,186,sant kabir nagar,Total,Age not stated,3918,2038,1880,1621,645,976,2297,1393,904
09,186,sant kabir nagar,Rural,All ages,1586652,802609,784043,713850,282738,431112,872802,519871,352931
09,186,sant kabir nagar,Rural,0-6,264830,136339,128491,264830,136339,128491,0,0,0
09,186,sant kabir nagar,Rural,7,41501,21342,20159,10992,5403,5589,30509,15939,14570
09,186,sant kabir nagar,Rural,8,50105,26216,23889,8021,3859,4162,42084,22357,19727
09,186,sant kabir nagar,Rural,9,36920,19152,17768,4560,2135,2425,32360,17017,15343
09,186,sant kabir nagar,Rural,10,57579,30381,27198,6697,3185,3512,50882,27196,23686
09,186,sant kabir nagar,Rural,11,35569,18436,17133,3444,1574,1870,32125,16862,15263
09,186,sant kabir nagar,Rural,12,49363,25528,23835,4136,1738,2398,45227,23790,21437
09,186,sant kabir nagar,Rural,13,35620,17817,17803,2800,1113,1687,32820,16704,16116
09,186,sant kabir nagar,Rural,14,39569,19914,19655,3505,1404,2101,36064,18510,17554
09,186,sant kabir nagar,Rural,15,41487,20781,20706,4416,1667,2749,37071,19114,17957
09,186,sant kabir nagar,Rural,16,40513,19656,20857,4564,1553,3011,35949,18103,17846
09,186,sant kabir nagar,Rural,17,29033,14467,14566,3327,1132,2195,25706,13335,12371
09,186,sant kabir nagar,Rural,18,44204,22542,21662,6157,2026,4131,38047,20516,17531
09,186,sant kabir nagar,Rural,19,24536,12253,12283,3774,1032,2742,20762,11221,9541
09,186,sant kabir nagar,Rural,20-24,126064,62913,63151,28204,6972,21232,97860,55941,41919
09,186,sant kabir nagar,Rural,25-29,108470,52260,56210,36336,7974,28362,72134,44286,27848
09,186,sant kabir nagar,Rural,30-34,97905,45805,52100,41068,9071,31997,56837,36734,20103
09,186,sant kabir nagar,Rural,35-39,93081,45602,47479,44172,11198,32974,48909,34404,14505
09,186,sant kabir nagar,Rural,40-44,72341,36773,35568,37633,11020,26613,34708,25753,8955
09,186,sant kabir nagar,Rural,45-49,60464,30196,30268,34644,10439,24205,25820,19757,6063
09,186,sant kabir nagar,Rural,50-54,48330,25727,22603,28796,10192,18604,19534,15535,3999
09,186,sant kabir nagar,Rural,55-59,45739,20552,25187,30547,8614,21933,15192,11938,3254
09,186,sant kabir nagar,Rural,60-64,54918,29226,25692,37863,15040,22823,17055,14186,2869
09,186,sant kabir nagar,Rural,65-69,36068,19383,16685,25898,10880,15018,10170,8503,1667
09,186,sant kabir nagar,Rural,70-74,25141,14675,10466,18485,8908,9577,6656,5767,889
09,186,sant kabir nagar,Rural,75-79,10197,5486,4711,7646,3291,4355,2551,2195,356
09,186,sant kabir nagar,Rural,80+,13625,7389,6236,9885,4403,5482,3740,2986,754
09,186,sant kabir nagar,Rural,Age not stated,3480,1798,1682,1450,576,874,2030,1222,808
09,186,sant kabir nagar,Urban,All ages,128531,67047,61484,46384,19820,26564,82147,47227,34920
09,186,sant kabir nagar,Urban,0-6,19082,9849,9233,19082,9849,9233,0,0,0
09,186,sant kabir nagar,Urban,7,3062,1614,1448,802,411,391,2260,1203,1057
09,186,sant kabir nagar,Urban,8,3419,1850,1569,551,273,278,2868,1577,1291
09,186,sant kabir nagar,Urban,9,2587,1380,1207,336,180,156,2251,1200,1051
09,186,sant kabir nagar,Urban,10,4096,2199,1897,475,238,237,3621,1961,1660
09,186,sant kabir nagar,Urban,11,2604,1429,1175,240,123,117,2364,1306,1058
09,186,sant kabir nagar,Urban,12,3709,1963,1746,362,176,186,3347,1787,1560
09,186,sant kabir nagar,Urban,13,2764,1422,1342,269,132,137,2495,1290,1205
09,186,sant kabir nagar,Urban,14,3333,1729,1604,331,169,162,3002,1560,1442
09,186,sant kabir nagar,Urban,15,3420,1778,1642,438,229,209,2982,1549,1433
09,186,sant kabir nagar,Urban,16,3460,1729,1731,418,204,214,3042,1525,1517
09,186,sant kabir nagar,Urban,17,2694,1377,1317,319,144,175,2375,1233,1142
09,186,sant kabir nagar,Urban,18,3955,2150,1805,498,231,267,3457,1919,1538
09,186,sant kabir nagar,Urban,19,2455,1313,1142,285,115,170,2170,1198,972
09,186,sant kabir nagar,Urban,20-24,12358,6523,5835,1972,783,1189,10386,5740,4646
09,186,sant kabir nagar,Urban,25-29,10007,5188,4819,2324,781,1543,7683,4407,3276
09,186,sant kabir nagar,Urban,30-34,8558,4240,4318,2460,798,1662,6098,3442,2656
09,186,sant kabir nagar,Urban,35-39,8170,4162,4008,2602,816,1786,5568,3346,2222
09,186,sant kabir nagar,Urban,40-44,6516,3435,3081,2237,750,1487,4279,2685,1594
09,186,sant kabir nagar,Urban,45-49,5360,2762,2598,2096,638,1458,3264,2124,1140
09,186,sant kabir nagar,Urban,50-54,4227,2283,1944,1737,601,1136,2490,1682,808
09,186,sant kabir nagar,Urban,55-59,3637,1834,1803,1704,462,1242,1933,1372,561
09,186,sant kabir nagar,Urban,60-64,3406,1816,1590,1774,614,1160,1632,1202,430
09,186,sant kabir nagar,Urban,65-69,2305,1172,1133,1255,411,844,1050,761,289
09,186,sant kabir nagar,Urban,70-74,1474,851,623,827,328,499,647,523,124
09,186,sant kabir nagar,Urban,75-79,648,348,300,363,126,237,285,222,63
09,186,sant kabir nagar,Urban,80+,787,411,376,456,169,287,331,242,89
09,186,sant kabir nagar,Urban,Age not stated,438,240,198,171,69,102,267,171,96
09,187,mahrajganj,Total,All ages,2684703,1381754,1302949,1265559,500080,765479,1419144,881674,537470
09,187,mahrajganj,Total,0-6,423537,219357,204180,423537,219357,204180,0,0,0
09,187,mahrajganj,Total,7,69757,36215,33542,19891,9666,10225,49866,26549,23317
09,187,mahrajganj,Total,8,84497,43854,40643,15980,7573,8407,68517,36281,32236
09,187,mahrajganj,Total,9,61776,31848,29928,8918,4157,4761,52858,27691,25167
09,187,mahrajganj,Total,10,97251,50913,46338,13280,6079,7201,83971,44834,39137
09,187,mahrajganj,Total,11,62060,32135,29925,6980,3080,3900,55080,29055,26025
09,187,mahrajganj,Total,12,78684,40477,38207,8226,3372,4854,70458,37105,33353
09,187,mahrajganj,Total,13,57444,28914,28530,5662,2219,3443,51782,26695,25087
09,187,mahrajganj,Total,14,64083,32451,31632,6607,2480,4127,57476,29971,27505
09,187,mahrajganj,Total,15,67386,35429,31957,8251,3334,4917,59135,32095,27040
09,187,mahrajganj,Total,16,63394,32346,31048,8141,2951,5190,55253,29395,25858
09,187,mahrajganj,Total,17,46346,24342,22004,6119,2057,4062,40227,22285,17942
09,187,mahrajganj,Total,18,69971,38058,31913,11244,3798,7446,58727,34260,24467
09,187,mahrajganj,Total,19,41039,21888,19151,7476,2100,5376,33563,19788,13775
09,187,mahrajganj,Total,20-24,209779,108066,101713,55777,13315,42462,154002,94751,59251
09,187,mahrajganj,Total,25-29,197489,97409,100080,75518,16983,58535,121971,80426,41545
09,187,mahrajganj,Total,30-34,179837,87796,92041,83578,20268,63310,96259,67528,28731
09,187,mahrajganj,Total,35-39,171047,86599,84448,88795,24688,64107,82252,61911,20341
09,187,mahrajganj,Total,40-44,131504,69127,62377,74362,24276,50086,57142,44851,12291
09,187,mahrajganj,Total,45-49,112726,57086,55640,69421,22471,46950,43305,34615,8690
09,187,mahrajganj,Total,50-54,88542,47860,40682,55885,21154,34731,32657,26706,5951
09,187,mahrajganj,Total,55-59,75567,36423,39144,51082,16456,34626,24485,19967,4518
09,187,mahrajganj,Total,60-64,73754,39735,34019,51915,21474,30441,21839,18261,3578
09,187,mahrajganj,Total,65-69,52378,26746,25632,38494,15381,23113,13884,11365,2519
09,187,mahrajganj,Total,70-74,38840,21908,16932,29610,14083,15527,9230,7825,1405
09,187,mahrajganj,Total,75-79,16853,8608,8245,13023,5489,7534,3830,3119,711
09,187,mahrajganj,Total,80+,24639,13300,11339,17247,7821,9426,7392,5479,1913
09,187,mahrajganj,Total,Age not stated,24523,12864,11659,10540,3998,6542,13983,8866,5117
09,187,mahrajganj,Rural,All ages,2549973,1312126,1237847,1222797,482642,740155,1327176,829484,497692
09,187,mahrajganj,Rural,0-6,406291,210380,195911,406291,210380,195911,0,0,0
09,187,mahrajganj,Rural,7,66678,34629,32049,19082,9253,9829,47596,25376,22220
09,187,mahrajganj,Rural,8,81059,42139,38920,15451,7331,8120,65608,34808,30800
09,187,mahrajganj,Rural,9,59038,30412,28626,8553,3974,4579,50485,26438,24047
09,187,mahrajganj,Rural,10,93116,48728,44388,12807,5839,6968,80309,42889,37420
09,187,mahrajganj,Rural,11,59190,30629,28561,6716,2950,3766,52474,27679,24795
09,187,mahrajganj,Rural,12,75088,38593,36495,7953,3259,4694,67135,35334,31801
09,187,mahrajganj,Rural,13,54525,27441,27084,5431,2099,3332,49094,25342,23752
09,187,mahrajganj,Rural,14,60770,30804,29966,6376,2380,3996,54394,28424,25970
09,187,mahrajganj,Rural,15,64021,33699,30322,7973,3203,4770,56048,30496,25552
09,187,mahrajganj,Rural,16,59960,30665,29295,7839,2816,5023,52121,27849,24272
09,187,mahrajganj,Rural,17,43554,22907,20647,5914,1961,3953,37640,20946,16694
09,187,mahrajganj,Rural,18,65854,35826,30028,10844,3604,7240,55010,32222,22788
09,187,mahrajganj,Rural,19,38389,20470,17919,7207,1975,5232,31182,18495,12687
09,187,mahrajganj,Rural,20-24,196931,101257,95674,54166,12725,41441,142765,88532,54233
09,187,mahrajganj,Rural,25-29,186527,91851,94676,73490,16351,57139,113037,75500,37537
09,187,mahrajganj,Rural,30-34,170076,82947,87129,81309,19653,61656,88767,63294,25473
09,187,mahrajganj,Rural,35-39,161871,81918,79953,86182,23959,62223,75689,57959,17730
09,187,mahrajganj,Rural,40-44,123988,65178,58810,72024,23604,48420,51964,41574,10390
09,187,mahrajganj,Rural,45-49,106430,53815,52615,67258,21858,45400,39172,31957,7215
09,187,mahrajganj,Rural,50-54,83727,45278,38449,54164,20644,33520,29563,24634,4929
09,187,mahrajganj,Rural,55-59,71685,34482,37203,49516,16029,33487,22169,18453,3716
09,187,mahrajganj,Rural,60-64,70309,37889,32420,50407,21017,29390,19902,16872,3030
09,187,mahrajganj,Rural,65-69,50040,25567,24473,37354,15040,22314,12686,10527,2159
09,187,mahrajganj,Rural,70-74,37209,21068,16141,28732,13791,14941,8477,7277,1200
09,187,mahrajganj,Rural,75-79,16157,8237,7920,12663,5369,7294,3494,2868,626
09,187,mahrajganj,Rural,80+,23517,12730,10787,16731,7650,9081,6786,5080,1706
09,187,mahrajganj,Rural,Age not stated,23973,12587,11386,10364,3928,6436,13609,8659,4950
09,187,mahrajganj,Urban,All ages,134730,69628,65102,42762,17438,25324,91968,52190,39778
09,187,mahrajganj,Urban,0-6,17246,8977,8269,17246,8977,8269,0,0,0
09,187,mahrajganj,Urban,7,3079,1586,1493,809,413,396,2270,1173,1097
09,187,mahrajganj,Urban,8,3438,1715,1723,529,242,287,2909,1473,1436
09,187,mahrajganj,Urban,9,2738,1436,1302,365,183,182,2373,1253,1120
09,187,mahrajganj,Urban,10,4135,2185,1950,473,240,233,3662,1945,1717
09,187,mahrajganj,Urban,11,2870,1506,1364,264,130,134,2606,1376,1230
09,187,mahrajganj,Urban,12,3596,1884,1712,273,113,160,3323,1771,1552
09,187,mahrajganj,Urban,13,2919,1473,1446,231,120,111,2688,1353,1335
09,187,mahrajganj,Urban,14,3313,1647,1666,231,100,131,3082,1547,1535
09,187,mahrajganj,Urban,15,3365,1730,1635,278,131,147,3087,1599,1488
09,187,mahrajganj,Urban,16,3434,1681,1753,302,135,167,3132,1546,1586
09,187,mahrajganj,Urban,17,2792,1435,1357,205,96,109,2587,1339,1248
09,187,mahrajganj,Urban,18,4117,2232,1885,400,194,206,3717,2038,1679
09,187,mahrajganj,Urban,19,2650,1418,1232,269,125,144,2381,1293,1088
09,187,mahrajganj,Urban,20-24,12848,6809,6039,1611,590,1021,11237,6219,5018
09,187,mahrajganj,Urban,25-29,10962,5558,5404,2028,632,1396,8934,4926,4008
09,187,mahrajganj,Urban,30-34,9761,4849,4912,2269,615,1654,7492,4234,3258
09,187,mahrajganj,Urban,35-39,9176,4681,4495,2613,729,1884,6563,3952,2611
09,187,mahrajganj,Urban,40-44,7516,3949,3567,2338,672,1666,5178,3277,1901
09,187,mahrajganj,Urban,45-49,6296,3271,3025,2163,613,1550,4133,2658,1475
09,187,mahrajganj,Urban,50-54,4815,2582,2233,1721,510,1211,3094,2072,1022
09,187,mahrajganj,Urban,55-59,3882,1941,1941,1566,427,1139,2316,1514,802
09,187,mahrajganj,Urban,60-64,3445,1846,1599,1508,457,1051,1937,1389,548
09,187,mahrajganj,Urban,65-69,2338,1179,1159,1140,341,799,1198,838,360
09,187,mahrajganj,Urban,70-74,1631,840,791,878,292,586,753,548,205
09,187,mahrajganj,Urban,75-79,696,371,325,360,120,240,336,251,85
09,187,mahrajganj,Urban,80+,1122,570,552,516,171,345,606,399,207
09,187,mahrajganj,Urban,Age not stated,550,277,273,176,70,106,374,207,167
09,188,gorakhpur,Total,All ages,4440895,2277777,2163118,1740567,683887,1056680,2700328,1593890,1106438
09,188,gorakhpur,Total,0-6,628442,329252,299190,628442,329252,299190,0,0,0
09,188,gorakhpur,Total,7,104508,54490,50018,27145,13452,13693,77363,41038,36325
09,188,gorakhpur,Total,8,122099,64067,58032,20374,9998,10376,101725,54069,47656
09,188,gorakhpur,Total,9,90993,47722,43271,11320,5374,5946,79673,42348,37325
09,188,gorakhpur,Total,10,140507,74328,66179,16566,7971,8595,123941,66357,57584
09,188,gorakhpur,Total,11,95087,49822,45265,8866,4051,4815,86221,45771,40450
09,188,gorakhpur,Total,12,124999,64809,60190,10674,4724,5950,114325,60085,54240
09,188,gorakhpur,Total,13,95094,48351,46743,7467,3050,4417,87627,45301,42326
09,188,gorakhpur,Total,14,107246,54227,53019,9032,3732,5300,98214,50495,47719
09,188,gorakhpur,Total,15,116011,59989,56022,11330,4743,6587,104681,55246,49435
09,188,gorakhpur,Total,16,109781,55524,54257,10878,4367,6511,98903,51157,47746
09,188,gorakhpur,Total,17,88913,46239,42674,8634,3346,5288,80279,42893,37386
09,188,gorakhpur,Total,18,127027,68065,58962,15255,6070,9185,111772,61995,49777
09,188,gorakhpur,Total,19,77420,40894,36526,9681,3345,6336,67739,37549,30190
09,188,gorakhpur,Total,20-24,390991,201681,189310,69726,19848,49878,321265,181833,139432
09,188,gorakhpur,Total,25-29,336512,165183,171329,91297,21701,69596,245215,143482,101733
09,188,gorakhpur,Total,30-34,294608,141488,153120,100859,23210,77649,193749,118278,75471
09,188,gorakhpur,Total,35-39,280595,138491,142104,109388,26684,82704,171207,111807,59400
09,188,gorakhpur,Total,40-44,224153,114521,109632,95988,26527,69461,128165,87994,40171
09,188,gorakhpur,Total,45-49,192758,96153,96605,91189,25304,65885,101569,70849,30720
09,188,gorakhpur,Total,50-54,155433,82899,72534,76161,25091,51070,79272,57808,21464
09,188,gorakhpur,Total,55-59,131158,63280,67878,71004,19717,51287,60154,43563,16591
09,188,gorakhpur,Total,60-64,130889,69118,61771,76121,27576,48545,54768,41542,13226
09,188,gorakhpur,Total,65-69,92929,47742,45187,57239,20300,36939,35690,27442,8248
09,188,gorakhpur,Total,70-74,71085,40065,31020,46013,20058,25955,25072,20007,5065
09,188,gorakhpur,Total,75-79,32462,17424,15038,20846,8352,12494,11616,9072,2544
09,188,gorakhpur,Total,80+,45721,24712,21009,27809,11910,15899,17912,12802,5110
09,188,gorakhpur,Total,Age not stated,33474,17241,16233,11263,4134,7129,22211,13107,9104
09,188,gorakhpur,Rural,All ages,3604766,1838726,1766040,1518138,587816,930322,2086628,1250910,835718
09,188,gorakhpur,Rural,0-6,537183,281014,256169,537183,281014,256169,0,0,0
09,188,gorakhpur,Rural,7,88585,46132,42453,23153,11476,11677,65432,34656,30776
09,188,gorakhpur,Rural,8,105270,55078,50192,17513,8568,8945,87757,46510,41247
09,188,gorakhpur,Rural,9,76799,40136,36663,9505,4420,5085,67294,35716,31578
09,188,gorakhpur,Rural,10,119927,63260,56667,13862,6621,7241,106065,56639,49426
09,188,gorakhpur,Rural,11,79019,41245,37774,7259,3273,3986,71760,37972,33788
09,188,gorakhpur,Rural,12,105518,54573,50945,8914,3822,5092,96604,50751,45853
09,188,gorakhpur,Rural,13,79045,40056,38989,6256,2510,3746,72789,37546,35243
09,188,gorakhpur,Rural,14,88566,44575,43991,7450,2940,4510,81116,41635,39481
09,188,gorakhpur,Rural,15,95746,49298,46448,9452,3782,5670,86294,45516,40778
09,188,gorakhpur,Rural,16,89924,45196,44728,9061,3471,5590,80863,41725,39138
09,188,gorakhpur,Rural,17,70922,36793,34129,7093,2573,4520,63829,34220,29609
09,188,gorakhpur,Rural,18,102441,54885,47556,12707,4771,7936,89734,50114,39620
09,188,gorakhpur,Rural,19,60064,31518,28546,8052,2531,5521,52012,28987,23025
09,188,gorakhpur,Rural,20-24,303743,155203,148540,60214,15653,44561,243529,139550,103979
09,188,gorakhpur,Rural,25-29,263065,127489,135576,80672,17917,62755,182393,109572,72821
09,188,gorakhpur,Rural,30-34,232612,110208,122404,89972,19706,70266,142640,90502,52138
09,188,gorakhpur,Rural,35-39,221317,108443,112874,97232,22959,74273,124085,85484,38601
09,188,gorakhpur,Rural,40-44,174611,88742,85869,84906,23033,61873,89705,65709,23996
09,188,gorakhpur,Rural,45-49,148949,73301,75648,80763,22176,58587,68186,51125,17061
09,188,gorakhpur,Rural,50-54,120905,64149,56756,67482,22314,45168,53423,41835,11588
09,188,gorakhpur,Rural,55-59,103926,48985,54941,63527,17692,45835,40399,31293,9106
09,188,gorakhpur,Rural,60-64,107384,56499,50885,68626,25197,43429,38758,31302,7456
09,188,gorakhpur,Rural,65-69,77312,39329,37983,51911,18721,33190,25401,20608,4793
09,188,gorakhpur,Rural,70-74,59859,33744,26115,41813,18541,23272,18046,15203,2843
09,188,gorakhpur,Rural,75-79,26962,14356,12606,18892,7715,11177,8070,6641,1429
09,188,gorakhpur,Rural,80+,37796,20560,17236,24935,10926,14009,12861,9634,3227
09,188,gorakhpur,Rural,Age not stated,27316,13959,13357,9733,3494,6239,17583,10465,7118
09,188,gorakhpur,Urban,All ages,836129,439051,397078,222429,96071,126358,613700,342980,270720
09,188,gorakhpur,Urban,0-6,91259,48238,43021,91259,48238,43021,0,0,0
09,188,gorakhpur,Urban,7,15923,8358,7565,3992,1976,2016,11931,6382,5549
09,188,gorakhpur,Urban,8,16829,8989,7840,2861,1430,1431,13968,7559,6409
09,188,gorakhpur,Urban,9,14194,7586,6608,1815,954,861,12379,6632,5747
09,188,gorakhpur,Urban,10,20580,11068,9512,2704,1350,1354,17876,9718,8158
09,188,gorakhpur,Urban,11,16068,8577,7491,1607,778,829,14461,7799,6662
09,188,gorakhpur,Urban,12,19481,10236,9245,1760,902,858,17721,9334,8387
09,188,gorakhpur,Urban,13,16049,8295,7754,1211,540,671,14838,7755,7083
09,188,gorakhpur,Urban,14,18680,9652,9028,1582,792,790,17098,8860,8238
09,188,gorakhpur,Urban,15,20265,10691,9574,1878,961,917,18387,9730,8657
09,188,gorakhpur,Urban,16,19857,10328,9529,1817,896,921,18040,9432,8608
09,188,gorakhpur,Urban,17,17991,9446,8545,1541,773,768,16450,8673,7777
09,188,gorakhpur,Urban,18,24586,13180,11406,2548,1299,1249,22038,11881,10157
09,188,gorakhpur,Urban,19,17356,9376,7980,1629,814,815,15727,8562,7165
09,188,gorakhpur,Urban,20-24,87248,46478,40770,9512,4195,5317,77736,42283,35453
09,188,gorakhpur,Urban,25-29,73447,37694,35753,10625,3784,6841,62822,33910,28912
09,188,gorakhpur,Urban,30-34,61996,31280,30716,10887,3504,7383,51109,27776,23333
09,188,gorakhpur,Urban,35-39,59278,30048,29230,12156,3725,8431,47122,26323,20799
09,188,gorakhpur,Urban,40-44,49542,25779,23763,11082,3494,7588,38460,22285,16175
09,188,gorakhpur,Urban,45-49,43809,22852,20957,10426,3128,7298,33383,19724,13659
09,188,gorakhpur,Urban,50-54,34528,18750,15778,8679,2777,5902,25849,15973,9876
09,188,gorakhpur,Urban,55-59,27232,14295,12937,7477,2025,5452,19755,12270,7485
09,188,gorakhpur,Urban,60-64,23505,12619,10886,7495,2379,5116,16010,10240,5770
09,188,gorakhpur,Urban,65-69,15617,8413,7204,5328,1579,3749,10289,6834,3455
09,188,gorakhpur,Urban,70-74,11226,6321,4905,4200,1517,2683,7026,4804,2222
09,188,gorakhpur,Urban,75-79,5500,3068,2432,1954,637,1317,3546,2431,1115
09,188,gorakhpur,Urban,80+,7925,4152,3773,2874,984,1890,5051,3168,1883
09,188,gorakhpur,Urban,Age not stated,6158,3282,2876,1530,640,890,4628,2642,1986
09,189,kushinagar,Total,All ages,3564544,1818055,1746489,1609724,634333,975391,1954820,1183722,771098
09,189,kushinagar,Total,0-6,568581,294828,273753,568581,294828,273753,0,0,0
09,189,kushinagar,Total,7,93322,48194,45128,26717,12838,13879,66605,35356,31249
09,189,kushinagar,Total,8,109033,56453,52580,20940,9767,11173,88093,46686,41407
09,189,kushinagar,Total,9,82563,42799,39764,12355,5532,6823,70208,37267,32941
09,189,kushinagar,Total,10,125887,66004,59883,17972,8245,9727,107915,57759,50156
09,189,kushinagar,Total,11,80465,41783,38682,9418,4139,5279,71047,37644,33403
09,189,kushinagar,Total,12,101393,51996,49397,10559,4363,6196,90834,47633,43201
09,189,kushinagar,Total,13,73064,36749,36315,7051,2775,4276,66013,33974,32039
09,189,kushinagar,Total,14,83774,42058,41716,8875,3416,5459,74899,38642,36257
09,189,kushinagar,Total,15,91400,47062,44338,11249,4399,6850,80151,42663,37488
09,189,kushinagar,Total,16,83376,41639,41737,10326,3758,6568,73050,37881,35169
09,189,kushinagar,Total,17,63495,32707,30788,8086,2816,5270,55409,29891,25518
09,189,kushinagar,Total,18,94861,50892,43969,14237,5067,9170,80624,45825,34799
09,189,kushinagar,Total,19,54580,28969,25611,8893,2824,6069,45687,26145,19542
09,189,kushinagar,Total,20-24,274817,141103,133714,62963,16328,46635,211854,124775,87079
09,189,kushinagar,Total,25-29,256231,124218,132013,87232,20055,67177,168999,104163,64836
09,189,kushinagar,Total,30-34,234653,112086,122567,99263,23492,75771,135390,88594,46796
09,189,kushinagar,Total,35-39,219380,108853,110527,104908,27940,76968,114472,80913,33559
09,189,kushinagar,Total,40-44,171680,88814,82866,88838,27153,61685,82842,61661,21181
09,189,kushinagar,Total,45-49,147064,72995,74069,83561,25163,58398,63503,47832,15671
09,189,kushinagar,Total,50-54,115263,62187,53076,67406,24447,42959,47857,37740,10117
09,189,kushinagar,Total,55-59,99196,46256,52940,63465,18471,44994,35731,27785,7946
09,189,kushinagar,Total,60-64,103606,54805,48801,68884,26552,42332,34722,28253,6469
09,189,kushinagar,Total,65-69,72485,37022,35463,50147,18972,31175,22338,18050,4288
09,189,kushinagar,Total,70-74,52039,29218,22821,37339,16941,20398,14700,12277,2423
09,189,kushinagar,Total,75-79,22337,11412,10925,16152,6459,9693,6185,4953,1232
09,189,kushinagar,Total,80+,35447,18756,16691,22811,9565,13246,12636,9191,3445
09,189,kushinagar,Total,Age not stated,54552,28197,26355,21496,8028,13468,33056,20169,12887
09,189,kushinagar,Rural,All ages,3396437,1730377,1666060,1550686,608532,942154,1845751,1121845,723906
09,189,kushinagar,Rural,0-6,546023,283051,262972,546023,283051,262972,0,0,0
09,189,kushinagar,Rural,7,89451,46175,43276,25552,12241,13311,63899,33934,29965
09,189,kushinagar,Rural,8,104855,54297,50558,19951,9283,10668,84904,45014,39890
09,189,kushinagar,Rural,9,79217,41029,38188,11749,5227,6522,67468,35802,31666
09,189,kushinagar,Rural,10,120881,63257,57624,16988,7747,9241,103893,55510,48383
09,189,kushinagar,Rural,11,76965,39943,37022,8888,3883,5005,68077,36060,32017
09,189,kushinagar,Rural,12,97108,49775,47333,9917,4028,5889,87191,45747,41444
09,189,kushinagar,Rural,13,69827,35072,34755,6670,2600,4070,63157,32472,30685
09,189,kushinagar,Rural,14,79851,40062,39789,8339,3155,5184,71512,36907,34605
09,189,kushinagar,Rural,15,87317,44948,42369,10692,4131,6561,76625,40817,35808
09,189,kushinagar,Rural,16,79375,39674,39701,9713,3452,6261,69662,36222,33440
09,189,kushinagar,Rural,17,60086,30915,29171,7665,2594,5071,52421,28321,24100
09,189,kushinagar,Rural,18,89974,48253,41721,13457,4659,8798,76517,43594,32923
09,189,kushinagar,Rural,19,51530,27318,24212,8504,2621,5883,43026,24697,18329
09,189,kushinagar,Rural,20-24,258992,132598,126394,60439,15214,45225,198553,117384,81169
09,189,kushinagar,Rural,25-29,243448,117602,125846,84511,19068,65443,158937,98534,60403
09,189,kushinagar,Rural,30-34,223145,106326,116819,96242,22479,73763,126903,83847,43056
09,189,kushinagar,Rural,35-39,208558,103309,105249,101722,26875,74847,106836,76434,30402
09,189,kushinagar,Rural,40-44,162715,84121,78594,85941,26175,59766,76774,57946,18828
09,189,kushinagar,Rural,45-49,139164,68915,70249,80848,24264,56584,58316,44651,13665
09,189,kushinagar,Rural,50-54,109341,58993,50348,65257,23687,41570,44084,35306,8778
09,189,kushinagar,Rural,55-59,94375,43866,50509,61546,17949,43597,32829,25917,6912
09,189,kushinagar,Rural,60-64,99270,52533,46737,66938,25904,41034,32332,26629,5703
09,189,kushinagar,Rural,65-69,69589,35520,34069,48800,18541,30259,20789,16979,3810
09,189,kushinagar,Rural,70-74,50017,28165,21852,36286,16569,19717,13731,11596,2135
09,189,kushinagar,Rural,75-79,21537,10999,10538,15736,6320,9416,5801,4679,1122
09,189,kushinagar,Rural,80+,34029,18008,16021,22187,9326,12861,11842,8682,3160
09,189,kushinagar,Rural,Age not stated,49797,25653,24144,20125,7489,12636,29672,18164,11508
09,189,kushinagar,Urban,All ages,168107,87678,80429,59038,25801,33237,109069,61877,47192
09,189,kushinagar,Urban,0-6,22558,11777,10781,22558,11777,10781,0,0,0
09,189,kushinagar,Urban,7,3871,2019,1852,1165,597,568,2706,1422,1284
09,189,kushinagar,Urban,8,4178,2156,2022,989,484,505,3189,1672,1517
09,189,kushinagar,Urban,9,3346,1770,1576,606,305,301,2740,1465,1275
09,189,kushinagar,Urban,10,5006,2747,2259,984,498,486,4022,2249,1773
09,189,kushinagar,Urban,11,3500,1840,1660,530,256,274,2970,1584,1386
09,189,kushinagar,Urban,12,4285,2221,2064,642,335,307,3643,1886,1757
09,189,kushinagar,Urban,13,3237,1677,1560,381,175,206,2856,1502,1354
09,189,kushinagar,Urban,14,3923,1996,1927,536,261,275,3387,1735,1652
09,189,kushinagar,Urban,15,4083,2114,1969,557,268,289,3526,1846,1680
09,189,kushinagar,Urban,16,4001,1965,2036,613,306,307,3388,1659,1729
09,189,kushinagar,Urban,17,3409,1792,1617,421,222,199,2988,1570,1418
09,189,kushinagar,Urban,18,4887,2639,2248,780,408,372,4107,2231,1876
09,189,kushinagar,Urban,19,3050,1651,1399,389,203,186,2661,1448,1213
09,189,kushinagar,Urban,20-24,15825,8505,7320,2524,1114,1410,13301,7391,5910
09,189,kushinagar,Urban,25-29,12783,6616,6167,2721,987,1734,10062,5629,4433
09,189,kushinagar,Urban,30-34,11508,5760,5748,3021,1013,2008,8487,4747,3740
09,189,kushinagar,Urban,35-39,10822,5544,5278,3186,1065,2121,7636,4479,3157
09,189,kushinagar,Urban,40-44,8965,4693,4272,2897,978,1919,6068,3715,2353
09,189,kushinagar,Urban,45-49,7900,4080,3820,2713,899,1814,5187,3181,2006
09,189,kushinagar,Urban,50-54,5922,3194,2728,2149,760,1389,3773,2434,1339
09,189,kushinagar,Urban,55-59,4821,2390,2431,1919,522,1397,2902,1868,1034
09,189,kushinagar,Urban,60-64,4336,2272,2064,1946,648,1298,2390,1624,766
09,189,kushinagar,Urban,65-69,2896,1502,1394,1347,431,916,1549,1071,478
09,189,kushinagar,Urban,70-74,2022,1053,969,1053,372,681,969,681,288
09,189,kushinagar,Urban,75-79,800,413,387,416,139,277,384,274,110
09,189,kushinagar,Urban,80+,1418,748,670,624,239,385,794,509,285
09,189,kushinagar,Urban,Age not stated,4755,2544,2211,1371,539,832,3384,2005,1379
09,190,deoria,Total,All ages,3100946,1537436,1563510,1225707,458148,767559,1875239,1079288,795951
09,190,deoria,Total,0-6,464516,241353,223163,464516,241353,223163,0,0,0
09,190,deoria,Total,7,77784,40387,37397,18069,8891,9178,59715,31496,28219
09,190,deoria,Total,8,92280,47732,44548,11786,5540,6246,80494,42192,38302
09,190,deoria,Total,9,67779,35436,32343,6291,3006,3285,61488,32430,29058
09,190,deoria,Total,10,105207,55220,49987,9682,4589,5093,95525,50631,44894
09,190,deoria,Total,11,67634,35172,32462,4759,2149,2610,62875,33023,29852
09,190,deoria,Total,12,89223,45686,43537,5408,2299,3109,83815,43387,40428
09,190,deoria,Total,13,68704,34555,34149,3951,1598,2353,64753,32957,31796
09,190,deoria,Total,14,77826,38982,38844,4744,1851,2893,73082,37131,35951
09,190,deoria,Total,15,83430,42190,41240,6476,2520,3956,76954,39670,37284
09,190,deoria,Total,16,78874,38428,40446,6202,2172,4030,72672,36256,36416
09,190,deoria,Total,17,62212,30709,31503,5215,1829,3386,56997,28880,28117
09,190,deoria,Total,18,89573,45202,44371,8982,3040,5942,80591,42162,38429
09,190,deoria,Total,19,49572,24731,24841,5435,1669,3766,44137,23062,21075
09,190,deoria,Total,20-24,253930,124295,129635,41391,10258,31133,212539,114037,98502
09,190,deoria,Total,25-29,217792,99832,117960,57923,11347,46576,159869,88485,71384
09,190,deoria,Total,30-34,194742,87256,107486,66845,12798,54047,127897,74458,53439
09,190,deoria,Total,35-39,187573,86782,100791,75567,15245,60322,112006,71537,40469
09,190,deoria,Total,40-44,152078,73380,78698,68317,16113,52204,83761,57267,26494
09,190,deoria,Total,45-49,130315,61822,68493,64595,15187,49408,65720,46635,19085
09,190,deoria,Total,50-54,106963,54858,52105,54931,15840,39091,52032,39018,13014
09,190,deoria,Total,55-59,91447,42568,48879,51871,12978,38893,39576,29590,9986
09,190,deoria,Total,60-64,97082,49159,47923,58587,19017,39570,38495,30142,8353
09,190,deoria,Total,65-69,71787,35999,35788,45491,15078,30413,26296,20921,5375
09,190,deoria,Total,70-74,55783,30895,24888,37347,15582,21765,18436,15313,3123
09,190,deoria,Total,75-79,24868,12906,11962,16593,6259,10334,8275,6647,1628
09,190,deoria,Total,80+,33289,17509,15780,21513,8796,12717,11776,8713,3063
09,190,deoria,Total,Age not stated,8683,4392,4291,3220,1144,2076,5463,3248,2215
09,190,deoria,Rural,All ages,2784143,1373111,1411032,1129716,417822,711894,1654427,955289,699138
09,190,deoria,Rural,0-6,423581,219929,203652,423581,219929,203652,0,0,0
09,190,deoria,Rural,7,70855,36759,34096,16252,7984,8268,54603,28775,25828
09,190,deoria,Rural,8,84246,43483,40763,10531,4919,5612,73715,38564,35151
09,190,deoria,Rural,9,61659,32160,29499,5597,2632,2965,56062,29528,26534
09,190,deoria,Rural,10,96133,50314,45819,8675,4102,4573,87458,46212,41246
09,190,deoria,Rural,11,61264,31823,29441,4212,1894,2318,57052,29929,27123
09,190,deoria,Rural,12,80983,41389,39594,4757,1971,2786,76226,39418,36808
09,190,deoria,Rural,13,62153,31215,30938,3445,1363,2082,58708,29852,28856
09,190,deoria,Rural,14,70275,35067,35208,4151,1574,2577,66124,33493,32631
09,190,deoria,Rural,15,75528,38185,37343,5751,2165,3586,69777,36020,33757
09,190,deoria,Rural,16,71113,34446,36667,5516,1853,3663,65597,32593,33004
09,190,deoria,Rural,17,55540,27210,28330,4611,1524,3087,50929,25686,25243
09,190,deoria,Rural,18,80144,40152,39992,7999,2541,5458,72145,37611,34534
09,190,deoria,Rural,19,43621,21574,22047,4857,1392,3465,38764,20182,18582
09,190,deoria,Rural,20-24,222845,107582,115263,37886,8788,29098,184959,98794,86165
09,190,deoria,Rural,25-29,192117,86892,105225,53743,9966,43777,138374,76926,61448
09,190,deoria,Rural,30-34,172578,76308,96270,62413,11482,50931,110165,64826,45339
09,190,deoria,Rural,35-39,166455,76184,90271,70508,13823,56685,95947,62361,33586
09,190,deoria,Rural,40-44,134522,64297,70225,63571,14630,48941,70951,49667,21284
09,190,deoria,Rural,45-49,115385,54267,61118,60052,13949,46103,55333,40318,15015
09,190,deoria,Rural,50-54,95262,48596,46666,51277,14715,36562,43985,33881,10104
09,190,deoria,Rural,55-59,81853,37709,44144,48601,12151,36450,33252,25558,7694
09,190,deoria,Rural,60-64,88019,44468,43551,54992,17963,37029,33027,26505,6522
09,190,deoria,Rural,65-69,65534,32779,32755,42817,14325,28492,22717,18454,4263
09,190,deoria,Rural,70-74,51246,28397,22849,35161,14815,20346,16085,13582,2503
09,190,deoria,Rural,75-79,22727,11787,10940,15613,5957,9656,7114,5830,1284
09,190,deoria,Rural,80+,30497,16102,14395,20117,8348,11769,10380,7754,2626
09,190,deoria,Rural,Age not stated,8008,4037,3971,3030,1067,1963,4978,2970,2008
09,190,deoria,Urban,All ages,316803,164325,152478,95991,40326,55665,220812,123999,96813
09,190,deoria,Urban,0-6,40935,21424,19511,40935,21424,19511,0,0,0
09,190,deoria,Urban,7,6929,3628,3301,1817,907,910,5112,2721,2391
09,190,deoria,Urban,8,8034,4249,3785,1255,621,634,6779,3628,3151
09,190,deoria,Urban,9,6120,3276,2844,694,374,320,5426,2902,2524
09,190,deoria,Urban,10,9074,4906,4168,1007,487,520,8067,4419,3648
09,190,deoria,Urban,11,6370,3349,3021,547,255,292,5823,3094,2729
09,190,deoria,Urban,12,8240,4297,3943,651,328,323,7589,3969,3620
09,190,deoria,Urban,13,6551,3340,3211,506,235,271,6045,3105,2940
09,190,deoria,Urban,14,7551,3915,3636,593,277,316,6958,3638,3320
09,190,deoria,Urban,15,7902,4005,3897,725,355,370,7177,3650,3527
09,190,deoria,Urban,16,7761,3982,3779,686,319,367,7075,3663,3412
09,190,deoria,Urban,17,6672,3499,3173,604,305,299,6068,3194,2874
09,190,deoria,Urban,18,9429,5050,4379,983,499,484,8446,4551,3895
09,190,deoria,Urban,19,5951,3157,2794,578,277,301,5373,2880,2493
09,190,deoria,Urban,20-24,31085,16713,14372,3505,1470,2035,27580,15243,12337
09,190,deoria,Urban,25-29,25675,12940,12735,4180,1381,2799,21495,11559,9936
09,190,deoria,Urban,30-34,22164,10948,11216,4432,1316,3116,17732,9632,8100
09,190,deoria,Urban,35-39,21118,10598,10520,5059,1422,3637,16059,9176,6883
09,190,deoria,Urban,40-44,17556,9083,8473,4746,1483,3263,12810,7600,5210
09,190,deoria,Urban,45-49,14930,7555,7375,4543,1238,3305,10387,6317,4070
09,190,deoria,Urban,50-54,11701,6262,5439,3654,1125,2529,8047,5137,2910
09,190,deoria,Urban,55-59,9594,4859,4735,3270,827,2443,6324,4032,2292
09,190,deoria,Urban,60-64,9063,4691,4372,3595,1054,2541,5468,3637,1831
09,190,deoria,Urban,65-69,6253,3220,3033,2674,753,1921,3579,2467,1112
09,190,deoria,Urban,70-74,4537,2498,2039,2186,767,1419,2351,1731,620
09,190,deoria,Urban,75-79,2141,1119,1022,980,302,678,1161,817,344
09,190,deoria,Urban,80+,2792,1407,1385,1396,448,948,1396,959,437
09,190,deoria,Urban,Age not stated,675,355,320,190,77,113,485,278,207
09,191,azamgarh,Total,All ages,4613913,2285004,2328909,1841996,725590,1116406,2771917,1559414,1212503
09,191,azamgarh,Total,0-6,706085,367885,338200,706085,367885,338200,0,0,0
09,191,azamgarh,Total,7,115583,59777,55806,28894,14547,14347,86689,45230,41459
09,191,azamgarh,Total,8,137703,71153,66550,17918,8800,9118,119785,62353,57432
09,191,azamgarh,Total,9,104776,53976,50800,9109,4406,4703,95667,49570,46097
09,191,azamgarh,Total,10,155074,81158,73916,12429,6008,6421,142645,75150,67495
09,191,azamgarh,Total,11,105766,54436,51330,6289,2873,3416,99477,51563,47914
09,191,azamgarh,Total,12,137708,70484,67224,7738,3428,4310,129970,67056,62914
09,191,azamgarh,Total,13,108340,54243,54097,5618,2347,3271,102722,51896,50826
09,191,azamgarh,Total,14,119640,59474,60166,6721,2900,3821,112919,56574,56345
09,191,azamgarh,Total,15,126984,63687,63297,8704,3709,4995,118280,59978,58302
09,191,azamgarh,Total,16,121059,58831,62228,8553,3341,5212,112506,55490,57016
09,191,azamgarh,Total,17,96646,46869,49777,6815,2521,4294,89831,44348,45483
09,191,azamgarh,Total,18,135190,67421,67769,12487,4591,7896,122703,62830,59873
09,191,azamgarh,Total,19,78801,38750,40051,7640,2525,5115,71161,36225,34936
09,191,azamgarh,Total,20-24,376175,183985,192190,56420,15906,40514,319755,168079,151676
09,191,azamgarh,Total,25-29,304713,140716,163997,77122,17601,59521,227591,123115,104476
09,191,azamgarh,Total,30-34,274935,121342,153593,95974,20256,75718,178961,101086,77875
09,191,azamgarh,Total,35-39,270743,125340,145403,112684,25987,86697,158059,99353,58706
09,191,azamgarh,Total,40-44,224540,106644,117896,106029,27234,78795,118511,79410,39101
09,191,azamgarh,Total,45-49,195658,94284,101374,100203,27005,73198,95455,67279,28176
09,191,azamgarh,Total,50-54,156924,79965,76959,85138,27046,58092,71786,52919,18867
09,191,azamgarh,Total,55-59,135144,63546,71598,79952,22684,57268,55192,40862,14330
09,191,azamgarh,Total,60-64,140854,71747,69107,91035,33107,57928,49819,38640,11179
09,191,azamgarh,Total,65-69,104246,52696,51550,70066,26068,43998,34180,26628,7552
09,191,azamgarh,Total,70-74,79536,43854,35682,56141,24775,31366,23395,19079,4316
09,191,azamgarh,Total,75-79,36029,18818,17211,25838,10620,15218,10191,8198,1993
09,191,azamgarh,Total,80+,47221,24720,22501,33716,14749,18967,13505,9971,3534
09,191,azamgarh,Total,Age not stated,17840,9203,8637,6678,2671,4007,11162,6532,4630
09,191,azamgarh,Rural,All ages,4220512,2082707,2137805,1709369,666250,1043119,2511143,1416457,1094686
09,191,azamgarh,Rural,0-6,649973,338659,311314,649973,338659,311314,0,0,0
09,191,azamgarh,Rural,7,106429,55103,51326,26040,13139,12901,80389,41964,38425
09,191,azamgarh,Rural,8,126372,65354,61018,15534,7576,7958,110838,57778,53060
09,191,azamgarh,Rural,9,96548,49670,46878,7920,3791,4129,88628,45879,42749
09,191,azamgarh,Rural,10,142371,74447,67924,10615,5101,5514,131756,69346,62410
09,191,azamgarh,Rural,11,97247,50084,47163,5358,2418,2940,91889,47666,44223
09,191,azamgarh,Rural,12,125885,64487,61398,6470,2818,3652,119415,61669,57746
09,191,azamgarh,Rural,13,99467,49795,49672,4800,1954,2846,94667,47841,46826
09,191,azamgarh,Rural,14,108740,54072,54668,5593,2318,3275,103147,51754,51393
09,191,azamgarh,Rural,15,116592,58322,58270,7590,3127,4463,109002,55195,53807
09,191,azamgarh,Rural,16,109861,53277,56584,7246,2689,4557,102615,50588,52027
09,191,azamgarh,Rural,17,87997,42461,45536,5949,2085,3864,82048,40376,41672
09,191,azamgarh,Rural,18,122419,60765,61654,10881,3787,7094,111538,56978,54560
09,191,azamgarh,Rural,19,70929,34602,36327,6786,2099,4687,64143,32503,31640
09,191,azamgarh,Rural,20-24,336344,162731,173613,50636,13219,37417,285708,149512,136196
09,191,azamgarh,Rural,25-29,275671,125899,149772,71485,15369,56116,204186,110530,93656
09,191,azamgarh,Rural,30-34,250034,109160,140874,89969,18172,71797,160065,90988,69077
09,191,azamgarh,Rural,35-39,247332,113508,133824,105954,23629,82325,141378,89879,51499
09,191,azamgarh,Rural,40-44,204653,96584,108069,99707,25082,74625,104946,71502,33444
09,191,azamgarh,Rural,45-49,178494,85542,92952,94311,25083,69228,84183,60459,23724
09,191,azamgarh,Rural,50-54,143896,73020,70876,80370,25352,55018,63526,47668,15858
09,191,azamgarh,Rural,55-59,124558,58207,66351,75798,21485,54313,48760,36722,12038
09,191,azamgarh,Rural,60-64,131350,66755,64595,86686,31555,55131,44664,35200,9464
09,191,azamgarh,Rural,65-69,97813,49414,48399,66939,25034,41905,30874,24380,6494
09,191,azamgarh,Rural,70-74,74766,41313,33453,53619,23829,29790,21147,17484,3663
09,191,azamgarh,Rural,75-79,33865,17682,16183,24707,10233,14474,9158,7449,1709
09,191,azamgarh,Rural,80+,44463,23351,21112,32204,14187,18017,12259,9164,3095
09,191,azamgarh,Rural,Age not stated,16443,8443,8000,6229,2460,3769,10214,5983,4231
09,191,azamgarh,Urban,All ages,393401,202297,191104,132627,59340,73287,260774,142957,117817
09,191,azamgarh,Urban,0-6,56112,29226,26886,56112,29226,26886,0,0,0
09,191,azamgarh,Urban,7,9154,4674,4480,2854,1408,1446,6300,3266,3034
09,191,azamgarh,Urban,8,11331,5799,5532,2384,1224,1160,8947,4575,4372
09,191,azamgarh,Urban,9,8228,4306,3922,1189,615,574,7039,3691,3348
09,191,azamgarh,Urban,10,12703,6711,5992,1814,907,907,10889,5804,5085
09,191,azamgarh,Urban,11,8519,4352,4167,931,455,476,7588,3897,3691
09,191,azamgarh,Urban,12,11823,5997,5826,1268,610,658,10555,5387,5168
09,191,azamgarh,Urban,13,8873,4448,4425,818,393,425,8055,4055,4000
09,191,azamgarh,Urban,14,10900,5402,5498,1128,582,546,9772,4820,4952
09,191,azamgarh,Urban,15,10392,5365,5027,1114,582,532,9278,4783,4495
09,191,azamgarh,Urban,16,11198,5554,5644,1307,652,655,9891,4902,4989
09,191,azamgarh,Urban,17,8649,4408,4241,866,436,430,7783,3972,3811
09,191,azamgarh,Urban,18,12771,6656,6115,1606,804,802,11165,5852,5313
09,191,azamgarh,Urban,19,7872,4148,3724,854,426,428,7018,3722,3296
09,191,azamgarh,Urban,20-24,39831,21254,18577,5784,2687,3097,34047,18567,15480
09,191,azamgarh,Urban,25-29,29042,14817,14225,5637,2232,3405,23405,12585,10820
09,191,azamgarh,Urban,30-34,24901,12182,12719,6005,2084,3921,18896,10098,8798
09,191,azamgarh,Urban,35-39,23411,11832,11579,6730,2358,4372,16681,9474,7207
09,191,azamgarh,Urban,40-44,19887,10060,9827,6322,2152,4170,13565,7908,5657
09,191,azamgarh,Urban,45-49,17164,8742,8422,5892,1922,3970,11272,6820,4452
09,191,azamgarh,Urban,50-54,13028,6945,6083,4768,1694,3074,8260,5251,3009
09,191,azamgarh,Urban,55-59,10586,5339,5247,4154,1199,2955,6432,4140,2292
09,191,azamgarh,Urban,60-64,9504,4992,4512,4349,1552,2797,5155,3440,1715
09,191,azamgarh,Urban,65-69,6433,3282,3151,3127,1034,2093,3306,2248,1058
09,191,azamgarh,Urban,70-74,4770,2541,2229,2522,946,1576,2248,1595,653
09,191,azamgarh,Urban,75-79,2164,1136,1028,1131,387,744,1033,749,284
09,191,azamgarh,Urban,80+,2758,1369,1389,1512,562,950,1246,807,439
09,191,azamgarh,Urban,Age not stated,1397,760,637,449,211,238,948,549,399
09,192,mau,Total,All ages,2205968,1114709,1091259,842924,341627,501297,1363044,773082,589962
09,192,mau,Total,0-6,341182,177105,164077,341182,177105,164077,0,0,0
09,192,mau,Total,7,56572,29459,27113,14118,7188,6930,42454,22271,20183
09,192,mau,Total,8,67371,34965,32406,9176,4519,4657,58195,30446,27749
09,192,mau,Total,9,51192,26403,24789,4895,2382,2513,46297,24021,22276
09,192,mau,Total,10,73612,38458,35154,6365,3186,3179,67247,35272,31975
09,192,mau,Total,11,50008,25965,24043,3390,1607,1783,46618,24358,22260
09,192,mau,Total,12,63549,32707,30842,3984,1856,2128,59565,30851,28714
09,192,mau,Total,13,50474,25291,25183,2883,1296,1587,47591,23995,23596
09,192,mau,Total,14,56178,28203,27975,3405,1534,1871,52773,26669,26104
09,192,mau,Total,15,58434,29555,28879,4084,1805,2279,54350,27750,26600
09,192,mau,Total,16,57156,28424,28732,4160,1813,2347,52996,26611,26385
09,192,mau,Total,17,45177,22670,22507,3180,1267,1913,41997,21403,20594
09,192,mau,Total,18,63939,33024,30915,5757,2392,3365,58182,30632,27550
09,192,mau,Total,19,37654,19111,18543,3298,1221,2077,34356,17890,16466
09,192,mau,Total,20-24,182717,93229,89488,24462,7910,16552,158255,85319,72936
09,192,mau,Total,25-29,147523,71085,76438,32865,8195,24670,114658,62890,51768
09,192,mau,Total,30-34,133595,61695,71900,41529,9681,31848,92066,52014,40052
09,192,mau,Total,35-39,131547,63442,68105,49358,12328,37030,82189,51114,31075
09,192,mau,Total,40-44,109034,54379,54655,46430,12682,33748,62604,41697,20907
09,192,mau,Total,45-49,93167,46445,46722,43935,12176,31759,49232,34269,14963
09,192,mau,Total,50-54,74321,39208,35113,37004,11990,25014,37317,27218,10099
09,192,mau,Total,55-59,62932,29716,33216,34732,9588,25144,28200,20128,8072
09,192,mau,Total,60-64,64987,33419,31568,39020,13869,25151,25967,19550,6417
09,192,mau,Total,65-69,47373,24173,23200,30032,10982,19050,17341,13191,4150
09,192,mau,Total,70-74,35759,20058,15701,23883,10580,13303,11876,9478,2398
09,192,mau,Total,75-79,16557,8706,7851,11166,4572,6594,5391,4134,1257
09,192,mau,Total,80+,21331,11328,10003,14225,6252,7973,7106,5076,2030
09,192,mau,Total,Age not stated,12627,6486,6141,4406,1651,2755,8221,4835,3386
09,192,mau,Rural,All ages,1706760,858843,847917,671008,265237,405771,1035752,593606,442146
09,192,mau,Rural,0-6,264234,137728,126506,264234,137728,126506,0,0,0
09,192,mau,Rural,7,43967,22974,20993,9856,4947,4909,34111,18027,16084
09,192,mau,Rural,8,51973,26992,24981,5817,2814,3003,46156,24178,21978
09,192,mau,Rural,9,39863,20630,19233,3089,1462,1627,36774,19168,17606
09,192,mau,Rural,10,57235,29874,27361,4069,1969,2100,53166,27905,25261
09,192,mau,Rural,11,38518,20131,18387,2127,971,1156,36391,19160,17231
09,192,mau,Rural,12,48479,24975,23504,2405,1064,1341,46074,23911,22163
09,192,mau,Rural,13,38930,19469,19461,1821,740,1081,37109,18729,18380
09,192,mau,Rural,14,43089,21645,21444,2144,897,1247,40945,20748,20197
09,192,mau,Rural,15,45076,22794,22282,2678,1095,1583,42398,21699,20699
09,192,mau,Rural,16,43188,21450,21738,2676,1116,1560,40512,20334,20178
09,192,mau,Rural,17,34320,17149,17171,2110,764,1346,32210,16385,15825
09,192,mau,Rural,18,47890,24696,23194,3770,1423,2347,44120,23273,20847
09,192,mau,Rural,19,28193,14229,13964,2320,759,1561,25873,13470,12403
09,192,mau,Rural,20-24,132994,66943,66051,17664,4923,12741,115330,62020,53310
09,192,mau,Rural,25-29,111479,52758,58721,26186,5727,20459,85293,47031,38262
09,192,mau,Rural,30-34,103004,46872,56132,34163,7309,26854,68841,39563,29278
09,192,mau,Rural,35-39,102157,48756,53401,40840,9519,31321,61317,39237,22080
09,192,mau,Rural,40-44,84225,41634,42591,38302,9849,28453,45923,31785,14138
09,192,mau,Rural,45-49,72055,35477,36578,36592,9743,26849,35463,25734,9729
09,192,mau,Rural,50-54,58337,30575,27762,31132,9915,21217,27205,20660,6545
09,192,mau,Rural,55-59,50456,23523,26933,29674,8143,21531,20782,15380,5402
09,192,mau,Rural,60-64,53514,27377,26137,33806,12064,21742,19708,15313,4395
09,192,mau,Rural,65-69,39760,20230,19530,26310,9708,16602,13450,10522,2928
09,192,mau,Rural,70-74,30299,17110,13189,20979,9478,11501,9320,7632,1688
09,192,mau,Rural,75-79,13993,7346,6647,9794,4080,5714,4199,3266,933
09,192,mau,Rural,80+,18201,9714,8487,12496,5589,6907,5705,4125,1580
09,192,mau,Rural,Age not stated,11331,5792,5539,3954,1441,2513,7377,4351,3026
09,192,mau,Urban,All ages,499208,255866,243342,171916,76390,95526,327292,179476,147816
09,192,mau,Urban,0-6,76948,39377,37571,76948,39377,37571,0,0,0
09,192,mau,Urban,7,12605,6485,6120,4262,2241,2021,8343,4244,4099
09,192,mau,Urban,8,15398,7973,7425,3359,1705,1654,12039,6268,5771
09,192,mau,Urban,9,11329,5773,5556,1806,920,886,9523,4853,4670
09,192,mau,Urban,10,16377,8584,7793,2296,1217,1079,14081,7367,6714
09,192,mau,Urban,11,11490,5834,5656,1263,636,627,10227,5198,5029
09,192,mau,Urban,12,15070,7732,7338,1579,792,787,13491,6940,6551
09,192,mau,Urban,13,11544,5822,5722,1062,556,506,10482,5266,5216
09,192,mau,Urban,14,13089,6558,6531,1261,637,624,11828,5921,5907
09,192,mau,Urban,15,13358,6761,6597,1406,710,696,11952,6051,5901
09,192,mau,Urban,16,13968,6974,6994,1484,697,787,12484,6277,6207
09,192,mau,Urban,17,10857,5521,5336,1070,503,567,9787,5018,4769
09,192,mau,Urban,18,16049,8328,7721,1987,969,1018,14062,7359,6703
09,192,mau,Urban,19,9461,4882,4579,978,462,516,8483,4420,4063
09,192,mau,Urban,20-24,49723,26286,23437,6798,2987,3811,42925,23299,19626
09,192,mau,Urban,25-29,36044,18327,17717,6679,2468,4211,29365,15859,13506
09,192,mau,Urban,30-34,30591,14823,15768,7366,2372,4994,23225,12451,10774
09,192,mau,Urban,35-39,29390,14686,14704,8518,2809,5709,20872,11877,8995
09,192,mau,Urban,40-44,24809,12745,12064,8128,2833,5295,16681,9912,6769
09,192,mau,Urban,45-49,21112,10968,10144,7343,2433,4910,13769,8535,5234
09,192,mau,Urban,50-54,15984,8633,7351,5872,2075,3797,10112,6558,3554
09,192,mau,Urban,55-59,12476,6193,6283,5058,1445,3613,7418,4748,2670
09,192,mau,Urban,60-64,11473,6042,5431,5214,1805,3409,6259,4237,2022
09,192,mau,Urban,65-69,7613,3943,3670,3722,1274,2448,3891,2669,1222
09,192,mau,Urban,70-74,5460,2948,2512,2904,1102,1802,2556,1846,710
09,192,mau,Urban,75-79,2564,1360,1204,1372,492,880,1192,868,324
09,192,mau,Urban,80+,3130,1614,1516,1729,663,1066,1401,951,450
09,192,mau,Urban,Age not stated,1296,694,602,452,210,242,844,484,360
09,193,ballia,Total,All ages,3239774,1672902,1566872,1276184,511942,764242,1963590,1160960,802630
09,193,ballia,Total,0-6,471852,248293,223559,471852,248293,223559,0,0,0
09,193,ballia,Total,7,80898,42704,38194,19927,9700,10227,60971,33004,27967
09,193,ballia,Total,8,90574,47381,43193,14822,7023,7799,75752,40358,35394
09,193,ballia,Total,9,71743,37664,34079,8790,4047,4743,62953,33617,29336
09,193,ballia,Total,10,101838,54126,47712,11767,5443,6324,90071,48683,41388
09,193,ballia,Total,11,73166,38536,34630,6909,3078,3831,66257,35458,30799
09,193,ballia,Total,12,88098,46141,41957,7948,3322,4626,80150,42819,37331
09,193,ballia,Total,13,68755,35442,33313,5759,2403,3356,62996,33039,29957
09,193,ballia,Total,14,76639,39795,36844,6936,2805,4131,69703,36990,32713
09,193,ballia,Total,15,83647,44246,39401,8616,3691,4925,75031,40555,34476
09,193,ballia,Total,16,78108,40542,37566,8130,3142,4988,69978,37400,32578
09,193,ballia,Total,17,62909,33263,29646,6449,2457,3992,56460,30806,25654
09,193,ballia,Total,18,87179,47636,39543,10907,4293,6614,76272,43343,32929
09,193,ballia,Total,19,54220,29443,24777,7154,2593,4561,47066,26850,20216
09,193,ballia,Total,20-24,257479,135719,121760,45995,13849,32146,211484,121870,89614
09,193,ballia,Total,25-29,228829,113109,115720,60639,15613,45026,168190,97496,70694
09,193,ballia,Total,30-34,210745,100887,109858,69443,17395,52048,141302,83492,57810
09,193,ballia,Total,35-39,204228,100582,103646,77464,20347,57117,126764,80235,46529
09,193,ballia,Total,40-44,167532,86321,81211,69939,20808,49131,97593,65513,32080
09,193,ballia,Total,45-49,141857,70660,71197,65514,18602,46912,76343,52058,24285
09,193,ballia,Total,50-54,114257,61376,52881,54634,18497,36137,59623,42879,16744
09,193,ballia,Total,55-59,97946,45609,52337,52685,14291,38394,45261,31318,13943
09,193,ballia,Total,60-64,102962,54221,48741,58148,21069,37079,44814,33152,11662
09,193,ballia,Total,65-69,71961,36642,35319,42709,14977,27732,29252,21665,7587
09,193,ballia,Total,70-74,55294,31165,24129,34484,14873,19611,20810,16292,4518
09,193,ballia,Total,75-79,24880,13150,11730,15563,6073,9490,9317,7077,2240
09,193,ballia,Total,80+,35328,18886,16442,20930,8637,12293,14398,10249,4149
09,193,ballia,Total,Age not stated,36850,19363,17487,12071,4621,7450,24779,14742,10037
09,193,ballia,Rural,All ages,2935665,1514018,1421647,1177030,468987,708043,1758635,1045031,713604
09,193,ballia,Rural,0-6,431944,227209,204735,431944,227209,204735,0,0,0
09,193,ballia,Rural,7,74149,39084,35065,17959,8699,9260,56190,30385,25805
09,193,ballia,Rural,8,82898,43424,39474,13250,6287,6963,69648,37137,32511
09,193,ballia,Rural,9,65984,34698,31286,7950,3661,4289,58034,31037,26997
09,193,ballia,Rural,10,93043,49358,43685,10523,4803,5720,82520,44555,37965
09,193,ballia,Rural,11,67201,35361,31840,6209,2743,3466,60992,32618,28374
09,193,ballia,Rural,12,80196,42021,38175,7072,2909,4163,73124,39112,34012
09,193,ballia,Rural,13,62673,32306,30367,5169,2113,3056,57504,30193,27311
09,193,ballia,Rural,14,69665,36132,33533,6173,2420,3753,63492,33712,29780
09,193,ballia,Rural,15,75878,40155,35723,7700,3240,4460,68178,36915,31263
09,193,ballia,Rural,16,70492,36604,33888,7278,2785,4493,63214,33819,29395
09,193,ballia,Rural,17,56582,29927,26655,5752,2123,3629,50830,27804,23026
09,193,ballia,Rural,18,78236,42696,35540,9772,3715,6057,68464,38981,29483
09,193,ballia,Rural,19,48477,26371,22106,6484,2286,4198,41993,24085,17908
09,193,ballia,Rural,20-24,229031,120287,108744,42055,12203,29852,186976,108084,78892
09,193,ballia,Rural,25-29,204826,100702,104124,56040,13973,42067,148786,86729,62057
09,193,ballia,Rural,30-34,189665,90396,99269,64600,15820,48780,125065,74576,50489
09,193,ballia,Rural,35-39,184150,90365,93785,72165,18614,53551,111985,71751,40234
09,193,ballia,Rural,40-44,150744,77568,73176,65138,19151,45987,85606,58417,27189
09,193,ballia,Rural,45-49,127445,63248,64197,60990,17254,43736,66455,45994,20461
09,193,ballia,Rural,50-54,103072,55388,47684,50950,17155,33795,52122,38233,13889
09,193,ballia,Rural,55-59,88720,41232,47488,49303,13419,35884,39417,27813,11604
09,193,ballia,Rural,60-64,93754,49507,44247,54382,19843,34539,39372,29664,9708
09,193,ballia,Rural,65-69,65828,33481,32347,40050,14099,25951,25778,19382,6396
09,193,ballia,Rural,70-74,50702,28670,22032,32319,14106,18213,18383,14564,3819
09,193,ballia,Rural,75-79,22798,12053,10745,14561,5738,8823,8237,6315,1922
09,193,ballia,Rural,80+,32660,17528,15132,19692,8218,11474,12968,9310,3658
09,193,ballia,Rural,Age not stated,34852,18247,16605,11550,4401,7149,23302,13846,9456
09,193,ballia,Urban,All ages,304109,158884,145225,99154,42955,56199,204955,115929,89026
09,193,ballia,Urban,0-6,39908,21084,18824,39908,21084,18824,0,0,0
09,193,ballia,Urban,7,6749,3620,3129,1968,1001,967,4781,2619,2162
09,193,ballia,Urban,8,7676,3957,3719,1572,736,836,6104,3221,2883
09,193,ballia,Urban,9,5759,2966,2793,840,386,454,4919,2580,2339
09,193,ballia,Urban,10,8795,4768,4027,1244,640,604,7551,4128,3423
09,193,ballia,Urban,11,5965,3175,2790,700,335,365,5265,2840,2425
09,193,ballia,Urban,12,7902,4120,3782,876,413,463,7026,3707,3319
09,193,ballia,Urban,13,6082,3136,2946,590,290,300,5492,2846,2646
09,193,ballia,Urban,14,6974,3663,3311,763,385,378,6211,3278,2933
09,193,ballia,Urban,15,7769,4091,3678,916,451,465,6853,3640,3213
09,193,ballia,Urban,16,7616,3938,3678,852,357,495,6764,3581,3183
09,193,ballia,Urban,17,6327,3336,2991,697,334,363,5630,3002,2628
09,193,ballia,Urban,18,8943,4940,4003,1135,578,557,7808,4362,3446
09,193,ballia,Urban,19,5743,3072,2671,670,307,363,5073,2765,2308
09,193,ballia,Urban,20-24,28448,15432,13016,3940,1646,2294,24508,13786,10722
09,193,ballia,Urban,25-29,24003,12407,11596,4599,1640,2959,19404,10767,8637
09,193,ballia,Urban,30-34,21080,10491,10589,4843,1575,3268,16237,8916,7321
09,193,ballia,Urban,35-39,20078,10217,9861,5299,1733,3566,14779,8484,6295
09,193,ballia,Urban,40-44,16788,8753,8035,4801,1657,3144,11987,7096,4891
09,193,ballia,Urban,45-49,14412,7412,7000,4524,1348,3176,9888,6064,3824
09,193,ballia,Urban,50-54,11185,5988,5197,3684,1342,2342,7501,4646,2855
09,193,ballia,Urban,55-59,9226,4377,4849,3382,872,2510,5844,3505,2339
09,193,ballia,Urban,60-64,9208,4714,4494,3766,1226,2540,5442,3488,1954
09,193,ballia,Urban,65-69,6133,3161,2972,2659,878,1781,3474,2283,1191
09,193,ballia,Urban,70-74,4592,2495,2097,2165,767,1398,2427,1728,699
09,193,ballia,Urban,75-79,2082,1097,985,1002,335,667,1080,762,318
09,193,ballia,Urban,80+,2668,1358,1310,1238,419,819,1430,939,491
09,193,ballia,Urban,Age not stated,1998,1116,882,521,220,301,1477,896,581
09,194,jaunpur,Total,All ages,4494204,2220465,2273739,1762527,655071,1107456,2731677,1565394,1166283
09,194,jaunpur,Total,0-6,676216,352561,323655,676216,352561,323655,0,0,0
09,194,jaunpur,Total,7,112876,59014,53862,25088,12395,12693,87788,46619,41169
09,194,jaunpur,Total,8,126816,66306,60510,15112,7286,7826,111704,59020,52684
09,194,jaunpur,Total,9,105322,54326,50996,8587,4066,4521,96735,50260,46475
09,194,jaunpur,Total,10,145818,76493,69325,11688,5586,6102,134130,70907,63223
09,194,jaunpur,Total,11,108959,56520,52439,6253,2776,3477,102706,53744,48962
09,194,jaunpur,Total,12,125161,65074,60087,6795,2875,3920,118366,62199,56167
09,194,jaunpur,Total,13,104299,52924,51375,5137,2070,3067,99162,50854,48308
09,194,jaunpur,Total,14,114524,58302,56222,6236,2519,3717,108288,55783,52505
09,194,jaunpur,Total,15,120096,61649,58447,8168,3242,4926,111928,58407,53521
09,194,jaunpur,Total,16,113056,56216,56840,7663,2882,4781,105393,53334,52059
09,194,jaunpur,Total,17,94713,46810,47903,6798,2389,4409,87915,44421,43494
09,194,jaunpur,Total,18,121089,60391,60698,11293,3697,7596,109796,56694,53102
09,194,jaunpur,Total,19,78886,39077,39809,8011,2367,5644,70875,36710,34165
09,194,jaunpur,Total,20-24,372524,179487,193037,59250,13690,45560,313274,165797,147477
09,194,jaunpur,Total,25-29,306098,139897,166201,80405,15613,64792,225693,124284,101409
09,194,jaunpur,Total,30-34,271404,120650,150754,94580,17782,76798,176824,102868,73956
09,194,jaunpur,Total,35-39,260235,119668,140567,106653,21658,84995,153582,98010,55572
09,194,jaunpur,Total,40-44,211534,100282,111252,96413,22138,74275,115121,78144,36977
09,194,jaunpur,Total,45-49,183853,87028,96825,90919,21017,69902,92934,66011,26923
09,194,jaunpur,Total,50-54,150584,75970,74614,77201,21281,55920,73383,54689,18694
09,194,jaunpur,Total,55-59,133442,61267,72175,76033,18315,57718,57409,42952,14457
09,194,jaunpur,Total,60-64,142298,70881,71417,87818,28014,59804,54480,42867,11613
09,194,jaunpur,Total,65-69,102215,50787,51428,65167,21539,43628,37048,29248,7800
09,194,jaunpur,Total,70-74,75520,40162,35358,50595,19775,30820,24925,20387,4538
09,194,jaunpur,Total,75-79,35840,17858,17982,23987,8658,15329,11853,9200,2653
09,194,jaunpur,Total,80+,50080,25073,25007,32421,12442,19979,17659,12631,5028
09,194,jaunpur,Total,Age not stated,50746,25792,24954,18040,6438,11602,32706,19354,13352
09,194,jaunpur,Rural,All ages,4147624,2041217,2106407,1656580,609019,1047561,2491044,1432198,1058846
09,194,jaunpur,Rural,0-6,629787,328260,301527,629787,328260,301527,0,0,0
09,194,jaunpur,Rural,7,104914,54924,49990,22960,11357,11603,81954,43567,38387
09,194,jaunpur,Rural,8,118054,61648,56406,13724,6580,7144,104330,55068,49262
09,194,jaunpur,Rural,9,98265,50652,47613,7726,3625,4101,90539,47027,43512
09,194,jaunpur,Rural,10,136121,71433,64688,10595,5058,5537,125526,66375,59151
09,194,jaunpur,Rural,11,101504,52551,48953,5608,2431,3177,95896,50120,45776
09,194,jaunpur,Rural,12,116336,60423,55913,6065,2504,3561,110271,57919,52352
09,194,jaunpur,Rural,13,97141,49245,47896,4600,1799,2801,92541,47446,45095
09,194,jaunpur,Rural,14,106305,54126,52179,5585,2209,3376,100720,51917,48803
09,194,jaunpur,Rural,15,111536,57206,54330,7391,2840,4551,104145,54366,49779
09,194,jaunpur,Rural,16,104335,51823,52512,6873,2485,4388,97462,49338,48124
09,194,jaunpur,Rural,17,86769,42680,44089,6058,1993,4065,80711,40687,40024
09,194,jaunpur,Rural,18,110413,54705,55708,10196,3105,7091,100217,51600,48617
09,194,jaunpur,Rural,19,71438,35200,36238,7252,2009,5243,64186,33191,30995
09,194,jaunpur,Rural,20-24,335956,160151,175805,54781,11746,43035,281175,148405,132770
09,194,jaunpur,Rural,25-29,277117,125037,152080,75694,13874,61820,201423,111163,90260
09,194,jaunpur,Rural,30-34,247747,108856,138891,89704,16182,73522,158043,92674,65369
09,194,jaunpur,Rural,35-39,238149,108447,129702,101327,19920,81407,136822,88527,48295
09,194,jaunpur,Rural,40-44,193325,90916,102409,91349,20473,70876,101976,70443,31533
09,194,jaunpur,Rural,45-49,168428,79053,89375,86383,19604,66779,82045,59449,22596
09,194,jaunpur,Rural,50-54,138574,69642,68932,73316,20040,53276,65258,49602,15656
09,194,jaunpur,Rural,55-59,123604,56241,67363,72648,17400,55248,50956,38841,12115
09,194,jaunpur,Rural,60-64,133710,66547,67163,84164,26951,57213,49546,39596,9950
09,194,jaunpur,Rural,65-69,96192,47754,48438,62520,20760,41760,33672,26994,6678
09,194,jaunpur,Rural,70-74,71375,38036,33339,48543,19119,29424,22832,18917,3915
09,194,jaunpur,Rural,75-79,33891,16905,16986,23069,8403,14666,10822,8502,2320
09,194,jaunpur,Rural,80+,47303,23791,23512,31031,12055,18976,16272,11736,4536
09,194,jaunpur,Rural,Age not stated,49335,24965,24370,17631,6237,11394,31704,18728,12976
09,194,jaunpur,Urban,All ages,346580,179248,167332,105947,46052,59895,240633,133196,107437
09,194,jaunpur,Urban,0-6,46429,24301,22128,46429,24301,22128,0,0,0
09,194,jaunpur,Urban,7,7962,4090,3872,2128,1038,1090,5834,3052,2782
09,194,jaunpur,Urban,8,8762,4658,4104,1388,706,682,7374,3952,3422
09,194,jaunpur,Urban,9,7057,3674,3383,861,441,420,6196,3233,2963
09,194,jaunpur,Urban,10,9697,5060,4637,1093,528,565,8604,4532,4072
09,194,jaunpur,Urban,11,7455,3969,3486,645,345,300,6810,3624,3186
09,194,jaunpur,Urban,12,8825,4651,4174,730,371,359,8095,4280,3815
09,194,jaunpur,Urban,13,7158,3679,3479,537,271,266,6621,3408,3213
09,194,jaunpur,Urban,14,8219,4176,4043,651,310,341,7568,3866,3702
09,194,jaunpur,Urban,15,8560,4443,4117,777,402,375,7783,4041,3742
09,194,jaunpur,Urban,16,8721,4393,4328,790,397,393,7931,3996,3935
09,194,jaunpur,Urban,17,7944,4130,3814,740,396,344,7204,3734,3470
09,194,jaunpur,Urban,18,10676,5686,4990,1097,592,505,9579,5094,4485
09,194,jaunpur,Urban,19,7448,3877,3571,759,358,401,6689,3519,3170
09,194,jaunpur,Urban,20-24,36568,19336,17232,4469,1944,2525,32099,17392,14707
09,194,jaunpur,Urban,25-29,28981,14860,14121,4711,1739,2972,24270,13121,11149
09,194,jaunpur,Urban,30-34,23657,11794,11863,4876,1600,3276,18781,10194,8587
09,194,jaunpur,Urban,35-39,22086,11221,10865,5326,1738,3588,16760,9483,7277
09,194,jaunpur,Urban,40-44,18209,9366,8843,5064,1665,3399,13145,7701,5444
09,194,jaunpur,Urban,45-49,15425,7975,7450,4536,1413,3123,10889,6562,4327
09,194,jaunpur,Urban,50-54,12010,6328,5682,3885,1241,2644,8125,5087,3038
09,194,jaunpur,Urban,55-59,9838,5026,4812,3385,915,2470,6453,4111,2342
09,194,jaunpur,Urban,60-64,8588,4334,4254,3654,1063,2591,4934,3271,1663
09,194,jaunpur,Urban,65-69,6023,3033,2990,2647,779,1868,3376,2254,1122
09,194,jaunpur,Urban,70-74,4145,2126,2019,2052,656,1396,2093,1470,623
09,194,jaunpur,Urban,75-79,1949,953,996,918,255,663,1031,698,333
09,194,jaunpur,Urban,80+,2777,1282,1495,1390,387,1003,1387,895,492
09,194,jaunpur,Urban,Age not stated,1411,827,584,409,201,208,1002,626,376
09,195,ghazipur,Total,All ages,3620268,1855075,1765193,1422719,561522,861197,2197549,1293553,903996
09,195,ghazipur,Total,0-6,558559,292774,265785,558559,292774,265785,0,0,0
09,195,ghazipur,Total,7,91490,48108,43382,22539,11258,11281,68951,36850,32101
09,195,ghazipur,Total,8,104004,54392,49612,14394,6969,7425,89610,47423,42187
09,195,ghazipur,Total,9,81374,42467,38907,8231,3827,4404,73143,38640,34503
09,195,ghazipur,Total,10,115595,60999,54596,10770,5123,5647,104825,55876,48949
09,195,ghazipur,Total,11,81229,42625,38604,5680,2581,3099,75549,40044,35505
09,195,ghazipur,Total,12,97929,50992,46937,6410,2800,3610,91519,48192,43327
09,195,ghazipur,Total,13,79314,40518,38796,4681,1920,2761,74633,38598,36035
09,195,ghazipur,Total,14,87628,45203,42425,5535,2294,3241,82093,42909,39184
09,195,ghazipur,Total,15,93266,49343,43923,7171,3041,4130,86095,46302,39793
09,195,ghazipur,Total,16,87173,45254,41919,6549,2601,3948,80624,42653,37971
09,195,ghazipur,Total,17,69357,36641,32716,5313,2058,3255,64044,34583,29461
09,195,ghazipur,Total,18,95416,51245,44171,9046,3200,5846,86370,48045,38325
09,195,ghazipur,Total,19,59555,31302,28253,6136,1965,4171,53419,29337,24082
09,195,ghazipur,Total,20-24,289036,150812,138224,43816,11824,31992,245220,138988,106232
09,195,ghazipur,Total,25-29,243668,118695,124973,59600,13514,46086,184068,105181,78887
09,195,ghazipur,Total,30-34,223921,106239,117682,72156,15849,56307,151765,90390,61375
09,195,ghazipur,Total,35-39,215910,105210,110700,82231,19228,63003,133679,85982,47697
09,195,ghazipur,Total,40-44,179083,90606,88477,75923,20053,55870,103160,70553,32607
09,195,ghazipur,Total,45-49,155216,76856,78360,73348,19180,54168,81868,57676,24192
09,195,ghazipur,Total,50-54,127005,66818,60187,63107,19689,43418,63898,47129,16769
09,195,ghazipur,Total,55-59,110155,51882,58273,61177,16082,45095,48978,35800,13178
09,195,ghazipur,Total,60-64,114712,59518,55194,69125,24487,44638,45587,35031,10556
09,195,ghazipur,Total,65-69,80381,40976,39405,50817,18176,32641,29564,22800,6764
09,195,ghazipur,Total,70-74,59655,32749,26906,39639,16745,22894,20016,16004,4012
09,195,ghazipur,Total,75-79,27032,14083,12949,18218,7219,10999,8814,6864,1950
09,195,ghazipur,Total,80+,37333,19387,17946,23989,9841,14148,13344,9546,3798
09,195,ghazipur,Total,Age not stated,55272,29381,25891,18559,7224,11335,36713,22157,14556
09,195,ghazipur,Rural,All ages,3345908,1711651,1634257,1338167,525180,812987,2007741,1186471,821270
09,195,ghazipur,Rural,0-6,520467,272708,247759,520467,272708,247759,0,0,0
09,195,ghazipur,Rural,7,85241,44804,40437,20733,10341,10392,64508,34463,30045
09,195,ghazipur,Rural,8,97126,50818,46308,13277,6423,6854,83849,44395,39454
09,195,ghazipur,Rural,9,75840,39563,36277,7539,3470,4069,68301,36093,32208
09,195,ghazipur,Rural,10,108060,56944,51116,9942,4683,5259,98118,52261,45857
09,195,ghazipur,Rural,11,75565,39636,35929,5179,2349,2830,70386,37287,33099
09,195,ghazipur,Rural,12,90917,47275,43642,5838,2501,3337,85079,44774,40305
09,195,ghazipur,Rural,13,73621,37600,36021,4248,1690,2558,69373,35910,33463
09,195,ghazipur,Rural,14,81128,41805,39323,5025,2032,2993,76103,39773,36330
09,195,ghazipur,Rural,15,86313,45628,40685,6596,2744,3852,79717,42884,36833
09,195,ghazipur,Rural,16,80189,41609,38580,5981,2309,3672,74208,39300,34908
09,195,ghazipur,Rural,17,63408,33558,29850,4830,1821,3009,58578,31737,26841
09,195,ghazipur,Rural,18,87344,46854,40490,8290,2833,5457,79054,44021,35033
09,195,ghazipur,Rural,19,53988,28397,25591,5679,1770,3909,48309,26627,21682
09,195,ghazipur,Rural,20-24,262029,136131,125898,40886,10582,30304,221143,125549,95594
09,195,ghazipur,Rural,25-29,222046,107614,114432,56274,12359,43915,165772,95255,70517
09,195,ghazipur,Rural,30-34,205282,96805,108477,68579,14767,53812,136703,82038,54665
09,195,ghazipur,Rural,35-39,198280,96264,102016,77954,17949,60005,120326,78315,42011
09,195,ghazipur,Rural,40-44,164686,83064,81622,71980,18796,53184,92706,64268,28438
09,195,ghazipur,Rural,45-49,142619,70477,72142,69586,18142,51444,73033,52335,20698
09,195,ghazipur,Rural,50-54,116876,61411,55465,59958,18735,41223,56918,42676,14242
09,195,ghazipur,Rural,55-59,101843,47714,54129,58307,15382,42925,43536,32332,11204
09,195,ghazipur,Rural,60-64,106987,55464,51523,65952,23541,42411,41035,31923,9112
09,195,ghazipur,Rural,65-69,75249,38306,36943,48571,17513,31058,26678,20793,5885
09,195,ghazipur,Rural,70-74,56072,30879,25193,37902,16203,21699,18170,14676,3494
09,195,ghazipur,Rural,75-79,25355,13178,12177,17420,6941,10479,7935,6237,1698
09,195,ghazipur,Rural,80+,35228,18345,16883,22968,9519,13449,12260,8826,3434
09,195,ghazipur,Rural,Age not stated,54149,28800,25349,18206,7077,11129,35943,21723,14220
09,195,ghazipur,Urban,All ages,274360,143424,130936,84552,36342,48210,189808,107082,82726
09,195,ghazipur,Urban,0-6,38092,20066,18026,38092,20066,18026,0,0,0
09,195,ghazipur,Urban,7,6249,3304,2945,1806,917,889,4443,2387,2056
09,195,ghazipur,Urban,8,6878,3574,3304,1117,546,571,5761,3028,2733
09,195,ghazipur,Urban,9,5534,2904,2630,692,357,335,4842,2547,2295
09,195,ghazipur,Urban,10,7535,4055,3480,828,440,388,6707,3615,3092
09,195,ghazipur,Urban,11,5664,2989,2675,501,232,269,5163,2757,2406
09,195,ghazipur,Urban,12,7012,3717,3295,572,299,273,6440,3418,3022
09,195,ghazipur,Urban,13,5693,2918,2775,433,230,203,5260,2688,2572
09,195,ghazipur,Urban,14,6500,3398,3102,510,262,248,5990,3136,2854
09,195,ghazipur,Urban,15,6953,3715,3238,575,297,278,6378,3418,2960
09,195,ghazipur,Urban,16,6984,3645,3339,568,292,276,6416,3353,3063
09,195,ghazipur,Urban,17,5949,3083,2866,483,237,246,5466,2846,2620
09,195,ghazipur,Urban,18,8072,4391,3681,756,367,389,7316,4024,3292
09,195,ghazipur,Urban,19,5567,2905,2662,457,195,262,5110,2710,2400
09,195,ghazipur,Urban,20-24,27007,14681,12326,2930,1242,1688,24077,13439,10638
09,195,ghazipur,Urban,25-29,21622,11081,10541,3326,1155,2171,18296,9926,8370
09,195,ghazipur,Urban,30-34,18639,9434,9205,3577,1082,2495,15062,8352,6710
09,195,ghazipur,Urban,35-39,17630,8946,8684,4277,1279,2998,13353,7667,5686
09,195,ghazipur,Urban,40-44,14397,7542,6855,3943,1257,2686,10454,6285,4169
09,195,ghazipur,Urban,45-49,12597,6379,6218,3762,1038,2724,8835,5341,3494
09,195,ghazipur,Urban,50-54,10129,5407,4722,3149,954,2195,6980,4453,2527
09,195,ghazipur,Urban,55-59,8312,4168,4144,2870,700,2170,5442,3468,1974
09,195,ghazipur,Urban,60-64,7725,4054,3671,3173,946,2227,4552,3108,1444
09,195,ghazipur,Urban,65-69,5132,2670,2462,2246,663,1583,2886,2007,879
09,195,ghazipur,Urban,70-74,3583,1870,1713,1737,542,1195,1846,1328,518
09,195,ghazipur,Urban,75-79,1677,905,772,798,278,520,879,627,252
09,195,ghazipur,Urban,80+,2105,1042,1063,1021,322,699,1084,720,364
09,195,ghazipur,Urban,Age not stated,1123,581,542,353,147,206,770,434,336
09,196,chandauli,Total,All ages,1952756,1017905,934851,778150,318451,459699,1174606,699454,475152
09,196,chandauli,Total,0-6,309597,162019,147578,309597,162019,147578,0,0,0
09,196,chandauli,Total,7,47398,24845,22553,11641,5801,5840,35757,19044,16713
09,196,chandauli,Total,8,55207,29009,26198,8137,4052,4085,47070,24957,22113
09,196,chandauli,Total,9,43774,22815,20959,4420,2152,2268,39354,20663,18691
09,196,chandauli,Total,10,60870,32560,28310,6174,3011,3163,54696,29549,25147
09,196,chandauli,Total,11,43095,22671,20424,3343,1552,1791,39752,21119,18633
09,196,chandauli,Total,12,53039,27937,25102,4144,1945,2199,48895,25992,22903
09,196,chandauli,Total,13,42936,22131,20805,2849,1240,1609,40087,20891,19196
09,196,chandauli,Total,14,47471,24894,22577,3468,1584,1884,44003,23310,20693
09,196,chandauli,Total,15,48079,25929,22150,4313,1984,2329,43766,23945,19821
09,196,chandauli,Total,16,45209,24186,21023,3954,1769,2185,41255,22417,18838
09,196,chandauli,Total,17,36110,19533,16577,3239,1345,1894,32871,18188,14683
09,196,chandauli,Total,18,51285,28154,23131,5997,2352,3645,45288,25802,19486
09,196,chandauli,Total,19,31974,17111,14863,4012,1414,2598,27962,15697,12265
09,196,chandauli,Total,20-24,164182,87445,76737,28827,9026,19801,135355,78419,56936
09,196,chandauli,Total,25-29,142469,71964,70505,37905,10394,27511,104564,61570,42994
09,196,chandauli,Total,30-34,129836,64041,65795,44011,12134,31877,85825,51907,33918
09,196,chandauli,Total,35-39,122337,62276,60061,47065,13784,33281,75272,48492,26780
09,196,chandauli,Total,40-44,100490,52965,47525,41905,13247,28658,58585,39718,18867
09,196,chandauli,Total,45-49,84337,43212,41125,38264,11335,26929,46073,31877,14196
09,196,chandauli,Total,50-54,66695,36319,30376,31210,10592,20618,35485,25727,9758
09,196,chandauli,Total,55-59,57291,27179,30112,30833,7960,22873,26458,19219,7239
09,196,chandauli,Total,60-64,60222,31226,28996,35658,12386,23272,24564,18840,5724
09,196,chandauli,Total,65-69,42092,21589,20503,25760,8923,16837,16332,12666,3666
09,196,chandauli,Total,70-74,30426,16682,13744,19537,7890,11647,10889,8792,2097
09,196,chandauli,Total,75-79,13952,7276,6676,9096,3379,5717,4856,3897,959
09,196,chandauli,Total,80+,17089,9013,8076,10934,4357,6577,6155,4656,1499
09,196,chandauli,Total,Age not stated,5294,2924,2370,1857,824,1033,3437,2100,1337
09,196,chandauli,Rural,All ages,1710203,890630,819573,696183,282067,414116,1014020,608563,405457
09,196,chandauli,Rural,0-6,276287,144390,131897,276287,144390,131897,0,0,0
09,196,chandauli,Rural,7,42076,22055,20021,10124,5015,5109,31952,17040,14912
09,196,chandauli,Rural,8,48963,25711,23252,6821,3374,3447,42142,22337,19805
09,196,chandauli,Rural,9,38974,20271,18703,3617,1724,1893,35357,18547,16810
09,196,chandauli,Rural,10,53619,28672,24947,4987,2426,2561,48632,26246,22386
09,196,chandauli,Rural,11,38195,20106,18089,2664,1214,1450,35531,18892,16639
09,196,chandauli,Rural,12,46474,24517,21957,3230,1484,1746,43244,23033,20211
09,196,chandauli,Rural,13,37809,19515,18294,2180,906,1274,35629,18609,17020
09,196,chandauli,Rural,14,41526,21807,19719,2598,1162,1436,38928,20645,18283
09,196,chandauli,Rural,15,42003,22761,19242,3400,1522,1878,38603,21239,17364
09,196,chandauli,Rural,16,38996,20957,18039,3067,1334,1733,35929,19623,16306
09,196,chandauli,Rural,17,30887,16804,14083,2523,983,1540,28364,15821,12543
09,196,chandauli,Rural,18,43842,24174,19668,4814,1772,3042,39028,22402,16626
09,196,chandauli,Rural,19,27281,14545,12736,3341,1067,2274,23940,13478,10462
09,196,chandauli,Rural,20-24,140090,74218,65872,24873,7166,17707,115217,67052,48165
09,196,chandauli,Rural,25-29,123528,62188,61340,34098,8906,25192,89430,53282,36148
09,196,chandauli,Rural,30-34,113455,55784,57671,40155,10764,29391,73300,45020,28280
09,196,chandauli,Rural,35-39,106794,54515,52279,42914,12370,30544,63880,42145,21735
09,196,chandauli,Rural,40-44,87017,45932,41085,38033,11953,26080,48984,33979,15005
09,196,chandauli,Rural,45-49,72637,37171,35466,34649,10241,24408,37988,26930,11058
09,196,chandauli,Rural,50-54,57536,31291,26245,28282,9678,18604,29254,21613,7641
09,196,chandauli,Rural,55-59,50272,23409,26863,28313,7252,21061,21959,16157,5802
09,196,chandauli,Rural,60-64,54121,28105,26016,32944,11504,21440,21177,16601,4576
09,196,chandauli,Rural,65-69,37878,19428,18450,23905,8371,15534,13973,11057,2916
09,196,chandauli,Rural,70-74,27405,15115,12290,18098,7458,10640,9307,7657,1650
09,196,chandauli,Rural,75-79,12532,6521,6011,8432,3187,5245,4100,3334,766
09,196,chandauli,Rural,80+,15491,8190,7301,10189,4121,6068,5302,4069,1233
09,196,chandauli,Rural,Age not stated,4515,2478,2037,1645,723,922,2870,1755,1115
09,196,chandauli,Urban,All ages,242553,127275,115278,81967,36384,45583,160586,90891,69695
09,196,chandauli,Urban,0-6,33310,17629,15681,33310,17629,15681,0,0,0
09,196,chandauli,Urban,7,5322,2790,2532,1517,786,731,3805,2004,1801
09,196,chandauli,Urban,8,6244,3298,2946,1316,678,638,4928,2620,2308
09,196,chandauli,Urban,9,4800,2544,2256,803,428,375,3997,2116,1881
09,196,chandauli,Urban,10,7251,3888,3363,1187,585,602,6064,3303,2761
09,196,chandauli,Urban,11,4900,2565,2335,679,338,341,4221,2227,1994
09,196,chandauli,Urban,12,6565,3420,3145,914,461,453,5651,2959,2692
09,196,chandauli,Urban,13,5127,2616,2511,669,334,335,4458,2282,2176
09,196,chandauli,Urban,14,5945,3087,2858,870,422,448,5075,2665,2410
09,196,chandauli,Urban,15,6076,3168,2908,913,462,451,5163,2706,2457
09,196,chandauli,Urban,16,6213,3229,2984,887,435,452,5326,2794,2532
09,196,chandauli,Urban,17,5223,2729,2494,716,362,354,4507,2367,2140
09,196,chandauli,Urban,18,7443,3980,3463,1183,580,603,6260,3400,2860
09,196,chandauli,Urban,19,4693,2566,2127,671,347,324,4022,2219,1803
09,196,chandauli,Urban,20-24,24092,13227,10865,3954,1860,2094,20138,11367,8771
09,196,chandauli,Urban,25-29,18941,9776,9165,3807,1488,2319,15134,8288,6846
09,196,chandauli,Urban,30-34,16381,8257,8124,3856,1370,2486,12525,6887,5638
09,196,chandauli,Urban,35-39,15543,7761,7782,4151,1414,2737,11392,6347,5045
09,196,chandauli,Urban,40-44,13473,7033,6440,3872,1294,2578,9601,5739,3862
09,196,chandauli,Urban,45-49,11700,6041,5659,3615,1094,2521,8085,4947,3138
09,196,chandauli,Urban,50-54,9159,5028,4131,2928,914,2014,6231,4114,2117
09,196,chandauli,Urban,55-59,7019,3770,3249,2520,708,1812,4499,3062,1437
09,196,chandauli,Urban,60-64,6101,3121,2980,2714,882,1832,3387,2239,1148
09,196,chandauli,Urban,65-69,4214,2161,2053,1855,552,1303,2359,1609,750
09,196,chandauli,Urban,70-74,3021,1567,1454,1439,432,1007,1582,1135,447
09,196,chandauli,Urban,75-79,1420,755,665,664,192,472,756,563,193
09,196,chandauli,Urban,80+,1598,823,775,745,236,509,853,587,266
09,196,chandauli,Urban,Age not stated,779,446,333,212,101,111,567,345,222
09,197,varanasi,Total,All ages,3676841,1921857,1754984,1272938,532741,740197,2403903,1389116,1014787
09,197,varanasi,Total,0-6,497151,263762,233389,497151,263762,233389,0,0,0
09,197,varanasi,Total,7,81330,43000,38330,20561,10365,10196,60769,32635,28134
09,197,varanasi,Total,8,90886,47991,42895,13046,6543,6503,77840,41448,36392
09,197,varanasi,Total,9,76270,39939,36331,7971,4015,3956,68299,35924,32375
09,197,varanasi,Total,10,104130,55350,48780,10408,5211,5197,93722,50139,43583
09,197,varanasi,Total,11,80617,42297,38320,6439,3144,3295,74178,39153,35025
09,197,varanasi,Total,12,96046,50891,45155,7460,3645,3815,88586,47246,41340
09,197,varanasi,Total,13,81850,42173,39677,5822,2790,3032,76028,39383,36645
09,197,varanasi,Total,14,90540,47021,43519,7245,3537,3708,83295,43484,39811
09,197,varanasi,Total,15,92669,49185,43484,8181,3922,4259,84488,45263,39225
09,197,varanasi,Total,16,89961,47405,42556,8302,3967,4335,81659,43438,38221
09,197,varanasi,Total,17,77050,41171,35879,7154,3343,3811,69896,37828,32068
09,197,varanasi,Total,18,101370,55457,45913,11371,5452,5919,89999,50005,39994
09,197,varanasi,Total,19,67263,36665,30598,7583,3361,4222,59680,33304,26376
09,197,varanasi,Total,20-24,346716,186901,159815,50805,19565,31240,295911,167336,128575
09,197,varanasi,Total,25-29,286608,145860,140748,60507,18966,41541,226101,126894,99207
09,197,varanasi,Total,30-34,252459,125106,127353,69972,20212,49760,182487,104894,77593
09,197,varanasi,Total,35-39,239271,120862,118409,77455,22871,54584,161816,97991,63825
09,197,varanasi,Total,40-44,196584,102243,94341,70963,22458,48505,125621,79785,45836
09,197,varanasi,Total,45-49,167756,86568,81188,64005,19361,44644,103751,67207,36544
09,197,varanasi,Total,50-54,131369,70542,60827,52068,17090,34978,79301,53452,25849
09,197,varanasi,Total,55-59,108139,53683,54456,47388,12694,34694,60751,40989,19762
09,197,varanasi,Total,60-64,104006,53584,50422,51822,16827,34995,52184,36757,15427
09,197,varanasi,Total,65-69,74761,39016,35745,38842,13106,25736,35919,25910,10009
09,197,varanasi,Total,70-74,53242,28651,24591,29584,11203,18381,23658,17448,6210
09,197,varanasi,Total,75-79,25623,13394,12229,14169,5077,9092,11454,8317,3137
09,197,varanasi,Total,80+,34409,17601,16808,18323,6800,11523,16086,10801,5285
09,197,varanasi,Total,Age not stated,28765,15539,13226,8341,3454,4887,20424,12085,8339
09,197,varanasi,Rural,All ages,2079790,1076526,1003264,778558,307070,471488,1301232,769456,531776
09,197,varanasi,Rural,0-6,306426,162340,144086,306426,162340,144086,0,0,0
09,197,varanasi,Rural,7,49547,26194,23353,11015,5542,5473,38532,20652,17880
09,197,varanasi,Rural,8,56717,29911,26806,5747,2838,2909,50970,27073,23897
09,197,varanasi,Rural,9,46948,24473,22475,2946,1452,1494,44002,23021,20981
09,197,varanasi,Rural,10,63845,33726,30119,3826,1865,1961,60019,31861,28158
09,197,varanasi,Rural,11,48520,25284,23236,2032,918,1114,46488,24366,22122
09,197,varanasi,Rural,12,57716,30393,27323,2292,1004,1288,55424,29389,26035
09,197,varanasi,Rural,13,49481,25586,23895,1747,783,964,47734,24803,22931
09,197,varanasi,Rural,14,53839,27855,25984,2261,999,1262,51578,26856,24722
09,197,varanasi,Rural,15,54446,29106,25340,2862,1230,1632,51584,27876,23708
09,197,varanasi,Rural,16,51836,27529,24307,2804,1203,1601,49032,26326,22706
09,197,varanasi,Rural,17,42808,23030,19778,2496,1008,1488,40312,22022,18290
09,197,varanasi,Rural,18,55798,30552,25246,4521,1783,2738,51277,28769,22508
09,197,varanasi,Rural,19,34821,18731,16090,2985,997,1988,31836,17734,14102
09,197,varanasi,Rural,20-24,180298,95254,85044,25716,7242,18474,154582,88012,66570
09,197,varanasi,Rural,25-29,150247,74623,75624,36367,9033,27334,113880,65590,48290
09,197,varanasi,Rural,30-34,138429,66644,71785,45800,11099,34701,92629,55545,37084
09,197,varanasi,Rural,35-39,131040,65711,65329,50995,13286,37709,80045,52425,27620
09,197,varanasi,Rural,40-44,105830,54640,51190,46471,13400,33071,59359,41240,18119
09,197,varanasi,Rural,45-49,87870,44888,42982,41587,11556,30031,46283,33332,12951
09,197,varanasi,Rural,50-54,68888,36470,32418,33927,10320,23607,34961,26150,8811
09,197,varanasi,Rural,55-59,58600,27963,30637,32231,8238,23993,26369,19725,6644
09,197,varanasi,Rural,60-64,60228,30331,29897,35955,11421,24534,24273,18910,5363
09,197,varanasi,Rural,65-69,44664,22867,21797,27665,9392,18273,16999,13475,3524
09,197,varanasi,Rural,70-74,32012,17175,14837,20818,8063,12755,11194,9112,2082
09,197,varanasi,Rural,75-79,15028,7661,7367,9972,3596,6376,5056,4065,991
09,197,varanasi,Rural,80+,20228,10320,9908,12657,4795,7862,7571,5525,2046
09,197,varanasi,Rural,Age not stated,13680,7269,6411,4437,1667,2770,9243,5602,3641
09,197,varanasi,Urban,All ages,1597051,845331,751720,494380,225671,268709,1102671,619660,483011
09,197,varanasi,Urban,0-6,190725,101422,89303,190725,101422,89303,0,0,0
09,197,varanasi,Urban,7,31783,16806,14977,9546,4823,4723,22237,11983,10254
09,197,varanasi,Urban,8,34169,18080,16089,7299,3705,3594,26870,14375,12495
09,197,varanasi,Urban,9,29322,15466,13856,5025,2563,2462,24297,12903,11394
09,197,varanasi,Urban,10,40285,21624,18661,6582,3346,3236,33703,18278,15425
09,197,varanasi,Urban,11,32097,17013,15084,4407,2226,2181,27690,14787,12903
09,197,varanasi,Urban,12,38330,20498,17832,5168,2641,2527,33162,17857,15305
09,197,varanasi,Urban,13,32369,16587,15782,4075,2007,2068,28294,14580,13714
09,197,varanasi,Urban,14,36701,19166,17535,4984,2538,2446,31717,16628,15089
09,197,varanasi,Urban,15,38223,20079,18144,5319,2692,2627,32904,17387,15517
09,197,varanasi,Urban,16,38125,19876,18249,5498,2764,2734,32627,17112,15515
09,197,varanasi,Urban,17,34242,18141,16101,4658,2335,2323,29584,15806,13778
09,197,varanasi,Urban,18,45572,24905,20667,6850,3669,3181,38722,21236,17486
09,197,varanasi,Urban,19,32442,17934,14508,4598,2364,2234,27844,15570,12274
09,197,varanasi,Urban,20-24,166418,91647,74771,25089,12323,12766,141329,79324,62005
09,197,varanasi,Urban,25-29,136361,71237,65124,24140,9933,14207,112221,61304,50917
09,197,varanasi,Urban,30-34,114030,58462,55568,24172,9113,15059,89858,49349,40509
09,197,varanasi,Urban,35-39,108231,55151,53080,26460,9585,16875,81771,45566,36205
09,197,varanasi,Urban,40-44,90754,47603,43151,24492,9058,15434,66262,38545,27717
09,197,varanasi,Urban,45-49,79886,41680,38206,22418,7805,14613,57468,33875,23593
09,197,varanasi,Urban,50-54,62481,34072,28409,18141,6770,11371,44340,27302,17038
09,197,varanasi,Urban,55-59,49539,25720,23819,15157,4456,10701,34382,21264,13118
09,197,varanasi,Urban,60-64,43778,23253,20525,15867,5406,10461,27911,17847,10064
09,197,varanasi,Urban,65-69,30097,16149,13948,11177,3714,7463,18920,12435,6485
09,197,varanasi,Urban,70-74,21230,11476,9754,8766,3140,5626,12464,8336,4128
09,197,varanasi,Urban,75-79,10595,5733,4862,4197,1481,2716,6398,4252,2146
09,197,varanasi,Urban,80+,14181,7281,6900,5666,2005,3661,8515,5276,3239
09,197,varanasi,Urban,Age not stated,15085,8270,6815,3904,1787,2117,11181,6483,4698
09,198,sant ravidas nagar (bhadohi),Total,All ages,1578213,807099,771114,668067,260317,407750,910146,546782,363364
09,198,sant ravidas nagar (bhadohi),Total,0-6,258583,135979,122604,258583,135979,122604,0,0,0
09,198,sant ravidas nagar (bhadohi),Total,7,38555,20402,18153,11478,5738,5740,27077,14664,12413
09,198,sant ravidas nagar (bhadohi),Total,8,46927,24690,22237,7575,3782,3793,39352,20908,18444
09,198,sant ravidas nagar (bhadohi),Total,9,34671,18020,16651,3730,1777,1953,30941,16243,14698
09,198,sant ravidas nagar (bhadohi),Total,10,52421,28013,24408,5361,2668,2693,47060,25345,21715
09,198,sant ravidas nagar (bhadohi),Total,11,36507,19281,17226,2670,1210,1460,33837,18071,15766
09,198,sant ravidas nagar (bhadohi),Total,12,46601,24493,22108,3338,1524,1814,43263,22969,20294
09,198,sant ravidas nagar (bhadohi),Total,13,36842,19085,17757,2355,965,1390,34487,18120,16367
09,198,sant ravidas nagar (bhadohi),Total,14,40786,21377,19409,2886,1202,1684,37900,20175,17725
09,198,sant ravidas nagar (bhadohi),Total,15,41755,22210,19545,3558,1504,2054,38197,20706,17491
09,198,sant ravidas nagar (bhadohi),Total,16,41010,21311,19699,3513,1358,2155,37497,19953,17544
09,198,sant ravidas nagar (bhadohi),Total,17,31658,16808,14850,2968,1035,1933,28690,15773,12917
09,198,sant ravidas nagar (bhadohi),Total,18,44014,23731,20283,5417,1849,3568,38597,21882,16715
09,198,sant ravidas nagar (bhadohi),Total,19,25234,13312,11922,3344,958,2386,21890,12354,9536
09,198,sant ravidas nagar (bhadohi),Total,20-24,139249,70831,68418,30009,7117,22892,109240,63714,45526
09,198,sant ravidas nagar (bhadohi),Total,25-29,117481,56730,60751,37774,8164,29610,79707,48566,31141
09,198,sant ravidas nagar (bhadohi),Total,30-34,103167,48354,54813,41753,9110,32643,61414,39244,22170
09,198,sant ravidas nagar (bhadohi),Total,35-39,92583,45519,47064,41923,10839,31084,50660,34680,15980
09,198,sant ravidas nagar (bhadohi),Total,40-44,73835,36688,37147,37017,10797,26220,36818,25891,10927
09,198,sant ravidas nagar (bhadohi),Total,45-49,62158,31181,30977,32434,9495,22939,29724,21686,8038
09,198,sant ravidas nagar (bhadohi),Total,50-54,47913,25186,22727,25628,8097,17531,22285,17089,5196
09,198,sant ravidas nagar (bhadohi),Total,55-59,41227,19028,22199,24542,6340,18202,16685,12688,3997
09,198,sant ravidas nagar (bhadohi),Total,60-64,44039,22595,21444,27513,9307,18206,16526,13288,3238
09,198,sant ravidas nagar (bhadohi),Total,65-69,30341,15427,14914,19667,6658,13009,10674,8769,1905
09,198,sant ravidas nagar (bhadohi),Total,70-74,22130,11941,10189,15083,5945,9138,7047,5996,1051
09,198,sant ravidas nagar (bhadohi),Total,75-79,10331,5317,5014,7034,2559,4475,3297,2758,539
09,198,sant ravidas nagar (bhadohi),Total,80+,13939,7281,6658,9309,3697,5612,4630,3584,1046
09,198,sant ravidas nagar (bhadohi),Total,Age not stated,4256,2309,1947,1605,643,962,2651,1666,985
09,198,sant ravidas nagar (bhadohi),Rural,All ages,1348911,686589,662322,581041,222637,358404,767870,463952,303918
09,198,sant ravidas nagar (bhadohi),Rural,0-6,223738,117816,105922,223738,117816,105922,0,0,0
09,198,sant ravidas nagar (bhadohi),Rural,7,33113,17582,15531,9682,4846,4836,23431,12736,10695
09,198,sant ravidas nagar (bhadohi),Rural,8,40279,21230,19049,6143,3050,3093,34136,18180,15956
09,198,sant ravidas nagar (bhadohi),Rural,9,30163,15718,14445,3008,1405,1603,27155,14313,12842
09,198,sant ravidas nagar (bhadohi),Rural,10,45129,24093,21036,4218,2072,2146,40911,22021,18890
09,198,sant ravidas nagar (bhadohi),Rural,11,31786,16845,14941,2070,929,1141,29716,15916,13800
09,198,sant ravidas nagar (bhadohi),Rural,12,39821,20937,18884,2506,1064,1442,37315,19873,17442
09,198,sant ravidas nagar (bhadohi),Rural,13,31778,16547,15231,1812,724,1088,29966,15823,14143
09,198,sant ravidas nagar (bhadohi),Rural,14,34908,18292,16616,2211,874,1337,32697,17418,15279
09,198,sant ravidas nagar (bhadohi),Rural,15,35642,18959,16683,2769,1115,1654,32873,17844,15029
09,198,sant ravidas nagar (bhadohi),Rural,16,34770,18122,16648,2646,960,1686,32124,17162,14962
09,198,sant ravidas nagar (bhadohi),Rural,17,26703,14147,12556,2377,760,1617,24326,13387,10939
09,198,sant ravidas nagar (bhadohi),Rural,18,36852,19749,17103,4348,1344,3004,32504,18405,14099
09,198,sant ravidas nagar (bhadohi),Rural,19,21064,11034,10030,2805,714,2091,18259,10320,7939
09,198,sant ravidas nagar (bhadohi),Rural,20-24,116528,58258,58270,25772,5350,20422,90756,52908,37848
09,198,sant ravidas nagar (bhadohi),Rural,25-29,99250,47064,52186,33218,6588,26630,66032,40476,25556
09,198,sant ravidas nagar (bhadohi),Rural,30-34,87655,40484,47171,36821,7536,29285,50834,32948,17886
09,198,sant ravidas nagar (bhadohi),Rural,35-39,78436,38223,40213,36806,9145,27661,41630,29078,12552
09,198,sant ravidas nagar (bhadohi),Rural,40-44,62378,30678,31700,32699,9323,23376,29679,21355,8324
09,198,sant ravidas nagar (bhadohi),Rural,45-49,52554,26138,26416,28691,8266,20425,23863,17872,5991
09,198,sant ravidas nagar (bhadohi),Rural,50-54,40806,21327,19479,22762,7161,15601,18044,14166,3878
09,198,sant ravidas nagar (bhadohi),Rural,55-59,35587,16279,19308,21919,5663,16256,13668,10616,3052
09,198,sant ravidas nagar (bhadohi),Rural,60-64,38670,19784,18886,24726,8355,16371,13944,11429,2515
09,198,sant ravidas nagar (bhadohi),Rural,65-69,26810,13612,13198,17694,5998,11696,9116,7614,1502
09,198,sant ravidas nagar (bhadohi),Rural,70-74,19585,10627,8958,13530,5383,8147,6055,5244,811
09,198,sant ravidas nagar (bhadohi),Rural,75-79,9182,4744,4438,6371,2338,4033,2811,2406,405
09,198,sant ravidas nagar (bhadohi),Rural,80+,12326,6460,5866,8386,3345,5041,3940,3115,825
09,198,sant ravidas nagar (bhadohi),Rural,Age not stated,3398,1840,1558,1313,513,800,2085,1327,758
09,198,sant ravidas nagar (bhadohi),Urban,All ages,229302,120510,108792,87026,37680,49346,142276,82830,59446
09,198,sant ravidas nagar (bhadohi),Urban,0-6,34845,18163,16682,34845,18163,16682,0,0,0
09,198,sant ravidas nagar (bhadohi),Urban,7,5442,2820,2622,1796,892,904,3646,1928,1718
09,198,sant ravidas nagar (bhadohi),Urban,8,6648,3460,3188,1432,732,700,5216,2728,2488
09,198,sant ravidas nagar (bhadohi),Urban,9,4508,2302,2206,722,372,350,3786,1930,1856
09,198,sant ravidas nagar (bhadohi),Urban,10,7292,3920,3372,1143,596,547,6149,3324,2825
09,198,sant ravidas nagar (bhadohi),Urban,11,4721,2436,2285,600,281,319,4121,2155,1966
09,198,sant ravidas nagar (bhadohi),Urban,12,6780,3556,3224,832,460,372,5948,3096,2852
09,198,sant ravidas nagar (bhadohi),Urban,13,5064,2538,2526,543,241,302,4521,2297,2224
09,198,sant ravidas nagar (bhadohi),Urban,14,5878,3085,2793,675,328,347,5203,2757,2446
09,198,sant ravidas nagar (bhadohi),Urban,15,6113,3251,2862,789,389,400,5324,2862,2462
09,198,sant ravidas nagar (bhadohi),Urban,16,6240,3189,3051,867,398,469,5373,2791,2582
09,198,sant ravidas nagar (bhadohi),Urban,17,4955,2661,2294,591,275,316,4364,2386,1978
09,198,sant ravidas nagar (bhadohi),Urban,18,7162,3982,3180,1069,505,564,6093,3477,2616
09,198,sant ravidas nagar (bhadohi),Urban,19,4170,2278,1892,539,244,295,3631,2034,1597
09,198,sant ravidas nagar (bhadohi),Urban,20-24,22721,12573,10148,4237,1767,2470,18484,10806,7678
09,198,sant ravidas nagar (bhadohi),Urban,25-29,18231,9666,8565,4556,1576,2980,13675,8090,5585
09,198,sant ravidas nagar (bhadohi),Urban,30-34,15512,7870,7642,4932,1574,3358,10580,6296,4284
09,198,sant ravidas nagar (bhadohi),Urban,35-39,14147,7296,6851,5117,1694,3423,9030,5602,3428
09,198,sant ravidas nagar (bhadohi),Urban,40-44,11457,6010,5447,4318,1474,2844,7139,4536,2603
09,198,sant ravidas nagar (bhadohi),Urban,45-49,9604,5043,4561,3743,1229,2514,5861,3814,2047
09,198,sant ravidas nagar (bhadohi),Urban,50-54,7107,3859,3248,2866,936,1930,4241,2923,1318
09,198,sant ravidas nagar (bhadohi),Urban,55-59,5640,2749,2891,2623,677,1946,3017,2072,945
09,198,sant ravidas nagar (bhadohi),Urban,60-64,5369,2811,2558,2787,952,1835,2582,1859,723
09,198,sant ravidas nagar (bhadohi),Urban,65-69,3531,1815,1716,1973,660,1313,1558,1155,403
09,198,sant ravidas nagar (bhadohi),Urban,70-74,2545,1314,1231,1553,562,991,992,752,240
09,198,sant ravidas nagar (bhadohi),Urban,75-79,1149,573,576,663,221,442,486,352,134
09,198,sant ravidas nagar (bhadohi),Urban,80+,1613,821,792,923,352,571,690,469,221
09,198,sant ravidas nagar (bhadohi),Urban,Age not stated,858,469,389,292,130,162,566,339,227
09,199,mirzapur,Total,All ages,2496970,1312302,1184668,1068287,446465,621822,1428683,865837,562846
09,199,mirzapur,Total,0-6,410621,215841,194780,410621,215841,194780,0,0,0
09,199,mirzapur,Total,7,59278,31347,27931,15856,7897,7959,43422,23450,19972
09,199,mirzapur,Total,8,70625,37122,33503,10002,4754,5248,60623,32368,28255
09,199,mirzapur,Total,9,54308,28286,26022,5190,2433,2757,49118,25853,23265
09,199,mirzapur,Total,10,79628,42574,37054,7901,3881,4020,71727,38693,33034
09,199,mirzapur,Total,11,56201,29734,26467,4070,1903,2167,52131,27831,24300
09,199,mirzapur,Total,12,70101,36930,33171,5161,2357,2804,64940,34573,30367
09,199,mirzapur,Total,13,56325,29256,27069,3709,1501,2208,52616,27755,24861
09,199,mirzapur,Total,14,61844,32527,29317,4238,1748,2490,57606,30779,26827
09,199,mirzapur,Total,15,61556,33375,28181,5485,2518,2967,56071,30857,25214
09,199,mirzapur,Total,16,58843,32032,26811,5191,2179,3012,53652,29853,23799
09,199,mirzapur,Total,17,44104,24551,19553,4289,1760,2529,39815,22791,17024
09,199,mirzapur,Total,18,65403,37197,28206,8590,3275,5315,56813,33922,22891
09,199,mirzapur,Total,19,38213,20921,17292,5463,1785,3678,32750,19136,13614
09,199,mirzapur,Total,20-24,217387,118268,99119,46540,13165,33375,170847,105103,65744
09,199,mirzapur,Total,25-29,186091,95703,90388,59166,16403,42763,126925,79300,47625
09,199,mirzapur,Total,30-34,167921,83678,84243,66349,19309,47040,101572,64369,37203
09,199,mirzapur,Total,35-39,155729,80427,75302,69904,23330,46574,85825,57097,28728
09,199,mirzapur,Total,40-44,124960,66054,58906,61404,22478,38926,63556,43576,19980
09,199,mirzapur,Total,45-49,103567,53770,49797,53971,18931,35040,49596,34839,14757
09,199,mirzapur,Total,50-54,80605,43799,36806,43262,16658,26604,37343,27141,10202
09,199,mirzapur,Total,55-59,66739,31842,34897,38901,11652,27249,27838,20190,7648
09,199,mirzapur,Total,60-64,70371,36302,34069,43811,16143,27668,26560,20159,6401
09,199,mirzapur,Total,65-69,50090,25221,24869,32538,11572,20966,17552,13649,3903
09,199,mirzapur,Total,70-74,37776,20259,17517,26071,10835,15236,11705,9424,2281
09,199,mirzapur,Total,75-79,17699,8952,8747,12176,4542,7634,5523,4410,1113
09,199,mirzapur,Total,80+,23493,12119,11374,15748,6433,9315,7745,5686,2059
09,199,mirzapur,Total,Age not stated,7492,4215,3277,2680,1182,1498,4812,3033,1779
09,199,mirzapur,Rural,All ages,2149403,1127138,1022265,947819,393285,554534,1201584,733853,467731
09,199,mirzapur,Rural,0-6,363765,191060,172705,363765,191060,172705,0,0,0
09,199,mirzapur,Rural,7,51891,27433,24458,13690,6813,6877,38201,20620,17581
09,199,mirzapur,Rural,8,62377,32759,29618,8440,4006,4434,53937,28753,25184
09,199,mirzapur,Rural,9,47976,24977,22999,4236,1963,2273,43740,23014,20726
09,199,mirzapur,Rural,10,69828,37244,32584,6408,3087,3321,63420,34157,29263
09,199,mirzapur,Rural,11,49520,26160,23360,3267,1473,1794,46253,24687,21566
09,199,mirzapur,Rural,12,61236,32207,29029,4109,1804,2305,57127,30403,26724
09,199,mirzapur,Rural,13,49487,25665,23822,2939,1140,1799,46548,24525,22023
09,199,mirzapur,Rural,14,53830,28353,25477,3374,1334,2040,50456,27019,23437
09,199,mirzapur,Rural,15,53315,28898,24417,4417,1975,2442,48898,26923,21975
09,199,mirzapur,Rural,16,50546,27647,22899,4141,1664,2477,46405,25983,20422
09,199,mirzapur,Rural,17,37104,20615,16489,3454,1339,2115,33650,19276,14374
09,199,mirzapur,Rural,18,55069,31307,23762,7119,2505,4614,47950,28802,19148
09,199,mirzapur,Rural,19,31688,17328,14360,4550,1350,3200,27138,15978,11160
09,199,mirzapur,Rural,20-24,182012,97954,84058,40789,10580,30209,141223,87374,53849
09,199,mirzapur,Rural,25-29,157091,80384,76707,53004,14247,38757,104087,66137,37950
09,199,mirzapur,Rural,30-34,143360,71099,72261,59840,17122,42718,83520,53977,29543
09,199,mirzapur,Rural,35-39,132764,68670,64094,63014,20983,42031,69750,47687,22063
09,199,mirzapur,Rural,40-44,105779,55873,49906,55111,20110,35001,50668,35763,14905
09,199,mirzapur,Rural,45-49,87150,45302,41848,48308,17025,31283,38842,28277,10565
09,199,mirzapur,Rural,50-54,67762,36825,30937,38524,14981,23543,29238,21844,7394
09,199,mirzapur,Rural,55-59,56643,26755,29888,34894,10448,24446,21749,16307,5442
09,199,mirzapur,Rural,60-64,60708,31280,29428,39489,14664,24825,21219,16616,4603
09,199,mirzapur,Rural,65-69,43838,21973,21865,29724,10633,19091,14114,11340,2774
09,199,mirzapur,Rural,70-74,33311,17904,15407,23757,9972,13785,9554,7932,1622
09,199,mirzapur,Rural,75-79,15682,7930,7752,11162,4214,6948,4520,3716,804
09,199,mirzapur,Rural,80+,20647,10700,9947,14411,5978,8433,6236,4722,1514
09,199,mirzapur,Rural,Age not stated,5024,2836,2188,1883,815,1068,3141,2021,1120
09,199,mirzapur,Urban,All ages,347567,185164,162403,120468,53180,67288,227099,131984,95115
09,199,mirzapur,Urban,0-6,46856,24781,22075,46856,24781,22075,0,0,0
09,199,mirzapur,Urban,7,7387,3914,3473,2166,1084,1082,5221,2830,2391
09,199,mirzapur,Urban,8,8248,4363,3885,1562,748,814,6686,3615,3071
09,199,mirzapur,Urban,9,6332,3309,3023,954,470,484,5378,2839,2539
09,199,mirzapur,Urban,10,9800,5330,4470,1493,794,699,8307,4536,3771
09,199,mirzapur,Urban,11,6681,3574,3107,803,430,373,5878,3144,2734
09,199,mirzapur,Urban,12,8865,4723,4142,1052,553,499,7813,4170,3643
09,199,mirzapur,Urban,13,6838,3591,3247,770,361,409,6068,3230,2838
09,199,mirzapur,Urban,14,8014,4174,3840,864,414,450,7150,3760,3390
09,199,mirzapur,Urban,15,8241,4477,3764,1068,543,525,7173,3934,3239
09,199,mirzapur,Urban,16,8297,4385,3912,1050,515,535,7247,3870,3377
09,199,mirzapur,Urban,17,7000,3936,3064,835,421,414,6165,3515,2650
09,199,mirzapur,Urban,18,10334,5890,4444,1471,770,701,8863,5120,3743
09,199,mirzapur,Urban,19,6525,3593,2932,913,435,478,5612,3158,2454
09,199,mirzapur,Urban,20-24,35375,20314,15061,5751,2585,3166,29624,17729,11895
09,199,mirzapur,Urban,25-29,29000,15319,13681,6162,2156,4006,22838,13163,9675
09,199,mirzapur,Urban,30-34,24561,12579,11982,6509,2187,4322,18052,10392,7660
09,199,mirzapur,Urban,35-39,22965,11757,11208,6890,2347,4543,16075,9410,6665
09,199,mirzapur,Urban,40-44,19181,10181,9000,6293,2368,3925,12888,7813,5075
09,199,mirzapur,Urban,45-49,16417,8468,7949,5663,1906,3757,10754,6562,4192
09,199,mirzapur,Urban,50-54,12843,6974,5869,4738,1677,3061,8105,5297,2808
09,199,mirzapur,Urban,55-59,10096,5087,5009,4007,1204,2803,6089,3883,2206
09,199,mirzapur,Urban,60-64,9663,5022,4641,4322,1479,2843,5341,3543,1798
09,199,mirzapur,Urban,65-69,6252,3248,3004,2814,939,1875,3438,2309,1129
09,199,mirzapur,Urban,70-74,4465,2355,2110,2314,863,1451,2151,1492,659
09,199,mirzapur,Urban,75-79,2017,1022,995,1014,328,686,1003,694,309
09,199,mirzapur,Urban,80+,2846,1419,1427,1337,455,882,1509,964,545
09,199,mirzapur,Urban,Age not stated,2468,1379,1089,797,367,430,1671,1012,659
09,200,sonbhadra,Total,All ages,1862559,971344,891215,876851,369356,507495,985708,601988,383720
09,200,sonbhadra,Total,0-6,323092,167870,155222,323092,167870,155222,0,0,0
09,200,sonbhadra,Total,7,46648,24103,22545,14187,6804,7383,32461,17299,15162
09,200,sonbhadra,Total,8,56065,28863,27202,11660,5483,6177,44405,23380,21025
09,200,sonbhadra,Total,9,43296,22246,21050,6292,2799,3493,37004,19447,17557
09,200,sonbhadra,Total,10,62335,32541,29794,9048,4055,4993,53287,28486,24801
09,200,sonbhadra,Total,11,42994,22300,20694,4477,1866,2611,38517,20434,18083
09,200,sonbhadra,Total,12,55130,28618,26512,6305,2521,3784,48825,26097,22728
09,200,sonbhadra,Total,13,41583,21238,20345,4013,1569,2444,37570,19669,17901
09,200,sonbhadra,Total,14,45371,23605,21766,4716,1829,2887,40655,21776,18879
09,200,sonbhadra,Total,15,45383,24212,21171,5712,2310,3402,39671,21902,17769
09,200,sonbhadra,Total,16,40493,21729,18764,5223,2047,3176,35270,19682,15588
09,200,sonbhadra,Total,17,30570,16807,13763,4021,1436,2585,26549,15371,11178
09,200,sonbhadra,Total,18,45015,25179,19836,7725,2644,5081,37290,22535,14755
09,200,sonbhadra,Total,19,27070,14237,12833,5108,1412,3696,21962,12825,9137
09,200,sonbhadra,Total,20-24,156577,81176,75401,42172,11471,30701,114405,69705,44700
09,200,sonbhadra,Total,25-29,142316,72521,69795,53466,15555,37911,88850,56966,31884
09,200,sonbhadra,Total,30-34,125082,62469,62613,56866,17751,39115,68216,44718,23498
09,200,sonbhadra,Total,35-39,118578,61553,57025,59460,20640,38820,59118,40913,18205
09,200,sonbhadra,Total,40-44,94827,49966,44861,50379,18675,31704,44448,31291,13157
09,200,sonbhadra,Total,45-49,80427,41850,38577,45114,16453,28661,35313,25397,9916
09,200,sonbhadra,Total,50-54,61723,34328,27395,34810,14058,20752,26913,20270,6643
09,200,sonbhadra,Total,55-59,48475,24873,23602,29744,10170,19574,18731,14703,4028
09,200,sonbhadra,Total,60-64,45873,23897,21976,31971,12799,19172,13902,11098,2804
09,200,sonbhadra,Total,65-69,32937,17157,15780,23812,9709,14103,9125,7448,1677
09,200,sonbhadra,Total,70-74,23628,13471,10157,17789,8577,9212,5839,4894,945
09,200,sonbhadra,Total,75-79,10952,5608,5344,8391,3521,4870,2561,2087,474
09,200,sonbhadra,Total,80+,14278,7904,6374,10531,5029,5502,3747,2875,872
09,200,sonbhadra,Total,Age not stated,1841,1023,818,767,303,464,1074,720,354
09,200,sonbhadra,Rural,All ages,1548217,803345,744872,795341,335248,460093,752876,468097,284779
09,200,sonbhadra,Rural,0-6,284923,147436,137487,284923,147436,137487,0,0,0
09,200,sonbhadra,Rural,7,40358,20737,19621,12855,6157,6698,27503,14580,12923
09,200,sonbhadra,Rural,8,49074,25143,23931,10797,5065,5732,38277,20078,18199
09,200,sonbhadra,Rural,9,37310,19072,18238,5765,2544,3221,31545,16528,15017
09,200,sonbhadra,Rural,10,54449,28298,26151,8357,3709,4648,46092,24589,21503
09,200,sonbhadra,Rural,11,36420,18760,17660,4071,1682,2389,32349,17078,15271
09,200,sonbhadra,Rural,12,47478,24589,22889,5875,2329,3546,41603,22260,19343
09,200,sonbhadra,Rural,13,34893,17713,17180,3652,1395,2257,31241,16318,14923
09,200,sonbhadra,Rural,14,37751,19609,18142,4306,1655,2651,33445,17954,15491
09,200,sonbhadra,Rural,15,37396,19992,17404,5255,2091,3164,32141,17901,14240
09,200,sonbhadra,Rural,16,32800,17681,15119,4770,1846,2924,28030,15835,12195
09,200,sonbhadra,Rural,17,23821,13226,10595,3680,1288,2392,20141,11938,8203
09,200,sonbhadra,Rural,18,36311,20311,16000,7188,2409,4779,29123,17902,11221
09,200,sonbhadra,Rural,19,20608,10777,9831,4677,1254,3423,15931,9523,6408
09,200,sonbhadra,Rural,20-24,123840,63621,60219,39358,10501,28857,84482,53120,31362
09,200,sonbhadra,Rural,25-29,116426,58922,57504,50089,14546,35543,66337,44376,21961
09,200,sonbhadra,Rural,30-34,102542,51162,51380,53049,16751,36298,49493,34411,15082
09,200,sonbhadra,Rural,35-39,95922,49854,46068,54927,19340,35587,40995,30514,10481
09,200,sonbhadra,Rural,40-44,74304,39450,34854,45633,17367,28266,28671,22083,6588
09,200,sonbhadra,Rural,45-49,61492,31818,29674,40474,15320,25154,21018,16498,4520
09,200,sonbhadra,Rural,50-54,46245,25289,20956,30905,12990,17915,15340,12299,3041
09,200,sonbhadra,Rural,55-59,38462,18510,19952,27173,9468,17705,11289,9042,2247
09,200,sonbhadra,Rural,60-64,40177,20737,19440,29798,12108,17690,10379,8629,1750
09,200,sonbhadra,Rural,65-69,29599,15277,14322,22506,9296,13210,7093,5981,1112
09,200,sonbhadra,Rural,70-74,21511,12358,9153,16800,8248,8552,4711,4110,601
09,200,sonbhadra,Rural,75-79,9996,5134,4862,7934,3382,4552,2062,1752,310
09,200,sonbhadra,Rural,80+,12755,7128,5627,9865,4808,5057,2890,2320,570
09,200,sonbhadra,Rural,Age not stated,1354,741,613,659,263,396,695,478,217
09,200,sonbhadra,Urban,All ages,314342,167999,146343,81510,34108,47402,232832,133891,98941
09,200,sonbhadra,Urban,0-6,38169,20434,17735,38169,20434,17735,0,0,0
09,200,sonbhadra,Urban,7,6290,3366,2924,1332,647,685,4958,2719,2239
09,200,sonbhadra,Urban,8,6991,3720,3271,863,418,445,6128,3302,2826
09,200,sonbhadra,Urban,9,5986,3174,2812,527,255,272,5459,2919,2540
09,200,sonbhadra,Urban,10,7886,4243,3643,691,346,345,7195,3897,3298
09,200,sonbhadra,Urban,11,6574,3540,3034,406,184,222,6168,3356,2812
09,200,sonbhadra,Urban,12,7652,4029,3623,430,192,238,7222,3837,3385
09,200,sonbhadra,Urban,13,6690,3525,3165,361,174,187,6329,3351,2978
09,200,sonbhadra,Urban,14,7620,3996,3624,410,174,236,7210,3822,3388
09,200,sonbhadra,Urban,15,7987,4220,3767,457,219,238,7530,4001,3529
09,200,sonbhadra,Urban,16,7693,4048,3645,453,201,252,7240,3847,3393
09,200,sonbhadra,Urban,17,6749,3581,3168,341,148,193,6408,3433,2975
09,200,sonbhadra,Urban,18,8704,4868,3836,537,235,302,8167,4633,3534
09,200,sonbhadra,Urban,19,6462,3460,3002,431,158,273,6031,3302,2729
09,200,sonbhadra,Urban,20-24,32737,17555,15182,2814,970,1844,29923,16585,13338
09,200,sonbhadra,Urban,25-29,25890,13599,12291,3377,1009,2368,22513,12590,9923
09,200,sonbhadra,Urban,30-34,22540,11307,11233,3817,1000,2817,18723,10307,8416
09,200,sonbhadra,Urban,35-39,22656,11699,10957,4533,1300,3233,18123,10399,7724
09,200,sonbhadra,Urban,40-44,20523,10516,10007,4746,1308,3438,15777,9208,6569
09,200,sonbhadra,Urban,45-49,18935,10032,8903,4640,1133,3507,14295,8899,5396
09,200,sonbhadra,Urban,50-54,15478,9039,6439,3905,1068,2837,11573,7971,3602
09,200,sonbhadra,Urban,55-59,10013,6363,3650,2571,702,1869,7442,5661,1781
09,200,sonbhadra,Urban,60-64,5696,3160,2536,2173,691,1482,3523,2469,1054
09,200,sonbhadra,Urban,65-69,3338,1880,1458,1306,413,893,2032,1467,565
09,200,sonbhadra,Urban,70-74,2117,1113,1004,989,329,660,1128,784,344
09,200,sonbhadra,Urban,75-79,956,474,482,457,139,318,499,335,164
09,200,sonbhadra,Urban,80+,1523,776,747,666,221,445,857,555,302
09,200,sonbhadra,Urban,Age not stated,487,282,205,108,40,68,379,242,137
09,201,etah,Total,All ages,1774480,947339,827141,719278,300297,418981,1055202,647042,408160
09,201,etah,Total,0-6,284227,151291,132936,284227,151291,132936,0,0,0
09,201,etah,Total,7,42831,22940,19891,12031,6155,5876,30800,16785,14015
09,201,etah,Total,8,52592,28398,24194,9579,4863,4716,43013,23535,19478
09,201,etah,Total,9,39114,21046,18068,5402,2695,2707,33712,18351,15361
09,201,etah,Total,10,60512,32945,27567,8777,4418,4359,51735,28527,23208
09,201,etah,Total,11,42186,23036,19150,4579,2185,2394,37607,20851,16756
09,201,etah,Total,12,51409,28374,23035,4706,2266,2440,46703,26108,20595
09,201,etah,Total,13,40057,21729,18328,3569,1585,1984,36488,20144,16344
09,201,etah,Total,14,46247,25095,21152,4359,1966,2393,41888,23129,18759
09,201,etah,Total,15,48208,26600,21608,5135,2302,2833,43073,24298,18775
09,201,etah,Total,16,45695,25384,20311,4994,2341,2653,40701,23043,17658
09,201,etah,Total,17,34875,19371,15504,3878,1679,2199,30997,17692,13305
09,201,etah,Total,18,52393,30028,22365,7447,3126,4321,44946,26902,18044
09,201,etah,Total,19,29360,16218,13142,4255,1526,2729,25105,14692,10413
09,201,etah,Total,20-24,156459,86313,70146,31537,10339,21198,124922,75974,48948
09,201,etah,Total,25-29,123207,64812,58395,35360,9952,25408,87847,54860,32987
09,201,etah,Total,30-34,111075,56365,54710,38750,10649,28101,72325,45716,26609
09,201,etah,Total,35-39,108848,56028,52820,42633,12143,30490,66215,43885,22330
09,201,etah,Total,40-44,91334,49380,41954,38500,12379,26121,52834,37001,15833
09,201,etah,Total,45-49,72450,37880,34570,32634,9692,22942,39816,28188,11628
09,201,etah,Total,50-54,57899,31779,26120,27277,9208,18069,30622,22571,8051
09,201,etah,Total,55-59,47424,22576,24848,25042,6664,18378,22382,15912,6470
09,201,etah,Total,60-64,48138,25412,22726,28218,10087,18131,19920,15325,4595
09,201,etah,Total,65-69,30789,14906,15883,19528,6512,13016,11261,8394,2867
09,201,etah,Total,70-74,25188,13351,11837,16814,6675,10139,8374,6676,1698
09,201,etah,Total,75-79,10766,5150,5616,7292,2482,4810,3474,2668,806
09,201,etah,Total,80+,17223,8895,8328,11140,4463,6677,6083,4432,1651
09,201,etah,Total,Age not stated,3974,2037,1937,1615,654,961,2359,1383,976
09,201,etah,Rural,All ages,1506338,805589,700749,628622,259003,369619,877716,546586,331130
09,201,etah,Rural,0-6,246918,131416,115502,246918,131416,115502,0,0,0
09,201,etah,Rural,7,36984,19728,17256,10348,5257,5091,26636,14471,12165
09,201,etah,Rural,8,46108,24935,21173,8208,4160,4048,37900,20775,17125
09,201,etah,Rural,9,33705,18075,15630,4449,2197,2252,29256,15878,13378
09,201,etah,Rural,10,52979,28776,24203,7486,3742,3744,45493,25034,20459
09,201,etah,Rural,11,36098,19685,16413,3666,1711,1955,32432,17974,14458
09,201,etah,Rural,12,44585,24604,19981,3739,1761,1978,40846,22843,18003
09,201,etah,Rural,13,34400,18660,15740,2797,1196,1601,31603,17464,14139
09,201,etah,Rural,14,39575,21535,18040,3414,1481,1933,36161,20054,16107
09,201,etah,Rural,15,41479,23030,18449,4101,1776,2325,37378,21254,16124
09,201,etah,Rural,16,38935,21811,17124,3945,1784,2161,34990,20027,14963
09,201,etah,Rural,17,29109,16259,12850,3065,1273,1792,26044,14986,11058
09,201,etah,Rural,18,44268,25576,18692,6075,2435,3640,38193,23141,15052
09,201,etah,Rural,19,24189,13499,10690,3485,1182,2303,20704,12317,8387
09,201,etah,Rural,20-24,128821,71426,57395,26640,8053,18587,102181,63373,38808
09,201,etah,Rural,25-29,102044,53654,48390,30768,8089,22679,71276,45565,25711
09,201,etah,Rural,30-34,93295,47288,46007,34446,9022,25424,58849,38266,20583
09,201,etah,Rural,35-39,91637,47321,44316,38163,10574,27589,53474,36747,16727
09,201,etah,Rural,40-44,76444,41593,34851,34281,10875,23406,42163,30718,11445
09,201,etah,Rural,45-49,59812,31324,28488,28912,8457,20455,30900,22867,8033
09,201,etah,Rural,50-54,47963,26499,21464,24288,8162,16126,23675,18337,5338
09,201,etah,Rural,55-59,39731,18727,21004,22570,5968,16602,17161,12759,4402
09,201,etah,Rural,60-64,41206,21767,19439,25520,9197,16323,15686,12570,3116
09,201,etah,Rural,65-69,26567,12829,13738,17806,6006,11800,8761,6823,1938
09,201,etah,Rural,70-74,22056,11745,10311,15421,6263,9158,6635,5482,1153
09,201,etah,Rural,75-79,9334,4418,4916,6695,2319,4376,2639,2099,540
09,201,etah,Rural,80+,15024,7818,7206,10114,4125,5989,4910,3693,1217
09,201,etah,Rural,Age not stated,3072,1591,1481,1302,522,780,1770,1069,701
09,201,etah,Urban,All ages,268142,141750,126392,90656,41294,49362,177486,100456,77030
09,201,etah,Urban,0-6,37309,19875,17434,37309,19875,17434,0,0,0
09,201,etah,Urban,7,5847,3212,2635,1683,898,785,4164,2314,1850
09,201,etah,Urban,8,6484,3463,3021,1371,703,668,5113,2760,2353
09,201,etah,Urban,9,5409,2971,2438,953,498,455,4456,2473,1983
09,201,etah,Urban,10,7533,4169,3364,1291,676,615,6242,3493,2749
09,201,etah,Urban,11,6088,3351,2737,913,474,439,5175,2877,2298
09,201,etah,Urban,12,6824,3770,3054,967,505,462,5857,3265,2592
09,201,etah,Urban,13,5657,3069,2588,772,389,383,4885,2680,2205
09,201,etah,Urban,14,6672,3560,3112,945,485,460,5727,3075,2652
09,201,etah,Urban,15,6729,3570,3159,1034,526,508,5695,3044,2651
09,201,etah,Urban,16,6760,3573,3187,1049,557,492,5711,3016,2695
09,201,etah,Urban,17,5766,3112,2654,813,406,407,4953,2706,2247
09,201,etah,Urban,18,8125,4452,3673,1372,691,681,6753,3761,2992
09,201,etah,Urban,19,5171,2719,2452,770,344,426,4401,2375,2026
09,201,etah,Urban,20-24,27638,14887,12751,4897,2286,2611,22741,12601,10140
09,201,etah,Urban,25-29,21163,11158,10005,4592,1863,2729,16571,9295,7276
09,201,etah,Urban,30-34,17780,9077,8703,4304,1627,2677,13476,7450,6026
09,201,etah,Urban,35-39,17211,8707,8504,4470,1569,2901,12741,7138,5603
09,201,etah,Urban,40-44,14890,7787,7103,4219,1504,2715,10671,6283,4388
09,201,etah,Urban,45-49,12638,6556,6082,3722,1235,2487,8916,5321,3595
09,201,etah,Urban,50-54,9936,5280,4656,2989,1046,1943,6947,4234,2713
09,201,etah,Urban,55-59,7693,3849,3844,2472,696,1776,5221,3153,2068
09,201,etah,Urban,60-64,6932,3645,3287,2698,890,1808,4234,2755,1479
09,201,etah,Urban,65-69,4222,2077,2145,1722,506,1216,2500,1571,929
09,201,etah,Urban,70-74,3132,1606,1526,1393,412,981,1739,1194,545
09,201,etah,Urban,75-79,1432,732,700,597,163,434,835,569,266
09,201,etah,Urban,80+,2199,1077,1122,1026,338,688,1173,739,434
09,201,etah,Urban,Age not stated,902,446,456,313,132,181,589,314,275
09,202,kanshiram nagar,Total,All ages,1436719,764165,672554,711869,311362,400507,724850,452803,272047
09,202,kanshiram nagar,Total,0-6,248759,131396,117363,248759,131396,117363,0,0,0
09,202,kanshiram nagar,Total,7,34780,18468,16312,15654,7986,7668,19126,10482,8644
09,202,kanshiram nagar,Total,8,41167,22057,19110,11508,5885,5623,29659,16172,13487
09,202,kanshiram nagar,Total,9,33150,17663,15487,7712,3893,3819,25438,13770,11668
09,202,kanshiram nagar,Total,10,50074,27152,22922,10953,5460,5493,39121,21692,17429
09,202,kanshiram nagar,Total,11,34386,18377,16009,6218,3051,3167,28168,15326,12842
09,202,kanshiram nagar,Total,12,43849,23795,20054,6969,3382,3587,36880,20413,16467
09,202,kanshiram nagar,Total,13,33842,18257,15585,5209,2505,2704,28633,15752,12881
09,202,kanshiram nagar,Total,14,37641,20097,17544,6360,2900,3460,31281,17197,14084
09,202,kanshiram nagar,Total,15,38525,20868,17657,7303,3383,3920,31222,17485,13737
09,202,kanshiram nagar,Total,16,37428,20293,17135,7375,3401,3974,30053,16892,13161
09,202,kanshiram nagar,Total,17,27074,14873,12201,5438,2386,3052,21636,12487,9149
09,202,kanshiram nagar,Total,18,42116,24186,17930,10188,4584,5604,31928,19602,12326
09,202,kanshiram nagar,Total,19,23299,12583,10716,5753,2245,3508,17546,10338,7208
09,202,kanshiram nagar,Total,20-24,122499,67386,55113,38596,14251,24345,83903,53135,30768
09,202,kanshiram nagar,Total,25-29,97731,52001,45730,40161,13901,26260,57570,38100,19470
09,202,kanshiram nagar,Total,30-34,87032,44534,42498,41694,14004,27690,45338,30530,14808
09,202,kanshiram nagar,Total,35-39,84839,43926,40913,44076,15320,28756,40763,28606,12157
09,202,kanshiram nagar,Total,40-44,72447,39755,32692,39101,15175,23926,33346,24580,8766
09,202,kanshiram nagar,Total,45-49,56934,30026,26908,31732,11381,20351,25202,18645,6557
09,202,kanshiram nagar,Total,50-54,45712,25369,20343,25958,10274,15684,19754,15095,4659
09,202,kanshiram nagar,Total,55-59,36788,17447,19341,22573,6865,15708,14215,10582,3633
09,202,kanshiram nagar,Total,60-64,39684,20664,19020,26402,10349,16053,13282,10315,2967
09,202,kanshiram nagar,Total,65-69,24184,11664,12520,16565,5848,10717,7619,5816,1803
09,202,kanshiram nagar,Total,70-74,18776,9653,9123,13508,5405,8103,5268,4248,1020
09,202,kanshiram nagar,Total,75-79,7287,3362,3925,5288,1819,3469,1999,1543,456
09,202,kanshiram nagar,Total,80+,11003,5295,5708,8039,3094,4945,2964,2201,763
09,202,kanshiram nagar,Total,Age not stated,5713,3018,2695,2777,1219,1558,2936,1799,1137
09,202,kanshiram nagar,Rural,All ages,1148512,612556,535956,582984,251994,330990,565528,360562,204966
09,202,kanshiram nagar,Rural,0-6,205624,108392,97232,205624,108392,97232,0,0,0
09,202,kanshiram nagar,Rural,7,28215,14973,13242,12541,6377,6164,15674,8596,7078
09,202,kanshiram nagar,Rural,8,33723,18073,15650,8964,4568,4396,24759,13505,11254
09,202,kanshiram nagar,Rural,9,27114,14416,12698,5881,2939,2942,21233,11477,9756
09,202,kanshiram nagar,Rural,10,41262,22384,18878,8386,4161,4225,32876,18223,14653
09,202,kanshiram nagar,Rural,11,27895,14878,13017,4640,2241,2399,23255,12637,10618
09,202,kanshiram nagar,Rural,12,35876,19468,16408,5093,2397,2696,30783,17071,13712
09,202,kanshiram nagar,Rural,13,27384,14827,12557,3721,1738,1983,23663,13089,10574
09,202,kanshiram nagar,Rural,14,30255,16207,14048,4561,2009,2552,25694,14198,11496
09,202,kanshiram nagar,Rural,15,31213,17070,14143,5443,2468,2975,25770,14602,11168
09,202,kanshiram nagar,Rural,16,29849,16323,13526,5371,2439,2932,24478,13884,10594
09,202,kanshiram nagar,Rural,17,21099,11702,9397,3978,1668,2310,17121,10034,7087
09,202,kanshiram nagar,Rural,18,33167,19332,13835,7677,3339,4338,25490,15993,9497
09,202,kanshiram nagar,Rural,19,17650,9597,8053,4377,1600,2777,13273,7997,5276
09,202,kanshiram nagar,Rural,20-24,93981,51949,42032,30609,10504,20105,63372,41445,21927
09,202,kanshiram nagar,Rural,25-29,75848,40559,35289,32988,10993,21995,42860,29566,13294
09,202,kanshiram nagar,Rural,30-34,68404,35019,33385,34708,11310,23398,33696,23709,9987
09,202,kanshiram nagar,Rural,35-39,67038,34830,32208,36825,12615,24210,30213,22215,7998
09,202,kanshiram nagar,Rural,40-44,57453,31725,25728,32773,12540,20233,24680,19185,5495
09,202,kanshiram nagar,Rural,45-49,44874,23895,20979,26584,9498,17086,18290,14397,3893
09,202,kanshiram nagar,Rural,50-54,35748,19960,15788,21676,8583,13093,14072,11377,2695
09,202,kanshiram nagar,Rural,55-59,28960,13651,15309,18985,5769,13216,9975,7882,2093
09,202,kanshiram nagar,Rural,60-64,31802,16662,15140,22220,8813,13407,9582,7849,1733
09,202,kanshiram nagar,Rural,65-69,19550,9416,10134,14136,5065,9071,5414,4351,1063
09,202,kanshiram nagar,Rural,70-74,15370,7925,7445,11595,4715,6880,3775,3210,565
09,202,kanshiram nagar,Rural,75-79,5966,2744,3222,4574,1597,2977,1392,1147,245
09,202,kanshiram nagar,Rural,80+,8920,4330,4590,6846,2694,4152,2074,1636,438
09,202,kanshiram nagar,Rural,Age not stated,4272,2249,2023,2208,962,1246,2064,1287,777
09,202,kanshiram nagar,Urban,All ages,288207,151609,136598,128885,59368,69517,159322,92241,67081
09,202,kanshiram nagar,Urban,0-6,43135,23004,20131,43135,23004,20131,0,0,0
09,202,kanshiram nagar,Urban,7,6565,3495,3070,3113,1609,1504,3452,1886,1566
09,202,kanshiram nagar,Urban,8,7444,3984,3460,2544,1317,1227,4900,2667,2233
09,202,kanshiram nagar,Urban,9,6036,3247,2789,1831,954,877,4205,2293,1912
09,202,kanshiram nagar,Urban,10,8812,4768,4044,2567,1299,1268,6245,3469,2776
09,202,kanshiram nagar,Urban,11,6491,3499,2992,1578,810,768,4913,2689,2224
09,202,kanshiram nagar,Urban,12,7973,4327,3646,1876,985,891,6097,3342,2755
09,202,kanshiram nagar,Urban,13,6458,3430,3028,1488,767,721,4970,2663,2307
09,202,kanshiram nagar,Urban,14,7386,3890,3496,1799,891,908,5587,2999,2588
09,202,kanshiram nagar,Urban,15,7312,3798,3514,1860,915,945,5452,2883,2569
09,202,kanshiram nagar,Urban,16,7579,3970,3609,2004,962,1042,5575,3008,2567
09,202,kanshiram nagar,Urban,17,5975,3171,2804,1460,718,742,4515,2453,2062
09,202,kanshiram nagar,Urban,18,8949,4854,4095,2511,1245,1266,6438,3609,2829
09,202,kanshiram nagar,Urban,19,5649,2986,2663,1376,645,731,4273,2341,1932
09,202,kanshiram nagar,Urban,20-24,28518,15437,13081,7987,3747,4240,20531,11690,8841
09,202,kanshiram nagar,Urban,25-29,21883,11442,10441,7173,2908,4265,14710,8534,6176
09,202,kanshiram nagar,Urban,30-34,18628,9515,9113,6986,2694,4292,11642,6821,4821
09,202,kanshiram nagar,Urban,35-39,17801,9096,8705,7251,2705,4546,10550,6391,4159
09,202,kanshiram nagar,Urban,40-44,14994,8030,6964,6328,2635,3693,8666,5395,3271
09,202,kanshiram nagar,Urban,45-49,12060,6131,5929,5148,1883,3265,6912,4248,2664
09,202,kanshiram nagar,Urban,50-54,9964,5409,4555,4282,1691,2591,5682,3718,1964
09,202,kanshiram nagar,Urban,55-59,7828,3796,4032,3588,1096,2492,4240,2700,1540
09,202,kanshiram nagar,Urban,60-64,7882,4002,3880,4182,1536,2646,3700,2466,1234
09,202,kanshiram nagar,Urban,65-69,4634,2248,2386,2429,783,1646,2205,1465,740
09,202,kanshiram nagar,Urban,70-74,3406,1728,1678,1913,690,1223,1493,1038,455
09,202,kanshiram nagar,Urban,75-79,1321,618,703,714,222,492,607,396,211
09,202,kanshiram nagar,Urban,80+,2083,965,1118,1193,400,793,890,565,325
09,202,kanshiram nagar,Urban,Age not stated,1441,769,672,569,257,312,872,512,360
15,281,mamit,Total,All ages,86364,44828,41536,26173,11851,14322,60191,32977,27214
15,281,mamit,Total,0-6,15495,7828,7667,15495,7828,7667,0,0,0
15,281,mamit,Total,7,2162,1092,1070,435,200,235,1727,892,835
15,281,mamit,Total,8,2057,1072,985,278,122,156,1779,950,829
15,281,mamit,Total,9,1907,965,942,169,81,88,1738,884,854
15,281,mamit,Total,10,2185,1104,1081,214,88,126,1971,1016,955
15,281,mamit,Total,11,1844,973,871,129,49,80,1715,924,791
15,281,mamit,Total,12,1939,1002,937,158,54,104,1781,948,833
15,281,mamit,Total,13,1907,1067,840,110,43,67,1797,1024,773
15,281,mamit,Total,14,1838,994,844,121,42,79,1717,952,765
15,281,mamit,Total,15,1770,934,836,143,49,94,1627,885,742
15,281,mamit,Total,16,1668,882,786,159,62,97,1509,820,689
15,281,mamit,Total,17,1654,877,777,159,64,95,1495,813,682
15,281,mamit,Total,18,1715,915,800,214,88,126,1501,827,674
15,281,mamit,Total,19,1521,717,804,225,62,163,1296,655,641
15,281,mamit,Total,20-24,8241,4065,4176,1165,386,779,7076,3679,3397
15,281,mamit,Total,25-29,8011,4077,3934,1271,423,848,6740,3654,3086
15,281,mamit,Total,30-34,6528,3348,3180,972,329,643,5556,3019,2537
15,281,mamit,Total,35-39,5485,2974,2511,950,374,576,4535,2600,1935
15,281,mamit,Total,40-44,4281,2326,1955,814,294,520,3467,2032,1435
15,281,mamit,Total,45-49,3788,2026,1762,710,286,424,3078,1740,1338
15,281,mamit,Total,50-54,3227,1773,1454,648,276,372,2579,1497,1082
15,281,mamit,Total,55-59,2320,1244,1076,491,209,282,1829,1035,794
15,281,mamit,Total,60-64,1780,985,795,386,185,201,1394,800,594
15,281,mamit,Total,65-69,1117,607,510,253,91,162,864,516,348
15,281,mamit,Total,70-74,808,411,397,202,77,125,606,334,272
15,281,mamit,Total,75-79,498,269,229,119,43,76,379,226,153
15,281,mamit,Total,80+,568,276,292,174,45,129,394,231,163
15,281,mamit,Total,Age not stated,50,25,25,9,1,8,41,24,17
15,281,mamit,Rural,All ages,71465,37135,34330,23291,10403,12888,48174,26732,21442
15,281,mamit,Rural,0-6,13192,6650,6542,13192,6650,6542,0,0,0
15,281,mamit,Rural,7,1840,935,905,394,176,218,1446,759,687
15,281,mamit,Rural,8,1748,916,832,260,114,146,1488,802,686
15,281,mamit,Rural,9,1600,806,794,161,75,86,1439,731,708
15,281,mamit,Rural,10,1850,926,924,204,83,121,1646,843,803
15,281,mamit,Rural,11,1580,852,728,122,42,80,1458,810,648
15,281,mamit,Rural,12,1634,833,801,149,49,100,1485,784,701
15,281,mamit,Rural,13,1574,866,708,106,40,66,1468,826,642
15,281,mamit,Rural,14,1524,797,727,118,40,78,1406,757,649
15,281,mamit,Rural,15,1480,773,707,134,43,91,1346,730,616
15,281,mamit,Rural,16,1402,741,661,146,57,89,1256,684,572
15,281,mamit,Rural,17,1360,720,640,150,59,91,1210,661,549
15,281,mamit,Rural,18,1427,761,666,198,84,114,1229,677,552
15,281,mamit,Rural,19,1267,608,659,214,58,156,1053,550,503
15,281,mamit,Rural,20-24,6775,3338,3437,1098,353,745,5677,2985,2692
15,281,mamit,Rural,25-29,6574,3363,3211,1217,397,820,5357,2966,2391
15,281,mamit,Rural,30-34,5238,2725,2513,929,311,618,4309,2414,1895
15,281,mamit,Rural,35-39,4474,2428,2046,906,355,551,3568,2073,1495
15,281,mamit,Rural,40-44,3440,1869,1571,776,275,501,2664,1594,1070
15,281,mamit,Rural,45-49,3035,1637,1398,686,273,413,2349,1364,985
15,281,mamit,Rural,50-54,2643,1444,1199,609,252,357,2034,1192,842
15,281,mamit,Rural,55-59,1888,1024,864,469,201,268,1419,823,596
15,281,mamit,Rural,60-64,1491,843,648,368,180,188,1123,663,460
15,281,mamit,Rural,65-69,905,499,406,227,83,144,678,416,262
15,281,mamit,Rural,70-74,643,332,311,189,70,119,454,262,192
15,281,mamit,Rural,75-79,399,218,181,107,39,68,292,179,113
15,281,mamit,Rural,80+,440,214,226,153,43,110,287,171,116
15,281,mamit,Rural,Age not stated,42,17,25,9,1,8,33,16,17
15,281,mamit,Urban,All ages,14899,7693,7206,2882,1448,1434,12017,6245,5772
15,281,mamit,Urban,0-6,2303,1178,1125,2303,1178,1125,0,0,0
15,281,mamit,Urban,7,322,157,165,41,24,17,281,133,148
15,281,mamit,Urban,8,309,156,153,18,8,10,291,148,143
15,281,mamit,Urban,9,307,159,148,8,6,2,299,153,146
15,281,mamit,Urban,10,335,178,157,10,5,5,325,173,152
15,281,mamit,Urban,11,264,121,143,7,7,0,257,114,143
15,281,mamit,Urban,12,305,169,136,9,5,4,296,164,132
15,281,mamit,Urban,13,333,201,132,4,3,1,329,198,131
15,281,mamit,Urban,14,314,197,117,3,2,1,311,195,116
15,281,mamit,Urban,15,290,161,129,9,6,3,281,155,126
15,281,mamit,Urban,16,266,141,125,13,5,8,253,136,117
15,281,mamit,Urban,17,294,157,137,9,5,4,285,152,133
15,281,mamit,Urban,18,288,154,134,16,4,12,272,150,122
15,281,mamit,Urban,19,254,109,145,11,4,7,243,105,138
15,281,mamit,Urban,20-24,1466,727,739,67,33,34,1399,694,705
15,281,mamit,Urban,25-29,1437,714,723,54,26,28,1383,688,695
15,281,mamit,Urban,30-34,1290,623,667,43,18,25,1247,605,642
15,281,mamit,Urban,35-39,1011,546,465,44,19,25,967,527,440
15,281,mamit,Urban,40-44,841,457,384,38,19,19,803,438,365
15,281,mamit,Urban,45-49,753,389,364,24,13,11,729,376,353
15,281,mamit,Urban,50-54,584,329,255,39,24,15,545,305,240
15,281,mamit,Urban,55-59,432,220,212,22,8,14,410,212,198
15,281,mamit,Urban,60-64,289,142,147,18,5,13,271,137,134
15,281,mamit,Urban,65-69,212,108,104,26,8,18,186,100,86
15,281,mamit,Urban,70-74,165,79,86,13,7,6,152,72,80
15,281,mamit,Urban,75-79,99,51,48,12,4,8,87,47,40
15,281,mamit,Urban,80+,128,62,66,21,2,19,107,60,47
15,281,mamit,Urban,Age not stated,8,8,0,0,0,0,8,8,0
15,282,kolasib,Total,All ages,83955,42918,41037,18060,8771,9289,65895,34147,31748
15,282,kolasib,Total,0-6,13482,6810,6672,13482,6810,6672,0,0,0
15,282,kolasib,Total,7,1941,983,958,220,108,112,1721,875,846
15,282,kolasib,Total,8,1800,924,876,134,56,78,1666,868,798
15,282,kolasib,Total,9,1771,931,840,87,46,41,1684,885,799
15,282,kolasib,Total,10,1965,991,974,128,64,64,1837,927,910
15,282,kolasib,Total,11,1866,939,927,62,27,35,1804,912,892
15,282,kolasib,Total,12,1754,860,894,62,34,28,1692,826,866
15,282,kolasib,Total,13,1714,917,797,50,26,24,1664,891,773
15,282,kolasib,Total,14,1730,852,878,55,29,26,1675,823,852
15,282,kolasib,Total,15,1697,881,816,72,45,27,1625,836,789
15,282,kolasib,Total,16,1662,857,805,67,25,42,1595,832,763
15,282,kolasib,Total,17,1634,814,820,53,25,28,1581,789,792
15,282,kolasib,Total,18,1670,806,864,79,25,54,1591,781,810
15,282,kolasib,Total,19,1441,720,721,60,18,42,1381,702,679
15,282,kolasib,Total,20-24,8232,4111,4121,464,158,306,7768,3953,3815
15,282,kolasib,Total,25-29,7788,4012,3776,499,194,305,7289,3818,3471
15,282,kolasib,Total,30-34,6748,3454,3294,394,171,223,6354,3283,3071
15,282,kolasib,Total,35-39,5534,2864,2670,379,156,223,5155,2708,2447
15,282,kolasib,Total,40-44,4298,2263,2035,298,148,150,4000,2115,1885
15,282,kolasib,Total,45-49,3996,2110,1886,296,138,158,3700,1972,1728
15,282,kolasib,Total,50-54,3441,1762,1679,298,134,164,3143,1628,1515
15,282,kolasib,Total,55-59,2458,1289,1169,196,99,97,2262,1190,1072
15,282,kolasib,Total,60-64,1892,963,929,175,78,97,1717,885,832
15,282,kolasib,Total,65-69,1178,616,562,121,53,68,1057,563,494
15,282,kolasib,Total,70-74,941,502,439,109,46,63,832,456,376
15,282,kolasib,Total,75-79,593,323,270,80,25,55,513,298,215
15,282,kolasib,Total,80+,664,328,336,133,30,103,531,298,233
15,282,kolasib,Total,Age not stated,65,36,29,7,3,4,58,33,25
15,282,kolasib,Rural,All ages,37077,19097,17980,9807,4710,5097,27270,14387,12883
15,282,kolasib,Rural,0-6,6681,3387,3294,6681,3387,3294,0,0,0
15,282,kolasib,Rural,7,899,466,433,151,77,74,748,389,359
15,282,kolasib,Rural,8,888,452,436,97,36,61,791,416,375
15,282,kolasib,Rural,9,845,457,388,60,32,28,785,425,360
15,282,kolasib,Rural,10,929,470,459,85,42,43,844,428,416
15,282,kolasib,Rural,11,827,434,393,49,19,30,778,415,363
15,282,kolasib,Rural,12,806,390,416,44,22,22,762,368,394
15,282,kolasib,Rural,13,780,403,377,35,17,18,745,386,359
15,282,kolasib,Rural,14,760,388,372,45,25,20,715,363,352
15,282,kolasib,Rural,15,769,417,352,59,38,21,710,379,331
15,282,kolasib,Rural,16,727,366,361,45,17,28,682,349,333
15,282,kolasib,Rural,17,703,355,348,40,13,27,663,342,321
15,282,kolasib,Rural,18,700,350,350,57,16,41,643,334,309
15,282,kolasib,Rural,19,619,306,313,51,14,37,568,292,276
15,282,kolasib,Rural,20-24,3498,1723,1775,325,103,222,3173,1620,1553
15,282,kolasib,Rural,25-29,3278,1706,1572,366,136,230,2912,1570,1342
15,282,kolasib,Rural,30-34,2752,1381,1371,262,108,154,2490,1273,1217
15,282,kolasib,Rural,35-39,2391,1238,1153,256,96,160,2135,1142,993
15,282,kolasib,Rural,40-44,1707,926,781,207,99,108,1500,827,673
15,282,kolasib,Rural,45-49,1655,903,752,197,97,100,1458,806,652
15,282,kolasib,Rural,50-54,1487,751,736,199,89,110,1288,662,626
15,282,kolasib,Rural,55-59,1050,584,466,118,64,54,932,520,412
15,282,kolasib,Rural,60-64,833,423,410,119,53,66,714,370,344
15,282,kolasib,Rural,65-69,534,293,241,81,40,41,453,253,200
15,282,kolasib,Rural,70-74,403,227,176,65,32,33,338,195,143
15,282,kolasib,Rural,75-79,249,140,109,44,16,28,205,124,81
15,282,kolasib,Rural,80+,276,143,133,67,20,47,209,123,86
15,282,kolasib,Rural,Age not stated,31,18,13,2,2,0,29,16,13
15,282,kolasib,Urban,All ages,46878,23821,23057,8253,4061,4192,38625,19760,18865
15,282,kolasib,Urban,0-6,6801,3423,3378,6801,3423,3378,0,0,0
15,282,kolasib,Urban,7,1042,517,525,69,31,38,973,486,487
15,282,kolasib,Urban,8,912,472,440,37,20,17,875,452,423
15,282,kolasib,Urban,9,926,474,452,27,14,13,899,460,439
15,282,kolasib,Urban,10,1036,521,515,43,22,21,993,499,494
15,282,kolasib,Urban,11,1039,505,534,13,8,5,1026,497,529
15,282,kolasib,Urban,12,948,470,478,18,12,6,930,458,472
15,282,kolasib,Urban,13,934,514,420,15,9,6,919,505,414
15,282,kolasib,Urban,14,970,464,506,10,4,6,960,460,500
15,282,kolasib,Urban,15,928,464,464,13,7,6,915,457,458
15,282,kolasib,Urban,16,935,491,444,22,8,14,913,483,430
15,282,kolasib,Urban,17,931,459,472,13,12,1,918,447,471
15,282,kolasib,Urban,18,970,456,514,22,9,13,948,447,501
15,282,kolasib,Urban,19,822,414,408,9,4,5,813,410,403
15,282,kolasib,Urban,20-24,4734,2388,2346,139,55,84,4595,2333,2262
15,282,kolasib,Urban,25-29,4510,2306,2204,133,58,75,4377,2248,2129
15,282,kolasib,Urban,30-34,3996,2073,1923,132,63,69,3864,2010,1854
15,282,kolasib,Urban,35-39,3143,1626,1517,123,60,63,3020,1566,1454
15,282,kolasib,Urban,40-44,2591,1337,1254,91,49,42,2500,1288,1212
15,282,kolasib,Urban,45-49,2341,1207,1134,99,41,58,2242,1166,1076
15,282,kolasib,Urban,50-54,1954,1011,943,99,45,54,1855,966,889
15,282,kolasib,Urban,55-59,1408,705,703,78,35,43,1330,670,660
15,282,kolasib,Urban,60-64,1059,540,519,56,25,31,1003,515,488
15,282,kolasib,Urban,65-69,644,323,321,40,13,27,604,310,294
15,282,kolasib,Urban,70-74,538,275,263,44,14,30,494,261,233
15,282,kolasib,Urban,75-79,344,183,161,36,9,27,308,174,134
15,282,kolasib,Urban,80+,388,185,203,66,10,56,322,175,147
15,282,kolasib,Urban,Age not stated,34,18,16,5,1,4,29,17,12
15,283,aizawl,Total,All ages,400309,199270,201039,59714,29723,29991,340595,169547,171048
15,283,aizawl,Total,0-6,52357,26450,25907,52357,26450,25907,0,0,0
15,283,aizawl,Total,7,7505,3731,3774,799,404,395,6706,3327,3379
15,283,aizawl,Total,8,7206,3629,3577,212,109,103,6994,3520,3474
15,283,aizawl,Total,9,7476,3799,3677,174,96,78,7302,3703,3599
15,283,aizawl,Total,10,8030,3986,4044,266,138,128,7764,3848,3916
15,283,aizawl,Total,11,7661,3857,3804,119,65,54,7542,3792,3750
15,283,aizawl,Total,12,7450,3828,3622,39,22,17,7411,3806,3605
15,283,aizawl,Total,13,7397,3713,3684,49,24,25,7348,3689,3659
15,283,aizawl,Total,14,7537,3783,3754,52,27,25,7485,3756,3729
15,283,aizawl,Total,15,7777,3891,3886,60,29,31,7717,3862,3855
15,283,aizawl,Total,16,8107,4091,4016,42,25,17,8065,4066,3999
15,283,aizawl,Total,17,8225,4107,4118,71,26,45,8154,4081,4073
15,283,aizawl,Total,18,8712,4337,4375,73,43,30,8639,4294,4345
15,283,aizawl,Total,19,8295,4182,4113,55,33,22,8240,4149,4091
15,283,aizawl,Total,20-24,42733,21187,21546,378,219,159,42355,20968,21387
15,283,aizawl,Total,25-29,39424,19518,19906,438,242,196,38986,19276,19710
15,283,aizawl,Total,30-34,34857,17061,17796,445,259,186,34412,16802,17610
15,283,aizawl,Total,35-39,28683,14225,14458,422,231,191,28261,13994,14267
15,283,aizawl,Total,40-44,23151,11628,11523,440,214,226,22711,11414,11297
15,283,aizawl,Total,45-49,21403,10478,10925,442,207,235,20961,10271,10690
15,283,aizawl,Total,50-54,17223,8522,8701,512,221,291,16711,8301,8410
15,283,aizawl,Total,55-59,12118,6128,5990,398,167,231,11720,5961,5759
15,283,aizawl,Total,60-64,9243,4520,4723,332,108,224,8911,4412,4499
15,283,aizawl,Total,65-69,6208,3015,3193,309,97,212,5899,2918,2981
15,283,aizawl,Total,70-74,4778,2363,2415,360,81,279,4418,2282,2136
15,283,aizawl,Total,75-79,3172,1516,1656,332,62,270,2840,1454,1386
15,283,aizawl,Total,80+,3350,1570,1780,505,103,402,2845,1467,1378
15,283,aizawl,Total,Age not stated,231,155,76,33,21,12,198,134,64
15,283,aizawl,Rural,All ages,85555,43780,41775,15780,7866,7914,69775,35914,33861
15,283,aizawl,Rural,0-6,13178,6712,6466,13178,6712,6466,0,0,0
15,283,aizawl,Rural,7,1929,928,1001,269,138,131,1660,790,870
15,283,aizawl,Rural,8,1808,934,874,87,48,39,1721,886,835
15,283,aizawl,Rural,9,1837,959,878,73,41,32,1764,918,846
15,283,aizawl,Rural,10,1997,974,1023,119,64,55,1878,910,968
15,283,aizawl,Rural,11,1839,965,874,52,29,23,1787,936,851
15,283,aizawl,Rural,12,1705,886,819,9,6,3,1696,880,816
15,283,aizawl,Rural,13,1693,891,802,11,8,3,1682,883,799
15,283,aizawl,Rural,14,1601,821,780,15,11,4,1586,810,776
15,283,aizawl,Rural,15,1561,814,747,10,5,5,1551,809,742
15,283,aizawl,Rural,16,1583,825,758,7,2,5,1576,823,753
15,283,aizawl,Rural,17,1564,855,709,17,10,7,1547,845,702
15,283,aizawl,Rural,18,1545,808,737,21,6,15,1524,802,722
15,283,aizawl,Rural,19,1430,733,697,11,5,6,1419,728,691
15,283,aizawl,Rural,20-24,7955,4075,3880,77,33,44,7878,4042,3836
15,283,aizawl,Rural,25-29,7754,3866,3888,114,64,50,7640,3802,3838
15,283,aizawl,Rural,30-34,6863,3461,3402,119,79,40,6744,3382,3362
15,283,aizawl,Rural,35-39,5561,2857,2704,145,78,67,5416,2779,2637
15,283,aizawl,Rural,40-44,4292,2234,2058,138,62,76,4154,2172,1982
15,283,aizawl,Rural,45-49,4223,2171,2052,152,71,81,4071,2100,1971
15,283,aizawl,Rural,50-54,3808,1945,1863,225,93,132,3583,1852,1731
15,283,aizawl,Rural,55-59,2919,1521,1398,169,76,93,2750,1445,1305
15,283,aizawl,Rural,60-64,2298,1186,1112,148,53,95,2150,1133,1017
15,283,aizawl,Rural,65-69,1605,848,757,135,53,82,1470,795,675
15,283,aizawl,Rural,70-74,1213,614,599,135,31,104,1078,583,495
15,283,aizawl,Rural,75-79,843,431,412,130,31,99,713,400,313
15,283,aizawl,Rural,80+,897,430,467,205,51,154,692,379,313
15,283,aizawl,Rural,Age not stated,54,36,18,9,6,3,45,30,15
15,283,aizawl,Urban,All ages,314754,155490,159264,43934,21857,22077,270820,133633,137187
15,283,aizawl,Urban,0-6,39179,19738,19441,39179,19738,19441,0,0,0
15,283,aizawl,Urban,7,5576,2803,2773,530,266,264,5046,2537,2509
15,283,aizawl,Urban,8,5398,2695,2703,125,61,64,5273,2634,2639
15,283,aizawl,Urban,9,5639,2840,2799,101,55,46,5538,2785,2753
15,283,aizawl,Urban,10,6033,3012,3021,147,74,73,5886,2938,2948
15,283,aizawl,Urban,11,5822,2892,2930,67,36,31,5755,2856,2899
15,283,aizawl,Urban,12,5745,2942,2803,30,16,14,5715,2926,2789
15,283,aizawl,Urban,13,5704,2822,2882,38,16,22,5666,2806,2860
15,283,aizawl,Urban,14,5936,2962,2974,37,16,21,5899,2946,2953
15,283,aizawl,Urban,15,6216,3077,3139,50,24,26,6166,3053,3113
15,283,aizawl,Urban,16,6524,3266,3258,35,23,12,6489,3243,3246
15,283,aizawl,Urban,17,6661,3252,3409,54,16,38,6607,3236,3371
15,283,aizawl,Urban,18,7167,3529,3638,52,37,15,7115,3492,3623
15,283,aizawl,Urban,19,6865,3449,3416,44,28,16,6821,3421,3400
15,283,aizawl,Urban,20-24,34778,17112,17666,301,186,115,34477,16926,17551
15,283,aizawl,Urban,25-29,31670,15652,16018,324,178,146,31346,15474,15872
15,283,aizawl,Urban,30-34,27994,13600,14394,326,180,146,27668,13420,14248
15,283,aizawl,Urban,35-39,23122,11368,11754,277,153,124,22845,11215,11630
15,283,aizawl,Urban,40-44,18859,9394,9465,302,152,150,18557,9242,9315
15,283,aizawl,Urban,45-49,17180,8307,8873,290,136,154,16890,8171,8719
15,283,aizawl,Urban,50-54,13415,6577,6838,287,128,159,13128,6449,6679
15,283,aizawl,Urban,55-59,9199,4607,4592,229,91,138,8970,4516,4454
15,283,aizawl,Urban,60-64,6945,3334,3611,184,55,129,6761,3279,3482
15,283,aizawl,Urban,65-69,4603,2167,2436,174,44,130,4429,2123,2306
15,283,aizawl,Urban,70-74,3565,1749,1816,225,50,175,3340,1699,1641
15,283,aizawl,Urban,75-79,2329,1085,1244,202,31,171,2127,1054,1073
15,283,aizawl,Urban,80+,2453,1140,1313,300,52,248,2153,1088,1065
15,283,aizawl,Urban,Age not stated,177,119,58,24,15,9,153,104,49
15,284,champhai,Total,All ages,125745,63388,62357,24943,11948,12995,100802,51440,49362
15,284,champhai,Total,0-6,20645,10474,10171,20645,10474,10171,0,0,0
15,284,champhai,Total,7,2991,1495,1496,502,258,244,2489,1237,1252
15,284,champhai,Total,8,2812,1428,1384,150,79,71,2662,1349,1313
15,284,champhai,Total,9,2904,1498,1406,90,43,47,2814,1455,1359
15,284,champhai,Total,10,2944,1478,1466,96,51,45,2848,1427,1421
15,284,champhai,Total,11,2799,1398,1401,44,25,19,2755,1373,1382
15,284,champhai,Total,12,2707,1375,1332,16,7,9,2691,1368,1323
15,284,champhai,Total,13,2733,1363,1370,12,5,7,2721,1358,1363
15,284,champhai,Total,14,2572,1304,1268,20,8,12,2552,1296,1256
15,284,champhai,Total,15,2549,1321,1228,24,15,9,2525,1306,1219
15,284,champhai,Total,16,2699,1355,1344,19,9,10,2680,1346,1334
15,284,champhai,Total,17,2462,1266,1196,17,6,11,2445,1260,1185
15,284,champhai,Total,18,2353,1191,1162,18,9,9,2335,1182,1153
15,284,champhai,Total,19,2342,1198,1144,27,15,12,2315,1183,1132
15,284,champhai,Total,20-24,11855,5935,5920,139,64,75,11716,5871,5845
15,284,champhai,Total,25-29,11411,5677,5734,200,69,131,11211,5608,5603
15,284,champhai,Total,30-34,9729,4807,4922,196,84,112,9533,4723,4810
15,284,champhai,Total,35-39,7702,3862,3840,192,75,117,7510,3787,3723
15,284,champhai,Total,40-44,6337,3226,3111,283,103,180,6054,3123,2931
15,284,champhai,Total,45-49,5922,3022,2900,333,96,237,5589,2926,2663
15,284,champhai,Total,50-54,5067,2579,2488,366,121,245,4701,2458,2243
15,284,champhai,Total,55-59,3583,1796,1787,307,69,238,3276,1727,1549
15,284,champhai,Total,60-64,2986,1488,1498,261,68,193,2725,1420,1305
15,284,champhai,Total,65-69,2106,1042,1064,268,66,202,1838,976,862
15,284,champhai,Total,70-74,1503,794,709,230,40,190,1273,754,519
15,284,champhai,Total,75-79,988,505,483,213,28,185,775,477,298
15,284,champhai,Total,80+,956,460,496,260,54,206,696,406,290
15,284,champhai,Total,Age not stated,88,51,37,15,7,8,73,44,29
15,284,champhai,Rural,All ages,77216,39110,38106,16194,7730,8464,61022,31380,29642
15,284,champhai,Rural,0-6,13256,6735,6521,13256,6735,6521,0,0,0
15,284,champhai,Rural,7,1963,979,984,303,153,150,1660,826,834
15,284,champhai,Rural,8,1825,914,911,85,41,44,1740,873,867
15,284,champhai,Rural,9,1830,939,891,62,32,30,1768,907,861
15,284,champhai,Rural,10,1873,944,929,62,35,27,1811,909,902
15,284,champhai,Rural,11,1777,870,907,29,17,12,1748,853,895
15,284,champhai,Rural,12,1688,833,855,14,6,8,1674,827,847
15,284,champhai,Rural,13,1740,858,882,9,4,5,1731,854,877
15,284,champhai,Rural,14,1620,827,793,14,4,10,1606,823,783
15,284,champhai,Rural,15,1550,819,731,18,11,7,1532,808,724
15,284,champhai,Rural,16,1661,824,837,11,7,4,1650,817,833
15,284,champhai,Rural,17,1504,792,712,13,5,8,1491,787,704
15,284,champhai,Rural,18,1383,725,658,16,8,8,1367,717,650
15,284,champhai,Rural,19,1405,714,691,17,9,8,1388,705,683
15,284,champhai,Rural,20-24,7151,3593,3558,101,50,51,7050,3543,3507
15,284,champhai,Rural,25-29,6852,3397,3455,147,48,99,6705,3349,3356
15,284,champhai,Rural,30-34,5752,2887,2865,140,53,87,5612,2834,2778
15,284,champhai,Rural,35-39,4640,2388,2252,147,56,91,4493,2332,2161
15,284,champhai,Rural,40-44,3752,1936,1816,204,75,129,3548,1861,1687
15,284,champhai,Rural,45-49,3493,1807,1686,228,67,161,3265,1740,1525
15,284,champhai,Rural,50-54,3023,1547,1476,263,80,183,2760,1467,1293
15,284,champhai,Rural,55-59,2243,1126,1117,216,46,170,2027,1080,947
15,284,champhai,Rural,60-64,1825,936,889,187,53,134,1638,883,755
15,284,champhai,Rural,65-69,1302,643,659,200,53,147,1102,590,512
15,284,champhai,Rural,70-74,899,471,428,140,24,116,759,447,312
15,284,champhai,Rural,75-79,602,318,284,137,21,116,465,297,168
15,284,champhai,Rural,80+,536,250,286,162,31,131,374,219,155
15,284,champhai,Rural,Age not stated,71,38,33,13,6,7,58,32,26
15,284,champhai,Urban,All ages,48529,24278,24251,8749,4218,4531,39780,20060,19720
15,284,champhai,Urban,0-6,7389,3739,3650,7389,3739,3650,0,0,0
15,284,champhai,Urban,7,1028,516,512,199,105,94,829,411,418
15,284,champhai,Urban,8,987,514,473,65,38,27,922,476,446
15,284,champhai,Urban,9,1074,559,515,28,11,17,1046,548,498
15,284,champhai,Urban,10,1071,534,537,34,16,18,1037,518,519
15,284,champhai,Urban,11,1022,528,494,15,8,7,1007,520,487
15,284,champhai,Urban,12,1019,542,477,2,1,1,1017,541,476
15,284,champhai,Urban,13,993,505,488,3,1,2,990,504,486
15,284,champhai,Urban,14,952,477,475,6,4,2,946,473,473
15,284,champhai,Urban,15,999,502,497,6,4,2,993,498,495
15,284,champhai,Urban,16,1038,531,507,8,2,6,1030,529,501
15,284,champhai,Urban,17,958,474,484,4,1,3,954,473,481
15,284,champhai,Urban,18,970,466,504,2,1,1,968,465,503
15,284,champhai,Urban,19,937,484,453,10,6,4,927,478,449
15,284,champhai,Urban,20-24,4704,2342,2362,38,14,24,4666,2328,2338
15,284,champhai,Urban,25-29,4559,2280,2279,53,21,32,4506,2259,2247
15,284,champhai,Urban,30-34,3977,1920,2057,56,31,25,3921,1889,2032
15,284,champhai,Urban,35-39,3062,1474,1588,45,19,26,3017,1455,1562
15,284,champhai,Urban,40-44,2585,1290,1295,79,28,51,2506,1262,1244
15,284,champhai,Urban,45-49,2429,1215,1214,105,29,76,2324,1186,1138
15,284,champhai,Urban,50-54,2044,1032,1012,103,41,62,1941,991,950
15,284,champhai,Urban,55-59,1340,670,670,91,23,68,1249,647,602
15,284,champhai,Urban,60-64,1161,552,609,74,15,59,1087,537,550
15,284,champhai,Urban,65-69,804,399,405,68,13,55,736,386,350
15,284,champhai,Urban,70-74,604,323,281,90,16,74,514,307,207
15,284,champhai,Urban,75-79,386,187,199,76,7,69,310,180,130
15,284,champhai,Urban,80+,420,210,210,98,23,75,322,187,135
15,284,champhai,Urban,Age not stated,17,13,4,2,1,1,15,12,3
15,285,serchhip,Total,All ages,64937,32851,32086,10461,5253,5208,54476,27598,26878
15,285,serchhip,Total,0-6,9299,4771,4528,9299,4771,4528,0,0,0
15,285,serchhip,Total,7,1381,701,680,130,67,63,1251,634,617
15,285,serchhip,Total,8,1371,690,681,43,24,19,1328,666,662
15,285,serchhip,Total,9,1348,671,677,15,6,9,1333,665,668
15,285,serchhip,Total,10,1536,775,761,31,17,14,1505,758,747
15,285,serchhip,Total,11,1353,679,674,12,8,4,1341,671,670
15,285,serchhip,Total,12,1345,676,669,5,4,1,1340,672,668
15,285,serchhip,Total,13,1430,688,742,5,1,4,1425,687,738
15,285,serchhip,Total,14,1408,668,740,1,0,1,1407,668,739
15,285,serchhip,Total,15,1349,674,675,6,3,3,1343,671,672
15,285,serchhip,Total,16,1437,732,705,4,2,2,1433,730,703
15,285,serchhip,Total,17,1272,652,620,8,5,3,1264,647,617
15,285,serchhip,Total,18,1312,684,628,8,4,4,1304,680,624
15,285,serchhip,Total,19,1264,635,629,10,5,5,1254,630,624
15,285,serchhip,Total,20-24,6529,3357,3172,38,23,15,6491,3334,3157
15,285,serchhip,Total,25-29,5934,3023,2911,67,39,28,5867,2984,2883
15,285,serchhip,Total,30-34,5199,2581,2618,48,20,28,5151,2561,2590
15,285,serchhip,Total,35-39,4216,2074,2142,54,28,26,4162,2046,2116
15,285,serchhip,Total,40-44,3260,1680,1580,65,27,38,3195,1653,1542
15,285,serchhip,Total,45-49,3219,1648,1571,76,30,46,3143,1618,1525
15,285,serchhip,Total,50-54,2712,1357,1355,87,39,48,2625,1318,1307
15,285,serchhip,Total,55-59,1979,990,989,63,22,41,1916,968,948
15,285,serchhip,Total,60-64,1612,803,809,79,28,51,1533,775,758
15,285,serchhip,Total,65-69,1196,604,592,82,26,56,1114,578,536
15,285,serchhip,Total,70-74,801,413,388,69,22,47,732,391,341
15,285,serchhip,Total,75-79,577,304,273,73,15,58,504,289,215
15,285,serchhip,Total,80+,527,284,243,81,15,66,446,269,177
15,285,serchhip,Total,Age not stated,71,37,34,2,2,0,69,35,34
15,285,serchhip,Rural,All ages,32918,16643,16275,5824,2896,2928,27094,13747,13347
15,285,serchhip,Rural,0-6,5154,2654,2500,5154,2654,2500,0,0,0
15,285,serchhip,Rural,7,767,390,377,71,37,34,696,353,343
15,285,serchhip,Rural,8,749,384,365,20,11,9,729,373,356
15,285,serchhip,Rural,9,697,336,361,13,5,8,684,331,353
15,285,serchhip,Rural,10,779,398,381,16,7,9,763,391,372
15,285,serchhip,Rural,11,659,335,324,3,1,2,656,334,322
15,285,serchhip,Rural,12,705,366,339,4,3,1,701,363,338
15,285,serchhip,Rural,13,715,355,360,3,0,3,712,355,357
15,285,serchhip,Rural,14,726,335,391,0,0,0,726,335,391
15,285,serchhip,Rural,15,670,336,334,4,2,2,666,334,332
15,285,serchhip,Rural,16,730,390,340,1,1,0,729,389,340
15,285,serchhip,Rural,17,626,332,294,4,2,2,622,330,292
15,285,serchhip,Rural,18,659,341,318,2,0,2,657,341,316
15,285,serchhip,Rural,19,619,315,304,7,3,4,612,312,300
15,285,serchhip,Rural,20-24,3359,1703,1656,25,15,10,3334,1688,1646
15,285,serchhip,Rural,25-29,3017,1539,1478,42,22,20,2975,1517,1458
15,285,serchhip,Rural,30-34,2510,1254,1256,25,6,19,2485,1248,1237
15,285,serchhip,Rural,35-39,1942,945,997,28,12,16,1914,933,981
15,285,serchhip,Rural,40-44,1427,721,706,32,12,20,1395,709,686
15,285,serchhip,Rural,45-49,1558,754,804,40,11,29,1518,743,775
15,285,serchhip,Rural,50-54,1417,717,700,55,22,33,1362,695,667
15,285,serchhip,Rural,55-59,1010,520,490,41,13,28,969,507,462
15,285,serchhip,Rural,60-64,794,394,400,41,12,29,753,382,371
15,285,serchhip,Rural,65-69,617,301,316,49,13,36,568,288,280
15,285,serchhip,Rural,70-74,421,222,199,48,14,34,373,208,165
15,285,serchhip,Rural,75-79,299,155,144,42,10,32,257,145,112
15,285,serchhip,Rural,80+,284,146,138,53,7,46,231,139,92
15,285,serchhip,Rural,Age not stated,8,5,3,1,1,0,7,4,3
15,285,serchhip,Urban,All ages,32019,16208,15811,4637,2357,2280,27382,13851,13531
15,285,serchhip,Urban,0-6,4145,2117,2028,4145,2117,2028,0,0,0
15,285,serchhip,Urban,7,614,311,303,59,30,29,555,281,274
15,285,serchhip,Urban,8,622,306,316,23,13,10,599,293,306
15,285,serchhip,Urban,9,651,335,316,2,1,1,649,334,315
15,285,serchhip,Urban,10,757,377,380,15,10,5,742,367,375
15,285,serchhip,Urban,11,694,344,350,9,7,2,685,337,348
15,285,serchhip,Urban,12,640,310,330,1,1,0,639,309,330
15,285,serchhip,Urban,13,715,333,382,2,1,1,713,332,381
15,285,serchhip,Urban,14,682,333,349,1,0,1,681,333,348
15,285,serchhip,Urban,15,679,338,341,2,1,1,677,337,340
15,285,serchhip,Urban,16,707,342,365,3,1,2,704,341,363
15,285,serchhip,Urban,17,646,320,326,4,3,1,642,317,325
15,285,serchhip,Urban,18,653,343,310,6,4,2,647,339,308
15,285,serchhip,Urban,19,645,320,325,3,2,1,642,318,324
15,285,serchhip,Urban,20-24,3170,1654,1516,13,8,5,3157,1646,1511
15,285,serchhip,Urban,25-29,2917,1484,1433,25,17,8,2892,1467,1425
15,285,serchhip,Urban,30-34,2689,1327,1362,23,14,9,2666,1313,1353
15,285,serchhip,Urban,35-39,2274,1129,1145,26,16,10,2248,1113,1135
15,285,serchhip,Urban,40-44,1833,959,874,33,15,18,1800,944,856
15,285,serchhip,Urban,45-49,1661,894,767,36,19,17,1625,875,750
15,285,serchhip,Urban,50-54,1295,640,655,32,17,15,1263,623,640
15,285,serchhip,Urban,55-59,969,470,499,22,9,13,947,461,486
15,285,serchhip,Urban,60-64,818,409,409,38,16,22,780,393,387
15,285,serchhip,Urban,65-69,579,303,276,33,13,20,546,290,256
15,285,serchhip,Urban,70-74,380,191,189,21,8,13,359,183,176
15,285,serchhip,Urban,75-79,278,149,129,31,5,26,247,144,103
15,285,serchhip,Urban,80+,243,138,105,28,8,20,215,130,85
15,285,serchhip,Urban,Age not stated,63,32,31,1,1,0,62,31,31
15,286,lunglei,Total,All ages,161428,82891,78537,40306,18376,21930,121122,64515,56607
15,286,lunglei,Total,0-6,25117,12798,12319,25117,12798,12319,0,0,0
15,286,lunglei,Total,7,3719,1904,1815,980,501,479,2739,1403,1336
15,286,lunglei,Total,8,3701,1873,1828,417,197,220,3284,1676,1608
15,286,lunglei,Total,9,3522,1807,1715,246,120,126,3276,1687,1589
15,286,lunglei,Total,10,3902,2018,1884,298,141,157,3604,1877,1727
15,286,lunglei,Total,11,3536,1815,1721,191,72,119,3345,1743,1602
15,286,lunglei,Total,12,3650,1873,1777,199,72,127,3451,1801,1650
15,286,lunglei,Total,13,3465,1767,1698,181,65,116,3284,1702,1582
15,286,lunglei,Total,14,3552,1801,1751,197,70,127,3355,1731,1624
15,286,lunglei,Total,15,3367,1756,1611,204,72,132,3163,1684,1479
15,286,lunglei,Total,16,3142,1618,1524,194,65,129,2948,1553,1395
15,286,lunglei,Total,17,3090,1580,1510,212,67,145,2878,1513,1365
15,286,lunglei,Total,18,3188,1594,1594,279,79,200,2909,1515,1394
15,286,lunglei,Total,19,2951,1480,1471,268,82,186,2683,1398,1285
15,286,lunglei,Total,20-24,15847,7946,7901,1761,580,1181,14086,7366,6720
15,286,lunglei,Total,25-29,14501,7337,7164,1495,508,987,13006,6829,6177
15,286,lunglei,Total,30-34,12726,6646,6080,1239,407,832,11487,6239,5248
15,286,lunglei,Total,35-39,10520,5499,5021,1159,410,749,9361,5089,4272
15,286,lunglei,Total,40-44,8576,4567,4009,1110,398,712,7466,4169,3297
15,286,lunglei,Total,45-49,7868,4144,3724,1013,384,629,6855,3760,3095
15,286,lunglei,Total,50-54,6617,3437,3180,973,379,594,5644,3058,2586
15,286,lunglei,Total,55-59,4652,2475,2177,677,282,395,3975,2193,1782
15,286,lunglei,Total,60-64,3708,1880,1828,594,213,381,3114,1667,1447
15,286,lunglei,Total,65-69,2387,1230,1157,412,155,257,1975,1075,900
15,286,lunglei,Total,70-74,1741,901,840,334,109,225,1407,792,615
15,286,lunglei,Total,75-79,1128,555,573,237,70,167,891,485,406
15,286,lunglei,Total,80+,1191,557,634,308,76,232,883,481,402
15,286,lunglei,Total,Age not stated,64,33,31,11,4,7,53,29,24
15,286,lunglei,Rural,All ages,92676,47577,45099,30562,13510,17052,62114,34067,28047
15,286,lunglei,Rural,0-6,16705,8494,8211,16705,8494,8211,0,0,0
15,286,lunglei,Rural,7,2464,1275,1189,857,438,419,1607,837,770
15,286,lunglei,Rural,8,2399,1226,1173,389,180,209,2010,1046,964
15,286,lunglei,Rural,9,2262,1162,1100,231,110,121,2031,1052,979
15,286,lunglei,Rural,10,2452,1275,1177,266,125,141,2186,1150,1036
15,286,lunglei,Rural,11,2091,1064,1027,174,63,111,1917,1001,916
15,286,lunglei,Rural,12,2238,1157,1081,188,65,123,2050,1092,958
15,286,lunglei,Rural,13,2078,1055,1023,171,61,110,1907,994,913
15,286,lunglei,Rural,14,2020,1079,941,187,66,121,1833,1013,820
15,286,lunglei,Rural,15,1908,1018,890,192,64,128,1716,954,762
15,286,lunglei,Rural,16,1709,913,796,183,60,123,1526,853,673
15,286,lunglei,Rural,17,1718,882,836,205,66,139,1513,816,697
15,286,lunglei,Rural,18,1715,864,851,269,77,192,1446,787,659
15,286,lunglei,Rural,19,1611,813,798,257,76,181,1354,737,617
15,286,lunglei,Rural,20-24,8915,4428,4487,1684,539,1145,7231,3889,3342
15,286,lunglei,Rural,25-29,8030,4035,3995,1405,457,948,6625,3578,3047
15,286,lunglei,Rural,30-34,6719,3468,3251,1157,364,793,5562,3104,2458
15,286,lunglei,Rural,35-39,5446,2856,2590,1050,357,693,4396,2499,1897
15,286,lunglei,Rural,40-44,4285,2191,2094,1006,345,661,3279,1846,1433
15,286,lunglei,Rural,45-49,4096,2132,1964,913,344,569,3183,1788,1395
15,286,lunglei,Rural,50-54,3538,1862,1676,866,335,531,2672,1527,1145
15,286,lunglei,Rural,55-59,2554,1378,1176,605,261,344,1949,1117,832
15,286,lunglei,Rural,60-64,2101,1065,1036,529,188,341,1572,877,695
15,286,lunglei,Rural,65-69,1416,761,655,371,142,229,1045,619,426
15,286,lunglei,Rural,70-74,938,506,432,284,104,180,654,402,252
15,286,lunglei,Rural,75-79,608,313,295,183,64,119,425,249,176
15,286,lunglei,Rural,80+,629,291,338,226,62,164,403,229,174
15,286,lunglei,Rural,Age not stated,31,14,17,9,3,6,22,11,11
15,286,lunglei,Urban,All ages,68752,35314,33438,9744,4866,4878,59008,30448,28560
15,286,lunglei,Urban,0-6,8412,4304,4108,8412,4304,4108,0,0,0
15,286,lunglei,Urban,7,1255,629,626,123,63,60,1132,566,566
15,286,lunglei,Urban,8,1302,647,655,28,17,11,1274,630,644
15,286,lunglei,Urban,9,1260,645,615,15,10,5,1245,635,610
15,286,lunglei,Urban,10,1450,743,707,32,16,16,1418,727,691
15,286,lunglei,Urban,11,1445,751,694,17,9,8,1428,742,686
15,286,lunglei,Urban,12,1412,716,696,11,7,4,1401,709,692
15,286,lunglei,Urban,13,1387,712,675,10,4,6,1377,708,669
15,286,lunglei,Urban,14,1532,722,810,10,4,6,1522,718,804
15,286,lunglei,Urban,15,1459,738,721,12,8,4,1447,730,717
15,286,lunglei,Urban,16,1433,705,728,11,5,6,1422,700,722
15,286,lunglei,Urban,17,1372,698,674,7,1,6,1365,697,668
15,286,lunglei,Urban,18,1473,730,743,10,2,8,1463,728,735
15,286,lunglei,Urban,19,1340,667,673,11,6,5,1329,661,668
15,286,lunglei,Urban,20-24,6932,3518,3414,77,41,36,6855,3477,3378
15,286,lunglei,Urban,25-29,6471,3302,3169,90,51,39,6381,3251,3130
15,286,lunglei,Urban,30-34,6007,3178,2829,82,43,39,5925,3135,2790
15,286,lunglei,Urban,35-39,5074,2643,2431,109,53,56,4965,2590,2375
15,286,lunglei,Urban,40-44,4291,2376,1915,104,53,51,4187,2323,1864
15,286,lunglei,Urban,45-49,3772,2012,1760,100,40,60,3672,1972,1700
15,286,lunglei,Urban,50-54,3079,1575,1504,107,44,63,2972,1531,1441
15,286,lunglei,Urban,55-59,2098,1097,1001,72,21,51,2026,1076,950
15,286,lunglei,Urban,60-64,1607,815,792,65,25,40,1542,790,752
15,286,lunglei,Urban,65-69,971,469,502,41,13,28,930,456,474
15,286,lunglei,Urban,70-74,803,395,408,50,5,45,753,390,363
15,286,lunglei,Urban,75-79,520,242,278,54,6,48,466,236,230
15,286,lunglei,Urban,80+,562,266,296,82,14,68,480,252,228
15,286,lunglei,Urban,Age not stated,33,19,14,2,1,1,31,18,13
15,287,lawngtlai,Total,All ages,117894,60599,57295,55033,24155,30878,62861,36444,26417
15,287,lawngtlai,Total,0-6,22483,11433,11050,22483,11433,11050,0,0,0
15,287,lawngtlai,Total,7,3078,1559,1519,1503,686,817,1575,873,702
15,287,lawngtlai,Total,8,3177,1675,1502,1170,561,609,2007,1114,893
15,287,lawngtlai,Total,9,2802,1474,1328,895,398,497,1907,1076,831
15,287,lawngtlai,Total,10,3317,1744,1573,933,416,517,2384,1328,1056
15,287,lawngtlai,Total,11,2964,1603,1361,771,335,436,2193,1268,925
15,287,lawngtlai,Total,12,2774,1404,1370,639,263,376,2135,1141,994
15,287,lawngtlai,Total,13,2701,1413,1288,593,242,351,2108,1171,937
15,287,lawngtlai,Total,14,2602,1347,1255,503,186,317,2099,1161,938
15,287,lawngtlai,Total,15,2498,1265,1233,578,218,360,1920,1047,873
15,287,lawngtlai,Total,16,2328,1248,1080,533,234,299,1795,1014,781
15,287,lawngtlai,Total,17,2068,1089,979,509,215,294,1559,874,685
15,287,lawngtlai,Total,18,2571,1298,1273,726,274,452,1845,1024,821
15,287,lawngtlai,Total,19,2375,1159,1216,825,295,530,1550,864,686
15,287,lawngtlai,Total,20-24,12457,6051,6406,4263,1474,2789,8194,4577,3617
15,287,lawngtlai,Total,25-29,10528,5357,5171,3471,1285,2186,7057,4072,2985
15,287,lawngtlai,Total,30-34,8582,4470,4112,2705,1032,1673,5877,3438,2439
15,287,lawngtlai,Total,35-39,6782,3578,3204,2304,853,1451,4478,2725,1753
15,287,lawngtlai,Total,40-44,5471,2848,2623,2133,790,1343,3338,2058,1280
15,287,lawngtlai,Total,45-49,4468,2316,2152,1810,688,1122,2658,1628,1030
15,287,lawngtlai,Total,50-54,3930,2068,1862,1720,690,1030,2210,1378,832
15,287,lawngtlai,Total,55-59,2521,1407,1114,1105,472,633,1416,935,481
15,287,lawngtlai,Total,60-64,2110,1126,984,1054,453,601,1056,673,383
15,287,lawngtlai,Total,65-69,1272,663,609,666,260,406,606,403,203
15,287,lawngtlai,Total,70-74,941,485,456,505,189,316,436,296,140
15,287,lawngtlai,Total,75-79,496,251,245,284,103,181,212,148,64
15,287,lawngtlai,Total,80+,561,245,316,340,105,235,221,140,81
15,287,lawngtlai,Total,Age not stated,37,23,14,12,5,7,25,18,7
15,287,lawngtlai,Rural,All ages,97064,49940,47124,51142,22296,28846,45922,27644,18278
15,287,lawngtlai,Rural,0-6,19361,9849,9512,19361,9849,9512,0,0,0
15,287,lawngtlai,Rural,7,2679,1359,1320,1400,636,764,1279,723,556
15,287,lawngtlai,Rural,8,2744,1434,1310,1133,541,592,1611,893,718
15,287,lawngtlai,Rural,9,2402,1262,1140,888,396,492,1514,866,648
15,287,lawngtlai,Rural,10,2798,1458,1340,907,400,507,1891,1058,833
15,287,lawngtlai,Rural,11,2530,1365,1165,762,333,429,1768,1032,736
15,287,lawngtlai,Rural,12,2326,1178,1148,637,262,375,1689,916,773
15,287,lawngtlai,Rural,13,2242,1172,1070,593,242,351,1649,930,719
15,287,lawngtlai,Rural,14,2109,1107,1002,499,186,313,1610,921,689
15,287,lawngtlai,Rural,15,2017,1015,1002,569,217,352,1448,798,650
15,287,lawngtlai,Rural,16,1854,1017,837,532,234,298,1322,783,539
15,287,lawngtlai,Rural,17,1663,890,773,504,212,292,1159,678,481
15,287,lawngtlai,Rural,18,2098,1065,1033,719,272,447,1379,793,586
15,287,lawngtlai,Rural,19,1970,953,1017,814,288,526,1156,665,491
15,287,lawngtlai,Rural,20-24,10203,4924,5279,4222,1458,2764,5981,3466,2515
15,287,lawngtlai,Rural,25-29,8407,4270,4137,3433,1268,2165,4974,3002,1972
15,287,lawngtlai,Rural,30-34,6853,3612,3241,2663,1011,1652,4190,2601,1589
15,287,lawngtlai,Rural,35-39,5371,2846,2525,2265,836,1429,3106,2010,1096
15,287,lawngtlai,Rural,40-44,4376,2284,2092,2076,773,1303,2300,1511,789
15,287,lawngtlai,Rural,45-49,3561,1839,1722,1760,670,1090,1801,1169,632
15,287,lawngtlai,Rural,50-54,3176,1671,1505,1671,675,996,1505,996,509
15,287,lawngtlai,Rural,55-59,2001,1120,881,1060,457,603,941,663,278
15,287,lawngtlai,Rural,60-64,1687,907,780,1012,441,571,675,466,209
15,287,lawngtlai,Rural,65-69,1033,542,491,626,257,369,407,285,122
15,287,lawngtlai,Rural,70-74,751,391,360,470,183,287,281,208,73
15,287,lawngtlai,Rural,75-79,394,204,190,261,98,163,133,106,27
15,287,lawngtlai,Rural,80+,438,196,242,295,97,198,143,99,44
15,287,lawngtlai,Rural,Age not stated,20,10,10,10,4,6,10,6,4
15,287,lawngtlai,Urban,All ages,20830,10659,10171,3891,1859,2032,16939,8800,8139
15,287,lawngtlai,Urban,0-6,3122,1584,1538,3122,1584,1538,0,0,0
15,287,lawngtlai,Urban,7,399,200,199,103,50,53,296,150,146
15,287,lawngtlai,Urban,8,433,241,192,37,20,17,396,221,175
15,287,lawngtlai,Urban,9,400,212,188,7,2,5,393,210,183
15,287,lawngtlai,Urban,10,519,286,233,26,16,10,493,270,223
15,287,lawngtlai,Urban,11,434,238,196,9,2,7,425,236,189
15,287,lawngtlai,Urban,12,448,226,222,2,1,1,446,225,221
15,287,lawngtlai,Urban,13,459,241,218,0,0,0,459,241,218
15,287,lawngtlai,Urban,14,493,240,253,4,0,4,489,240,249
15,287,lawngtlai,Urban,15,481,250,231,9,1,8,472,249,223
15,287,lawngtlai,Urban,16,474,231,243,1,0,1,473,231,242
15,287,lawngtlai,Urban,17,405,199,206,5,3,2,400,196,204
15,287,lawngtlai,Urban,18,473,233,240,7,2,5,466,231,235
15,287,lawngtlai,Urban,19,405,206,199,11,7,4,394,199,195
15,287,lawngtlai,Urban,20-24,2254,1127,1127,41,16,25,2213,1111,1102
15,287,lawngtlai,Urban,25-29,2121,1087,1034,38,17,21,2083,1070,1013
15,287,lawngtlai,Urban,30-34,1729,858,871,42,21,21,1687,837,850
15,287,lawngtlai,Urban,35-39,1411,732,679,39,17,22,1372,715,657
15,287,lawngtlai,Urban,40-44,1095,564,531,57,17,40,1038,547,491
15,287,lawngtlai,Urban,45-49,907,477,430,50,18,32,857,459,398
15,287,lawngtlai,Urban,50-54,754,397,357,49,15,34,705,382,323
15,287,lawngtlai,Urban,55-59,520,287,233,45,15,30,475,272,203
15,287,lawngtlai,Urban,60-64,423,219,204,42,12,30,381,207,174
15,287,lawngtlai,Urban,65-69,239,121,118,40,3,37,199,118,81
15,287,lawngtlai,Urban,70-74,190,94,96,35,6,29,155,88,67
15,287,lawngtlai,Urban,75-79,102,47,55,23,5,18,79,42,37
15,287,lawngtlai,Urban,80+,123,49,74,45,8,37,78,41,37
15,287,lawngtlai,Urban,Age not stated,17,13,4,2,1,1,15,12,3
15,288,saiha,Total,All ages,56574,28594,27980,14341,6733,7608,42233,21861,20372
15,288,saiha,Total,0-6,9653,4997,4656,9653,4997,4656,0,0,0
15,288,saiha,Total,7,1313,658,655,476,245,231,837,413,424
15,288,saiha,Total,8,1311,660,651,218,96,122,1093,564,529
15,288,saiha,Total,9,1235,649,586,134,79,55,1101,570,531
15,288,saiha,Total,10,1437,709,728,113,55,58,1324,654,670
15,288,saiha,Total,11,1367,694,673,64,38,26,1303,656,647
15,288,saiha,Total,12,1367,683,684,42,24,18,1325,659,666
15,288,saiha,Total,13,1383,703,680,38,29,9,1345,674,671
15,288,saiha,Total,14,1320,682,638,40,28,12,1280,654,626
15,288,saiha,Total,15,1358,715,643,30,16,14,1328,699,629
15,288,saiha,Total,16,1310,641,669,34,17,17,1276,624,652
15,288,saiha,Total,17,1169,588,581,48,25,23,1121,563,558
15,288,saiha,Total,18,1251,643,608,46,27,19,1205,616,589
15,288,saiha,Total,19,1090,514,576,36,17,19,1054,497,557
15,288,saiha,Total,20-24,5814,2860,2954,257,136,121,5557,2724,2833
15,288,saiha,Total,25-29,4749,2389,2360,249,96,153,4500,2293,2207
15,288,saiha,Total,30-34,4005,1974,2031,234,100,134,3771,1874,1897
15,288,saiha,Total,35-39,3462,1741,1721,278,103,175,3184,1638,1546
15,288,saiha,Total,40-44,2806,1432,1374,326,107,219,2480,1325,1155
15,288,saiha,Total,45-49,2511,1284,1227,350,107,243,2161,1177,984
15,288,saiha,Total,50-54,2039,1058,981,358,105,253,1681,953,728
15,288,saiha,Total,55-59,1546,810,736,312,79,233,1234,731,503
15,288,saiha,Total,60-64,1149,592,557,280,63,217,869,529,340
15,288,saiha,Total,65-69,706,337,369,211,45,166,495,292,203
15,288,saiha,Total,70-74,507,239,268,191,35,156,316,204,112
15,288,saiha,Total,75-79,332,161,171,141,24,117,191,137,54
15,288,saiha,Total,80+,357,162,195,177,37,140,180,125,55
15,288,saiha,Total,Age not stated,27,19,8,5,3,2,22,16,6
15,288,saiha,Rural,All ages,31464,15853,15611,9501,4324,5177,21963,11529,10434
15,288,saiha,Rural,0-6,5857,3008,2849,5857,3008,2849,0,0,0
15,288,saiha,Rural,7,818,393,425,348,178,170,470,215,255
15,288,saiha,Rural,8,772,375,397,166,69,97,606,306,300
15,288,saiha,Rural,9,719,380,339,108,64,44,611,316,295
15,288,saiha,Rural,10,811,410,401,87,41,46,724,369,355
15,288,saiha,Rural,11,790,395,395,54,32,22,736,363,373
15,288,saiha,Rural,12,785,380,405,29,16,13,756,364,392
15,288,saiha,Rural,13,747,371,376,28,20,8,719,351,368
15,288,saiha,Rural,14,690,353,337,24,14,10,666,339,327
15,288,saiha,Rural,15,659,351,308,22,10,12,637,341,296
15,288,saiha,Rural,16,664,334,330,24,12,12,640,322,318
15,288,saiha,Rural,17,572,302,270,36,20,16,536,282,254
15,288,saiha,Rural,18,601,309,292,34,18,16,567,291,276
15,288,saiha,Rural,19,554,254,300,28,14,14,526,240,286
15,288,saiha,Rural,20-24,3113,1530,1583,195,95,100,2918,1435,1483
15,288,saiha,Rural,25-29,2472,1266,1206,205,72,133,2267,1194,1073
15,288,saiha,Rural,30-34,2053,1013,1040,186,69,117,1867,944,923
15,288,saiha,Rural,35-39,1804,903,901,214,75,139,1590,828,762
15,288,saiha,Rural,40-44,1539,764,775,265,79,186,1274,685,589
15,288,saiha,Rural,45-49,1424,740,684,289,91,198,1135,649,486
15,288,saiha,Rural,50-54,1166,601,565,293,91,202,873,510,363
15,288,saiha,Rural,55-59,938,497,441,256,68,188,682,429,253
15,288,saiha,Rural,60-64,707,356,351,218,52,166,489,304,185
15,288,saiha,Rural,65-69,466,218,248,173,37,136,293,181,112
15,288,saiha,Rural,70-74,304,144,160,139,30,109,165,114,51
15,288,saiha,Rural,75-79,205,97,108,102,18,84,103,79,24
15,288,saiha,Rural,80+,211,93,118,116,28,88,95,65,30
15,288,saiha,Rural,Age not stated,23,16,7,5,3,2,18,13,5
15,288,saiha,Urban,All ages,25110,12741,12369,4840,2409,2431,20270,10332,9938
15,288,saiha,Urban,0-6,3796,1989,1807,3796,1989,1807,0,0,0
15,288,saiha,Urban,7,495,265,230,128,67,61,367,198,169
15,288,saiha,Urban,8,539,285,254,52,27,25,487,258,229
15,288,saiha,Urban,9,516,269,247,26,15,11,490,254,236
15,288,saiha,Urban,10,626,299,327,26,14,12,600,285,315
15,288,saiha,Urban,11,577,299,278,10,6,4,567,293,274
15,288,saiha,Urban,12,582,303,279,13,8,5,569,295,274
15,288,saiha,Urban,13,636,332,304,10,9,1,626,323,303
15,288,saiha,Urban,14,630,329,301,16,14,2,614,315,299
15,288,saiha,Urban,15,699,364,335,8,6,2,691,358,333
15,288,saiha,Urban,16,646,307,339,10,5,5,636,302,334
15,288,saiha,Urban,17,597,286,311,12,5,7,585,281,304
15,288,saiha,Urban,18,650,334,316,12,9,3,638,325,313
15,288,saiha,Urban,19,536,260,276,8,3,5,528,257,271
15,288,saiha,Urban,20-24,2701,1330,1371,62,41,21,2639,1289,1350
15,288,saiha,Urban,25-29,2277,1123,1154,44,24,20,2233,1099,1134
15,288,saiha,Urban,30-34,1952,961,991,48,31,17,1904,930,974
15,288,saiha,Urban,35-39,1658,838,820,64,28,36,1594,810,784
15,288,saiha,Urban,40-44,1267,668,599,61,28,33,1206,640,566
15,288,saiha,Urban,45-49,1087,544,543,61,16,45,1026,528,498
15,288,saiha,Urban,50-54,873,457,416,65,14,51,808,443,365
15,288,saiha,Urban,55-59,608,313,295,56,11,45,552,302,250
15,288,saiha,Urban,60-64,442,236,206,62,11,51,380,225,155
15,288,saiha,Urban,65-69,240,119,121,38,8,30,202,111,91
15,288,saiha,Urban,70-74,203,95,108,52,5,47,151,90,61
15,288,saiha,Urban,75-79,127,64,63,39,6,33,88,58,30
15,288,saiha,Urban,80+,146,69,77,61,9,52,85,60,25
15,288,saiha,Urban,Age not stated,4,3,1,0,0,0,4,3,1
22,400,koriya,Total,All ages,658917,334737,324180,261094,104814,156280,397823,229923,167900
22,400,koriya,Total,0-6,95784,48666,47118,95784,48666,47118,0,0,0
22,400,koriya,Total,7,13982,7165,6817,4898,2537,2361,9084,4628,4456
22,400,koriya,Total,8,14262,7263,6999,2019,978,1041,12243,6285,5958
22,400,koriya,Total,9,13299,6684,6615,951,467,484,12348,6217,6131
22,400,koriya,Total,10,16477,8441,8036,1020,513,507,15457,7928,7529
22,400,koriya,Total,11,14662,7519,7143,554,258,296,14108,7261,6847
22,400,koriya,Total,12,15018,7590,7428,611,265,346,14407,7325,7082
22,400,koriya,Total,13,13105,6613,6492,475,210,265,12630,6403,6227
22,400,koriya,Total,14,14044,7082,6962,552,222,330,13492,6860,6632
22,400,koriya,Total,15,14219,7251,6968,822,339,483,13397,6912,6485
22,400,koriya,Total,16,14186,7491,6695,890,352,538,13296,7139,6157
22,400,koriya,Total,17,12165,6255,5910,797,312,485,11368,5943,5425
22,400,koriya,Total,18,15395,7929,7466,1466,500,966,13929,7429,6500
22,400,koriya,Total,19,11934,5868,6066,1210,374,836,10724,5494,5230
22,400,koriya,Total,20-24,65971,33317,32654,9717,2915,6802,56254,30402,25852
22,400,koriya,Total,25-29,55078,28340,26738,13293,4107,9186,41785,24233,17552
22,400,koriya,Total,30-34,45982,23018,22964,14771,4385,10386,31211,18633,12578
22,400,koriya,Total,35-39,43961,22365,21596,17558,5431,12127,26403,16934,9469
22,400,koriya,Total,40-44,38623,19360,19263,18003,5745,12258,20620,13615,7005
22,400,koriya,Total,45-49,36456,18236,18220,18818,6348,12470,17638,11888,5750
22,400,koriya,Total,50-54,28328,15320,13008,14868,5390,9478,13460,9930,3530
22,400,koriya,Total,55-59,21001,11558,9443,11467,4126,7341,9534,7432,2102
22,400,koriya,Total,60-64,16812,8135,8677,10917,3725,7192,5895,4410,1485
22,400,koriya,Total,65-69,11450,5389,6061,7640,2431,5209,3810,2958,852
22,400,koriya,Total,70-74,8247,3832,4415,5965,2046,3919,2282,1786,496
22,400,koriya,Total,75-79,3622,1629,1993,2607,834,1773,1015,795,220
22,400,koriya,Total,80+,4613,2289,2324,3327,1300,2027,1286,989,297
22,400,koriya,Total,Age not stated,241,132,109,94,38,56,147,94,53
22,400,koriya,Rural,All ages,453618,228338,225280,204462,82487,121975,249156,145851,103305
22,400,koriya,Rural,0-6,72914,36699,36215,72914,36699,36215,0,0,0
22,400,koriya,Rural,7,10212,5192,5020,4038,2088,1950,6174,3104,3070
22,400,koriya,Rural,8,10347,5215,5132,1757,846,911,8590,4369,4221
22,400,koriya,Rural,9,9774,4847,4927,826,398,428,8948,4449,4499
22,400,koriya,Rural,10,12025,6056,5969,838,424,414,11187,5632,5555
22,400,koriya,Rural,11,10623,5388,5235,461,213,248,10162,5175,4987
22,400,koriya,Rural,12,10770,5384,5386,490,214,276,10280,5170,5110
22,400,koriya,Rural,13,8987,4516,4471,377,166,211,8610,4350,4260
22,400,koriya,Rural,14,9551,4783,4768,443,181,262,9108,4602,4506
22,400,koriya,Rural,15,9650,4905,4745,674,273,401,8976,4632,4344
22,400,koriya,Rural,16,9347,4897,4450,742,273,469,8605,4624,3981
22,400,koriya,Rural,17,7739,3956,3783,669,255,414,7070,3701,3369
22,400,koriya,Rural,18,9921,5068,4853,1207,395,812,8714,4673,4041
22,400,koriya,Rural,19,7616,3638,3978,1029,313,716,6587,3325,3262
22,400,koriya,Rural,20-24,43170,21444,21726,8207,2394,5813,34963,19050,15913
22,400,koriya,Rural,25-29,37183,18959,18224,11376,3525,7851,25807,15434,10373
22,400,koriya,Rural,30-34,31919,15872,16047,12484,3757,8727,19435,12115,7320
22,400,koriya,Rural,35-39,30146,15552,14594,14335,4623,9712,15811,10929,4882
22,400,koriya,Rural,40-44,25259,12828,12431,14018,4757,9261,11241,8071,3170
22,400,koriya,Rural,45-49,22701,11564,11137,13851,5071,8780,8850,6493,2357
22,400,koriya,Rural,50-54,16800,8842,7958,10513,3996,6517,6287,4846,1441
22,400,koriya,Rural,55-59,13316,6727,6589,8592,3009,5583,4724,3718,1006
22,400,koriya,Rural,60-64,12438,5994,6444,8760,3063,5697,3678,2931,747
22,400,koriya,Rural,65-69,8701,4103,4598,6235,2050,4185,2466,2053,413
22,400,koriya,Rural,70-74,6172,2891,3281,4755,1700,3055,1417,1191,226
22,400,koriya,Rural,75-79,2732,1217,1515,2107,684,1423,625,533,92
22,400,koriya,Rural,80+,3438,1710,1728,2687,1085,1602,751,625,126
22,400,koriya,Rural,Age not stated,167,91,76,77,35,42,90,56,34
22,400,koriya,Urban,All ages,205299,106399,98900,56632,22327,34305,148667,84072,64595
22,400,koriya,Urban,0-6,22870,11967,10903,22870,11967,10903,0,0,0
22,400,koriya,Urban,7,3770,1973,1797,860,449,411,2910,1524,1386
22,400,koriya,Urban,8,3915,2048,1867,262,132,130,3653,1916,1737
22,400,koriya,Urban,9,3525,1837,1688,125,69,56,3400,1768,1632
22,400,koriya,Urban,10,4452,2385,2067,182,89,93,4270,2296,1974
22,400,koriya,Urban,11,4039,2131,1908,93,45,48,3946,2086,1860
22,400,koriya,Urban,12,4248,2206,2042,121,51,70,4127,2155,1972
22,400,koriya,Urban,13,4118,2097,2021,98,44,54,4020,2053,1967
22,400,koriya,Urban,14,4493,2299,2194,109,41,68,4384,2258,2126
22,400,koriya,Urban,15,4569,2346,2223,148,66,82,4421,2280,2141
22,400,koriya,Urban,16,4839,2594,2245,148,79,69,4691,2515,2176
22,400,koriya,Urban,17,4426,2299,2127,128,57,71,4298,2242,2056
22,400,koriya,Urban,18,5474,2861,2613,259,105,154,5215,2756,2459
22,400,koriya,Urban,19,4318,2230,2088,181,61,120,4137,2169,1968
22,400,koriya,Urban,20-24,22801,11873,10928,1510,521,989,21291,11352,9939
22,400,koriya,Urban,25-29,17895,9381,8514,1917,582,1335,15978,8799,7179
22,400,koriya,Urban,30-34,14063,7146,6917,2287,628,1659,11776,6518,5258
22,400,koriya,Urban,35-39,13815,6813,7002,3223,808,2415,10592,6005,4587
22,400,koriya,Urban,40-44,13364,6532,6832,3985,988,2997,9379,5544,3835
22,400,koriya,Urban,45-49,13755,6672,7083,4967,1277,3690,8788,5395,3393
22,400,koriya,Urban,50-54,11528,6478,5050,4355,1394,2961,7173,5084,2089
22,400,koriya,Urban,55-59,7685,4831,2854,2875,1117,1758,4810,3714,1096
22,400,koriya,Urban,60-64,4374,2141,2233,2157,662,1495,2217,1479,738
22,400,koriya,Urban,65-69,2749,1286,1463,1405,381,1024,1344,905,439
22,400,koriya,Urban,70-74,2075,941,1134,1210,346,864,865,595,270
22,400,koriya,Urban,75-79,890,412,478,500,150,350,390,262,128
22,400,koriya,Urban,80+,1175,579,596,640,215,425,535,364,171
22,400,koriya,Urban,Age not stated,74,41,33,17,3,14,57,38,19
22,401,surguja,Total,All ages,2359886,1193129,1166757,1171945,498443,673502,1187941,694686,493255
22,401,surguja,Total,0-6,380445,193952,186493,380445,193952,186493,0,0,0
22,401,surguja,Total,7,55780,28216,27564,19469,9689,9780,36311,18527,17784
22,401,surguja,Total,8,59972,30716,29256,10401,5099,5302,49571,25617,23954
22,401,surguja,Total,9,51729,26150,25579,5824,2799,3025,45905,23351,22554
22,401,surguja,Total,10,67022,34423,32599,6887,3388,3499,60135,31035,29100
22,401,surguja,Total,11,55024,28174,26850,3857,1837,2020,51167,26337,24830
22,401,surguja,Total,12,60466,30773,29693,5325,2364,2961,55141,28409,26732
22,401,surguja,Total,13,48993,24556,24437,4067,1689,2378,44926,22867,22059
22,401,surguja,Total,14,49631,25131,24500,4718,1990,2728,44913,23141,21772
22,401,surguja,Total,15,50547,26419,24128,6772,2923,3849,43775,23496,20279
22,401,surguja,Total,16,46686,24204,22482,6531,2721,3810,40155,21483,18672
22,401,surguja,Total,17,38381,19886,18495,5315,2072,3243,33066,17814,15252
22,401,surguja,Total,18,51791,26797,24994,10045,3740,6305,41746,23057,18689
22,401,surguja,Total,19,36575,17572,19003,7154,2224,4930,29421,15348,14073
22,401,surguja,Total,20-24,207910,101989,105921,55062,17141,37921,152848,84848,68000
22,401,surguja,Total,25-29,180484,91498,88986,64726,21931,42795,115758,69567,46191
22,401,surguja,Total,30-34,157419,77648,79771,70228,23035,47193,87191,54613,32578
22,401,surguja,Total,35-39,153418,77321,76097,79730,27583,52147,73688,49738,23950
22,401,surguja,Total,40-44,133845,67753,66092,80756,30212,50544,53089,37541,15548
22,401,surguja,Total,45-49,117233,60868,56365,77420,31520,45900,39813,29348,10465
22,401,surguja,Total,50-54,88219,46582,41637,60809,25934,34875,27410,20648,6762
22,401,surguja,Total,55-59,71932,35380,36552,51935,20096,31839,19997,15284,4713
22,401,surguja,Total,60-64,71792,35153,36639,55583,22634,32949,16209,12519,3690
22,401,surguja,Total,65-69,51345,25139,26206,40540,16519,24021,10805,8620,2185
22,401,surguja,Total,70-74,35129,18108,17021,28635,12750,15885,6494,5358,1136
22,401,surguja,Total,75-79,15164,7095,8069,12495,4977,7518,2669,2118,551
22,401,surguja,Total,80+,21496,10864,10632,16544,7365,9179,4952,3499,1453
22,401,surguja,Total,Age not stated,1458,762,696,672,259,413,786,503,283
22,401,surguja,Rural,All ages,2116965,1067908,1049057,1108567,471621,636946,1008398,596287,412111
22,401,surguja,Rural,0-6,350022,177966,172056,350022,177966,172056,0,0,0
22,401,surguja,Rural,7,50853,25680,25173,18430,9151,9279,32423,16529,15894
22,401,surguja,Rural,8,54844,27959,26885,10018,4895,5123,44826,23064,21762
22,401,surguja,Rural,9,47243,23820,23423,5610,2682,2928,41633,21138,20495
22,401,surguja,Rural,10,61429,31408,30021,6621,3255,3366,54808,28153,26655
22,401,surguja,Rural,11,49746,25373,24373,3723,1769,1954,46023,23604,22419
22,401,surguja,Rural,12,54898,27949,26949,5148,2290,2858,49750,25659,24091
22,401,surguja,Rural,13,44008,22076,21932,3933,1628,2305,40075,20448,19627
22,401,surguja,Rural,14,44342,22469,21873,4559,1912,2647,39783,20557,19226
22,401,surguja,Rural,15,45066,23600,21466,6546,2818,3728,38520,20782,17738
22,401,surguja,Rural,16,41440,21547,19893,6336,2622,3714,35104,18925,16179
22,401,surguja,Rural,17,33646,17490,16156,5135,1986,3149,28511,15504,13007
22,401,surguja,Rural,18,45939,23757,22182,9730,3594,6136,36209,20163,16046
22,401,surguja,Rural,19,31956,15241,16715,6949,2140,4809,25007,13101,11906
22,401,surguja,Rural,20-24,183067,89823,93244,53296,16550,36746,129771,73273,56498
22,401,surguja,Rural,25-29,158861,80595,78266,62386,21138,41248,96475,59457,37018
22,401,surguja,Rural,30-34,138610,68188,70422,67430,22213,45217,71180,45975,25205
22,401,surguja,Rural,35-39,135241,68073,67168,76252,26564,49688,58989,41509,17480
22,401,surguja,Rural,40-44,117695,59308,58387,77093,29119,47974,40602,30189,10413
22,401,surguja,Rural,45-49,103806,53531,50275,74010,30445,43565,29796,23086,6710
22,401,surguja,Rural,50-54,78260,41043,37217,57981,25026,32955,20279,16017,4262
22,401,surguja,Rural,55-59,64970,31502,33468,49723,19379,30344,15247,12123,3124
22,401,surguja,Rural,60-64,66123,32385,33738,53196,21949,31247,12927,10436,2491
22,401,surguja,Rural,65-69,47371,23192,24179,38828,16042,22786,8543,7150,1393
22,401,surguja,Rural,70-74,32338,16667,15671,27292,12319,14973,5046,4348,698
22,401,surguja,Rural,75-79,13939,6467,7472,11956,4822,7134,1983,1645,338
22,401,surguja,Rural,80+,19892,10091,9801,15725,7101,8624,4167,2990,1177
22,401,surguja,Rural,Age not stated,1360,708,652,639,246,393,721,462,259
22,401,surguja,Urban,All ages,242921,125221,117700,63378,26822,36556,179543,98399,81144
22,401,surguja,Urban,0-6,30423,15986,14437,30423,15986,14437,0,0,0
22,401,surguja,Urban,7,4927,2536,2391,1039,538,501,3888,1998,1890
22,401,surguja,Urban,8,5128,2757,2371,383,204,179,4745,2553,2192
22,401,surguja,Urban,9,4486,2330,2156,214,117,97,4272,2213,2059
22,401,surguja,Urban,10,5593,3015,2578,266,133,133,5327,2882,2445
22,401,surguja,Urban,11,5278,2801,2477,134,68,66,5144,2733,2411
22,401,surguja,Urban,12,5568,2824,2744,177,74,103,5391,2750,2641
22,401,surguja,Urban,13,4985,2480,2505,134,61,73,4851,2419,2432
22,401,surguja,Urban,14,5289,2662,2627,159,78,81,5130,2584,2546
22,401,surguja,Urban,15,5481,2819,2662,226,105,121,5255,2714,2541
22,401,surguja,Urban,16,5246,2657,2589,195,99,96,5051,2558,2493
22,401,surguja,Urban,17,4735,2396,2339,180,86,94,4555,2310,2245
22,401,surguja,Urban,18,5852,3040,2812,315,146,169,5537,2894,2643
22,401,surguja,Urban,19,4619,2331,2288,205,84,121,4414,2247,2167
22,401,surguja,Urban,20-24,24843,12166,12677,1766,591,1175,23077,11575,11502
22,401,surguja,Urban,25-29,21623,10903,10720,2340,793,1547,19283,10110,9173
22,401,surguja,Urban,30-34,18809,9460,9349,2798,822,1976,16011,8638,7373
22,401,surguja,Urban,35-39,18177,9248,8929,3478,1019,2459,14699,8229,6470
22,401,surguja,Urban,40-44,16150,8445,7705,3663,1093,2570,12487,7352,5135
22,401,surguja,Urban,45-49,13427,7337,6090,3410,1075,2335,10017,6262,3755
22,401,surguja,Urban,50-54,9959,5539,4420,2828,908,1920,7131,4631,2500
22,401,surguja,Urban,55-59,6962,3878,3084,2212,717,1495,4750,3161,1589
22,401,surguja,Urban,60-64,5669,2768,2901,2387,685,1702,3282,2083,1199
22,401,surguja,Urban,65-69,3974,1947,2027,1712,477,1235,2262,1470,792
22,401,surguja,Urban,70-74,2791,1441,1350,1343,431,912,1448,1010,438
22,401,surguja,Urban,75-79,1225,628,597,539,155,384,686,473,213
22,401,surguja,Urban,80+,1604,773,831,819,264,555,785,509,276
22,401,surguja,Urban,Age not stated,98,54,44,33,13,20,65,41,24
22,402,jashpur,Total,All ages,851669,424747,426922,356254,144091,212163,495415,280656,214759
22,402,jashpur,Total,0-6,122266,61744,60522,122266,61744,60522,0,0,0
22,402,jashpur,Total,7,17720,8904,8816,5161,2564,2597,12559,6340,6219
22,402,jashpur,Total,8,17727,8911,8816,2189,1059,1130,15538,7852,7686
22,402,jashpur,Total,9,16637,8286,8351,1120,551,569,15517,7735,7782
22,402,jashpur,Total,10,20054,10213,9841,1199,573,626,18855,9640,9215
22,402,jashpur,Total,11,17949,8979,8970,669,316,353,17280,8663,8617
22,402,jashpur,Total,12,19878,9965,9913,836,373,463,19042,9592,9450
22,402,jashpur,Total,13,17064,8490,8574,617,261,356,16447,8229,8218
22,402,jashpur,Total,14,17546,8713,8833,770,323,447,16776,8390,8386
22,402,jashpur,Total,15,17872,9263,8609,1043,453,590,16829,8810,8019
22,402,jashpur,Total,16,16983,8691,8292,1102,475,627,15881,8216,7665
22,402,jashpur,Total,17,14526,7466,7060,963,384,579,13563,7082,6481
22,402,jashpur,Total,18,18191,9452,8739,1706,698,1008,16485,8754,7731
22,402,jashpur,Total,19,13836,6678,7158,1308,391,917,12528,6287,6241
22,402,jashpur,Total,20-24,75792,37015,38777,10154,2999,7155,65638,34016,31622
22,402,jashpur,Total,25-29,64924,32801,32123,13243,4152,9091,51681,28649,23032
22,402,jashpur,Total,30-34,55545,27205,28340,16477,4788,11689,39068,22417,16651
22,402,jashpur,Total,35-39,57054,28536,28518,22295,6914,15381,34759,21622,13137
22,402,jashpur,Total,40-44,53075,25978,27097,26396,8662,17734,26679,17316,9363
22,402,jashpur,Total,45-49,48781,25220,23561,27166,10322,16844,21615,14898,6717
22,402,jashpur,Total,50-54,37499,18987,18512,22239,8286,13953,15260,10701,4559
22,402,jashpur,Total,55-59,31069,15343,15726,19382,6821,12561,11687,8522,3165
22,402,jashpur,Total,60-64,29196,13899,15297,20227,7168,13059,8969,6731,2238
22,402,jashpur,Total,65-69,20853,9818,11035,15019,5233,9786,5834,4585,1249
22,402,jashpur,Total,70-74,14644,7087,7557,11122,4204,6918,3522,2883,639
22,402,jashpur,Total,75-79,7064,3285,3779,5402,1913,3489,1662,1372,290
22,402,jashpur,Total,80+,7775,3730,4045,6122,2437,3685,1653,1293,360
22,402,jashpur,Total,Age not stated,149,88,61,61,27,34,88,61,27
22,402,jashpur,Rural,All ages,775677,386307,389370,335859,135690,200169,439818,250617,189201
22,402,jashpur,Rural,0-6,112599,56808,55791,112599,56808,55791,0,0,0
22,402,jashpur,Rural,7,16162,8084,8078,4842,2409,2433,11320,5675,5645
22,402,jashpur,Rural,8,16176,8067,8109,2051,988,1063,14125,7079,7046
22,402,jashpur,Rural,9,15232,7578,7654,1061,520,541,14171,7058,7113
22,402,jashpur,Rural,10,18334,9286,9048,1132,546,586,17202,8740,8462
22,402,jashpur,Rural,11,16309,8125,8184,645,305,340,15664,7820,7844
22,402,jashpur,Rural,12,18031,9001,9030,791,355,436,17240,8646,8594
22,402,jashpur,Rural,13,15336,7570,7766,587,241,346,14749,7329,7420
22,402,jashpur,Rural,14,15693,7789,7904,727,304,423,14966,7485,7481
22,402,jashpur,Rural,15,15882,8188,7694,991,426,565,14891,7762,7129
22,402,jashpur,Rural,16,15162,7719,7443,1056,451,605,14106,7268,6838
22,402,jashpur,Rural,17,12952,6677,6275,911,361,550,12041,6316,5725
22,402,jashpur,Rural,18,16305,8530,7775,1635,661,974,14670,7869,6801
22,402,jashpur,Rural,19,12272,5963,6309,1251,368,883,11021,5595,5426
22,402,jashpur,Rural,20-24,67803,33299,34504,9647,2834,6813,58156,30465,27691
22,402,jashpur,Rural,25-29,58227,29521,28706,12584,3962,8622,45643,25559,20084
22,402,jashpur,Rural,30-34,49863,24347,25516,15619,4546,11073,34244,19801,14443
22,402,jashpur,Rural,35-39,51671,25814,25857,21181,6568,14613,30490,19246,11244
22,402,jashpur,Rural,40-44,48441,23606,24835,25185,8284,16901,23256,15322,7934
22,402,jashpur,Rural,45-49,44716,23030,21686,25970,9916,16054,18746,13114,5632
22,402,jashpur,Rural,50-54,34509,17377,17132,21231,7967,13264,13278,9410,3868
22,402,jashpur,Rural,55-59,28939,14213,14726,18588,6583,12005,10351,7630,2721
22,402,jashpur,Rural,60-64,27409,13049,14360,19397,6936,12461,8012,6113,1899
22,402,jashpur,Rural,65-69,19669,9262,10407,14411,5050,9361,5258,4212,1046
22,402,jashpur,Rural,70-74,13798,6675,7123,10640,4055,6585,3158,2620,538
22,402,jashpur,Rural,75-79,6700,3114,3586,5207,1863,3344,1493,1251,242
22,402,jashpur,Rural,80+,7340,3529,3811,5859,2356,3503,1481,1173,308
22,402,jashpur,Rural,Age not stated,147,86,61,61,27,34,86,59,27
22,402,jashpur,Urban,All ages,75992,38440,37552,20395,8401,11994,55597,30039,25558
22,402,jashpur,Urban,0-6,9667,4936,4731,9667,4936,4731,0,0,0
22,402,jashpur,Urban,7,1558,820,738,319,155,164,1239,665,574
22,402,jashpur,Urban,8,1551,844,707,138,71,67,1413,773,640
22,402,jashpur,Urban,9,1405,708,697,59,31,28,1346,677,669
22,402,jashpur,Urban,10,1720,927,793,67,27,40,1653,900,753
22,402,jashpur,Urban,11,1640,854,786,24,11,13,1616,843,773
22,402,jashpur,Urban,12,1847,964,883,45,18,27,1802,946,856
22,402,jashpur,Urban,13,1728,920,808,30,20,10,1698,900,798
22,402,jashpur,Urban,14,1853,924,929,43,19,24,1810,905,905
22,402,jashpur,Urban,15,1990,1075,915,52,27,25,1938,1048,890
22,402,jashpur,Urban,16,1821,972,849,46,24,22,1775,948,827
22,402,jashpur,Urban,17,1574,789,785,52,23,29,1522,766,756
22,402,jashpur,Urban,18,1886,922,964,71,37,34,1815,885,930
22,402,jashpur,Urban,19,1564,715,849,57,23,34,1507,692,815
22,402,jashpur,Urban,20-24,7989,3716,4273,507,165,342,7482,3551,3931
22,402,jashpur,Urban,25-29,6697,3280,3417,659,190,469,6038,3090,2948
22,402,jashpur,Urban,30-34,5682,2858,2824,858,242,616,4824,2616,2208
22,402,jashpur,Urban,35-39,5383,2722,2661,1114,346,768,4269,2376,1893
22,402,jashpur,Urban,40-44,4634,2372,2262,1211,378,833,3423,1994,1429
22,402,jashpur,Urban,45-49,4065,2190,1875,1196,406,790,2869,1784,1085
22,402,jashpur,Urban,50-54,2990,1610,1380,1008,319,689,1982,1291,691
22,402,jashpur,Urban,55-59,2130,1130,1000,794,238,556,1336,892,444
22,402,jashpur,Urban,60-64,1787,850,937,830,232,598,957,618,339
22,402,jashpur,Urban,65-69,1184,556,628,608,183,425,576,373,203
22,402,jashpur,Urban,70-74,846,412,434,482,149,333,364,263,101
22,402,jashpur,Urban,75-79,364,171,193,195,50,145,169,121,48
22,402,jashpur,Urban,80+,435,201,234,263,81,182,172,120,52
22,402,jashpur,Urban,Age not stated,2,2,0,0,0,0,2,2,0
22,403,raigarh,Total,All ages,1493984,750278,743706,542345,207522,334823,951639,542756,408883
22,403,raigarh,Total,0-6,195069,100204,94865,195069,100204,94865,0,0,0
22,403,raigarh,Total,7,28014,14145,13869,7229,3591,3638,20785,10554,10231
22,403,raigarh,Total,8,30441,15511,14930,2621,1279,1342,27820,14232,13588
22,403,raigarh,Total,9,28709,14530,14179,1324,609,715,27385,13921,13464
22,403,raigarh,Total,10,34342,17721,16621,1507,723,784,32835,16998,15837
22,403,raigarh,Total,11,31282,15960,15322,813,369,444,30469,15591,14878
22,403,raigarh,Total,12,32001,16352,15649,1063,457,606,30938,15895,15043
22,403,raigarh,Total,13,29438,14652,14786,887,354,533,28551,14298,14253
22,403,raigarh,Total,14,30319,15224,15095,1120,450,670,29199,14774,14425
22,403,raigarh,Total,15,30809,15820,14989,1511,623,888,29298,15197,14101
22,403,raigarh,Total,16,30031,15161,14870,1440,526,914,28591,14635,13956
22,403,raigarh,Total,17,26751,13702,13049,1240,466,774,25511,13236,12275
22,403,raigarh,Total,18,32396,16742,15654,2151,773,1378,30245,15969,14276
22,403,raigarh,Total,19,25114,12485,12629,1532,450,1082,23582,12035,11547
22,403,raigarh,Total,20-24,137385,68385,69000,13467,3728,9739,123918,64657,59261
22,403,raigarh,Total,25-29,119857,61014,58843,18650,5220,13430,101207,55794,45413
22,403,raigarh,Total,30-34,109396,53642,55754,26186,6444,19742,83210,47198,36012
22,403,raigarh,Total,35-39,109687,55167,54520,35747,9642,26105,73940,45525,28415
22,403,raigarh,Total,40-44,96915,49074,47841,39626,11641,27985,57289,37433,19856
22,403,raigarh,Total,45-49,82259,42741,39518,37985,12420,25565,44274,30321,13953
22,403,raigarh,Total,50-54,62409,31792,30617,31281,10266,21015,31128,21526,9602
22,403,raigarh,Total,55-59,50697,25159,25538,26703,8041,18662,23994,17118,6876
22,403,raigarh,Total,60-64,50742,23681,27061,31094,9328,21766,19648,14353,5295
22,403,raigarh,Total,65-69,37469,17475,19994,24601,7581,17020,12868,9894,2974
22,403,raigarh,Total,70-74,26137,12137,14000,18437,6082,12355,7700,6055,1645
22,403,raigarh,Total,75-79,12340,5403,6937,8881,2713,6168,3459,2690,769
22,403,raigarh,Total,80+,13694,6246,7448,10080,3500,6580,3614,2746,868
22,403,raigarh,Total,Age not stated,281,153,128,100,42,58,181,111,70
22,403,raigarh,Rural,All ages,1247682,623817,623865,479531,182486,297045,768151,441331,326820
22,403,raigarh,Rural,0-6,164083,83971,80112,164083,83971,80112,0,0,0
22,403,raigarh,Rural,7,23415,11754,11661,6431,3184,3247,16984,8570,8414
22,403,raigarh,Rural,8,25747,13066,12681,2333,1134,1199,23414,11932,11482
22,403,raigarh,Rural,9,24617,12382,12235,1174,532,642,23443,11850,11593
22,403,raigarh,Rural,10,29120,14934,14186,1325,626,699,27795,14308,13487
22,403,raigarh,Rural,11,26805,13681,13124,705,310,395,26100,13371,12729
22,403,raigarh,Rural,12,27104,13783,13321,903,376,527,26201,13407,12794
22,403,raigarh,Rural,13,24983,12368,12615,781,310,471,24202,12058,12144
22,403,raigarh,Rural,14,25730,12854,12876,984,374,610,24746,12480,12266
22,403,raigarh,Rural,15,25958,13276,12682,1324,536,788,24634,12740,11894
22,403,raigarh,Rural,16,25224,12688,12536,1252,440,812,23972,12248,11724
22,403,raigarh,Rural,17,22412,11472,10940,1089,398,691,21323,11074,10249
22,403,raigarh,Rural,18,26843,13821,13022,1874,653,1221,24969,13168,11801
22,403,raigarh,Rural,19,20816,10279,10537,1351,379,972,19465,9900,9565
22,403,raigarh,Rural,20-24,111893,55681,56212,11935,3254,8681,99958,52427,47531
22,403,raigarh,Rural,25-29,95894,48956,46938,16503,4602,11901,79391,44354,35037
22,403,raigarh,Rural,30-34,88404,42819,45585,23566,5786,17780,64838,37033,27805
22,403,raigarh,Rural,35-39,90686,45405,45281,32450,8825,23625,58236,36580,21656
22,403,raigarh,Rural,40-44,80805,40536,40269,36222,10743,25479,44583,29793,14790
22,403,raigarh,Rural,45-49,68858,35685,33173,34727,11550,23177,34131,24135,9996
22,403,raigarh,Rural,50-54,52257,26398,25859,28575,9554,19021,23682,16844,6838
22,403,raigarh,Rural,55-59,43022,21098,21924,24519,7521,16998,18503,13577,4926
22,403,raigarh,Rural,60-64,43987,20447,23540,28475,8740,19735,15512,11707,3805
22,403,raigarh,Rural,65-69,32818,15270,17548,22593,7114,15479,10225,8156,2069
22,403,raigarh,Rural,70-74,22995,10734,12261,16851,5687,11164,6144,5047,1097
22,403,raigarh,Rural,75-79,10872,4753,6119,8184,2552,5632,2688,2201,487
22,403,raigarh,Rural,80+,12090,5574,6516,9231,3297,5934,2859,2277,582
22,403,raigarh,Rural,Age not stated,244,132,112,91,38,53,153,94,59
22,403,raigarh,Urban,All ages,246302,126461,119841,62814,25036,37778,183488,101425,82063
22,403,raigarh,Urban,0-6,30986,16233,14753,30986,16233,14753,0,0,0
22,403,raigarh,Urban,7,4599,2391,2208,798,407,391,3801,1984,1817
22,403,raigarh,Urban,8,4694,2445,2249,288,145,143,4406,2300,2106
22,403,raigarh,Urban,9,4092,2148,1944,150,77,73,3942,2071,1871
22,403,raigarh,Urban,10,5222,2787,2435,182,97,85,5040,2690,2350
22,403,raigarh,Urban,11,4477,2279,2198,108,59,49,4369,2220,2149
22,403,raigarh,Urban,12,4897,2569,2328,160,81,79,4737,2488,2249
22,403,raigarh,Urban,13,4455,2284,2171,106,44,62,4349,2240,2109
22,403,raigarh,Urban,14,4589,2370,2219,136,76,60,4453,2294,2159
22,403,raigarh,Urban,15,4851,2544,2307,187,87,100,4664,2457,2207
22,403,raigarh,Urban,16,4807,2473,2334,188,86,102,4619,2387,2232
22,403,raigarh,Urban,17,4339,2230,2109,151,68,83,4188,2162,2026
22,403,raigarh,Urban,18,5553,2921,2632,277,120,157,5276,2801,2475
22,403,raigarh,Urban,19,4298,2206,2092,181,71,110,4117,2135,1982
22,403,raigarh,Urban,20-24,25492,12704,12788,1532,474,1058,23960,12230,11730
22,403,raigarh,Urban,25-29,23963,12058,11905,2147,618,1529,21816,11440,10376
22,403,raigarh,Urban,30-34,20992,10823,10169,2620,658,1962,18372,10165,8207
22,403,raigarh,Urban,35-39,19001,9762,9239,3297,817,2480,15704,8945,6759
22,403,raigarh,Urban,40-44,16110,8538,7572,3404,898,2506,12706,7640,5066
22,403,raigarh,Urban,45-49,13401,7056,6345,3258,870,2388,10143,6186,3957
22,403,raigarh,Urban,50-54,10152,5394,4758,2706,712,1994,7446,4682,2764
22,403,raigarh,Urban,55-59,7675,4061,3614,2184,520,1664,5491,3541,1950
22,403,raigarh,Urban,60-64,6755,3234,3521,2619,588,2031,4136,2646,1490
22,403,raigarh,Urban,65-69,4651,2205,2446,2008,467,1541,2643,1738,905
22,403,raigarh,Urban,70-74,3142,1403,1739,1586,395,1191,1556,1008,548
22,403,raigarh,Urban,75-79,1468,650,818,697,161,536,771,489,282
22,403,raigarh,Urban,80+,1604,672,932,849,203,646,755,469,286
22,403,raigarh,Urban,Age not stated,37,21,16,9,4,5,28,17,11
22,404,korba,Total,All ages,1206640,612915,593725,457881,179524,278357,748759,433391,315368
22,404,korba,Total,0-6,172016,87487,84529,172016,87487,84529,0,0,0
22,404,korba,Total,7,23742,12126,11616,7186,3561,3625,16556,8565,7991
22,404,korba,Total,8,25746,13008,12738,3018,1513,1505,22728,11495,11233
22,404,korba,Total,9,24202,12318,11884,1801,893,908,22401,11425,10976
22,404,korba,Total,10,29734,15143,14591,2090,1034,1056,27644,14109,13535
22,404,korba,Total,11,25783,13049,12734,1161,546,615,24622,12503,12119
22,404,korba,Total,12,27076,13719,13357,1450,687,763,25626,13032,12594
22,404,korba,Total,13,25245,12572,12673,1168,509,659,24077,12063,12014
22,404,korba,Total,14,26655,13539,13116,1397,643,754,25258,12896,12362
22,404,korba,Total,15,26645,13754,12891,1890,822,1068,24755,12932,11823
22,404,korba,Total,16,26174,13210,12964,1929,776,1153,24245,12434,11811
22,404,korba,Total,17,22094,11355,10739,1597,651,946,20497,10704,9793
22,404,korba,Total,18,28137,14874,13263,2733,1029,1704,25404,13845,11559
22,404,korba,Total,19,21809,11113,10696,2005,659,1346,19804,10454,9350
22,404,korba,Total,20-24,121363,61440,59923,16532,4836,11696,104831,56604,48227
22,404,korba,Total,25-29,103287,53626,49661,20981,6041,14940,82306,47585,34721
22,404,korba,Total,30-34,86470,44015,42455,24566,6613,17953,61904,37402,24502
22,404,korba,Total,35-39,82981,41882,41099,30514,8475,22039,52467,33407,19060
22,404,korba,Total,40-44,75247,38250,36997,32432,9654,22778,42815,28596,14219
22,404,korba,Total,45-49,64781,33689,31092,30772,10223,20549,34009,23466,10543
22,404,korba,Total,50-54,49277,26116,23161,24980,8518,16462,24297,17598,6699
22,404,korba,Total,55-59,36495,19104,17391,19782,6312,13470,16713,12792,3921
22,404,korba,Total,60-64,30741,14632,16109,19746,6290,13456,10995,8342,2653
22,404,korba,Total,65-69,21069,9471,11598,14541,4448,10093,6528,5023,1505
22,404,korba,Total,70-74,14722,6622,8100,10892,3638,7254,3830,2984,846
22,404,korba,Total,75-79,6411,2770,3641,4733,1540,3193,1678,1230,448
22,404,korba,Total,80+,8244,3763,4481,5795,2057,3738,2449,1706,743
22,404,korba,Total,Age not stated,494,268,226,174,69,105,320,199,121
22,404,korba,Rural,All ages,760350,381424,378926,337600,131560,206040,422750,249864,172886
22,404,korba,Rural,0-6,115442,58275,57167,115442,58275,57167,0,0,0
22,404,korba,Rural,7,15402,7794,7608,5126,2513,2613,10276,5281,4995
22,404,korba,Rural,8,17328,8668,8660,2349,1168,1181,14979,7500,7479
22,404,korba,Rural,9,16533,8310,8223,1372,660,712,15161,7650,7511
22,404,korba,Rural,10,20065,10047,10018,1548,761,787,18517,9286,9231
22,404,korba,Rural,11,17218,8660,8558,894,408,486,16324,8252,8072
22,404,korba,Rural,12,17918,8936,8982,1169,548,621,16749,8388,8361
22,404,korba,Rural,13,16374,8058,8316,891,370,521,15483,7688,7795
22,404,korba,Rural,14,17246,8779,8467,1109,492,617,16137,8287,7850
22,404,korba,Rural,15,17268,8848,8420,1502,644,858,15766,8204,7562
22,404,korba,Rural,16,16737,8366,8371,1578,620,958,15159,7746,7413
22,404,korba,Rural,17,13404,6885,6519,1301,518,783,12103,6367,5736
22,404,korba,Rural,18,17522,9352,8170,2230,830,1400,15292,8522,6770
22,404,korba,Rural,19,13080,6684,6396,1604,504,1100,11476,6180,5296
22,404,korba,Rural,20-24,71666,36215,35451,13130,3726,9404,58536,32489,26047
22,404,korba,Rural,25-29,60067,31045,29022,16480,4757,11723,43587,26288,17299
22,404,korba,Rural,30-34,52054,25854,26200,19400,5314,14086,32654,20540,12114
22,404,korba,Rural,35-39,51059,25716,25343,23572,6773,16799,27487,18943,8544
22,404,korba,Rural,40-44,45541,23075,22466,24758,7617,17141,20783,15458,5325
22,404,korba,Rural,45-49,38255,19892,18363,23191,8147,15044,15064,11745,3319
22,404,korba,Rural,50-54,28541,14584,13957,18705,6842,11863,9836,7742,2094
22,404,korba,Rural,55-59,22595,10924,11671,15204,5058,10146,7391,5866,1525
22,404,korba,Rural,60-64,21569,9974,11595,15725,5197,10528,5844,4777,1067
22,404,korba,Rural,65-69,15645,6804,8841,11908,3709,8199,3737,3095,642
22,404,korba,Rural,70-74,10943,4857,6086,8785,3028,5757,2158,1829,329
22,404,korba,Rural,75-79,4694,1997,2697,3883,1316,2567,811,681,130
22,404,korba,Rural,80+,5807,2619,3188,4596,1706,2890,1211,913,298
22,404,korba,Rural,Age not stated,377,206,171,148,59,89,229,147,82
22,404,korba,Urban,All ages,446290,231491,214799,120281,47964,72317,326009,183527,142482
22,404,korba,Urban,0-6,56574,29212,27362,56574,29212,27362,0,0,0
22,404,korba,Urban,7,8340,4332,4008,2060,1048,1012,6280,3284,2996
22,404,korba,Urban,8,8418,4340,4078,669,345,324,7749,3995,3754
22,404,korba,Urban,9,7669,4008,3661,429,233,196,7240,3775,3465
22,404,korba,Urban,10,9669,5096,4573,542,273,269,9127,4823,4304
22,404,korba,Urban,11,8565,4389,4176,267,138,129,8298,4251,4047
22,404,korba,Urban,12,9158,4783,4375,281,139,142,8877,4644,4233
22,404,korba,Urban,13,8871,4514,4357,277,139,138,8594,4375,4219
22,404,korba,Urban,14,9409,4760,4649,288,151,137,9121,4609,4512
22,404,korba,Urban,15,9377,4906,4471,388,178,210,8989,4728,4261
22,404,korba,Urban,16,9437,4844,4593,351,156,195,9086,4688,4398
22,404,korba,Urban,17,8690,4470,4220,296,133,163,8394,4337,4057
22,404,korba,Urban,18,10615,5522,5093,503,199,304,10112,5323,4789
22,404,korba,Urban,19,8729,4429,4300,401,155,246,8328,4274,4054
22,404,korba,Urban,20-24,49697,25225,24472,3402,1110,2292,46295,24115,22180
22,404,korba,Urban,25-29,43220,22581,20639,4501,1284,3217,38719,21297,17422
22,404,korba,Urban,30-34,34416,18161,16255,5166,1299,3867,29250,16862,12388
22,404,korba,Urban,35-39,31922,16166,15756,6942,1702,5240,24980,14464,10516
22,404,korba,Urban,40-44,29706,15175,14531,7674,2037,5637,22032,13138,8894
22,404,korba,Urban,45-49,26526,13797,12729,7581,2076,5505,18945,11721,7224
22,404,korba,Urban,50-54,20736,11532,9204,6275,1676,4599,14461,9856,4605
22,404,korba,Urban,55-59,13900,8180,5720,4578,1254,3324,9322,6926,2396
22,404,korba,Urban,60-64,9172,4658,4514,4021,1093,2928,5151,3565,1586
22,404,korba,Urban,65-69,5424,2667,2757,2633,739,1894,2791,1928,863
22,404,korba,Urban,70-74,3779,1765,2014,2107,610,1497,1672,1155,517
22,404,korba,Urban,75-79,1717,773,944,850,224,626,867,549,318
22,404,korba,Urban,80+,2437,1144,1293,1199,351,848,1238,793,445
22,404,korba,Urban,Age not stated,117,62,55,26,10,16,91,52,39
22,405,janjgir - champa,Total,All ages,1619707,815717,803990,600073,222038,378035,1019634,593679,425955
22,405,janjgir - champa,Total,0-6,224218,114957,109261,224218,114957,109261,0,0,0
22,405,janjgir - champa,Total,7,32913,16806,16107,9415,4790,4625,23498,12016,11482
22,405,janjgir - champa,Total,8,35741,18307,17434,3953,1923,2030,31788,16384,15404
22,405,janjgir - champa,Total,9,34019,17142,16877,1994,980,1014,32025,16162,15863
22,405,janjgir - champa,Total,10,41576,21197,20379,2141,1070,1071,39435,20127,19308
22,405,janjgir - champa,Total,11,37340,19051,18289,1174,531,643,36166,18520,17646
22,405,janjgir - champa,Total,12,37574,19031,18543,1418,637,781,36156,18394,17762
22,405,janjgir - champa,Total,13,35822,17899,17923,1316,585,731,34506,17314,17192
22,405,janjgir - champa,Total,14,37606,18751,18855,1501,577,924,36105,18174,17931
22,405,janjgir - champa,Total,15,37469,18773,18696,2056,752,1304,35413,18021,17392
22,405,janjgir - champa,Total,16,38619,19140,19479,2093,730,1363,36526,18410,18116
22,405,janjgir - champa,Total,17,32749,16531,16218,1898,700,1198,30851,15831,15020
22,405,janjgir - champa,Total,18,41921,21557,20364,3174,1057,2117,38747,20500,18247
22,405,janjgir - champa,Total,19,31583,16098,15485,2219,678,1541,29364,15420,13944
22,405,janjgir - champa,Total,20-24,150923,78498,72425,16434,4385,12049,134489,74113,60376
22,405,janjgir - champa,Total,25-29,125041,64617,60424,21177,5240,15937,103864,59377,44487
22,405,janjgir - champa,Total,30-34,109567,55091,54476,27680,6037,21643,81887,49054,32833
22,405,janjgir - champa,Total,35-39,104795,52422,52373,37025,8465,28560,67770,43957,23813
22,405,janjgir - champa,Total,40-44,92524,47084,45440,41216,11113,30103,51308,35971,15337
22,405,janjgir - champa,Total,45-49,76286,39254,37032,38117,11630,26487,38169,27624,10545
22,405,janjgir - champa,Total,50-54,58218,29606,28612,30545,9177,21368,27673,20429,7244
22,405,janjgir - champa,Total,55-59,48637,22932,25705,27032,6852,20180,21605,16080,5525
22,405,janjgir - champa,Total,60-64,54244,24437,29807,33376,8343,25033,20868,16094,4774
22,405,janjgir - champa,Total,65-69,42256,19473,22783,27687,7611,20076,14569,11862,2707
22,405,janjgir - champa,Total,70-74,29858,14092,15766,21014,6716,14298,8844,7376,1468
22,405,janjgir - champa,Total,75-79,13282,6077,7205,9461,2878,6583,3821,3199,622
22,405,janjgir - champa,Total,80+,14403,6623,7780,10554,3562,6992,3849,3061,788
22,405,janjgir - champa,Total,Age not stated,523,271,252,185,62,123,338,209,129
22,405,janjgir - champa,Rural,All ages,1394646,701401,693245,535246,197657,337589,859400,503744,355656
22,405,janjgir - champa,Rural,0-6,195052,99788,95264,195052,99788,95264,0,0,0
22,405,janjgir - champa,Rural,7,28452,14539,13913,8413,4282,4131,20039,10257,9782
22,405,janjgir - champa,Rural,8,31347,16025,15322,3592,1747,1845,27755,14278,13477
22,405,janjgir - champa,Rural,9,29960,15014,14946,1813,892,921,28147,14122,14025
22,405,janjgir - champa,Rural,10,36486,18558,17928,1909,944,965,34577,17614,16963
22,405,janjgir - champa,Rural,11,32922,16751,16171,1054,485,569,31868,16266,15602
22,405,janjgir - champa,Rural,12,32936,16618,16318,1242,549,693,31694,16069,15625
22,405,janjgir - champa,Rural,13,31373,15665,15708,1180,522,658,30193,15143,15050
22,405,janjgir - champa,Rural,14,32943,16358,16585,1334,494,840,31609,15864,15745
22,405,janjgir - champa,Rural,15,32666,16374,16292,1839,664,1175,30827,15710,15117
22,405,janjgir - champa,Rural,16,33800,16700,17100,1886,650,1236,31914,16050,15864
22,405,janjgir - champa,Rural,17,28273,14292,13981,1729,631,1098,26544,13661,12883
22,405,janjgir - champa,Rural,18,36474,18675,17799,2851,918,1933,33623,17757,15866
22,405,janjgir - champa,Rural,19,27253,13920,13333,2007,608,1399,25246,13312,11934
22,405,janjgir - champa,Rural,20-24,128475,67211,61264,14731,3903,10828,113744,63308,50436
22,405,janjgir - champa,Rural,25-29,105239,54669,50570,19059,4707,14352,86180,49962,36218
22,405,janjgir - champa,Rural,30-34,92346,46375,45971,25049,5469,19580,67297,40906,26391
22,405,janjgir - champa,Rural,35-39,88641,44209,44432,33538,7672,25866,55103,36537,18566
22,405,janjgir - champa,Rural,40-44,78334,39702,38632,37279,10141,27138,41055,29561,11494
22,405,janjgir - champa,Rural,45-49,64506,33150,31356,34453,10695,23758,30053,22455,7598
22,405,janjgir - champa,Rural,50-54,49378,24901,24477,27655,8435,19220,21723,16466,5257
22,405,janjgir - champa,Rural,55-59,41745,19476,22269,24464,6275,18189,17281,13201,4080
22,405,janjgir - champa,Rural,60-64,47379,21265,26114,30317,7739,22578,17062,13526,3536
22,405,janjgir - champa,Rural,65-69,37410,17261,20149,25262,7093,18169,12148,10168,1980
22,405,janjgir - champa,Rural,70-74,26409,12478,13931,19139,6261,12878,7270,6217,1053
22,405,janjgir - champa,Rural,75-79,11676,5306,6370,8605,2684,5921,3071,2622,449
22,405,janjgir - champa,Rural,80+,12750,5905,6845,9635,3359,6276,3115,2546,569
22,405,janjgir - champa,Rural,Age not stated,421,216,205,159,50,109,262,166,96
22,405,janjgir - champa,Urban,All ages,225061,114316,110745,64827,24381,40446,160234,89935,70299
22,405,janjgir - champa,Urban,0-6,29166,15169,13997,29166,15169,13997,0,0,0
22,405,janjgir - champa,Urban,7,4461,2267,2194,1002,508,494,3459,1759,1700
22,405,janjgir - champa,Urban,8,4394,2282,2112,361,176,185,4033,2106,1927
22,405,janjgir - champa,Urban,9,4059,2128,1931,181,88,93,3878,2040,1838
22,405,janjgir - champa,Urban,10,5090,2639,2451,232,126,106,4858,2513,2345
22,405,janjgir - champa,Urban,11,4418,2300,2118,120,46,74,4298,2254,2044
22,405,janjgir - champa,Urban,12,4638,2413,2225,176,88,88,4462,2325,2137
22,405,janjgir - champa,Urban,13,4449,2234,2215,136,63,73,4313,2171,2142
22,405,janjgir - champa,Urban,14,4663,2393,2270,167,83,84,4496,2310,2186
22,405,janjgir - champa,Urban,15,4803,2399,2404,217,88,129,4586,2311,2275
22,405,janjgir - champa,Urban,16,4819,2440,2379,207,80,127,4612,2360,2252
22,405,janjgir - champa,Urban,17,4476,2239,2237,169,69,100,4307,2170,2137
22,405,janjgir - champa,Urban,18,5447,2882,2565,323,139,184,5124,2743,2381
22,405,janjgir - champa,Urban,19,4330,2178,2152,212,70,142,4118,2108,2010
22,405,janjgir - champa,Urban,20-24,22448,11287,11161,1703,482,1221,20745,10805,9940
22,405,janjgir - champa,Urban,25-29,19802,9948,9854,2118,533,1585,17684,9415,8269
22,405,janjgir - champa,Urban,30-34,17221,8716,8505,2631,568,2063,14590,8148,6442
22,405,janjgir - champa,Urban,35-39,16154,8213,7941,3487,793,2694,12667,7420,5247
22,405,janjgir - champa,Urban,40-44,14190,7382,6808,3937,972,2965,10253,6410,3843
22,405,janjgir - champa,Urban,45-49,11780,6104,5676,3664,935,2729,8116,5169,2947
22,405,janjgir - champa,Urban,50-54,8840,4705,4135,2890,742,2148,5950,3963,1987
22,405,janjgir - champa,Urban,55-59,6892,3456,3436,2568,577,1991,4324,2879,1445
22,405,janjgir - champa,Urban,60-64,6865,3172,3693,3059,604,2455,3806,2568,1238
22,405,janjgir - champa,Urban,65-69,4846,2212,2634,2425,518,1907,2421,1694,727
22,405,janjgir - champa,Urban,70-74,3449,1614,1835,1875,455,1420,1574,1159,415
22,405,janjgir - champa,Urban,75-79,1606,771,835,856,194,662,750,577,173
22,405,janjgir - champa,Urban,80+,1653,718,935,919,203,716,734,515,219
22,405,janjgir - champa,Urban,Age not stated,102,55,47,26,12,14,76,43,33
22,406,bilaspur,Total,All ages,2663629,1351574,1312055,1067069,419100,647969,1596560,932474,664086
22,406,bilaspur,Total,0-6,407835,207995,199840,407835,207995,199840,0,0,0
22,406,bilaspur,Total,7,60105,30457,29648,20445,10088,10357,39660,20369,19291
22,406,bilaspur,Total,8,64341,33003,31338,10071,4797,5274,54270,28206,26064
22,406,bilaspur,Total,9,57620,29119,28501,5295,2460,2835,52325,26659,25666
22,406,bilaspur,Total,10,72132,37071,35061,6504,3026,3478,65628,34045,31583
22,406,bilaspur,Total,11,60524,31129,29395,3505,1549,1956,57019,29580,27439
22,406,bilaspur,Total,12,62759,32171,30588,4328,1799,2529,58431,30372,28059
22,406,bilaspur,Total,13,56330,28366,27964,3601,1339,2262,52729,27027,25702
22,406,bilaspur,Total,14,59026,29870,29156,4270,1561,2709,54756,28309,26447
22,406,bilaspur,Total,15,59198,30299,28899,5488,1936,3552,53710,28363,25347
22,406,bilaspur,Total,16,58140,29760,28380,5495,1986,3509,52645,27774,24871
22,406,bilaspur,Total,17,48149,25215,22934,4486,1494,2992,43663,23721,19942
22,406,bilaspur,Total,18,61435,33143,28292,7389,2651,4738,54046,30492,23554
22,406,bilaspur,Total,19,44838,23320,21518,5113,1570,3543,39725,21750,17975
22,406,bilaspur,Total,20-24,240967,122943,118024,39104,10552,28552,201863,112391,89472
22,406,bilaspur,Total,25-29,212085,108405,103680,49227,13793,35434,162858,94612,68246
22,406,bilaspur,Total,30-34,189933,94532,95401,59372,15473,43899,130561,79059,51502
22,406,bilaspur,Total,35-39,180638,91532,89106,69701,19721,49980,110937,71811,39126
22,406,bilaspur,Total,40-44,155735,79876,75859,70074,22037,48037,85661,57839,27822
22,406,bilaspur,Total,45-49,128726,66807,61919,63118,21502,41616,65608,45305,20303
22,406,bilaspur,Total,50-54,96964,50483,46481,49566,17231,32335,47398,33252,14146
22,406,bilaspur,Total,55-59,76691,37494,39197,40876,12187,28689,35815,25307,10508
22,406,bilaspur,Total,60-64,76343,36102,40241,45507,13933,31574,30836,22169,8667
22,406,bilaspur,Total,65-69,54265,25780,28485,33901,10605,23296,20364,15175,5189
22,406,bilaspur,Total,70-74,38956,18248,20708,26562,8950,17612,12394,9298,3096
22,406,bilaspur,Total,75-79,17567,8073,9494,11769,3805,7964,5798,4268,1530
22,406,bilaspur,Total,80+,19328,8873,10455,13244,4554,8690,6084,4319,1765
22,406,bilaspur,Total,Age not stated,2999,1508,1491,1223,506,717,1776,1002,774
22,406,bilaspur,Rural,All ages,1983759,1002520,981239,888272,346255,542017,1095487,656265,439222
22,406,bilaspur,Rural,0-6,322460,163504,158956,322460,163504,158956,0,0,0
22,406,bilaspur,Rural,7,46952,23700,23252,17406,8567,8839,29546,15133,14413
22,406,bilaspur,Rural,8,51329,26178,25151,8788,4146,4642,42541,22032,20509
22,406,bilaspur,Rural,9,45757,23004,22753,4608,2113,2495,41149,20891,20258
22,406,bilaspur,Rural,10,57442,29381,28061,5556,2542,3014,51886,26839,25047
22,406,bilaspur,Rural,11,47535,24404,23131,2964,1299,1665,44571,23105,21466
22,406,bilaspur,Rural,12,49181,24990,24191,3735,1518,2217,45446,23472,21974
22,406,bilaspur,Rural,13,43582,21692,21890,3100,1106,1994,40482,20586,19896
22,406,bilaspur,Rural,14,45578,23011,22567,3707,1311,2396,41871,21700,20171
22,406,bilaspur,Rural,15,45549,23133,22416,4783,1647,3136,40766,21486,19280
22,406,bilaspur,Rural,16,44636,22740,21896,4806,1675,3131,39830,21065,18765
22,406,bilaspur,Rural,17,35924,18872,17052,3874,1244,2630,32050,17628,14422
22,406,bilaspur,Rural,18,46188,25133,21055,6428,2238,4190,39760,22895,16865
22,406,bilaspur,Rural,19,32657,17109,15548,4396,1288,3108,28261,15821,12440
22,406,bilaspur,Rural,20-24,173767,89255,84512,33675,8938,24737,140092,80317,59775
22,406,bilaspur,Rural,25-29,150272,77308,72964,42398,11858,30540,107874,65450,42424
22,406,bilaspur,Rural,30-34,134645,66409,68236,51364,13345,38019,83281,53064,30217
22,406,bilaspur,Rural,35-39,128976,64919,64057,60080,17141,42939,68896,47778,21118
22,406,bilaspur,Rural,40-44,110735,56445,54290,60220,19111,41109,50515,37334,13181
22,406,bilaspur,Rural,45-49,90697,46858,43839,53855,18614,35241,36842,28244,8598
22,406,bilaspur,Rural,50-54,68000,35123,32877,42086,14964,27122,25914,20159,5755
22,406,bilaspur,Rural,55-59,54832,26274,28558,35050,10681,24369,19782,15593,4189
22,406,bilaspur,Rural,60-64,56769,26540,30229,38933,12227,26706,17836,14313,3523
22,406,bilaspur,Rural,65-69,41123,19207,21916,29243,9418,19825,11880,9789,2091
22,406,bilaspur,Rural,70-74,29470,13573,15897,22668,7911,14757,6802,5662,1140
22,406,bilaspur,Rural,75-79,12937,5826,7111,10005,3367,6638,2932,2459,473
22,406,bilaspur,Rural,80+,14493,6797,7696,11072,4066,7006,3421,2731,690
22,406,bilaspur,Rural,Age not stated,2273,1135,1138,1012,416,596,1261,719,542
22,406,bilaspur,Urban,All ages,679870,349054,330816,178797,72845,105952,501073,276209,224864
22,406,bilaspur,Urban,0-6,85375,44491,40884,85375,44491,40884,0,0,0
22,406,bilaspur,Urban,7,13153,6757,6396,3039,1521,1518,10114,5236,4878
22,406,bilaspur,Urban,8,13012,6825,6187,1283,651,632,11729,6174,5555
22,406,bilaspur,Urban,9,11863,6115,5748,687,347,340,11176,5768,5408
22,406,bilaspur,Urban,10,14690,7690,7000,948,484,464,13742,7206,6536
22,406,bilaspur,Urban,11,12989,6725,6264,541,250,291,12448,6475,5973
22,406,bilaspur,Urban,12,13578,7181,6397,593,281,312,12985,6900,6085
22,406,bilaspur,Urban,13,12748,6674,6074,501,233,268,12247,6441,5806
22,406,bilaspur,Urban,14,13448,6859,6589,563,250,313,12885,6609,6276
22,406,bilaspur,Urban,15,13649,7166,6483,705,289,416,12944,6877,6067
22,406,bilaspur,Urban,16,13504,7020,6484,689,311,378,12815,6709,6106
22,406,bilaspur,Urban,17,12225,6343,5882,612,250,362,11613,6093,5520
22,406,bilaspur,Urban,18,15247,8010,7237,961,413,548,14286,7597,6689
22,406,bilaspur,Urban,19,12181,6211,5970,717,282,435,11464,5929,5535
22,406,bilaspur,Urban,20-24,67200,33688,33512,5429,1614,3815,61771,32074,29697
22,406,bilaspur,Urban,25-29,61813,31097,30716,6829,1935,4894,54984,29162,25822
22,406,bilaspur,Urban,30-34,55288,28123,27165,8008,2128,5880,47280,25995,21285
22,406,bilaspur,Urban,35-39,51662,26613,25049,9621,2580,7041,42041,24033,18008
22,406,bilaspur,Urban,40-44,45000,23431,21569,9854,2926,6928,35146,20505,14641
22,406,bilaspur,Urban,45-49,38029,19949,18080,9263,2888,6375,28766,17061,11705
22,406,bilaspur,Urban,50-54,28964,15360,13604,7480,2267,5213,21484,13093,8391
22,406,bilaspur,Urban,55-59,21859,11220,10639,5826,1506,4320,16033,9714,6319
22,406,bilaspur,Urban,60-64,19574,9562,10012,6574,1706,4868,13000,7856,5144
22,406,bilaspur,Urban,65-69,13142,6573,6569,4658,1187,3471,8484,5386,3098
22,406,bilaspur,Urban,70-74,9486,4675,4811,3894,1039,2855,5592,3636,1956
22,406,bilaspur,Urban,75-79,4630,2247,2383,1764,438,1326,2866,1809,1057
22,406,bilaspur,Urban,80+,4835,2076,2759,2172,488,1684,2663,1588,1075
22,406,bilaspur,Urban,Age not stated,726,373,353,211,90,121,515,283,232
22,407,kabeerdham,Total,All ages,822526,412058,410468,408359,163555,244804,414167,248503,165664
22,407,kabeerdham,Total,0-6,141904,71571,70333,141904,71571,70333,0,0,0
22,407,kabeerdham,Total,7,20152,9998,10154,6980,3389,3591,13172,6609,6563
22,407,kabeerdham,Total,8,22226,11213,11013,3114,1420,1694,19112,9793,9319
22,407,kabeerdham,Total,9,18977,9461,9516,1708,749,959,17269,8712,8557
22,407,kabeerdham,Total,10,22848,11571,11277,2252,1054,1198,20596,10517,10079
22,407,kabeerdham,Total,11,19254,9829,9425,1291,560,731,17963,9269,8694
22,407,kabeerdham,Total,12,19672,9807,9865,1684,680,1004,17988,9127,8861
22,407,kabeerdham,Total,13,17535,8863,8672,1455,537,918,16080,8326,7754
22,407,kabeerdham,Total,14,17726,8973,8753,1754,635,1119,15972,8338,7634
22,407,kabeerdham,Total,15,17264,8917,8347,2172,746,1426,15092,8171,6921
22,407,kabeerdham,Total,16,16673,8749,7924,2289,810,1479,14384,7939,6445
22,407,kabeerdham,Total,17,13644,7159,6485,1843,581,1262,11801,6578,5223
22,407,kabeerdham,Total,18,17803,9025,8778,3348,1005,2343,14455,8020,6435
22,407,kabeerdham,Total,19,12814,6354,6460,2414,643,1771,10400,5711,4689
22,407,kabeerdham,Total,20-24,74609,37283,37326,19417,5058,14359,55192,32225,22967
22,407,kabeerdham,Total,25-29,62870,31952,30918,23120,6825,16295,39750,25127,14623
22,407,kabeerdham,Total,30-34,57616,27987,29629,26879,7751,19128,30737,20236,10501
22,407,kabeerdham,Total,35-39,54481,27186,27295,29675,9369,20306,24806,17817,6989
22,407,kabeerdham,Total,40-44,48221,24378,23843,29686,10374,19312,18535,14004,4531
22,407,kabeerdham,Total,45-49,38199,19957,18242,25566,10075,15491,12633,9882,2751
22,407,kabeerdham,Total,50-54,27674,14246,13428,18956,7462,11494,8718,6784,1934
22,407,kabeerdham,Total,55-59,21497,10527,10970,15095,5466,9629,6402,5061,1341
22,407,kabeerdham,Total,60-64,20799,9763,11036,15620,5706,9914,5179,4057,1122
22,407,kabeerdham,Total,65-69,15324,7076,8248,11920,4357,7563,3404,2719,685
22,407,kabeerdham,Total,70-74,11398,5214,6184,9265,3532,5733,2133,1682,451
22,407,kabeerdham,Total,75-79,5060,2245,2815,4130,1482,2648,930,763,167
22,407,kabeerdham,Total,80+,6102,2647,3455,4744,1691,3053,1358,956,402
22,407,kabeerdham,Total,Age not stated,184,107,77,78,27,51,106,80,26
22,407,kabeerdham,Rural,All ages,735131,367941,367190,377830,150955,226875,357301,216986,140315
22,407,kabeerdham,Rural,0-6,128957,64914,64043,128957,64914,64043,0,0,0
22,407,kabeerdham,Rural,7,18374,9122,9252,6491,3143,3348,11883,5979,5904
22,407,kabeerdham,Rural,8,20224,10202,10022,2846,1289,1557,17378,8913,8465
22,407,kabeerdham,Rural,9,17292,8611,8681,1581,695,886,15711,7916,7795
22,407,kabeerdham,Rural,10,20685,10458,10227,2035,944,1091,18650,9514,9136
22,407,kabeerdham,Rural,11,17399,8884,8515,1183,503,680,16216,8381,7835
22,407,kabeerdham,Rural,12,17716,8866,8850,1562,622,940,16154,8244,7910
22,407,kabeerdham,Rural,13,15702,7970,7732,1329,472,857,14373,7498,6875
22,407,kabeerdham,Rural,14,15842,8038,7804,1603,563,1040,14239,7475,6764
22,407,kabeerdham,Rural,15,15403,7980,7423,2023,671,1352,13380,7309,6071
22,407,kabeerdham,Rural,16,14824,7797,7027,2129,737,1392,12695,7060,5635
22,407,kabeerdham,Rural,17,12047,6329,5718,1708,524,1184,10339,5805,4534
22,407,kabeerdham,Rural,18,15736,7978,7758,3117,908,2209,12619,7070,5549
22,407,kabeerdham,Rural,19,11347,5580,5767,2271,592,1679,9076,4988,4088
22,407,kabeerdham,Rural,20-24,66012,33064,32948,18242,4695,13547,47770,28369,19401
22,407,kabeerdham,Rural,25-29,55454,28290,27164,21644,6358,15286,33810,21932,11878
22,407,kabeerdham,Rural,30-34,50852,24569,26283,25273,7279,17994,25579,17290,8289
22,407,kabeerdham,Rural,35-39,48296,24031,24265,27821,8814,19007,20475,15217,5258
22,407,kabeerdham,Rural,40-44,42661,21496,21165,27751,9738,18013,14910,11758,3152
22,407,kabeerdham,Rural,45-49,33803,17615,16188,23858,9472,14386,9945,8143,1802
22,407,kabeerdham,Rural,50-54,24391,12539,11852,17682,7029,10653,6709,5510,1199
22,407,kabeerdham,Rural,55-59,19035,9278,9757,14049,5150,8899,4986,4128,858
22,407,kabeerdham,Rural,60-64,18662,8721,9941,14570,5379,9191,4092,3342,750
22,407,kabeerdham,Rural,65-69,13864,6391,7473,11107,4106,7001,2757,2285,472
22,407,kabeerdham,Rural,70-74,10301,4713,5588,8635,3325,5310,1666,1388,278
22,407,kabeerdham,Rural,75-79,4553,1997,2556,3856,1400,2456,697,597,100
22,407,kabeerdham,Rural,80+,5533,2413,3120,4434,1607,2827,1099,806,293
22,407,kabeerdham,Rural,Age not stated,166,95,71,73,26,47,93,69,24
22,407,kabeerdham,Urban,All ages,87395,44117,43278,30529,12600,17929,56866,31517,25349
22,407,kabeerdham,Urban,0-6,12947,6657,6290,12947,6657,6290,0,0,0
22,407,kabeerdham,Urban,7,1778,876,902,489,246,243,1289,630,659
22,407,kabeerdham,Urban,8,2002,1011,991,268,131,137,1734,880,854
22,407,kabeerdham,Urban,9,1685,850,835,127,54,73,1558,796,762
22,407,kabeerdham,Urban,10,2163,1113,1050,217,110,107,1946,1003,943
22,407,kabeerdham,Urban,11,1855,945,910,108,57,51,1747,888,859
22,407,kabeerdham,Urban,12,1956,941,1015,122,58,64,1834,883,951
22,407,kabeerdham,Urban,13,1833,893,940,126,65,61,1707,828,879
22,407,kabeerdham,Urban,14,1884,935,949,151,72,79,1733,863,870
22,407,kabeerdham,Urban,15,1861,937,924,149,75,74,1712,862,850
22,407,kabeerdham,Urban,16,1849,952,897,160,73,87,1689,879,810
22,407,kabeerdham,Urban,17,1597,830,767,135,57,78,1462,773,689
22,407,kabeerdham,Urban,18,2067,1047,1020,231,97,134,1836,950,886
22,407,kabeerdham,Urban,19,1467,774,693,143,51,92,1324,723,601
22,407,kabeerdham,Urban,20-24,8597,4219,4378,1175,363,812,7422,3856,3566
22,407,kabeerdham,Urban,25-29,7416,3662,3754,1476,467,1009,5940,3195,2745
22,407,kabeerdham,Urban,30-34,6764,3418,3346,1606,472,1134,5158,2946,2212
22,407,kabeerdham,Urban,35-39,6185,3155,3030,1854,555,1299,4331,2600,1731
22,407,kabeerdham,Urban,40-44,5560,2882,2678,1935,636,1299,3625,2246,1379
22,407,kabeerdham,Urban,45-49,4396,2342,2054,1708,603,1105,2688,1739,949
22,407,kabeerdham,Urban,50-54,3283,1707,1576,1274,433,841,2009,1274,735
22,407,kabeerdham,Urban,55-59,2462,1249,1213,1046,316,730,1416,933,483
22,407,kabeerdham,Urban,60-64,2137,1042,1095,1050,327,723,1087,715,372
22,407,kabeerdham,Urban,65-69,1460,685,775,813,251,562,647,434,213
22,407,kabeerdham,Urban,70-74,1097,501,596,630,207,423,467,294,173
22,407,kabeerdham,Urban,75-79,507,248,259,274,82,192,233,166,67
22,407,kabeerdham,Urban,80+,569,234,335,310,84,226,259,150,109
22,407,kabeerdham,Urban,Age not stated,18,12,6,5,1,4,13,11,2
22,408,rajnandgaon,Total,All ages,1537133,762855,774278,528754,201500,327254,1008379,561355,447024
22,408,rajnandgaon,Total,0-6,209575,105508,104067,209575,105508,104067,0,0,0
22,408,rajnandgaon,Total,7,31597,15653,15944,7976,3861,4115,23621,11792,11829
22,408,rajnandgaon,Total,8,33067,16714,16353,2720,1379,1341,30347,15335,15012
22,408,rajnandgaon,Total,9,31107,15753,15354,1401,707,694,29706,15046,14660
22,408,rajnandgaon,Total,10,36089,18208,17881,1774,893,881,34315,17315,17000
22,408,rajnandgaon,Total,11,36369,18091,18278,1012,497,515,35357,17594,17763
22,408,rajnandgaon,Total,12,34857,17418,17439,1008,468,540,33849,16950,16899
22,408,rajnandgaon,Total,13,33086,16466,16620,919,406,513,32167,16060,16107
22,408,rajnandgaon,Total,14,32844,16335,16509,994,453,541,31850,15882,15968
22,408,rajnandgaon,Total,15,31543,15701,15842,1248,520,728,30295,15181,15114
22,408,rajnandgaon,Total,16,32526,16196,16330,1317,588,729,31209,15608,15601
22,408,rajnandgaon,Total,17,29720,14700,15020,1141,432,709,28579,14268,14311
22,408,rajnandgaon,Total,18,33730,16582,17148,1684,642,1042,32046,15940,16106
22,408,rajnandgaon,Total,19,27954,13445,14509,1412,474,938,26542,12971,13571
22,408,rajnandgaon,Total,20-24,144827,72579,72248,10756,3395,7361,134071,69184,64887
22,408,rajnandgaon,Total,25-29,120024,61638,58386,15006,4359,10647,105018,57279,47739
22,408,rajnandgaon,Total,30-34,110235,53618,56617,22488,5588,16900,87747,48030,39717
22,408,rajnandgaon,Total,35-39,109586,54209,55377,32636,8134,24502,76950,46075,30875
22,408,rajnandgaon,Total,40-44,101331,50993,50338,39580,11009,28571,61751,39984,21767
22,408,rajnandgaon,Total,45-49,83266,43105,40161,38174,12199,25975,45092,30906,14186
22,408,rajnandgaon,Total,50-54,62434,31240,31194,31101,9539,21562,31333,21701,9632
22,408,rajnandgaon,Total,55-59,50386,24591,25795,26418,7431,18987,23968,17160,6808
22,408,rajnandgaon,Total,60-64,45242,20832,24410,27240,7597,19643,18002,13235,4767
22,408,rajnandgaon,Total,65-69,32032,14136,17896,21071,6086,14985,10961,8050,2911
22,408,rajnandgaon,Total,70-74,22813,10065,12748,16019,4949,11070,6794,5116,1678
22,408,rajnandgaon,Total,75-79,9722,4195,5527,6888,2079,4809,2834,2116,718
22,408,rajnandgaon,Total,80+,10439,4519,5920,6960,2212,4748,3479,2307,1172
22,408,rajnandgaon,Total,Age not stated,732,365,367,236,95,141,496,270,226
22,408,rajnandgaon,Rural,All ages,1264621,626212,638409,461695,174988,286707,802926,451224,351702
22,408,rajnandgaon,Rural,0-6,177564,89103,88461,177564,89103,88461,0,0,0
22,408,rajnandgaon,Rural,7,26640,13218,13422,7148,3432,3716,19492,9786,9706
22,408,rajnandgaon,Rural,8,28175,14208,13967,2443,1220,1223,25732,12988,12744
22,408,rajnandgaon,Rural,9,26601,13409,13192,1210,609,601,25391,12800,12591
22,408,rajnandgaon,Rural,10,30701,15458,15243,1483,728,755,29218,14730,14488
22,408,rajnandgaon,Rural,11,31259,15512,15747,866,422,444,30393,15090,15303
22,408,rajnandgaon,Rural,12,29585,14772,14813,861,403,458,28724,14369,14355
22,408,rajnandgaon,Rural,13,28030,13924,14106,793,345,448,27237,13579,13658
22,408,rajnandgaon,Rural,14,27699,13708,13991,826,356,470,26873,13352,13521
22,408,rajnandgaon,Rural,15,26362,13029,13333,1074,439,635,25288,12590,12698
22,408,rajnandgaon,Rural,16,27103,13418,13685,1115,483,632,25988,12935,13053
22,408,rajnandgaon,Rural,17,24537,12116,12421,976,357,619,23561,11759,11802
22,408,rajnandgaon,Rural,18,27707,13436,14271,1435,509,926,26272,12927,13345
22,408,rajnandgaon,Rural,19,22806,10933,11873,1210,390,820,21596,10543,11053
22,408,rajnandgaon,Rural,20-24,117130,58769,58361,9308,2860,6448,107822,55909,51913
22,408,rajnandgaon,Rural,25-29,96231,49635,46596,13198,3716,9482,83033,45919,37114
22,408,rajnandgaon,Rural,30-34,88463,42745,45718,20143,4893,15250,68320,37852,30468
22,408,rajnandgaon,Rural,35-39,89004,43873,45131,29385,7236,22149,59619,36637,22982
22,408,rajnandgaon,Rural,40-44,82522,41412,41110,35802,10000,25802,46720,31412,15308
22,408,rajnandgaon,Rural,45-49,67108,34750,32358,34412,11075,23337,32696,23675,9021
22,408,rajnandgaon,Rural,50-54,50268,25021,25247,27940,8687,19253,22328,16334,5994
22,408,rajnandgaon,Rural,55-59,40933,19837,21096,23802,6850,16952,17131,12987,4144
22,408,rajnandgaon,Rural,60-64,36896,16956,19940,24150,6985,17165,12746,9971,2775
22,408,rajnandgaon,Rural,65-69,26040,11463,14577,18504,5516,12988,7536,5947,1589
22,408,rajnandgaon,Rural,70-74,18541,8196,10345,13987,4473,9514,4554,3723,831
22,408,rajnandgaon,Rural,75-79,7745,3321,4424,5937,1851,4086,1808,1470,338
22,408,rajnandgaon,Rural,80+,8329,3664,4665,5914,1969,3945,2415,1695,720
22,408,rajnandgaon,Rural,Age not stated,642,326,316,209,81,128,433,245,188
22,408,rajnandgaon,Urban,All ages,272512,136643,135869,67059,26512,40547,205453,110131,95322
22,408,rajnandgaon,Urban,0-6,32011,16405,15606,32011,16405,15606,0,0,0
22,408,rajnandgaon,Urban,7,4957,2435,2522,828,429,399,4129,2006,2123
22,408,rajnandgaon,Urban,8,4892,2506,2386,277,159,118,4615,2347,2268
22,408,rajnandgaon,Urban,9,4506,2344,2162,191,98,93,4315,2246,2069
22,408,rajnandgaon,Urban,10,5388,2750,2638,291,165,126,5097,2585,2512
22,408,rajnandgaon,Urban,11,5110,2579,2531,146,75,71,4964,2504,2460
22,408,rajnandgaon,Urban,12,5272,2646,2626,147,65,82,5125,2581,2544
22,408,rajnandgaon,Urban,13,5056,2542,2514,126,61,65,4930,2481,2449
22,408,rajnandgaon,Urban,14,5145,2627,2518,168,97,71,4977,2530,2447
22,408,rajnandgaon,Urban,15,5181,2672,2509,174,81,93,5007,2591,2416
22,408,rajnandgaon,Urban,16,5423,2778,2645,202,105,97,5221,2673,2548
22,408,rajnandgaon,Urban,17,5183,2584,2599,165,75,90,5018,2509,2509
22,408,rajnandgaon,Urban,18,6023,3146,2877,249,133,116,5774,3013,2761
22,408,rajnandgaon,Urban,19,5148,2512,2636,202,84,118,4946,2428,2518
22,408,rajnandgaon,Urban,20-24,27697,13810,13887,1448,535,913,26249,13275,12974
22,408,rajnandgaon,Urban,25-29,23793,12003,11790,1808,643,1165,21985,11360,10625
22,408,rajnandgaon,Urban,30-34,21772,10873,10899,2345,695,1650,19427,10178,9249
22,408,rajnandgaon,Urban,35-39,20582,10336,10246,3251,898,2353,17331,9438,7893
22,408,rajnandgaon,Urban,40-44,18809,9581,9228,3778,1009,2769,15031,8572,6459
22,408,rajnandgaon,Urban,45-49,16158,8355,7803,3762,1124,2638,12396,7231,5165
22,408,rajnandgaon,Urban,50-54,12166,6219,5947,3161,852,2309,9005,5367,3638
22,408,rajnandgaon,Urban,55-59,9453,4754,4699,2616,581,2035,6837,4173,2664
22,408,rajnandgaon,Urban,60-64,8346,3876,4470,3090,612,2478,5256,3264,1992
22,408,rajnandgaon,Urban,65-69,5992,2673,3319,2567,570,1997,3425,2103,1322
22,408,rajnandgaon,Urban,70-74,4272,1869,2403,2032,476,1556,2240,1393,847
22,408,rajnandgaon,Urban,75-79,1977,874,1103,951,228,723,1026,646,380
22,408,rajnandgaon,Urban,80+,2110,855,1255,1046,243,803,1064,612,452
22,408,rajnandgaon,Urban,Age not stated,90,39,51,27,14,13,63,25,38
22,409,durg,Total,All ages,3343872,1682101,1661771,1040494,397489,643005,2303378,1284612,1018766
22,409,durg,Total,0-6,430536,219341,211195,430536,219341,211195,0,0,0
22,409,durg,Total,7,63531,32158,31373,16809,8420,8389,46722,23738,22984
22,409,durg,Total,8,66955,34054,32901,5822,2774,3048,61133,31280,29853
22,409,durg,Total,9,63479,32344,31135,3008,1448,1560,60471,30896,29575
22,409,durg,Total,10,74867,38205,36662,3640,1810,1830,71227,36395,34832
22,409,durg,Total,11,71738,36528,35210,1908,912,996,69830,35616,34214
22,409,durg,Total,12,71118,36196,34922,1956,905,1051,69162,35291,33871
22,409,durg,Total,13,69945,35217,34728,1747,771,976,68198,34446,33752
22,409,durg,Total,14,69803,35177,34626,2066,878,1188,67737,34299,33438
22,409,durg,Total,15,69041,34990,34051,2733,1145,1588,66308,33845,32463
22,409,durg,Total,16,70248,35453,34795,2715,1100,1615,67533,34353,33180
22,409,durg,Total,17,66831,34041,32790,2455,960,1495,64376,33081,31295
22,409,durg,Total,18,76747,39821,36926,3734,1398,2336,73013,38423,34590
22,409,durg,Total,19,61350,31216,30134,2813,926,1887,58537,30290,28247
22,409,durg,Total,20-24,321621,162131,159490,22233,6205,16028,299388,155926,143462
22,409,durg,Total,25-29,272022,138669,133353,29343,8044,21299,242679,130625,112054
22,409,durg,Total,30-34,243075,118958,124117,41803,9653,32150,201272,109305,91967
22,409,durg,Total,35-39,245796,121355,124441,61649,15159,46490,184147,106196,77951
22,409,durg,Total,40-44,223704,114003,109701,73020,20301,52719,150684,93702,56982
22,409,durg,Total,45-49,185666,97056,88610,70340,21805,48535,115326,75251,40075
22,409,durg,Total,50-54,138932,71283,67649,56722,16730,39992,82210,54553,27657
22,409,durg,Total,55-59,110461,55341,55120,47515,12497,35018,62946,42844,20102
22,409,durg,Total,60-64,100878,47647,53231,51367,13773,37594,49511,33874,15637
22,409,durg,Total,65-69,72702,32342,40360,41524,10928,30596,31178,21414,9764
22,409,durg,Total,70-74,52831,25259,27572,32398,10044,22354,20433,15215,5218
22,409,durg,Total,75-79,24015,11527,12488,14687,4491,10196,9328,7036,2292
22,409,durg,Total,80+,23837,10698,13139,15187,4755,10432,8650,5943,2707
22,409,durg,Total,Age not stated,2143,1091,1052,764,316,448,1379,775,604
22,409,durg,Rural,All ages,2059107,1026152,1032955,728954,273932,455022,1330153,752220,577933
22,409,durg,Rural,0-6,282829,143385,139444,282829,143385,139444,0,0,0
22,409,durg,Rural,7,40902,20544,20358,12546,6217,6329,28356,14327,14029
22,409,durg,Rural,8,44309,22280,22029,4449,2102,2347,39860,20178,19682
22,409,durg,Rural,9,42253,21307,20946,2209,1049,1160,40044,20258,19786
22,409,durg,Rural,10,49558,25096,24462,2572,1230,1342,46986,23866,23120
22,409,durg,Rural,11,47947,24037,23910,1315,609,706,46632,23428,23204
22,409,durg,Rural,12,46577,23441,23136,1347,585,762,45230,22856,22374
22,409,durg,Rural,13,45722,22830,22892,1174,486,688,44548,22344,22204
22,409,durg,Rural,14,44993,22462,22531,1412,576,836,43581,21886,21695
22,409,durg,Rural,15,43649,21874,21775,1867,753,1114,41782,21121,20661
22,409,durg,Rural,16,44810,22379,22431,1878,727,1151,42932,21652,21280
22,409,durg,Rural,17,41845,21002,20843,1629,603,1026,40216,20399,19817
22,409,durg,Rural,18,47305,24418,22887,2501,864,1637,44804,23554,21250
22,409,durg,Rural,19,36753,18575,18178,1898,579,1319,34855,17996,16859
22,409,durg,Rural,20-24,188902,95192,93710,15335,3954,11381,173567,91238,82329
22,409,durg,Rural,25-29,157172,80480,76692,20304,5240,15064,136868,75240,61628
22,409,durg,Rural,30-34,142895,68983,73912,29995,6472,23523,112900,62511,50389
22,409,durg,Rural,35-39,145548,71884,73664,45122,10856,34266,100426,61028,39398
22,409,durg,Rural,40-44,130564,65487,65077,53940,14928,39012,76624,50559,26065
22,409,durg,Rural,45-49,108190,56011,52179,51288,16181,35107,56902,39830,17072
22,409,durg,Rural,50-54,81655,40854,40801,41363,12479,28884,40292,28375,11917
22,409,durg,Rural,55-59,66894,32406,34488,34811,9382,25429,32083,23024,9059
22,409,durg,Rural,60-64,63536,29728,33808,38009,10569,27440,25527,19159,6368
22,409,durg,Rural,65-69,46888,20582,26306,31322,8603,22719,15566,11979,3587
22,409,durg,Rural,70-74,34221,15755,18466,24537,7869,16668,9684,7886,1798
22,409,durg,Rural,75-79,15681,7159,8522,11291,3601,7690,4390,3558,832
22,409,durg,Rural,80+,16043,7243,8800,11425,3794,7631,4618,3449,1169
22,409,durg,Rural,Age not stated,1466,758,708,586,239,347,880,519,361
22,409,durg,Urban,All ages,1284765,655949,628816,311540,123557,187983,973225,532392,440833
22,409,durg,Urban,0-6,147707,75956,71751,147707,75956,71751,0,0,0
22,409,durg,Urban,7,22629,11614,11015,4263,2203,2060,18366,9411,8955
22,409,durg,Urban,8,22646,11774,10872,1373,672,701,21273,11102,10171
22,409,durg,Urban,9,21226,11037,10189,799,399,400,20427,10638,9789
22,409,durg,Urban,10,25309,13109,12200,1068,580,488,24241,12529,11712
22,409,durg,Urban,11,23791,12491,11300,593,303,290,23198,12188,11010
22,409,durg,Urban,12,24541,12755,11786,609,320,289,23932,12435,11497
22,409,durg,Urban,13,24223,12387,11836,573,285,288,23650,12102,11548
22,409,durg,Urban,14,24810,12715,12095,654,302,352,24156,12413,11743
22,409,durg,Urban,15,25392,13116,12276,866,392,474,24526,12724,11802
22,409,durg,Urban,16,25438,13074,12364,837,373,464,24601,12701,11900
22,409,durg,Urban,17,24986,13039,11947,826,357,469,24160,12682,11478
22,409,durg,Urban,18,29442,15403,14039,1233,534,699,28209,14869,13340
22,409,durg,Urban,19,24597,12641,11956,915,347,568,23682,12294,11388
22,409,durg,Urban,20-24,132719,66939,65780,6898,2251,4647,125821,64688,61133
22,409,durg,Urban,25-29,114850,58189,56661,9039,2804,6235,105811,55385,50426
22,409,durg,Urban,30-34,100180,49975,50205,11808,3181,8627,88372,46794,41578
22,409,durg,Urban,35-39,100248,49471,50777,16527,4303,12224,83721,45168,38553
22,409,durg,Urban,40-44,93140,48516,44624,19080,5373,13707,74060,43143,30917
22,409,durg,Urban,45-49,77476,41045,36431,19052,5624,13428,58424,35421,23003
22,409,durg,Urban,50-54,57277,30429,26848,15359,4251,11108,41918,26178,15740
22,409,durg,Urban,55-59,43567,22935,20632,12704,3115,9589,30863,19820,11043
22,409,durg,Urban,60-64,37342,17919,19423,13358,3204,10154,23984,14715,9269
22,409,durg,Urban,65-69,25814,11760,14054,10202,2325,7877,15612,9435,6177
22,409,durg,Urban,70-74,18610,9504,9106,7861,2175,5686,10749,7329,3420
22,409,durg,Urban,75-79,8334,4368,3966,3396,890,2506,4938,3478,1460
22,409,durg,Urban,80+,7794,3455,4339,3762,961,2801,4032,2494,1538
22,409,durg,Urban,Age not stated,677,333,344,178,77,101,499,256,243
22,410,raipur,Total,All ages,4063872,2048186,2015686,1434123,555028,879095,2629749,1493158,1136591
22,410,raipur,Total,0-6,583382,296441,286941,583382,296441,286941,0,0,0
22,410,raipur,Total,7,82785,42031,40754,23493,11605,11888,59292,30426,28866
22,410,raipur,Total,8,85809,43688,42121,10008,4925,5083,75801,38763,37038
22,410,raipur,Total,9,81392,41274,40118,5515,2687,2828,75877,38587,37290
22,410,raipur,Total,10,100046,51350,48696,6720,3309,3411,93326,48041,45285
22,410,raipur,Total,11,93025,47574,45451,3891,1846,2045,89134,45728,43406
22,410,raipur,Total,12,93863,47889,45974,4242,1866,2376,89621,46023,43598
22,410,raipur,Total,13,87153,43707,43446,3592,1517,2075,83561,42190,41371
22,410,raipur,Total,14,87869,44469,43400,4096,1676,2420,83773,42793,40980
22,410,raipur,Total,15,88315,44755,43560,5670,2316,3354,82645,42439,40206
22,410,raipur,Total,16,88286,44066,44220,5692,2130,3562,82594,41936,40658
22,410,raipur,Total,17,80320,40873,39447,5101,1868,3233,75219,39005,36214
22,410,raipur,Total,18,96229,50117,46112,7957,2860,5097,88272,47257,41015
22,410,raipur,Total,19,75917,38323,37594,6168,1869,4299,69749,36454,33295
22,410,raipur,Total,20-24,387787,194390,193397,45307,12366,32941,342480,182024,160456
22,410,raipur,Total,25-29,342121,173600,168521,59222,16555,42667,282899,157045,125854
22,410,raipur,Total,30-34,300993,150199,150794,73652,18809,54843,227341,131390,95951
22,410,raipur,Total,35-39,287984,145597,142387,92898,24904,67994,195086,120693,74393
22,410,raipur,Total,40-44,246581,125239,121342,96753,28043,68710,149828,97196,52632
22,410,raipur,Total,45-49,202597,107227,95370,87137,28827,58310,115460,78400,37060
22,410,raipur,Total,50-54,146332,75026,71306,66424,20791,45633,79908,54235,25673
22,410,raipur,Total,55-59,116483,57349,59134,55782,15295,40487,60701,42054,18647
22,410,raipur,Total,60-64,109413,51291,58122,60591,16369,44222,48822,34922,13900
22,410,raipur,Total,65-69,80546,36846,43700,48512,13487,35025,32034,23359,8675
22,410,raipur,Total,70-74,54610,25227,29383,35520,10986,24534,19090,14241,4849
22,410,raipur,Total,75-79,25159,11449,13710,16006,4791,11215,9153,6658,2495
22,410,raipur,Total,80+,27641,12247,15394,17337,5427,11910,10304,6820,3484
22,410,raipur,Total,Age not stated,11234,5942,5292,3455,1463,1992,7779,4479,3300
22,410,raipur,Rural,All ages,2580583,1288567,1292016,1034869,390269,644600,1545714,898298,647416
22,410,raipur,Rural,0-6,387005,195416,191589,387005,195416,191589,0,0,0
22,410,raipur,Rural,7,53378,26810,26568,16997,8257,8740,36381,18553,17828
22,410,raipur,Rural,8,57378,28959,28419,7286,3537,3749,50092,25422,24670
22,410,raipur,Rural,9,55008,27627,27381,3945,1865,2080,51063,25762,25301
22,410,raipur,Rural,10,67770,34598,33172,4704,2257,2447,63066,32341,30725
22,410,raipur,Rural,11,63534,32297,31237,2755,1244,1511,60779,31053,29726
22,410,raipur,Rural,12,63639,32234,31405,2987,1246,1741,60652,30988,29664
22,410,raipur,Rural,13,59219,29452,29767,2581,1023,1558,56638,28429,28209
22,410,raipur,Rural,14,59251,29876,29375,2973,1143,1830,56278,28733,27545
22,410,raipur,Rural,15,59271,29822,29449,4126,1586,2540,55145,28236,26909
22,410,raipur,Rural,16,59270,29234,30036,4196,1443,2753,55074,27791,27283
22,410,raipur,Rural,17,52887,26574,26313,3746,1291,2455,49141,25283,23858
22,410,raipur,Rural,18,63212,32534,30678,5821,1944,3877,57391,30590,26801
22,410,raipur,Rural,19,47777,24020,23757,4426,1249,3177,43351,22771,20580
22,410,raipur,Rural,20-24,234038,117928,116110,33231,8425,24806,200807,109503,91304
22,410,raipur,Rural,25-29,198963,101540,97423,43218,11548,31670,155745,89992,65753
22,410,raipur,Rural,30-34,176304,86395,89909,55111,13588,41523,121193,72807,48386
22,410,raipur,Rural,35-39,173237,86427,86810,69753,18441,51312,103484,67986,35498
22,410,raipur,Rural,40-44,151135,75096,76039,73913,21111,52802,77222,53985,23237
22,410,raipur,Rural,45-49,124702,65699,59003,66765,22300,44465,57937,43399,14538
22,410,raipur,Rural,50-54,90082,45338,44744,51218,16154,35064,38864,29184,9680
22,410,raipur,Rural,55-59,74681,35922,38759,43780,12170,31610,30901,23752,7149
22,410,raipur,Rural,60-64,73689,33511,40178,48292,13271,35021,25397,20240,5157
22,410,raipur,Rural,65-69,56860,25516,31344,39513,11275,28238,17347,14241,3106
22,410,raipur,Rural,70-74,38384,17573,20811,28537,9235,19302,9847,8338,1509
22,410,raipur,Rural,75-79,17095,7601,9494,12883,4039,8844,4212,3562,650
22,410,raipur,Rural,80+,18384,8275,10109,13382,4484,8898,5002,3791,1211
22,410,raipur,Rural,Age not stated,4430,2293,2137,1725,727,998,2705,1566,1139
22,410,raipur,Urban,All ages,1483289,759619,723670,399254,164759,234495,1084035,594860,489175
22,410,raipur,Urban,0-6,196377,101025,95352,196377,101025,95352,0,0,0
22,410,raipur,Urban,7,29407,15221,14186,6496,3348,3148,22911,11873,11038
22,410,raipur,Urban,8,28431,14729,13702,2722,1388,1334,25709,13341,12368
22,410,raipur,Urban,9,26384,13647,12737,1570,822,748,24814,12825,11989
22,410,raipur,Urban,10,32276,16752,15524,2016,1052,964,30260,15700,14560
22,410,raipur,Urban,11,29491,15277,14214,1136,602,534,28355,14675,13680
22,410,raipur,Urban,12,30224,15655,14569,1255,620,635,28969,15035,13934
22,410,raipur,Urban,13,27934,14255,13679,1011,494,517,26923,13761,13162
22,410,raipur,Urban,14,28618,14593,14025,1123,533,590,27495,14060,13435
22,410,raipur,Urban,15,29044,14933,14111,1544,730,814,27500,14203,13297
22,410,raipur,Urban,16,29016,14832,14184,1496,687,809,27520,14145,13375
22,410,raipur,Urban,17,27433,14299,13134,1355,577,778,26078,13722,12356
22,410,raipur,Urban,18,33017,17583,15434,2136,916,1220,30881,16667,14214
22,410,raipur,Urban,19,28140,14303,13837,1742,620,1122,26398,13683,12715
22,410,raipur,Urban,20-24,153749,76462,77287,12076,3941,8135,141673,72521,69152
22,410,raipur,Urban,25-29,143158,72060,71098,16004,5007,10997,127154,67053,60101
22,410,raipur,Urban,30-34,124689,63804,60885,18541,5221,13320,106148,58583,47565
22,410,raipur,Urban,35-39,114747,59170,55577,23145,6463,16682,91602,52707,38895
22,410,raipur,Urban,40-44,95446,50143,45303,22840,6932,15908,72606,43211,29395
22,410,raipur,Urban,45-49,77895,41528,36367,20372,6527,13845,57523,35001,22522
22,410,raipur,Urban,50-54,56250,29688,26562,15206,4637,10569,41044,25051,15993
22,410,raipur,Urban,55-59,41802,21427,20375,12002,3125,8877,29800,18302,11498
22,410,raipur,Urban,60-64,35724,17780,17944,12299,3098,9201,23425,14682,8743
22,410,raipur,Urban,65-69,23686,11330,12356,8999,2212,6787,14687,9118,5569
22,410,raipur,Urban,70-74,16226,7654,8572,6983,1751,5232,9243,5903,3340
22,410,raipur,Urban,75-79,8064,3848,4216,3123,752,2371,4941,3096,1845
22,410,raipur,Urban,80+,9257,3972,5285,3955,943,3012,5302,3029,2273
22,410,raipur,Urban,Age not stated,6804,3649,3155,1730,736,994,5074,2913,2161
22,411,mahasamund,Total,All ages,1032754,511967,520787,394791,147878,246913,637963,364089,273874
22,411,mahasamund,Total,0-6,134448,68207,66241,134448,68207,66241,0,0,0
22,411,mahasamund,Total,7,19127,9621,9506,5960,2961,2999,13167,6660,6507
22,411,mahasamund,Total,8,20303,10361,9942,1980,985,995,18323,9376,8947
22,411,mahasamund,Total,9,18904,9611,9293,922,469,453,17982,9142,8840
22,411,mahasamund,Total,10,24214,12348,11866,1111,553,558,23103,11795,11308
22,411,mahasamund,Total,11,22933,11655,11278,602,284,318,22331,11371,10960
22,411,mahasamund,Total,12,22768,11355,11413,754,344,410,22014,11011,11003
22,411,mahasamund,Total,13,21386,10590,10796,627,273,354,20759,10317,10442
22,411,mahasamund,Total,14,22479,11195,11284,781,331,450,21698,10864,10834
22,411,mahasamund,Total,15,22858,11469,11389,1101,443,658,21757,11026,10731
22,411,mahasamund,Total,16,23149,11532,11617,1137,434,703,22012,11098,10914
22,411,mahasamund,Total,17,20185,10091,10094,1000,376,624,19185,9715,9470
22,411,mahasamund,Total,18,24495,12427,12068,1692,558,1134,22803,11869,10934
22,411,mahasamund,Total,19,18014,9088,8926,1162,341,821,16852,8747,8105
22,411,mahasamund,Total,20-24,90455,45250,45205,9790,2497,7293,80665,42753,37912
22,411,mahasamund,Total,25-29,76826,38471,38355,13949,3627,10322,62877,34844,28033
22,411,mahasamund,Total,30-34,72223,34516,37707,19849,4716,15133,52374,29800,22574
22,411,mahasamund,Total,35-39,74757,36805,37952,28013,7539,20474,46744,29266,17478
22,411,mahasamund,Total,40-44,67594,33378,34216,30834,9264,21570,36760,24114,12646
22,411,mahasamund,Total,45-49,57435,29914,27521,28411,9638,18773,29024,20276,8748
22,411,mahasamund,Total,50-54,43155,21687,21468,22928,7340,15588,20227,14347,5880
22,411,mahasamund,Total,55-59,36625,17719,18906,20406,5946,14460,16219,11773,4446
22,411,mahasamund,Total,60-64,35128,16110,19018,22278,6523,15755,12850,9587,3263
22,411,mahasamund,Total,65-69,27207,12228,14979,18618,5533,13085,8589,6695,1894
22,411,mahasamund,Total,70-74,18778,8666,10112,13788,4621,9167,4990,4045,945
22,411,mahasamund,Total,75-79,8257,3628,4629,6112,1892,4220,2145,1736,409
22,411,mahasamund,Total,80+,8676,3842,4834,6427,2140,4287,2249,1702,547
22,411,mahasamund,Total,Age not stated,375,203,172,111,43,68,264,160,104
22,411,mahasamund,Rural,All ages,912602,451691,460911,360535,134520,226015,552067,317171,234896
22,411,mahasamund,Rural,0-6,119269,60428,58841,119269,60428,58841,0,0,0
22,411,mahasamund,Rural,7,16843,8489,8354,5458,2708,2750,11385,5781,5604
22,411,mahasamund,Rural,8,17988,9179,8809,1774,879,895,16214,8300,7914
22,411,mahasamund,Rural,9,16889,8548,8341,811,409,402,16078,8139,7939
22,411,mahasamund,Rural,10,21492,10963,10529,938,456,482,20554,10507,10047
22,411,mahasamund,Rural,11,20573,10449,10124,520,242,278,20053,10207,9846
22,411,mahasamund,Rural,12,20252,10078,10174,621,272,349,19631,9806,9825
22,411,mahasamund,Rural,13,19039,9405,9634,531,220,311,18508,9185,9323
22,411,mahasamund,Rural,14,20046,10009,10037,681,291,390,19365,9718,9647
22,411,mahasamund,Rural,15,20343,10167,10176,964,382,582,19379,9785,9594
22,411,mahasamund,Rural,16,20495,10175,10320,997,386,611,19498,9789,9709
22,411,mahasamund,Rural,17,17789,8904,8885,890,328,562,16899,8576,8323
22,411,mahasamund,Rural,18,21655,10954,10701,1487,476,1011,20168,10478,9690
22,411,mahasamund,Rural,19,15758,7998,7760,1036,295,741,14722,7703,7019
22,411,mahasamund,Rural,20-24,78441,39271,39170,8720,2172,6548,69721,37099,32622
22,411,mahasamund,Rural,25-29,66438,33240,33198,12688,3251,9437,53750,29989,23761
22,411,mahasamund,Rural,30-34,62851,29861,32990,18338,4332,14006,44513,25529,18984
22,411,mahasamund,Rural,35-39,65990,32488,33502,26071,7031,19040,39919,25457,14462
22,411,mahasamund,Rural,40-44,59742,29496,30246,28694,8670,20024,31048,20826,10222
22,411,mahasamund,Rural,45-49,50540,26326,24214,26414,9027,17387,24126,17299,6827
22,411,mahasamund,Rural,50-54,37937,18946,18991,21364,6919,14445,16573,12027,4546
22,411,mahasamund,Rural,55-59,32743,15752,16991,19134,5619,13515,13609,10133,3476
22,411,mahasamund,Rural,60-64,31744,14472,17272,20845,6165,14680,10899,8307,2592
22,411,mahasamund,Rural,65-69,24854,11140,13714,17532,5264,12268,7322,5876,1446
22,411,mahasamund,Rural,70-74,17235,7978,9257,12942,4405,8537,4293,3573,720
22,411,mahasamund,Rural,75-79,7525,3303,4222,5750,1812,3938,1775,1491,284
22,411,mahasamund,Rural,80+,7842,3514,4328,5980,2046,3934,1862,1468,394
22,411,mahasamund,Rural,Age not stated,289,158,131,86,35,51,203,123,80
22,411,mahasamund,Urban,All ages,120152,60276,59876,34256,13358,20898,85896,46918,38978
22,411,mahasamund,Urban,0-6,15179,7779,7400,15179,7779,7400,0,0,0
22,411,mahasamund,Urban,7,2284,1132,1152,502,253,249,1782,879,903
22,411,mahasamund,Urban,8,2315,1182,1133,206,106,100,2109,1076,1033
22,411,mahasamund,Urban,9,2015,1063,952,111,60,51,1904,1003,901
22,411,mahasamund,Urban,10,2722,1385,1337,173,97,76,2549,1288,1261
22,411,mahasamund,Urban,11,2360,1206,1154,82,42,40,2278,1164,1114
22,411,mahasamund,Urban,12,2516,1277,1239,133,72,61,2383,1205,1178
22,411,mahasamund,Urban,13,2347,1185,1162,96,53,43,2251,1132,1119
22,411,mahasamund,Urban,14,2433,1186,1247,100,40,60,2333,1146,1187
22,411,mahasamund,Urban,15,2515,1302,1213,137,61,76,2378,1241,1137
22,411,mahasamund,Urban,16,2654,1357,1297,140,48,92,2514,1309,1205
22,411,mahasamund,Urban,17,2396,1187,1209,110,48,62,2286,1139,1147
22,411,mahasamund,Urban,18,2840,1473,1367,205,82,123,2635,1391,1244
22,411,mahasamund,Urban,19,2256,1090,1166,126,46,80,2130,1044,1086
22,411,mahasamund,Urban,20-24,12014,5979,6035,1070,325,745,10944,5654,5290
22,411,mahasamund,Urban,25-29,10388,5231,5157,1261,376,885,9127,4855,4272
22,411,mahasamund,Urban,30-34,9372,4655,4717,1511,384,1127,7861,4271,3590
22,411,mahasamund,Urban,35-39,8767,4317,4450,1942,508,1434,6825,3809,3016
22,411,mahasamund,Urban,40-44,7852,3882,3970,2140,594,1546,5712,3288,2424
22,411,mahasamund,Urban,45-49,6895,3588,3307,1997,611,1386,4898,2977,1921
22,411,mahasamund,Urban,50-54,5218,2741,2477,1564,421,1143,3654,2320,1334
22,411,mahasamund,Urban,55-59,3882,1967,1915,1272,327,945,2610,1640,970
22,411,mahasamund,Urban,60-64,3384,1638,1746,1433,358,1075,1951,1280,671
22,411,mahasamund,Urban,65-69,2353,1088,1265,1086,269,817,1267,819,448
22,411,mahasamund,Urban,70-74,1543,688,855,846,216,630,697,472,225
22,411,mahasamund,Urban,75-79,732,325,407,362,80,282,370,245,125
22,411,mahasamund,Urban,80+,834,328,506,447,94,353,387,234,153
22,411,mahasamund,Urban,Age not stated,86,45,41,25,8,17,61,37,24
22,412,dhamtari,Total,All ages,799781,397897,401884,252948,93973,158975,546833,303924,242909
22,412,dhamtari,Total,0-6,101909,51652,50257,101909,51652,50257,0,0,0
22,412,dhamtari,Total,7,14966,7463,7503,3229,1639,1590,11737,5824,5913
22,412,dhamtari,Total,8,15687,7772,7915,870,438,432,14817,7334,7483
22,412,dhamtari,Total,9,15166,7515,7651,460,238,222,14706,7277,7429
22,412,dhamtari,Total,10,17534,8859,8675,542,272,270,16992,8587,8405
22,412,dhamtari,Total,11,17351,8675,8676,304,158,146,17047,8517,8530
22,412,dhamtari,Total,12,17435,8647,8788,281,129,152,17154,8518,8636
22,412,dhamtari,Total,13,16792,8297,8495,262,119,143,16530,8178,8352
22,412,dhamtari,Total,14,17448,8744,8704,313,145,168,17135,8599,8536
22,412,dhamtari,Total,15,16685,8455,8230,443,223,220,16242,8232,8010
22,412,dhamtari,Total,16,17794,8923,8871,444,226,218,17350,8697,8653
22,412,dhamtari,Total,17,16406,8270,8136,384,162,222,16022,8108,7914
22,412,dhamtari,Total,18,18767,9509,9258,666,295,371,18101,9214,8887
22,412,dhamtari,Total,19,15224,7406,7818,573,214,359,14651,7192,7459
22,412,dhamtari,Total,20-24,77438,38650,38788,4607,1418,3189,72831,37232,35599
22,412,dhamtari,Total,25-29,64523,32920,31603,6867,1988,4879,57656,30932,26724
22,412,dhamtari,Total,30-34,58296,28588,29708,10522,2590,7932,47774,25998,21776
22,412,dhamtari,Total,35-39,58757,29434,29323,15969,4029,11940,42788,25405,17383
22,412,dhamtari,Total,40-44,51551,25512,26039,19096,5046,14050,32455,20466,11989
22,412,dhamtari,Total,45-49,44417,23223,21194,18396,5642,12754,26021,17581,8440
22,412,dhamtari,Total,50-54,32419,16323,16096,14405,4000,10405,18014,12323,5691
22,412,dhamtari,Total,55-59,26652,13062,13590,12480,3096,9384,14172,9966,4206
22,412,dhamtari,Total,60-64,24210,11268,12942,13264,3245,10019,10946,8023,2923
22,412,dhamtari,Total,65-69,17778,7855,9923,10802,2697,8105,6976,5158,1818
22,412,dhamtari,Total,70-74,12555,5568,6987,8212,2190,6022,4343,3378,965
22,412,dhamtari,Total,75-79,5909,2650,3259,3807,1018,2789,2102,1632,470
22,412,dhamtari,Total,80+,5906,2550,3356,3781,1081,2700,2125,1469,656
22,412,dhamtari,Total,Age not stated,206,107,99,60,23,37,146,84,62
22,412,dhamtari,Rural,All ages,650586,323420,327166,214761,79370,135391,435825,244050,191775
22,412,dhamtari,Rural,0-6,84459,42786,41673,84459,42786,41673,0,0,0
22,412,dhamtari,Rural,7,12306,6122,6184,2699,1363,1336,9607,4759,4848
22,412,dhamtari,Rural,8,12977,6431,6546,714,357,357,12263,6074,6189
22,412,dhamtari,Rural,9,12602,6259,6343,372,199,173,12230,6060,6170
22,412,dhamtari,Rural,10,14433,7231,7202,413,203,210,14020,7028,6992
22,412,dhamtari,Rural,11,14394,7177,7217,236,122,114,14158,7055,7103
22,412,dhamtari,Rural,12,14435,7172,7263,228,108,120,14207,7064,7143
22,412,dhamtari,Rural,13,13766,6786,6980,204,87,117,13562,6699,6863
22,412,dhamtari,Rural,14,14385,7208,7177,236,109,127,14149,7099,7050
22,412,dhamtari,Rural,15,13630,6882,6748,357,179,178,13273,6703,6570
22,412,dhamtari,Rural,16,14642,7312,7330,329,158,171,14313,7154,7159
22,412,dhamtari,Rural,17,13441,6735,6706,304,128,176,13137,6607,6530
22,412,dhamtari,Rural,18,15408,7770,7638,552,241,311,14856,7529,7327
22,412,dhamtari,Rural,19,12330,6006,6324,462,164,298,11868,5842,6026
22,412,dhamtari,Rural,20-24,62140,31025,31115,3797,1110,2687,58343,29915,28428
22,412,dhamtari,Rural,25-29,51590,26327,25263,5816,1639,4177,45774,24688,21086
22,412,dhamtari,Rural,30-34,46760,22921,23839,9046,2172,6874,37714,20749,16965
22,412,dhamtari,Rural,35-39,47280,23732,23548,13873,3448,10425,33407,20284,13123
22,412,dhamtari,Rural,40-44,41585,20492,21093,16709,4442,12267,24876,16050,8826
22,412,dhamtari,Rural,45-49,35671,18775,16896,15974,4946,11028,19697,13829,5868
22,412,dhamtari,Rural,50-54,25968,13025,12943,12496,3523,8973,13472,9502,3970
22,412,dhamtari,Rural,55-59,21633,10539,11094,10863,2755,8108,10770,7784,2986
22,412,dhamtari,Rural,60-64,19849,9183,10666,11544,2883,8661,8305,6300,2005
22,412,dhamtari,Rural,65-69,14794,6543,8251,9442,2416,7026,5352,4127,1225
22,412,dhamtari,Rural,70-74,10404,4624,5780,7137,1958,5179,3267,2666,601
22,412,dhamtari,Rural,75-79,4819,2192,2627,3277,906,2371,1542,1286,256
22,412,dhamtari,Rural,80+,4738,2087,2651,3180,953,2227,1558,1134,424
22,412,dhamtari,Rural,Age not stated,147,78,69,42,15,27,105,63,42
22,412,dhamtari,Urban,All ages,149195,74477,74718,38187,14603,23584,111008,59874,51134
22,412,dhamtari,Urban,0-6,17450,8866,8584,17450,8866,8584,0,0,0
22,412,dhamtari,Urban,7,2660,1341,1319,530,276,254,2130,1065,1065
22,412,dhamtari,Urban,8,2710,1341,1369,156,81,75,2554,1260,1294
22,412,dhamtari,Urban,9,2564,1256,1308,88,39,49,2476,1217,1259
22,412,dhamtari,Urban,10,3101,1628,1473,129,69,60,2972,1559,1413
22,412,dhamtari,Urban,11,2957,1498,1459,68,36,32,2889,1462,1427
22,412,dhamtari,Urban,12,3000,1475,1525,53,21,32,2947,1454,1493
22,412,dhamtari,Urban,13,3026,1511,1515,58,32,26,2968,1479,1489
22,412,dhamtari,Urban,14,3063,1536,1527,77,36,41,2986,1500,1486
22,412,dhamtari,Urban,15,3055,1573,1482,86,44,42,2969,1529,1440
22,412,dhamtari,Urban,16,3152,1611,1541,115,68,47,3037,1543,1494
22,412,dhamtari,Urban,17,2965,1535,1430,80,34,46,2885,1501,1384
22,412,dhamtari,Urban,18,3359,1739,1620,114,54,60,3245,1685,1560
22,412,dhamtari,Urban,19,2894,1400,1494,111,50,61,2783,1350,1433
22,412,dhamtari,Urban,20-24,15298,7625,7673,810,308,502,14488,7317,7171
22,412,dhamtari,Urban,25-29,12933,6593,6340,1051,349,702,11882,6244,5638
22,412,dhamtari,Urban,30-34,11536,5667,5869,1476,418,1058,10060,5249,4811
22,412,dhamtari,Urban,35-39,11477,5702,5775,2096,581,1515,9381,5121,4260
22,412,dhamtari,Urban,40-44,9966,5020,4946,2387,604,1783,7579,4416,3163
22,412,dhamtari,Urban,45-49,8746,4448,4298,2422,696,1726,6324,3752,2572
22,412,dhamtari,Urban,50-54,6451,3298,3153,1909,477,1432,4542,2821,1721
22,412,dhamtari,Urban,55-59,5019,2523,2496,1617,341,1276,3402,2182,1220
22,412,dhamtari,Urban,60-64,4361,2085,2276,1720,362,1358,2641,1723,918
22,412,dhamtari,Urban,65-69,2984,1312,1672,1360,281,1079,1624,1031,593
22,412,dhamtari,Urban,70-74,2151,944,1207,1075,232,843,1076,712,364
22,412,dhamtari,Urban,75-79,1090,458,632,530,112,418,560,346,214
22,412,dhamtari,Urban,80+,1168,463,705,601,128,473,567,335,232
22,412,dhamtari,Urban,Age not stated,59,29,30,18,8,10,41,21,20
22,413,uttar bastar kanker,Total,All ages,748941,373338,375603,292899,115040,177859,456042,258298,197744
22,413,uttar bastar kanker,Total,0-6,100099,50598,49501,100099,50598,49501,0,0,0
22,413,uttar bastar kanker,Total,7,15368,7827,7541,4329,2209,2120,11039,5618,5421
22,413,uttar bastar kanker,Total,8,16412,8372,8040,1836,861,975,14576,7511,7065
22,413,uttar bastar kanker,Total,9,15259,7584,7675,1038,478,560,14221,7106,7115
22,413,uttar bastar kanker,Total,10,17796,9084,8712,1237,581,656,16559,8503,8056
22,413,uttar bastar kanker,Total,11,15819,8030,7789,670,312,358,15149,7718,7431
22,413,uttar bastar kanker,Total,12,16721,8445,8276,855,336,519,15866,8109,7757
22,413,uttar bastar kanker,Total,13,15041,7572,7469,673,277,396,14368,7295,7073
22,413,uttar bastar kanker,Total,14,15253,7599,7654,824,354,470,14429,7245,7184
22,413,uttar bastar kanker,Total,15,15738,7986,7752,1128,432,696,14610,7554,7056
22,413,uttar bastar kanker,Total,16,15778,8020,7758,1133,478,655,14645,7542,7103
22,413,uttar bastar kanker,Total,17,13661,6920,6741,1016,391,625,12645,6529,6116
22,413,uttar bastar kanker,Total,18,17190,8693,8497,1721,606,1115,15469,8087,7382
22,413,uttar bastar kanker,Total,19,13701,6739,6962,1288,425,863,12413,6314,6099
22,413,uttar bastar kanker,Total,20-24,72327,35443,36884,9627,2957,6670,62700,32486,30214
22,413,uttar bastar kanker,Total,25-29,61435,31237,30198,12682,4010,8672,48753,27227,21526
22,413,uttar bastar kanker,Total,30-34,52959,26543,26416,15155,4608,10547,37804,21935,15869
22,413,uttar bastar kanker,Total,35-39,52546,26482,26064,19156,5917,13239,33390,20565,12825
22,413,uttar bastar kanker,Total,40-44,48545,23932,24613,22138,6770,15368,26407,17162,9245
22,413,uttar bastar kanker,Total,45-49,43553,22482,21071,22914,8264,14650,20639,14218,6421
22,413,uttar bastar kanker,Total,50-54,32143,16144,15999,18440,6515,11925,13703,9629,4074
22,413,uttar bastar kanker,Total,55-59,24828,12298,12530,14813,4962,9851,10015,7336,2679
22,413,uttar bastar kanker,Total,60-64,21061,9846,11215,14098,4625,9473,6963,5221,1742
22,413,uttar bastar kanker,Total,65-69,14673,6419,8254,10324,3118,7206,4349,3301,1048
22,413,uttar bastar kanker,Total,70-74,10485,4600,5885,7837,2493,5344,2648,2107,541
22,413,uttar bastar kanker,Total,75-79,4772,2022,2750,3596,1104,2492,1176,918,258
22,413,uttar bastar kanker,Total,80+,5488,2287,3201,4175,1330,2845,1313,957,356
22,413,uttar bastar kanker,Total,Age not stated,290,134,156,97,29,68,193,105,88
22,413,uttar bastar kanker,Rural,All ages,672180,335149,337031,275321,108086,167235,396859,227063,169796
22,413,uttar bastar kanker,Rural,0-6,91441,46191,45250,91441,46191,45250,0,0,0
22,413,uttar bastar kanker,Rural,7,13979,7142,6837,4102,2091,2011,9877,5051,4826
22,413,uttar bastar kanker,Rural,8,15013,7669,7344,1774,834,940,13239,6835,6404
22,413,uttar bastar kanker,Rural,9,13936,6956,6980,1003,465,538,12933,6491,6442
22,413,uttar bastar kanker,Rural,10,16271,8283,7988,1176,545,631,15095,7738,7357
22,413,uttar bastar kanker,Rural,11,14304,7323,6981,647,303,344,13657,7020,6637
22,413,uttar bastar kanker,Rural,12,15169,7682,7487,824,322,502,14345,7360,6985
22,413,uttar bastar kanker,Rural,13,13533,6861,6672,653,268,385,12880,6593,6287
22,413,uttar bastar kanker,Rural,14,13741,6911,6830,798,341,457,12943,6570,6373
22,413,uttar bastar kanker,Rural,15,14170,7218,6952,1089,414,675,13081,6804,6277
22,413,uttar bastar kanker,Rural,16,14189,7272,6917,1095,462,633,13094,6810,6284
22,413,uttar bastar kanker,Rural,17,12150,6175,5975,978,369,609,11172,5806,5366
22,413,uttar bastar kanker,Rural,18,15539,7885,7654,1674,585,1089,13865,7300,6565
22,413,uttar bastar kanker,Rural,19,12216,5997,6219,1248,406,842,10968,5591,5377
22,413,uttar bastar kanker,Rural,20-24,64209,31540,32669,9300,2831,6469,54909,28709,26200
22,413,uttar bastar kanker,Rural,25-29,54397,27712,26685,12224,3872,8352,42173,23840,18333
22,413,uttar bastar kanker,Rural,30-34,46691,23383,23308,14521,4414,10107,32170,18969,13201
22,413,uttar bastar kanker,Rural,35-39,46449,23424,23025,18324,5681,12643,28125,17743,10382
22,413,uttar bastar kanker,Rural,40-44,43012,21056,21956,21125,6499,14626,21887,14557,7330
22,413,uttar bastar kanker,Rural,45-49,38918,20102,18816,21795,7957,13838,17123,12145,4978
22,413,uttar bastar kanker,Rural,50-54,28632,14313,14319,17490,6250,11240,11142,8063,3079
22,413,uttar bastar kanker,Rural,55-59,22285,10975,11310,14075,4785,9290,8210,6190,2020
22,413,uttar bastar kanker,Rural,60-64,19226,8933,10293,13379,4434,8945,5847,4499,1348
22,413,uttar bastar kanker,Rural,65-69,13408,5834,7574,9772,3006,6766,3636,2828,808
22,413,uttar bastar kanker,Rural,70-74,9618,4238,5380,7383,2389,4994,2235,1849,386
22,413,uttar bastar kanker,Rural,75-79,4379,1847,2532,3422,1065,2357,957,782,175
22,413,uttar bastar kanker,Rural,80+,5045,2111,2934,3919,1280,2639,1126,831,295
22,413,uttar bastar kanker,Rural,Age not stated,260,116,144,90,27,63,170,89,81
22,413,uttar bastar kanker,Urban,All ages,76761,38189,38572,17578,6954,10624,59183,31235,27948
22,413,uttar bastar kanker,Urban,0-6,8658,4407,4251,8658,4407,4251,0,0,0
22,413,uttar bastar kanker,Urban,7,1389,685,704,227,118,109,1162,567,595
22,413,uttar bastar kanker,Urban,8,1399,703,696,62,27,35,1337,676,661
22,413,uttar bastar kanker,Urban,9,1323,628,695,35,13,22,1288,615,673
22,413,uttar bastar kanker,Urban,10,1525,801,724,61,36,25,1464,765,699
22,413,uttar bastar kanker,Urban,11,1515,707,808,23,9,14,1492,698,794
22,413,uttar bastar kanker,Urban,12,1552,763,789,31,14,17,1521,749,772
22,413,uttar bastar kanker,Urban,13,1508,711,797,20,9,11,1488,702,786
22,413,uttar bastar kanker,Urban,14,1512,688,824,26,13,13,1486,675,811
22,413,uttar bastar kanker,Urban,15,1568,768,800,39,18,21,1529,750,779
22,413,uttar bastar kanker,Urban,16,1589,748,841,38,16,22,1551,732,819
22,413,uttar bastar kanker,Urban,17,1511,745,766,38,22,16,1473,723,750
22,413,uttar bastar kanker,Urban,18,1651,808,843,47,21,26,1604,787,817
22,413,uttar bastar kanker,Urban,19,1485,742,743,40,19,21,1445,723,722
22,413,uttar bastar kanker,Urban,20-24,8118,3903,4215,327,126,201,7791,3777,4014
22,413,uttar bastar kanker,Urban,25-29,7038,3525,3513,458,138,320,6580,3387,3193
22,413,uttar bastar kanker,Urban,30-34,6268,3160,3108,634,194,440,5634,2966,2668
22,413,uttar bastar kanker,Urban,35-39,6097,3058,3039,832,236,596,5265,2822,2443
22,413,uttar bastar kanker,Urban,40-44,5533,2876,2657,1013,271,742,4520,2605,1915
22,413,uttar bastar kanker,Urban,45-49,4635,2380,2255,1119,307,812,3516,2073,1443
22,413,uttar bastar kanker,Urban,50-54,3511,1831,1680,950,265,685,2561,1566,995
22,413,uttar bastar kanker,Urban,55-59,2543,1323,1220,738,177,561,1805,1146,659
22,413,uttar bastar kanker,Urban,60-64,1835,913,922,719,191,528,1116,722,394
22,413,uttar bastar kanker,Urban,65-69,1265,585,680,552,112,440,713,473,240
22,413,uttar bastar kanker,Urban,70-74,867,362,505,454,104,350,413,258,155
22,413,uttar bastar kanker,Urban,75-79,393,175,218,174,39,135,219,136,83
22,413,uttar bastar kanker,Urban,80+,443,176,267,256,50,206,187,126,61
22,413,uttar bastar kanker,Urban,Age not stated,30,18,12,7,2,5,23,16,7
22,414,bastar,Total,All ages,1413199,698487,714712,762336,316152,446184,650863,382335,268528
22,414,bastar,Total,0-6,216713,108662,108051,216713,108662,108051,0,0,0
22,414,bastar,Total,7,31729,15917,15812,13935,6901,7034,17794,9016,8778
22,414,bastar,Total,8,35696,17987,17709,7622,3648,3974,28074,14339,13735
22,414,bastar,Total,9,30892,15433,15459,4073,1918,2155,26819,13515,13304
22,414,bastar,Total,10,37389,18755,18634,5336,2507,2829,32053,16248,15805
22,414,bastar,Total,11,31100,15541,15559,3139,1343,1796,27961,14198,13763
22,414,bastar,Total,12,34923,17576,17347,4839,2093,2746,30084,15483,14601
22,414,bastar,Total,13,29010,14397,14613,3609,1390,2219,25401,13007,12394
22,414,bastar,Total,14,28940,14579,14361,4275,1646,2629,24665,12933,11732
22,414,bastar,Total,15,30520,15485,15035,6149,2485,3664,24371,13000,11371
22,414,bastar,Total,16,28274,14246,14028,5930,2191,3739,22344,12055,10289
22,414,bastar,Total,17,23613,11740,11873,4829,1677,3152,18784,10063,8721
22,414,bastar,Total,18,31919,15610,16309,8852,2819,6033,23067,12791,10276
22,414,bastar,Total,19,23482,10967,12515,5930,1575,4355,17552,9392,8160
22,414,bastar,Total,20-24,133562,63617,69945,45182,13060,32122,88380,50557,37823
22,414,bastar,Total,25-29,116510,59051,57459,50998,17715,33283,65512,41336,24176
22,414,bastar,Total,30-34,99622,49330,50292,52810,18695,34115,46812,30635,16177
22,414,bastar,Total,35-39,96869,48130,48739,58770,21805,36965,38099,26325,11774
22,414,bastar,Total,40-44,85816,42405,43411,57704,22574,35130,28112,19831,8281
22,414,bastar,Total,45-49,75850,38422,37428,54065,22662,31403,21785,15760,6025
22,414,bastar,Total,50-54,55792,28376,27416,41381,17877,23504,14411,10499,3912
22,414,bastar,Total,55-59,42785,20570,22215,32434,12853,19581,10351,7717,2634
22,414,bastar,Total,60-64,38056,17809,20247,30372,12042,18330,7684,5767,1917
22,414,bastar,Total,65-69,24348,10662,13686,19625,7162,12463,4723,3500,1223
22,414,bastar,Total,70-74,15796,7074,8722,12954,4914,8040,2842,2160,682
22,414,bastar,Total,75-79,6150,2671,3479,4985,1782,3203,1165,889,276
22,414,bastar,Total,80+,6642,2847,3795,5253,1914,3339,1389,933,456
22,414,bastar,Total,Age not stated,1201,628,573,572,242,330,629,386,243
22,414,bastar,Rural,All ages,1219705,600652,619053,708648,294754,413894,511057,305898,205159
22,414,bastar,Rural,0-6,194321,97079,97242,194321,97079,97242,0,0,0
22,414,bastar,Rural,7,28237,14143,14094,13241,6569,6672,14996,7574,7422
22,414,bastar,Rural,8,32237,16208,16029,7397,3535,3862,24840,12673,12167
22,414,bastar,Rural,9,27645,13780,13865,3941,1843,2098,23704,11937,11767
22,414,bastar,Rural,10,33458,16739,16719,5172,2422,2750,28286,14317,13969
22,414,bastar,Rural,11,27361,13663,13698,3049,1297,1752,24312,12366,11946
22,414,bastar,Rural,12,31027,15596,15431,4709,2030,2679,26318,13566,12752
22,414,bastar,Rural,13,25247,12513,12734,3494,1342,2152,21753,11171,10582
22,414,bastar,Rural,14,25191,12686,12505,4146,1592,2554,21045,11094,9951
22,414,bastar,Rural,15,26542,13525,13017,5970,2412,3558,20572,11113,9459
22,414,bastar,Rural,16,24418,12280,12138,5739,2109,3630,18679,10171,8508
22,414,bastar,Rural,17,19978,9910,10068,4674,1621,3053,15304,8289,7015
22,414,bastar,Rural,18,27587,13363,14224,8564,2718,5846,19023,10645,8378
22,414,bastar,Rural,19,19875,9174,10701,5718,1507,4211,14157,7667,6490
22,414,bastar,Rural,20-24,112754,53096,59658,43246,12461,30785,69508,40635,28873
22,414,bastar,Rural,25-29,97706,49258,48448,48552,16875,31677,49154,32383,16771
22,414,bastar,Rural,30-34,83998,41331,42667,50145,17888,32257,33853,23443,10410
22,414,bastar,Rural,35-39,82165,40852,41313,55464,20826,34638,26701,20026,6675
22,414,bastar,Rural,40-44,72562,35690,36872,54075,21454,32621,18487,14236,4251
22,414,bastar,Rural,45-49,64357,32570,31787,50525,21552,28973,13832,11018,2814
22,414,bastar,Rural,50-54,47144,23960,23184,38439,16942,21497,8705,7018,1687
22,414,bastar,Rural,55-59,36506,17418,19088,30197,12215,17982,6309,5203,1106
22,414,bastar,Rural,60-64,32892,15378,17514,28059,11381,16678,4833,3997,836
22,414,bastar,Rural,65-69,21126,9167,11959,18149,6748,11401,2977,2419,558
22,414,bastar,Rural,70-74,13565,6092,7473,11869,4643,7226,1696,1449,247
22,414,bastar,Rural,75-79,5133,2212,2921,4526,1681,2845,607,531,76
22,414,bastar,Rural,80+,5588,2410,3178,4737,1793,2944,851,617,234
22,414,bastar,Rural,Age not stated,1085,559,526,530,219,311,555,340,215
22,414,bastar,Urban,All ages,193494,97835,95659,53688,21398,32290,139806,76437,63369
22,414,bastar,Urban,0-6,22392,11583,10809,22392,11583,10809,0,0,0
22,414,bastar,Urban,7,3492,1774,1718,694,332,362,2798,1442,1356
22,414,bastar,Urban,8,3459,1779,1680,225,113,112,3234,1666,1568
22,414,bastar,Urban,9,3247,1653,1594,132,75,57,3115,1578,1537
22,414,bastar,Urban,10,3931,2016,1915,164,85,79,3767,1931,1836
22,414,bastar,Urban,11,3739,1878,1861,90,46,44,3649,1832,1817
22,414,bastar,Urban,12,3896,1980,1916,130,63,67,3766,1917,1849
22,414,bastar,Urban,13,3763,1884,1879,115,48,67,3648,1836,1812
22,414,bastar,Urban,14,3749,1893,1856,129,54,75,3620,1839,1781
22,414,bastar,Urban,15,3978,1960,2018,179,73,106,3799,1887,1912
22,414,bastar,Urban,16,3856,1966,1890,191,82,109,3665,1884,1781
22,414,bastar,Urban,17,3635,1830,1805,155,56,99,3480,1774,1706
22,414,bastar,Urban,18,4332,2247,2085,288,101,187,4044,2146,1898
22,414,bastar,Urban,19,3607,1793,1814,212,68,144,3395,1725,1670
22,414,bastar,Urban,20-24,20808,10521,10287,1936,599,1337,18872,9922,8950
22,414,bastar,Urban,25-29,18804,9793,9011,2446,840,1606,16358,8953,7405
22,414,bastar,Urban,30-34,15624,7999,7625,2665,807,1858,12959,7192,5767
22,414,bastar,Urban,35-39,14704,7278,7426,3306,979,2327,11398,6299,5099
22,414,bastar,Urban,40-44,13254,6715,6539,3629,1120,2509,9625,5595,4030
22,414,bastar,Urban,45-49,11493,5852,5641,3540,1110,2430,7953,4742,3211
22,414,bastar,Urban,50-54,8648,4416,4232,2942,935,2007,5706,3481,2225
22,414,bastar,Urban,55-59,6279,3152,3127,2237,638,1599,4042,2514,1528
22,414,bastar,Urban,60-64,5164,2431,2733,2313,661,1652,2851,1770,1081
22,414,bastar,Urban,65-69,3222,1495,1727,1476,414,1062,1746,1081,665
22,414,bastar,Urban,70-74,2231,982,1249,1085,271,814,1146,711,435
22,414,bastar,Urban,75-79,1017,459,558,459,101,358,558,358,200
22,414,bastar,Urban,80+,1054,437,617,516,121,395,538,316,222
22,414,bastar,Urban,Age not stated,116,69,47,42,23,19,74,46,28
22,415,narayanpur,Total,All ages,139820,70104,69716,83199,36655,46544,56621,33449,23172
22,415,narayanpur,Total,0-6,23358,11744,11614,23358,11744,11614,0,0,0
22,415,narayanpur,Total,7,4236,2156,2080,2166,1069,1097,2070,1087,983
22,415,narayanpur,Total,8,4481,2321,2160,1575,782,793,2906,1539,1367
22,415,narayanpur,Total,9,3678,1915,1763,1012,482,530,2666,1433,1233
22,415,narayanpur,Total,10,4556,2375,2181,1392,684,708,3164,1691,1473
22,415,narayanpur,Total,11,3593,1828,1765,807,372,435,2786,1456,1330
22,415,narayanpur,Total,12,3930,1963,1967,1037,450,587,2893,1513,1380
22,415,narayanpur,Total,13,3142,1567,1575,786,338,448,2356,1229,1127
22,415,narayanpur,Total,14,3053,1518,1535,748,326,422,2305,1192,1113
22,415,narayanpur,Total,15,3132,1577,1555,962,430,532,2170,1147,1023
22,415,narayanpur,Total,16,2883,1457,1426,905,394,511,1978,1063,915
22,415,narayanpur,Total,17,2391,1165,1226,719,269,450,1672,896,776
22,415,narayanpur,Total,18,2863,1416,1447,1039,411,628,1824,1005,819
22,415,narayanpur,Total,19,2249,1050,1199,787,263,524,1462,787,675
22,415,narayanpur,Total,20-24,12454,5890,6564,5206,1720,3486,7248,4170,3078
22,415,narayanpur,Total,25-29,11339,5953,5386,5815,2331,3484,5524,3622,1902
22,415,narayanpur,Total,30-34,9542,4889,4653,5831,2388,3443,3711,2501,1210
22,415,narayanpur,Total,35-39,9379,4697,4682,6385,2616,3769,2994,2081,913
22,415,narayanpur,Total,40-44,8217,4263,3954,5930,2628,3302,2287,1635,652
22,415,narayanpur,Total,45-49,6818,3518,3300,5195,2330,2865,1623,1188,435
22,415,narayanpur,Total,50-54,4706,2504,2202,3613,1672,1941,1093,832,261
22,415,narayanpur,Total,55-59,3189,1485,1704,2507,988,1519,682,497,185
22,415,narayanpur,Total,60-64,2863,1262,1601,2378,900,1478,485,362,123
22,415,narayanpur,Total,65-69,1688,720,968,1392,490,902,296,230,66
22,415,narayanpur,Total,70-74,1044,439,605,884,320,564,160,119,41
22,415,narayanpur,Total,75-79,386,142,244,310,90,220,76,52,24
22,415,narayanpur,Total,80+,491,206,285,367,129,238,124,77,47
22,415,narayanpur,Total,Age not stated,159,84,75,93,39,54,66,45,21
22,415,narayanpur,Rural,All ages,117714,58653,59061,77247,34407,42840,40467,24246,16221
22,415,narayanpur,Rural,0-6,20823,10432,10391,20823,10432,10391,0,0,0
22,415,narayanpur,Rural,7,3770,1925,1845,2073,1025,1048,1697,900,797
22,415,narayanpur,Rural,8,3982,2041,1941,1540,763,777,2442,1278,1164
22,415,narayanpur,Rural,9,3223,1658,1565,990,476,514,2233,1182,1051
22,415,narayanpur,Rural,10,4064,2116,1948,1364,673,691,2700,1443,1257
22,415,narayanpur,Rural,11,3055,1514,1541,796,368,428,2259,1146,1113
22,415,narayanpur,Rural,12,3411,1690,1721,1024,444,580,2387,1246,1141
22,415,narayanpur,Rural,13,2569,1261,1308,769,333,436,1800,928,872
22,415,narayanpur,Rural,14,2564,1254,1310,736,319,417,1828,935,893
22,415,narayanpur,Rural,15,2599,1314,1285,949,426,523,1650,888,762
22,415,narayanpur,Rural,16,2400,1222,1178,884,385,499,1516,837,679
22,415,narayanpur,Rural,17,1892,906,986,698,264,434,1194,642,552
22,415,narayanpur,Rural,18,2351,1162,1189,1011,402,609,1340,760,580
22,415,narayanpur,Rural,19,1800,827,973,752,254,498,1048,573,475
22,415,narayanpur,Rural,20-24,9934,4620,5314,4989,1659,3330,4945,2961,1984
22,415,narayanpur,Rural,25-29,9143,4782,4361,5565,2259,3306,3578,2523,1055
22,415,narayanpur,Rural,30-34,7843,3989,3854,5549,2325,3224,2294,1664,630
22,415,narayanpur,Rural,35-39,7808,3875,3933,6030,2531,3499,1778,1344,434
22,415,narayanpur,Rural,40-44,6868,3554,3314,5536,2527,3009,1332,1027,305
22,415,narayanpur,Rural,45-49,5705,2947,2758,4809,2220,2589,896,727,169
22,415,narayanpur,Rural,50-54,3864,2058,1806,3277,1578,1699,587,480,107
22,415,narayanpur,Rural,55-59,2571,1169,1402,2273,928,1345,298,241,57
22,415,narayanpur,Rural,60-64,2421,1056,1365,2157,842,1315,264,214,50
22,415,narayanpur,Rural,65-69,1416,605,811,1244,463,781,172,142,30
22,415,narayanpur,Rural,70-74,871,353,518,783,286,497,88,67,21
22,415,narayanpur,Rural,75-79,292,109,183,253,79,174,39,30,9
22,415,narayanpur,Rural,80+,359,158,201,291,112,179,68,46,22
22,415,narayanpur,Rural,Age not stated,116,56,60,82,34,48,34,22,12
22,415,narayanpur,Urban,All ages,22106,11451,10655,5952,2248,3704,16154,9203,6951
22,415,narayanpur,Urban,0-6,2535,1312,1223,2535,1312,1223,0,0,0
22,415,narayanpur,Urban,7,466,231,235,93,44,49,373,187,186
22,415,narayanpur,Urban,8,499,280,219,35,19,16,464,261,203
22,415,narayanpur,Urban,9,455,257,198,22,6,16,433,251,182
22,415,narayanpur,Urban,10,492,259,233,28,11,17,464,248,216
22,415,narayanpur,Urban,11,538,314,224,11,4,7,527,310,217
22,415,narayanpur,Urban,12,519,273,246,13,6,7,506,267,239
22,415,narayanpur,Urban,13,573,306,267,17,5,12,556,301,255
22,415,narayanpur,Urban,14,489,264,225,12,7,5,477,257,220
22,415,narayanpur,Urban,15,533,263,270,13,4,9,520,259,261
22,415,narayanpur,Urban,16,483,235,248,21,9,12,462,226,236
22,415,narayanpur,Urban,17,499,259,240,21,5,16,478,254,224
22,415,narayanpur,Urban,18,512,254,258,28,9,19,484,245,239
22,415,narayanpur,Urban,19,449,223,226,35,9,26,414,214,200
22,415,narayanpur,Urban,20-24,2520,1270,1250,217,61,156,2303,1209,1094
22,415,narayanpur,Urban,25-29,2196,1171,1025,250,72,178,1946,1099,847
22,415,narayanpur,Urban,30-34,1699,900,799,282,63,219,1417,837,580
22,415,narayanpur,Urban,35-39,1571,822,749,355,85,270,1216,737,479
22,415,narayanpur,Urban,40-44,1349,709,640,394,101,293,955,608,347
22,415,narayanpur,Urban,45-49,1113,571,542,386,110,276,727,461,266
22,415,narayanpur,Urban,50-54,842,446,396,336,94,242,506,352,154
22,415,narayanpur,Urban,55-59,618,316,302,234,60,174,384,256,128
22,415,narayanpur,Urban,60-64,442,206,236,221,58,163,221,148,73
22,415,narayanpur,Urban,65-69,272,115,157,148,27,121,124,88,36
22,415,narayanpur,Urban,70-74,173,86,87,101,34,67,72,52,20
22,415,narayanpur,Urban,75-79,94,33,61,57,11,46,37,22,15
22,415,narayanpur,Urban,80+,132,48,84,76,17,59,56,31,25
22,415,narayanpur,Urban,Age not stated,43,28,15,11,5,6,32,23,9
22,416,dakshin bastar dantewada,Total,All ages,533638,264142,269496,342401,147613,194788,191237,116529,74708
22,416,dakshin bastar dantewada,Total,0-6,79637,39718,39919,79637,39718,39919,0,0,0
22,416,dakshin bastar dantewada,Total,7,15010,7807,7203,7171,3463,3708,7839,4344,3495
22,416,dakshin bastar dantewada,Total,8,16106,8471,7635,6128,2947,3181,9978,5524,4454
22,416,dakshin bastar dantewada,Total,9,12758,6751,6007,3782,1763,2019,8976,4988,3988
22,416,dakshin bastar dantewada,Total,10,16863,8807,8056,5966,2736,3230,10897,6071,4826
22,416,dakshin bastar dantewada,Total,11,11166,5752,5414,3079,1328,1751,8087,4424,3663
22,416,dakshin bastar dantewada,Total,12,13856,7135,6721,4848,2087,2761,9008,5048,3960
22,416,dakshin bastar dantewada,Total,13,10379,5314,5065,3290,1352,1938,7089,3962,3127
22,416,dakshin bastar dantewada,Total,14,10645,5499,5146,3723,1577,2146,6922,3922,3000
22,416,dakshin bastar dantewada,Total,15,11967,5997,5970,4847,1970,2877,7120,4027,3093
22,416,dakshin bastar dantewada,Total,16,10213,4935,5278,4429,1665,2764,5784,3270,2514
22,416,dakshin bastar dantewada,Total,17,8350,4046,4304,3566,1305,2261,4784,2741,2043
22,416,dakshin bastar dantewada,Total,18,12263,5554,6709,6409,2219,4190,5854,3335,2519
22,416,dakshin bastar dantewada,Total,19,8435,3699,4736,4077,1215,2862,4358,2484,1874
22,416,dakshin bastar dantewada,Total,20-24,50796,23610,27186,26994,9219,17775,23802,14391,9411
22,416,dakshin bastar dantewada,Total,25-29,46543,23701,22842,26316,10505,15811,20227,13196,7031
22,416,dakshin bastar dantewada,Total,30-34,38611,19412,19199,24184,9902,14282,14427,9510,4917
22,416,dakshin bastar dantewada,Total,35-39,38817,19283,19534,27253,11422,15831,11564,7861,3703
22,416,dakshin bastar dantewada,Total,40-44,33563,16937,16626,25474,11269,14205,8089,5668,2421
22,416,dakshin bastar dantewada,Total,45-49,29197,14719,14478,23284,10533,12751,5913,4186,1727
22,416,dakshin bastar dantewada,Total,50-54,19757,10093,9664,15898,7427,8471,3859,2666,1193
22,416,dakshin bastar dantewada,Total,55-59,14124,6608,7516,11272,4485,6787,2852,2123,729
22,416,dakshin bastar dantewada,Total,60-64,11434,4964,6470,9673,3668,6005,1761,1296,465
22,416,dakshin bastar dantewada,Total,65-69,6479,2568,3911,5569,1906,3663,910,662,248
22,416,dakshin bastar dantewada,Total,70-74,3674,1468,2206,3194,1115,2079,480,353,127
22,416,dakshin bastar dantewada,Total,75-79,1264,513,751,1070,364,706,194,149,45
22,416,dakshin bastar dantewada,Total,80+,1438,594,844,1140,392,748,298,202,96
22,416,dakshin bastar dantewada,Total,Age not stated,293,187,106,128,61,67,165,126,39
22,416,dakshin bastar dantewada,Rural,All ages,437405,213930,223475,312024,135165,176859,125381,78765,46616
22,416,dakshin bastar dantewada,Rural,0-6,67372,33524,33848,67372,33524,33848,0,0,0
22,416,dakshin bastar dantewada,Rural,7,12728,6624,6104,6674,3195,3479,6054,3429,2625
22,416,dakshin bastar dantewada,Rural,8,13730,7155,6575,5874,2784,3090,7856,4371,3485
22,416,dakshin bastar dantewada,Rural,9,10635,5602,5033,3638,1673,1965,6997,3929,3068
22,416,dakshin bastar dantewada,Rural,10,14547,7550,6997,5812,2655,3157,8735,4895,3840
22,416,dakshin bastar dantewada,Rural,11,9136,4700,4436,2985,1282,1703,6151,3418,2733
22,416,dakshin bastar dantewada,Rural,12,11786,6066,5720,4726,2040,2686,7060,4026,3034
22,416,dakshin bastar dantewada,Rural,13,8512,4345,4167,3191,1304,1887,5321,3041,2280
22,416,dakshin bastar dantewada,Rural,14,8721,4534,4187,3626,1542,2084,5095,2992,2103
22,416,dakshin bastar dantewada,Rural,15,9897,4895,5002,4673,1903,2770,5224,2992,2232
22,416,dakshin bastar dantewada,Rural,16,8431,4001,4430,4284,1608,2676,4147,2393,1754
22,416,dakshin bastar dantewada,Rural,17,6785,3226,3559,3439,1253,2186,3346,1973,1373
22,416,dakshin bastar dantewada,Rural,18,10346,4578,5768,6176,2138,4038,4170,2440,1730
22,416,dakshin bastar dantewada,Rural,19,6781,2858,3923,3878,1141,2737,2903,1717,1186
22,416,dakshin bastar dantewada,Rural,20-24,40568,18428,22140,25490,8731,16759,15078,9697,5381
22,416,dakshin bastar dantewada,Rural,25-29,36396,18335,18061,24604,9964,14640,11792,8371,3421
22,416,dakshin bastar dantewada,Rural,30-34,30343,14928,15415,22486,9319,13167,7857,5609,2248
22,416,dakshin bastar dantewada,Rural,35-39,31396,15308,16088,25312,10747,14565,6084,4561,1523
22,416,dakshin bastar dantewada,Rural,40-44,27899,13903,13996,23593,10613,12980,4306,3290,1016
22,416,dakshin bastar dantewada,Rural,45-49,24181,12092,12089,21361,9895,11466,2820,2197,623
22,416,dakshin bastar dantewada,Rural,50-54,16041,8240,7801,14384,6953,7431,1657,1287,370
22,416,dakshin bastar dantewada,Rural,55-59,11112,4909,6203,10124,4122,6002,988,787,201
22,416,dakshin bastar dantewada,Rural,60-64,9397,3970,5427,8610,3348,5262,787,622,165
22,416,dakshin bastar dantewada,Rural,65-69,5349,2018,3331,4952,1718,3234,397,300,97
22,416,dakshin bastar dantewada,Rural,70-74,2997,1164,1833,2784,992,1792,213,172,41
22,416,dakshin bastar dantewada,Rural,75-79,983,374,609,920,322,598,63,52,11
22,416,dakshin bastar dantewada,Rural,80+,1082,443,639,936,344,592,146,99,47
22,416,dakshin bastar dantewada,Rural,Age not stated,254,160,94,120,55,65,134,105,29
22,416,dakshin bastar dantewada,Urban,All ages,96233,50212,46021,30377,12448,17929,65856,37764,28092
22,416,dakshin bastar dantewada,Urban,0-6,12265,6194,6071,12265,6194,6071,0,0,0
22,416,dakshin bastar dantewada,Urban,7,2282,1183,1099,497,268,229,1785,915,870
22,416,dakshin bastar dantewada,Urban,8,2376,1316,1060,254,163,91,2122,1153,969
22,416,dakshin bastar dantewada,Urban,9,2123,1149,974,144,90,54,1979,1059,920
22,416,dakshin bastar dantewada,Urban,10,2316,1257,1059,154,81,73,2162,1176,986
22,416,dakshin bastar dantewada,Urban,11,2030,1052,978,94,46,48,1936,1006,930
22,416,dakshin bastar dantewada,Urban,12,2070,1069,1001,122,47,75,1948,1022,926
22,416,dakshin bastar dantewada,Urban,13,1867,969,898,99,48,51,1768,921,847
22,416,dakshin bastar dantewada,Urban,14,1924,965,959,97,35,62,1827,930,897
22,416,dakshin bastar dantewada,Urban,15,2070,1102,968,174,67,107,1896,1035,861
22,416,dakshin bastar dantewada,Urban,16,1782,934,848,145,57,88,1637,877,760
22,416,dakshin bastar dantewada,Urban,17,1565,820,745,127,52,75,1438,768,670
22,416,dakshin bastar dantewada,Urban,18,1917,976,941,233,81,152,1684,895,789
22,416,dakshin bastar dantewada,Urban,19,1654,841,813,199,74,125,1455,767,688
22,416,dakshin bastar dantewada,Urban,20-24,10228,5182,5046,1504,488,1016,8724,4694,4030
22,416,dakshin bastar dantewada,Urban,25-29,10147,5366,4781,1712,541,1171,8435,4825,3610
22,416,dakshin bastar dantewada,Urban,30-34,8268,4484,3784,1698,583,1115,6570,3901,2669
22,416,dakshin bastar dantewada,Urban,35-39,7421,3975,3446,1941,675,1266,5480,3300,2180
22,416,dakshin bastar dantewada,Urban,40-44,5664,3034,2630,1881,656,1225,3783,2378,1405
22,416,dakshin bastar dantewada,Urban,45-49,5016,2627,2389,1923,638,1285,3093,1989,1104
22,416,dakshin bastar dantewada,Urban,50-54,3716,1853,1863,1514,474,1040,2202,1379,823
22,416,dakshin bastar dantewada,Urban,55-59,3012,1699,1313,1148,363,785,1864,1336,528
22,416,dakshin bastar dantewada,Urban,60-64,2037,994,1043,1063,320,743,974,674,300
22,416,dakshin bastar dantewada,Urban,65-69,1130,550,580,617,188,429,513,362,151
22,416,dakshin bastar dantewada,Urban,70-74,677,304,373,410,123,287,267,181,86
22,416,dakshin bastar dantewada,Urban,75-79,281,139,142,150,42,108,131,97,34
22,416,dakshin bastar dantewada,Urban,80+,356,151,205,204,48,156,152,103,49
22,416,dakshin bastar dantewada,Urban,Age not stated,39,27,12,8,6,2,31,21,10
22,417,bijapur,Total,All ages,255230,128663,126567,168311,74587,93724,86919,54076,32843
22,417,bijapur,Total,0-6,42495,21488,21007,42495,21488,21007,0,0,0
22,417,bijapur,Total,7,8678,4556,4122,4496,2259,2237,4182,2297,1885
22,417,bijapur,Total,8,8993,4815,4178,4007,1958,2049,4986,2857,2129
22,417,bijapur,Total,9,6907,3751,3156,2473,1191,1282,4434,2560,1874
22,417,bijapur,Total,10,8837,4731,4106,3600,1719,1881,5237,3012,2225
22,417,bijapur,Total,11,5695,3039,2656,1998,924,1074,3697,2115,1582
22,417,bijapur,Total,12,6975,3663,3312,2855,1342,1513,4120,2321,1799
22,417,bijapur,Total,13,4834,2496,2338,1763,803,960,3071,1693,1378
22,417,bijapur,Total,14,4953,2553,2400,1811,776,1035,3142,1777,1365
22,417,bijapur,Total,15,5868,2999,2869,2795,1229,1566,3073,1770,1303
22,417,bijapur,Total,16,4581,2279,2302,2043,842,1201,2538,1437,1101
22,417,bijapur,Total,17,3751,1860,1891,1568,620,948,2183,1240,943
22,417,bijapur,Total,18,5355,2508,2847,2765,1004,1761,2590,1504,1086
22,417,bijapur,Total,19,3785,1576,2209,1918,583,1335,1867,993,874
22,417,bijapur,Total,20-24,23310,10948,12362,12506,4430,8076,10804,6518,4286
22,417,bijapur,Total,25-29,22331,11745,10586,12833,5229,7604,9498,6516,2982
22,417,bijapur,Total,30-34,17574,8832,8742,11423,4658,6765,6151,4174,1977
22,417,bijapur,Total,35-39,17908,8862,9046,12682,5208,7474,5226,3654,1572
22,417,bijapur,Total,40-44,15466,7987,7479,11711,5181,6530,3755,2806,949
22,417,bijapur,Total,45-49,12854,6536,6318,10344,4639,5705,2510,1897,613
22,417,bijapur,Total,50-54,8689,4518,4171,7156,3348,3808,1533,1170,363
22,417,bijapur,Total,55-59,5801,2818,2983,4827,2050,2777,974,768,206
22,417,bijapur,Total,60-64,4788,2125,2663,4197,1677,2520,591,448,143
22,417,bijapur,Total,65-69,2326,939,1387,1977,698,1279,349,241,108
22,417,bijapur,Total,70-74,1323,543,780,1164,415,749,159,128,31
22,417,bijapur,Total,75-79,434,171,263,373,121,252,61,50,11
22,417,bijapur,Total,80+,566,248,318,454,167,287,112,81,31
22,417,bijapur,Total,Age not stated,153,77,76,77,28,49,76,49,27
22,417,bijapur,Rural,All ages,225630,113344,112286,157584,70212,87372,68046,43132,24914
22,417,bijapur,Rural,0-6,38329,19317,19012,38329,19317,19012,0,0,0
22,417,bijapur,Rural,7,7871,4145,3726,4145,2091,2054,3726,2054,1672
22,417,bijapur,Rural,8,8179,4366,3813,3863,1884,1979,4316,2482,1834
22,417,bijapur,Rural,9,6197,3390,2807,2412,1159,1253,3785,2231,1554
22,417,bijapur,Rural,10,7971,4258,3713,3511,1674,1837,4460,2584,1876
22,417,bijapur,Rural,11,5020,2681,2339,1959,904,1055,3061,1777,1284
22,417,bijapur,Rural,12,6208,3293,2915,2799,1308,1491,3409,1985,1424
22,417,bijapur,Rural,13,4165,2183,1982,1721,791,930,2444,1392,1052
22,417,bijapur,Rural,14,4330,2280,2050,1767,762,1005,2563,1518,1045
22,417,bijapur,Rural,15,5208,2689,2519,2732,1212,1520,2476,1477,999
22,417,bijapur,Rural,16,3988,1999,1989,1975,814,1161,2013,1185,828
22,417,bijapur,Rural,17,3210,1594,1616,1522,608,914,1688,986,702
22,417,bijapur,Rural,18,4752,2203,2549,2665,976,1689,2087,1227,860
22,417,bijapur,Rural,19,3228,1335,1893,1825,567,1258,1403,768,635
22,417,bijapur,Rural,20-24,19960,9301,10659,11847,4265,7582,8113,5036,3077
22,417,bijapur,Rural,25-29,18949,9875,9074,12056,4999,7057,6893,4876,2017
22,417,bijapur,Rural,30-34,15160,7487,7673,10786,4439,6347,4374,3048,1326
22,417,bijapur,Rural,35-39,15823,7760,8063,12011,4987,7024,3812,2773,1039
22,417,bijapur,Rural,40-44,13792,7032,6760,11102,4980,6122,2690,2052,638
22,417,bijapur,Rural,45-49,11609,5847,5762,9765,4419,5346,1844,1428,416
22,417,bijapur,Rural,50-54,7851,4084,3767,6727,3203,3524,1124,881,243
22,417,bijapur,Rural,55-59,5232,2526,2706,4502,1934,2568,730,592,138
22,417,bijapur,Rural,60-64,4335,1942,2393,3888,1593,2295,447,349,98
22,417,bijapur,Rural,65-69,2066,834,1232,1803,648,1155,263,186,77
22,417,bijapur,Rural,70-74,1186,486,700,1062,386,676,124,100,24
22,417,bijapur,Rural,75-79,380,150,230,335,111,224,45,39,6
22,417,bijapur,Rural,80+,488,218,270,399,153,246,89,65,24
22,417,bijapur,Rural,Age not stated,143,69,74,76,28,48,67,41,26
22,417,bijapur,Urban,All ages,29600,15319,14281,10727,4375,6352,18873,10944,7929
22,417,bijapur,Urban,0-6,4166,2171,1995,4166,2171,1995,0,0,0
22,417,bijapur,Urban,7,807,411,396,351,168,183,456,243,213
22,417,bijapur,Urban,8,814,449,365,144,74,70,670,375,295
22,417,bijapur,Urban,9,710,361,349,61,32,29,649,329,320
22,417,bijapur,Urban,10,866,473,393,89,45,44,777,428,349
22,417,bijapur,Urban,11,675,358,317,39,20,19,636,338,298
22,417,bijapur,Urban,12,767,370,397,56,34,22,711,336,375
22,417,bijapur,Urban,13,669,313,356,42,12,30,627,301,326
22,417,bijapur,Urban,14,623,273,350,44,14,30,579,259,320
22,417,bijapur,Urban,15,660,310,350,63,17,46,597,293,304
22,417,bijapur,Urban,16,593,280,313,68,28,40,525,252,273
22,417,bijapur,Urban,17,541,266,275,46,12,34,495,254,241
22,417,bijapur,Urban,18,603,305,298,100,28,72,503,277,226
22,417,bijapur,Urban,19,557,241,316,93,16,77,464,225,239
22,417,bijapur,Urban,20-24,3350,1647,1703,659,165,494,2691,1482,1209
22,417,bijapur,Urban,25-29,3382,1870,1512,777,230,547,2605,1640,965
22,417,bijapur,Urban,30-34,2414,1345,1069,637,219,418,1777,1126,651
22,417,bijapur,Urban,35-39,2085,1102,983,671,221,450,1414,881,533
22,417,bijapur,Urban,40-44,1674,955,719,609,201,408,1065,754,311
22,417,bijapur,Urban,45-49,1245,689,556,579,220,359,666,469,197
22,417,bijapur,Urban,50-54,838,434,404,429,145,284,409,289,120
22,417,bijapur,Urban,55-59,569,292,277,325,116,209,244,176,68
22,417,bijapur,Urban,60-64,453,183,270,309,84,225,144,99,45
22,417,bijapur,Urban,65-69,260,105,155,174,50,124,86,55,31
22,417,bijapur,Urban,70-74,137,57,80,102,29,73,35,28,7
22,417,bijapur,Urban,75-79,54,21,33,38,10,28,16,11,5
22,417,bijapur,Urban,80+,78,30,48,55,14,41,23,16,7
22,417,bijapur,Urban,Age not stated,10,8,2,1,0,1,9,8,1
27,497,nandurbar,Total,All ages,1648295,833170,815125,741786,321071,420715,906509,512099,394410
27,497,nandurbar,Total,0-6,240222,123582,116640,240222,123582,116640,0,0,0
27,497,nandurbar,Total,7,38581,19770,18811,12585,6169,6416,25996,13601,12395
27,497,nandurbar,Total,8,39062,20220,18842,7103,3413,3690,31959,16807,15152
27,497,nandurbar,Total,9,38270,19846,18424,5040,2339,2701,33230,17507,15723
27,497,nandurbar,Total,10,45440,23779,21661,6160,2794,3366,39280,20985,18295
27,497,nandurbar,Total,11,40373,21471,18902,4384,1953,2431,35989,19518,16471
27,497,nandurbar,Total,12,40916,21566,19350,5112,2235,2877,35804,19331,16473
27,497,nandurbar,Total,13,38249,19994,18255,4652,2048,2604,33597,17946,15651
27,497,nandurbar,Total,14,37393,19514,17879,5192,2157,3035,32201,17357,14844
27,497,nandurbar,Total,15,38387,20447,17940,5931,2662,3269,32456,17785,14671
27,497,nandurbar,Total,16,37852,19887,17965,6230,2654,3576,31622,17233,14389
27,497,nandurbar,Total,17,32490,17053,15437,5245,2161,3084,27245,14892,12353
27,497,nandurbar,Total,18,38405,19626,18779,8228,3103,5125,30177,16523,13654
27,497,nandurbar,Total,19,29603,14684,14919,6244,2052,4192,23359,12632,10727
27,497,nandurbar,Total,20-24,150545,74923,75622,42424,14930,27494,108121,59993,48128
27,497,nandurbar,Total,25-29,125564,63025,62539,44563,17265,27298,81001,45760,35241
27,497,nandurbar,Total,30-34,110628,54138,56490,46123,17474,28649,64505,36664,27841
27,497,nandurbar,Total,35-39,105214,52155,53059,48383,19001,29382,56831,33154,23677
27,497,nandurbar,Total,40-44,94260,47461,46799,48128,19275,28853,46132,28186,17946
27,497,nandurbar,Total,45-49,80317,41095,39222,43978,18406,25572,36339,22689,13650
27,497,nandurbar,Total,50-54,63195,32325,30870,35108,14701,20407,28087,17624,10463
27,497,nandurbar,Total,55-59,49683,25204,24479,28083,11255,16828,21600,13949,7651
27,497,nandurbar,Total,60-64,43115,19909,23206,26727,9744,16983,16388,10165,6223
27,497,nandurbar,Total,65-69,38805,17696,21109,24631,8884,15747,14174,8812,5362
27,497,nandurbar,Total,70-74,24330,11103,13227,15886,5605,10281,8444,5498,2946
27,497,nandurbar,Total,75-79,11515,5250,6265,7044,2290,4754,4471,2960,1511
27,497,nandurbar,Total,80+,10891,4858,6033,6450,2100,4350,4441,2758,1683
27,497,nandurbar,Total,Age not stated,4990,2589,2401,1930,819,1111,3060,1770,1290
27,497,nandurbar,Rural,All ages,1372821,687671,685150,676561,292357,384204,696260,395314,300946
27,497,nandurbar,Rural,0-6,207516,106233,101283,207516,106233,101283,0,0,0
27,497,nandurbar,Rural,7,33121,16896,16225,11312,5544,5768,21809,11352,10457
27,497,nandurbar,Rural,8,33936,17427,16509,6562,3124,3438,27374,14303,13071
27,497,nandurbar,Rural,9,32829,16830,15999,4701,2190,2511,28128,14640,13488
27,497,nandurbar,Rural,10,38398,19624,18774,5743,2568,3175,32655,17056,15599
27,497,nandurbar,Rural,11,33789,17552,16237,4104,1814,2290,29685,15738,13947
27,497,nandurbar,Rural,12,34411,17719,16692,4799,2075,2724,29612,15644,13968
27,497,nandurbar,Rural,13,31864,16325,15539,4381,1923,2458,27483,14402,13081
27,497,nandurbar,Rural,14,31262,16060,15202,4906,2024,2882,26356,14036,12320
27,497,nandurbar,Rural,15,31927,16722,15205,5581,2479,3102,26346,14243,12103
27,497,nandurbar,Rural,16,31430,16302,15128,5853,2465,3388,25577,13837,11740
27,497,nandurbar,Rural,17,26055,13420,12635,4909,1997,2912,21146,11423,9723
27,497,nandurbar,Rural,18,30988,15341,15647,7728,2870,4858,23260,12471,10789
27,497,nandurbar,Rural,19,23416,11247,12169,5825,1870,3955,17591,9377,8214
27,497,nandurbar,Rural,20-24,122491,59942,62549,40109,14035,26074,82382,45907,36475
27,497,nandurbar,Rural,25-29,102623,51639,50984,41875,16234,25641,60748,35405,25343
27,497,nandurbar,Rural,30-34,90343,44102,46241,43476,16539,26937,46867,27563,19304
27,497,nandurbar,Rural,35-39,85798,42498,43300,45394,17959,27435,40404,24539,15865
27,497,nandurbar,Rural,40-44,77415,38625,38790,45192,18244,26948,32223,20381,11842
27,497,nandurbar,Rural,45-49,66548,33795,32753,41351,17518,23833,25197,16277,8920
27,497,nandurbar,Rural,50-54,52570,26705,25865,32979,14009,18970,19591,12696,6895
27,497,nandurbar,Rural,55-59,41460,20905,20555,26385,10733,15652,15075,10172,4903
27,497,nandurbar,Rural,60-64,36434,16766,19668,24776,9248,15528,11658,7518,4140
27,497,nandurbar,Rural,65-69,32829,15032,17797,22716,8478,14238,10113,6554,3559
27,497,nandurbar,Rural,70-74,20471,9341,11130,14494,5299,9195,5977,4042,1935
27,497,nandurbar,Rural,75-79,9404,4260,5144,6348,2151,4197,3056,2109,947
27,497,nandurbar,Rural,80+,8776,3948,4828,5677,1947,3730,3099,2001,1098
27,497,nandurbar,Rural,Age not stated,4717,2415,2302,1869,787,1082,2848,1628,1220
27,497,nandurbar,Urban,All ages,275474,145499,129975,65225,28714,36511,210249,116785,93464
27,497,nandurbar,Urban,0-6,32706,17349,15357,32706,17349,15357,0,0,0
27,497,nandurbar,Urban,7,5460,2874,2586,1273,625,648,4187,2249,1938
27,497,nandurbar,Urban,8,5126,2793,2333,541,289,252,4585,2504,2081
27,497,nandurbar,Urban,9,5441,3016,2425,339,149,190,5102,2867,2235
27,497,nandurbar,Urban,10,7042,4155,2887,417,226,191,6625,3929,2696
27,497,nandurbar,Urban,11,6584,3919,2665,280,139,141,6304,3780,2524
27,497,nandurbar,Urban,12,6505,3847,2658,313,160,153,6192,3687,2505
27,497,nandurbar,Urban,13,6385,3669,2716,271,125,146,6114,3544,2570
27,497,nandurbar,Urban,14,6131,3454,2677,286,133,153,5845,3321,2524
27,497,nandurbar,Urban,15,6460,3725,2735,350,183,167,6110,3542,2568
27,497,nandurbar,Urban,16,6422,3585,2837,377,189,188,6045,3396,2649
27,497,nandurbar,Urban,17,6435,3633,2802,336,164,172,6099,3469,2630
27,497,nandurbar,Urban,18,7417,4285,3132,500,233,267,6917,4052,2865
27,497,nandurbar,Urban,19,6187,3437,2750,419,182,237,5768,3255,2513
27,497,nandurbar,Urban,20-24,28054,14981,13073,2315,895,1420,25739,14086,11653
27,497,nandurbar,Urban,25-29,22941,11386,11555,2688,1031,1657,20253,10355,9898
27,497,nandurbar,Urban,30-34,20285,10036,10249,2647,935,1712,17638,9101,8537
27,497,nandurbar,Urban,35-39,19416,9657,9759,2989,1042,1947,16427,8615,7812
27,497,nandurbar,Urban,40-44,16845,8836,8009,2936,1031,1905,13909,7805,6104
27,497,nandurbar,Urban,45-49,13769,7300,6469,2627,888,1739,11142,6412,4730
27,497,nandurbar,Urban,50-54,10625,5620,5005,2129,692,1437,8496,4928,3568
27,497,nandurbar,Urban,55-59,8223,4299,3924,1698,522,1176,6525,3777,2748
27,497,nandurbar,Urban,60-64,6681,3143,3538,1951,496,1455,4730,2647,2083
27,497,nandurbar,Urban,65-69,5976,2664,3312,1915,406,1509,4061,2258,1803
27,497,nandurbar,Urban,70-74,3859,1762,2097,1392,306,1086,2467,1456,1011
27,497,nandurbar,Urban,75-79,2111,990,1121,696,139,557,1415,851,564
27,497,nandurbar,Urban,80+,2115,910,1205,773,153,620,1342,757,585
27,497,nandurbar,Urban,Age not stated,273,174,99,61,32,29,212,142,70
27,498,dhule,Total,All ages,2050862,1054031,996831,756946,330643,426303,1293916,723388,570528
27,498,dhule,Total,0-6,273507,144121,129386,273507,144121,129386,0,0,0
27,498,dhule,Total,7,42951,22649,20302,13209,6778,6431,29742,15871,13871
27,498,dhule,Total,8,42136,22249,19887,7109,3542,3567,35027,18707,16320
27,498,dhule,Total,9,41780,22164,19616,5093,2513,2580,36687,19651,17036
27,498,dhule,Total,10,49380,26353,23027,6298,3084,3214,43082,23269,19813
27,498,dhule,Total,11,44397,24004,20393,4233,2068,2165,40164,21936,18228
27,498,dhule,Total,12,43488,23211,20277,4542,2183,2359,38946,21028,17918
27,498,dhule,Total,13,40923,21788,19135,3868,1808,2060,37055,19980,17075
27,498,dhule,Total,14,39840,21239,18601,4081,1928,2153,35759,19311,16448
27,498,dhule,Total,15,40974,21979,18995,4895,2336,2559,36079,19643,16436
27,498,dhule,Total,16,39808,21447,18361,4609,2228,2381,35199,19219,15980
27,498,dhule,Total,17,36668,19941,16727,4218,2026,2192,32450,17915,14535
27,498,dhule,Total,18,43327,23433,19894,6189,2665,3524,37138,20768,16370
27,498,dhule,Total,19,36031,18708,17323,5035,1948,3087,30996,16760,14236
27,498,dhule,Total,20-24,186115,96888,89227,34047,13223,20824,152068,83665,68403
27,498,dhule,Total,25-29,166244,84645,81599,38604,14933,23671,127640,69712,57928
27,498,dhule,Total,30-34,147777,74182,73595,41375,15911,25464,106402,58271,48131
27,498,dhule,Total,35-39,138763,69413,69350,43794,16902,26892,94969,52511,42458
27,498,dhule,Total,40-44,122183,62622,59561,42814,16973,25841,79369,45649,33720
27,498,dhule,Total,45-49,105185,53924,51261,39602,15527,24075,65583,38397,27186
27,498,dhule,Total,50-54,85263,44223,41040,33595,13195,20400,51668,31028,20640
27,498,dhule,Total,55-59,69743,35437,34306,28589,10464,18125,41154,24973,16181
27,498,dhule,Total,60-64,61840,28220,33620,29989,9441,20548,31851,18779,13072
27,498,dhule,Total,65-69,57926,26010,31916,30177,9193,20984,27749,16817,10932
27,498,dhule,Total,70-74,38443,17726,20717,21650,6766,14884,16793,10960,5833
27,498,dhule,Total,75-79,18532,8876,9656,9999,3206,6793,8533,5670,2863
27,498,dhule,Total,80+,19000,8710,10290,10007,3071,6936,8993,5639,3354
27,498,dhule,Total,Age not stated,18638,9869,8769,5818,2610,3208,12820,7259,5561
27,498,dhule,Rural,All ages,1479826,758916,720910,622386,269438,352948,857440,489478,367962
27,498,dhule,Rural,0-6,206036,108085,97951,206036,108085,97951,0,0,0
27,498,dhule,Rural,7,32254,16917,15337,10746,5456,5290,21508,11461,10047
27,498,dhule,Rural,8,32189,16874,15315,6021,2960,3061,26168,13914,12254
27,498,dhule,Rural,9,31426,16607,14819,4221,2064,2157,27205,14543,12662
27,498,dhule,Rural,10,36890,19516,17374,5202,2486,2716,31688,17030,14658
27,498,dhule,Rural,11,32613,17589,15024,3522,1682,1840,29091,15907,13184
27,498,dhule,Rural,12,32313,17086,15227,3929,1858,2071,28384,15228,13156
27,498,dhule,Rural,13,29723,15778,13945,3310,1501,1809,26413,14277,12136
27,498,dhule,Rural,14,28926,15350,13576,3532,1634,1898,25394,13716,11678
27,498,dhule,Rural,15,29605,15943,13662,4225,1987,2238,25380,13956,11424
27,498,dhule,Rural,16,28646,15546,13100,3982,1889,2093,24664,13657,11007
27,498,dhule,Rural,17,25638,14093,11545,3608,1705,1903,22030,12388,9642
27,498,dhule,Rural,18,30507,16697,13810,5324,2219,3105,25183,14478,10705
27,498,dhule,Rural,19,24508,12909,11599,4357,1606,2751,20151,11303,8848
27,498,dhule,Rural,20-24,129797,68249,61548,29723,11321,18402,100074,56928,43146
27,498,dhule,Rural,25-29,116740,59679,57061,33804,12948,20856,82936,46731,36205
27,498,dhule,Rural,30-34,104484,52307,52177,36234,13887,22347,68250,38420,29830
27,498,dhule,Rural,35-39,97763,49052,48711,38288,14835,23453,59475,34217,25258
27,498,dhule,Rural,40-44,85595,43692,41903,37074,14806,22268,48521,28886,19635
27,498,dhule,Rural,45-49,74304,37657,36647,34431,13671,20760,39873,23986,15887
27,498,dhule,Rural,50-54,60670,31118,29552,29030,11608,17422,31640,19510,12130
27,498,dhule,Rural,55-59,49975,25139,24836,24755,9275,15480,25220,15864,9356
27,498,dhule,Rural,60-64,46021,20504,25517,25857,8327,17530,20164,12177,7987
27,498,dhule,Rural,65-69,44156,19622,24534,25923,8169,17754,18233,11453,6780
27,498,dhule,Rural,70-74,29279,13423,15856,18309,5964,12345,10970,7459,3511
27,498,dhule,Rural,75-79,13907,6705,7202,8374,2810,5564,5533,3895,1638
27,498,dhule,Rural,80+,13589,6359,7230,7957,2609,5348,5632,3750,1882
27,498,dhule,Rural,Age not stated,12272,6420,5852,4612,2076,2536,7660,4344,3316
27,498,dhule,Urban,All ages,571036,295115,275921,134560,61205,73355,436476,233910,202566
27,498,dhule,Urban,0-6,67471,36036,31435,67471,36036,31435,0,0,0
27,498,dhule,Urban,7,10697,5732,4965,2463,1322,1141,8234,4410,3824
27,498,dhule,Urban,8,9947,5375,4572,1088,582,506,8859,4793,4066
27,498,dhule,Urban,9,10354,5557,4797,872,449,423,9482,5108,4374
27,498,dhule,Urban,10,12490,6837,5653,1096,598,498,11394,6239,5155
27,498,dhule,Urban,11,11784,6415,5369,711,386,325,11073,6029,5044
27,498,dhule,Urban,12,11175,6125,5050,613,325,288,10562,5800,4762
27,498,dhule,Urban,13,11200,6010,5190,558,307,251,10642,5703,4939
27,498,dhule,Urban,14,10914,5889,5025,549,294,255,10365,5595,4770
27,498,dhule,Urban,15,11369,6036,5333,670,349,321,10699,5687,5012
27,498,dhule,Urban,16,11162,5901,5261,627,339,288,10535,5562,4973
27,498,dhule,Urban,17,11030,5848,5182,610,321,289,10420,5527,4893
27,498,dhule,Urban,18,12820,6736,6084,865,446,419,11955,6290,5665
27,498,dhule,Urban,19,11523,5799,5724,678,342,336,10845,5457,5388
27,498,dhule,Urban,20-24,56318,28639,27679,4324,1902,2422,51994,26737,25257
27,498,dhule,Urban,25-29,49504,24966,24538,4800,1985,2815,44704,22981,21723
27,498,dhule,Urban,30-34,43293,21875,21418,5141,2024,3117,38152,19851,18301
27,498,dhule,Urban,35-39,41000,20361,20639,5506,2067,3439,35494,18294,17200
27,498,dhule,Urban,40-44,36588,18930,17658,5740,2167,3573,30848,16763,14085
27,498,dhule,Urban,45-49,30881,16267,14614,5171,1856,3315,25710,14411,11299
27,498,dhule,Urban,50-54,24593,13105,11488,4565,1587,2978,20028,11518,8510
27,498,dhule,Urban,55-59,19768,10298,9470,3834,1189,2645,15934,9109,6825
27,498,dhule,Urban,60-64,15819,7716,8103,4132,1114,3018,11687,6602,5085
27,498,dhule,Urban,65-69,13770,6388,7382,4254,1024,3230,9516,5364,4152
27,498,dhule,Urban,70-74,9164,4303,4861,3341,802,2539,5823,3501,2322
27,498,dhule,Urban,75-79,4625,2171,2454,1625,396,1229,3000,1775,1225
27,498,dhule,Urban,80+,5411,2351,3060,2050,462,1588,3361,1889,1472
27,498,dhule,Urban,Age not stated,6366,3449,2917,1206,534,672,5160,2915,2245
27,499,jalgaon,Total,All ages,4229917,2197365,2032552,1338035,568142,769893,2891882,1629223,1262659
27,499,jalgaon,Total,0-6,532005,288827,243178,532005,288827,243178,0,0,0
27,499,jalgaon,Total,7,78867,42633,36234,22820,11955,10865,56047,30678,25369
27,499,jalgaon,Total,8,78050,42259,35791,10593,5434,5159,67457,36825,30632
27,499,jalgaon,Total,9,77586,42113,35473,7055,3564,3491,70531,38549,31982
27,499,jalgaon,Total,10,93588,50509,43079,8876,4413,4463,84712,46096,38616
27,499,jalgaon,Total,11,85021,45879,39142,5677,2675,3002,79344,43204,36140
27,499,jalgaon,Total,12,83652,45381,38271,5983,2810,3173,77669,42571,35098
27,499,jalgaon,Total,13,80697,43236,37461,5115,2436,2679,75582,40800,34782
27,499,jalgaon,Total,14,79765,42532,37233,5576,2568,3008,74189,39964,34225
27,499,jalgaon,Total,15,82375,44367,38008,6935,3282,3653,75440,41085,34355
27,499,jalgaon,Total,16,81200,43934,37266,6394,3176,3218,74806,40758,34048
27,499,jalgaon,Total,17,75774,41317,34457,5819,2813,3006,69955,38504,31451
27,499,jalgaon,Total,18,92388,50743,41645,9174,4105,5069,83214,46638,36576
27,499,jalgaon,Total,19,76859,41236,35623,7007,2828,4179,69852,38408,31444
27,499,jalgaon,Total,20-24,400533,213114,187419,48664,18518,30146,351869,194596,157273
27,499,jalgaon,Total,25-29,354311,182723,171588,58318,20932,37386,295993,161791,134202
27,499,jalgaon,Total,30-34,308670,156334,152336,66092,23016,43076,242578,133318,109260
27,499,jalgaon,Total,35-39,291720,146754,144966,74392,25875,48517,217328,120879,96449
27,499,jalgaon,Total,40-44,258119,132918,125201,73959,26651,47308,184160,106267,77893
27,499,jalgaon,Total,45-49,221728,114120,107608,66386,23061,43325,155342,91059,64283
27,499,jalgaon,Total,50-54,181452,96070,85382,55236,19335,35901,126216,76735,49481
27,499,jalgaon,Total,55-59,144425,74477,69948,45778,13824,31954,98647,60653,37994
27,499,jalgaon,Total,60-64,130116,58717,71399,52884,13372,39512,77232,45345,31887
27,499,jalgaon,Total,65-69,131540,57534,74006,61361,15039,46322,70179,42495,27684
27,499,jalgaon,Total,70-74,88256,40867,47389,44136,12185,31951,44120,28682,15438
27,499,jalgaon,Total,75-79,43650,20819,22831,20883,5669,15214,22767,15150,7617
27,499,jalgaon,Total,80+,44090,19842,24248,21613,5680,15933,22477,14162,8315
27,499,jalgaon,Total,Age not stated,33480,18110,15370,9304,4099,5205,24176,14011,10165
27,499,jalgaon,Rural,All ages,2887206,1500514,1386692,1009644,420264,589380,1877562,1080250,797312
27,499,jalgaon,Rural,0-6,375676,203933,171743,375676,203933,171743,0,0,0
27,499,jalgaon,Rural,7,54307,29389,24918,16255,8430,7825,38052,20959,17093
27,499,jalgaon,Rural,8,54689,29517,25172,7688,3915,3773,47001,25602,21399
27,499,jalgaon,Rural,9,54724,29580,25144,5134,2497,2637,49590,27083,22507
27,499,jalgaon,Rural,10,65715,35517,30198,6488,3158,3330,59227,32359,26868
27,499,jalgaon,Rural,11,59193,31899,27294,4155,1902,2253,55038,29997,25041
27,499,jalgaon,Rural,12,58743,31868,26875,4532,2092,2440,54211,29776,24435
27,499,jalgaon,Rural,13,56342,30116,26226,3873,1788,2085,52469,28328,24141
27,499,jalgaon,Rural,14,56111,30011,26100,4239,1911,2328,51872,28100,23772
27,499,jalgaon,Rural,15,57503,31135,26368,5268,2430,2838,52235,28705,23530
27,499,jalgaon,Rural,16,56567,31039,25528,4830,2397,2433,51737,28642,23095
27,499,jalgaon,Rural,17,51366,28429,22937,4313,2035,2278,47053,26394,20659
27,499,jalgaon,Rural,18,63430,35555,27875,6964,3051,3913,56466,32504,23962
27,499,jalgaon,Rural,19,51038,27733,23305,5307,2004,3303,45731,25729,20002
27,499,jalgaon,Rural,20-24,268951,145693,123258,37733,13895,23838,231218,131798,99420
27,499,jalgaon,Rural,25-29,235329,122679,112650,45998,16039,29959,189331,106640,82691
27,499,jalgaon,Rural,30-34,205305,104226,101079,52894,18088,34806,152411,86138,66273
27,499,jalgaon,Rural,35-39,193388,97194,96194,59183,20352,38831,134205,76842,57363
27,499,jalgaon,Rural,40-44,171348,87858,83490,58977,21059,37918,112371,66799,45572
27,499,jalgaon,Rural,45-49,147387,75204,72183,52805,18236,34569,94582,56968,37614
27,499,jalgaon,Rural,50-54,121175,63496,57679,43909,15304,28605,77266,48192,29074
27,499,jalgaon,Rural,55-59,96121,48853,47268,36245,10949,25296,59876,37904,21972
27,499,jalgaon,Rural,60-64,90505,39666,50839,42283,10648,31635,48222,29018,19204
27,499,jalgaon,Rural,65-69,96450,41404,55046,49891,12318,37573,46559,29086,17473
27,499,jalgaon,Rural,70-74,64853,29711,35142,35676,10060,25616,29177,19651,9526
27,499,jalgaon,Rural,75-79,30926,14656,16270,16509,4608,11901,14417,10048,4369
27,499,jalgaon,Rural,80+,29791,13376,16415,16245,4379,11866,13546,8997,4549
27,499,jalgaon,Rural,Age not stated,20273,10777,9496,6574,2786,3788,13699,7991,5708
27,499,jalgaon,Urban,All ages,1342711,696851,645860,328391,147878,180513,1014320,548973,465347
27,499,jalgaon,Urban,0-6,156329,84894,71435,156329,84894,71435,0,0,0
27,499,jalgaon,Urban,7,24560,13244,11316,6565,3525,3040,17995,9719,8276
27,499,jalgaon,Urban,8,23361,12742,10619,2905,1519,1386,20456,11223,9233
27,499,jalgaon,Urban,9,22862,12533,10329,1921,1067,854,20941,11466,9475
27,499,jalgaon,Urban,10,27873,14992,12881,2388,1255,1133,25485,13737,11748
27,499,jalgaon,Urban,11,25828,13980,11848,1522,773,749,24306,13207,11099
27,499,jalgaon,Urban,12,24909,13513,11396,1451,718,733,23458,12795,10663
27,499,jalgaon,Urban,13,24355,13120,11235,1242,648,594,23113,12472,10641
27,499,jalgaon,Urban,14,23654,12521,11133,1337,657,680,22317,11864,10453
27,499,jalgaon,Urban,15,24872,13232,11640,1667,852,815,23205,12380,10825
27,499,jalgaon,Urban,16,24633,12895,11738,1564,779,785,23069,12116,10953
27,499,jalgaon,Urban,17,24408,12888,11520,1506,778,728,22902,12110,10792
27,499,jalgaon,Urban,18,28958,15188,13770,2210,1054,1156,26748,14134,12614
27,499,jalgaon,Urban,19,25821,13503,12318,1700,824,876,24121,12679,11442
27,499,jalgaon,Urban,20-24,131582,67421,64161,10931,4623,6308,120651,62798,57853
27,499,jalgaon,Urban,25-29,118982,60044,58938,12320,4893,7427,106662,55151,51511
27,499,jalgaon,Urban,30-34,103365,52108,51257,13198,4928,8270,90167,47180,42987
27,499,jalgaon,Urban,35-39,98332,49560,48772,15209,5523,9686,83123,44037,39086
27,499,jalgaon,Urban,40-44,86771,45060,41711,14982,5592,9390,71789,39468,32321
27,499,jalgaon,Urban,45-49,74341,38916,35425,13581,4825,8756,60760,34091,26669
27,499,jalgaon,Urban,50-54,60277,32574,27703,11327,4031,7296,48950,28543,20407
27,499,jalgaon,Urban,55-59,48304,25624,22680,9533,2875,6658,38771,22749,16022
27,499,jalgaon,Urban,60-64,39611,19051,20560,10601,2724,7877,29010,16327,12683
27,499,jalgaon,Urban,65-69,35090,16130,18960,11470,2721,8749,23620,13409,10211
27,499,jalgaon,Urban,70-74,23403,11156,12247,8460,2125,6335,14943,9031,5912
27,499,jalgaon,Urban,75-79,12724,6163,6561,4374,1061,3313,8350,5102,3248
27,499,jalgaon,Urban,80+,14299,6466,7833,5368,1301,4067,8931,5165,3766
27,499,jalgaon,Urban,Age not stated,13207,7333,5874,2730,1313,1417,10477,6020,4457
27,500,buldana,Total,All ages,2586258,1337560,1248698,706384,288668,417716,1879874,1048892,830982
27,500,buldana,Total,0-6,332125,179072,153053,332125,179072,153053,0,0,0
27,500,buldana,Total,7,46647,24847,21800,10220,5385,4835,36427,19462,16965
27,500,buldana,Total,8,45716,24530,21186,3350,1686,1664,42366,22844,19522
27,500,buldana,Total,9,47766,25436,22330,1940,952,988,45826,24484,21342
27,500,buldana,Total,10,57441,30528,26913,2420,1185,1235,55021,29343,25678
27,500,buldana,Total,11,54375,28651,25724,1545,705,840,52830,27946,24884
27,500,buldana,Total,12,52188,27450,24738,1529,645,884,50659,26805,23854
27,500,buldana,Total,13,52545,27309,25236,1421,602,819,51124,26707,24417
27,500,buldana,Total,14,52980,27816,25164,1484,666,818,51496,27150,24346
27,500,buldana,Total,15,51509,27184,24325,1779,731,1048,49730,26453,23277
27,500,buldana,Total,16,52768,28183,24585,1794,787,1007,50974,27396,23578
27,500,buldana,Total,17,48071,25882,22189,1500,673,827,46571,25209,21362
27,500,buldana,Total,18,54663,29576,25087,2298,934,1364,52365,28642,23723
27,500,buldana,Total,19,49351,25855,23496,1878,668,1210,47473,25187,22286
27,500,buldana,Total,20-24,251706,133914,117792,14454,4802,9652,237252,129112,108140
27,500,buldana,Total,25-29,217606,113830,103776,19844,5973,13871,197762,107857,89905
27,500,buldana,Total,30-34,184992,94081,90911,24768,6635,18133,160224,87446,72778
27,500,buldana,Total,35-39,172160,87078,85082,30422,8008,22414,141738,79070,62668
27,500,buldana,Total,40-44,153693,79094,74599,34566,9621,24945,119127,69473,49654
27,500,buldana,Total,45-49,130995,67755,63240,33399,9622,23777,97596,58133,39463
27,500,buldana,Total,50-54,109057,56476,52581,29816,8480,21336,79241,47996,31245
27,500,buldana,Total,55-59,87329,44020,43309,25611,6308,19303,61718,37712,24006
27,500,buldana,Total,60-64,83927,37690,46237,32366,7269,25097,51561,30421,21140
27,500,buldana,Total,65-69,83078,37932,45146,37201,9325,27876,45877,28607,17270
27,500,buldana,Total,70-74,56054,26318,29736,28841,8631,20210,27213,17687,9526
27,500,buldana,Total,75-79,27730,13212,14518,14435,4428,10007,13295,8784,4511
27,500,buldana,Total,80+,25896,11746,14150,14324,4435,9889,11572,7311,4261
27,500,buldana,Total,Age not stated,3890,2095,1795,1054,440,614,2836,1655,1181
27,500,buldana,Rural,All ages,2037398,1055242,982156,586640,236671,349969,1450758,818571,632187
27,500,buldana,Rural,0-6,264970,143051,121919,264970,143051,121919,0,0,0
27,500,buldana,Rural,7,36460,19368,17092,7945,4167,3778,28515,15201,13314
27,500,buldana,Rural,8,36040,19214,16826,2592,1277,1315,33448,17937,15511
27,500,buldana,Rural,9,37937,20204,17733,1500,731,769,36437,19473,16964
27,500,buldana,Rural,10,45600,24215,21385,1927,932,995,43673,23283,20390
27,500,buldana,Rural,11,43243,22751,20492,1224,537,687,42019,22214,19805
27,500,buldana,Rural,12,41290,21645,19645,1216,499,717,40074,21146,18928
27,500,buldana,Rural,13,41600,21534,20066,1124,468,656,40476,21066,19410
27,500,buldana,Rural,14,41940,22002,19938,1185,517,668,40755,21485,19270
27,500,buldana,Rural,15,40705,21439,19266,1467,577,890,39238,20862,18376
27,500,buldana,Rural,16,41651,22307,19344,1454,622,832,40197,21685,18512
27,500,buldana,Rural,17,37823,20489,17334,1164,508,656,36659,19981,16678
27,500,buldana,Rural,18,42721,23259,19462,1842,716,1126,40879,22543,18336
27,500,buldana,Rural,19,38599,20327,18272,1555,513,1042,37044,19814,17230
27,500,buldana,Rural,20-24,197590,106149,91441,12023,3822,8201,185567,102327,83240
27,500,buldana,Rural,25-29,170015,89793,80222,16844,4918,11926,153171,84875,68296
27,500,buldana,Rural,30-34,143691,73589,70102,21300,5577,15723,122391,68012,54379
27,500,buldana,Rural,35-39,132490,67187,65303,26272,6798,19474,106218,60389,45829
27,500,buldana,Rural,40-44,118751,60838,57913,30067,8280,21787,88684,52558,36126
27,500,buldana,Rural,45-49,101783,52455,49328,29110,8409,20701,72673,44046,28627
27,500,buldana,Rural,50-54,85535,44021,41514,26043,7432,18611,59492,36589,22903
27,500,buldana,Rural,55-59,68826,34425,34401,22412,5549,16863,46414,28876,17538
27,500,buldana,Rural,60-64,67796,30202,37594,28342,6435,21907,39454,23767,15687
27,500,buldana,Rural,65-69,67943,31104,36839,32415,8320,24095,35528,22784,12744
27,500,buldana,Rural,70-74,45703,21538,24165,24953,7681,17272,20750,13857,6893
27,500,buldana,Rural,75-79,22499,10751,11748,12541,3998,8543,9958,6753,3205
27,500,buldana,Rural,80+,20943,9626,11317,12208,3949,8259,8735,5677,3058
27,500,buldana,Rural,Age not stated,3254,1759,1495,945,388,557,2309,1371,938
27,500,buldana,Urban,All ages,548860,282318,266542,119744,51997,67747,429116,230321,198795
27,500,buldana,Urban,0-6,67155,36021,31134,67155,36021,31134,0,0,0
27,500,buldana,Urban,7,10187,5479,4708,2275,1218,1057,7912,4261,3651
27,500,buldana,Urban,8,9676,5316,4360,758,409,349,8918,4907,4011
27,500,buldana,Urban,9,9829,5232,4597,440,221,219,9389,5011,4378
27,500,buldana,Urban,10,11841,6313,5528,493,253,240,11348,6060,5288
27,500,buldana,Urban,11,11132,5900,5232,321,168,153,10811,5732,5079
27,500,buldana,Urban,12,10898,5805,5093,313,146,167,10585,5659,4926
27,500,buldana,Urban,13,10945,5775,5170,297,134,163,10648,5641,5007
27,500,buldana,Urban,14,11040,5814,5226,299,149,150,10741,5665,5076
27,500,buldana,Urban,15,10804,5745,5059,312,154,158,10492,5591,4901
27,500,buldana,Urban,16,11117,5876,5241,340,165,175,10777,5711,5066
27,500,buldana,Urban,17,10248,5393,4855,336,165,171,9912,5228,4684
27,500,buldana,Urban,18,11942,6317,5625,456,218,238,11486,6099,5387
27,500,buldana,Urban,19,10752,5528,5224,323,155,168,10429,5373,5056
27,500,buldana,Urban,20-24,54116,27765,26351,2431,980,1451,51685,26785,24900
27,500,buldana,Urban,25-29,47591,24037,23554,3000,1055,1945,44591,22982,21609
27,500,buldana,Urban,30-34,41301,20492,20809,3468,1058,2410,37833,19434,18399
27,500,buldana,Urban,35-39,39670,19891,19779,4150,1210,2940,35520,18681,16839
27,500,buldana,Urban,40-44,34942,18256,16686,4499,1341,3158,30443,16915,13528
27,500,buldana,Urban,45-49,29212,15300,13912,4289,1213,3076,24923,14087,10836
27,500,buldana,Urban,50-54,23522,12455,11067,3773,1048,2725,19749,11407,8342
27,500,buldana,Urban,55-59,18503,9595,8908,3199,759,2440,15304,8836,6468
27,500,buldana,Urban,60-64,16131,7488,8643,4024,834,3190,12107,6654,5453
27,500,buldana,Urban,65-69,15135,6828,8307,4786,1005,3781,10349,5823,4526
27,500,buldana,Urban,70-74,10351,4780,5571,3888,950,2938,6463,3830,2633
27,500,buldana,Urban,75-79,5231,2461,2770,1894,430,1464,3337,2031,1306
27,500,buldana,Urban,80+,4953,2120,2833,2116,486,1630,2837,1634,1203
27,500,buldana,Urban,Age not stated,636,336,300,109,52,57,527,284,243
27,501,akola,Total,All ages,1813906,932334,881572,402625,173357,229268,1411281,758977,652304
27,501,akola,Total,0-6,211080,110372,100708,211080,110372,100708,0,0,0
27,501,akola,Total,7,31336,16272,15064,6356,3318,3038,24980,12954,12026
27,501,akola,Total,8,30572,15935,14637,1914,968,946,28658,14967,13691
27,501,akola,Total,9,31995,16491,15504,1223,628,595,30772,15863,14909
27,501,akola,Total,10,37973,19688,18285,1725,871,854,36248,18817,17431
27,501,akola,Total,11,36683,18867,17816,1081,549,532,35602,18318,17284
27,501,akola,Total,12,35529,18680,16849,851,438,413,34678,18242,16436
27,501,akola,Total,13,35549,18320,17229,774,374,400,34775,17946,16829
27,501,akola,Total,14,36282,18593,17689,861,432,429,35421,18161,17260
27,501,akola,Total,15,35853,18477,17376,988,490,498,34865,17987,16878
27,501,akola,Total,16,36702,19023,17679,1019,486,533,35683,18537,17146
27,501,akola,Total,17,34121,17797,16324,881,432,449,33240,17365,15875
27,501,akola,Total,18,39673,20859,18814,1278,657,621,38395,20202,18193
27,501,akola,Total,19,35134,18328,16806,1029,505,524,34105,17823,16282
27,501,akola,Total,20-24,176234,92678,83556,6962,2916,4046,169272,89762,79510
27,501,akola,Total,25-29,154053,80012,74041,8834,3395,5439,145219,76617,68602
27,501,akola,Total,30-34,135083,68964,66119,10908,3809,7099,124175,65155,59020
27,501,akola,Total,35-39,130317,65949,64368,14628,4627,10001,115689,61322,54367
27,501,akola,Total,40-44,118012,61015,56997,17507,5705,11802,100505,55310,45195
27,501,akola,Total,45-49,99788,51818,47970,17201,5626,11575,82587,46192,36395
27,501,akola,Total,50-54,82063,43451,38612,15477,4947,10530,66586,38504,28082
27,501,akola,Total,55-59,63733,33010,30723,13150,3586,9564,50583,29424,21159
27,501,akola,Total,60-64,59046,27691,31355,17063,4113,12950,41983,23578,18405
27,501,akola,Total,65-69,51065,23847,27218,18016,4634,13382,33049,19213,13836
27,501,akola,Total,70-74,36367,17058,19309,15414,4464,10950,20953,12594,8359
27,501,akola,Total,75-79,18189,8973,9216,7481,2190,5291,10708,6783,3925
27,501,akola,Total,80+,17469,8074,9395,7923,2375,5548,9546,5699,3847
27,501,akola,Total,Age not stated,4005,2092,1913,1001,450,551,3004,1642,1362
27,501,akola,Rural,All ages,1094165,563933,530232,264810,110789,154021,829355,453144,376211
27,501,akola,Rural,0-6,129187,67347,61840,129187,67347,61840,0,0,0
27,501,akola,Rural,7,18980,9786,9194,4028,2064,1964,14952,7722,7230
27,501,akola,Rural,8,18289,9533,8756,1167,571,596,17122,8962,8160
27,501,akola,Rural,9,19773,10136,9637,758,378,380,19015,9758,9257
27,501,akola,Rural,10,23278,12156,11122,1079,528,551,22199,11628,10571
27,501,akola,Rural,11,22771,11670,11101,689,353,336,22082,11317,10765
27,501,akola,Rural,12,21670,11374,10296,534,270,264,21136,11104,10032
27,501,akola,Rural,13,21926,11273,10653,499,238,261,21427,11035,10392
27,501,akola,Rural,14,22392,11495,10897,548,270,278,21844,11225,10619
27,501,akola,Rural,15,21806,11278,10528,611,288,323,21195,10990,10205
27,501,akola,Rural,16,22475,11641,10834,646,287,359,21829,11354,10475
27,501,akola,Rural,17,20793,10973,9820,561,275,286,20232,10698,9534
27,501,akola,Rural,18,23503,12457,11046,752,357,395,22751,12100,10651
27,501,akola,Rural,19,21376,11202,10174,665,301,364,20711,10901,9810
27,501,akola,Rural,20-24,104997,56076,48921,4426,1691,2735,100571,54385,46186
27,501,akola,Rural,25-29,91523,48392,43131,5878,2081,3797,85645,46311,39334
27,501,akola,Rural,30-34,79232,40769,38463,7535,2483,5052,71697,38286,33411
27,501,akola,Rural,35-39,76016,38818,37198,10382,3127,7255,65634,35691,29943
27,501,akola,Rural,40-44,69422,35877,33545,12611,3968,8643,56811,31909,24902
27,501,akola,Rural,45-49,58947,30620,28327,12451,4038,8413,46496,26582,19914
27,501,akola,Rural,50-54,49300,26058,23242,11286,3544,7742,38014,22514,15500
27,501,akola,Rural,55-59,37920,19492,18428,9661,2630,7031,28259,16862,11397
27,501,akola,Rural,60-64,36598,16794,19804,12480,2968,9512,24118,13826,10292
27,501,akola,Rural,65-69,32899,15171,17728,13418,3558,9860,19481,11613,7868
27,501,akola,Rural,70-74,23794,11106,12688,11335,3407,7928,12459,7699,4760
27,501,akola,Rural,75-79,11638,5797,5841,5501,1677,3824,6137,4120,2017
27,501,akola,Rural,80+,10809,5203,5606,5381,1757,3624,5428,3446,1982
27,501,akola,Rural,Age not stated,2851,1439,1412,741,333,408,2110,1106,1004
27,501,akola,Urban,All ages,719741,368401,351340,137815,62568,75247,581926,305833,276093
27,501,akola,Urban,0-6,81893,43025,38868,81893,43025,38868,0,0,0
27,501,akola,Urban,7,12356,6486,5870,2328,1254,1074,10028,5232,4796
27,501,akola,Urban,8,12283,6402,5881,747,397,350,11536,6005,5531
27,501,akola,Urban,9,12222,6355,5867,465,250,215,11757,6105,5652
27,501,akola,Urban,10,14695,7532,7163,646,343,303,14049,7189,6860
27,501,akola,Urban,11,13912,7197,6715,392,196,196,13520,7001,6519
27,501,akola,Urban,12,13859,7306,6553,317,168,149,13542,7138,6404
27,501,akola,Urban,13,13623,7047,6576,275,136,139,13348,6911,6437
27,501,akola,Urban,14,13890,7098,6792,313,162,151,13577,6936,6641
27,501,akola,Urban,15,14047,7199,6848,377,202,175,13670,6997,6673
27,501,akola,Urban,16,14227,7382,6845,373,199,174,13854,7183,6671
27,501,akola,Urban,17,13328,6824,6504,320,157,163,13008,6667,6341
27,501,akola,Urban,18,16170,8402,7768,526,300,226,15644,8102,7542
27,501,akola,Urban,19,13758,7126,6632,364,204,160,13394,6922,6472
27,501,akola,Urban,20-24,71237,36602,34635,2536,1225,1311,68701,35377,33324
27,501,akola,Urban,25-29,62530,31620,30910,2956,1314,1642,59574,30306,29268
27,501,akola,Urban,30-34,55851,28195,27656,3373,1326,2047,52478,26869,25609
27,501,akola,Urban,35-39,54301,27131,27170,4246,1500,2746,50055,25631,24424
27,501,akola,Urban,40-44,48590,25138,23452,4896,1737,3159,43694,23401,20293
27,501,akola,Urban,45-49,40841,21198,19643,4750,1588,3162,36091,19610,16481
27,501,akola,Urban,50-54,32763,17393,15370,4191,1403,2788,28572,15990,12582
27,501,akola,Urban,55-59,25813,13518,12295,3489,956,2533,22324,12562,9762
27,501,akola,Urban,60-64,22448,10897,11551,4583,1145,3438,17865,9752,8113
27,501,akola,Urban,65-69,18166,8676,9490,4598,1076,3522,13568,7600,5968
27,501,akola,Urban,70-74,12573,5952,6621,4079,1057,3022,8494,4895,3599
27,501,akola,Urban,75-79,6551,3176,3375,1980,513,1467,4571,2663,1908
27,501,akola,Urban,80+,6660,2871,3789,2542,618,1924,4118,2253,1865
27,501,akola,Urban,Age not stated,1154,653,501,260,117,143,894,536,358
27,502,washim,Total,All ages,1197160,620302,576858,327243,132599,194644,869917,487703,382214
27,502,washim,Total,0-6,152190,81686,70504,152190,81686,70504,0,0,0
27,502,washim,Total,7,21691,11335,10356,4120,2143,1977,17571,9192,8379
27,502,washim,Total,8,22546,11852,10694,1304,703,601,21242,11149,10093
27,502,washim,Total,9,23216,12284,10932,765,335,430,22451,11949,10502
27,502,washim,Total,10,27903,14855,13048,1064,524,540,26839,14331,12508
27,502,washim,Total,11,26770,14126,12644,571,256,315,26199,13870,12329
27,502,washim,Total,12,25823,13631,12192,533,247,286,25290,13384,11906
27,502,washim,Total,13,25256,13158,12098,541,245,296,24715,12913,11802
27,502,washim,Total,14,25633,13443,12190,618,245,373,25015,13198,11817
27,502,washim,Total,15,25373,13417,11956,756,287,469,24617,13130,11487
27,502,washim,Total,16,24937,13181,11756,763,334,429,24174,12847,11327
27,502,washim,Total,17,22696,12213,10483,711,287,424,21985,11926,10059
27,502,washim,Total,18,26397,14535,11862,919,370,549,25478,14165,11313
27,502,washim,Total,19,21856,11928,9928,791,274,517,21065,11654,9411
27,502,washim,Total,20-24,112637,61091,51546,6283,1943,4340,106354,59148,47206
27,502,washim,Total,25-29,97995,50539,47456,9164,2497,6667,88831,48042,40789
27,502,washim,Total,30-34,87440,43739,43701,12050,2990,9060,75390,40749,34641
27,502,washim,Total,35-39,83326,42294,41032,15310,3881,11429,68016,38413,29603
27,502,washim,Total,40-44,73077,38259,34818,17296,4843,12453,55781,33416,22365
27,502,washim,Total,45-49,58582,30732,27850,16132,4687,11445,42450,26045,16405
27,502,washim,Total,50-54,47335,24485,22850,14117,4055,10062,33218,20430,12788
27,502,washim,Total,55-59,37836,18797,19039,12387,3077,9310,25449,15720,9729
27,502,washim,Total,60-64,39369,17542,21827,16111,3839,12272,23258,13703,9555
27,502,washim,Total,65-69,36404,16865,19539,16491,4453,12038,19913,12412,7501
27,502,washim,Total,70-74,24746,11845,12901,12754,3988,8766,11992,7857,4135
27,502,washim,Total,75-79,11694,5607,6087,6125,1926,4199,5569,3681,1888
27,502,washim,Total,80+,12801,5945,6856,7019,2344,4675,5782,3601,2181
27,502,washim,Total,Age not stated,1631,918,713,358,140,218,1273,778,495
27,502,washim,Rural,All ages,985747,511727,474020,278991,111243,167748,706756,400484,306272
27,502,washim,Rural,0-6,125583,67515,58068,125583,67515,58068,0,0,0
27,502,washim,Rural,7,17666,9232,8434,3206,1655,1551,14460,7577,6883
27,502,washim,Rural,8,18480,9691,8789,936,485,451,17544,9206,8338
27,502,washim,Rural,9,19256,10198,9058,591,262,329,18665,9936,8729
27,502,washim,Rural,10,22906,12269,10637,791,383,408,22115,11886,10229
27,502,washim,Rural,11,22251,11746,10505,442,199,243,21809,11547,10262
27,502,washim,Rural,12,21343,11329,10014,414,186,228,20929,11143,9786
27,502,washim,Rural,13,20884,10910,9974,414,175,239,20470,10735,9735
27,502,washim,Rural,14,21170,11145,10025,473,170,303,20697,10975,9722
27,502,washim,Rural,15,20859,11100,9759,603,210,393,20256,10890,9366
27,502,washim,Rural,16,20466,10923,9543,629,259,370,19837,10664,9173
27,502,washim,Rural,17,18702,10096,8606,582,227,355,18120,9869,8251
27,502,washim,Rural,18,21440,11980,9460,731,272,459,20709,11708,9001
27,502,washim,Rural,19,18001,9879,8122,651,218,433,17350,9661,7689
27,502,washim,Rural,20-24,92118,50446,41672,5332,1555,3777,86786,48891,37895
27,502,washim,Rural,25-29,80034,41604,38430,7876,2058,5818,72158,39546,32612
27,502,washim,Rural,30-34,71142,35653,35489,10548,2516,8032,60594,33137,27457
27,502,washim,Rural,35-39,67990,34486,33504,13578,3283,10295,54412,31203,23209
27,502,washim,Rural,40-44,59723,31101,28622,15456,4211,11245,44267,26890,17377
27,502,washim,Rural,45-49,48223,25094,23129,14445,4147,10298,33778,20947,12831
27,502,washim,Rural,50-54,39086,20122,18964,12531,3581,8950,26555,16541,10014
27,502,washim,Rural,55-59,31594,15568,16026,11116,2730,8386,20478,12838,7640
27,502,washim,Rural,60-64,33077,14623,18454,14271,3387,10884,18806,11236,7570
27,502,washim,Rural,65-69,30779,14312,16467,14648,3969,10679,16131,10343,5788
27,502,washim,Rural,70-74,21045,10132,10913,11305,3609,7696,9740,6523,3217
27,502,washim,Rural,75-79,9859,4727,5132,5430,1743,3687,4429,2984,1445
27,502,washim,Rural,80+,10636,5040,5596,6086,2113,3973,4550,2927,1623
27,502,washim,Rural,Age not stated,1434,806,628,323,125,198,1111,681,430
27,502,washim,Urban,All ages,211413,108575,102838,48252,21356,26896,163161,87219,75942
27,502,washim,Urban,0-6,26607,14171,12436,26607,14171,12436,0,0,0
27,502,washim,Urban,7,4025,2103,1922,914,488,426,3111,1615,1496
27,502,washim,Urban,8,4066,2161,1905,368,218,150,3698,1943,1755
27,502,washim,Urban,9,3960,2086,1874,174,73,101,3786,2013,1773
27,502,washim,Urban,10,4997,2586,2411,273,141,132,4724,2445,2279
27,502,washim,Urban,11,4519,2380,2139,129,57,72,4390,2323,2067
27,502,washim,Urban,12,4480,2302,2178,119,61,58,4361,2241,2120
27,502,washim,Urban,13,4372,2248,2124,127,70,57,4245,2178,2067
27,502,washim,Urban,14,4463,2298,2165,145,75,70,4318,2223,2095
27,502,washim,Urban,15,4514,2317,2197,153,77,76,4361,2240,2121
27,502,washim,Urban,16,4471,2258,2213,134,75,59,4337,2183,2154
27,502,washim,Urban,17,3994,2117,1877,129,60,69,3865,2057,1808
27,502,washim,Urban,18,4957,2555,2402,188,98,90,4769,2457,2312
27,502,washim,Urban,19,3855,2049,1806,140,56,84,3715,1993,1722
27,502,washim,Urban,20-24,20519,10645,9874,951,388,563,19568,10257,9311
27,502,washim,Urban,25-29,17961,8935,9026,1288,439,849,16673,8496,8177
27,502,washim,Urban,30-34,16298,8086,8212,1502,474,1028,14796,7612,7184
27,502,washim,Urban,35-39,15336,7808,7528,1732,598,1134,13604,7210,6394
27,502,washim,Urban,40-44,13354,7158,6196,1840,632,1208,11514,6526,4988
27,502,washim,Urban,45-49,10359,5638,4721,1687,540,1147,8672,5098,3574
27,502,washim,Urban,50-54,8249,4363,3886,1586,474,1112,6663,3889,2774
27,502,washim,Urban,55-59,6242,3229,3013,1271,347,924,4971,2882,2089
27,502,washim,Urban,60-64,6292,2919,3373,1840,452,1388,4452,2467,1985
27,502,washim,Urban,65-69,5625,2553,3072,1843,484,1359,3782,2069,1713
27,502,washim,Urban,70-74,3701,1713,1988,1449,379,1070,2252,1334,918
27,502,washim,Urban,75-79,1835,880,955,695,183,512,1140,697,443
27,502,washim,Urban,80+,2165,905,1260,933,231,702,1232,674,558
27,502,washim,Urban,Age not stated,197,112,85,35,15,20,162,97,65
27,503,amravati,Total,All ages,2888445,1480768,1407677,636570,273664,362906,2251875,1207104,1044771
27,503,amravati,Total,0-6,311391,160934,150457,311391,160934,150457,0,0,0
27,503,amravati,Total,7,46167,23748,22419,7856,4055,3801,38311,19693,18618
27,503,amravati,Total,8,46869,24239,22630,2616,1322,1294,44253,22917,21336
27,503,amravati,Total,9,48456,25237,23219,1587,815,772,46869,24422,22447
27,503,amravati,Total,10,58760,30433,28327,2204,1175,1029,56556,29258,27298
27,503,amravati,Total,11,56361,28964,27397,1128,585,543,55233,28379,26854
27,503,amravati,Total,12,56103,28875,27228,1007,526,481,55096,28349,26747
27,503,amravati,Total,13,57329,29196,28133,930,480,450,56399,28716,27683
27,503,amravati,Total,14,56024,28709,27315,1051,508,543,54973,28201,26772
27,503,amravati,Total,15,56670,29239,27431,1267,620,647,55403,28619,26784
27,503,amravati,Total,16,58180,30029,28151,1317,604,713,56863,29425,27438
27,503,amravati,Total,17,54290,27841,26449,1177,581,596,53113,27260,25853
27,503,amravati,Total,18,61670,32043,29627,1773,762,1011,59897,31281,28616
27,503,amravati,Total,19,55340,28372,26968,1509,630,879,53831,27742,26089
27,503,amravati,Total,20-24,278265,144101,134164,10511,4191,6320,267754,139910,127844
27,503,amravati,Total,25-29,238715,122465,116250,13338,5142,8196,225377,117323,108054
27,503,amravati,Total,30-34,215896,109602,106294,17758,6256,11502,198138,103346,94792
27,503,amravati,Total,35-39,210353,105645,104708,23735,8044,15691,186618,97601,89017
27,503,amravati,Total,40-44,194877,101236,93641,29296,10519,18777,165581,90717,74864
27,503,amravati,Total,45-49,162423,85527,76896,28058,10136,17922,134365,75391,58974
27,503,amravati,Total,50-54,131812,70906,60906,25911,9386,16525,105901,61520,44381
27,503,amravati,Total,55-59,100309,52215,48094,21858,6675,15183,78451,45540,32911
27,503,amravati,Total,60-64,97712,46266,51446,30428,8320,22108,67284,37946,29338
27,503,amravati,Total,65-69,90736,42440,48296,34602,9523,25079,56134,32917,23217
27,503,amravati,Total,70-74,66100,32567,33533,31120,10288,20832,34980,22279,12701
27,503,amravati,Total,75-79,34004,17756,16248,15396,5355,10041,18608,12401,6207
27,503,amravati,Total,80+,32592,16337,16255,15653,5367,10286,16939,10970,5969
27,503,amravati,Total,Age not stated,11041,5846,5195,2093,865,1228,8948,4981,3967
27,503,amravati,Rural,All ages,1851158,950633,900525,450463,188968,261495,1400695,761665,639030
27,503,amravati,Rural,0-6,204552,105268,99284,204552,105268,99284,0,0,0
27,503,amravati,Rural,7,29834,15283,14551,5018,2582,2436,24816,12701,12115
27,503,amravati,Rural,8,30788,15852,14936,1558,743,815,29230,15109,14121
27,503,amravati,Rural,9,32213,16722,15491,983,497,486,31230,16225,15005
27,503,amravati,Rural,10,38556,19888,18668,1379,717,662,37177,19171,18006
27,503,amravati,Rural,11,37540,19259,18281,689,339,350,36851,18920,17931
27,503,amravati,Rural,12,37030,18902,18128,627,310,317,36403,18592,17811
27,503,amravati,Rural,13,38076,19353,18723,579,273,306,37497,19080,18417
27,503,amravati,Rural,14,36945,18964,17981,729,337,392,36216,18627,17589
27,503,amravati,Rural,15,37390,19260,18130,862,390,472,36528,18870,17658
27,503,amravati,Rural,16,38273,19744,18529,904,387,517,37369,19357,18012
27,503,amravati,Rural,17,35166,18122,17044,766,354,412,34400,17768,16632
27,503,amravati,Rural,18,39490,20597,18893,1208,459,749,38282,20138,18144
27,503,amravati,Rural,19,35464,18160,17304,1074,390,684,34390,17770,16620
27,503,amravati,Rural,20-24,176132,92027,84105,7382,2645,4737,168750,89382,79368
27,503,amravati,Rural,25-29,148265,77429,70836,9676,3408,6268,138589,74021,64568
27,503,amravati,Rural,30-34,133346,68406,64940,13260,4356,8904,120086,64050,56036
27,503,amravati,Rural,35-39,129963,65548,64415,18115,5758,12357,111848,59790,52058
27,503,amravati,Rural,40-44,121298,63228,58070,22502,7831,14671,98796,55397,43399
27,503,amravati,Rural,45-49,101043,53163,47880,21654,7682,13972,79389,45481,33908
27,503,amravati,Rural,50-54,82848,44451,38397,20021,7231,12790,62827,37220,25607
27,503,amravati,Rural,55-59,63041,32808,30233,16959,5196,11763,46082,27612,18470
27,503,amravati,Rural,60-64,63564,29534,34030,23557,6503,17054,40007,23031,16976
27,503,amravati,Rural,65-69,61662,28449,33213,27004,7644,19360,34658,20805,13853
27,503,amravati,Rural,70-74,46047,22625,23422,24479,8416,16063,21568,14209,7359
27,503,amravati,Rural,75-79,23230,12354,10876,11887,4393,7494,11343,7961,3382
27,503,amravati,Rural,80+,21559,11102,10457,11432,4209,7223,10127,6893,3234
27,503,amravati,Rural,Age not stated,7843,4135,3708,1607,650,957,6236,3485,2751
27,503,amravati,Urban,All ages,1037287,530135,507152,186107,84696,101411,851180,445439,405741
27,503,amravati,Urban,0-6,106839,55666,51173,106839,55666,51173,0,0,0
27,503,amravati,Urban,7,16333,8465,7868,2838,1473,1365,13495,6992,6503
27,503,amravati,Urban,8,16081,8387,7694,1058,579,479,15023,7808,7215
27,503,amravati,Urban,9,16243,8515,7728,604,318,286,15639,8197,7442
27,503,amravati,Urban,10,20204,10545,9659,825,458,367,19379,10087,9292
27,503,amravati,Urban,11,18821,9705,9116,439,246,193,18382,9459,8923
27,503,amravati,Urban,12,19073,9973,9100,380,216,164,18693,9757,8936
27,503,amravati,Urban,13,19253,9843,9410,351,207,144,18902,9636,9266
27,503,amravati,Urban,14,19079,9745,9334,322,171,151,18757,9574,9183
27,503,amravati,Urban,15,19280,9979,9301,405,230,175,18875,9749,9126
27,503,amravati,Urban,16,19907,10285,9622,413,217,196,19494,10068,9426
27,503,amravati,Urban,17,19124,9719,9405,411,227,184,18713,9492,9221
27,503,amravati,Urban,18,22180,11446,10734,565,303,262,21615,11143,10472
27,503,amravati,Urban,19,19876,10212,9664,435,240,195,19441,9972,9469
27,503,amravati,Urban,20-24,102133,52074,50059,3129,1546,1583,99004,50528,48476
27,503,amravati,Urban,25-29,90450,45036,45414,3662,1734,1928,86788,43302,43486
27,503,amravati,Urban,30-34,82550,41196,41354,4498,1900,2598,78052,39296,38756
27,503,amravati,Urban,35-39,80390,40097,40293,5620,2286,3334,74770,37811,36959
27,503,amravati,Urban,40-44,73579,38008,35571,6794,2688,4106,66785,35320,31465
27,503,amravati,Urban,45-49,61380,32364,29016,6404,2454,3950,54976,29910,25066
27,503,amravati,Urban,50-54,48964,26455,22509,5890,2155,3735,43074,24300,18774
27,503,amravati,Urban,55-59,37268,19407,17861,4899,1479,3420,32369,17928,14441
27,503,amravati,Urban,60-64,34148,16732,17416,6871,1817,5054,27277,14915,12362
27,503,amravati,Urban,65-69,29074,13991,15083,7598,1879,5719,21476,12112,9364
27,503,amravati,Urban,70-74,20053,9942,10111,6641,1872,4769,13412,8070,5342
27,503,amravati,Urban,75-79,10774,5402,5372,3509,962,2547,7265,4440,2825
27,503,amravati,Urban,80+,11033,5235,5798,4221,1158,3063,6812,4077,2735
27,503,amravati,Urban,Age not stated,3198,1711,1487,486,215,271,2712,1496,1216
27,504,wardha,Total,All ages,1300774,668385,632389,281316,115768,165548,1019458,552617,466841
27,504,wardha,Total,0-6,128901,67187,61714,128901,67187,61714,0,0,0
27,504,wardha,Total,7,19144,9843,9301,3241,1707,1534,15903,8136,7767
27,504,wardha,Total,8,19025,9846,9179,810,424,386,18215,9422,8793
27,504,wardha,Total,9,20103,10569,9534,419,193,226,19684,10376,9308
27,504,wardha,Total,10,23088,12035,11053,574,292,282,22514,11743,10771
27,504,wardha,Total,11,23219,11878,11341,282,131,151,22937,11747,11190
27,504,wardha,Total,12,22237,11660,10577,279,139,140,21958,11521,10437
27,504,wardha,Total,13,23187,11975,11212,237,112,125,22950,11863,11087
27,504,wardha,Total,14,23889,12513,11376,292,138,154,23597,12375,11222
27,504,wardha,Total,15,23595,12210,11385,405,160,245,23190,12050,11140
27,504,wardha,Total,16,23641,12326,11315,352,167,185,23289,12159,11130
27,504,wardha,Total,17,22991,12002,10989,305,157,148,22686,11845,10841
27,504,wardha,Total,18,26272,13602,12670,492,226,266,25780,13376,12404
27,504,wardha,Total,19,23149,11909,11240,338,141,197,22811,11768,11043
27,504,wardha,Total,20-24,123796,63617,60179,2780,1152,1628,121016,62465,58551
27,504,wardha,Total,25-29,113303,58514,54789,3804,1569,2235,109499,56945,52554
27,504,wardha,Total,30-34,101012,51600,49412,5384,2017,3367,95628,49583,46045
27,504,wardha,Total,35-39,100392,50702,49690,8793,2928,5865,91599,47774,43825
27,504,wardha,Total,40-44,91037,47246,43791,12191,3996,8195,78846,43250,35596
27,504,wardha,Total,45-49,77786,40644,37142,13181,4187,8994,64605,36457,28148
27,504,wardha,Total,50-54,63557,34387,29170,12278,3749,8529,51279,30638,20641
27,504,wardha,Total,55-59,48368,25280,23088,11036,2726,8310,37332,22554,14778
27,504,wardha,Total,60-64,47296,22115,25181,16811,3773,13038,30485,18342,12143
27,504,wardha,Total,65-69,45420,21087,24333,20553,5211,15342,24867,15876,8991
27,504,wardha,Total,70-74,33453,16689,16764,18644,6269,12375,14809,10420,4389
27,504,wardha,Total,75-79,16572,8702,7870,9279,3394,5885,7293,5308,1985
27,504,wardha,Total,80+,15441,7744,7697,9447,3529,5918,5994,4215,1779
27,504,wardha,Total,Age not stated,900,503,397,208,94,114,692,409,283
27,504,wardha,Rural,All ages,877474,451874,425600,212392,86676,125716,665082,365198,299884
27,504,wardha,Rural,0-6,88224,45798,42426,88224,45798,42426,0,0,0
27,504,wardha,Rural,7,12897,6620,6277,2456,1310,1146,10441,5310,5131
27,504,wardha,Rural,8,12877,6642,6235,622,338,284,12255,6304,5951
27,504,wardha,Rural,9,13813,7183,6630,310,147,163,13503,7036,6467
27,504,wardha,Rural,10,15669,8191,7478,394,202,192,15275,7989,7286
27,504,wardha,Rural,11,16066,8201,7865,207,97,110,15859,8104,7755
27,504,wardha,Rural,12,15265,7935,7330,191,94,97,15074,7841,7233
27,504,wardha,Rural,13,16073,8237,7836,167,78,89,15906,8159,7747
27,504,wardha,Rural,14,16452,8555,7897,194,94,100,16258,8461,7797
27,504,wardha,Rural,15,16215,8346,7869,277,111,166,15938,8235,7703
27,504,wardha,Rural,16,16368,8488,7880,226,113,113,16142,8375,7767
27,504,wardha,Rural,17,15904,8294,7610,210,115,95,15694,8179,7515
27,504,wardha,Rural,18,17772,9259,8513,342,163,179,17430,9096,8334
27,504,wardha,Rural,19,15511,8079,7432,226,98,128,15285,7981,7304
27,504,wardha,Rural,20-24,82583,43314,39269,1987,828,1159,80596,42486,38110
27,504,wardha,Rural,25-29,74232,38941,35291,2824,1170,1654,71408,37771,33637
27,504,wardha,Rural,30-34,65645,33758,31887,4176,1558,2618,61469,32200,29269
27,504,wardha,Rural,35-39,65611,33358,32253,7094,2372,4722,58517,30986,27531
27,504,wardha,Rural,40-44,59373,30889,28484,10080,3351,6729,49293,27538,21755
27,504,wardha,Rural,45-49,51062,26531,24531,10874,3527,7347,40188,23004,17184
27,504,wardha,Rural,50-54,42185,22887,19298,10130,3150,6980,32055,19737,12318
27,504,wardha,Rural,55-59,32398,16675,15723,9326,2358,6968,23072,14317,8755
27,504,wardha,Rural,60-64,33351,15224,18127,14124,3319,10805,19227,11905,7322
27,504,wardha,Rural,65-69,33217,15317,17900,17126,4609,12517,16091,10708,5383
27,504,wardha,Rural,70-74,24938,12588,12350,15422,5576,9846,9516,7012,2504
27,504,wardha,Rural,75-79,12014,6433,5581,7567,2977,4590,4447,3456,991
27,504,wardha,Rural,80+,11054,5748,5306,7446,3049,4397,3608,2699,909
27,504,wardha,Rural,Age not stated,705,383,322,170,74,96,535,309,226
27,504,wardha,Urban,All ages,423300,216511,206789,68924,29092,39832,354376,187419,166957
27,504,wardha,Urban,0-6,40677,21389,19288,40677,21389,19288,0,0,0
27,504,wardha,Urban,7,6247,3223,3024,785,397,388,5462,2826,2636
27,504,wardha,Urban,8,6148,3204,2944,188,86,102,5960,3118,2842
27,504,wardha,Urban,9,6290,3386,2904,109,46,63,6181,3340,2841
27,504,wardha,Urban,10,7419,3844,3575,180,90,90,7239,3754,3485
27,504,wardha,Urban,11,7153,3677,3476,75,34,41,7078,3643,3435
27,504,wardha,Urban,12,6972,3725,3247,88,45,43,6884,3680,3204
27,504,wardha,Urban,13,7114,3738,3376,70,34,36,7044,3704,3340
27,504,wardha,Urban,14,7437,3958,3479,98,44,54,7339,3914,3425
27,504,wardha,Urban,15,7380,3864,3516,128,49,79,7252,3815,3437
27,504,wardha,Urban,16,7273,3838,3435,126,54,72,7147,3784,3363
27,504,wardha,Urban,17,7087,3708,3379,95,42,53,6992,3666,3326
27,504,wardha,Urban,18,8500,4343,4157,150,63,87,8350,4280,4070
27,504,wardha,Urban,19,7638,3830,3808,112,43,69,7526,3787,3739
27,504,wardha,Urban,20-24,41213,20303,20910,793,324,469,40420,19979,20441
27,504,wardha,Urban,25-29,39071,19573,19498,980,399,581,38091,19174,18917
27,504,wardha,Urban,30-34,35367,17842,17525,1208,459,749,34159,17383,16776
27,504,wardha,Urban,35-39,34781,17344,17437,1699,556,1143,33082,16788,16294
27,504,wardha,Urban,40-44,31664,16357,15307,2111,645,1466,29553,15712,13841
27,504,wardha,Urban,45-49,26724,14113,12611,2307,660,1647,24417,13453,10964
27,504,wardha,Urban,50-54,21372,11500,9872,2148,599,1549,19224,10901,8323
27,504,wardha,Urban,55-59,15970,8605,7365,1710,368,1342,14260,8237,6023
27,504,wardha,Urban,60-64,13945,6891,7054,2687,454,2233,11258,6437,4821
27,504,wardha,Urban,65-69,12203,5770,6433,3427,602,2825,8776,5168,3608
27,504,wardha,Urban,70-74,8515,4101,4414,3222,693,2529,5293,3408,1885
27,504,wardha,Urban,75-79,4558,2269,2289,1712,417,1295,2846,1852,994
27,504,wardha,Urban,80+,4387,1996,2391,2001,480,1521,2386,1516,870
27,504,wardha,Urban,Age not stated,195,120,75,38,20,18,157,100,57
27,505,nagpur,Total,All ages,4653570,2384975,2268595,979762,425755,554007,3673808,1959220,1714588
27,505,nagpur,Total,0-6,497087,257438,239649,497087,257438,239649,0,0,0
27,505,nagpur,Total,7,74260,38638,35622,13508,6994,6514,60752,31644,29108
27,505,nagpur,Total,8,71256,37152,34104,4240,2222,2018,67016,34930,32086
27,505,nagpur,Total,9,71135,36982,34153,2724,1417,1307,68411,35565,32846
27,505,nagpur,Total,10,85335,44455,40880,3600,1869,1731,81735,42586,39149
27,505,nagpur,Total,11,82282,42246,40036,2147,1153,994,80135,41093,39042
27,505,nagpur,Total,12,79589,41377,38212,2019,1031,988,77570,40346,37224
27,505,nagpur,Total,13,80670,41063,39607,1895,988,907,78775,40075,38700
27,505,nagpur,Total,14,82400,42316,40084,2053,1061,992,80347,41255,39092
27,505,nagpur,Total,15,82592,42744,39848,2493,1270,1223,80099,41474,38625
27,505,nagpur,Total,16,84269,43709,40560,2351,1186,1165,81918,42523,39395
27,505,nagpur,Total,17,81600,42177,39423,2152,1100,1052,79448,41077,38371
27,505,nagpur,Total,18,95067,49823,45244,2835,1434,1401,92232,48389,43843
27,505,nagpur,Total,19,85428,44388,41040,2411,1142,1269,83017,43246,39771
27,505,nagpur,Total,20-24,470263,240179,230084,17147,7641,9506,453116,232538,220578
27,505,nagpur,Total,25-29,437587,221869,215718,21540,9032,12508,416047,212837,203210
27,505,nagpur,Total,30-34,391140,201198,189942,26840,10651,16189,364300,190547,173753
27,505,nagpur,Total,35-39,367708,187034,180674,35114,13000,22114,332594,174034,158560
27,505,nagpur,Total,40-44,329244,170724,158520,43887,15611,28276,285357,155113,130244
27,505,nagpur,Total,45-49,273729,142692,131037,43969,15284,28685,229760,127408,102352
27,505,nagpur,Total,50-54,218879,117191,101688,39649,13351,26298,179230,103840,75390
27,505,nagpur,Total,55-59,160852,84229,76623,33196,9625,23571,127656,74604,53052
27,505,nagpur,Total,60-64,148088,71145,76943,45869,11758,34111,102219,59387,42832
27,505,nagpur,Total,65-69,116632,54292,62340,45809,11924,33885,70823,42368,28455
27,505,nagpur,Total,70-74,85106,40643,44463,40969,12774,28195,44137,27869,16268
27,505,nagpur,Total,75-79,43178,21296,21882,19437,6411,13026,23741,14885,8856
27,505,nagpur,Total,80+,45732,21387,24345,22677,7459,15218,23055,13928,9127
27,505,nagpur,Total,Age not stated,12462,6588,5874,2144,929,1215,10318,5659,4659
27,505,nagpur,Rural,All ages,1474811,758357,716454,401832,168530,233302,1072979,589827,483152
27,505,nagpur,Rural,0-6,164963,84973,79990,164963,84973,79990,0,0,0
27,505,nagpur,Rural,7,23547,12084,11463,5476,2781,2695,18071,9303,8768
27,505,nagpur,Rural,8,22992,11853,11139,1699,853,846,21293,11000,10293
27,505,nagpur,Rural,9,23354,11920,11434,1037,533,504,22317,11387,10930
27,505,nagpur,Rural,10,27304,14145,13159,1275,675,600,26029,13470,12559
27,505,nagpur,Rural,11,27260,13918,13342,771,404,367,26489,13514,12975
27,505,nagpur,Rural,12,26519,13556,12963,774,362,412,25745,13194,12551
27,505,nagpur,Rural,13,27106,13608,13498,709,336,373,26397,13272,13125
27,505,nagpur,Rural,14,27878,14112,13766,808,387,421,27070,13725,13345
27,505,nagpur,Rural,15,27485,14042,13443,961,458,503,26524,13584,12940
27,505,nagpur,Rural,16,28888,14869,14019,973,480,493,27915,14389,13526
27,505,nagpur,Rural,17,27101,13908,13193,798,395,403,26303,13513,12790
27,505,nagpur,Rural,18,31286,16384,14902,1115,553,562,30171,15831,14340
27,505,nagpur,Rural,19,27344,14126,13218,898,382,516,26446,13744,12702
27,505,nagpur,Rural,20-24,147420,77086,70334,6489,2840,3649,140931,74246,66685
27,505,nagpur,Rural,25-29,130802,68194,62608,8438,3573,4865,122364,64621,57743
27,505,nagpur,Rural,30-34,115949,61132,54817,11098,4440,6658,104851,56692,48159
27,505,nagpur,Rural,35-39,109140,56969,52171,15509,5669,9840,93631,51300,42331
27,505,nagpur,Rural,40-44,97555,51205,46350,21089,7340,13749,76466,43865,32601
27,505,nagpur,Rural,45-49,80692,42308,38384,21649,7415,14234,59043,34893,24150
27,505,nagpur,Rural,50-54,65558,35123,30435,20426,6745,13681,45132,28378,16754
27,505,nagpur,Rural,55-59,49132,25100,24032,17986,5146,12840,31146,19954,11192
27,505,nagpur,Rural,60-64,50629,22815,27814,25296,6810,18486,25333,16005,9328
27,505,nagpur,Rural,65-69,46333,20738,25595,26873,7847,19026,19460,12891,6569
27,505,nagpur,Rural,70-74,34594,16863,17731,23190,8518,14672,11404,8345,3059
27,505,nagpur,Rural,75-79,15565,7983,7582,10312,4060,6252,5253,3923,1330
27,505,nagpur,Rural,80+,15943,8027,7916,10608,4291,6317,5335,3736,1599
27,505,nagpur,Rural,Age not stated,2472,1316,1156,612,264,348,1860,1052,808
27,505,nagpur,Urban,All ages,3178759,1626618,1552141,577930,257225,320705,2600829,1369393,1231436
27,505,nagpur,Urban,0-6,332124,172465,159659,332124,172465,159659,0,0,0
27,505,nagpur,Urban,7,50713,26554,24159,8032,4213,3819,42681,22341,20340
27,505,nagpur,Urban,8,48264,25299,22965,2541,1369,1172,45723,23930,21793
27,505,nagpur,Urban,9,47781,25062,22719,1687,884,803,46094,24178,21916
27,505,nagpur,Urban,10,58031,30310,27721,2325,1194,1131,55706,29116,26590
27,505,nagpur,Urban,11,55022,28328,26694,1376,749,627,53646,27579,26067
27,505,nagpur,Urban,12,53070,27821,25249,1245,669,576,51825,27152,24673
27,505,nagpur,Urban,13,53564,27455,26109,1186,652,534,52378,26803,25575
27,505,nagpur,Urban,14,54522,28204,26318,1245,674,571,53277,27530,25747
27,505,nagpur,Urban,15,55107,28702,26405,1532,812,720,53575,27890,25685
27,505,nagpur,Urban,16,55381,28840,26541,1378,706,672,54003,28134,25869
27,505,nagpur,Urban,17,54499,28269,26230,1354,705,649,53145,27564,25581
27,505,nagpur,Urban,18,63781,33439,30342,1720,881,839,62061,32558,29503
27,505,nagpur,Urban,19,58084,30262,27822,1513,760,753,56571,29502,27069
27,505,nagpur,Urban,20-24,322843,163093,159750,10658,4801,5857,312185,158292,153893
27,505,nagpur,Urban,25-29,306785,153675,153110,13102,5459,7643,293683,148216,145467
27,505,nagpur,Urban,30-34,275191,140066,135125,15742,6211,9531,259449,133855,125594
27,505,nagpur,Urban,35-39,258568,130065,128503,19605,7331,12274,238963,122734,116229
27,505,nagpur,Urban,40-44,231689,119519,112170,22798,8271,14527,208891,111248,97643
27,505,nagpur,Urban,45-49,193037,100384,92653,22320,7869,14451,170717,92515,78202
27,505,nagpur,Urban,50-54,153321,82068,71253,19223,6606,12617,134098,75462,58636
27,505,nagpur,Urban,55-59,111720,59129,52591,15210,4479,10731,96510,54650,41860
27,505,nagpur,Urban,60-64,97459,48330,49129,20573,4948,15625,76886,43382,33504
27,505,nagpur,Urban,65-69,70299,33554,36745,18936,4077,14859,51363,29477,21886
27,505,nagpur,Urban,70-74,50512,23780,26732,17779,4256,13523,32733,19524,13209
27,505,nagpur,Urban,75-79,27613,13313,14300,9125,2351,6774,18488,10962,7526
27,505,nagpur,Urban,80+,29789,13360,16429,12069,3168,8901,17720,10192,7528
27,505,nagpur,Urban,Age not stated,9990,5272,4718,1532,665,867,8458,4607,3851
27,506,bhandara,Total,All ages,1200334,605520,594814,300474,116811,183663,899860,488709,411151
27,506,bhandara,Total,0-6,126025,64626,61399,126025,64626,61399,0,0,0
27,506,bhandara,Total,7,19116,9753,9363,3613,1834,1779,15503,7919,7584
27,506,bhandara,Total,8,19150,9799,9351,1005,531,474,18145,9268,8877
27,506,bhandara,Total,9,19647,10135,9512,745,408,337,18902,9727,9175
27,506,bhandara,Total,10,23760,12103,11657,1020,551,469,22740,11552,11188
27,506,bhandara,Total,11,23707,12054,11653,695,346,349,23012,11708,11304
27,506,bhandara,Total,12,21407,11022,10385,582,307,275,20825,10715,10110
27,506,bhandara,Total,13,23386,11975,11411,593,311,282,22793,11664,11129
27,506,bhandara,Total,14,21575,10966,10609,567,300,267,21008,10666,10342
27,506,bhandara,Total,15,22563,11633,10930,651,327,324,21912,11306,10606
27,506,bhandara,Total,16,23523,11945,11578,656,339,317,22867,11606,11261
27,506,bhandara,Total,17,22714,11507,11207,638,325,313,22076,11182,10894
27,506,bhandara,Total,18,23976,12445,11531,698,360,338,23278,12085,11193
27,506,bhandara,Total,19,20944,10623,10321,632,330,302,20312,10293,10019
27,506,bhandara,Total,20-24,114384,58687,55697,4021,1962,2059,110363,56725,53638
27,506,bhandara,Total,25-29,101101,52388,48713,4919,2250,2669,96182,50138,46044
27,506,bhandara,Total,30-34,90651,46272,44379,6973,2664,4309,83678,43608,40070
27,506,bhandara,Total,35-39,87384,44483,42901,11051,3643,7408,76333,40840,35493
27,506,bhandara,Total,40-44,83234,42412,40822,16687,5122,11565,66547,37290,29257
27,506,bhandara,Total,45-49,71851,36210,35641,18148,5197,12951,53703,31013,22690
27,506,bhandara,Total,50-54,60964,30894,30070,17407,4643,12764,43557,26251,17306
27,506,bhandara,Total,55-59,47730,24472,23258,15121,3706,11415,32609,20766,11843
27,506,bhandara,Total,60-64,42691,19262,23429,19251,4123,15128,23440,15139,8301
27,506,bhandara,Total,65-69,36775,15920,20855,20061,4482,15579,16714,11438,5276
27,506,bhandara,Total,70-74,24531,10930,13601,15091,4046,11045,9440,6884,2556
27,506,bhandara,Total,75-79,10369,4798,5571,6206,1734,4472,4163,3064,1099
27,506,bhandara,Total,80+,9694,4361,5333,5660,1699,3961,4034,2662,1372
27,506,bhandara,Total,Age not stated,7482,3845,3637,1758,645,1113,5724,3200,2524
27,506,bhandara,Rural,All ages,966503,487484,479019,258175,99042,159133,708328,388442,319886
27,506,bhandara,Rural,0-6,103261,52829,50432,103261,52829,50432,0,0,0
27,506,bhandara,Rural,7,15558,7881,7677,2957,1504,1453,12601,6377,6224
27,506,bhandara,Rural,8,15705,8057,7648,824,427,397,14881,7630,7251
27,506,bhandara,Rural,9,16049,8268,7781,608,328,280,15441,7940,7501
27,506,bhandara,Rural,10,19447,9868,9579,832,445,387,18615,9423,9192
27,506,bhandara,Rural,11,19259,9782,9477,564,276,288,18695,9506,9189
27,506,bhandara,Rural,12,17386,8941,8445,470,243,227,16916,8698,8218
27,506,bhandara,Rural,13,19101,9740,9361,487,249,238,18614,9491,9123
27,506,bhandara,Rural,14,17345,8821,8524,469,245,224,16876,8576,8300
27,506,bhandara,Rural,15,18331,9394,8937,531,266,265,17800,9128,8672
27,506,bhandara,Rural,16,19128,9664,9464,555,277,278,18573,9387,9186
27,506,bhandara,Rural,17,18334,9234,9100,523,255,268,17811,8979,8832
27,506,bhandara,Rural,18,19417,10112,9305,592,291,301,18825,9821,9004
27,506,bhandara,Rural,19,16755,8524,8231,524,265,259,16231,8259,7972
27,506,bhandara,Rural,20-24,91549,47350,44199,3347,1618,1729,88202,45732,42470
27,506,bhandara,Rural,25-29,79871,41761,38110,4225,1917,2308,75646,39844,35802
27,506,bhandara,Rural,30-34,71279,36671,34608,6096,2275,3821,65183,34396,30787
27,506,bhandara,Rural,35-39,68585,34987,33598,9881,3193,6688,58704,31794,26910
27,506,bhandara,Rural,40-44,66122,33627,32495,15159,4585,10574,50963,29042,21921
27,506,bhandara,Rural,45-49,57489,28801,28688,16464,4682,11782,41025,24119,16906
27,506,bhandara,Rural,50-54,49280,24835,24445,15816,4177,11639,33464,20658,12806
27,506,bhandara,Rural,55-59,38469,19623,18846,13726,3356,10370,24743,16267,8476
27,506,bhandara,Rural,60-64,35021,15622,19399,17313,3783,13530,17708,11839,5869
27,506,bhandara,Rural,65-69,30502,13160,17342,17820,4147,13673,12682,9013,3669
27,506,bhandara,Rural,70-74,20489,9113,11376,13364,3727,9637,7125,5386,1739
27,506,bhandara,Rural,75-79,8450,3866,4584,5421,1577,3844,3029,2289,740
27,506,bhandara,Rural,80+,7755,3570,4185,4759,1525,3234,2996,2045,951
27,506,bhandara,Rural,Age not stated,6566,3383,3183,1587,580,1007,4979,2803,2176
27,506,bhandara,Urban,All ages,233831,118036,115795,42299,17769,24530,191532,100267,91265
27,506,bhandara,Urban,0-6,22764,11797,10967,22764,11797,10967,0,0,0
27,506,bhandara,Urban,7,3558,1872,1686,656,330,326,2902,1542,1360
27,506,bhandara,Urban,8,3445,1742,1703,181,104,77,3264,1638,1626
27,506,bhandara,Urban,9,3598,1867,1731,137,80,57,3461,1787,1674
27,506,bhandara,Urban,10,4313,2235,2078,188,106,82,4125,2129,1996
27,506,bhandara,Urban,11,4448,2272,2176,131,70,61,4317,2202,2115
27,506,bhandara,Urban,12,4021,2081,1940,112,64,48,3909,2017,1892
27,506,bhandara,Urban,13,4285,2235,2050,106,62,44,4179,2173,2006
27,506,bhandara,Urban,14,4230,2145,2085,98,55,43,4132,2090,2042
27,506,bhandara,Urban,15,4232,2239,1993,120,61,59,4112,2178,1934
27,506,bhandara,Urban,16,4395,2281,2114,101,62,39,4294,2219,2075
27,506,bhandara,Urban,17,4380,2273,2107,115,70,45,4265,2203,2062
27,506,bhandara,Urban,18,4559,2333,2226,106,69,37,4453,2264,2189
27,506,bhandara,Urban,19,4189,2099,2090,108,65,43,4081,2034,2047
27,506,bhandara,Urban,20-24,22835,11337,11498,674,344,330,22161,10993,11168
27,506,bhandara,Urban,25-29,21230,10627,10603,694,333,361,20536,10294,10242
27,506,bhandara,Urban,30-34,19372,9601,9771,877,389,488,18495,9212,9283
27,506,bhandara,Urban,35-39,18799,9496,9303,1170,450,720,17629,9046,8583
27,506,bhandara,Urban,40-44,17112,8785,8327,1528,537,991,15584,8248,7336
27,506,bhandara,Urban,45-49,14362,7409,6953,1684,515,1169,12678,6894,5784
27,506,bhandara,Urban,50-54,11684,6059,5625,1591,466,1125,10093,5593,4500
27,506,bhandara,Urban,55-59,9261,4849,4412,1395,350,1045,7866,4499,3367
27,506,bhandara,Urban,60-64,7670,3640,4030,1938,340,1598,5732,3300,2432
27,506,bhandara,Urban,65-69,6273,2760,3513,2241,335,1906,4032,2425,1607
27,506,bhandara,Urban,70-74,4042,1817,2225,1727,319,1408,2315,1498,817
27,506,bhandara,Urban,75-79,1919,932,987,785,157,628,1134,775,359
27,506,bhandara,Urban,80+,1939,791,1148,901,174,727,1038,617,421
27,506,bhandara,Urban,Age not stated,916,462,454,171,65,106,745,397,348
27,507,gondiya,Total,All ages,1322507,661554,660953,318264,118717,199547,1004243,542837,461406
27,507,gondiya,Total,0-6,140365,71764,68601,140365,71764,68601,0,0,0
27,507,gondiya,Total,7,21669,10921,10748,3998,2017,1981,17671,8904,8767
27,507,gondiya,Total,8,22654,11531,11123,1236,613,623,21418,10918,10500
27,507,gondiya,Total,9,22769,11690,11079,721,355,366,22048,11335,10713
27,507,gondiya,Total,10,27344,14048,13296,904,457,447,26440,13591,12849
27,507,gondiya,Total,11,27418,13888,13530,586,289,297,26832,13599,13233
27,507,gondiya,Total,12,24880,12702,12178,535,247,288,24345,12455,11890
27,507,gondiya,Total,13,26667,13676,12991,490,237,253,26177,13439,12738
27,507,gondiya,Total,14,25354,12872,12482,551,277,274,24803,12595,12208
27,507,gondiya,Total,15,27077,13746,13331,629,283,346,26448,13463,12985
27,507,gondiya,Total,16,27872,14057,13815,606,269,337,27266,13788,13478
27,507,gondiya,Total,17,27043,13521,13522,530,267,263,26513,13254,13259
27,507,gondiya,Total,18,26998,13757,13241,649,296,353,26349,13461,12888
27,507,gondiya,Total,19,23634,11919,11715,454,221,233,23180,11698,11482
27,507,gondiya,Total,20-24,124979,63322,61657,3266,1394,1872,121713,61928,59785
27,507,gondiya,Total,25-29,107491,54798,52693,4548,1637,2911,102943,53161,49782
27,507,gondiya,Total,30-34,100256,50275,49981,7833,2350,5483,92423,47925,44498
27,507,gondiya,Total,35-39,98952,49922,49030,13049,3574,9475,85903,46348,39555
27,507,gondiya,Total,40-44,92582,46462,46120,18888,4953,13935,73694,41509,32185
27,507,gondiya,Total,45-49,80118,40335,39783,20439,5465,14974,59679,34870,24809
27,507,gondiya,Total,50-54,66047,33112,32935,18547,4418,14129,47500,28694,18806
27,507,gondiya,Total,55-59,52474,26019,26455,16733,3473,13260,35741,22546,13195
27,507,gondiya,Total,60-64,47177,21275,25902,20324,4042,16282,26853,17233,9620
27,507,gondiya,Total,65-69,35045,15590,19455,17771,3775,13996,17274,11815,5459
27,507,gondiya,Total,70-74,23926,10566,13360,13424,3160,10264,10502,7406,3096
27,507,gondiya,Total,75-79,10265,4645,5620,5692,1434,4258,4573,3211,1362
27,507,gondiya,Total,80+,9177,3934,5243,5000,1242,3758,4177,2692,1485
27,507,gondiya,Total,Age not stated,2274,1207,1067,496,208,288,1778,999,779
27,507,gondiya,Rural,All ages,1096577,547934,548643,278156,102444,175712,818421,445490,372931
27,507,gondiya,Rural,0-6,117577,60006,57571,117577,60006,57571,0,0,0
27,507,gondiya,Rural,7,18020,9014,9006,3435,1712,1723,14585,7302,7283
27,507,gondiya,Rural,8,19153,9687,9466,1067,520,547,18086,9167,8919
27,507,gondiya,Rural,9,19313,9954,9359,610,304,306,18703,9650,9053
27,507,gondiya,Rural,10,22999,11811,11188,762,381,381,22237,11430,10807
27,507,gondiya,Rural,11,23125,11623,11502,498,246,252,22627,11377,11250
27,507,gondiya,Rural,12,20921,10583,10338,470,212,258,20451,10371,10080
27,507,gondiya,Rural,13,22469,11463,11006,431,205,226,22038,11258,10780
27,507,gondiya,Rural,14,21078,10664,10414,470,231,239,20608,10433,10175
27,507,gondiya,Rural,15,22743,11484,11259,542,237,305,22201,11247,10954
27,507,gondiya,Rural,16,23652,11904,11748,533,234,299,23119,11670,11449
27,507,gondiya,Rural,17,22898,11405,11493,451,226,225,22447,11179,11268
27,507,gondiya,Rural,18,22623,11447,11176,553,258,295,22070,11189,10881
27,507,gondiya,Rural,19,19407,9770,9637,388,178,210,19019,9592,9427
27,507,gondiya,Rural,20-24,102960,52345,50615,2825,1198,1627,100135,51147,48988
27,507,gondiya,Rural,25-29,87407,45003,42404,3974,1405,2569,83433,43598,39835
27,507,gondiya,Rural,30-34,81282,40787,40495,7041,2068,4973,74241,38719,35522
27,507,gondiya,Rural,35-39,80636,40748,39888,11892,3219,8673,68744,37529,31215
27,507,gondiya,Rural,40-44,75886,37888,37998,17346,4509,12837,58540,33379,25161
27,507,gondiya,Rural,45-49,66225,33157,33068,18726,4969,13757,47499,28188,19311
27,507,gondiya,Rural,50-54,54872,27474,27398,16925,4070,12855,37947,23404,14543
27,507,gondiya,Rural,55-59,43853,21728,22125,15256,3210,12046,28597,18518,10079
27,507,gondiya,Rural,60-64,39423,17707,21716,18289,3733,14556,21134,13974,7160
27,507,gondiya,Rural,65-69,29846,13181,16665,16164,3510,12654,13682,9671,4011
27,507,gondiya,Rural,70-74,20254,8946,11308,12033,2932,9101,8221,6014,2207
27,507,gondiya,Rural,75-79,8513,3854,4659,5091,1335,3756,3422,2519,903
27,507,gondiya,Rural,80+,7482,3251,4231,4351,1144,3207,3131,2107,1024
27,507,gondiya,Rural,Age not stated,1960,1050,910,456,192,264,1504,858,646
27,507,gondiya,Urban,All ages,225930,113620,112310,40108,16273,23835,185822,97347,88475
27,507,gondiya,Urban,0-6,22788,11758,11030,22788,11758,11030,0,0,0
27,507,gondiya,Urban,7,3649,1907,1742,563,305,258,3086,1602,1484
27,507,gondiya,Urban,8,3501,1844,1657,169,93,76,3332,1751,1581
27,507,gondiya,Urban,9,3456,1736,1720,111,51,60,3345,1685,1660
27,507,gondiya,Urban,10,4345,2237,2108,142,76,66,4203,2161,2042
27,507,gondiya,Urban,11,4293,2265,2028,88,43,45,4205,2222,1983
27,507,gondiya,Urban,12,3959,2119,1840,65,35,30,3894,2084,1810
27,507,gondiya,Urban,13,4198,2213,1985,59,32,27,4139,2181,1958
27,507,gondiya,Urban,14,4276,2208,2068,81,46,35,4195,2162,2033
27,507,gondiya,Urban,15,4334,2262,2072,87,46,41,4247,2216,2031
27,507,gondiya,Urban,16,4220,2153,2067,73,35,38,4147,2118,2029
27,507,gondiya,Urban,17,4145,2116,2029,79,41,38,4066,2075,1991
27,507,gondiya,Urban,18,4375,2310,2065,96,38,58,4279,2272,2007
27,507,gondiya,Urban,19,4227,2149,2078,66,43,23,4161,2106,2055
27,507,gondiya,Urban,20-24,22019,10977,11042,441,196,245,21578,10781,10797
27,507,gondiya,Urban,25-29,20084,9795,10289,574,232,342,19510,9563,9947
27,507,gondiya,Urban,30-34,18974,9488,9486,792,282,510,18182,9206,8976
27,507,gondiya,Urban,35-39,18316,9174,9142,1157,355,802,17159,8819,8340
27,507,gondiya,Urban,40-44,16696,8574,8122,1542,444,1098,15154,8130,7024
27,507,gondiya,Urban,45-49,13893,7178,6715,1713,496,1217,12180,6682,5498
27,507,gondiya,Urban,50-54,11175,5638,5537,1622,348,1274,9553,5290,4263
27,507,gondiya,Urban,55-59,8621,4291,4330,1477,263,1214,7144,4028,3116
27,507,gondiya,Urban,60-64,7754,3568,4186,2035,309,1726,5719,3259,2460
27,507,gondiya,Urban,65-69,5199,2409,2790,1607,265,1342,3592,2144,1448
27,507,gondiya,Urban,70-74,3672,1620,2052,1391,228,1163,2281,1392,889
27,507,gondiya,Urban,75-79,1752,791,961,601,99,502,1151,692,459
27,507,gondiya,Urban,80+,1695,683,1012,649,98,551,1046,585,461
27,507,gondiya,Urban,Age not stated,314,157,157,40,16,24,274,141,133
27,508,gadchiroli,Total,All ages,1072942,541328,531614,364577,146218,218359,708365,395110,313255
27,508,gadchiroli,Total,0-6,120272,61320,58952,120272,61320,58952,0,0,0
27,508,gadchiroli,Total,7,18891,9619,9272,4195,2139,2056,14696,7480,7216
27,508,gadchiroli,Total,8,19422,9938,9484,1692,797,895,17730,9141,8589
27,508,gadchiroli,Total,9,20351,10485,9866,1203,552,651,19148,9933,9215
27,508,gadchiroli,Total,10,24020,12443,11577,1268,569,699,22752,11874,10878
27,508,gadchiroli,Total,11,23646,11977,11669,934,367,567,22712,11610,11102
27,508,gadchiroli,Total,12,23256,11966,11290,1012,400,612,22244,11566,10678
27,508,gadchiroli,Total,13,23495,12121,11374,908,345,563,22587,11776,10811
27,508,gadchiroli,Total,14,23147,11849,11298,972,392,580,22175,11457,10718
27,508,gadchiroli,Total,15,24535,12532,12003,1301,475,826,23234,12057,11177
27,508,gadchiroli,Total,16,24444,12481,11963,1288,492,796,23156,11989,11167
27,508,gadchiroli,Total,17,22827,11656,11171,1180,452,728,21647,11204,10443
27,508,gadchiroli,Total,18,24966,12479,12487,1706,568,1138,23260,11911,11349
27,508,gadchiroli,Total,19,19837,9778,10059,1375,393,982,18462,9385,9077
27,508,gadchiroli,Total,20-24,102773,52135,50638,9557,2852,6705,93216,49283,43933
27,508,gadchiroli,Total,25-29,89335,45571,43764,13451,4177,9274,75884,41394,34490
27,508,gadchiroli,Total,30-34,78149,39181,38968,18165,5645,12520,59984,33536,26448
27,508,gadchiroli,Total,35-39,79038,39383,39655,26589,8537,18052,52449,30846,21603
27,508,gadchiroli,Total,40-44,71112,35846,35266,29446,9926,19520,41666,25920,15746
27,508,gadchiroli,Total,45-49,61149,31711,29438,28900,10904,17996,32249,20807,11442
27,508,gadchiroli,Total,50-54,46170,24349,21821,22417,8509,13908,23753,15840,7913
27,508,gadchiroli,Total,55-59,35484,17891,17593,18159,6332,11827,17325,11559,5766
27,508,gadchiroli,Total,60-64,33032,14996,18036,19558,6370,13188,13474,8626,4848
27,508,gadchiroli,Total,65-69,27685,12613,15072,16957,5605,11352,10728,7008,3720
27,508,gadchiroli,Total,70-74,17750,8413,9337,11443,4171,7272,6307,4242,2065
27,508,gadchiroli,Total,75-79,7672,3610,4062,4930,1801,3129,2742,1809,933
27,508,gadchiroli,Total,80+,7725,3571,4154,4699,1725,2974,3026,1846,1180
27,508,gadchiroli,Total,Age not stated,2759,1414,1345,1000,403,597,1759,1011,748
27,508,gadchiroli,Rural,All ages,954909,481290,473619,341138,136697,204441,613771,344593,269178
27,508,gadchiroli,Rural,0-6,108521,55191,53330,108521,55191,53330,0,0,0
27,508,gadchiroli,Rural,7,16945,8603,8342,3869,1976,1893,13076,6627,6449
27,508,gadchiroli,Rural,8,17602,8986,8616,1625,762,863,15977,8224,7753
27,508,gadchiroli,Rural,9,18361,9416,8945,1166,535,631,17195,8881,8314
27,508,gadchiroli,Rural,10,21618,11203,10415,1198,538,660,20420,10665,9755
27,508,gadchiroli,Rural,11,21163,10746,10417,890,351,539,20273,10395,9878
27,508,gadchiroli,Rural,12,20988,10790,10198,983,388,595,20005,10402,9603
27,508,gadchiroli,Rural,13,21105,10901,10204,873,334,539,20232,10567,9665
27,508,gadchiroli,Rural,14,20643,10544,10099,936,373,563,19707,10171,9536
27,508,gadchiroli,Rural,15,22107,11260,10847,1251,453,798,20856,10807,10049
27,508,gadchiroli,Rural,16,21906,11189,10717,1234,460,774,20672,10729,9943
27,508,gadchiroli,Rural,17,20331,10325,10006,1136,433,703,19195,9892,9303
27,508,gadchiroli,Rural,18,22281,11169,11112,1638,545,1093,20643,10624,10019
27,508,gadchiroli,Rural,19,17559,8621,8938,1325,379,946,16234,8242,7992
27,508,gadchiroli,Rural,20-24,91066,46251,44815,9265,2722,6543,81801,43529,38272
27,508,gadchiroli,Rural,25-29,78747,40377,38370,12996,4036,8960,65751,36341,29410
27,508,gadchiroli,Rural,30-34,68036,34276,33760,17490,5453,12037,50546,28823,21723
27,508,gadchiroli,Rural,35-39,68919,34333,34586,25505,8261,17244,43414,26072,17342
27,508,gadchiroli,Rural,40-44,62091,31107,30984,28087,9531,18556,34004,21576,12428
27,508,gadchiroli,Rural,45-49,54139,27904,26235,27594,10525,17069,26545,17379,9166
27,508,gadchiroli,Rural,50-54,41076,21446,19630,21400,8198,13202,19676,13248,6428
27,508,gadchiroli,Rural,55-59,31923,15982,15941,17278,6092,11186,14645,9890,4755
27,508,gadchiroli,Rural,60-64,30075,13662,16413,18528,6135,12393,11547,7527,4020
27,508,gadchiroli,Rural,65-69,25170,11498,13672,15875,5359,10516,9295,6139,3156
27,508,gadchiroli,Rural,70-74,16087,7673,8414,10635,3952,6683,5452,3721,1731
27,508,gadchiroli,Rural,75-79,6903,3274,3629,4570,1712,2858,2333,1562,771
27,508,gadchiroli,Rural,80+,6905,3220,3685,4293,1608,2685,2612,1612,1000
27,508,gadchiroli,Rural,Age not stated,2642,1343,1299,977,395,582,1665,948,717
27,508,gadchiroli,Urban,All ages,118033,60038,57995,23439,9521,13918,94594,50517,44077
27,508,gadchiroli,Urban,0-6,11751,6129,5622,11751,6129,5622,0,0,0
27,508,gadchiroli,Urban,7,1946,1016,930,326,163,163,1620,853,767
27,508,gadchiroli,Urban,8,1820,952,868,67,35,32,1753,917,836
27,508,gadchiroli,Urban,9,1990,1069,921,37,17,20,1953,1052,901
27,508,gadchiroli,Urban,10,2402,1240,1162,70,31,39,2332,1209,1123
27,508,gadchiroli,Urban,11,2483,1231,1252,44,16,28,2439,1215,1224
27,508,gadchiroli,Urban,12,2268,1176,1092,29,12,17,2239,1164,1075
27,508,gadchiroli,Urban,13,2390,1220,1170,35,11,24,2355,1209,1146
27,508,gadchiroli,Urban,14,2504,1305,1199,36,19,17,2468,1286,1182
27,508,gadchiroli,Urban,15,2428,1272,1156,50,22,28,2378,1250,1128
27,508,gadchiroli,Urban,16,2538,1292,1246,54,32,22,2484,1260,1224
27,508,gadchiroli,Urban,17,2496,1331,1165,44,19,25,2452,1312,1140
27,508,gadchiroli,Urban,18,2685,1310,1375,68,23,45,2617,1287,1330
27,508,gadchiroli,Urban,19,2278,1157,1121,50,14,36,2228,1143,1085
27,508,gadchiroli,Urban,20-24,11707,5884,5823,292,130,162,11415,5754,5661
27,508,gadchiroli,Urban,25-29,10588,5194,5394,455,141,314,10133,5053,5080
27,508,gadchiroli,Urban,30-34,10113,4905,5208,675,192,483,9438,4713,4725
27,508,gadchiroli,Urban,35-39,10119,5050,5069,1084,276,808,9035,4774,4261
27,508,gadchiroli,Urban,40-44,9021,4739,4282,1359,395,964,7662,4344,3318
27,508,gadchiroli,Urban,45-49,7010,3807,3203,1306,379,927,5704,3428,2276
27,508,gadchiroli,Urban,50-54,5094,2903,2191,1017,311,706,4077,2592,1485
27,508,gadchiroli,Urban,55-59,3561,1909,1652,881,240,641,2680,1669,1011
27,508,gadchiroli,Urban,60-64,2957,1334,1623,1030,235,795,1927,1099,828
27,508,gadchiroli,Urban,65-69,2515,1115,1400,1082,246,836,1433,869,564
27,508,gadchiroli,Urban,70-74,1663,740,923,808,219,589,855,521,334
27,508,gadchiroli,Urban,75-79,769,336,433,360,89,271,409,247,162
27,508,gadchiroli,Urban,80+,820,351,469,406,117,289,414,234,180
27,508,gadchiroli,Urban,Age not stated,117,71,46,23,8,15,94,63,31
27,509,chandrapur,Total,All ages,2204307,1123834,1080473,625692,251269,374423,1578615,872565,706050
27,509,chandrapur,Total,0-6,231316,118471,112845,231316,118471,112845,0,0,0
27,509,chandrapur,Total,7,33900,17356,16544,6791,3474,3317,27109,13882,13227
27,509,chandrapur,Total,8,34360,17820,16540,2384,1201,1183,31976,16619,15357
27,509,chandrapur,Total,9,35211,18155,17056,1532,792,740,33679,17363,16316
27,509,chandrapur,Total,10,41449,21571,19878,1934,952,982,39515,20619,18896
27,509,chandrapur,Total,11,41798,21815,19983,1229,635,594,40569,21180,19389
27,509,chandrapur,Total,12,38797,20249,18548,1152,548,604,37645,19701,17944
27,509,chandrapur,Total,13,40959,21115,19844,1037,525,512,39922,20590,19332
27,509,chandrapur,Total,14,41309,21099,20210,1140,527,613,40169,20572,19597
27,509,chandrapur,Total,15,42322,21875,20447,1509,709,800,40813,21166,19647
27,509,chandrapur,Total,16,42756,22193,20563,1418,671,747,41338,21522,19816
27,509,chandrapur,Total,17,41344,20974,20370,1388,656,732,39956,20318,19638
27,509,chandrapur,Total,18,47098,24351,22747,1817,825,992,45281,23526,21755
27,509,chandrapur,Total,19,40523,20698,19825,1518,660,858,39005,20038,18967
27,509,chandrapur,Total,20-24,217324,110798,106526,10643,4265,6378,206681,106533,100148
27,509,chandrapur,Total,25-29,193336,98506,94830,14963,5658,9305,178373,92848,85525
27,509,chandrapur,Total,30-34,174343,89689,84654,22061,7584,14477,152282,82105,70177
27,509,chandrapur,Total,35-39,169602,85586,84016,35002,11144,23858,134600,74442,60158
27,509,chandrapur,Total,40-44,154170,78925,75245,43437,14084,29353,110733,64841,45892
27,509,chandrapur,Total,45-49,131775,68633,63142,44387,14983,29404,87388,53650,33738
27,509,chandrapur,Total,50-54,106279,56243,50036,38019,12584,25435,68260,43659,24601
27,509,chandrapur,Total,55-59,80932,42532,38400,31353,9467,21886,49579,33065,16514
27,509,chandrapur,Total,60-64,71955,33742,38213,36836,10316,26520,35119,23426,11693
27,509,chandrapur,Total,65-69,62129,28476,33653,36924,11027,25897,25205,17449,7756
27,509,chandrapur,Total,70-74,43517,20770,22747,28856,9825,19031,14661,10945,3716
27,509,chandrapur,Total,75-79,19383,9425,9958,12632,4467,8165,6751,4958,1793
27,509,chandrapur,Total,80+,19524,9201,10323,12501,4493,8008,7023,4708,2315
27,509,chandrapur,Total,Age not stated,6896,3566,3330,1913,726,1187,4983,2840,2143
27,509,chandrapur,Rural,All ages,1428929,726106,702823,466535,184493,282042,962394,541613,420781
27,509,chandrapur,Rural,0-6,154465,78642,75823,154465,78642,75823,0,0,0
27,509,chandrapur,Rural,7,21933,11117,10816,4978,2546,2432,16955,8571,8384
27,509,chandrapur,Rural,8,22630,11611,11019,1715,874,841,20915,10737,10178
27,509,chandrapur,Rural,9,23546,11998,11548,1107,555,552,22439,11443,10996
27,509,chandrapur,Rural,10,27257,13962,13295,1267,610,657,25990,13352,12638
27,509,chandrapur,Rural,11,27790,14396,13394,831,423,408,26959,13973,12986
27,509,chandrapur,Rural,12,25427,13213,12214,750,344,406,24677,12869,11808
27,509,chandrapur,Rural,13,27167,13831,13336,705,364,341,26462,13467,12995
27,509,chandrapur,Rural,14,27033,13788,13245,753,354,399,26280,13434,12846
27,509,chandrapur,Rural,15,28071,14356,13715,1070,496,574,27001,13860,13141
27,509,chandrapur,Rural,16,28152,14506,13646,1014,462,552,27138,14044,13094
27,509,chandrapur,Rural,17,26831,13594,13237,952,432,520,25879,13162,12717
27,509,chandrapur,Rural,18,30312,15665,14647,1243,542,701,29069,15123,13946
27,509,chandrapur,Rural,19,25383,13024,12359,1027,451,576,24356,12573,11783
27,509,chandrapur,Rural,20-24,135461,69948,65513,7297,2871,4426,128164,67077,61087
27,509,chandrapur,Rural,25-29,120454,61864,58590,10897,4013,6884,109557,57851,51706
27,509,chandrapur,Rural,30-34,109075,56371,52704,17065,5830,11235,92010,50541,41469
27,509,chandrapur,Rural,35-39,106696,54525,52171,27959,8876,19083,78737,45649,33088
27,509,chandrapur,Rural,40-44,96962,49926,47036,35052,11427,23625,61910,38499,23411
27,509,chandrapur,Rural,45-49,82337,42540,39797,35497,12173,23324,46840,30367,16473
27,509,chandrapur,Rural,50-54,67248,34745,32503,30272,10029,20243,36976,24716,12260
27,509,chandrapur,Rural,55-59,52757,26784,25973,25408,7667,17741,27349,19117,8232
27,509,chandrapur,Rural,60-64,50120,22568,27552,30003,8480,21523,20117,14088,6029
27,509,chandrapur,Rural,65-69,46314,21057,25257,30758,9587,21171,15556,11470,4086
27,509,chandrapur,Rural,70-74,32571,15717,16854,23412,8409,15003,9159,7308,1851
27,509,chandrapur,Rural,75-79,14090,6997,7093,10059,3782,6277,4031,3215,816
27,509,chandrapur,Rural,80+,13413,6568,6845,9361,3652,5709,4052,2916,1136
27,509,chandrapur,Rural,Age not stated,5434,2793,2641,1618,602,1016,3816,2191,1625
27,509,chandrapur,Urban,All ages,775378,397728,377650,159157,66776,92381,616221,330952,285269
27,509,chandrapur,Urban,0-6,76851,39829,37022,76851,39829,37022,0,0,0
27,509,chandrapur,Urban,7,11967,6239,5728,1813,928,885,10154,5311,4843
27,509,chandrapur,Urban,8,11730,6209,5521,669,327,342,11061,5882,5179
27,509,chandrapur,Urban,9,11665,6157,5508,425,237,188,11240,5920,5320
27,509,chandrapur,Urban,10,14192,7609,6583,667,342,325,13525,7267,6258
27,509,chandrapur,Urban,11,14008,7419,6589,398,212,186,13610,7207,6403
27,509,chandrapur,Urban,12,13370,7036,6334,402,204,198,12968,6832,6136
27,509,chandrapur,Urban,13,13792,7284,6508,332,161,171,13460,7123,6337
27,509,chandrapur,Urban,14,14276,7311,6965,387,173,214,13889,7138,6751
27,509,chandrapur,Urban,15,14251,7519,6732,439,213,226,13812,7306,6506
27,509,chandrapur,Urban,16,14604,7687,6917,404,209,195,14200,7478,6722
27,509,chandrapur,Urban,17,14513,7380,7133,436,224,212,14077,7156,6921
27,509,chandrapur,Urban,18,16786,8686,8100,574,283,291,16212,8403,7809
27,509,chandrapur,Urban,19,15140,7674,7466,491,209,282,14649,7465,7184
27,509,chandrapur,Urban,20-24,81863,40850,41013,3346,1394,1952,78517,39456,39061
27,509,chandrapur,Urban,25-29,72882,36642,36240,4066,1645,2421,68816,34997,33819
27,509,chandrapur,Urban,30-34,65268,33318,31950,4996,1754,3242,60272,31564,28708
27,509,chandrapur,Urban,35-39,62906,31061,31845,7043,2268,4775,55863,28793,27070
27,509,chandrapur,Urban,40-44,57208,28999,28209,8385,2657,5728,48823,26342,22481
27,509,chandrapur,Urban,45-49,49438,26093,23345,8890,2810,6080,40548,23283,17265
27,509,chandrapur,Urban,50-54,39031,21498,17533,7747,2555,5192,31284,18943,12341
27,509,chandrapur,Urban,55-59,28175,15748,12427,5945,1800,4145,22230,13948,8282
27,509,chandrapur,Urban,60-64,21835,11174,10661,6833,1836,4997,15002,9338,5664
27,509,chandrapur,Urban,65-69,15815,7419,8396,6166,1440,4726,9649,5979,3670
27,509,chandrapur,Urban,70-74,10946,5053,5893,5444,1416,4028,5502,3637,1865
27,509,chandrapur,Urban,75-79,5293,2428,2865,2573,685,1888,2720,1743,977
27,509,chandrapur,Urban,80+,6111,2633,3478,3140,841,2299,2971,1792,1179
27,509,chandrapur,Urban,Age not stated,1462,773,689,295,124,171,1167,649,518
27,510,yavatmal,Total,All ages,2772348,1419965,1352383,749774,303985,445789,2022574,1115980,906594
27,510,yavatmal,Total,0-6,330180,171782,158398,330180,171782,158398,0,0,0
27,510,yavatmal,Total,7,47744,24729,23015,10077,5194,4883,37667,19535,18132
27,510,yavatmal,Total,8,48235,25128,23107,3341,1712,1629,44894,23416,21478
27,510,yavatmal,Total,9,50006,26003,24003,1969,954,1015,48037,25049,22988
27,510,yavatmal,Total,10,60153,31511,28642,2539,1240,1299,57614,30271,27343
27,510,yavatmal,Total,11,57767,30239,27528,1499,669,830,56268,29570,26698
27,510,yavatmal,Total,12,57174,29947,27227,1499,597,902,55675,29350,26325
27,510,yavatmal,Total,13,57335,29656,27679,1350,568,782,55985,29088,26897
27,510,yavatmal,Total,14,57875,30042,27833,1506,632,874,56369,29410,26959
27,510,yavatmal,Total,15,58663,30618,28045,2054,878,1176,56609,29740,26869
27,510,yavatmal,Total,16,59648,31182,28466,1948,810,1138,57700,30372,27328
27,510,yavatmal,Total,17,53763,28388,25375,1637,750,887,52126,27638,24488
27,510,yavatmal,Total,18,60724,32728,27996,2484,1060,1424,58240,31668,26572
27,510,yavatmal,Total,19,50340,26575,23765,1948,713,1235,48392,25862,22530
27,510,yavatmal,Total,20-24,262712,136946,125766,15618,4889,10729,247094,132057,115037
27,510,yavatmal,Total,25-29,236944,120982,115962,22387,6669,15718,214557,114313,100244
27,510,yavatmal,Total,30-34,209291,106180,103111,28882,8351,20531,180409,97829,82580
27,510,yavatmal,Total,35-39,201109,101438,99671,37729,10425,27304,163380,91013,72367
27,510,yavatmal,Total,40-44,176939,91865,85074,42576,13036,29540,134363,78829,55534
27,510,yavatmal,Total,45-49,145919,75639,70280,40553,12758,27795,105366,62881,42485
27,510,yavatmal,Total,50-54,116296,60550,55746,34634,10732,23902,81662,49818,31844
27,510,yavatmal,Total,55-59,91554,45633,45921,29685,8177,21508,61869,37456,24413
27,510,yavatmal,Total,60-64,91511,41833,49678,38645,10495,28150,52866,31338,21528
27,510,yavatmal,Total,65-69,79160,36944,42216,37168,11107,26061,41992,25837,16155
27,510,yavatmal,Total,70-74,54211,25696,28515,29080,9665,19415,25131,16031,9100
27,510,yavatmal,Total,75-79,25504,12584,12920,13449,4687,8762,12055,7897,4158
27,510,yavatmal,Total,80+,25577,11973,13604,13765,4814,8951,11812,7159,4653
27,510,yavatmal,Total,Age not stated,6014,3174,2840,1572,621,951,4442,2553,1889
27,510,yavatmal,Rural,All ages,2174195,1115148,1059047,638160,255467,382693,1536035,859681,676354
27,510,yavatmal,Rural,0-6,265301,137512,127789,265301,137512,127789,0,0,0
27,510,yavatmal,Rural,7,37650,19403,18247,8310,4283,4027,29340,15120,14220
27,510,yavatmal,Rural,8,38367,19904,18463,2784,1415,1369,35583,18489,17094
27,510,yavatmal,Rural,9,40236,20850,19386,1685,802,883,38551,20048,18503
27,510,yavatmal,Rural,10,48136,25126,23010,2118,1023,1095,46018,24103,21915
27,510,yavatmal,Rural,11,46217,24130,22087,1258,545,713,44959,23585,21374
27,510,yavatmal,Rural,12,45599,23763,21836,1256,498,758,44343,23265,21078
27,510,yavatmal,Rural,13,45755,23700,22055,1144,469,675,44611,23231,21380
27,510,yavatmal,Rural,14,46331,24065,22266,1272,515,757,45059,23550,21509
27,510,yavatmal,Rural,15,46974,24469,22505,1779,743,1036,45195,23726,21469
27,510,yavatmal,Rural,16,47785,25142,22643,1685,687,998,46100,24455,21645
27,510,yavatmal,Rural,17,42814,22799,20015,1384,620,764,41430,22179,19251
27,510,yavatmal,Rural,18,47868,26196,21672,2122,896,1226,45746,25300,20446
27,510,yavatmal,Rural,19,39628,21172,18456,1705,624,1081,37923,20548,17375
27,510,yavatmal,Rural,20-24,204881,108145,96736,13866,4180,9686,191015,103965,87050
27,510,yavatmal,Rural,25-29,183506,94860,88646,20081,5853,14228,163425,89007,74418
27,510,yavatmal,Rural,30-34,160470,82073,78397,26111,7409,18702,134359,74664,59695
27,510,yavatmal,Rural,35-39,153144,77459,75685,33979,9327,24652,119165,68132,51033
27,510,yavatmal,Rural,40-44,134925,69652,65273,38390,11762,26628,96535,57890,38645
27,510,yavatmal,Rural,45-49,111498,57387,54111,36464,11542,24922,75034,45845,29189
27,510,yavatmal,Rural,50-54,89791,46416,43375,31074,9737,21337,58717,36679,22038
27,510,yavatmal,Rural,55-59,70819,34820,35999,26709,7420,19289,44110,27400,16710
27,510,yavatmal,Rural,60-64,73014,32961,40053,34489,9569,24920,38525,23392,15133
27,510,yavatmal,Rural,65-69,63704,29749,33955,32931,10185,22746,30773,19564,11209
27,510,yavatmal,Rural,70-74,44151,20972,23179,25548,8782,16766,18603,12190,6413
27,510,yavatmal,Rural,75-79,20264,10095,10169,11680,4255,7425,8584,5840,2744
27,510,yavatmal,Rural,80+,20217,9601,10616,11657,4265,7392,8560,5336,3224
27,510,yavatmal,Rural,Age not stated,5150,2727,2423,1378,549,829,3772,2178,1594
27,510,yavatmal,Urban,All ages,598153,304817,293336,111614,48518,63096,486539,256299,230240
27,510,yavatmal,Urban,0-6,64879,34270,30609,64879,34270,30609,0,0,0
27,510,yavatmal,Urban,7,10094,5326,4768,1767,911,856,8327,4415,3912
27,510,yavatmal,Urban,8,9868,5224,4644,557,297,260,9311,4927,4384
27,510,yavatmal,Urban,9,9770,5153,4617,284,152,132,9486,5001,4485
27,510,yavatmal,Urban,10,12017,6385,5632,421,217,204,11596,6168,5428
27,510,yavatmal,Urban,11,11550,6109,5441,241,124,117,11309,5985,5324
27,510,yavatmal,Urban,12,11575,6184,5391,243,99,144,11332,6085,5247
27,510,yavatmal,Urban,13,11580,5956,5624,206,99,107,11374,5857,5517
27,510,yavatmal,Urban,14,11544,5977,5567,234,117,117,11310,5860,5450
27,510,yavatmal,Urban,15,11689,6149,5540,275,135,140,11414,6014,5400
27,510,yavatmal,Urban,16,11863,6040,5823,263,123,140,11600,5917,5683
27,510,yavatmal,Urban,17,10949,5589,5360,253,130,123,10696,5459,5237
27,510,yavatmal,Urban,18,12856,6532,6324,362,164,198,12494,6368,6126
27,510,yavatmal,Urban,19,10712,5403,5309,243,89,154,10469,5314,5155
27,510,yavatmal,Urban,20-24,57831,28801,29030,1752,709,1043,56079,28092,27987
27,510,yavatmal,Urban,25-29,53438,26122,27316,2306,816,1490,51132,25306,25826
27,510,yavatmal,Urban,30-34,48821,24107,24714,2771,942,1829,46050,23165,22885
27,510,yavatmal,Urban,35-39,47965,23979,23986,3750,1098,2652,44215,22881,21334
27,510,yavatmal,Urban,40-44,42014,22213,19801,4186,1274,2912,37828,20939,16889
27,510,yavatmal,Urban,45-49,34421,18252,16169,4089,1216,2873,30332,17036,13296
27,510,yavatmal,Urban,50-54,26505,14134,12371,3560,995,2565,22945,13139,9806
27,510,yavatmal,Urban,55-59,20735,10813,9922,2976,757,2219,17759,10056,7703
27,510,yavatmal,Urban,60-64,18497,8872,9625,4156,926,3230,14341,7946,6395
27,510,yavatmal,Urban,65-69,15456,7195,8261,4237,922,3315,11219,6273,4946
27,510,yavatmal,Urban,70-74,10060,4724,5336,3532,883,2649,6528,3841,2687
27,510,yavatmal,Urban,75-79,5240,2489,2751,1769,432,1337,3471,2057,1414
27,510,yavatmal,Urban,80+,5360,2372,2988,2108,549,1559,3252,1823,1429
27,510,yavatmal,Urban,Age not stated,864,447,417,194,72,122,670,375,295
27,511,nanded,Total,All ages,3361292,1730075,1631217,1171867,474853,697014,2189425,1255222,934203
27,511,nanded,Total,0-6,459572,240620,218952,459572,240620,218952,0,0,0
27,511,nanded,Total,7,67064,34717,32347,15760,7989,7771,51304,26728,24576
27,511,nanded,Total,8,70828,36700,34128,6615,3319,3296,64213,33381,30832
27,511,nanded,Total,9,68142,35418,32724,4097,1992,2105,64045,33426,30619
27,511,nanded,Total,10,82519,42923,39596,5452,2699,2753,77067,40224,36843
27,511,nanded,Total,11,73334,38528,34806,3512,1757,1755,69822,36771,33051
27,511,nanded,Total,12,76622,40267,36355,3975,1839,2136,72647,38428,34219
27,511,nanded,Total,13,69276,36196,33080,3150,1479,1671,66126,34717,31409
27,511,nanded,Total,14,73025,38173,34852,3659,1700,1959,69366,36473,32893
27,511,nanded,Total,15,75605,40630,34975,4731,2261,2470,70874,38369,32505
27,511,nanded,Total,16,73655,39870,33785,4465,2152,2313,69190,37718,31472
27,511,nanded,Total,17,62794,34849,27945,3681,1742,1939,59113,33107,26006
27,511,nanded,Total,18,83243,46283,36960,6212,2748,3464,77031,43535,33496
27,511,nanded,Total,19,61747,33028,28719,4611,1740,2871,57136,31288,25848
27,511,nanded,Total,20-24,328772,174477,154295,35289,12066,23223,293483,162411,131072
27,511,nanded,Total,25-29,282116,143647,138469,44249,13853,30396,237867,129794,108073
27,511,nanded,Total,30-34,246228,124549,121679,54757,16089,38668,191471,108460,83011
27,511,nanded,Total,35-39,226936,114981,111955,67546,19394,48152,159390,95587,63803
27,511,nanded,Total,40-44,188971,99649,89322,69693,22433,47260,119278,77216,42062
27,511,nanded,Total,45-49,147000,74987,72013,61643,19122,42521,85357,55865,29492
27,511,nanded,Total,50-54,119105,62755,56350,53081,17720,35361,66024,45035,20989
27,511,nanded,Total,55-59,95496,44478,51018,47883,12828,35055,47613,31650,15963
27,511,nanded,Total,60-64,112858,51318,61540,66979,19855,47124,45879,31463,14416
27,511,nanded,Total,65-69,88424,41972,46452,55295,18041,37254,33129,23931,9198
27,511,nanded,Total,70-74,59996,28748,31248,41198,14711,26487,18798,14037,4761
27,511,nanded,Total,75-79,25258,11393,13865,17444,5790,11654,7814,5603,2211
27,511,nanded,Total,80+,34690,14630,20060,24792,7872,16920,9898,6758,3140
27,511,nanded,Total,Age not stated,8016,4289,3727,2526,1042,1484,5490,3247,2243
27,511,nanded,Rural,All ages,2447394,1258160,1189234,918077,366110,551967,1529317,892050,637267
27,511,nanded,Rural,0-6,341023,178075,162948,341023,178075,162948,0,0,0
27,511,nanded,Rural,7,48165,24894,23271,11809,5935,5874,36356,18959,17397
27,511,nanded,Rural,8,51958,26785,25173,4792,2380,2412,47166,24405,22761
27,511,nanded,Rural,9,50491,26067,24424,2960,1403,1557,47531,24664,22867
27,511,nanded,Rural,10,60560,31330,29230,4001,1932,2069,56559,29398,27161
27,511,nanded,Rural,11,53761,28201,25560,2512,1214,1298,51249,26987,24262
27,511,nanded,Rural,12,56111,29459,26652,2936,1297,1639,53175,28162,25013
27,511,nanded,Rural,13,50553,26393,24160,2311,1057,1254,48242,25336,22906
27,511,nanded,Rural,14,54041,28282,25759,2775,1225,1550,51266,27057,24209
27,511,nanded,Rural,15,55764,30236,25528,3540,1644,1896,52224,28592,23632
27,511,nanded,Rural,16,54299,29797,24502,3405,1591,1814,50894,28206,22688
27,511,nanded,Rural,17,44359,25111,19248,2722,1231,1491,41637,23880,17757
27,511,nanded,Rural,18,60833,34555,26278,4759,2037,2722,56074,32518,23556
27,511,nanded,Rural,19,43441,23617,19824,3491,1252,2239,39950,22365,17585
27,511,nanded,Rural,20-24,232966,124982,107984,27777,8964,18813,205189,116018,89171
27,511,nanded,Rural,25-29,199572,101757,97815,35412,10622,24790,164160,91135,73025
27,511,nanded,Rural,30-34,175955,88808,87147,44427,12615,31812,131528,76193,55335
27,511,nanded,Rural,35-39,162044,81532,80512,55033,15398,39635,107011,66134,40877
27,511,nanded,Rural,40-44,135823,71165,64658,56895,18245,38650,78928,52920,26008
27,511,nanded,Rural,45-49,105212,53118,52094,50269,15595,34674,54943,37523,17420
27,511,nanded,Rural,50-54,85451,44765,40686,43271,14601,28670,42180,30164,12016
27,511,nanded,Rural,55-59,70140,31387,38753,39799,10639,29160,30341,20748,9593
27,511,nanded,Rural,60-64,86793,39146,47647,55400,16710,38690,31393,22436,8957
27,511,nanded,Rural,65-69,68878,32831,36047,46091,15541,30550,22787,17290,5497
27,511,nanded,Rural,70-74,46596,22341,24255,33915,12417,21498,12681,9924,2757
27,511,nanded,Rural,75-79,19585,8833,10752,14435,4957,9478,5150,3876,1274
27,511,nanded,Rural,80+,26810,11397,15413,20198,6665,13533,6612,4732,1880
27,511,nanded,Rural,Age not stated,6210,3296,2914,2119,868,1251,4091,2428,1663
27,511,nanded,Urban,All ages,913898,471915,441983,253790,108743,145047,660108,363172,296936
27,511,nanded,Urban,0-6,118549,62545,56004,118549,62545,56004,0,0,0
27,511,nanded,Urban,7,18899,9823,9076,3951,2054,1897,14948,7769,7179
27,511,nanded,Urban,8,18870,9915,8955,1823,939,884,17047,8976,8071
27,511,nanded,Urban,9,17651,9351,8300,1137,589,548,16514,8762,7752
27,511,nanded,Urban,10,21959,11593,10366,1451,767,684,20508,10826,9682
27,511,nanded,Urban,11,19573,10327,9246,1000,543,457,18573,9784,8789
27,511,nanded,Urban,12,20511,10808,9703,1039,542,497,19472,10266,9206
27,511,nanded,Urban,13,18723,9803,8920,839,422,417,17884,9381,8503
27,511,nanded,Urban,14,18984,9891,9093,884,475,409,18100,9416,8684
27,511,nanded,Urban,15,19841,10394,9447,1191,617,574,18650,9777,8873
27,511,nanded,Urban,16,19356,10073,9283,1060,561,499,18296,9512,8784
27,511,nanded,Urban,17,18435,9738,8697,959,511,448,17476,9227,8249
27,511,nanded,Urban,18,22410,11728,10682,1453,711,742,20957,11017,9940
27,511,nanded,Urban,19,18306,9411,8895,1120,488,632,17186,8923,8263
27,511,nanded,Urban,20-24,95806,49495,46311,7512,3102,4410,88294,46393,41901
27,511,nanded,Urban,25-29,82544,41890,40654,8837,3231,5606,73707,38659,35048
27,511,nanded,Urban,30-34,70273,35741,34532,10330,3474,6856,59943,32267,27676
27,511,nanded,Urban,35-39,64892,33449,31443,12513,3996,8517,52379,29453,22926
27,511,nanded,Urban,40-44,53148,28484,24664,12798,4188,8610,40350,24296,16054
27,511,nanded,Urban,45-49,41788,21869,19919,11374,3527,7847,30414,18342,12072
27,511,nanded,Urban,50-54,33654,17990,15664,9810,3119,6691,23844,14871,8973
27,511,nanded,Urban,55-59,25356,13091,12265,8084,2189,5895,17272,10902,6370
27,511,nanded,Urban,60-64,26065,12172,13893,11579,3145,8434,14486,9027,5459
27,511,nanded,Urban,65-69,19546,9141,10405,9204,2500,6704,10342,6641,3701
27,511,nanded,Urban,70-74,13400,6407,6993,7283,2294,4989,6117,4113,2004
27,511,nanded,Urban,75-79,5673,2560,3113,3009,833,2176,2664,1727,937
27,511,nanded,Urban,80+,7880,3233,4647,4594,1207,3387,3286,2026,1260
27,511,nanded,Urban,Age not stated,1806,993,813,407,174,233,1399,819,580
27,512,hingoli,Total,All ages,1177345,606294,571051,386602,155743,230859,790743,450551,340192
27,512,hingoli,Total,0-6,165716,88052,77664,165716,88052,77664,0,0,0
27,512,hingoli,Total,7,22918,11841,11077,4785,2423,2362,18133,9418,8715
27,512,hingoli,Total,8,24880,12921,11959,1776,824,952,23104,12097,11007
27,512,hingoli,Total,9,24750,12892,11858,1089,517,572,23661,12375,11286
27,512,hingoli,Total,10,29596,15510,14086,1535,737,798,28061,14773,13288
27,512,hingoli,Total,11,26071,13634,12437,909,408,501,25162,13226,11936
27,512,hingoli,Total,12,26047,13697,12350,878,369,509,25169,13328,11841
27,512,hingoli,Total,13,24659,12848,11811,768,310,458,23891,12538,11353
27,512,hingoli,Total,14,25131,13230,11901,807,339,468,24324,12891,11433
27,512,hingoli,Total,15,25704,13946,11758,1083,459,624,24621,13487,11134
27,512,hingoli,Total,16,24826,13672,11154,964,419,545,23862,13253,10609
27,512,hingoli,Total,17,21087,12087,9000,774,358,416,20313,11729,8584
27,512,hingoli,Total,18,27506,15945,11561,1313,536,777,26193,15409,10784
27,512,hingoli,Total,19,20825,11639,9186,1013,326,687,19812,11313,8499
27,512,hingoli,Total,20-24,108312,57728,50584,8247,2358,5889,100065,55370,44695
27,512,hingoli,Total,25-29,94089,47464,46625,11852,3074,8778,82237,44390,37847
27,512,hingoli,Total,30-34,84581,41930,42651,16321,4075,12246,68260,37855,30405
27,512,hingoli,Total,35-39,79687,40010,39677,21090,5370,15720,58597,34640,23957
27,512,hingoli,Total,40-44,65918,34974,30944,21433,6511,14922,44485,28463,16022
27,512,hingoli,Total,45-49,51719,26242,25477,19858,5921,13937,31861,20321,11540
27,512,hingoli,Total,50-54,41702,21491,20211,17110,5376,11734,24592,16115,8477
27,512,hingoli,Total,55-59,35692,16192,19500,16306,4149,12157,19386,12043,7343
27,512,hingoli,Total,60-64,41909,18821,23088,21874,6315,15559,20035,12506,7529
27,512,hingoli,Total,65-69,34990,16618,18372,19368,6189,13179,15622,10429,5193
27,512,hingoli,Total,70-74,23474,11428,12046,14169,5115,9054,9305,6313,2992
27,512,hingoli,Total,75-79,10578,4750,5828,6521,2145,4376,4057,2605,1452
27,512,hingoli,Total,80+,13483,5956,7527,8623,2906,5717,4860,3050,1810
27,512,hingoli,Total,Age not stated,1495,776,719,420,162,258,1075,614,461
27,512,hingoli,Rural,All ages,998612,514430,484182,340460,135733,204727,658152,378697,279455
27,512,hingoli,Rural,0-6,141780,75268,66512,141780,75268,66512,0,0,0
27,512,hingoli,Rural,7,19016,9881,9135,4148,2108,2040,14868,7773,7095
27,512,hingoli,Rural,8,21010,10890,10120,1509,694,815,19501,10196,9305
27,512,hingoli,Rural,9,21199,11027,10172,929,434,495,20270,10593,9677
27,512,hingoli,Rural,10,24973,13054,11919,1266,597,669,23707,12457,11250
27,512,hingoli,Rural,11,21967,11478,10489,744,315,429,21223,11163,10060
27,512,hingoli,Rural,12,21822,11414,10408,713,287,426,21109,11127,9982
27,512,hingoli,Rural,13,20575,10694,9881,625,239,386,19950,10455,9495
27,512,hingoli,Rural,14,21176,11133,10043,684,277,407,20492,10856,9636
27,512,hingoli,Rural,15,21602,11739,9863,905,369,536,20697,11370,9327
27,512,hingoli,Rural,16,20806,11596,9210,793,336,457,20013,11260,8753
27,512,hingoli,Rural,17,17442,10143,7299,660,300,360,16782,9843,6939
27,512,hingoli,Rural,18,22959,13523,9436,1079,420,659,21880,13103,8777
27,512,hingoli,Rural,19,17277,9801,7476,836,252,584,16441,9549,6892
27,512,hingoli,Rural,20-24,90710,48613,42097,7200,1947,5253,83510,46666,36844
27,512,hingoli,Rural,25-29,79261,39956,39305,10536,2605,7931,68725,37351,31374
27,512,hingoli,Rural,30-34,71474,35610,35864,14679,3569,11110,56795,32041,24754
27,512,hingoli,Rural,35-39,67208,33643,33565,19126,4806,14320,48082,28837,19245
27,512,hingoli,Rural,40-44,55496,29349,26147,19341,5820,13521,36155,23529,12626
27,512,hingoli,Rural,45-49,44068,22196,21872,18083,5361,12722,25985,16835,9150
27,512,hingoli,Rural,50-54,35557,18216,17341,15520,4890,10630,20037,13326,6711
27,512,hingoli,Rural,55-59,30880,13825,17055,14910,3799,11111,15970,10026,5944
27,512,hingoli,Rural,60-64,36853,16640,20213,19963,5844,14119,16890,10796,6094
27,512,hingoli,Rural,65-69,30562,14576,15986,17541,5695,11846,13021,8881,4140
27,512,hingoli,Rural,70-74,20613,10138,10475,12814,4705,8109,7799,5433,2366
27,512,hingoli,Rural,75-79,9324,4163,5161,5976,1999,3977,3348,2164,1184
27,512,hingoli,Rural,80+,11833,5253,6580,7768,2672,5096,4065,2581,1484
27,512,hingoli,Rural,Age not stated,1169,611,558,332,125,207,837,486,351
27,512,hingoli,Urban,All ages,178733,91864,86869,46142,20010,26132,132591,71854,60737
27,512,hingoli,Urban,0-6,23936,12784,11152,23936,12784,11152,0,0,0
27,512,hingoli,Urban,7,3902,1960,1942,637,315,322,3265,1645,1620
27,512,hingoli,Urban,8,3870,2031,1839,267,130,137,3603,1901,1702
27,512,hingoli,Urban,9,3551,1865,1686,160,83,77,3391,1782,1609
27,512,hingoli,Urban,10,4623,2456,2167,269,140,129,4354,2316,2038
27,512,hingoli,Urban,11,4104,2156,1948,165,93,72,3939,2063,1876
27,512,hingoli,Urban,12,4225,2283,1942,165,82,83,4060,2201,1859
27,512,hingoli,Urban,13,4084,2154,1930,143,71,72,3941,2083,1858
27,512,hingoli,Urban,14,3955,2097,1858,123,62,61,3832,2035,1797
27,512,hingoli,Urban,15,4102,2207,1895,178,90,88,3924,2117,1807
27,512,hingoli,Urban,16,4020,2076,1944,171,83,88,3849,1993,1856
27,512,hingoli,Urban,17,3645,1944,1701,114,58,56,3531,1886,1645
27,512,hingoli,Urban,18,4547,2422,2125,234,116,118,4313,2306,2007
27,512,hingoli,Urban,19,3548,1838,1710,177,74,103,3371,1764,1607
27,512,hingoli,Urban,20-24,17602,9115,8487,1047,411,636,16555,8704,7851
27,512,hingoli,Urban,25-29,14828,7508,7320,1316,469,847,13512,7039,6473
27,512,hingoli,Urban,30-34,13107,6320,6787,1642,506,1136,11465,5814,5651
27,512,hingoli,Urban,35-39,12479,6367,6112,1964,564,1400,10515,5803,4712
27,512,hingoli,Urban,40-44,10422,5625,4797,2092,691,1401,8330,4934,3396
27,512,hingoli,Urban,45-49,7651,4046,3605,1775,560,1215,5876,3486,2390
27,512,hingoli,Urban,50-54,6145,3275,2870,1590,486,1104,4555,2789,1766
27,512,hingoli,Urban,55-59,4812,2367,2445,1396,350,1046,3416,2017,1399
27,512,hingoli,Urban,60-64,5056,2181,2875,1911,471,1440,3145,1710,1435
27,512,hingoli,Urban,65-69,4428,2042,2386,1827,494,1333,2601,1548,1053
27,512,hingoli,Urban,70-74,2861,1290,1571,1355,410,945,1506,880,626
27,512,hingoli,Urban,75-79,1254,587,667,545,146,399,709,441,268
27,512,hingoli,Urban,80+,1650,703,947,855,234,621,795,469,326
27,512,hingoli,Urban,Age not stated,326,165,161,88,37,51,238,128,110
27,513,parbhani,Total,All ages,1836086,942870,893216,678272,276579,401693,1157814,666291,491523
27,513,parbhani,Total,0-6,257320,136605,120715,257320,136605,120715,0,0,0
27,513,parbhani,Total,7,35207,18252,16955,8081,4107,3974,27126,14145,12981
27,513,parbhani,Total,8,38691,20070,18621,3622,1807,1815,35069,18263,16806
27,513,parbhani,Total,9,36792,19119,17673,2279,1175,1104,34513,17944,16569
27,513,parbhani,Total,10,44781,23341,21440,3343,1595,1748,41438,21746,19692
27,513,parbhani,Total,11,39692,20677,19015,2179,1016,1163,37513,19661,17852
27,513,parbhani,Total,12,40739,21151,19588,2316,1115,1201,38423,20036,18387
27,513,parbhani,Total,13,37088,19204,17884,1859,872,987,35229,18332,16897
27,513,parbhani,Total,14,38059,20138,17921,1996,921,1075,36063,19217,16846
27,513,parbhani,Total,15,39802,21563,18239,2624,1256,1368,37178,20307,16871
27,513,parbhani,Total,16,38668,21132,17536,2493,1251,1242,36175,19881,16294
27,513,parbhani,Total,17,32879,18648,14231,2035,1001,1034,30844,17647,13197
27,513,parbhani,Total,18,45105,25547,19558,3484,1551,1933,41621,23996,17625
27,513,parbhani,Total,19,32937,17693,15244,2504,1051,1453,30433,16642,13791
27,513,parbhani,Total,20-24,173587,91586,82001,18907,6708,12199,154680,84878,69802
27,513,parbhani,Total,25-29,147002,74873,72129,24628,7745,16883,122374,67128,55246
27,513,parbhani,Total,30-34,129188,64347,64841,31864,9127,22737,97324,55220,42104
27,513,parbhani,Total,35-39,121512,60640,60872,39618,11098,28520,81894,49542,32352
27,513,parbhani,Total,40-44,104024,54173,49851,41238,13401,27837,62786,40772,22014
27,513,parbhani,Total,45-49,81762,41670,40092,36421,11605,24816,45341,30065,15276
27,513,parbhani,Total,50-54,65555,34288,31267,31115,10823,20292,34440,23465,10975
27,513,parbhani,Total,55-59,54239,25265,28974,28437,7920,20517,25802,17345,8457
27,513,parbhani,Total,60-64,64842,28543,36299,40111,11764,28347,24731,16779,7952
27,513,parbhani,Total,65-69,56348,26590,29758,36543,12247,24296,19805,14343,5462
27,513,parbhani,Total,70-74,36474,17953,18521,25224,9388,15836,11250,8565,2685
27,513,parbhani,Total,75-79,15342,6761,8581,10909,3547,7362,4433,3214,1219
27,513,parbhani,Total,80+,20655,8927,11728,14639,4863,9776,6016,4064,1952
27,513,parbhani,Total,Age not stated,7796,4114,3682,2483,1020,1463,5313,3094,2219
27,513,parbhani,Rural,All ages,1266280,651886,614394,502832,201190,301642,763448,450696,312752
27,513,parbhani,Rural,0-6,179962,95996,83966,179962,95996,83966,0,0,0
27,513,parbhani,Rural,7,23464,12167,11297,5393,2722,2671,18071,9445,8626
27,513,parbhani,Rural,8,26782,13979,12803,2248,1087,1161,24534,12892,11642
27,513,parbhani,Rural,9,25811,13340,12471,1395,680,715,24416,12660,11756
27,513,parbhani,Rural,10,30777,16051,14726,2081,983,1098,28696,15068,13628
27,513,parbhani,Rural,11,27310,14247,13063,1332,601,731,25978,13646,12332
27,513,parbhani,Rural,12,27812,14470,13342,1342,622,720,26470,13848,12622
27,513,parbhani,Rural,13,25391,13155,12236,1124,498,626,24267,12657,11610
27,513,parbhani,Rural,14,26540,14212,12328,1219,545,674,25321,13667,11654
27,513,parbhani,Rural,15,27694,15065,12629,1687,768,919,26007,14297,11710
27,513,parbhani,Rural,16,26770,14900,11870,1570,770,800,25200,14130,11070
27,513,parbhani,Rural,17,22033,12843,9190,1300,628,672,20733,12215,8518
27,513,parbhani,Rural,18,30752,17861,12891,2254,943,1311,28498,16918,11580
27,513,parbhani,Rural,19,21651,11929,9722,1629,645,984,20022,11284,8738
27,513,parbhani,Rural,20-24,115666,61933,53733,13269,4324,8945,102397,57609,44788
27,513,parbhani,Rural,25-29,98375,50336,48039,18281,5414,12867,80094,44922,35172
27,513,parbhani,Rural,30-34,88263,43844,44419,24681,6648,18033,63582,37196,26386
27,513,parbhani,Rural,35-39,83237,41224,42013,30960,8275,22685,52277,32949,19328
27,513,parbhani,Rural,40-44,71428,37145,34283,32034,10225,21809,39394,26920,12474
27,513,parbhani,Rural,45-49,55909,28359,27550,28401,8938,19463,27508,19421,8087
27,513,parbhani,Rural,50-54,44379,23265,21114,24091,8461,15630,20288,14804,5484
27,513,parbhani,Rural,55-59,37730,16933,20797,22800,6337,16463,14930,10596,4334
27,513,parbhani,Rural,60-64,47718,20804,26914,32074,9539,22535,15644,11265,4379
27,513,parbhani,Rural,65-69,42370,20139,22231,29434,10130,19304,12936,10009,2927
27,513,parbhani,Rural,70-74,27493,13709,13784,20227,7794,12433,7266,5915,1351
27,513,parbhani,Rural,75-79,11644,5142,6502,8918,3011,5907,2726,2131,595
27,513,parbhani,Rural,80+,15508,6779,8729,11701,4026,7675,3807,2753,1054
27,513,parbhani,Rural,Age not stated,3811,2059,1752,1425,580,845,2386,1479,907
27,513,parbhani,Urban,All ages,569806,290984,278822,175440,75389,100051,394366,215595,178771
27,513,parbhani,Urban,0-6,77358,40609,36749,77358,40609,36749,0,0,0
27,513,parbhani,Urban,7,11743,6085,5658,2688,1385,1303,9055,4700,4355
27,513,parbhani,Urban,8,11909,6091,5818,1374,720,654,10535,5371,5164
27,513,parbhani,Urban,9,10981,5779,5202,884,495,389,10097,5284,4813
27,513,parbhani,Urban,10,14004,7290,6714,1262,612,650,12742,6678,6064
27,513,parbhani,Urban,11,12382,6430,5952,847,415,432,11535,6015,5520
27,513,parbhani,Urban,12,12927,6681,6246,974,493,481,11953,6188,5765
27,513,parbhani,Urban,13,11697,6049,5648,735,374,361,10962,5675,5287
27,513,parbhani,Urban,14,11519,5926,5593,777,376,401,10742,5550,5192
27,513,parbhani,Urban,15,12108,6498,5610,937,488,449,11171,6010,5161
27,513,parbhani,Urban,16,11898,6232,5666,923,481,442,10975,5751,5224
27,513,parbhani,Urban,17,10846,5805,5041,735,373,362,10111,5432,4679
27,513,parbhani,Urban,18,14353,7686,6667,1230,608,622,13123,7078,6045
27,513,parbhani,Urban,19,11286,5764,5522,875,406,469,10411,5358,5053
27,513,parbhani,Urban,20-24,57921,29653,28268,5638,2384,3254,52283,27269,25014
27,513,parbhani,Urban,25-29,48627,24537,24090,6347,2331,4016,42280,22206,20074
27,513,parbhani,Urban,30-34,40925,20503,20422,7183,2479,4704,33742,18024,15718
27,513,parbhani,Urban,35-39,38275,19416,18859,8658,2823,5835,29617,16593,13024
27,513,parbhani,Urban,40-44,32596,17028,15568,9204,3176,6028,23392,13852,9540
27,513,parbhani,Urban,45-49,25853,13311,12542,8020,2667,5353,17833,10644,7189
27,513,parbhani,Urban,50-54,21176,11023,10153,7024,2362,4662,14152,8661,5491
27,513,parbhani,Urban,55-59,16509,8332,8177,5637,1583,4054,10872,6749,4123
27,513,parbhani,Urban,60-64,17124,7739,9385,8037,2225,5812,9087,5514,3573
27,513,parbhani,Urban,65-69,13978,6451,7527,7109,2117,4992,6869,4334,2535
27,513,parbhani,Urban,70-74,8981,4244,4737,4997,1594,3403,3984,2650,1334
27,513,parbhani,Urban,75-79,3698,1619,2079,1991,536,1455,1707,1083,624
27,513,parbhani,Urban,80+,5147,2148,2999,2938,837,2101,2209,1311,898
27,513,parbhani,Urban,Age not stated,3985,2055,1930,1058,440,618,2927,1615,1312
27,514,jalna,Total,All ages,1959046,1011473,947573,763523,312045,451478,1195523,699428,496095
27,514,jalna,Total,0-6,287338,153642,133696,287338,153642,133696,0,0,0
27,514,jalna,Total,7,38694,20050,18644,9705,4884,4821,28989,15166,13823
27,514,jalna,Total,8,39882,20826,19056,4133,2093,2040,35749,18733,17016
27,514,jalna,Total,9,40211,21213,18998,3020,1475,1545,37191,19738,17453
27,514,jalna,Total,10,46962,24918,22044,3965,1978,1987,42997,22940,20057
27,514,jalna,Total,11,42396,22364,20032,2608,1191,1417,39788,21173,18615
27,514,jalna,Total,12,40922,21657,19265,2396,1093,1303,38526,20564,17962
27,514,jalna,Total,13,38740,20298,18442,2059,926,1133,36681,19372,17309
27,514,jalna,Total,14,38456,20510,17946,2314,1095,1219,36142,19415,16727
27,514,jalna,Total,15,39828,21723,18105,2896,1325,1571,36932,20398,16534
27,514,jalna,Total,16,38953,21727,17226,2766,1338,1428,36187,20389,15798
27,514,jalna,Total,17,34027,19637,14390,2411,1151,1260,31616,18486,13130
27,514,jalna,Total,18,44348,25118,19230,3860,1741,2119,40488,23377,17111
27,514,jalna,Total,19,34667,18842,15825,3080,1216,1864,31587,17626,13961
27,514,jalna,Total,20-24,185191,97565,87626,23170,7811,15359,162021,89754,72267
27,514,jalna,Total,25-29,159489,81550,77939,30570,9253,21317,128919,72297,56622
27,514,jalna,Total,30-34,137168,69706,67462,37238,10639,26599,99930,59067,40863
27,514,jalna,Total,35-39,125003,62659,62344,43895,12570,31325,81108,50089,31019
27,514,jalna,Total,40-44,106902,55415,51487,44648,14379,30269,62254,41036,21218
27,514,jalna,Total,45-49,85763,43990,41773,39862,12934,26928,45901,31056,14845
27,514,jalna,Total,50-54,68686,35650,33036,33728,11430,22298,34958,24220,10738
27,514,jalna,Total,55-59,57138,27000,30138,30825,8983,21842,26313,18017,8296
27,514,jalna,Total,60-64,64487,27690,36797,40495,11599,28896,23992,16091,7901
27,514,jalna,Total,65-69,65157,30511,34646,42094,13845,28249,23063,16666,6397
27,514,jalna,Total,70-74,42726,21090,21636,29720,11262,18458,13006,9828,3178
27,514,jalna,Total,75-79,18523,8539,9984,13187,4668,8519,5336,3871,1465
27,514,jalna,Total,80+,24762,10617,14145,17225,5671,11554,7537,4946,2591
27,514,jalna,Total,Age not stated,12627,6966,5661,4315,1853,2462,8312,5113,3199
27,514,jalna,Rural,All ages,1581617,817279,764338,650103,262609,387494,931514,554670,376844
27,514,jalna,Rural,0-6,234903,126180,108723,234903,126180,108723,0,0,0
27,514,jalna,Rural,7,30788,15978,14810,8014,4030,3984,22774,11948,10826
27,514,jalna,Rural,8,32432,16896,15536,3285,1628,1657,29147,15268,13879
27,514,jalna,Rural,9,32929,17398,15531,2389,1183,1206,30540,16215,14325
27,514,jalna,Rural,10,38020,20171,17849,3185,1579,1606,34835,18592,16243
27,514,jalna,Rural,11,34441,18164,16277,2048,919,1129,32393,17245,15148
27,514,jalna,Rural,12,32995,17475,15520,1849,826,1023,31146,16649,14497
27,514,jalna,Rural,13,31315,16459,14856,1641,720,921,29674,15739,13935
27,514,jalna,Rural,14,31091,16667,14424,1844,856,988,29247,15811,13436
27,514,jalna,Rural,15,32035,17572,14463,2307,1022,1285,29728,16550,13178
27,514,jalna,Rural,16,31436,17764,13672,2210,1045,1165,29226,16719,12507
27,514,jalna,Rural,17,26893,15805,11088,1890,884,1006,25003,14921,10082
27,514,jalna,Rural,18,35283,20410,14873,3043,1352,1691,32240,19058,13182
27,514,jalna,Rural,19,27260,15000,12260,2433,933,1500,24827,14067,10760
27,514,jalna,Rural,20-24,145973,77493,68480,19135,6142,12993,126838,71351,55487
27,514,jalna,Rural,25-29,125616,64268,61348,25976,7475,18501,99640,56793,42847
27,514,jalna,Rural,30-34,108550,55300,53250,32264,8854,23410,76286,46446,29840
27,514,jalna,Rural,35-39,98746,49235,49511,38351,10708,27643,60395,38527,21868
27,514,jalna,Rural,40-44,84783,43760,41023,39003,12426,26577,45780,31334,14446
27,514,jalna,Rural,45-49,68224,34710,33514,34840,11205,23635,33384,23505,9879
27,514,jalna,Rural,50-54,55045,28287,26758,29459,9955,19504,25586,18332,7254
27,514,jalna,Rural,55-59,47106,21966,25140,27516,8058,19458,19590,13908,5682
27,514,jalna,Rural,60-64,54568,23178,31390,36117,10314,25803,18451,12864,5587
27,514,jalna,Rural,65-69,56874,26702,30172,38380,12772,25608,18494,13930,4564
27,514,jalna,Rural,70-74,37288,18604,18684,26982,10489,16493,10306,8115,2191
27,514,jalna,Rural,75-79,16137,7462,8675,11983,4318,7665,4154,3144,1010
27,514,jalna,Rural,80+,21444,9264,12180,15493,5218,10275,5951,4046,1905
27,514,jalna,Rural,Age not stated,9442,5111,4331,3563,1518,2045,5879,3593,2286
27,514,jalna,Urban,All ages,377429,194194,183235,113420,49436,63984,264009,144758,119251
27,514,jalna,Urban,0-6,52435,27462,24973,52435,27462,24973,0,0,0
27,514,jalna,Urban,7,7906,4072,3834,1691,854,837,6215,3218,2997
27,514,jalna,Urban,8,7450,3930,3520,848,465,383,6602,3465,3137
27,514,jalna,Urban,9,7282,3815,3467,631,292,339,6651,3523,3128
27,514,jalna,Urban,10,8942,4747,4195,780,399,381,8162,4348,3814
27,514,jalna,Urban,11,7955,4200,3755,560,272,288,7395,3928,3467
27,514,jalna,Urban,12,7927,4182,3745,547,267,280,7380,3915,3465
27,514,jalna,Urban,13,7425,3839,3586,418,206,212,7007,3633,3374
27,514,jalna,Urban,14,7365,3843,3522,470,239,231,6895,3604,3291
27,514,jalna,Urban,15,7793,4151,3642,589,303,286,7204,3848,3356
27,514,jalna,Urban,16,7517,3963,3554,556,293,263,6961,3670,3291
27,514,jalna,Urban,17,7134,3832,3302,521,267,254,6613,3565,3048
27,514,jalna,Urban,18,9065,4708,4357,817,389,428,8248,4319,3929
27,514,jalna,Urban,19,7407,3842,3565,647,283,364,6760,3559,3201
27,514,jalna,Urban,20-24,39218,20072,19146,4035,1669,2366,35183,18403,16780
27,514,jalna,Urban,25-29,33873,17282,16591,4594,1778,2816,29279,15504,13775
27,514,jalna,Urban,30-34,28618,14406,14212,4974,1785,3189,23644,12621,11023
27,514,jalna,Urban,35-39,26257,13424,12833,5544,1862,3682,20713,11562,9151
27,514,jalna,Urban,40-44,22119,11655,10464,5645,1953,3692,16474,9702,6772
27,514,jalna,Urban,45-49,17539,9280,8259,5022,1729,3293,12517,7551,4966
27,514,jalna,Urban,50-54,13641,7363,6278,4269,1475,2794,9372,5888,3484
27,514,jalna,Urban,55-59,10032,5034,4998,3309,925,2384,6723,4109,2614
27,514,jalna,Urban,60-64,9919,4512,5407,4378,1285,3093,5541,3227,2314
27,514,jalna,Urban,65-69,8283,3809,4474,3714,1073,2641,4569,2736,1833
27,514,jalna,Urban,70-74,5438,2486,2952,2738,773,1965,2700,1713,987
27,514,jalna,Urban,75-79,2386,1077,1309,1204,350,854,1182,727,455
27,514,jalna,Urban,80+,3318,1353,1965,1732,453,1279,1586,900,686
27,514,jalna,Urban,Age not stated,3185,1855,1330,752,335,417,2433,1520,913
27,515,aurangabad,Total,All ages,3701282,1924469,1776813,1197445,493533,703912,2503837,1430936,1072901
27,515,aurangabad,Total,0-6,532659,286721,245938,532659,286721,245938,0,0,0
27,515,aurangabad,Total,7,73805,38875,34930,16723,8801,7922,57082,30074,27008
27,515,aurangabad,Total,8,73696,38803,34893,6151,3075,3076,67545,35728,31817
27,515,aurangabad,Total,9,73996,39460,34536,3719,1831,1888,70277,37629,32648
27,515,aurangabad,Total,10,86549,46652,39897,5118,2623,2495,81431,44029,37402
27,515,aurangabad,Total,11,78563,42076,36487,2908,1403,1505,75655,40673,34982
27,515,aurangabad,Total,12,75873,40623,35250,2841,1318,1523,73032,39305,33727
27,515,aurangabad,Total,13,73625,38870,34755,2527,1179,1348,71098,37691,33407
27,515,aurangabad,Total,14,72540,38711,33829,2684,1251,1433,69856,37460,32396
27,515,aurangabad,Total,15,73959,39796,34163,3523,1612,1911,70436,38184,32252
27,515,aurangabad,Total,16,72770,39855,32915,3264,1553,1711,69506,38302,31204
27,515,aurangabad,Total,17,67906,37999,29907,3172,1468,1704,64734,36531,28203
27,515,aurangabad,Total,18,84834,46833,38001,4802,2070,2732,80032,44763,35269
27,515,aurangabad,Total,19,70696,37451,33245,4004,1447,2557,66692,36004,30688
27,515,aurangabad,Total,20-24,373898,192951,180947,29577,9453,20124,344321,183498,160823
27,515,aurangabad,Total,25-29,326627,167336,159291,39051,11345,27706,287576,155991,131585
27,515,aurangabad,Total,30-34,276517,141107,135410,49437,13151,36286,227080,127956,99124
27,515,aurangabad,Total,35-39,254863,130281,124582,62958,16664,46294,191905,113617,78288
27,515,aurangabad,Total,40-44,211442,112039,99403,65080,19017,46063,146362,93022,53340
27,515,aurangabad,Total,45-49,166949,88374,78575,58723,17452,41271,108226,70922,37304
27,515,aurangabad,Total,50-54,130418,68285,62133,50840,15366,35474,79578,52919,26659
27,515,aurangabad,Total,55-59,101700,50891,50809,43266,11614,31652,58434,39277,19157
27,515,aurangabad,Total,60-64,104636,46293,58343,56738,14964,41774,47898,31329,16569
27,515,aurangabad,Total,65-69,99577,45882,53695,58814,17645,41169,40763,28237,12526
27,515,aurangabad,Total,70-74,66868,32701,34167,42532,14980,27552,24336,17721,6615
27,515,aurangabad,Total,75-79,30687,14589,16098,19563,6744,12819,11124,7845,3279
27,515,aurangabad,Total,80+,38046,16498,21548,24772,7875,16897,13274,8623,4651
27,515,aurangabad,Total,Age not stated,7583,4517,3066,1999,911,1088,5584,3606,1978
27,515,aurangabad,Rural,All ages,2081112,1081825,999287,787782,313414,474368,1293330,768411,524919
27,515,aurangabad,Rural,0-6,306364,165510,140854,306364,165510,140854,0,0,0
27,515,aurangabad,Rural,7,40710,21585,19125,10181,5375,4806,30529,16210,14319
27,515,aurangabad,Rural,8,43130,22545,20585,3771,1849,1922,39359,20696,18663
27,515,aurangabad,Rural,9,43203,22885,20318,2197,1058,1139,41006,21827,19179
27,515,aurangabad,Rural,10,50174,26888,23286,3040,1525,1515,47134,25363,21771
27,515,aurangabad,Rural,11,45260,24188,21072,1742,811,931,43518,23377,20141
27,515,aurangabad,Rural,12,43790,23429,20361,1750,772,978,42040,22657,19383
27,515,aurangabad,Rural,13,42436,22426,20010,1548,668,880,40888,21758,19130
27,515,aurangabad,Rural,14,42661,22846,19815,1692,761,931,40969,22085,18884
27,515,aurangabad,Rural,15,44061,23859,20202,2383,1073,1310,41678,22786,18892
27,515,aurangabad,Rural,16,42675,23737,18938,2137,978,1159,40538,22759,17779
27,515,aurangabad,Rural,17,38372,22070,16302,1985,883,1102,36387,21187,15200
27,515,aurangabad,Rural,18,48547,27784,20763,3096,1298,1798,45451,26486,18965
27,515,aurangabad,Rural,19,38341,21129,17212,2496,857,1639,35845,20272,15573
27,515,aurangabad,Rural,20-24,199743,106990,92753,19387,5792,13595,180356,101198,79158
27,515,aurangabad,Rural,25-29,167673,87508,80165,26505,7200,19305,141168,80308,60860
27,515,aurangabad,Rural,30-34,142973,72158,70815,34896,8671,26225,108077,63487,44590
27,515,aurangabad,Rural,35-39,133603,67588,66015,44735,11268,33467,88868,56320,32548
27,515,aurangabad,Rural,40-44,112383,58143,54240,46890,13453,33437,65493,44690,20803
27,515,aurangabad,Rural,45-49,90887,46787,44100,42526,12585,29941,48361,34202,14159
27,515,aurangabad,Rural,50-54,73003,37541,35462,36998,11303,25695,36005,26238,9767
27,515,aurangabad,Rural,55-59,58941,28127,30814,32588,8783,23805,26353,19344,7009
27,515,aurangabad,Rural,60-64,66235,27920,38315,43306,11532,31774,22929,16388,6541
27,515,aurangabad,Rural,65-69,68304,31217,37087,46259,14370,31889,22045,16847,5198
27,515,aurangabad,Rural,70-74,46633,22979,23654,33575,12393,21182,13058,10586,2472
27,515,aurangabad,Rural,75-79,20739,9931,10808,15387,5597,9790,5352,4334,1018
27,515,aurangabad,Rural,80+,25336,11090,14246,18953,6407,12546,6383,4683,1700
27,515,aurangabad,Rural,Age not stated,4935,2965,1970,1395,642,753,3540,2323,1217
27,515,aurangabad,Urban,All ages,1620170,842644,777526,409663,180119,229544,1210507,662525,547982
27,515,aurangabad,Urban,0-6,226295,121211,105084,226295,121211,105084,0,0,0
27,515,aurangabad,Urban,7,33095,17290,15805,6542,3426,3116,26553,13864,12689
27,515,aurangabad,Urban,8,30566,16258,14308,2380,1226,1154,28186,15032,13154
27,515,aurangabad,Urban,9,30793,16575,14218,1522,773,749,29271,15802,13469
27,515,aurangabad,Urban,10,36375,19764,16611,2078,1098,980,34297,18666,15631
27,515,aurangabad,Urban,11,33303,17888,15415,1166,592,574,32137,17296,14841
27,515,aurangabad,Urban,12,32083,17194,14889,1091,546,545,30992,16648,14344
27,515,aurangabad,Urban,13,31189,16444,14745,979,511,468,30210,15933,14277
27,515,aurangabad,Urban,14,29879,15865,14014,992,490,502,28887,15375,13512
27,515,aurangabad,Urban,15,29898,15937,13961,1140,539,601,28758,15398,13360
27,515,aurangabad,Urban,16,30095,16118,13977,1127,575,552,28968,15543,13425
27,515,aurangabad,Urban,17,29534,15929,13605,1187,585,602,28347,15344,13003
27,515,aurangabad,Urban,18,36287,19049,17238,1706,772,934,34581,18277,16304
27,515,aurangabad,Urban,19,32355,16322,16033,1508,590,918,30847,15732,15115
27,515,aurangabad,Urban,20-24,174155,85961,88194,10190,3661,6529,163965,82300,81665
27,515,aurangabad,Urban,25-29,158954,79828,79126,12546,4145,8401,146408,75683,70725
27,515,aurangabad,Urban,30-34,133544,68949,64595,14541,4480,10061,119003,64469,54534
27,515,aurangabad,Urban,35-39,121260,62693,58567,18223,5396,12827,103037,57297,45740
27,515,aurangabad,Urban,40-44,99059,53896,45163,18190,5564,12626,80869,48332,32537
27,515,aurangabad,Urban,45-49,76062,41587,34475,16197,4867,11330,59865,36720,23145
27,515,aurangabad,Urban,50-54,57415,30744,26671,13842,4063,9779,43573,26681,16892
27,515,aurangabad,Urban,55-59,42759,22764,19995,10678,2831,7847,32081,19933,12148
27,515,aurangabad,Urban,60-64,38401,18373,20028,13432,3432,10000,24969,14941,10028
27,515,aurangabad,Urban,65-69,31273,14665,16608,12555,3275,9280,18718,11390,7328
27,515,aurangabad,Urban,70-74,20235,9722,10513,8957,2587,6370,11278,7135,4143
27,515,aurangabad,Urban,75-79,9948,4658,5290,4176,1147,3029,5772,3511,2261
27,515,aurangabad,Urban,80+,12710,5408,7302,5819,1468,4351,6891,3940,2951
27,515,aurangabad,Urban,Age not stated,2648,1552,1096,604,269,335,2044,1283,761
27,516,nashik,Total,All ages,6107187,3157186,2950001,1761821,759648,1002173,4345366,2397538,1947828
27,516,nashik,Total,0-6,827935,438050,389885,827935,438050,389885,0,0,0
27,516,nashik,Total,7,120768,63056,57712,29111,15025,14086,91657,48031,43626
27,516,nashik,Total,8,115465,60725,54740,10327,5036,5291,105138,55689,49449
27,516,nashik,Total,9,118917,63492,55425,6405,3294,3111,112512,60198,52314
27,516,nashik,Total,10,137343,72730,64613,8516,4161,4355,128827,68569,60258
27,516,nashik,Total,11,128993,68036,60957,5064,2419,2645,123929,65617,58312
27,516,nashik,Total,12,124013,65385,58628,4995,2304,2691,119018,63081,55937
27,516,nashik,Total,13,122256,64393,57863,4403,2018,2385,117853,62375,55478
27,516,nashik,Total,14,119656,62671,56985,4807,2264,2543,114849,60407,54442
27,516,nashik,Total,15,119718,63507,56211,5855,2732,3123,113863,60775,53088
27,516,nashik,Total,16,119955,63916,56039,5750,2677,3073,114205,61239,52966
27,516,nashik,Total,17,110707,59133,51574,5225,2393,2832,105482,56740,48742
27,516,nashik,Total,18,130384,68857,61527,8584,3454,5130,121800,65403,56397
27,516,nashik,Total,19,113869,59105,54764,6903,2436,4467,106966,56669,50297
27,516,nashik,Total,20-24,611895,314437,297458,54338,19037,35301,557557,295400,262157
27,516,nashik,Total,25-29,558759,288776,269983,67315,24047,43268,491444,264729,226715
27,516,nashik,Total,30-34,474438,245531,228907,75824,26536,49288,398614,218995,179619
27,516,nashik,Total,35-39,425672,218828,206844,84675,28728,55947,340997,190100,150897
27,516,nashik,Total,40-44,363168,188351,174817,86942,29789,57153,276226,158562,117664
27,516,nashik,Total,45-49,303974,158189,145785,83801,28707,55094,220173,129482,90691
27,516,nashik,Total,50-54,245383,128503,116880,74119,25044,49075,171264,103459,67805
27,516,nashik,Total,55-59,188615,95743,92872,62972,19397,43575,125643,76346,49297
27,516,nashik,Total,60-64,172415,80873,91542,69949,19571,50378,102466,61302,41164
27,516,nashik,Total,65-69,147805,67441,80364,68115,19278,48837,79690,48163,31527
27,516,nashik,Total,70-74,98321,47053,51268,48401,15127,33274,49920,31926,17994
27,516,nashik,Total,75-79,48233,23092,25141,23678,7320,16358,24555,15772,8783
27,516,nashik,Total,80+,47697,21505,26192,24604,7376,17228,23093,14129,8964
27,516,nashik,Total,Age not stated,10833,5808,5025,3208,1428,1780,7625,4380,3245
27,516,nashik,Rural,All ages,3509814,1804712,1705102,1183382,498248,685134,2326432,1306464,1019968
27,516,nashik,Rural,0-6,496060,262482,233578,496060,262482,233578,0,0,0
27,516,nashik,Rural,7,71223,37002,34221,18801,9595,9206,52422,27407,25015
27,516,nashik,Rural,8,69451,36301,33150,6436,3030,3406,63015,33271,29744
27,516,nashik,Rural,9,72750,38706,34044,3942,1965,1977,68808,36741,32067
27,516,nashik,Rural,10,83686,43947,39739,5341,2515,2826,78345,41432,36913
27,516,nashik,Rural,11,78348,41189,37159,3185,1456,1729,75163,39733,35430
27,516,nashik,Rural,12,74963,39304,35659,3324,1415,1909,71639,37889,33750
27,516,nashik,Rural,13,73693,38692,35001,2915,1237,1678,70778,37455,33323
27,516,nashik,Rural,14,71671,37551,34120,3233,1423,1810,68438,36128,32310
27,516,nashik,Rural,15,71687,37998,33689,4098,1816,2282,67589,36182,31407
27,516,nashik,Rural,16,71879,38486,33393,3940,1717,2223,67939,36769,31170
27,516,nashik,Rural,17,63924,34323,29601,3514,1501,2013,60410,32822,27588
27,516,nashik,Rural,18,74055,38915,35140,5918,2112,3806,68137,36803,31334
27,516,nashik,Rural,19,62888,32317,30571,4808,1480,3328,58080,30837,27243
27,516,nashik,Rural,20-24,336021,172847,163174,38636,12327,26309,297385,160520,136865
27,516,nashik,Rural,25-29,301607,157092,144515,48840,16964,31876,252767,140128,112639
27,516,nashik,Rural,30-34,254487,130974,123513,55524,19000,36524,198963,111974,86989
27,516,nashik,Rural,35-39,231323,118382,112941,61904,21034,40870,169419,97348,72071
27,516,nashik,Rural,40-44,197687,101108,96579,64285,21907,42378,133402,79201,54201
27,516,nashik,Rural,45-49,168501,86358,82143,62717,21717,41000,105784,64641,41143
27,516,nashik,Rural,50-54,138104,70636,67468,56089,19314,36775,82015,51322,30693
27,516,nashik,Rural,55-59,109563,54476,55087,48372,15493,32879,61191,38983,22208
27,516,nashik,Rural,60-64,105687,48014,57673,53311,15501,37810,52376,32513,19863
27,516,nashik,Rural,65-69,97452,43652,53800,53196,15890,37306,44256,27762,16494
27,516,nashik,Rural,70-74,65023,31265,33758,37079,12464,24615,27944,18801,9143
27,516,nashik,Rural,75-79,30957,14935,16022,18042,6066,11976,12915,8869,4046
27,516,nashik,Rural,80+,29721,13810,15911,17520,5832,11688,12201,7978,4223
27,516,nashik,Rural,Age not stated,7403,3950,3453,2352,995,1357,5051,2955,2096
27,516,nashik,Urban,All ages,2597373,1352474,1244899,578439,261400,317039,2018934,1091074,927860
27,516,nashik,Urban,0-6,331875,175568,156307,331875,175568,156307,0,0,0
27,516,nashik,Urban,7,49545,26054,23491,10310,5430,4880,39235,20624,18611
27,516,nashik,Urban,8,46014,24424,21590,3891,2006,1885,42123,22418,19705
27,516,nashik,Urban,9,46167,24786,21381,2463,1329,1134,43704,23457,20247
27,516,nashik,Urban,10,53657,28783,24874,3175,1646,1529,50482,27137,23345
27,516,nashik,Urban,11,50645,26847,23798,1879,963,916,48766,25884,22882
27,516,nashik,Urban,12,49050,26081,22969,1671,889,782,47379,25192,22187
27,516,nashik,Urban,13,48563,25701,22862,1488,781,707,47075,24920,22155
27,516,nashik,Urban,14,47985,25120,22865,1574,841,733,46411,24279,22132
27,516,nashik,Urban,15,48031,25509,22522,1757,916,841,46274,24593,21681
27,516,nashik,Urban,16,48076,25430,22646,1810,960,850,46266,24470,21796
27,516,nashik,Urban,17,46783,24810,21973,1711,892,819,45072,23918,21154
27,516,nashik,Urban,18,56329,29942,26387,2666,1342,1324,53663,28600,25063
27,516,nashik,Urban,19,50981,26788,24193,2095,956,1139,48886,25832,23054
27,516,nashik,Urban,20-24,275874,141590,134284,15702,6710,8992,260172,134880,125292
27,516,nashik,Urban,25-29,257152,131684,125468,18475,7083,11392,238677,124601,114076
27,516,nashik,Urban,30-34,219951,114557,105394,20300,7536,12764,199651,107021,92630
27,516,nashik,Urban,35-39,194349,100446,93903,22771,7694,15077,171578,92752,78826
27,516,nashik,Urban,40-44,165481,87243,78238,22657,7882,14775,142824,79361,63463
27,516,nashik,Urban,45-49,135473,71831,63642,21084,6990,14094,114389,64841,49548
27,516,nashik,Urban,50-54,107279,57867,49412,18030,5730,12300,89249,52137,37112
27,516,nashik,Urban,55-59,79052,41267,37785,14600,3904,10696,64452,37363,27089
27,516,nashik,Urban,60-64,66728,32859,33869,16638,4070,12568,50090,28789,21301
27,516,nashik,Urban,65-69,50353,23789,26564,14919,3388,11531,35434,20401,15033
27,516,nashik,Urban,70-74,33298,15788,17510,11322,2663,8659,21976,13125,8851
27,516,nashik,Urban,75-79,17276,8157,9119,5636,1254,4382,11640,6903,4737
27,516,nashik,Urban,80+,17976,7695,10281,7084,1544,5540,10892,6151,4741
27,516,nashik,Urban,Age not stated,3430,1858,1572,856,433,423,2574,1425,1149
27,517,thane,Total,All ages,11060148,5865078,5195070,2832987,1273682,1559305,8227161,4591396,3635765
27,517,thane,Total,0-6,1327146,689665,637481,1327146,689665,637481,0,0,0
27,517,thane,Total,7,201725,105375,96350,44827,22813,22014,156898,82562,74336
27,517,thane,Total,8,189282,99176,90106,19908,9892,10016,169374,89284,80090
27,517,thane,Total,9,189767,99216,90551,15183,7579,7604,174584,91637,82947
27,517,thane,Total,10,223511,117618,105893,19268,9406,9862,204243,108212,96031
27,517,thane,Total,11,202978,106661,96317,12187,5900,6287,190791,100761,90030
27,517,thane,Total,12,196241,103237,93004,11553,5381,6172,184688,97856,86832
27,517,thane,Total,13,187049,97954,89095,9534,4329,5205,177515,93625,83890
27,517,thane,Total,14,185102,98036,87066,10234,4834,5400,174868,93202,81666
27,517,thane,Total,15,190484,101571,88913,12400,5977,6423,178084,95594,82490
27,517,thane,Total,16,184411,98672,85739,12019,5639,6380,172392,93033,79359
27,517,thane,Total,17,181584,98920,82664,11640,5691,5949,169944,93229,76715
27,517,thane,Total,18,222297,123632,98665,18511,8868,9643,203786,114764,89022
27,517,thane,Total,19,198456,107989,90467,15259,6940,8319,183197,101049,82148
27,517,thane,Total,20-24,1147520,611986,535534,112420,46374,66046,1035100,565612,469488
27,517,thane,Total,25-29,1156966,614115,542851,139914,55879,84035,1017052,558236,458816
27,517,thane,Total,30-34,991627,533590,458037,145525,56683,88842,846102,476907,369195
27,517,thane,Total,35-39,894455,479034,415421,157574,60086,97488,736881,418948,317933
27,517,thane,Total,40-44,741183,400754,340429,149953,58092,91861,591230,342662,248568
27,517,thane,Total,45-49,614623,325825,288798,138012,51664,86348,476611,274161,202450
27,517,thane,Total,50-54,484200,261984,222216,113212,42518,70694,370988,219466,151522
27,517,thane,Total,55-59,366223,196615,169608,87693,31012,56681,278530,165603,112927
27,517,thane,Total,60-64,287765,149566,138199,85620,28483,57137,202145,121083,81062
27,517,thane,Total,65-69,183967,91550,92417,60952,18813,42139,123015,72737,50278
27,517,thane,Total,70-74,119413,58181,61232,43291,13016,30275,76122,45165,30957
27,517,thane,Total,75-79,62929,30042,32887,20929,5763,15166,42000,24279,17721
27,517,thane,Total,80+,75424,34585,40839,26653,7312,19341,48771,27273,21498
27,517,thane,Total,Age not stated,53820,29529,24291,11570,5073,6497,42250,24456,17794
27,517,thane,Rural,All ages,2545470,1300136,1245334,1005585,416726,588859,1539885,883410,656475
27,517,thane,Rural,0-6,364206,185687,178519,364206,185687,178519,0,0,0
27,517,thane,Rural,7,54414,27840,26574,15659,7624,8035,38755,20216,18539
27,517,thane,Rural,8,54500,28075,26425,7870,3732,4138,46630,24343,22287
27,517,thane,Rural,9,54760,27908,26852,5559,2542,3017,49201,25366,23835
27,517,thane,Rural,10,63220,32683,30537,7067,3147,3920,56153,29536,26617
27,517,thane,Rural,11,55899,29079,26820,4439,1911,2528,51460,27168,24292
27,517,thane,Rural,12,54603,28076,26527,5027,2037,2990,49576,26039,23537
27,517,thane,Rural,13,50625,25979,24646,3983,1532,2451,46642,24447,22195
27,517,thane,Rural,14,47144,24650,22494,4312,1753,2559,42832,22897,19935
27,517,thane,Rural,15,48551,25563,22988,5385,2272,3113,43166,23291,19875
27,517,thane,Rural,16,48011,25093,22918,5406,2066,3340,42605,23027,19578
27,517,thane,Rural,17,43686,23223,20463,4670,1759,2911,39016,21464,17552
27,517,thane,Rural,18,53931,28232,25699,7967,2764,5203,45964,25468,20496
27,517,thane,Rural,19,44109,22537,21572,5958,1825,4133,38151,20712,17439
27,517,thane,Rural,20-24,254861,130064,124797,46667,14931,31736,208194,115133,93061
27,517,thane,Rural,25-29,231322,121652,109670,54309,18987,35322,177013,102665,74348
27,517,thane,Rural,30-34,193960,100874,93086,58262,20266,37996,135698,80608,55090
27,517,thane,Rural,35-39,179578,92693,86885,65406,23165,42241,114172,69528,44644
27,517,thane,Rural,40-44,153919,79399,74520,65765,24135,41630,88154,55264,32890
27,517,thane,Rural,45-49,129007,65323,63684,62976,23648,39328,66031,41675,24356
27,517,thane,Rural,50-54,102327,52100,50227,52549,19879,32670,49778,32221,17557
27,517,thane,Rural,55-59,79181,39564,39617,41863,15121,26742,37318,24443,12875
27,517,thane,Rural,60-64,67539,31707,35832,40094,13632,26462,27445,18075,9370
27,517,thane,Rural,65-69,47819,21266,26553,30185,9740,20445,17634,11526,6108
27,517,thane,Rural,70-74,30812,13568,17244,19950,6350,13600,10862,7218,3644
27,517,thane,Rural,75-79,14346,6433,7913,8713,2596,6117,5633,3837,1796
27,517,thane,Rural,80+,15365,6777,8588,8931,2672,6259,6434,4105,2329
27,517,thane,Rural,Age not stated,7775,4091,3684,2407,953,1454,5368,3138,2230
27,517,thane,Urban,All ages,8514678,4564942,3949736,1827402,856956,970446,6687276,3707986,2979290
27,517,thane,Urban,0-6,962940,503978,458962,962940,503978,458962,0,0,0
27,517,thane,Urban,7,147311,77535,69776,29168,15189,13979,118143,62346,55797
27,517,thane,Urban,8,134782,71101,63681,12038,6160,5878,122744,64941,57803
27,517,thane,Urban,9,135007,71308,63699,9624,5037,4587,125383,66271,59112
27,517,thane,Urban,10,160291,84935,75356,12201,6259,5942,148090,78676,69414
27,517,thane,Urban,11,147079,77582,69497,7748,3989,3759,139331,73593,65738
27,517,thane,Urban,12,141638,75161,66477,6526,3344,3182,135112,71817,63295
27,517,thane,Urban,13,136424,71975,64449,5551,2797,2754,130873,69178,61695
27,517,thane,Urban,14,137958,73386,64572,5922,3081,2841,132036,70305,61731
27,517,thane,Urban,15,141933,76008,65925,7015,3705,3310,134918,72303,62615
27,517,thane,Urban,16,136400,73579,62821,6613,3573,3040,129787,70006,59781
27,517,thane,Urban,17,137898,75697,62201,6970,3932,3038,130928,71765,59163
27,517,thane,Urban,18,168366,95400,72966,10544,6104,4440,157822,89296,68526
27,517,thane,Urban,19,154347,85452,68895,9301,5115,4186,145046,80337,64709
27,517,thane,Urban,20-24,892659,481922,410737,65753,31443,34310,826906,450479,376427
27,517,thane,Urban,25-29,925644,492463,433181,85605,36892,48713,840039,455571,384468
27,517,thane,Urban,30-34,797667,432716,364951,87263,36417,50846,710404,396299,314105
27,517,thane,Urban,35-39,714877,386341,328536,92168,36921,55247,622709,349420,273289
27,517,thane,Urban,40-44,587264,321355,265909,84188,33957,50231,503076,287398,215678
27,517,thane,Urban,45-49,485616,260502,225114,75036,28016,47020,410580,232486,178094
27,517,thane,Urban,50-54,381873,209884,171989,60663,22639,38024,321210,187245,133965
27,517,thane,Urban,55-59,287042,157051,129991,45830,15891,29939,241212,141160,100052
27,517,thane,Urban,60-64,220226,117859,102367,45526,14851,30675,174700,103008,71692
27,517,thane,Urban,65-69,136148,70284,65864,30767,9073,21694,105381,61211,44170
27,517,thane,Urban,70-74,88601,44613,43988,23341,6666,16675,65260,37947,27313
27,517,thane,Urban,75-79,48583,23609,24974,12216,3167,9049,36367,20442,15925
27,517,thane,Urban,80+,60059,27808,32251,17722,4640,13082,42337,23168,19169
27,517,thane,Urban,Age not stated,46045,25438,20607,9163,4120,5043,36882,21318,15564
27,518,mumbai suburban,Total,All ages,9356962,5031323,4325639,1781477,808294,973183,7575485,4223029,3352456
27,518,mumbai suburban,Total,0-6,930884,486696,444188,930884,486696,444188,0,0,0
27,518,mumbai suburban,Total,7,143486,75260,68226,25826,13443,12383,117660,61817,55843
27,518,mumbai suburban,Total,8,139144,73364,65780,10160,5242,4918,128984,68122,60862
27,518,mumbai suburban,Total,9,135683,71651,64032,6672,3413,3259,129011,68238,60773
27,518,mumbai suburban,Total,10,164488,87385,77103,8733,4463,4270,155755,82922,72833
27,518,mumbai suburban,Total,11,152413,80401,72012,5122,2571,2551,147291,77830,69461
27,518,mumbai suburban,Total,12,151003,80626,70377,4300,2222,2078,146703,78404,68299
27,518,mumbai suburban,Total,13,148619,78306,70313,3742,1866,1876,144877,76440,68437
27,518,mumbai suburban,Total,14,151212,80103,71109,4119,2069,2050,147093,78034,69059
27,518,mumbai suburban,Total,15,157487,84511,72976,5222,2690,2532,152265,81821,70444
27,518,mumbai suburban,Total,16,152345,82078,70267,5032,2671,2361,147313,79407,67906
27,518,mumbai suburban,Total,17,155340,85257,70083,5452,3025,2427,149888,82232,67656
27,518,mumbai suburban,Total,18,194893,111953,82940,9195,5460,3735,185698,106493,79205
27,518,mumbai suburban,Total,19,174766,98861,75905,7891,4470,3421,166875,94391,72484
27,518,mumbai suburban,Total,20-24,999427,563925,435502,58700,30010,28690,940727,533915,406812
27,518,mumbai suburban,Total,25-29,985170,541602,443568,71843,30977,40866,913327,510625,402702
27,518,mumbai suburban,Total,30-34,837047,455539,381508,74655,28680,45975,762392,426859,335533
27,518,mumbai suburban,Total,35-39,764467,408670,355797,86843,30259,56584,677624,378411,299213
27,518,mumbai suburban,Total,40-44,649785,348253,301532,86437,30103,56334,563348,318150,245198
27,518,mumbai suburban,Total,45-49,560702,297650,263052,83833,28111,55722,476869,269539,207330
27,518,mumbai suburban,Total,50-54,452439,245402,207037,68564,23418,45146,383875,221984,161891
27,518,mumbai suburban,Total,55-59,355509,189254,166255,53873,17414,36459,301636,171840,129796
27,518,mumbai suburban,Total,60-64,287613,148221,139392,54737,17158,37579,232876,131063,101813
27,518,mumbai suburban,Total,65-69,189642,96532,93110,37892,11276,26616,151750,85256,66494
27,518,mumbai suburban,Total,70-74,131091,65674,65417,29112,8434,20678,101979,57240,44739
27,518,mumbai suburban,Total,75-79,77042,37798,39244,15581,4152,11429,61461,33646,27815
27,518,mumbai suburban,Total,80+,82230,37913,44317,21305,5420,15885,60925,32493,28432
27,518,mumbai suburban,Total,Age not stated,33035,18438,14597,5752,2581,3171,27283,15857,11426
27,518,mumbai suburban,Rural,All ages,0,0,0,0,0,0,0,0,0
27,518,mumbai suburban,Rural,0-6,0,0,0,0,0,0,0,0,0
27,518,mumbai suburban,Rural,7,0,0,0,0,0,0,0,0,0
27,518,mumbai suburban,Rural,8,0,0,0,0,0,0,0,0,0
27,518,mumbai suburban,Rural,9,0,0,0,0,0,0,0,0,0
27,518,mumbai suburban,Rural,10,0,0,0,0,0,0,0,0,0
27,518,mumbai suburban,Rural,11,0,0,0,0,0,0,0,0,0
27,518,mumbai suburban,Rural,12,0,0,0,0,0,0,0,0,0
27,518,mumbai suburban,Rural,13,0,0,0,0,0,0,0,0,0
27,518,mumbai suburban,Rural,14,0,0,0,0,0,0,0,0,0
27,518,mumbai suburban,Rural,15,0,0,0,0,0,0,0,0,0
27,518,mumbai suburban,Rural,16,0,0,0,0,0,0,0,0,0
27,518,mumbai suburban,Rural,17,0,0,0,0,0,0,0,0,0
27,518,mumbai suburban,Rural,18,0,0,0,0,0,0,0,0,0
27,518,mumbai suburban,Rural,19,0,0,0,0,0,0,0,0,0
27,518,mumbai suburban,Rural,20-24,0,0,0,0,0,0,0,0,0
27,518,mumbai suburban,Rural,25-29,0,0,0,0,0,0,0,0,0
27,518,mumbai suburban,Rural,30-34,0,0,0,0,0,0,0,0,0
27,518,mumbai suburban,Rural,35-39,0,0,0,0,0,0,0,0,0
27,518,mumbai suburban,Rural,40-44,0,0,0,0,0,0,0,0,0
27,518,mumbai suburban,Rural,45-49,0,0,0,0,0,0,0,0,0
27,518,mumbai suburban,Rural,50-54,0,0,0,0,0,0,0,0,0
27,518,mumbai suburban,Rural,55-59,0,0,0,0,0,0,0,0,0
27,518,mumbai suburban,Rural,60-64,0,0,0,0,0,0,0,0,0
27,518,mumbai suburban,Rural,65-69,0,0,0,0,0,0,0,0,0
27,518,mumbai suburban,Rural,70-74,0,0,0,0,0,0,0,0,0
27,518,mumbai suburban,Rural,75-79,0,0,0,0,0,0,0,0,0
27,518,mumbai suburban,Rural,80+,0,0,0,0,0,0,0,0,0
27,518,mumbai suburban,Rural,Age not stated,0,0,0,0,0,0,0,0,0
27,518,mumbai suburban,Urban,All ages,9356962,5031323,4325639,1781477,808294,973183,7575485,4223029,3352456
27,518,mumbai suburban,Urban,0-6,930884,486696,444188,930884,486696,444188,0,0,0
27,518,mumbai suburban,Urban,7,143486,75260,68226,25826,13443,12383,117660,61817,55843
27,518,mumbai suburban,Urban,8,139144,73364,65780,10160,5242,4918,128984,68122,60862
27,518,mumbai suburban,Urban,9,135683,71651,64032,6672,3413,3259,129011,68238,60773
27,518,mumbai suburban,Urban,10,164488,87385,77103,8733,4463,4270,155755,82922,72833
27,518,mumbai suburban,Urban,11,152413,80401,72012,5122,2571,2551,147291,77830,69461
27,518,mumbai suburban,Urban,12,151003,80626,70377,4300,2222,2078,146703,78404,68299
27,518,mumbai suburban,Urban,13,148619,78306,70313,3742,1866,1876,144877,76440,68437
27,518,mumbai suburban,Urban,14,151212,80103,71109,4119,2069,2050,147093,78034,69059
27,518,mumbai suburban,Urban,15,157487,84511,72976,5222,2690,2532,152265,81821,70444
27,518,mumbai suburban,Urban,16,152345,82078,70267,5032,2671,2361,147313,79407,67906
27,518,mumbai suburban,Urban,17,155340,85257,70083,5452,3025,2427,149888,82232,67656
27,518,mumbai suburban,Urban,18,194893,111953,82940,9195,5460,3735,185698,106493,79205
27,518,mumbai suburban,Urban,19,174766,98861,75905,7891,4470,3421,166875,94391,72484
27,518,mumbai suburban,Urban,20-24,999427,563925,435502,58700,30010,28690,940727,533915,406812
27,518,mumbai suburban,Urban,25-29,985170,541602,443568,71843,30977,40866,913327,510625,402702
27,518,mumbai suburban,Urban,30-34,837047,455539,381508,74655,28680,45975,762392,426859,335533
27,518,mumbai suburban,Urban,35-39,764467,408670,355797,86843,30259,56584,677624,378411,299213
27,518,mumbai suburban,Urban,40-44,649785,348253,301532,86437,30103,56334,563348,318150,245198
27,518,mumbai suburban,Urban,45-49,560702,297650,263052,83833,28111,55722,476869,269539,207330
27,518,mumbai suburban,Urban,50-54,452439,245402,207037,68564,23418,45146,383875,221984,161891
27,518,mumbai suburban,Urban,55-59,355509,189254,166255,53873,17414,36459,301636,171840,129796
27,518,mumbai suburban,Urban,60-64,287613,148221,139392,54737,17158,37579,232876,131063,101813
27,518,mumbai suburban,Urban,65-69,189642,96532,93110,37892,11276,26616,151750,85256,66494
27,518,mumbai suburban,Urban,70-74,131091,65674,65417,29112,8434,20678,101979,57240,44739
27,518,mumbai suburban,Urban,75-79,77042,37798,39244,15581,4152,11429,61461,33646,27815
27,518,mumbai suburban,Urban,80+,82230,37913,44317,21305,5420,15885,60925,32493,28432
27,518,mumbai suburban,Urban,Age not stated,33035,18438,14597,5752,2581,3171,27283,15857,11426
27,519,mumbai,Total,All ages,3085411,1684608,1400803,576389,273928,302461,2509022,1410680,1098342
27,519,mumbai,Total,0-6,272886,142566,130320,272886,142566,130320,0,0,0
27,519,mumbai,Total,7,42565,21843,20722,8030,4102,3928,34535,17741,16794
27,519,mumbai,Total,8,40700,21218,19482,3259,1681,1578,37441,19537,17904
27,519,mumbai,Total,9,41306,21761,19545,2607,1352,1255,38699,20409,18290
27,519,mumbai,Total,10,49477,26134,23343,3362,1737,1625,46115,24397,21718
27,519,mumbai,Total,11,45655,24242,21413,2144,1127,1017,43511,23115,20396
27,519,mumbai,Total,12,45413,24343,21070,1810,998,812,43603,23345,20258
27,519,mumbai,Total,13,44568,23442,21126,1570,835,735,42998,22607,20391
27,519,mumbai,Total,14,45600,24204,21396,1626,901,725,43974,23303,20671
27,519,mumbai,Total,15,48493,26129,22364,2108,1174,934,46385,24955,21430
27,519,mumbai,Total,16,47016,25585,21431,2022,1209,813,44994,24376,20618
27,519,mumbai,Total,17,48911,27300,21611,2304,1443,861,46607,25857,20750
27,519,mumbai,Total,18,62387,36934,25453,3976,2704,1272,58411,34230,24181
27,519,mumbai,Total,19,58741,34609,24132,3710,2492,1218,55031,32117,22914
27,519,mumbai,Total,20-24,334119,198073,136046,24967,15459,9508,309152,182614,126538
27,519,mumbai,Total,25-29,325168,186723,138445,27557,14934,12623,297611,171789,125822
27,519,mumbai,Total,30-34,272932,153652,119280,26024,12796,13228,246908,140856,106052
27,519,mumbai,Total,35-39,250947,138227,112720,28048,12582,15466,222899,125645,97254
27,519,mumbai,Total,40-44,217175,118164,99011,26537,11039,15498,190638,107125,83513
27,519,mumbai,Total,45-49,192532,102940,89592,25963,9696,16267,166569,93244,73325
27,519,mumbai,Total,50-54,158581,86026,72555,22515,8324,14191,136066,77702,58364
27,519,mumbai,Total,55-59,125961,67561,58400,17858,6007,11851,108103,61554,46549
27,519,mumbai,Total,60-64,103157,52219,50938,19396,5952,13444,83761,46267,37494
27,519,mumbai,Total,65-69,70896,34703,36193,14589,4152,10437,56307,30551,25756
27,519,mumbai,Total,70-74,52043,24438,27605,12065,3231,8834,39978,21207,18771
27,519,mumbai,Total,75-79,33506,15277,18229,6937,1656,5281,26569,13621,12948
27,519,mumbai,Total,80+,39099,17246,21853,9584,2360,7224,29515,14886,14629
27,519,mumbai,Total,Age not stated,15577,9049,6528,2935,1419,1516,12642,7630,5012
27,519,mumbai,Rural,All ages,0,0,0,0,0,0,0,0,0
27,519,mumbai,Rural,0-6,0,0,0,0,0,0,0,0,0
27,519,mumbai,Rural,7,0,0,0,0,0,0,0,0,0
27,519,mumbai,Rural,8,0,0,0,0,0,0,0,0,0
27,519,mumbai,Rural,9,0,0,0,0,0,0,0,0,0
27,519,mumbai,Rural,10,0,0,0,0,0,0,0,0,0
27,519,mumbai,Rural,11,0,0,0,0,0,0,0,0,0
27,519,mumbai,Rural,12,0,0,0,0,0,0,0,0,0
27,519,mumbai,Rural,13,0,0,0,0,0,0,0,0,0
27,519,mumbai,Rural,14,0,0,0,0,0,0,0,0,0
27,519,mumbai,Rural,15,0,0,0,0,0,0,0,0,0
27,519,mumbai,Rural,16,0,0,0,0,0,0,0,0,0
27,519,mumbai,Rural,17,0,0,0,0,0,0,0,0,0
27,519,mumbai,Rural,18,0,0,0,0,0,0,0,0,0
27,519,mumbai,Rural,19,0,0,0,0,0,0,0,0,0
27,519,mumbai,Rural,20-24,0,0,0,0,0,0,0,0,0
27,519,mumbai,Rural,25-29,0,0,0,0,0,0,0,0,0
27,519,mumbai,Rural,30-34,0,0,0,0,0,0,0,0,0
27,519,mumbai,Rural,35-39,0,0,0,0,0,0,0,0,0
27,519,mumbai,Rural,40-44,0,0,0,0,0,0,0,0,0
27,519,mumbai,Rural,45-49,0,0,0,0,0,0,0,0,0
27,519,mumbai,Rural,50-54,0,0,0,0,0,0,0,0,0
27,519,mumbai,Rural,55-59,0,0,0,0,0,0,0,0,0
27,519,mumbai,Rural,60-64,0,0,0,0,0,0,0,0,0
27,519,mumbai,Rural,65-69,0,0,0,0,0,0,0,0,0
27,519,mumbai,Rural,70-74,0,0,0,0,0,0,0,0,0
27,519,mumbai,Rural,75-79,0,0,0,0,0,0,0,0,0
27,519,mumbai,Rural,80+,0,0,0,0,0,0,0,0,0
27,519,mumbai,Rural,Age not stated,0,0,0,0,0,0,0,0,0
27,519,mumbai,Urban,All ages,3085411,1684608,1400803,576389,273928,302461,2509022,1410680,1098342
27,519,mumbai,Urban,0-6,272886,142566,130320,272886,142566,130320,0,0,0
27,519,mumbai,Urban,7,42565,21843,20722,8030,4102,3928,34535,17741,16794
27,519,mumbai,Urban,8,40700,21218,19482,3259,1681,1578,37441,19537,17904
27,519,mumbai,Urban,9,41306,21761,19545,2607,1352,1255,38699,20409,18290
27,519,mumbai,Urban,10,49477,26134,23343,3362,1737,1625,46115,24397,21718
27,519,mumbai,Urban,11,45655,24242,21413,2144,1127,1017,43511,23115,20396
27,519,mumbai,Urban,12,45413,24343,21070,1810,998,812,43603,23345,20258
27,519,mumbai,Urban,13,44568,23442,21126,1570,835,735,42998,22607,20391
27,519,mumbai,Urban,14,45600,24204,21396,1626,901,725,43974,23303,20671
27,519,mumbai,Urban,15,48493,26129,22364,2108,1174,934,46385,24955,21430
27,519,mumbai,Urban,16,47016,25585,21431,2022,1209,813,44994,24376,20618
27,519,mumbai,Urban,17,48911,27300,21611,2304,1443,861,46607,25857,20750
27,519,mumbai,Urban,18,62387,36934,25453,3976,2704,1272,58411,34230,24181
27,519,mumbai,Urban,19,58741,34609,24132,3710,2492,1218,55031,32117,22914
27,519,mumbai,Urban,20-24,334119,198073,136046,24967,15459,9508,309152,182614,126538
27,519,mumbai,Urban,25-29,325168,186723,138445,27557,14934,12623,297611,171789,125822
27,519,mumbai,Urban,30-34,272932,153652,119280,26024,12796,13228,246908,140856,106052
27,519,mumbai,Urban,35-39,250947,138227,112720,28048,12582,15466,222899,125645,97254
27,519,mumbai,Urban,40-44,217175,118164,99011,26537,11039,15498,190638,107125,83513
27,519,mumbai,Urban,45-49,192532,102940,89592,25963,9696,16267,166569,93244,73325
27,519,mumbai,Urban,50-54,158581,86026,72555,22515,8324,14191,136066,77702,58364
27,519,mumbai,Urban,55-59,125961,67561,58400,17858,6007,11851,108103,61554,46549
27,519,mumbai,Urban,60-64,103157,52219,50938,19396,5952,13444,83761,46267,37494
27,519,mumbai,Urban,65-69,70896,34703,36193,14589,4152,10437,56307,30551,25756
27,519,mumbai,Urban,70-74,52043,24438,27605,12065,3231,8834,39978,21207,18771
27,519,mumbai,Urban,75-79,33506,15277,18229,6937,1656,5281,26569,13621,12948
27,519,mumbai,Urban,80+,39099,17246,21853,9584,2360,7224,29515,14886,14629
27,519,mumbai,Urban,Age not stated,15577,9049,6528,2935,1419,1516,12642,7630,5012
27,520,raigarh,Total,All ages,2634200,1344345,1289855,694206,284653,409553,1939994,1059692,880302
27,520,raigarh,Total,0-6,300815,155437,145378,300815,155437,145378,0,0,0
27,520,raigarh,Total,7,45447,23651,21796,10209,5263,4946,35238,18388,16850
27,520,raigarh,Total,8,43503,22599,20904,3935,1952,1983,39568,20647,18921
27,520,raigarh,Total,9,44403,23204,21199,2589,1230,1359,41814,21974,19840
27,520,raigarh,Total,10,51636,26925,24711,3068,1518,1550,48568,25407,23161
27,520,raigarh,Total,11,49716,25693,24023,2042,957,1085,47674,24736,22938
27,520,raigarh,Total,12,47156,24493,22663,1896,883,1013,45260,23610,21650
27,520,raigarh,Total,13,47624,24540,23084,1659,796,863,45965,23744,22221
27,520,raigarh,Total,14,47045,24503,22542,1746,808,938,45299,23695,21604
27,520,raigarh,Total,15,49336,25989,23347,2327,1075,1252,47009,24914,22095
27,520,raigarh,Total,16,46588,24234,22354,1982,894,1088,44606,23340,21266
27,520,raigarh,Total,17,44614,23449,21165,1866,874,992,42748,22575,20173
27,520,raigarh,Total,18,52086,27468,24618,3029,1239,1790,49057,26229,22828
27,520,raigarh,Total,19,46956,24525,22431,2586,1039,1547,44370,23486,20884
27,520,raigarh,Total,20-24,253293,129247,124046,19623,7226,12397,233670,122021,111649
27,520,raigarh,Total,25-29,243936,123979,119957,24497,9001,15496,219439,114978,104461
27,520,raigarh,Total,30-34,215669,109793,105876,27173,9752,17421,188496,100041,88455
27,520,raigarh,Total,35-39,205190,103754,101436,32166,10739,21427,173024,93015,80009
27,520,raigarh,Total,40-44,178369,92796,85573,35318,11489,23829,143051,81307,61744
27,520,raigarh,Total,45-49,149111,76354,72757,36435,11283,25152,112676,65071,47605
27,520,raigarh,Total,50-54,122160,64123,58037,34226,10757,23469,87934,53366,34568
27,520,raigarh,Total,55-59,95150,48236,46914,29776,8497,21279,65374,39739,25635
27,520,raigarh,Total,60-64,82444,39604,42840,32647,8679,23968,49797,30925,18872
27,520,raigarh,Total,65-69,64716,29704,35012,29837,7778,22059,34879,21926,12953
27,520,raigarh,Total,70-74,46748,21556,25192,24099,6753,17346,22649,14803,7846
27,520,raigarh,Total,75-79,24543,11321,13222,12623,3647,8976,11920,7674,4246
27,520,raigarh,Total,80+,26980,12250,14730,13834,4162,9672,13146,8088,5058
27,520,raigarh,Total,Age not stated,8966,4918,4048,2203,925,1278,6763,3993,2770
27,520,raigarh,Rural,All ages,1664005,836996,827009,501114,197295,303819,1162891,639701,523190
27,520,raigarh,Rural,0-6,188804,96875,91929,188804,96875,91929,0,0,0
27,520,raigarh,Rural,7,28422,14647,13775,6767,3451,3316,21655,11196,10459
27,520,raigarh,Rural,8,27841,14291,13550,2717,1334,1383,25124,12957,12167
27,520,raigarh,Rural,9,28821,14842,13979,1813,845,968,27008,13997,13011
27,520,raigarh,Rural,10,33395,17176,16219,2075,1012,1063,31320,16164,15156
27,520,raigarh,Rural,11,32488,16671,15817,1449,673,776,31039,15998,15041
27,520,raigarh,Rural,12,31149,16065,15084,1382,631,751,29767,15434,14333
27,520,raigarh,Rural,13,31436,16074,15362,1209,569,640,30227,15505,14722
27,520,raigarh,Rural,14,30956,15960,14996,1307,598,709,29649,15362,14287
27,520,raigarh,Rural,15,32676,17063,15613,1748,797,951,30928,16266,14662
27,520,raigarh,Rural,16,30765,15866,14899,1467,638,829,29298,15228,14070
27,520,raigarh,Rural,17,28758,15038,13720,1343,602,741,27415,14436,12979
27,520,raigarh,Rural,18,33313,17165,16148,2201,810,1391,31112,16355,14757
27,520,raigarh,Rural,19,29813,15503,14310,1925,722,1203,27888,14781,13107
27,520,raigarh,Rural,20-24,155038,78999,76039,14321,5007,9314,140717,73992,66725
27,520,raigarh,Rural,25-29,143521,73751,69770,17761,6407,11354,125760,67344,58416
27,520,raigarh,Rural,30-34,125468,63407,62061,20373,7212,13161,105095,56195,48900
27,520,raigarh,Rural,35-39,121621,60767,60854,24565,8113,16452,97056,52654,44402
27,520,raigarh,Rural,40-44,107525,54559,52966,27755,8921,18834,79770,45638,34132
27,520,raigarh,Rural,45-49,92071,45452,46619,29027,8883,20144,63044,36569,26475
27,520,raigarh,Rural,50-54,78106,39396,38710,27878,8667,19211,50228,30729,19499
27,520,raigarh,Rural,55-59,63772,31098,32674,24820,7036,17784,38952,24062,14890
27,520,raigarh,Rural,60-64,58484,27009,31475,27472,7225,20247,31012,19784,11228
27,520,raigarh,Rural,65-69,49172,22113,27059,25872,6752,19120,23300,15361,7939
27,520,raigarh,Rural,70-74,36153,16459,19694,20973,5992,14981,15180,10467,4713
27,520,raigarh,Rural,75-79,18482,8485,9997,10888,3244,7644,7594,5241,2353
27,520,raigarh,Rural,80+,19798,9017,10781,11508,3602,7906,8290,5415,2875
27,520,raigarh,Rural,Age not stated,6157,3248,2909,1694,677,1017,4463,2571,1892
27,520,raigarh,Urban,All ages,970195,507349,462846,193092,87358,105734,777103,419991,357112
27,520,raigarh,Urban,0-6,112011,58562,53449,112011,58562,53449,0,0,0
27,520,raigarh,Urban,7,17025,9004,8021,3442,1812,1630,13583,7192,6391
27,520,raigarh,Urban,8,15662,8308,7354,1218,618,600,14444,7690,6754
27,520,raigarh,Urban,9,15582,8362,7220,776,385,391,14806,7977,6829
27,520,raigarh,Urban,10,18241,9749,8492,993,506,487,17248,9243,8005
27,520,raigarh,Urban,11,17228,9022,8206,593,284,309,16635,8738,7897
27,520,raigarh,Urban,12,16007,8428,7579,514,252,262,15493,8176,7317
27,520,raigarh,Urban,13,16188,8466,7722,450,227,223,15738,8239,7499
27,520,raigarh,Urban,14,16089,8543,7546,439,210,229,15650,8333,7317
27,520,raigarh,Urban,15,16660,8926,7734,579,278,301,16081,8648,7433
27,520,raigarh,Urban,16,15823,8368,7455,515,256,259,15308,8112,7196
27,520,raigarh,Urban,17,15856,8411,7445,523,272,251,15333,8139,7194
27,520,raigarh,Urban,18,18773,10303,8470,828,429,399,17945,9874,8071
27,520,raigarh,Urban,19,17143,9022,8121,661,317,344,16482,8705,7777
27,520,raigarh,Urban,20-24,98255,50248,48007,5302,2219,3083,92953,48029,44924
27,520,raigarh,Urban,25-29,100415,50228,50187,6736,2594,4142,93679,47634,46045
27,520,raigarh,Urban,30-34,90201,46386,43815,6800,2540,4260,83401,43846,39555
27,520,raigarh,Urban,35-39,83569,42987,40582,7601,2626,4975,75968,40361,35607
27,520,raigarh,Urban,40-44,70844,38237,32607,7563,2568,4995,63281,35669,27612
27,520,raigarh,Urban,45-49,57040,30902,26138,7408,2400,5008,49632,28502,21130
27,520,raigarh,Urban,50-54,44054,24727,19327,6348,2090,4258,37706,22637,15069
27,520,raigarh,Urban,55-59,31378,17138,14240,4956,1461,3495,26422,15677,10745
27,520,raigarh,Urban,60-64,23960,12595,11365,5175,1454,3721,18785,11141,7644
27,520,raigarh,Urban,65-69,15544,7591,7953,3965,1026,2939,11579,6565,5014
27,520,raigarh,Urban,70-74,10595,5097,5498,3126,761,2365,7469,4336,3133
27,520,raigarh,Urban,75-79,6061,2836,3225,1735,403,1332,4326,2433,1893
27,520,raigarh,Urban,80+,7182,3233,3949,2326,560,1766,4856,2673,2183
27,520,raigarh,Urban,Age not stated,2809,1670,1139,509,248,261,2300,1422,878
27,521,pune,Total,All ages,9429408,4924105,4505303,2257685,983895,1273790,7171723,3940210,3231513
27,521,pune,Total,0-6,1104959,586665,518294,1104959,586665,518294,0,0,0
27,521,pune,Total,7,154019,81196,72823,32865,17246,15619,121154,63950,57204
27,521,pune,Total,8,145896,77863,68033,11865,6249,5616,134031,71614,62417
27,521,pune,Total,9,146544,78524,68020,7753,4006,3747,138791,74518,64273
27,521,pune,Total,10,171373,91372,80001,10556,5382,5174,160817,85990,74827
27,521,pune,Total,11,159574,84477,75097,6054,3070,2984,153520,81407,72113
27,521,pune,Total,12,152954,80963,71991,5744,2771,2973,147210,78192,69018
27,521,pune,Total,13,151790,79990,71800,4956,2401,2555,146834,77589,69245
27,521,pune,Total,14,152224,80327,71897,5110,2503,2607,147114,77824,69290
27,521,pune,Total,15,151819,80973,70846,6419,3212,3207,145400,77761,67639
27,521,pune,Total,16,150413,80491,69922,5893,2945,2948,144520,77546,66974
27,521,pune,Total,17,153329,81846,71483,5773,2933,2840,147556,78913,68643
27,521,pune,Total,18,187329,101458,85871,9327,4474,4853,178002,96984,81018
27,521,pune,Total,19,176474,93929,82545,7891,3491,4400,168583,90438,78145
27,521,pune,Total,20-24,1028019,537628,490391,58322,23792,34530,969697,513836,455861
27,521,pune,Total,25-29,998018,521114,476904,71817,27795,44022,926201,493319,432882
27,521,pune,Total,30-34,819858,434963,384895,78896,28189,50707,740962,406774,334188
27,521,pune,Total,35-39,713370,371459,341911,96172,30895,65277,617198,340564,276634
27,521,pune,Total,40-44,597668,313497,284171,106935,34485,72450,490733,279012,211721
27,521,pune,Total,45-49,493269,252910,240359,106429,32959,73470,386840,219951,166889
27,521,pune,Total,50-54,407518,211896,195622,97344,30855,66489,310174,181041,129133
27,521,pune,Total,55-59,322148,164167,157981,82128,24099,58029,240020,140068,99952
27,521,pune,Total,60-64,290287,141369,148918,94726,26762,67964,195561,114607,80954
27,521,pune,Total,65-69,225194,108664,116530,86229,25081,61148,138965,83583,55382
27,521,pune,Total,70-74,160645,80208,80437,68853,22494,46359,91792,57714,34078
27,521,pune,Total,75-79,84744,42438,42306,34681,11616,23065,50063,30822,19241
27,521,pune,Total,80+,95596,45429,50167,43117,14667,28450,52479,30762,21717
27,521,pune,Total,Age not stated,34377,18289,16088,6871,2858,4013,27506,15431,12075
27,521,pune,Rural,All ages,3678226,1903440,1774786,1056004,431249,624755,2622222,1472191,1150031
27,521,pune,Rural,0-6,440102,235248,204854,440102,235248,204854,0,0,0
27,521,pune,Rural,7,61491,32405,29086,12867,6781,6086,48624,25624,23000
27,521,pune,Rural,8,59705,31801,27904,4623,2378,2245,55082,29423,25659
27,521,pune,Rural,9,61450,33014,28436,2854,1423,1431,58596,31591,27005
27,521,pune,Rural,10,71717,38090,33627,4036,1983,2053,67681,36107,31574
27,521,pune,Rural,11,67665,35758,31907,2334,1164,1170,65331,34594,30737
27,521,pune,Rural,12,65326,34613,30713,2386,1089,1297,62940,33524,29416
27,521,pune,Rural,13,65256,34183,31073,1942,912,1030,63314,33271,30043
27,521,pune,Rural,14,66381,34780,31601,2156,1016,1140,64225,33764,30461
27,521,pune,Rural,15,66130,35220,30910,2738,1320,1418,63392,33900,29492
27,521,pune,Rural,16,65821,35169,30652,2418,1175,1243,63403,33994,29409
27,521,pune,Rural,17,65584,34889,30695,2314,1097,1217,63270,33792,29478
27,521,pune,Rural,18,76686,41421,35265,3720,1593,2127,72966,39828,33138
27,521,pune,Rural,19,68790,36375,32415,2951,1153,1798,65839,35222,30617
27,521,pune,Rural,20-24,375152,194713,180439,21625,7989,13636,353527,186724,166803
27,521,pune,Rural,25-29,335023,175796,159227,27154,9474,17680,307869,166322,141547
27,521,pune,Rural,30-34,276117,143632,132485,33339,10180,23159,242778,133452,109326
27,521,pune,Rural,35-39,258449,130702,127747,45419,12596,32823,213030,118106,94924
27,521,pune,Rural,40-44,229403,118192,111211,55725,15966,39759,173678,102226,71452
27,521,pune,Rural,45-49,193803,98596,95207,58410,16575,41835,135393,82021,53372
27,521,pune,Rural,50-54,162877,83825,79052,56120,16461,39659,106757,67364,39393
27,521,pune,Rural,55-59,128062,64165,63897,49424,13628,35796,78638,50537,28101
27,521,pune,Rural,60-64,124549,58036,66513,58833,15961,42872,65716,42075,23641
27,521,pune,Rural,65-69,113226,52530,60696,59618,17367,42251,53608,35163,18445
27,521,pune,Rural,70-74,83689,42214,41475,47920,16567,31353,35769,25647,10122
27,521,pune,Rural,75-79,41168,21184,19984,24094,8734,15360,17074,12450,4624
27,521,pune,Rural,80+,46361,22544,23817,28711,10586,18125,17650,11958,5692
27,521,pune,Rural,Age not stated,8243,4345,3898,2171,833,1338,6072,3512,2560
27,521,pune,Urban,All ages,5751182,3020665,2730517,1201681,552646,649035,4549501,2468019,2081482
27,521,pune,Urban,0-6,664857,351417,313440,664857,351417,313440,0,0,0
27,521,pune,Urban,7,92528,48791,43737,19998,10465,9533,72530,38326,34204
27,521,pune,Urban,8,86191,46062,40129,7242,3871,3371,78949,42191,36758
27,521,pune,Urban,9,85094,45510,39584,4899,2583,2316,80195,42927,37268
27,521,pune,Urban,10,99656,53282,46374,6520,3399,3121,93136,49883,43253
27,521,pune,Urban,11,91909,48719,43190,3720,1906,1814,88189,46813,41376
27,521,pune,Urban,12,87628,46350,41278,3358,1682,1676,84270,44668,39602
27,521,pune,Urban,13,86534,45807,40727,3014,1489,1525,83520,44318,39202
27,521,pune,Urban,14,85843,45547,40296,2954,1487,1467,82889,44060,38829
27,521,pune,Urban,15,85689,45753,39936,3681,1892,1789,82008,43861,38147
27,521,pune,Urban,16,84592,45322,39270,3475,1770,1705,81117,43552,37565
27,521,pune,Urban,17,87745,46957,40788,3459,1836,1623,84286,45121,39165
27,521,pune,Urban,18,110643,60037,50606,5607,2881,2726,105036,57156,47880
27,521,pune,Urban,19,107684,57554,50130,4940,2338,2602,102744,55216,47528
27,521,pune,Urban,20-24,652867,342915,309952,36697,15803,20894,616170,327112,289058
27,521,pune,Urban,25-29,662995,345318,317677,44663,18321,26342,618332,326997,291335
27,521,pune,Urban,30-34,543741,291331,252410,45557,18009,27548,498184,273322,224862
27,521,pune,Urban,35-39,454921,240757,214164,50753,18299,32454,404168,222458,181710
27,521,pune,Urban,40-44,368265,195305,172960,51210,18519,32691,317055,176786,140269
27,521,pune,Urban,45-49,299466,154314,145152,48019,16384,31635,251447,137930,113517
27,521,pune,Urban,50-54,244641,128071,116570,41224,14394,26830,203417,113677,89740
27,521,pune,Urban,55-59,194086,100002,94084,32704,10471,22233,161382,89531,71851
27,521,pune,Urban,60-64,165738,83333,82405,35893,10801,25092,129845,72532,57313
27,521,pune,Urban,65-69,111968,56134,55834,26611,7714,18897,85357,48420,36937
27,521,pune,Urban,70-74,76956,37994,38962,20933,5927,15006,56023,32067,23956
27,521,pune,Urban,75-79,43576,21254,22322,10587,2882,7705,32989,18372,14617
27,521,pune,Urban,80+,49235,22885,26350,14406,4081,10325,34829,18804,16025
27,521,pune,Urban,Age not stated,26134,13944,12190,4700,2025,2675,21434,11919,9515
27,522,ahmadnagar,Total,All ages,4543159,2342825,2200334,1391269,569470,821799,3151890,1773355,1378535
27,522,ahmadnagar,Total,0-6,556014,300238,255776,556014,300238,255776,0,0,0
27,522,ahmadnagar,Total,7,80394,42975,37419,20001,10556,9445,60393,32419,27974
27,522,ahmadnagar,Total,8,79494,42778,36716,6962,3579,3383,72532,39199,33333
27,522,ahmadnagar,Total,9,81821,44193,37628,4521,2335,2186,77300,41858,35442
27,522,ahmadnagar,Total,10,96686,52280,44406,6030,3050,2980,90656,49230,41426
27,522,ahmadnagar,Total,11,90521,48587,41934,3657,1818,1839,86864,46769,40095
27,522,ahmadnagar,Total,12,85970,45730,40240,3374,1607,1767,82596,44123,38473
27,522,ahmadnagar,Total,13,86409,45862,40547,3097,1445,1652,83312,44417,38895
27,522,ahmadnagar,Total,14,85216,45295,39921,3289,1473,1816,81927,43822,38105
27,522,ahmadnagar,Total,15,86809,46615,40194,4217,1974,2243,82592,44641,37951
27,522,ahmadnagar,Total,16,85985,46507,39478,3843,1814,2029,82142,44693,37449
27,522,ahmadnagar,Total,17,82215,44707,37508,3427,1580,1847,78788,43127,35661
27,522,ahmadnagar,Total,18,95796,51781,44015,5394,2291,3103,90402,49490,40912
27,522,ahmadnagar,Total,19,82394,42940,39454,4084,1532,2552,78310,41408,36902
27,522,ahmadnagar,Total,20-24,440174,227933,212241,31056,10983,20073,409118,216950,192168
27,522,ahmadnagar,Total,25-29,380662,195395,185267,39231,12814,26417,341431,182581,158850
27,522,ahmadnagar,Total,30-34,329685,165825,163860,49798,14704,35094,279887,151121,128766
27,522,ahmadnagar,Total,35-39,315851,157204,158647,65392,18245,47147,250459,138959,111500
27,522,ahmadnagar,Total,40-44,283292,144801,138491,76472,22733,53739,206820,122068,84752
27,522,ahmadnagar,Total,45-49,237417,122163,115254,74777,22527,52250,162640,99636,63004
27,522,ahmadnagar,Total,50-54,197150,101636,95514,69987,21131,48856,127163,80505,46658
27,522,ahmadnagar,Total,55-59,157098,78753,78345,62300,17542,44758,94798,61211,33587
27,522,ahmadnagar,Total,60-64,153129,69456,83673,77367,20848,56519,75762,48608,27154
27,522,ahmadnagar,Total,65-69,148526,68538,79988,83625,25075,58550,64901,43463,21438
27,522,ahmadnagar,Total,70-74,103388,51456,51932,63124,22530,40594,40264,28926,11338
27,522,ahmadnagar,Total,75-79,49618,24772,24846,30421,10910,19511,19197,13862,5335
27,522,ahmadnagar,Total,80+,56230,26401,29829,35505,12379,23126,20725,14022,6703
27,522,ahmadnagar,Total,Age not stated,15215,8004,7211,4304,1757,2547,10911,6247,4664
27,522,ahmadnagar,Rural,All ages,3630542,1872907,1757635,1185395,480016,705379,2445147,1392891,1052256
27,522,ahmadnagar,Rural,0-6,450473,243665,206808,450473,243665,206808,0,0,0
27,522,ahmadnagar,Rural,7,64352,34309,30043,16296,8544,7752,48056,25765,22291
27,522,ahmadnagar,Rural,8,64228,34634,29594,5568,2835,2733,58660,31799,26861
27,522,ahmadnagar,Rural,9,66328,35860,30468,3626,1849,1777,62702,34011,28691
27,522,ahmadnagar,Rural,10,78034,42221,35813,4896,2451,2445,73138,39770,33368
27,522,ahmadnagar,Rural,11,73247,39212,34035,3009,1464,1545,70238,37748,32490
27,522,ahmadnagar,Rural,12,69381,36909,32472,2797,1313,1484,66584,35596,30988
27,522,ahmadnagar,Rural,13,69955,36930,33025,2559,1184,1375,67396,35746,31650
27,522,ahmadnagar,Rural,14,68614,36516,32098,2762,1227,1535,65852,35289,30563
27,522,ahmadnagar,Rural,15,70293,37778,32515,3549,1652,1897,66744,36126,30618
27,522,ahmadnagar,Rural,16,69022,37479,31543,3182,1451,1731,65840,36028,29812
27,522,ahmadnagar,Rural,17,65563,35898,29665,2860,1289,1571,62703,34609,28094
27,522,ahmadnagar,Rural,18,76022,41356,34666,4519,1878,2641,71503,39478,32025
27,522,ahmadnagar,Rural,19,64497,33739,30758,3399,1259,2140,61098,32480,28618
27,522,ahmadnagar,Rural,20-24,345132,179614,165518,26286,9011,17275,318846,170603,148243
27,522,ahmadnagar,Rural,25-29,296142,152470,143672,33448,10726,22722,262694,141744,120950
27,522,ahmadnagar,Rural,30-34,257219,129195,128024,43220,12483,30737,213999,116712,97287
27,522,ahmadnagar,Rural,35-39,248204,123508,124696,57248,15715,41533,190956,107793,83163
27,522,ahmadnagar,Rural,40-44,223175,114361,108814,67308,19877,47431,155867,94484,61383
27,522,ahmadnagar,Rural,45-49,186478,95747,90731,65979,19789,46190,120499,75958,44541
27,522,ahmadnagar,Rural,50-54,155979,79645,76334,62081,18758,43323,93898,60887,33011
27,522,ahmadnagar,Rural,55-59,125571,62238,63333,55658,15718,39940,69913,46520,23393
27,522,ahmadnagar,Rural,60-64,126372,56787,69585,69288,18854,50434,57084,37933,19151
27,522,ahmadnagar,Rural,65-69,125853,58141,67712,75481,23090,52391,50372,35051,15321
27,522,ahmadnagar,Rural,70-74,88049,44274,43775,56847,20838,36009,31202,23436,7766
27,522,ahmadnagar,Rural,75-79,41665,21016,20649,27428,10135,17293,14237,10881,3356
27,522,ahmadnagar,Rural,80+,47748,22571,25177,31796,11404,20392,15952,11167,4785
27,522,ahmadnagar,Rural,Age not stated,12946,6834,6112,3832,1557,2275,9114,5277,3837
27,522,ahmadnagar,Urban,All ages,912617,469918,442699,205874,89454,116420,706743,380464,326279
27,522,ahmadnagar,Urban,0-6,105541,56573,48968,105541,56573,48968,0,0,0
27,522,ahmadnagar,Urban,7,16042,8666,7376,3705,2012,1693,12337,6654,5683
27,522,ahmadnagar,Urban,8,15266,8144,7122,1394,744,650,13872,7400,6472
27,522,ahmadnagar,Urban,9,15493,8333,7160,895,486,409,14598,7847,6751
27,522,ahmadnagar,Urban,10,18652,10059,8593,1134,599,535,17518,9460,8058
27,522,ahmadnagar,Urban,11,17274,9375,7899,648,354,294,16626,9021,7605
27,522,ahmadnagar,Urban,12,16589,8821,7768,577,294,283,16012,8527,7485
27,522,ahmadnagar,Urban,13,16454,8932,7522,538,261,277,15916,8671,7245
27,522,ahmadnagar,Urban,14,16602,8779,7823,527,246,281,16075,8533,7542
27,522,ahmadnagar,Urban,15,16516,8837,7679,668,322,346,15848,8515,7333
27,522,ahmadnagar,Urban,16,16963,9028,7935,661,363,298,16302,8665,7637
27,522,ahmadnagar,Urban,17,16652,8809,7843,567,291,276,16085,8518,7567
27,522,ahmadnagar,Urban,18,19774,10425,9349,875,413,462,18899,10012,8887
27,522,ahmadnagar,Urban,19,17897,9201,8696,685,273,412,17212,8928,8284
27,522,ahmadnagar,Urban,20-24,95042,48319,46723,4770,1972,2798,90272,46347,43925
27,522,ahmadnagar,Urban,25-29,84520,42925,41595,5783,2088,3695,78737,40837,37900
27,522,ahmadnagar,Urban,30-34,72466,36630,35836,6578,2221,4357,65888,34409,31479
27,522,ahmadnagar,Urban,35-39,67647,33696,33951,8144,2530,5614,59503,31166,28337
27,522,ahmadnagar,Urban,40-44,60117,30440,29677,9164,2856,6308,50953,27584,23369
27,522,ahmadnagar,Urban,45-49,50939,26416,24523,8798,2738,6060,42141,23678,18463
27,522,ahmadnagar,Urban,50-54,41171,21991,19180,7906,2373,5533,33265,19618,13647
27,522,ahmadnagar,Urban,55-59,31527,16515,15012,6642,1824,4818,24885,14691,10194
27,522,ahmadnagar,Urban,60-64,26757,12669,14088,8079,1994,6085,18678,10675,8003
27,522,ahmadnagar,Urban,65-69,22673,10397,12276,8144,1985,6159,14529,8412,6117
27,522,ahmadnagar,Urban,70-74,15339,7182,8157,6277,1692,4585,9062,5490,3572
27,522,ahmadnagar,Urban,75-79,7953,3756,4197,2993,775,2218,4960,2981,1979
27,522,ahmadnagar,Urban,80+,8482,3830,4652,3709,975,2734,4773,2855,1918
27,522,ahmadnagar,Urban,Age not stated,2269,1170,1099,472,200,272,1797,970,827
27,523,bid,Total,All ages,2585049,1349106,1235943,866542,361921,504621,1718507,987185,731322
27,523,bid,Total,0-6,352890,195245,157645,352890,195245,157645,0,0,0
27,523,bid,Total,7,48179,25857,22322,10371,5516,4855,37808,20341,17467
27,523,bid,Total,8,52065,28053,24012,3461,1732,1729,48604,26321,22283
27,523,bid,Total,9,51245,27379,23866,1806,856,950,49439,26523,22916
27,523,bid,Total,10,58550,31593,26957,2330,1110,1220,56220,30483,25737
27,523,bid,Total,11,52708,28483,24225,1343,627,716,51365,27856,23509
27,523,bid,Total,12,52552,28236,24316,1474,631,843,51078,27605,23473
27,523,bid,Total,13,50513,26781,23732,1151,488,663,49362,26293,23069
27,523,bid,Total,14,51981,27747,24234,1354,587,767,50627,27160,23467
27,523,bid,Total,15,52153,28714,23439,1748,786,962,50405,27928,22477
27,523,bid,Total,16,51530,28654,22876,1606,719,887,49924,27935,21989
27,523,bid,Total,17,45251,25745,19506,1365,593,772,43886,25152,18734
27,523,bid,Total,18,59376,33896,25480,2531,971,1560,56845,32925,23920
27,523,bid,Total,19,46500,25594,20906,2004,617,1387,44496,24977,19519
27,523,bid,Total,20-24,244593,131929,112664,17155,4885,12270,227438,127044,100394
27,523,bid,Total,25-29,203796,105131,98665,24638,6404,18234,179158,98727,80431
27,523,bid,Total,30-34,177318,89165,88153,32888,8413,24475,144430,80752,63678
27,523,bid,Total,35-39,168901,84029,84872,43893,11380,32513,125008,72649,52359
27,523,bid,Total,40-44,147738,76629,71109,49580,15189,34391,98158,61440,36718
27,523,bid,Total,45-49,120658,61321,59337,46451,14490,31961,74207,46831,27376
27,523,bid,Total,50-54,99168,52014,47154,40731,13474,27257,58437,38540,19897
27,523,bid,Total,55-59,79551,38608,40943,36403,10748,25655,43148,27860,15288
27,523,bid,Total,60-64,91092,38954,52138,50591,14671,35920,40501,24283,16218
27,523,bid,Total,65-69,98232,46518,51714,57245,19747,37498,40987,26771,14216
27,523,bid,Total,70-74,64074,33254,30820,39972,16746,23226,24102,16508,7594
27,523,bid,Total,75-79,28642,13477,15165,18501,6870,11631,10141,6607,3534
27,523,bid,Total,80+,33677,14970,18707,22413,8127,14286,11264,6843,4421
27,523,bid,Total,Age not stated,2116,1130,986,647,299,348,1469,831,638
27,523,bid,Rural,All ages,2070751,1082978,987773,735162,305141,430021,1335589,777837,557752
27,523,bid,Rural,0-6,283628,157895,125733,283628,157895,125733,0,0,0
27,523,bid,Rural,7,37832,20358,17474,8258,4387,3871,29574,15971,13603
27,523,bid,Rural,8,41837,22612,19225,2676,1338,1338,39161,21274,17887
27,523,bid,Rural,9,41463,22208,19255,1364,631,733,40099,21577,18522
27,523,bid,Rural,10,46732,25205,21527,1814,846,968,44918,24359,20559
27,523,bid,Rural,11,42076,22696,19380,1023,470,553,41053,22226,18827
27,523,bid,Rural,12,41804,22434,19370,1106,440,666,40698,21994,18704
27,523,bid,Rural,13,40134,21232,18902,868,344,524,39266,20888,18378
27,523,bid,Rural,14,41596,22256,19340,1048,441,607,40548,21815,18733
27,523,bid,Rural,15,41651,23082,18569,1372,597,775,40279,22485,17794
27,523,bid,Rural,16,41092,23095,17997,1260,552,708,39832,22543,17289
27,523,bid,Rural,17,35593,20652,14941,1049,436,613,34544,20216,14328
27,523,bid,Rural,18,46797,27101,19696,2036,736,1300,44761,26365,18396
27,523,bid,Rural,19,36399,20281,16118,1601,451,1150,34798,19830,14968
27,523,bid,Rural,20-24,191568,104873,86695,14279,3787,10492,177289,101086,76203
27,523,bid,Rural,25-29,158333,82035,76298,21102,5205,15897,137231,76830,60401
27,523,bid,Rural,30-34,138797,69785,69012,28632,7131,21501,110165,62654,47511
27,523,bid,Rural,35-39,132934,65951,66983,38414,9823,28591,94520,56128,38392
27,523,bid,Rural,40-44,117254,60311,56943,43785,13414,30371,73469,46897,26572
27,523,bid,Rural,45-49,96415,48726,47689,41032,12923,28109,55383,35803,19580
27,523,bid,Rural,50-54,79920,41673,38247,36075,12124,23951,43845,29549,14296
27,523,bid,Rural,55-59,65126,31197,33929,32608,9841,22767,32518,21356,11162
27,523,bid,Rural,60-64,76617,32588,44029,45184,13406,31778,31433,19182,12251
27,523,bid,Rural,65-69,84286,40132,44154,51563,18237,33326,32723,21895,10828
27,523,bid,Rural,70-74,55354,29014,26340,35947,15522,20425,19407,13492,5915
27,523,bid,Rural,75-79,24972,11831,13141,16850,6464,10386,8122,5367,2755
27,523,bid,Rural,80+,28900,12891,16009,20069,7466,12603,8831,5425,3406
27,523,bid,Rural,Age not stated,1641,864,777,519,234,285,1122,630,492
27,523,bid,Urban,All ages,514298,266128,248170,131380,56780,74600,382918,209348,173570
27,523,bid,Urban,0-6,69262,37350,31912,69262,37350,31912,0,0,0
27,523,bid,Urban,7,10347,5499,4848,2113,1129,984,8234,4370,3864
27,523,bid,Urban,8,10228,5441,4787,785,394,391,9443,5047,4396
27,523,bid,Urban,9,9782,5171,4611,442,225,217,9340,4946,4394
27,523,bid,Urban,10,11818,6388,5430,516,264,252,11302,6124,5178
27,523,bid,Urban,11,10632,5787,4845,320,157,163,10312,5630,4682
27,523,bid,Urban,12,10748,5802,4946,368,191,177,10380,5611,4769
27,523,bid,Urban,13,10379,5549,4830,283,144,139,10096,5405,4691
27,523,bid,Urban,14,10385,5491,4894,306,146,160,10079,5345,4734
27,523,bid,Urban,15,10502,5632,4870,376,189,187,10126,5443,4683
27,523,bid,Urban,16,10438,5559,4879,346,167,179,10092,5392,4700
27,523,bid,Urban,17,9658,5093,4565,316,157,159,9342,4936,4406
27,523,bid,Urban,18,12579,6795,5784,495,235,260,12084,6560,5524
27,523,bid,Urban,19,10101,5313,4788,403,166,237,9698,5147,4551
27,523,bid,Urban,20-24,53025,27056,25969,2876,1098,1778,50149,25958,24191
27,523,bid,Urban,25-29,45463,23096,22367,3536,1199,2337,41927,21897,20030
27,523,bid,Urban,30-34,38521,19380,19141,4256,1282,2974,34265,18098,16167
27,523,bid,Urban,35-39,35967,18078,17889,5479,1557,3922,30488,16521,13967
27,523,bid,Urban,40-44,30484,16318,14166,5795,1775,4020,24689,14543,10146
27,523,bid,Urban,45-49,24243,12595,11648,5419,1567,3852,18824,11028,7796
27,523,bid,Urban,50-54,19248,10341,8907,4656,1350,3306,14592,8991,5601
27,523,bid,Urban,55-59,14425,7411,7014,3795,907,2888,10630,6504,4126
27,523,bid,Urban,60-64,14475,6366,8109,5407,1265,4142,9068,5101,3967
27,523,bid,Urban,65-69,13946,6386,7560,5682,1510,4172,8264,4876,3388
27,523,bid,Urban,70-74,8720,4240,4480,4025,1224,2801,4695,3016,1679
27,523,bid,Urban,75-79,3670,1646,2024,1651,406,1245,2019,1240,779
27,523,bid,Urban,80+,4777,2079,2698,2344,661,1683,2433,1418,1015
27,523,bid,Urban,Age not stated,475,266,209,128,65,63,347,201,146
27,524,latur,Total,All ages,2454196,1273140,1181056,803524,340708,462816,1650672,932432,718240
27,524,latur,Total,0-6,317811,168237,149574,317811,168237,149574,0,0,0
27,524,latur,Total,7,46463,24489,21974,12920,6762,6158,33543,17727,15816
27,524,latur,Total,8,48468,25309,23159,4529,2318,2211,43939,22991,20948
27,524,latur,Total,9,48706,25620,23086,2855,1495,1360,45851,24125,21726
27,524,latur,Total,10,57113,30102,27011,3778,1957,1821,53335,28145,25190
27,524,latur,Total,11,52913,28137,24776,2545,1285,1260,50368,26852,23516
27,524,latur,Total,12,52044,27487,24557,2364,1174,1190,49680,26313,23367
27,524,latur,Total,13,49437,26011,23426,1949,941,1008,47488,25070,22418
27,524,latur,Total,14,51648,27247,24401,2224,1086,1138,49424,26161,23263
27,524,latur,Total,15,52124,27816,24308,2773,1345,1428,49351,26471,22880
27,524,latur,Total,16,50619,27186,23433,2493,1222,1271,48126,25964,22162
27,524,latur,Total,17,46948,25346,21602,2294,1119,1175,44654,24227,20427
27,524,latur,Total,18,57376,31206,26170,3416,1620,1796,53960,29586,24374
27,524,latur,Total,19,45453,24515,20938,2656,1135,1521,42797,23380,19417
27,524,latur,Total,20-24,234429,127223,107206,17865,7427,10438,216564,119796,96768
27,524,latur,Total,25-29,194812,100329,94483,21069,7428,13641,173743,92901,80842
27,524,latur,Total,30-34,171707,86108,85599,27676,8911,18765,144031,77197,66834
27,524,latur,Total,35-39,165305,83331,81974,37892,11413,26479,127413,71918,55495
27,524,latur,Total,40-44,139066,74015,65051,41874,14202,27672,97192,59813,37379
27,524,latur,Total,45-49,108165,56185,51980,38757,12675,26082,69408,43510,25898
27,524,latur,Total,50-54,87290,47017,40273,34204,12082,22122,53086,34935,18151
27,524,latur,Total,55-59,71187,33750,37437,32118,9010,23108,39069,24740,14329
27,524,latur,Total,60-64,89190,39708,49482,50887,15035,35852,38303,24673,13630
27,524,latur,Total,65-69,85325,41408,43917,51886,18013,33873,33439,23395,10044
27,524,latur,Total,70-74,58762,30822,27940,39138,15939,23199,19624,14883,4741
27,524,latur,Total,75-79,26117,12780,13337,17873,6689,11184,8244,6091,2153
27,524,latur,Total,80+,35358,16229,19129,24511,8838,15673,10847,7391,3456
27,524,latur,Total,Age not stated,10360,5527,4833,3167,1350,1817,7193,4177,3016
27,524,latur,Rural,All ages,1829216,949707,879509,634371,266458,367913,1194845,683249,511596
27,524,latur,Rural,0-6,238335,126156,112179,238335,126156,112179,0,0,0
27,524,latur,Rural,7,33590,17630,15960,9768,5096,4672,23822,12534,11288
27,524,latur,Rural,8,36152,18778,17374,3337,1705,1632,32815,17073,15742
27,524,latur,Rural,9,36340,18997,17343,2078,1058,1020,34262,17939,16323
27,524,latur,Rural,10,42281,22039,20242,2751,1411,1340,39530,20628,18902
27,524,latur,Rural,11,38607,20401,18206,1796,881,915,36811,19520,17291
27,524,latur,Rural,12,38081,19933,18148,1669,813,856,36412,19120,17292
27,524,latur,Rural,13,36191,18998,17193,1368,660,708,34823,18338,16485
27,524,latur,Rural,14,38163,20119,18044,1592,753,839,36571,19366,17205
27,524,latur,Rural,15,38541,20577,17964,2066,995,1071,36475,19582,16893
27,524,latur,Rural,16,37291,20222,17069,1805,856,949,35486,19366,16120
27,524,latur,Rural,17,33929,18602,15327,1629,791,838,32300,17811,14489
27,524,latur,Rural,18,42227,23459,18768,2511,1195,1316,39716,22264,17452
27,524,latur,Rural,19,32739,18037,14702,1942,812,1130,30797,17225,13572
27,524,latur,Rural,20-24,170648,94778,75870,13207,5412,7795,157441,89366,68075
27,524,latur,Rural,25-29,140905,73234,67671,15921,5449,10472,124984,67785,57199
27,524,latur,Rural,30-34,124998,62765,62233,21453,6718,14735,103545,56047,47498
27,524,latur,Rural,35-39,120461,60686,59775,29891,8829,21062,90570,51857,38713
27,524,latur,Rural,40-44,101830,54020,47810,33649,11302,22347,68181,42718,25463
27,524,latur,Rural,45-49,80200,41248,38952,31776,10408,21368,48424,30840,17584
27,524,latur,Rural,50-54,65007,34757,30250,27977,9942,18035,37030,24815,12215
27,524,latur,Rural,55-59,54332,25003,29329,27013,7541,19472,27319,17462,9857
27,524,latur,Rural,60-64,71506,31310,40196,43357,12911,30446,28149,18399,9750
27,524,latur,Rural,65-69,70541,34363,36178,44979,15963,29016,25562,18400,7162
27,524,latur,Rural,70-74,48678,25840,22838,33690,14085,19605,14988,11755,3233
27,524,latur,Rural,75-79,21688,10644,11044,15596,5998,9598,6092,4646,1446
27,524,latur,Rural,80+,28796,13280,15516,20897,7728,13169,7899,5552,2347
27,524,latur,Rural,Age not stated,7159,3831,3328,2318,990,1328,4841,2841,2000
27,524,latur,Urban,All ages,624980,323433,301547,169153,74250,94903,455827,249183,206644
27,524,latur,Urban,0-6,79476,42081,37395,79476,42081,37395,0,0,0
27,524,latur,Urban,7,12873,6859,6014,3152,1666,1486,9721,5193,4528
27,524,latur,Urban,8,12316,6531,5785,1192,613,579,11124,5918,5206
27,524,latur,Urban,9,12366,6623,5743,777,437,340,11589,6186,5403
27,524,latur,Urban,10,14832,8063,6769,1027,546,481,13805,7517,6288
27,524,latur,Urban,11,14306,7736,6570,749,404,345,13557,7332,6225
27,524,latur,Urban,12,13963,7554,6409,695,361,334,13268,7193,6075
27,524,latur,Urban,13,13246,7013,6233,581,281,300,12665,6732,5933
27,524,latur,Urban,14,13485,7128,6357,632,333,299,12853,6795,6058
27,524,latur,Urban,15,13583,7239,6344,707,350,357,12876,6889,5987
27,524,latur,Urban,16,13328,6964,6364,688,366,322,12640,6598,6042
27,524,latur,Urban,17,13019,6744,6275,665,328,337,12354,6416,5938
27,524,latur,Urban,18,15149,7747,7402,905,425,480,14244,7322,6922
27,524,latur,Urban,19,12714,6478,6236,714,323,391,12000,6155,5845
27,524,latur,Urban,20-24,63781,32445,31336,4658,2015,2643,59123,30430,28693
27,524,latur,Urban,25-29,53907,27095,26812,5148,1979,3169,48759,25116,23643
27,524,latur,Urban,30-34,46709,23343,23366,6223,2193,4030,40486,21150,19336
27,524,latur,Urban,35-39,44844,22645,22199,8001,2584,5417,36843,20061,16782
27,524,latur,Urban,40-44,37236,19995,17241,8225,2900,5325,29011,17095,11916
27,524,latur,Urban,45-49,27965,14937,13028,6981,2267,4714,20984,12670,8314
27,524,latur,Urban,50-54,22283,12260,10023,6227,2140,4087,16056,10120,5936
27,524,latur,Urban,55-59,16855,8747,8108,5105,1469,3636,11750,7278,4472
27,524,latur,Urban,60-64,17684,8398,9286,7530,2124,5406,10154,6274,3880
27,524,latur,Urban,65-69,14784,7045,7739,6907,2050,4857,7877,4995,2882
27,524,latur,Urban,70-74,10084,4982,5102,5448,1854,3594,4636,3128,1508
27,524,latur,Urban,75-79,4429,2136,2293,2277,691,1586,2152,1445,707
27,524,latur,Urban,80+,6562,2949,3613,3614,1110,2504,2948,1839,1109
27,524,latur,Urban,Age not stated,3201,1696,1505,849,360,489,2352,1336,1016
27,525,osmanabad,Total,All ages,1657576,861535,796041,519766,217231,302535,1137810,644304,493506
27,525,osmanabad,Total,0-6,207096,110919,96177,207096,110919,96177,0,0,0
27,525,osmanabad,Total,7,29320,15409,13911,6302,3299,3003,23018,12110,10908
27,525,osmanabad,Total,8,28574,15174,13400,2028,1021,1007,26546,14153,12393
27,525,osmanabad,Total,9,30545,16082,14463,1295,666,629,29250,15416,13834
27,525,osmanabad,Total,10,36277,19455,16822,1975,958,1017,34302,18497,15805
27,525,osmanabad,Total,11,33593,17702,15891,1223,572,651,32370,17130,15240
27,525,osmanabad,Total,12,32626,17318,15308,813,352,461,31813,16966,14847
27,525,osmanabad,Total,13,32322,16991,15331,762,338,424,31560,16653,14907
27,525,osmanabad,Total,14,33057,17553,15504,816,382,434,32241,17171,15070
27,525,osmanabad,Total,15,33357,17856,15501,1090,468,622,32267,17388,14879
27,525,osmanabad,Total,16,32774,17779,14995,907,432,475,31867,17347,14520
27,525,osmanabad,Total,17,31534,17483,14051,922,423,499,30612,17060,13552
27,525,osmanabad,Total,18,37183,20869,16314,1345,586,759,35838,20283,15555
27,525,osmanabad,Total,19,30692,16879,13813,1155,429,726,29537,16450,13087
27,525,osmanabad,Total,20-24,157097,85841,71256,8743,3011,5732,148354,82830,65524
27,525,osmanabad,Total,25-29,131296,68384,62912,11911,3592,8319,119385,64792,54593
27,525,osmanabad,Total,30-34,111430,56298,55132,16536,4541,11995,94894,51757,43137
27,525,osmanabad,Total,35-39,108267,53666,54601,23849,6590,17259,84418,47076,37342
27,525,osmanabad,Total,40-44,96065,50296,45769,27965,9016,18949,68100,41280,26820
27,525,osmanabad,Total,45-49,77777,40259,37518,26408,8793,17615,51369,31466,19903
27,525,osmanabad,Total,50-54,63648,33580,30068,23310,7943,15367,40338,25637,14701
27,525,osmanabad,Total,55-59,52163,25368,26795,21528,6303,15225,30635,19065,11570
27,525,osmanabad,Total,60-64,62521,26884,35637,32644,9111,23533,29877,17773,12104
27,525,osmanabad,Total,65-69,67832,32061,35771,37755,12677,25078,30077,19384,10693
27,525,osmanabad,Total,70-74,48023,25471,22552,29004,11993,17011,19019,13478,5541
27,525,osmanabad,Total,75-79,21375,10940,10435,13336,5386,7950,8039,5554,2485
27,525,osmanabad,Total,80+,27459,13091,14368,17819,6849,10970,9640,6242,3398
27,525,osmanabad,Total,Age not stated,3673,1927,1746,1229,581,648,2444,1346,1098
27,525,osmanabad,Rural,All ages,1376519,716237,660282,450497,187494,263003,926022,528743,397279
27,525,osmanabad,Rural,0-6,171560,91913,79647,171560,91913,79647,0,0,0
27,525,osmanabad,Rural,7,23772,12419,11353,5091,2626,2465,18681,9793,8888
27,525,osmanabad,Rural,8,23365,12413,10952,1562,789,773,21803,11624,10179
27,525,osmanabad,Rural,9,25174,13252,11922,1002,522,480,24172,12730,11442
27,525,osmanabad,Rural,10,29721,15887,13834,1586,770,816,28135,15117,13018
27,525,osmanabad,Rural,11,27614,14485,13129,1006,473,533,26608,14012,12596
27,525,osmanabad,Rural,12,26581,14105,12476,635,278,357,25946,13827,12119
27,525,osmanabad,Rural,13,26529,13834,12695,618,277,341,25911,13557,12354
27,525,osmanabad,Rural,14,27087,14338,12749,627,284,343,26460,14054,12406
27,525,osmanabad,Rural,15,27351,14642,12709,892,369,523,26459,14273,12186
27,525,osmanabad,Rural,16,27107,14769,12338,741,352,389,26366,14417,11949
27,525,osmanabad,Rural,17,25694,14345,11349,730,336,394,24964,14009,10955
27,525,osmanabad,Rural,18,30832,17478,13354,1083,453,630,29749,17025,12724
27,525,osmanabad,Rural,19,25215,14049,11166,950,363,587,24265,13686,10579
27,525,osmanabad,Rural,20-24,128631,71311,57320,7310,2464,4846,121321,68847,52474
27,525,osmanabad,Rural,25-29,106658,55995,50663,10171,3038,7133,96487,52957,43530
27,525,osmanabad,Rural,30-34,90795,45962,44833,14474,3898,10576,76321,42064,34257
27,525,osmanabad,Rural,35-39,88771,43897,44874,21226,5852,15374,67545,38045,29500
27,525,osmanabad,Rural,40-44,79488,41497,37991,25058,8116,16942,54430,33381,21049
27,525,osmanabad,Rural,45-49,64405,33289,31116,23568,7970,15598,40837,25319,15518
27,525,osmanabad,Rural,50-54,53096,27882,25214,20977,7220,13757,32119,20662,11457
27,525,osmanabad,Rural,55-59,43808,21055,22753,19448,5805,13643,24360,15250,9110
27,525,osmanabad,Rural,60-64,54119,23100,31019,29543,8352,21191,24576,14748,9828
27,525,osmanabad,Rural,65-69,59811,28340,31471,34462,11806,22656,25349,16534,8815
27,525,osmanabad,Rural,70-74,42860,22833,20027,26675,11241,15434,16185,11592,4593
27,525,osmanabad,Rural,75-79,19044,9820,9224,12242,5044,7198,6802,4776,2026
27,525,osmanabad,Rural,80+,24323,11693,12630,16190,6369,9821,8133,5324,2809
27,525,osmanabad,Rural,Age not stated,3108,1634,1474,1070,514,556,2038,1120,918
27,525,osmanabad,Urban,All ages,281057,145298,135759,69269,29737,39532,211788,115561,96227
27,525,osmanabad,Urban,0-6,35536,19006,16530,35536,19006,16530,0,0,0
27,525,osmanabad,Urban,7,5548,2990,2558,1211,673,538,4337,2317,2020
27,525,osmanabad,Urban,8,5209,2761,2448,466,232,234,4743,2529,2214
27,525,osmanabad,Urban,9,5371,2830,2541,293,144,149,5078,2686,2392
27,525,osmanabad,Urban,10,6556,3568,2988,389,188,201,6167,3380,2787
27,525,osmanabad,Urban,11,5979,3217,2762,217,99,118,5762,3118,2644
27,525,osmanabad,Urban,12,6045,3213,2832,178,74,104,5867,3139,2728
27,525,osmanabad,Urban,13,5793,3157,2636,144,61,83,5649,3096,2553
27,525,osmanabad,Urban,14,5970,3215,2755,189,98,91,5781,3117,2664
27,525,osmanabad,Urban,15,6006,3214,2792,198,99,99,5808,3115,2693
27,525,osmanabad,Urban,16,5667,3010,2657,166,80,86,5501,2930,2571
27,525,osmanabad,Urban,17,5840,3138,2702,192,87,105,5648,3051,2597
27,525,osmanabad,Urban,18,6351,3391,2960,262,133,129,6089,3258,2831
27,525,osmanabad,Urban,19,5477,2830,2647,205,66,139,5272,2764,2508
27,525,osmanabad,Urban,20-24,28466,14530,13936,1433,547,886,27033,13983,13050
27,525,osmanabad,Urban,25-29,24638,12389,12249,1740,554,1186,22898,11835,11063
27,525,osmanabad,Urban,30-34,20635,10336,10299,2062,643,1419,18573,9693,8880
27,525,osmanabad,Urban,35-39,19496,9769,9727,2623,738,1885,16873,9031,7842
27,525,osmanabad,Urban,40-44,16577,8799,7778,2907,900,2007,13670,7899,5771
27,525,osmanabad,Urban,45-49,13372,6970,6402,2840,823,2017,10532,6147,4385
27,525,osmanabad,Urban,50-54,10552,5698,4854,2333,723,1610,8219,4975,3244
27,525,osmanabad,Urban,55-59,8355,4313,4042,2080,498,1582,6275,3815,2460
27,525,osmanabad,Urban,60-64,8402,3784,4618,3101,759,2342,5301,3025,2276
27,525,osmanabad,Urban,65-69,8021,3721,4300,3293,871,2422,4728,2850,1878
27,525,osmanabad,Urban,70-74,5163,2638,2525,2329,752,1577,2834,1886,948
27,525,osmanabad,Urban,75-79,2331,1120,1211,1094,342,752,1237,778,459
27,525,osmanabad,Urban,80+,3136,1398,1738,1629,480,1149,1507,918,589
27,525,osmanabad,Urban,Age not stated,565,293,272,159,67,92,406,226,180
27,526,solapur,Total,All ages,4317756,2227852,2089904,1407080,576586,830494,2910676,1651266,1259410
27,526,solapur,Total,0-6,538453,285879,252574,538453,285879,252574,0,0,0
27,526,solapur,Total,7,76248,40050,36198,19036,9910,9126,57212,30140,27072
27,526,solapur,Total,8,77112,40842,36270,6022,3049,2973,71090,37793,33297
27,526,solapur,Total,9,79081,42112,36969,3585,1807,1778,75496,40305,35191
27,526,solapur,Total,10,94068,49984,44084,4892,2431,2461,89176,47553,41623
27,526,solapur,Total,11,86978,46112,40866,2823,1337,1486,84155,44775,39380
27,526,solapur,Total,12,84886,45439,39447,2754,1340,1414,82132,44099,38033
27,526,solapur,Total,13,83428,43889,39539,2361,1096,1265,81067,42793,38274
27,526,solapur,Total,14,83880,44580,39300,2670,1254,1416,81210,43326,37884
27,526,solapur,Total,15,84159,45591,38568,3638,1647,1991,80521,43944,36577
27,526,solapur,Total,16,82767,45897,36870,3335,1571,1764,79432,44326,35106
27,526,solapur,Total,17,77625,43486,34139,3172,1545,1627,74453,41941,32512
27,526,solapur,Total,18,96463,53393,43070,5352,2404,2948,91111,50989,40122
27,526,solapur,Total,19,80312,42221,38091,4341,1695,2646,75971,40526,35445
27,526,solapur,Total,20-24,422422,223496,198926,32718,11728,20990,389704,211768,177936
27,526,solapur,Total,25-29,354912,182587,172325,44032,14106,29926,310880,168481,142399
27,526,solapur,Total,30-34,305901,152022,153879,57786,16589,41197,248115,135433,112682
27,526,solapur,Total,35-39,295695,144975,150720,77866,22147,55719,217829,122828,95001
27,526,solapur,Total,40-44,266418,134516,131902,87924,27650,60274,178494,106866,71628
27,526,solapur,Total,45-49,221886,112352,109534,82403,26176,56227,139483,86176,53307
27,526,solapur,Total,50-54,189235,97129,92106,77308,25300,52008,111927,71829,40098
27,526,solapur,Total,55-59,148461,74250,74211,65694,20265,45429,82767,53985,28782
27,526,solapur,Total,60-64,149912,70430,79482,79960,24404,55556,69952,46026,23926
27,526,solapur,Total,65-69,128371,61289,67082,73123,23837,49286,55248,37452,17796
27,526,solapur,Total,70-74,95428,48150,47278,59687,22363,37324,35741,25787,9954
27,526,solapur,Total,75-79,43548,22214,21334,26769,10113,16656,16779,12101,4678
27,526,solapur,Total,80+,54980,26766,28214,35187,13274,21913,19793,13492,6301
27,526,solapur,Total,Age not stated,15127,8201,6926,4189,1669,2520,10938,6532,4406
27,526,solapur,Rural,All ages,2918665,1518343,1400322,1035877,427258,608619,1882788,1091085,791703
27,526,solapur,Rural,0-6,376328,200863,175465,376328,200863,175465,0,0,0
27,526,solapur,Rural,7,51312,26997,24315,13311,6991,6320,38001,20006,17995
27,526,solapur,Rural,8,53485,28473,25012,4011,2049,1962,49474,26424,23050
27,526,solapur,Rural,9,54905,29382,25523,2251,1138,1113,52654,28244,24410
27,526,solapur,Rural,10,64562,34385,30177,3238,1602,1636,61324,32783,28541
27,526,solapur,Rural,11,59646,31687,27959,1813,873,940,57833,30814,27019
27,526,solapur,Rural,12,57903,31099,26804,1826,867,959,56077,30232,25845
27,526,solapur,Rural,13,57182,30262,26920,1488,675,813,55694,29587,26107
27,526,solapur,Rural,14,57473,30809,26664,1719,812,907,55754,29997,25757
27,526,solapur,Rural,15,57206,31496,25710,2390,1069,1321,54816,30427,24389
27,526,solapur,Rural,16,55445,31304,24141,2073,960,1113,53372,30344,23028
27,526,solapur,Rural,17,50647,29241,21406,1858,901,957,48789,28340,20449
27,526,solapur,Rural,18,64576,36533,28043,3410,1530,1880,61166,35003,26163
27,526,solapur,Rural,19,52388,28032,24356,2689,1009,1680,49699,27023,22676
27,526,solapur,Rural,20-24,278180,150509,127671,21127,7418,13709,257053,143091,113962
27,526,solapur,Rural,25-29,230374,119832,110542,30021,9432,20589,200353,110400,89953
27,526,solapur,Rural,30-34,200627,99817,100810,41448,11549,29899,159179,88268,70911
27,526,solapur,Rural,35-39,195374,96355,99019,58109,16502,41607,137265,79853,57412
27,526,solapur,Rural,40-44,177585,90062,87523,67251,21571,45680,110334,68491,41843
27,526,solapur,Rural,45-49,146783,74739,72044,63291,20810,42481,83492,53929,29563
27,526,solapur,Rural,50-54,124951,64338,60613,59290,20257,39033,65661,44081,21580
27,526,solapur,Rural,55-59,99081,49148,49933,51364,16520,34844,47717,32628,15089
27,526,solapur,Rural,60-64,104754,48560,56194,63311,20061,43250,41443,28499,12944
27,526,solapur,Rural,65-69,95010,45839,49171,60115,20731,39384,34895,25108,9787
27,526,solapur,Rural,70-74,70908,36618,34290,48670,19474,29196,22238,17144,5094
27,526,solapur,Rural,75-79,31882,16431,15451,22069,8837,13232,9813,7594,2219
27,526,solapur,Rural,80+,40388,20234,20154,28348,11524,16824,12040,8710,3330
27,526,solapur,Rural,Age not stated,9710,5298,4412,3058,1233,1825,6652,4065,2587
27,526,solapur,Urban,All ages,1399091,709509,689582,371203,149328,221875,1027888,560181,467707
27,526,solapur,Urban,0-6,162125,85016,77109,162125,85016,77109,0,0,0
27,526,solapur,Urban,7,24936,13053,11883,5725,2919,2806,19211,10134,9077
27,526,solapur,Urban,8,23627,12369,11258,2011,1000,1011,21616,11369,10247
27,526,solapur,Urban,9,24176,12730,11446,1334,669,665,22842,12061,10781
27,526,solapur,Urban,10,29506,15599,13907,1654,829,825,27852,14770,13082
27,526,solapur,Urban,11,27332,14425,12907,1010,464,546,26322,13961,12361
27,526,solapur,Urban,12,26983,14340,12643,928,473,455,26055,13867,12188
27,526,solapur,Urban,13,26246,13627,12619,873,421,452,25373,13206,12167
27,526,solapur,Urban,14,26407,13771,12636,951,442,509,25456,13329,12127
27,526,solapur,Urban,15,26953,14095,12858,1248,578,670,25705,13517,12188
27,526,solapur,Urban,16,27322,14593,12729,1262,611,651,26060,13982,12078
27,526,solapur,Urban,17,26978,14245,12733,1314,644,670,25664,13601,12063
27,526,solapur,Urban,18,31887,16860,15027,1942,874,1068,29945,15986,13959
27,526,solapur,Urban,19,27924,14189,13735,1652,686,966,26272,13503,12769
27,526,solapur,Urban,20-24,144242,72987,71255,11591,4310,7281,132651,68677,63974
27,526,solapur,Urban,25-29,124538,62755,61783,14011,4674,9337,110527,58081,52446
27,526,solapur,Urban,30-34,105274,52205,53069,16338,5040,11298,88936,47165,41771
27,526,solapur,Urban,35-39,100321,48620,51701,19757,5645,14112,80564,42975,37589
27,526,solapur,Urban,40-44,88833,44454,44379,20673,6079,14594,68160,38375,29785
27,526,solapur,Urban,45-49,75103,37613,37490,19112,5366,13746,55991,32247,23744
27,526,solapur,Urban,50-54,64284,32791,31493,18018,5043,12975,46266,27748,18518
27,526,solapur,Urban,55-59,49380,25102,24278,14330,3745,10585,35050,21357,13693
27,526,solapur,Urban,60-64,45158,21870,23288,16649,4343,12306,28509,17527,10982
27,526,solapur,Urban,65-69,33361,15450,17911,13008,3106,9902,20353,12344,8009
27,526,solapur,Urban,70-74,24520,11532,12988,11017,2889,8128,13503,8643,4860
27,526,solapur,Urban,75-79,11666,5783,5883,4700,1276,3424,6966,4507,2459
27,526,solapur,Urban,80+,14592,6532,8060,6839,1750,5089,7753,4782,2971
27,526,solapur,Urban,Age not stated,5417,2903,2514,1131,436,695,4286,2467,1819
27,527,satara,Total,All ages,3003741,1510842,1492899,778047,309808,468239,2225694,1201034,1024660
27,527,satara,Total,0-6,317885,167729,150156,317885,167729,150156,0,0,0
27,527,satara,Total,7,48568,25349,23219,10353,5342,5011,38215,20007,18208
27,527,satara,Total,8,46950,24951,21999,3296,1768,1528,43654,23183,20471
27,527,satara,Total,9,48770,26193,22577,2255,1221,1034,46515,24972,21543
27,527,satara,Total,10,56082,30304,25778,3024,1616,1408,53058,28688,24370
27,527,satara,Total,11,54502,29139,25363,2012,1087,925,52490,28052,24438
27,527,satara,Total,12,51303,27318,23985,1687,866,821,49616,26452,23164
27,527,satara,Total,13,53523,28220,25303,1673,817,856,51850,27403,24447
27,527,satara,Total,14,54003,28846,25157,1763,887,876,52240,27959,24281
27,527,satara,Total,15,54341,29052,25289,2116,1003,1113,52225,28049,24176
27,527,satara,Total,16,53584,28825,24759,2050,1053,997,51534,27772,23762
27,527,satara,Total,17,52903,28243,24660,1923,953,970,50980,27290,23690
27,527,satara,Total,18,57979,30716,27263,2475,1168,1307,55504,29548,25956
27,527,satara,Total,19,53410,27490,25920,2198,1004,1194,51212,26486,24726
27,527,satara,Total,20-24,271808,135212,136596,14630,5909,8721,257178,129303,127875
27,527,satara,Total,25-29,241713,119839,121874,17414,6571,10843,224299,113268,111031
27,527,satara,Total,30-34,214455,104928,109527,21454,7118,14336,193001,97810,95191
27,527,satara,Total,35-39,215224,104745,110479,29498,8784,20714,185726,95961,89765
27,527,satara,Total,40-44,199074,99541,99533,36076,10716,25360,162998,88825,74173
27,527,satara,Total,45-49,171739,83736,88003,39267,10997,28270,132472,72739,59733
27,527,satara,Total,50-54,149959,74577,75382,39557,11120,28437,110402,63457,46945
27,527,satara,Total,55-59,126886,62143,64743,37771,9838,27933,89115,52305,36810
27,527,satara,Total,60-64,119632,56036,63596,45993,11231,34762,73639,44805,28834
27,527,satara,Total,65-69,106185,48194,57991,49363,12546,36817,56822,35648,21174
27,527,satara,Total,70-74,80768,38829,41939,41672,12227,29445,39096,26602,12494
27,527,satara,Total,75-79,41968,21139,20829,21581,6683,14898,20387,14456,5931
27,527,satara,Total,80+,46304,22194,24110,25652,8193,17459,20652,14001,6651
27,527,satara,Total,Age not stated,14223,7354,6869,3409,1361,2048,10814,5993,4821
27,527,satara,Rural,All ages,2433363,1219749,1213614,662613,258950,403663,1770750,960799,809951
27,527,satara,Rural,0-6,258567,136325,122242,258567,136325,122242,0,0,0
27,527,satara,Rural,7,38785,20150,18635,8523,4365,4158,30262,15785,14477
27,527,satara,Rural,8,37766,20032,17734,2712,1442,1270,35054,18590,16464
27,527,satara,Rural,9,39391,21068,18323,1845,989,856,37546,20079,17467
27,527,satara,Rural,10,44806,24087,20719,2458,1307,1151,42348,22780,19568
27,527,satara,Rural,11,43800,23217,20583,1655,887,768,42145,22330,19815
27,527,satara,Rural,12,41179,21773,19406,1369,700,669,39810,21073,18737
27,527,satara,Rural,13,43047,22519,20528,1376,682,694,41671,21837,19834
27,527,satara,Rural,14,43533,23012,20521,1409,709,700,42124,22303,19821
27,527,satara,Rural,15,43916,23240,20676,1749,818,931,42167,22422,19745
27,527,satara,Rural,16,43559,23190,20369,1697,862,835,41862,22328,19534
27,527,satara,Rural,17,42757,22744,20013,1559,773,786,41198,21971,19227
27,527,satara,Rural,18,46811,24813,21998,1996,948,1048,44815,23865,20950
27,527,satara,Rural,19,42997,22125,20872,1789,831,958,41208,21294,19914
27,527,satara,Rural,20-24,217770,108506,109264,11833,4741,7092,205937,103765,102172
27,527,satara,Rural,25-29,191628,95548,96080,14195,5268,8927,177433,90280,87153
27,527,satara,Rural,30-34,169029,83003,86026,17663,5733,11930,151366,77270,74096
27,527,satara,Rural,35-39,170728,82854,87874,24882,7179,17703,145846,75675,70171
27,527,satara,Rural,40-44,158528,79321,79207,31113,9029,22084,127415,70292,57123
27,527,satara,Rural,45-49,137873,66472,71401,34385,9396,24989,103488,57076,46412
27,527,satara,Rural,50-54,122017,60033,61984,34956,9589,25367,87061,50444,36617
27,527,satara,Rural,55-59,104594,50677,53917,33878,8645,25233,70716,42032,28684
27,527,satara,Rural,60-64,100551,46540,54011,41554,10052,31502,58997,36488,22509
27,527,satara,Rural,65-69,91573,41290,50283,45105,11447,33658,46468,29843,16625
27,527,satara,Rural,70-74,70139,33617,36522,38253,11258,26995,31886,22359,9527
27,527,satara,Rural,75-79,36156,18274,17882,19820,6222,13598,16336,12052,4284
27,527,satara,Rural,80+,40103,19280,20823,23348,7608,15740,16755,11672,5083
27,527,satara,Rural,Age not stated,11760,6039,5721,2924,1145,1779,8836,4894,3942
27,527,satara,Urban,All ages,570378,291093,279285,115434,50858,64576,454944,240235,214709
27,527,satara,Urban,0-6,59318,31404,27914,59318,31404,27914,0,0,0
27,527,satara,Urban,7,9783,5199,4584,1830,977,853,7953,4222,3731
27,527,satara,Urban,8,9184,4919,4265,584,326,258,8600,4593,4007
27,527,satara,Urban,9,9379,5125,4254,410,232,178,8969,4893,4076
27,527,satara,Urban,10,11276,6217,5059,566,309,257,10710,5908,4802
27,527,satara,Urban,11,10702,5922,4780,357,200,157,10345,5722,4623
27,527,satara,Urban,12,10124,5545,4579,318,166,152,9806,5379,4427
27,527,satara,Urban,13,10476,5701,4775,297,135,162,10179,5566,4613
27,527,satara,Urban,14,10470,5834,4636,354,178,176,10116,5656,4460
27,527,satara,Urban,15,10425,5812,4613,367,185,182,10058,5627,4431
27,527,satara,Urban,16,10025,5635,4390,353,191,162,9672,5444,4228
27,527,satara,Urban,17,10146,5499,4647,364,180,184,9782,5319,4463
27,527,satara,Urban,18,11168,5903,5265,479,220,259,10689,5683,5006
27,527,satara,Urban,19,10413,5365,5048,409,173,236,10004,5192,4812
27,527,satara,Urban,20-24,54038,26706,27332,2797,1168,1629,51241,25538,25703
27,527,satara,Urban,25-29,50085,24291,25794,3219,1303,1916,46866,22988,23878
27,527,satara,Urban,30-34,45426,21925,23501,3791,1385,2406,41635,20540,21095
27,527,satara,Urban,35-39,44496,21891,22605,4616,1605,3011,39880,20286,19594
27,527,satara,Urban,40-44,40546,20220,20326,4963,1687,3276,35583,18533,17050
27,527,satara,Urban,45-49,33866,17264,16602,4882,1601,3281,28984,15663,13321
27,527,satara,Urban,50-54,27942,14544,13398,4601,1531,3070,23341,13013,10328
27,527,satara,Urban,55-59,22292,11466,10826,3893,1193,2700,18399,10273,8126
27,527,satara,Urban,60-64,19081,9496,9585,4439,1179,3260,14642,8317,6325
27,527,satara,Urban,65-69,14612,6904,7708,4258,1099,3159,10354,5805,4549
27,527,satara,Urban,70-74,10629,5212,5417,3419,969,2450,7210,4243,2967
27,527,satara,Urban,75-79,5812,2865,2947,1761,461,1300,4051,2404,1647
27,527,satara,Urban,80+,6201,2914,3287,2304,585,1719,3897,2329,1568
27,527,satara,Urban,Age not stated,2463,1315,1148,485,216,269,1978,1099,879
27,528,ratnagiri,Total,All ages,1615069,761121,853948,415677,142109,273568,1199392,619012,580380
27,528,ratnagiri,Total,0-6,155560,80333,75227,155560,80333,75227,0,0,0
27,528,ratnagiri,Total,7,25997,13280,12717,5666,2831,2835,20331,10449,9882
27,528,ratnagiri,Total,8,25512,13048,12464,1083,541,542,24429,12507,11922
27,528,ratnagiri,Total,9,27671,14197,13474,618,311,307,27053,13886,13167
27,528,ratnagiri,Total,10,32691,16919,15772,788,413,375,31903,16506,15397
27,528,ratnagiri,Total,11,32595,16689,15906,460,227,233,32135,16462,15673
27,528,ratnagiri,Total,12,30125,15468,14657,383,169,214,29742,15299,14443
27,528,ratnagiri,Total,13,32065,16326,15739,338,162,176,31727,16164,15563
27,528,ratnagiri,Total,14,33205,16943,16262,375,155,220,32830,16788,16042
27,528,ratnagiri,Total,15,33771,17444,16327,559,234,325,33212,17210,16002
27,528,ratnagiri,Total,16,30461,15609,14852,458,205,253,30003,15404,14599
27,528,ratnagiri,Total,17,28722,14806,13916,428,192,236,28294,14614,13680
27,528,ratnagiri,Total,18,29907,15285,14622,694,328,366,29213,14957,14256
27,528,ratnagiri,Total,19,25299,12377,12922,556,225,331,24743,12152,12591
27,528,ratnagiri,Total,20-24,122290,56359,65931,4529,1688,2841,117761,54671,63090
27,528,ratnagiri,Total,25-29,111560,50446,61114,6577,2052,4525,104983,48394,56589
27,528,ratnagiri,Total,30-34,108859,48514,60345,9385,2376,7009,99474,46138,53336
27,528,ratnagiri,Total,35-39,118362,52614,65748,14440,3052,11388,103922,49562,54360
27,528,ratnagiri,Total,40-44,111543,51782,59761,19746,4125,15621,91797,47657,44140
27,528,ratnagiri,Total,45-49,100141,47426,52715,23178,4964,18214,76963,42462,34501
27,528,ratnagiri,Total,50-54,81312,38587,42725,22678,4915,17763,58634,33672,24962
27,528,ratnagiri,Total,55-59,72615,32879,39736,23601,4615,18986,49014,28264,20750
27,528,ratnagiri,Total,60-64,70946,30398,40548,29316,5670,23646,41630,24728,16902
27,528,ratnagiri,Total,65-69,68308,27854,40454,33783,6856,26927,34525,20998,13527
27,528,ratnagiri,Total,70-74,51237,22262,28975,28402,6947,21455,22835,15315,7520
27,528,ratnagiri,Total,75-79,27255,11954,15301,15526,4003,11523,11729,7951,3778
27,528,ratnagiri,Total,80+,25294,10399,14895,16185,4364,11821,9109,6035,3074
27,528,ratnagiri,Total,Age not stated,1766,923,843,365,156,209,1401,767,634
27,528,ratnagiri,Rural,All ages,1351346,630213,721133,371989,123014,248975,979357,507199,472158
27,528,ratnagiri,Rural,0-6,129073,66623,62450,129073,66623,62450,0,0,0
27,528,ratnagiri,Rural,7,21636,10931,10705,5031,2473,2558,16605,8458,8147
27,528,ratnagiri,Rural,8,21491,10939,10552,915,450,465,20576,10489,10087
27,528,ratnagiri,Rural,9,23311,11927,11384,502,251,251,22809,11676,11133
27,528,ratnagiri,Rural,10,27651,14216,13435,633,325,308,27018,13891,13127
27,528,ratnagiri,Rural,11,27727,14061,13666,353,170,183,27374,13891,13483
27,528,ratnagiri,Rural,12,25640,13145,12495,306,132,174,25334,13013,12321
27,528,ratnagiri,Rural,13,27163,13844,13319,268,124,144,26895,13720,13175
27,528,ratnagiri,Rural,14,28266,14404,13862,299,120,179,27967,14284,13683
27,528,ratnagiri,Rural,15,28822,14852,13970,476,191,285,28346,14661,13685
27,528,ratnagiri,Rural,16,25845,13192,12653,373,165,208,25472,13027,12445
27,528,ratnagiri,Rural,17,24134,12392,11742,369,161,208,23765,12231,11534
27,528,ratnagiri,Rural,18,24723,12617,12106,546,245,301,24177,12372,11805
27,528,ratnagiri,Rural,19,20667,10014,10653,464,188,276,20203,9826,10377
27,528,ratnagiri,Rural,20-24,98682,44687,53995,3714,1334,2380,94968,43353,51615
27,528,ratnagiri,Rural,25-29,89531,40075,49456,5599,1685,3914,83932,38390,45542
27,528,ratnagiri,Rural,30-34,87598,38579,49019,8261,1953,6308,79337,36626,42711
27,528,ratnagiri,Rural,35-39,96017,42028,53989,13077,2576,10501,82940,39452,43488
27,528,ratnagiri,Rural,40-44,91457,41711,49746,18272,3576,14696,73185,38135,35050
27,528,ratnagiri,Rural,45-49,83246,38823,44423,21749,4492,17257,61497,34331,27166
27,528,ratnagiri,Rural,50-54,68175,31699,36476,21379,4527,16852,46796,27172,19624
27,528,ratnagiri,Rural,55-59,62108,27698,34410,22497,4353,18144,39611,23345,16266
27,528,ratnagiri,Rural,60-64,61911,26088,35823,27898,5365,22533,34013,20723,13290
27,528,ratnagiri,Rural,65-69,61772,24922,36850,32458,6621,25837,29314,18301,11013
27,528,ratnagiri,Rural,70-74,46379,20078,26301,27148,6704,20444,19231,13374,5857
27,528,ratnagiri,Rural,75-79,24366,10667,13699,14756,3880,10876,9610,6787,2823
27,528,ratnagiri,Rural,80+,22581,9274,13307,15269,4203,11066,7312,5071,2241
27,528,ratnagiri,Rural,Age not stated,1374,727,647,304,127,177,1070,600,470
27,528,ratnagiri,Urban,All ages,263723,130908,132815,43688,19095,24593,220035,111813,108222
27,528,ratnagiri,Urban,0-6,26487,13710,12777,26487,13710,12777,0,0,0
27,528,ratnagiri,Urban,7,4361,2349,2012,635,358,277,3726,1991,1735
27,528,ratnagiri,Urban,8,4021,2109,1912,168,91,77,3853,2018,1835
27,528,ratnagiri,Urban,9,4360,2270,2090,116,60,56,4244,2210,2034
27,528,ratnagiri,Urban,10,5040,2703,2337,155,88,67,4885,2615,2270
27,528,ratnagiri,Urban,11,4868,2628,2240,107,57,50,4761,2571,2190
27,528,ratnagiri,Urban,12,4485,2323,2162,77,37,40,4408,2286,2122
27,528,ratnagiri,Urban,13,4902,2482,2420,70,38,32,4832,2444,2388
27,528,ratnagiri,Urban,14,4939,2539,2400,76,35,41,4863,2504,2359
27,528,ratnagiri,Urban,15,4949,2592,2357,83,43,40,4866,2549,2317
27,528,ratnagiri,Urban,16,4616,2417,2199,85,40,45,4531,2377,2154
27,528,ratnagiri,Urban,17,4588,2414,2174,59,31,28,4529,2383,2146
27,528,ratnagiri,Urban,18,5184,2668,2516,148,83,65,5036,2585,2451
27,528,ratnagiri,Urban,19,4632,2363,2269,92,37,55,4540,2326,2214
27,528,ratnagiri,Urban,20-24,23608,11672,11936,815,354,461,22793,11318,11475
27,528,ratnagiri,Urban,25-29,22029,10371,11658,978,367,611,21051,10004,11047
27,528,ratnagiri,Urban,30-34,21261,9935,11326,1124,423,701,20137,9512,10625
27,528,ratnagiri,Urban,35-39,22345,10586,11759,1363,476,887,20982,10110,10872
27,528,ratnagiri,Urban,40-44,20086,10071,10015,1474,549,925,18612,9522,9090
27,528,ratnagiri,Urban,45-49,16895,8603,8292,1429,472,957,15466,8131,7335
27,528,ratnagiri,Urban,50-54,13137,6888,6249,1299,388,911,11838,6500,5338
27,528,ratnagiri,Urban,55-59,10507,5181,5326,1104,262,842,9403,4919,4484
27,528,ratnagiri,Urban,60-64,9035,4310,4725,1418,305,1113,7617,4005,3612
27,528,ratnagiri,Urban,65-69,6536,2932,3604,1325,235,1090,5211,2697,2514
27,528,ratnagiri,Urban,70-74,4858,2184,2674,1254,243,1011,3604,1941,1663
27,528,ratnagiri,Urban,75-79,2889,1287,1602,770,123,647,2119,1164,955
27,528,ratnagiri,Urban,80+,2713,1125,1588,916,161,755,1797,964,833
27,528,ratnagiri,Urban,Age not stated,392,196,196,61,29,32,331,167,164
27,529,sindhudurg,Total,All ages,849651,417332,432319,183584,69043,114541,666067,348289,317778
27,529,sindhudurg,Total,0-6,71193,37034,34159,71193,37034,34159,0,0,0
27,529,sindhudurg,Total,7,12115,6256,5859,2759,1450,1309,9356,4806,4550
27,529,sindhudurg,Total,8,11665,6014,5651,625,322,303,11040,5692,5348
27,529,sindhudurg,Total,9,12611,6452,6159,445,245,200,12166,6207,5959
27,529,sindhudurg,Total,10,14997,7739,7258,647,351,296,14350,7388,6962
27,529,sindhudurg,Total,11,14920,7817,7103,384,222,162,14536,7595,6941
27,529,sindhudurg,Total,12,13870,7135,6735,382,204,178,13488,6931,6557
27,529,sindhudurg,Total,13,15122,7807,7315,355,204,151,14767,7603,7164
27,529,sindhudurg,Total,14,15642,7918,7724,399,199,200,15243,7719,7524
27,529,sindhudurg,Total,15,15854,8067,7787,456,243,213,15398,7824,7574
27,529,sindhudurg,Total,16,15172,7653,7519,394,196,198,14778,7457,7321
27,529,sindhudurg,Total,17,14873,7723,7150,401,241,160,14472,7482,6990
27,529,sindhudurg,Total,18,15495,8085,7410,577,291,286,14918,7794,7124
27,529,sindhudurg,Total,19,13785,6978,6807,433,221,212,13352,6757,6595
27,529,sindhudurg,Total,20-24,64768,32084,32684,2846,1313,1533,61922,30771,31151
27,529,sindhudurg,Total,25-29,59942,29890,30052,3588,1598,1990,56354,28292,28062
27,529,sindhudurg,Total,30-34,59690,29031,30659,4118,1677,2441,55572,27354,28218
27,529,sindhudurg,Total,35-39,63765,30573,33192,5629,1881,3748,58136,28692,29444
27,529,sindhudurg,Total,40-44,62515,30897,31618,7461,2363,5098,55054,28534,26520
27,529,sindhudurg,Total,45-49,56326,28264,28062,8624,2694,5930,47702,25570,22132
27,529,sindhudurg,Total,50-54,46168,23128,23040,8576,2430,6146,37592,20698,16894
27,529,sindhudurg,Total,55-59,40193,19474,20719,8655,2149,6506,31538,17325,14213
27,529,sindhudurg,Total,60-64,39148,17496,21652,11696,2442,9254,27452,15054,12398
27,529,sindhudurg,Total,65-69,38459,16468,21991,14597,2822,11775,23862,13646,10216
27,529,sindhudurg,Total,70-74,29056,12877,16179,13044,2780,10264,16012,10097,5915
27,529,sindhudurg,Total,75-79,15017,6901,8116,6827,1466,5361,8190,5435,2755
27,529,sindhudurg,Total,80+,14922,6337,8585,7989,1814,6175,6933,4523,2410
27,529,sindhudurg,Total,Age not stated,2368,1234,1134,484,191,293,1884,1043,841
27,529,sindhudurg,Rural,All ages,742645,363268,379377,166372,61157,105215,576273,302111,274162
27,529,sindhudurg,Rural,0-6,61715,32038,29677,61715,32038,29677,0,0,0
27,529,sindhudurg,Rural,7,10515,5426,5089,2478,1285,1193,8037,4141,3896
27,529,sindhudurg,Rural,8,10047,5106,4941,552,282,270,9495,4824,4671
27,529,sindhudurg,Rural,9,11092,5641,5451,389,207,182,10703,5434,5269
27,529,sindhudurg,Rural,10,13187,6773,6414,567,305,262,12620,6468,6152
27,529,sindhudurg,Rural,11,13209,6916,6293,340,194,146,12869,6722,6147
27,529,sindhudurg,Rural,12,12249,6299,5950,329,172,157,11920,6127,5793
27,529,sindhudurg,Rural,13,13342,6866,6476,296,166,130,13046,6700,6346
27,529,sindhudurg,Rural,14,13862,6990,6872,342,171,171,13520,6819,6701
27,529,sindhudurg,Rural,15,14066,7162,6904,400,219,181,13666,6943,6723
27,529,sindhudurg,Rural,16,13394,6718,6676,346,175,171,13048,6543,6505
27,529,sindhudurg,Rural,17,13174,6830,6344,354,206,148,12820,6624,6196
27,529,sindhudurg,Rural,18,13601,7119,6482,489,248,241,13112,6871,6241
27,529,sindhudurg,Rural,19,12031,6071,5960,371,196,175,11660,5875,5785
27,529,sindhudurg,Rural,20-24,55802,27664,28138,2363,1082,1281,53439,26582,26857
27,529,sindhudurg,Rural,25-29,51246,25568,25678,3066,1353,1713,48180,24215,23965
27,529,sindhudurg,Rural,30-34,50973,24749,26224,3595,1425,2170,47378,23324,24054
27,529,sindhudurg,Rural,35-39,54720,26102,28618,5087,1638,3449,49633,24464,25169
27,529,sindhudurg,Rural,40-44,53717,26375,27342,6829,2092,4737,46888,24283,22605
27,529,sindhudurg,Rural,45-49,48893,24331,24562,8022,2449,5573,40871,21882,18989
27,529,sindhudurg,Rural,50-54,40171,20011,20160,8006,2197,5809,32165,17814,14351
27,529,sindhudurg,Rural,55-59,35208,16957,18251,8197,2000,6197,27011,14957,12054
27,529,sindhudurg,Rural,60-64,34967,15490,19477,11133,2305,8828,23834,13185,10649
27,529,sindhudurg,Rural,65-69,35300,15063,20237,14023,2724,11299,21277,12339,8938
27,529,sindhudurg,Rural,70-74,26681,11805,14876,12481,2683,9798,14200,9122,5078
27,529,sindhudurg,Rural,75-79,13666,6287,7379,6529,1424,5105,7137,4863,2274
27,529,sindhudurg,Rural,80+,13696,5798,7898,7636,1756,5880,6060,4042,2018
27,529,sindhudurg,Rural,Age not stated,2121,1113,1008,437,165,272,1684,948,736
27,529,sindhudurg,Urban,All ages,107006,54064,52942,17212,7886,9326,89794,46178,43616
27,529,sindhudurg,Urban,0-6,9478,4996,4482,9478,4996,4482,0,0,0
27,529,sindhudurg,Urban,7,1600,830,770,281,165,116,1319,665,654
27,529,sindhudurg,Urban,8,1618,908,710,73,40,33,1545,868,677
27,529,sindhudurg,Urban,9,1519,811,708,56,38,18,1463,773,690
27,529,sindhudurg,Urban,10,1810,966,844,80,46,34,1730,920,810
27,529,sindhudurg,Urban,11,1711,901,810,44,28,16,1667,873,794
27,529,sindhudurg,Urban,12,1621,836,785,53,32,21,1568,804,764
27,529,sindhudurg,Urban,13,1780,941,839,59,38,21,1721,903,818
27,529,sindhudurg,Urban,14,1780,928,852,57,28,29,1723,900,823
27,529,sindhudurg,Urban,15,1788,905,883,56,24,32,1732,881,851
27,529,sindhudurg,Urban,16,1778,935,843,48,21,27,1730,914,816
27,529,sindhudurg,Urban,17,1699,893,806,47,35,12,1652,858,794
27,529,sindhudurg,Urban,18,1894,966,928,88,43,45,1806,923,883
27,529,sindhudurg,Urban,19,1754,907,847,62,25,37,1692,882,810
27,529,sindhudurg,Urban,20-24,8966,4420,4546,483,231,252,8483,4189,4294
27,529,sindhudurg,Urban,25-29,8696,4322,4374,522,245,277,8174,4077,4097
27,529,sindhudurg,Urban,30-34,8717,4282,4435,523,252,271,8194,4030,4164
27,529,sindhudurg,Urban,35-39,9045,4471,4574,542,243,299,8503,4228,4275
27,529,sindhudurg,Urban,40-44,8798,4522,4276,632,271,361,8166,4251,3915
27,529,sindhudurg,Urban,45-49,7433,3933,3500,602,245,357,6831,3688,3143
27,529,sindhudurg,Urban,50-54,5997,3117,2880,570,233,337,5427,2884,2543
27,529,sindhudurg,Urban,55-59,4985,2517,2468,458,149,309,4527,2368,2159
27,529,sindhudurg,Urban,60-64,4181,2006,2175,563,137,426,3618,1869,1749
27,529,sindhudurg,Urban,65-69,3159,1405,1754,574,98,476,2585,1307,1278
27,529,sindhudurg,Urban,70-74,2375,1072,1303,563,97,466,1812,975,837
27,529,sindhudurg,Urban,75-79,1351,614,737,298,42,256,1053,572,481
27,529,sindhudurg,Urban,80+,1226,539,687,353,58,295,873,481,392
27,529,sindhudurg,Urban,Age not stated,247,121,126,47,26,21,200,95,105
27,530,kolhapur,Total,All ages,3876001,1980658,1895343,1050156,420898,629258,2825845,1559760,1266085
27,530,kolhapur,Total,0-6,408942,219521,189421,408942,219521,189421,0,0,0
27,530,kolhapur,Total,7,61981,33104,28877,13210,6972,6238,48771,26132,22639
27,530,kolhapur,Total,8,59898,32420,27478,3972,2193,1779,55926,30227,25699
27,530,kolhapur,Total,9,61764,33777,27987,2873,1578,1295,58891,32199,26692
27,530,kolhapur,Total,10,71243,39082,32161,3881,2061,1820,67362,37021,30341
27,530,kolhapur,Total,11,68569,37203,31366,2548,1362,1186,66021,35841,30180
27,530,kolhapur,Total,12,65363,35748,29615,2235,1149,1086,63128,34599,28529
27,530,kolhapur,Total,13,67764,36785,30979,2093,1099,994,65671,35686,29985
27,530,kolhapur,Total,14,68166,37133,31033,2305,1244,1061,65861,35889,29972
27,530,kolhapur,Total,15,69771,37957,31814,2729,1380,1349,67042,36577,30465
27,530,kolhapur,Total,16,68077,37302,30775,2376,1193,1183,65701,36109,29592
27,530,kolhapur,Total,17,68910,37701,31209,2437,1297,1140,66473,36404,30069
27,530,kolhapur,Total,18,75890,40901,34989,3305,1627,1678,72585,39274,33311
27,530,kolhapur,Total,19,69810,36642,33168,2860,1304,1556,66950,35338,31612
27,530,kolhapur,Total,20-24,359124,182594,176530,18403,7573,10830,340721,175021,165700
27,530,kolhapur,Total,25-29,327214,165576,161638,22679,8495,14184,304535,157081,147454
27,530,kolhapur,Total,30-34,293900,145394,148506,30255,9586,20669,263645,135808,127837
27,530,kolhapur,Total,35-39,292949,143409,149540,45432,12835,32597,247517,130574,116943
27,530,kolhapur,Total,40-44,268415,135353,133062,58216,16762,41454,210199,118591,91608
27,530,kolhapur,Total,45-49,229594,115531,114063,62768,17894,44874,166826,97637,69189
27,530,kolhapur,Total,50-54,193708,98931,94777,62058,18102,43956,131650,80829,50821
27,530,kolhapur,Total,55-59,157099,78191,78908,56373,15259,41114,100726,62932,37794
27,530,kolhapur,Total,60-64,148674,70373,78301,66628,17731,48897,82046,52642,29404
27,530,kolhapur,Total,65-69,125569,57877,67692,65572,18633,46939,59997,39244,20753
27,530,kolhapur,Total,70-74,86351,41265,45086,49273,15782,33491,37078,25483,11595
27,530,kolhapur,Total,75-79,43007,21034,21973,24239,7881,16358,18768,13153,5615
27,530,kolhapur,Total,80+,47182,21155,26027,27972,8670,19302,19210,12485,6725
27,530,kolhapur,Total,Age not stated,17067,8699,8368,4522,1715,2807,12545,6984,5561
27,530,kolhapur,Rural,All ages,2645992,1348815,1297177,792123,309100,483023,1853869,1039715,814154
27,530,kolhapur,Rural,0-6,279956,150362,129594,279956,150362,129594,0,0,0
27,530,kolhapur,Rural,7,42270,22502,19768,9599,5033,4566,32671,17469,15202
27,530,kolhapur,Rural,8,40911,22019,18892,2814,1533,1281,38097,20486,17611
27,530,kolhapur,Rural,9,42901,23488,19413,2032,1111,921,40869,22377,18492
27,530,kolhapur,Rural,10,49175,26975,22200,2729,1461,1268,46446,25514,20932
27,530,kolhapur,Rural,11,47645,25802,21843,1847,962,885,45798,24840,20958
27,530,kolhapur,Rural,12,45355,24801,20554,1616,808,808,43739,23993,19746
27,530,kolhapur,Rural,13,47099,25468,21631,1523,794,729,45576,24674,20902
27,530,kolhapur,Rural,14,47397,25765,21632,1682,883,799,45715,24882,20833
27,530,kolhapur,Rural,15,48646,26338,22308,1991,988,1003,46655,25350,21305
27,530,kolhapur,Rural,16,47390,25902,21488,1690,851,839,45700,25051,20649
27,530,kolhapur,Rural,17,47595,25929,21666,1723,897,826,45872,25032,20840
27,530,kolhapur,Rural,18,51902,28057,23845,2311,1136,1175,49591,26921,22670
27,530,kolhapur,Rural,19,47179,24679,22500,1951,866,1085,45228,23813,21415
27,530,kolhapur,Rural,20-24,237377,121331,116046,12600,5135,7465,224777,116196,108581
27,530,kolhapur,Rural,25-29,213365,108088,105277,15726,5675,10051,197639,102413,95226
27,530,kolhapur,Rural,30-34,192206,94838,97368,22141,6649,15492,170065,88189,81876
27,530,kolhapur,Rural,35-39,194625,94893,99732,34702,9203,25499,159923,85690,74233
27,530,kolhapur,Rural,40-44,180407,90968,89439,46145,12778,33367,134262,78190,56072
27,530,kolhapur,Rural,45-49,154949,77874,77075,50464,14032,36432,104485,63842,40643
27,530,kolhapur,Rural,50-54,132138,66937,65201,50657,14503,36154,81481,52434,29047
27,530,kolhapur,Rural,55-59,108747,53406,55341,46835,12590,34245,61912,40816,21096
27,530,kolhapur,Rural,60-64,106473,49446,57027,55234,14913,40321,51239,34533,16706
27,530,kolhapur,Rural,65-69,94268,43283,50985,55330,16207,39123,38938,27076,11862
27,530,kolhapur,Rural,70-74,65429,31307,34122,41587,13837,27750,23842,17470,6372
27,530,kolhapur,Rural,75-79,32199,15747,16452,20481,6960,13521,11718,8787,2931
27,530,kolhapur,Rural,80+,35705,16236,19469,23182,7633,15549,12523,8603,3920
27,530,kolhapur,Rural,Age not stated,12683,6374,6309,3575,1300,2275,9108,5074,4034
27,530,kolhapur,Urban,All ages,1230009,631843,598166,258033,111798,146235,971976,520045,451931
27,530,kolhapur,Urban,0-6,128986,69159,59827,128986,69159,59827,0,0,0
27,530,kolhapur,Urban,7,19711,10602,9109,3611,1939,1672,16100,8663,7437
27,530,kolhapur,Urban,8,18987,10401,8586,1158,660,498,17829,9741,8088
27,530,kolhapur,Urban,9,18863,10289,8574,841,467,374,18022,9822,8200
27,530,kolhapur,Urban,10,22068,12107,9961,1152,600,552,20916,11507,9409
27,530,kolhapur,Urban,11,20924,11401,9523,701,400,301,20223,11001,9222
27,530,kolhapur,Urban,12,20008,10947,9061,619,341,278,19389,10606,8783
27,530,kolhapur,Urban,13,20665,11317,9348,570,305,265,20095,11012,9083
27,530,kolhapur,Urban,14,20769,11368,9401,623,361,262,20146,11007,9139
27,530,kolhapur,Urban,15,21125,11619,9506,738,392,346,20387,11227,9160
27,530,kolhapur,Urban,16,20687,11400,9287,686,342,344,20001,11058,8943
27,530,kolhapur,Urban,17,21315,11772,9543,714,400,314,20601,11372,9229
27,530,kolhapur,Urban,18,23988,12844,11144,994,491,503,22994,12353,10641
27,530,kolhapur,Urban,19,22631,11963,10668,909,438,471,21722,11525,10197
27,530,kolhapur,Urban,20-24,121747,61263,60484,5803,2438,3365,115944,58825,57119
27,530,kolhapur,Urban,25-29,113849,57488,56361,6953,2820,4133,106896,54668,52228
27,530,kolhapur,Urban,30-34,101694,50556,51138,8114,2937,5177,93580,47619,45961
27,530,kolhapur,Urban,35-39,98324,48516,49808,10730,3632,7098,87594,44884,42710
27,530,kolhapur,Urban,40-44,88008,44385,43623,12071,3984,8087,75937,40401,35536
27,530,kolhapur,Urban,45-49,74645,37657,36988,12304,3862,8442,62341,33795,28546
27,530,kolhapur,Urban,50-54,61570,31994,29576,11401,3599,7802,50169,28395,21774
27,530,kolhapur,Urban,55-59,48352,24785,23567,9538,2669,6869,38814,22116,16698
27,530,kolhapur,Urban,60-64,42201,20927,21274,11394,2818,8576,30807,18109,12698
27,530,kolhapur,Urban,65-69,31301,14594,16707,10242,2426,7816,21059,12168,8891
27,530,kolhapur,Urban,70-74,20922,9958,10964,7686,1945,5741,13236,8013,5223
27,530,kolhapur,Urban,75-79,10808,5287,5521,3758,921,2837,7050,4366,2684
27,530,kolhapur,Urban,80+,11477,4919,6558,4790,1037,3753,6687,3882,2805
27,530,kolhapur,Urban,Age not stated,4384,2325,2059,947,415,532,3437,1910,1527
27,531,sangli,Total,All ages,2822143,1435728,1386415,772676,314178,458498,2049467,1121550,927917
27,531,sangli,Total,0-6,306777,164355,142422,306777,164355,142422,0,0,0
27,531,sangli,Total,7,45784,24438,21346,8359,4399,3960,37425,20039,17386
27,531,sangli,Total,8,44922,24099,20823,2894,1516,1378,42028,22583,19445
27,531,sangli,Total,9,47756,25983,21773,2128,1113,1015,45628,24870,20758
27,531,sangli,Total,10,55763,30169,25594,3042,1638,1404,52721,28531,24190
27,531,sangli,Total,11,53209,28814,24395,1909,1026,883,51300,27788,23512
27,531,sangli,Total,12,50468,27473,22995,1664,856,808,48804,26617,22187
27,531,sangli,Total,13,50613,27372,23241,1487,762,725,49126,26610,22516
27,531,sangli,Total,14,51206,27735,23471,1609,798,811,49597,26937,22660
27,531,sangli,Total,15,51718,28125,23593,2118,1046,1072,49600,27079,22521
27,531,sangli,Total,16,50198,27699,22499,1881,968,913,48317,26731,21586
27,531,sangli,Total,17,48544,26955,21589,1783,925,858,46761,26030,20731
27,531,sangli,Total,18,55551,30263,25288,2574,1207,1367,52977,29056,23921
27,531,sangli,Total,19,50155,26117,24038,2172,957,1215,47983,25160,22823
27,531,sangli,Total,20-24,257962,130447,127515,14869,5801,9068,243093,124646,118447
27,531,sangli,Total,25-29,230281,113937,116344,18401,6347,12054,211880,107590,104290
27,531,sangli,Total,30-34,202781,98870,103911,23657,7310,16347,179124,91560,87564
27,531,sangli,Total,35-39,204701,98509,106192,34025,10035,23990,170676,88474,82202
27,531,sangli,Total,40-44,184819,92845,91974,40074,12660,27414,144745,80185,64560
27,531,sangli,Total,45-49,160002,79015,80987,42128,12618,29510,117874,66397,51477
27,531,sangli,Total,50-54,137563,69327,68236,41801,12876,28925,95762,56451,39311
27,531,sangli,Total,55-59,112238,56095,56143,37119,10518,26601,75119,45577,29542
27,531,sangli,Total,60-64,108948,51984,56964,45990,12670,33320,62958,39314,23644
27,531,sangli,Total,65-69,92429,42618,49811,45230,12447,32783,47199,30171,17028
27,531,sangli,Total,70-74,71460,34685,36775,39112,12411,26701,32348,22274,10074
27,531,sangli,Total,75-79,36584,18667,17917,19475,6427,13048,17109,12240,4869
27,531,sangli,Total,80+,44517,21328,23189,26339,8834,17505,18178,12494,5684
27,531,sangli,Total,Age not stated,15194,7804,7390,4059,1658,2401,11135,6146,4989
27,531,sangli,Rural,All ages,2102786,1071124,1031662,607692,243318,364374,1495094,827806,667288
27,531,sangli,Rural,0-6,230283,123855,106428,230283,123855,106428,0,0,0
27,531,sangli,Rural,7,33894,18048,15846,6047,3151,2896,27847,14897,12950
27,531,sangli,Rural,8,33470,18022,15448,2028,1083,945,31442,16939,14503
27,531,sangli,Rural,9,36198,19762,16436,1482,770,712,34716,18992,15724
27,531,sangli,Rural,10,41726,22649,19077,2075,1116,959,39651,21533,18118
27,531,sangli,Rural,11,40211,21768,18443,1336,725,611,38875,21043,17832
27,531,sangli,Rural,12,37895,20596,17299,1147,585,562,36748,20011,16737
27,531,sangli,Rural,13,38203,20689,17514,1015,522,493,37188,20167,17021
27,531,sangli,Rural,14,38668,20921,17747,1147,564,583,37521,20357,17164
27,531,sangli,Rural,15,38791,21110,17681,1474,721,753,37317,20389,16928
27,531,sangli,Rural,16,37573,20934,16639,1315,675,640,36258,20259,15999
27,531,sangli,Rural,17,35976,20232,15744,1240,646,594,34736,19586,15150
27,531,sangli,Rural,18,41054,22649,18405,1780,841,939,39274,21808,17466
27,531,sangli,Rural,19,36812,19262,17550,1504,645,859,35308,18617,16691
27,531,sangli,Rural,20-24,186928,95271,91657,10370,3985,6385,176558,91286,85272
27,531,sangli,Rural,25-29,165578,82176,83402,13124,4389,8735,152454,77787,74667
27,531,sangli,Rural,30-34,146433,71337,75096,17662,5167,12495,128771,66170,62601
27,531,sangli,Rural,35-39,149575,72073,77502,26371,7465,18906,123204,64608,58596
27,531,sangli,Rural,40-44,135235,67981,67254,31928,9765,22163,103307,58216,45091
27,531,sangli,Rural,45-49,118507,58389,60118,34303,10126,24177,84204,48263,35941
27,531,sangli,Rural,50-54,102332,51044,51288,34329,10372,23957,68003,40672,27331
27,531,sangli,Rural,55-59,85017,42156,42861,31271,8763,22508,53746,33393,20353
27,531,sangli,Rural,60-64,84019,39744,44275,38639,10632,28007,45380,29112,16268
27,531,sangli,Rural,65-69,74037,33951,40086,39103,10831,28272,34934,23120,11814
27,531,sangli,Rural,70-74,58164,28359,29805,34004,11040,22964,24160,17319,6841
27,531,sangli,Rural,75-79,29445,15138,14307,16952,5776,11176,12493,9362,3131
27,531,sangli,Rural,80+,36053,17421,18632,22727,7858,14869,13326,9563,3763
27,531,sangli,Rural,Age not stated,10709,5587,5122,3036,1250,1786,7673,4337,3336
27,531,sangli,Urban,All ages,719357,364604,354753,164984,70860,94124,554373,293744,260629
27,531,sangli,Urban,0-6,76494,40500,35994,76494,40500,35994,0,0,0
27,531,sangli,Urban,7,11890,6390,5500,2312,1248,1064,9578,5142,4436
27,531,sangli,Urban,8,11452,6077,5375,866,433,433,10586,5644,4942
27,531,sangli,Urban,9,11558,6221,5337,646,343,303,10912,5878,5034
27,531,sangli,Urban,10,14037,7520,6517,967,522,445,13070,6998,6072
27,531,sangli,Urban,11,12998,7046,5952,573,301,272,12425,6745,5680
27,531,sangli,Urban,12,12573,6877,5696,517,271,246,12056,6606,5450
27,531,sangli,Urban,13,12410,6683,5727,472,240,232,11938,6443,5495
27,531,sangli,Urban,14,12538,6814,5724,462,234,228,12076,6580,5496
27,531,sangli,Urban,15,12927,7015,5912,644,325,319,12283,6690,5593
27,531,sangli,Urban,16,12625,6765,5860,566,293,273,12059,6472,5587
27,531,sangli,Urban,17,12568,6723,5845,543,279,264,12025,6444,5581
27,531,sangli,Urban,18,14497,7614,6883,794,366,428,13703,7248,6455
27,531,sangli,Urban,19,13343,6855,6488,668,312,356,12675,6543,6132
27,531,sangli,Urban,20-24,71034,35176,35858,4499,1816,2683,66535,33360,33175
27,531,sangli,Urban,25-29,64703,31761,32942,5277,1958,3319,59426,29803,29623
27,531,sangli,Urban,30-34,56348,27533,28815,5995,2143,3852,50353,25390,24963
27,531,sangli,Urban,35-39,55126,26436,28690,7654,2570,5084,47472,23866,23606
27,531,sangli,Urban,40-44,49584,24864,24720,8146,2895,5251,41438,21969,19469
27,531,sangli,Urban,45-49,41495,20626,20869,7825,2492,5333,33670,18134,15536
27,531,sangli,Urban,50-54,35231,18283,16948,7472,2504,4968,27759,15779,11980
27,531,sangli,Urban,55-59,27221,13939,13282,5848,1755,4093,21373,12184,9189
27,531,sangli,Urban,60-64,24929,12240,12689,7351,2038,5313,17578,10202,7376
27,531,sangli,Urban,65-69,18392,8667,9725,6127,1616,4511,12265,7051,5214
27,531,sangli,Urban,70-74,13296,6326,6970,5108,1371,3737,8188,4955,3233
27,531,sangli,Urban,75-79,7139,3529,3610,2523,651,1872,4616,2878,1738
27,531,sangli,Urban,80+,8464,3907,4557,3612,976,2636,4852,2931,1921
27,531,sangli,Urban,Age not stated,4485,2217,2268,1023,408,615,3462,1809,1653
10,203,pashchim champaran,Total,All ages,3935042,2061110,1873932,2175561,969884,1205677,1759481,1091226,668255
10,203,pashchim champaran,Total,0-6,776031,397418,378613,776031,397418,378613,0,0,0
10,203,pashchim champaran,Total,7,110039,56524,53515,47823,23377,24446,62216,33147,29069
10,203,pashchim champaran,Total,8,143120,74028,69092,39689,18393,21296,103431,55635,47796
10,203,pashchim champaran,Total,9,96317,49688,46629,21394,9727,11667,74923,39961,34962
10,203,pashchim champaran,Total,10,154423,81235,73188,33234,15212,18022,121189,66023,55166
10,203,pashchim champaran,Total,11,89118,46789,42329,16285,7288,8997,72833,39501,33332
10,203,pashchim champaran,Total,12,120892,64173,56719,21051,9233,11818,99841,54940,44901
10,203,pashchim champaran,Total,13,78633,41177,37456,13089,5448,7641,65544,35729,29815
10,203,pashchim champaran,Total,14,83822,44590,39232,15232,6567,8665,68590,38023,30567
10,203,pashchim champaran,Total,15,83125,46739,36386,17709,8445,9264,65416,38294,27122
10,203,pashchim champaran,Total,16,75432,43024,32408,17090,7935,9155,58342,35089,23253
10,203,pashchim champaran,Total,17,46893,27309,19584,10821,5134,5687,36072,22175,13897
10,203,pashchim champaran,Total,18,80517,47813,32704,23268,10735,12533,57249,37078,20171
10,203,pashchim champaran,Total,19,45119,24578,20541,13781,5128,8653,31338,19450,11888
10,203,pashchim champaran,Total,20-24,278401,146737,131664,109186,38574,70612,169215,108163,61052
10,203,pashchim champaran,Total,25-29,282323,139565,142758,135206,45475,89731,147117,94090,53027
10,203,pashchim champaran,Total,30-34,274148,136647,137501,144867,51727,93140,129281,84920,44361
10,203,pashchim champaran,Total,35-39,253856,131593,122263,143433,55197,88236,110423,76396,34027
10,203,pashchim champaran,Total,40-44,197574,108255,89319,118206,50936,67270,79368,57319,22049
10,203,pashchim champaran,Total,45-49,162627,84507,78120,103989,42091,61898,58638,42416,16222
10,203,pashchim champaran,Total,50-54,125414,70935,54479,83121,39164,43957,42293,31771,10522
10,203,pashchim champaran,Total,55-59,103876,48804,55072,72640,26063,46577,31236,22741,8495
10,203,pashchim champaran,Total,60-64,113023,59876,53147,82345,36318,46027,30678,23558,7120
10,203,pashchim champaran,Total,65-69,75680,40839,34841,55267,24801,30466,20413,16038,4375
10,203,pashchim champaran,Total,70-74,46277,27139,19138,34736,17617,17119,11541,9522,2019
10,203,pashchim champaran,Total,75-79,15630,8514,7116,11294,5055,6239,4336,3459,877
10,203,pashchim champaran,Total,80+,17893,9719,8174,12530,5710,6820,5363,4009,1354
10,203,pashchim champaran,Total,Age not stated,4839,2895,1944,2244,1116,1128,2595,1779,816
10,203,pashchim champaran,Rural,All ages,3541877,1853809,1688068,2016473,897416,1119057,1525404,956393,569011
10,203,pashchim champaran,Rural,0-6,712017,364155,347862,712017,364155,347862,0,0,0
10,203,pashchim champaran,Rural,7,100316,51450,48866,44116,21475,22641,56200,29975,26225
10,203,pashchim champaran,Rural,8,131217,67822,63395,36852,17013,19839,94365,50809,43556
10,203,pashchim champaran,Rural,9,87944,45277,42667,19994,9050,10944,67950,36227,31723
10,203,pashchim champaran,Rural,10,141371,74438,66933,31092,14133,16959,110279,60305,49974
10,203,pashchim champaran,Rural,11,80654,42373,38281,15195,6786,8409,65459,35587,29872
10,203,pashchim champaran,Rural,12,109522,58131,51391,19561,8477,11084,89961,49654,40307
10,203,pashchim champaran,Rural,13,70326,36958,33368,12118,4999,7119,58208,31959,26249
10,203,pashchim champaran,Rural,14,74720,39945,34775,14106,5994,8112,60614,33951,26663
10,203,pashchim champaran,Rural,15,73961,41837,32124,16434,7779,8655,57527,34058,23469
10,203,pashchim champaran,Rural,16,66874,38415,28459,15828,7239,8589,51046,31176,19870
10,203,pashchim champaran,Rural,17,40458,23741,16717,9885,4596,5289,30573,19145,11428
10,203,pashchim champaran,Rural,18,70573,42184,28389,21530,9807,11723,49043,32377,16666
10,203,pashchim champaran,Rural,19,39019,21158,17861,12774,4642,8132,26245,16516,9729
10,203,pashchim champaran,Rural,20-24,244785,128210,116575,101666,35373,66293,143119,92837,50282
10,203,pashchim champaran,Rural,25-29,252258,124007,128251,126730,42353,84377,125528,81654,43874
10,203,pashchim champaran,Rural,30-34,246375,122676,123699,135855,48478,87377,110520,74198,36322
10,203,pashchim champaran,Rural,35-39,227811,118219,109592,134103,51708,82395,93708,66511,27197
10,203,pashchim champaran,Rural,40-44,176086,96681,79405,110145,47692,62453,65941,48989,16952
10,203,pashchim champaran,Rural,45-49,144539,74713,69826,96866,39246,57620,47673,35467,12206
10,203,pashchim champaran,Rural,50-54,111707,63417,48290,77451,36817,40634,34256,26600,7656
10,203,pashchim champaran,Rural,55-59,93135,43372,49763,67991,24558,43433,25144,18814,6330
10,203,pashchim champaran,Rural,60-64,102126,54307,47819,76719,34226,42493,25407,20081,5326
10,203,pashchim champaran,Rural,65-69,68224,36895,31329,51341,23298,28043,16883,13597,3286
10,203,pashchim champaran,Rural,70-74,41716,24554,17162,32198,16493,15705,9518,8061,1457
10,203,pashchim champaran,Rural,75-79,13871,7555,6316,10417,4727,5690,3454,2828,626
10,203,pashchim champaran,Rural,80+,15818,8643,7175,11408,5274,6134,4410,3369,1041
10,203,pashchim champaran,Rural,Age not stated,4454,2676,1778,2081,1028,1053,2373,1648,725
10,203,pashchim champaran,Urban,All ages,393165,207301,185864,159088,72468,86620,234077,134833,99244
10,203,pashchim champaran,Urban,0-6,64014,33263,30751,64014,33263,30751,0,0,0
10,203,pashchim champaran,Urban,7,9723,5074,4649,3707,1902,1805,6016,3172,2844
10,203,pashchim champaran,Urban,8,11903,6206,5697,2837,1380,1457,9066,4826,4240
10,203,pashchim champaran,Urban,9,8373,4411,3962,1400,677,723,6973,3734,3239
10,203,pashchim champaran,Urban,10,13052,6797,6255,2142,1079,1063,10910,5718,5192
10,203,pashchim champaran,Urban,11,8464,4416,4048,1090,502,588,7374,3914,3460
10,203,pashchim champaran,Urban,12,11370,6042,5328,1490,756,734,9880,5286,4594
10,203,pashchim champaran,Urban,13,8307,4219,4088,971,449,522,7336,3770,3566
10,203,pashchim champaran,Urban,14,9102,4645,4457,1126,573,553,7976,4072,3904
10,203,pashchim champaran,Urban,15,9164,4902,4262,1275,666,609,7889,4236,3653
10,203,pashchim champaran,Urban,16,8558,4609,3949,1262,696,566,7296,3913,3383
10,203,pashchim champaran,Urban,17,6435,3568,2867,936,538,398,5499,3030,2469
10,203,pashchim champaran,Urban,18,9944,5629,4315,1738,928,810,8206,4701,3505
10,203,pashchim champaran,Urban,19,6100,3420,2680,1007,486,521,5093,2934,2159
10,203,pashchim champaran,Urban,20-24,33616,18527,15089,7520,3201,4319,26096,15326,10770
10,203,pashchim champaran,Urban,25-29,30065,15558,14507,8476,3122,5354,21589,12436,9153
10,203,pashchim champaran,Urban,30-34,27773,13971,13802,9012,3249,5763,18761,10722,8039
10,203,pashchim champaran,Urban,35-39,26045,13374,12671,9330,3489,5841,16715,9885,6830
10,203,pashchim champaran,Urban,40-44,21488,11574,9914,8061,3244,4817,13427,8330,5097
10,203,pashchim champaran,Urban,45-49,18088,9794,8294,7123,2845,4278,10965,6949,4016
10,203,pashchim champaran,Urban,50-54,13707,7518,6189,5670,2347,3323,8037,5171,2866
10,203,pashchim champaran,Urban,55-59,10741,5432,5309,4649,1505,3144,6092,3927,2165
10,203,pashchim champaran,Urban,60-64,10897,5569,5328,5626,2092,3534,5271,3477,1794
10,203,pashchim champaran,Urban,65-69,7456,3944,3512,3926,1503,2423,3530,2441,1089
10,203,pashchim champaran,Urban,70-74,4561,2585,1976,2538,1124,1414,2023,1461,562
10,203,pashchim champaran,Urban,75-79,1759,959,800,877,328,549,882,631,251
10,203,pashchim champaran,Urban,80+,2075,1076,999,1122,436,686,953,640,313
10,203,pashchim champaran,Urban,Age not stated,385,219,166,163,88,75,222,131,91
10,204,purba champaran,Total,All ages,5099371,2681209,2418162,2822414,1273606,1548808,2276957,1407603,869354
10,204,purba champaran,Total,0-6,1018297,526835,491462,1018297,526835,491462,0,0,0
10,204,purba champaran,Total,7,143851,74385,69466,57418,27872,29546,86433,46513,39920
10,204,purba champaran,Total,8,186762,97580,89182,49216,23489,25727,137546,74091,63455
10,204,purba champaran,Total,9,125145,65356,59789,27346,12842,14504,97799,52514,45285
10,204,purba champaran,Total,10,203165,107801,95364,43596,20566,23030,159569,87235,72334
10,204,purba champaran,Total,11,115514,61784,53730,20993,9658,11335,94521,52126,42395
10,204,purba champaran,Total,12,158118,84472,73646,28589,13052,15537,129529,71420,58109
10,204,purba champaran,Total,13,100945,53572,47373,16864,7489,9375,84081,46083,37998
10,204,purba champaran,Total,14,107345,58353,48992,20170,9425,10745,87175,48928,38247
10,204,purba champaran,Total,15,105397,60627,44770,23650,12192,11458,81747,48435,33312
10,204,purba champaran,Total,16,93567,55361,38206,21767,11429,10338,71800,43932,27868
10,204,purba champaran,Total,17,60648,36672,23976,14322,7339,6983,46326,29333,16993
10,204,purba champaran,Total,18,103409,63348,40061,31155,15515,15640,72254,47833,24421
10,204,purba champaran,Total,19,58601,32545,26056,18670,7466,11204,39931,25079,14852
10,204,purba champaran,Total,20-24,365803,190512,175291,149807,54501,95306,215996,136011,79985
10,204,purba champaran,Total,25-29,369855,182548,187307,180440,63031,117409,189415,119517,69898
10,204,purba champaran,Total,30-34,348944,173132,175812,183823,66637,117186,165121,106495,58626
10,204,purba champaran,Total,35-39,320042,164527,155515,179623,69074,110549,140419,95453,44966
10,204,purba champaran,Total,40-44,248016,133907,114109,148041,63047,84994,99975,70860,29115
10,204,purba champaran,Total,45-49,205338,105249,100089,131120,52360,78760,74218,52889,21329
10,204,purba champaran,Total,50-54,159818,88123,71695,105772,48118,57654,54046,40005,14041
10,204,purba champaran,Total,55-59,137994,63879,74115,95977,33784,62193,42017,30095,11922
10,204,purba champaran,Total,60-64,149816,81165,68651,106930,48400,58530,42886,32765,10121
10,204,purba champaran,Total,65-69,93765,50563,43202,66994,29576,37418,26771,20987,5784
10,204,purba champaran,Total,70-74,59967,35415,24552,43900,22219,21681,16067,13196,2871
10,204,purba champaran,Total,75-79,21243,11998,9245,14975,6954,8021,6268,5044,1224
10,204,purba champaran,Total,80+,25406,13875,11531,17413,7944,9469,7993,5931,2062
10,204,purba champaran,Total,Age not stated,12600,7625,4975,5546,2792,2754,7054,4833,2221
10,204,purba champaran,Rural,All ages,4698028,2468181,2229847,2659248,1198281,1460967,2038780,1269900,768880
10,204,purba champaran,Rural,0-6,949639,491036,458603,949639,491036,458603,0,0,0
10,204,purba champaran,Rural,7,133597,69068,64529,53869,26119,27750,79728,42949,36779
10,204,purba champaran,Rural,8,174071,90860,83211,46463,22071,24392,127608,68789,58819
10,204,purba champaran,Rural,9,116334,60766,55568,25851,12141,13710,90483,48625,41858
10,204,purba champaran,Rural,10,189498,100486,89012,41195,19328,21867,148303,81158,67145
10,204,purba champaran,Rural,11,106816,57161,49655,19840,9088,10752,86976,48073,38903
10,204,purba champaran,Rural,12,146602,78312,68290,27077,12261,14816,119525,66051,53474
10,204,purba champaran,Rural,13,92723,49167,43556,15925,7012,8913,76798,42155,34643
10,204,purba champaran,Rural,14,98370,53587,44783,19038,8820,10218,79332,44767,34565
10,204,purba champaran,Rural,15,96359,55622,40737,22312,11406,10906,74047,44216,29831
10,204,purba champaran,Rural,16,85281,50811,34470,20495,10717,9778,64786,40094,24692
10,204,purba champaran,Rural,17,54515,33152,21363,13489,6864,6625,41026,26288,14738
10,204,purba champaran,Rural,18,93769,57667,36102,29337,14468,14869,64432,43199,21233
10,204,purba champaran,Rural,19,52878,29323,23555,17594,6967,10627,35284,22356,12928
10,204,purba champaran,Rural,20-24,332473,172445,160028,141704,51138,90566,190769,121307,69462
10,204,purba champaran,Rural,25-29,338798,166634,172164,171245,59617,111628,167553,107017,60536
10,204,purba champaran,Rural,30-34,319977,158480,161497,174845,63262,111583,145132,95218,49914
10,204,purba champaran,Rural,35-39,293283,150621,142662,170540,65592,104948,122743,85029,37714
10,204,purba champaran,Rural,40-44,226324,122166,104158,140238,59886,80352,86086,62280,23806
10,204,purba champaran,Rural,45-49,187713,95829,91884,124444,49775,74669,63269,46054,17215
10,204,purba champaran,Rural,50-54,146305,80780,65525,100141,45855,54286,46164,34925,11239
10,204,purba champaran,Rural,55-59,126684,58175,68509,91100,32183,58917,35584,25992,9592
10,204,purba champaran,Rural,60-64,138698,75237,63461,101546,46256,55290,37152,28981,8171
10,204,purba champaran,Rural,65-69,86977,46866,40111,63739,28267,35472,23238,18599,4639
10,204,purba champaran,Rural,70-74,55566,32874,22692,41655,21254,20401,13911,11620,2291
10,204,purba champaran,Rural,75-79,19502,11010,8492,14183,6638,7545,5319,4372,947
10,204,purba champaran,Rural,80+,23245,12742,10503,16389,7561,8828,6856,5181,1675
10,204,purba champaran,Rural,Age not stated,12031,7304,4727,5355,2699,2656,6676,4605,2071
10,204,purba champaran,Urban,All ages,401343,213028,188315,163166,75325,87841,238177,137703,100474
10,204,purba champaran,Urban,0-6,68658,35799,32859,68658,35799,32859,0,0,0
10,204,purba champaran,Urban,7,10254,5317,4937,3549,1753,1796,6705,3564,3141
10,204,purba champaran,Urban,8,12691,6720,5971,2753,1418,1335,9938,5302,4636
10,204,purba champaran,Urban,9,8811,4590,4221,1495,701,794,7316,3889,3427
10,204,purba champaran,Urban,10,13667,7315,6352,2401,1238,1163,11266,6077,5189
10,204,purba champaran,Urban,11,8698,4623,4075,1153,570,583,7545,4053,3492
10,204,purba champaran,Urban,12,11516,6160,5356,1512,791,721,10004,5369,4635
10,204,purba champaran,Urban,13,8222,4405,3817,939,477,462,7283,3928,3355
10,204,purba champaran,Urban,14,8975,4766,4209,1132,605,527,7843,4161,3682
10,204,purba champaran,Urban,15,9038,5005,4033,1338,786,552,7700,4219,3481
10,204,purba champaran,Urban,16,8286,4550,3736,1272,712,560,7014,3838,3176
10,204,purba champaran,Urban,17,6133,3520,2613,833,475,358,5300,3045,2255
10,204,purba champaran,Urban,18,9640,5681,3959,1818,1047,771,7822,4634,3188
10,204,purba champaran,Urban,19,5723,3222,2501,1076,499,577,4647,2723,1924
10,204,purba champaran,Urban,20-24,33330,18067,15263,8103,3363,4740,25227,14704,10523
10,204,purba champaran,Urban,25-29,31057,15914,15143,9195,3414,5781,21862,12500,9362
10,204,purba champaran,Urban,30-34,28967,14652,14315,8978,3375,5603,19989,11277,8712
10,204,purba champaran,Urban,35-39,26759,13906,12853,9083,3482,5601,17676,10424,7252
10,204,purba champaran,Urban,40-44,21692,11741,9951,7803,3161,4642,13889,8580,5309
10,204,purba champaran,Urban,45-49,17625,9420,8205,6676,2585,4091,10949,6835,4114
10,204,purba champaran,Urban,50-54,13513,7343,6170,5631,2263,3368,7882,5080,2802
10,204,purba champaran,Urban,55-59,11310,5704,5606,4877,1601,3276,6433,4103,2330
10,204,purba champaran,Urban,60-64,11118,5928,5190,5384,2144,3240,5734,3784,1950
10,204,purba champaran,Urban,65-69,6788,3697,3091,3255,1309,1946,3533,2388,1145
10,204,purba champaran,Urban,70-74,4401,2541,1860,2245,965,1280,2156,1576,580
10,204,purba champaran,Urban,75-79,1741,988,753,792,316,476,949,672,277
10,204,purba champaran,Urban,80+,2161,1133,1028,1024,383,641,1137,750,387
10,204,purba champaran,Urban,Age not stated,569,321,248,191,93,98,378,228,150
10,205,sheohar,Total,All ages,656246,346673,309573,372548,175028,197520,283698,171645,112053
10,205,sheohar,Total,0-6,128698,66728,61970,128698,66728,61970,0,0,0
10,205,sheohar,Total,7,17946,9311,8635,6705,3294,3411,11241,6017,5224
10,205,sheohar,Total,8,21816,11525,10291,6195,2992,3203,15621,8533,7088
10,205,sheohar,Total,9,15868,8530,7338,4119,1993,2126,11749,6537,5212
10,205,sheohar,Total,10,25551,13516,12035,6388,3117,3271,19163,10399,8764
10,205,sheohar,Total,11,15250,8275,6975,3466,1666,1800,11784,6609,5175
10,205,sheohar,Total,12,20070,10685,9385,4479,2171,2308,15591,8514,7077
10,205,sheohar,Total,13,13369,7173,6196,2875,1387,1488,10494,5786,4708
10,205,sheohar,Total,14,13448,7203,6245,3069,1512,1557,10379,5691,4688
10,205,sheohar,Total,15,14194,8224,5970,3864,2089,1775,10330,6135,4195
10,205,sheohar,Total,16,11822,6898,4924,3269,1811,1458,8553,5087,3466
10,205,sheohar,Total,17,7986,4742,3244,2220,1196,1024,5766,3546,2220
10,205,sheohar,Total,18,13342,8020,5322,4480,2385,2095,8862,5635,3227
10,205,sheohar,Total,19,8230,4375,3855,2976,1318,1658,5254,3057,2197
10,205,sheohar,Total,20-24,47865,25179,22686,19802,8188,11614,28063,16991,11072
10,205,sheohar,Total,25-29,45786,23177,22609,22091,8746,13345,23695,14431,9264
10,205,sheohar,Total,30-34,42958,21507,21451,22491,8981,13510,20467,12526,7941
10,205,sheohar,Total,35-39,40126,20896,19230,22995,9705,13290,17131,11191,5940
10,205,sheohar,Total,40-44,31347,17183,14164,19006,8766,10240,12341,8417,3924
10,205,sheohar,Total,45-49,25478,13327,12151,16378,7084,9294,9100,6243,2857
10,205,sheohar,Total,50-54,19820,11001,8819,13203,6355,6848,6617,4646,1971
10,205,sheohar,Total,55-59,17750,8206,9544,12365,4555,7810,5385,3651,1734
10,205,sheohar,Total,60-64,22089,11191,10898,15999,6824,9175,6090,4367,1723
10,205,sheohar,Total,65-69,16320,8965,7355,11823,5477,6346,4497,3488,1009
10,205,sheohar,Total,70-74,9666,5716,3950,7145,3705,3440,2521,2011,510
10,205,sheohar,Total,75-79,3649,1957,1692,2677,1204,1473,972,753,219
10,205,sheohar,Total,80+,4104,2217,1887,2908,1338,1570,1196,879,317
10,205,sheohar,Total,Age not stated,1698,946,752,862,441,421,836,505,331
10,205,sheohar,Rural,All ages,628130,331792,296338,358507,168631,189876,269623,163161,106462
10,205,sheohar,Rural,0-6,123299,63950,59349,123299,63950,59349,0,0,0
10,205,sheohar,Rural,7,17093,8838,8255,6428,3152,3276,10665,5686,4979
10,205,sheohar,Rural,8,20962,11104,9858,5994,2896,3098,14968,8208,6760
10,205,sheohar,Rural,9,15162,8122,7040,3965,1911,2054,11197,6211,4986
10,205,sheohar,Rural,10,24493,12963,11530,6145,3005,3140,18348,9958,8390
10,205,sheohar,Rural,11,14557,7906,6651,3331,1597,1734,11226,6309,4917
10,205,sheohar,Rural,12,19275,10258,9017,4344,2106,2238,14931,8152,6779
10,205,sheohar,Rural,13,12762,6836,5926,2793,1349,1444,9969,5487,4482
10,205,sheohar,Rural,14,12798,6854,5944,2955,1448,1507,9843,5406,4437
10,205,sheohar,Rural,15,13595,7910,5685,3745,2029,1716,9850,5881,3969
10,205,sheohar,Rural,16,11283,6599,4684,3160,1745,1415,8123,4854,3269
10,205,sheohar,Rural,17,7559,4503,3056,2120,1148,972,5439,3355,2084
10,205,sheohar,Rural,18,12758,7661,5097,4323,2300,2023,8435,5361,3074
10,205,sheohar,Rural,19,7798,4141,3657,2846,1258,1588,4952,2883,2069
10,205,sheohar,Rural,20-24,45649,24008,21641,19110,7910,11200,26539,16098,10441
10,205,sheohar,Rural,25-29,43632,22058,21574,21253,8422,12831,22379,13636,8743
10,205,sheohar,Rural,30-34,41040,20521,20519,21687,8666,13021,19353,11855,7498
10,205,sheohar,Rural,35-39,38461,20044,18417,22211,9424,12787,16250,10620,5630
10,205,sheohar,Rural,40-44,30019,16408,13611,18333,8470,9863,11686,7938,3748
10,205,sheohar,Rural,45-49,24412,12778,11634,15759,6850,8909,8653,5928,2725
10,205,sheohar,Rural,50-54,19012,10560,8452,12709,6141,6568,6303,4419,1884
10,205,sheohar,Rural,55-59,17021,7864,9157,11912,4405,7507,5109,3459,1650
10,205,sheohar,Rural,60-64,21204,10724,10480,15421,6600,8821,5783,4124,1659
10,205,sheohar,Rural,65-69,15755,8661,7094,11457,5329,6128,4298,3332,966
10,205,sheohar,Rural,70-74,9354,5541,3813,6934,3607,3327,2420,1934,486
10,205,sheohar,Rural,75-79,3533,1902,1631,2599,1181,1418,934,721,213
10,205,sheohar,Rural,80+,3970,2146,1824,2820,1296,1524,1150,850,300
10,205,sheohar,Rural,Age not stated,1674,932,742,854,436,418,820,496,324
10,205,sheohar,Urban,All ages,28116,14881,13235,14041,6397,7644,14075,8484,5591
10,205,sheohar,Urban,0-6,5399,2778,2621,5399,2778,2621,0,0,0
10,205,sheohar,Urban,7,853,473,380,277,142,135,576,331,245
10,205,sheohar,Urban,8,854,421,433,201,96,105,653,325,328
10,205,sheohar,Urban,9,706,408,298,154,82,72,552,326,226
10,205,sheohar,Urban,10,1058,553,505,243,112,131,815,441,374
10,205,sheohar,Urban,11,693,369,324,135,69,66,558,300,258
10,205,sheohar,Urban,12,795,427,368,135,65,70,660,362,298
10,205,sheohar,Urban,13,607,337,270,82,38,44,525,299,226
10,205,sheohar,Urban,14,650,349,301,114,64,50,536,285,251
10,205,sheohar,Urban,15,599,314,285,119,60,59,480,254,226
10,205,sheohar,Urban,16,539,299,240,109,66,43,430,233,197
10,205,sheohar,Urban,17,427,239,188,100,48,52,327,191,136
10,205,sheohar,Urban,18,584,359,225,157,85,72,427,274,153
10,205,sheohar,Urban,19,432,234,198,130,60,70,302,174,128
10,205,sheohar,Urban,20-24,2216,1171,1045,692,278,414,1524,893,631
10,205,sheohar,Urban,25-29,2154,1119,1035,838,324,514,1316,795,521
10,205,sheohar,Urban,30-34,1918,986,932,804,315,489,1114,671,443
10,205,sheohar,Urban,35-39,1665,852,813,784,281,503,881,571,310
10,205,sheohar,Urban,40-44,1328,775,553,673,296,377,655,479,176
10,205,sheohar,Urban,45-49,1066,549,517,619,234,385,447,315,132
10,205,sheohar,Urban,50-54,808,441,367,494,214,280,314,227,87
10,205,sheohar,Urban,55-59,729,342,387,453,150,303,276,192,84
10,205,sheohar,Urban,60-64,885,467,418,578,224,354,307,243,64
10,205,sheohar,Urban,65-69,565,304,261,366,148,218,199,156,43
10,205,sheohar,Urban,70-74,312,175,137,211,98,113,101,77,24
10,205,sheohar,Urban,75-79,116,55,61,78,23,55,38,32,6
10,205,sheohar,Urban,80+,134,71,63,88,42,46,46,29,17
10,205,sheohar,Urban,Age not stated,24,14,10,8,5,3,16,9,7
10,206,sitamarhi,Total,All ages,3423574,1803252,1620322,1986780,918064,1068716,1436794,885188,551606
10,206,sitamarhi,Total,0-6,663227,343555,319672,663227,343555,319672,0,0,0
10,206,sitamarhi,Total,7,95155,49721,45434,41660,20601,21059,53495,29120,24375
10,206,sitamarhi,Total,8,115447,60165,55282,38712,18586,20126,76735,41579,35156
10,206,sitamarhi,Total,9,81454,43048,38406,22814,10883,11931,58640,32165,26475
10,206,sitamarhi,Total,10,132990,71037,61953,37824,18176,19648,95166,52861,42305
10,206,sitamarhi,Total,11,82042,43994,38048,20650,9810,10840,61392,34184,27208
10,206,sitamarhi,Total,12,104253,55894,48359,26253,12473,13780,78000,43421,34579
10,206,sitamarhi,Total,13,68918,36475,32443,16197,7449,8748,52721,29026,23695
10,206,sitamarhi,Total,14,70979,38679,32300,18071,8909,9162,52908,29770,23138
10,206,sitamarhi,Total,15,74249,42564,31685,22175,11711,10464,52074,30853,21221
10,206,sitamarhi,Total,16,62535,36252,26283,18995,10177,8818,43540,26075,17465
10,206,sitamarhi,Total,17,43134,25526,17608,12916,6838,6078,30218,18688,11530
10,206,sitamarhi,Total,18,69031,41431,27600,25217,12908,12309,43814,28523,15291
10,206,sitamarhi,Total,19,43285,23633,19652,16442,7006,9436,26843,16627,10216
10,206,sitamarhi,Total,20-24,256750,134693,122057,113623,45217,68406,143127,89476,53651
10,206,sitamarhi,Total,25-29,242891,122183,120708,121952,46582,75370,120939,75601,45338
10,206,sitamarhi,Total,30-34,228548,114720,113828,124772,48427,76345,103776,66293,37483
10,206,sitamarhi,Total,35-39,207509,107527,99982,119942,49411,70531,87567,58116,29451
10,206,sitamarhi,Total,40-44,167140,89944,77196,102315,44899,57416,64825,45045,19780
10,206,sitamarhi,Total,45-49,136785,71045,65740,88523,37175,51348,48262,33870,14392
10,206,sitamarhi,Total,50-54,107367,58805,48562,72209,33436,38773,35158,25369,9789
10,206,sitamarhi,Total,55-59,91739,43337,48402,63989,23740,40249,27750,19597,8153
10,206,sitamarhi,Total,60-64,102870,53242,49628,74900,32699,42201,27970,20543,7427
10,206,sitamarhi,Total,65-69,69375,37492,31883,50687,22952,27735,18688,14540,4148
10,206,sitamarhi,Total,70-74,42960,24488,18472,32198,15974,16224,10762,8514,2248
10,206,sitamarhi,Total,75-79,15898,8665,7233,11618,5299,6319,4280,3366,914
10,206,sitamarhi,Total,80+,18826,9864,8962,13459,5940,7519,5367,3924,1443
10,206,sitamarhi,Total,Age not stated,28217,15273,12944,15440,7231,8209,12777,8042,4735
10,206,sitamarhi,Rural,All ages,3233076,1701685,1531391,1912107,883493,1028614,1320969,818192,502777
10,206,sitamarhi,Rural,0-6,632742,327327,305415,632742,327327,305415,0,0,0
10,206,sitamarhi,Rural,7,90428,47210,43218,40279,19921,20358,50149,27289,22860
10,206,sitamarhi,Rural,8,110209,57434,52775,37562,18037,19525,72647,39397,33250
10,206,sitamarhi,Rural,9,77274,40818,36456,22157,10573,11584,55117,30245,24872
10,206,sitamarhi,Rural,10,126898,67776,59122,36710,17633,19077,90188,50143,40045
10,206,sitamarhi,Rural,11,77515,41568,35947,19987,9481,10506,57528,32087,25441
10,206,sitamarhi,Rural,12,99212,53285,45927,25495,12118,13377,73717,41167,32550
10,206,sitamarhi,Rural,13,65025,34439,30586,15695,7200,8495,49330,27239,22091
10,206,sitamarhi,Rural,14,66840,36446,30394,17479,8596,8883,49361,27850,21511
10,206,sitamarhi,Rural,15,70074,40292,29782,21469,11342,10127,48605,28950,19655
10,206,sitamarhi,Rural,16,58698,34111,24587,18316,9776,8540,40382,24335,16047
10,206,sitamarhi,Rural,17,40034,23763,16271,12426,6570,5856,27608,17193,10415
10,206,sitamarhi,Rural,18,64781,38966,25815,24329,12439,11890,40452,26527,13925
10,206,sitamarhi,Rural,19,40253,21936,18317,15830,6720,9110,24423,15216,9207
10,206,sitamarhi,Rural,20-24,240538,125999,114539,109803,43618,66185,130735,82381,48354
10,206,sitamarhi,Rural,25-29,227991,114525,113466,117895,45024,72871,110096,69501,40595
10,206,sitamarhi,Rural,30-34,214789,107559,107230,120638,46860,73778,94151,60699,33452
10,206,sitamarhi,Rural,35-39,194869,100929,93940,115978,47893,68085,78891,53036,25855
10,206,sitamarhi,Rural,40-44,156983,84420,72563,98901,43495,55406,58082,40925,17157
10,206,sitamarhi,Rural,45-49,128406,66553,61853,85503,36036,49467,42903,30517,12386
10,206,sitamarhi,Rural,50-54,100749,55235,45514,69698,32420,37278,31051,22815,8236
10,206,sitamarhi,Rural,55-59,86219,40547,45672,61765,23030,38735,24454,17517,6937
10,206,sitamarhi,Rural,60-64,97456,50408,47048,72385,31739,40646,25071,18669,6402
10,206,sitamarhi,Rural,65-69,65978,35617,30361,49122,22357,26765,16856,13260,3596
10,206,sitamarhi,Rural,70-74,40890,23297,17593,31209,15551,15658,9681,7746,1935
10,206,sitamarhi,Rural,75-79,15049,8198,6851,11262,5177,6085,3787,3021,766
10,206,sitamarhi,Rural,80+,17745,9292,8453,12931,5727,7204,4814,3565,1249
10,206,sitamarhi,Rural,Age not stated,25431,13735,11696,14541,6833,7708,10890,6902,3988
10,206,sitamarhi,Urban,All ages,190498,101567,88931,74673,34571,40102,115825,66996,48829
10,206,sitamarhi,Urban,0-6,30485,16228,14257,30485,16228,14257,0,0,0
10,206,sitamarhi,Urban,7,4727,2511,2216,1381,680,701,3346,1831,1515
10,206,sitamarhi,Urban,8,5238,2731,2507,1150,549,601,4088,2182,1906
10,206,sitamarhi,Urban,9,4180,2230,1950,657,310,347,3523,1920,1603
10,206,sitamarhi,Urban,10,6092,3261,2831,1114,543,571,4978,2718,2260
10,206,sitamarhi,Urban,11,4527,2426,2101,663,329,334,3864,2097,1767
10,206,sitamarhi,Urban,12,5041,2609,2432,758,355,403,4283,2254,2029
10,206,sitamarhi,Urban,13,3893,2036,1857,502,249,253,3391,1787,1604
10,206,sitamarhi,Urban,14,4139,2233,1906,592,313,279,3547,1920,1627
10,206,sitamarhi,Urban,15,4175,2272,1903,706,369,337,3469,1903,1566
10,206,sitamarhi,Urban,16,3837,2141,1696,679,401,278,3158,1740,1418
10,206,sitamarhi,Urban,17,3100,1763,1337,490,268,222,2610,1495,1115
10,206,sitamarhi,Urban,18,4250,2465,1785,888,469,419,3362,1996,1366
10,206,sitamarhi,Urban,19,3032,1697,1335,612,286,326,2420,1411,1009
10,206,sitamarhi,Urban,20-24,16212,8694,7518,3820,1599,2221,12392,7095,5297
10,206,sitamarhi,Urban,25-29,14900,7658,7242,4057,1558,2499,10843,6100,4743
10,206,sitamarhi,Urban,30-34,13759,7161,6598,4134,1567,2567,9625,5594,4031
10,206,sitamarhi,Urban,35-39,12640,6598,6042,3964,1518,2446,8676,5080,3596
10,206,sitamarhi,Urban,40-44,10157,5524,4633,3414,1404,2010,6743,4120,2623
10,206,sitamarhi,Urban,45-49,8379,4492,3887,3020,1139,1881,5359,3353,2006
10,206,sitamarhi,Urban,50-54,6618,3570,3048,2511,1016,1495,4107,2554,1553
10,206,sitamarhi,Urban,55-59,5520,2790,2730,2224,710,1514,3296,2080,1216
10,206,sitamarhi,Urban,60-64,5414,2834,2580,2515,960,1555,2899,1874,1025
10,206,sitamarhi,Urban,65-69,3397,1875,1522,1565,595,970,1832,1280,552
10,206,sitamarhi,Urban,70-74,2070,1191,879,989,423,566,1081,768,313
10,206,sitamarhi,Urban,75-79,849,467,382,356,122,234,493,345,148
10,206,sitamarhi,Urban,80+,1081,572,509,528,213,315,553,359,194
10,206,sitamarhi,Urban,Age not stated,2786,1538,1248,899,398,501,1887,1140,747
10,207,madhubani,Total,All ages,4487379,2329313,2158066,2332041,989228,1342813,2155338,1340085,815253
10,207,madhubani,Total,0-6,810479,418616,391863,810479,418616,391863,0,0,0
10,207,madhubani,Total,7,124576,64162,60414,41139,19682,21457,83437,44480,38957
10,207,madhubani,Total,8,148411,76133,72278,33364,14988,18376,115047,61145,53902
10,207,madhubani,Total,9,109685,56805,52880,19592,8566,11026,90093,48239,41854
10,207,madhubani,Total,10,167111,87342,79769,30849,13776,17073,136262,73566,62696
10,207,madhubani,Total,11,105486,55865,49621,16308,7018,9290,89178,48847,40331
10,207,madhubani,Total,12,138641,72284,66357,23008,9540,13468,115633,62744,52889
10,207,madhubani,Total,13,95476,49458,46018,15007,5955,9052,80469,43503,36966
10,207,madhubani,Total,14,97980,51774,46206,17352,7115,10237,80628,44659,35969
10,207,madhubani,Total,15,99650,54835,44815,21948,9616,12332,77702,45219,32483
10,207,madhubani,Total,16,84374,47428,36946,19640,8712,10928,64734,38716,26018
10,207,madhubani,Total,17,57630,33141,24489,13560,5812,7748,44070,27329,16741
10,207,madhubani,Total,18,92667,54450,38217,27453,11724,15729,65214,42726,22488
10,207,madhubani,Total,19,58643,31260,27383,18888,6369,12519,39755,24891,14864
10,207,madhubani,Total,20-24,340878,177729,163149,131580,43166,88414,209298,134563,74735
10,207,madhubani,Total,25-29,328768,162960,165808,148225,47422,100803,180543,115538,65005
10,207,madhubani,Total,30-34,308226,151964,156262,150277,49199,101078,157949,102765,55184
10,207,madhubani,Total,35-39,284956,146045,138911,148019,52292,95727,136937,93753,43184
10,207,madhubani,Total,40-44,226055,119536,106519,126188,48088,78100,99867,71448,28419
10,207,madhubani,Total,45-49,190187,98927,91260,112123,42417,69706,78064,56510,21554
10,207,madhubani,Total,50-54,147276,78599,68677,90995,36855,54140,56281,41744,14537
10,207,madhubani,Total,55-59,126740,60879,65861,81729,27639,54090,45011,33240,11771
10,207,madhubani,Total,60-64,135403,68567,66836,92620,36131,56489,42783,32436,10347
10,207,madhubani,Total,65-69,93395,49455,43940,63697,25844,37853,29698,23611,6087
10,207,madhubani,Total,70-74,57556,31312,26244,40462,17528,22934,17094,13784,3310
10,207,madhubani,Total,75-79,23813,12650,11163,16078,6517,9561,7735,6133,1602
10,207,madhubani,Total,80+,27716,14030,13686,18867,7471,11396,8849,6559,2290
10,207,madhubani,Total,Age not stated,5601,3107,2494,2594,1170,1424,3007,1937,1070
10,207,madhubani,Rural,All ages,4325884,2244287,2081597,2266989,960662,1306327,2058895,1283625,775270
10,207,madhubani,Rural,0-6,784704,405228,379476,784704,405228,379476,0,0,0
10,207,madhubani,Rural,7,120664,62123,58541,39838,19035,20803,80826,43088,37738
10,207,madhubani,Rural,8,143710,73754,69956,32316,14515,17801,111394,59239,52155
10,207,madhubani,Rural,9,106371,55053,51318,19024,8311,10713,87347,46742,40605
10,207,madhubani,Rural,10,161845,84532,77313,29854,13297,16557,131991,71235,60756
10,207,madhubani,Rural,11,102055,54043,48012,15788,6778,9010,86267,47265,39002
10,207,madhubani,Rural,12,133983,69799,64184,22257,9161,13096,111726,60638,51088
10,207,madhubani,Rural,13,92185,47753,44432,14506,5716,8790,77679,42037,35642
10,207,madhubani,Rural,14,94245,49778,44467,16767,6855,9912,77478,42923,34555
10,207,madhubani,Rural,15,95956,52907,43049,21256,9294,11962,74700,43613,31087
10,207,madhubani,Rural,16,80874,45506,35368,18938,8363,10575,61936,37143,24793
10,207,madhubani,Rural,17,55067,31712,23355,13116,5604,7512,41951,26108,15843
10,207,madhubani,Rural,18,88764,52254,36510,26484,11246,15238,62280,41008,21272
10,207,madhubani,Rural,19,56186,29910,26276,18366,6154,12212,37820,23756,14064
10,207,madhubani,Rural,20-24,326796,170093,156703,128036,41738,86298,198760,128355,70405
10,207,madhubani,Rural,25-29,316227,156494,159733,144663,46141,98522,171564,110353,61211
10,207,madhubani,Rural,30-34,296684,146099,150585,146750,47986,98764,149934,98113,51821
10,207,madhubani,Rural,35-39,274183,140412,133771,144397,51022,93375,129786,89390,40396
10,207,madhubani,Rural,40-44,217321,114948,102373,122976,46886,76090,94345,68062,26283
10,207,madhubani,Rural,45-49,182532,94919,87613,109315,41430,67885,73217,53489,19728
10,207,madhubani,Rural,50-54,141293,75347,65946,88696,35992,52704,52597,39355,13242
10,207,madhubani,Rural,55-59,121910,58374,63536,79805,27042,52763,42105,31332,10773
10,207,madhubani,Rural,60-64,130816,66163,64653,90476,35378,55098,40340,30785,9555
10,207,madhubani,Rural,65-69,90414,47860,42554,62348,25360,36988,28066,22500,5566
10,207,madhubani,Rural,70-74,55761,30339,25422,39589,17231,22358,16172,13108,3064
10,207,madhubani,Rural,75-79,23060,12250,10810,15766,6416,9350,7294,5834,1460
10,207,madhubani,Rural,80+,26756,13584,13172,18389,7327,11062,8367,6257,2110
10,207,madhubani,Rural,Age not stated,5522,3053,2469,2569,1156,1413,2953,1897,1056
10,207,madhubani,Urban,All ages,161495,85026,76469,65052,28566,36486,96443,56460,39983
10,207,madhubani,Urban,0-6,25775,13388,12387,25775,13388,12387,0,0,0
10,207,madhubani,Urban,7,3912,2039,1873,1301,647,654,2611,1392,1219
10,207,madhubani,Urban,8,4701,2379,2322,1048,473,575,3653,1906,1747
10,207,madhubani,Urban,9,3314,1752,1562,568,255,313,2746,1497,1249
10,207,madhubani,Urban,10,5266,2810,2456,995,479,516,4271,2331,1940
10,207,madhubani,Urban,11,3431,1822,1609,520,240,280,2911,1582,1329
10,207,madhubani,Urban,12,4658,2485,2173,751,379,372,3907,2106,1801
10,207,madhubani,Urban,13,3291,1705,1586,501,239,262,2790,1466,1324
10,207,madhubani,Urban,14,3735,1996,1739,585,260,325,3150,1736,1414
10,207,madhubani,Urban,15,3694,1928,1766,692,322,370,3002,1606,1396
10,207,madhubani,Urban,16,3500,1922,1578,702,349,353,2798,1573,1225
10,207,madhubani,Urban,17,2563,1429,1134,444,208,236,2119,1221,898
10,207,madhubani,Urban,18,3903,2196,1707,969,478,491,2934,1718,1216
10,207,madhubani,Urban,19,2457,1350,1107,522,215,307,1935,1135,800
10,207,madhubani,Urban,20-24,14082,7636,6446,3544,1428,2116,10538,6208,4330
10,207,madhubani,Urban,25-29,12541,6466,6075,3562,1281,2281,8979,5185,3794
10,207,madhubani,Urban,30-34,11542,5865,5677,3527,1213,2314,8015,4652,3363
10,207,madhubani,Urban,35-39,10773,5633,5140,3622,1270,2352,7151,4363,2788
10,207,madhubani,Urban,40-44,8734,4588,4146,3212,1202,2010,5522,3386,2136
10,207,madhubani,Urban,45-49,7655,4008,3647,2808,987,1821,4847,3021,1826
10,207,madhubani,Urban,50-54,5983,3252,2731,2299,863,1436,3684,2389,1295
10,207,madhubani,Urban,55-59,4830,2505,2325,1924,597,1327,2906,1908,998
10,207,madhubani,Urban,60-64,4587,2404,2183,2144,753,1391,2443,1651,792
10,207,madhubani,Urban,65-69,2981,1595,1386,1349,484,865,1632,1111,521
10,207,madhubani,Urban,70-74,1795,973,822,873,297,576,922,676,246
10,207,madhubani,Urban,75-79,753,400,353,312,101,211,441,299,142
10,207,madhubani,Urban,80+,960,446,514,478,144,334,482,302,180
10,207,madhubani,Urban,Age not stated,79,54,25,25,14,11,54,40,14
10,208,supaul,Total,All ages,2229076,1155283,1073793,1195793,507611,688182,1033283,647672,385611
10,208,supaul,Total,0-6,437357,224953,212404,437357,224953,212404,0,0,0
10,208,supaul,Total,7,63610,32376,31234,21690,10187,11503,41920,22189,19731
10,208,supaul,Total,8,80220,40688,39532,17404,7622,9782,62816,33066,29750
10,208,supaul,Total,9,58161,29649,28512,9942,4233,5709,48219,25416,22803
10,208,supaul,Total,10,87350,45550,41800,14344,6060,8284,73006,39490,33516
10,208,supaul,Total,11,54289,28493,25796,7803,3108,4695,46486,25385,21101
10,208,supaul,Total,12,69687,36922,32765,10324,3960,6364,59363,32962,26401
10,208,supaul,Total,13,47189,25067,22122,6935,2532,4403,40254,22535,17719
10,208,supaul,Total,14,46361,25150,21211,7690,2868,4822,38671,22282,16389
10,208,supaul,Total,15,46006,26238,19768,9655,3926,5729,36351,22312,14039
10,208,supaul,Total,16,37210,21853,15357,7938,3317,4621,29272,18536,10736
10,208,supaul,Total,17,24543,14623,9920,5662,2329,3333,18881,12294,6587
10,208,supaul,Total,18,40740,24043,16697,11920,4517,7403,28820,19526,9294
10,208,supaul,Total,19,26756,13264,13492,8977,2326,6651,17779,10938,6841
10,208,supaul,Total,20-24,164616,79092,85524,69953,19507,50446,94663,59585,35078
10,208,supaul,Total,25-29,169343,83904,85439,81052,25913,55139,88291,57991,30300
10,208,supaul,Total,30-34,154490,76857,77633,79504,27074,52430,74986,49783,25203
10,208,supaul,Total,35-39,140022,73480,66542,75848,28616,47232,64174,44864,19310
10,208,supaul,Total,40-44,108571,57474,51097,63144,24650,38494,45427,32824,12603
10,208,supaul,Total,45-49,91937,48186,43751,57269,22370,34899,34668,25816,8852
10,208,supaul,Total,50-54,70308,37907,32401,45463,18982,26481,24845,18925,5920
10,208,supaul,Total,55-59,59465,29428,30037,39775,14289,25486,19690,15139,4551
10,208,supaul,Total,60-64,58597,30412,28185,40959,16476,24483,17638,13936,3702
10,208,supaul,Total,65-69,41234,22069,19165,29037,12051,16986,12197,10018,2179
10,208,supaul,Total,70-74,24608,13663,10945,17809,7970,9839,6799,5693,1106
10,208,supaul,Total,75-79,10433,5548,4885,7529,3163,4366,2904,2385,519
10,208,supaul,Total,80+,12965,6738,6227,9357,3971,5386,3608,2767,841
10,208,supaul,Total,Age not stated,3008,1656,1352,1453,641,812,1555,1015,540
10,208,supaul,Rural,All ages,2123518,1099495,1024023,1154174,489507,664667,969344,609988,359356
10,208,supaul,Rural,0-6,419703,215813,203890,419703,215813,203890,0,0,0
10,208,supaul,Rural,7,61041,31014,30027,21089,9889,11200,39952,21125,18827
10,208,supaul,Rural,8,76925,39035,37890,16890,7391,9499,60035,31644,28391
10,208,supaul,Rural,9,55910,28462,27448,9684,4108,5576,46226,24354,21872
10,208,supaul,Rural,10,83693,43613,40080,13875,5831,8044,69818,37782,32036
10,208,supaul,Rural,11,51959,27314,24645,7617,3027,4590,44342,24287,20055
10,208,supaul,Rural,12,66434,35205,31229,9989,3807,6182,56445,31398,25047
10,208,supaul,Rural,13,44953,23872,21081,6731,2425,4306,38222,21447,16775
10,208,supaul,Rural,14,43932,23863,20069,7447,2761,4686,36485,21102,15383
10,208,supaul,Rural,15,43703,24969,18734,9354,3783,5571,34349,21186,13163
10,208,supaul,Rural,16,35180,20660,14520,7677,3184,4493,27503,17476,10027
10,208,supaul,Rural,17,23036,13756,9280,5487,2245,3242,17549,11511,6038
10,208,supaul,Rural,18,38420,22699,15721,11482,4322,7160,26938,18377,8561
10,208,supaul,Rural,19,25207,12457,12750,8693,2225,6468,16514,10232,6282
10,208,supaul,Rural,20-24,155676,74432,81244,67746,18769,48977,87930,55663,32267
10,208,supaul,Rural,25-29,160981,79564,81417,78602,25050,53552,82379,54514,27865
10,208,supaul,Rural,30-34,147017,72986,74031,77198,26256,50942,69819,46730,23089
10,208,supaul,Rural,35-39,133094,69836,63258,73523,27801,45722,59571,42035,17536
10,208,supaul,Rural,40-44,102859,54331,48528,61132,23898,37234,41727,30433,11294
10,208,supaul,Rural,45-49,87051,45613,41438,55305,21686,33619,31746,23927,7819
10,208,supaul,Rural,50-54,66446,35822,30624,43851,18375,25476,22595,17447,5148
10,208,supaul,Rural,55-59,56175,27672,28503,38416,13841,24575,17759,13831,3928
10,208,supaul,Rural,60-64,55864,28935,26929,39623,15983,23640,16241,12952,3289
10,208,supaul,Rural,65-69,39441,21109,18332,28102,11727,16375,11339,9382,1957
10,208,supaul,Rural,70-74,23484,13068,10416,17192,7735,9457,6292,5333,959
10,208,supaul,Rural,75-79,9957,5293,4664,7295,3086,4209,2662,2207,455
10,208,supaul,Rural,80+,12444,6487,5957,9049,3865,5184,3395,2622,773
10,208,supaul,Rural,Age not stated,2933,1615,1318,1422,624,798,1511,991,520
10,208,supaul,Urban,All ages,105558,55788,49770,41619,18104,23515,63939,37684,26255
10,208,supaul,Urban,0-6,17654,9140,8514,17654,9140,8514,0,0,0
10,208,supaul,Urban,7,2569,1362,1207,601,298,303,1968,1064,904
10,208,supaul,Urban,8,3295,1653,1642,514,231,283,2781,1422,1359
10,208,supaul,Urban,9,2251,1187,1064,258,125,133,1993,1062,931
10,208,supaul,Urban,10,3657,1937,1720,469,229,240,3188,1708,1480
10,208,supaul,Urban,11,2330,1179,1151,186,81,105,2144,1098,1046
10,208,supaul,Urban,12,3253,1717,1536,335,153,182,2918,1564,1354
10,208,supaul,Urban,13,2236,1195,1041,204,107,97,2032,1088,944
10,208,supaul,Urban,14,2429,1287,1142,243,107,136,2186,1180,1006
10,208,supaul,Urban,15,2303,1269,1034,301,143,158,2002,1126,876
10,208,supaul,Urban,16,2030,1193,837,261,133,128,1769,1060,709
10,208,supaul,Urban,17,1507,867,640,175,84,91,1332,783,549
10,208,supaul,Urban,18,2320,1344,976,438,195,243,1882,1149,733
10,208,supaul,Urban,19,1549,807,742,284,101,183,1265,706,559
10,208,supaul,Urban,20-24,8940,4660,4280,2207,738,1469,6733,3922,2811
10,208,supaul,Urban,25-29,8362,4340,4022,2450,863,1587,5912,3477,2435
10,208,supaul,Urban,30-34,7473,3871,3602,2306,818,1488,5167,3053,2114
10,208,supaul,Urban,35-39,6928,3644,3284,2325,815,1510,4603,2829,1774
10,208,supaul,Urban,40-44,5712,3143,2569,2012,752,1260,3700,2391,1309
10,208,supaul,Urban,45-49,4886,2573,2313,1964,684,1280,2922,1889,1033
10,208,supaul,Urban,50-54,3862,2085,1777,1612,607,1005,2250,1478,772
10,208,supaul,Urban,55-59,3290,1756,1534,1359,448,911,1931,1308,623
10,208,supaul,Urban,60-64,2733,1477,1256,1336,493,843,1397,984,413
10,208,supaul,Urban,65-69,1793,960,833,935,324,611,858,636,222
10,208,supaul,Urban,70-74,1124,595,529,617,235,382,507,360,147
10,208,supaul,Urban,75-79,476,255,221,234,77,157,242,178,64
10,208,supaul,Urban,80+,521,251,270,308,106,202,213,145,68
10,208,supaul,Urban,Age not stated,75,41,34,31,17,14,44,24,20
10,209,araria,Total,All ages,2811569,1463333,1348236,1615801,735690,880111,1195768,727643,468125
10,209,araria,Total,0-6,577886,295315,282571,577886,295315,282571,0,0,0
10,209,araria,Total,7,79497,40493,39004,36455,18141,18314,43042,22352,20690
10,209,araria,Total,8,105456,54048,51408,31147,15105,16042,74309,38943,35366
10,209,araria,Total,9,70161,36058,34103,16380,7799,8581,53781,28259,25522
10,209,araria,Total,10,111159,57719,53440,24766,11659,13107,86393,46060,40333
10,209,araria,Total,11,64932,33799,31133,12453,5801,6652,52479,27998,24481
10,209,araria,Total,12,90986,47922,43064,18124,8337,9787,72862,39585,33277
10,209,araria,Total,13,58841,30780,28061,11475,5133,6342,47366,25647,21719
10,209,araria,Total,14,58869,31199,27670,13116,5937,7179,45753,25262,20491
10,209,araria,Total,15,62106,35111,26995,16608,8279,8329,45498,26832,18666
10,209,araria,Total,16,51410,29323,22087,14249,6976,7273,37161,22347,14814
10,209,araria,Total,17,33264,19507,13757,9695,4780,4915,23569,14727,8842
10,209,araria,Total,18,59007,34807,24200,21013,9803,11210,37994,25004,12990
10,209,araria,Total,19,36264,18534,17730,14118,5030,9088,22146,13504,8642
10,209,araria,Total,20-24,208174,105196,102978,95337,34543,60794,112837,70653,42184
10,209,araria,Total,25-29,204931,102392,102539,108248,41241,67007,96683,61151,35532
10,209,araria,Total,30-34,185551,91592,93959,105531,40762,64769,80020,50830,29190
10,209,araria,Total,35-39,174334,90574,83760,103099,43108,59991,71235,47466,23769
10,209,araria,Total,40-44,137862,73353,64509,85775,37201,48574,52087,36152,15935
10,209,araria,Total,45-49,114265,60601,53664,73746,31694,42052,40519,28907,11612
10,209,araria,Total,50-54,86580,47209,39371,57935,26168,31767,28645,21041,7604
10,209,araria,Total,55-59,68922,33965,34957,47265,18160,29105,21657,15805,5852
10,209,araria,Total,60-64,69851,36761,33090,49793,21343,28450,20058,15418,4640
10,209,araria,Total,65-69,47840,26184,21656,33880,14973,18907,13960,11211,2749
10,209,araria,Total,70-74,28012,16404,11608,20508,10204,10304,7504,6200,1304
10,209,araria,Total,75-79,10398,5935,4463,7293,3391,3902,3105,2544,561
10,209,araria,Total,80+,12488,7096,5392,8602,4169,4433,3886,2927,959
10,209,araria,Total,Age not stated,2523,1456,1067,1304,638,666,1219,818,401
10,209,araria,Rural,All ages,2642792,1374254,1268538,1548389,704686,843703,1094403,669568,424835
10,209,araria,Rural,0-6,549701,280883,268818,549701,280883,268818,0,0,0
10,209,araria,Rural,7,75437,38404,37033,35040,17424,17616,40397,20980,19417
10,209,araria,Rural,8,100179,51310,48869,29989,14536,15453,70190,36774,33416
10,209,araria,Rural,9,66657,34223,32434,15829,7542,8287,50828,26681,24147
10,209,araria,Rural,10,105481,54697,50784,23786,11153,12633,81695,43544,38151
10,209,araria,Rural,11,61364,31934,29430,12001,5587,6414,49363,26347,23016
10,209,araria,Rural,12,85831,45202,40629,17400,7997,9403,68431,37205,31226
10,209,araria,Rural,13,55324,28999,26325,11081,4956,6125,44243,24043,20200
10,209,araria,Rural,14,54975,29155,25820,12619,5718,6901,42356,23437,18919
10,209,araria,Rural,15,58313,33103,25210,16034,7999,8035,42279,25104,17175
10,209,araria,Rural,16,47868,27477,20391,13707,6721,6986,34161,20756,13405
10,209,araria,Rural,17,30627,18100,12527,9327,4595,4732,21300,13505,7795
10,209,araria,Rural,18,54802,32408,22394,20196,9405,10791,34606,23003,11603
10,209,araria,Rural,19,33679,17189,16490,13650,4832,8818,20029,12357,7672
10,209,araria,Rural,20-24,193564,97480,96084,91917,33150,58767,101647,64330,37317
10,209,araria,Rural,25-29,191512,95473,96039,104464,39777,64687,87048,55696,31352
10,209,araria,Rural,30-34,173795,85539,88256,101857,39280,62577,71938,46259,25679
10,209,araria,Rural,35-39,163119,84670,78449,99275,41553,57722,63844,43117,20727
10,209,araria,Rural,40-44,128723,68296,60427,82519,35777,46742,46204,32519,13685
10,209,araria,Rural,45-49,106524,56416,50108,70942,30596,40346,35582,25820,9762
10,209,araria,Rural,50-54,80701,43936,36765,55625,25200,30425,25076,18736,6340
10,209,araria,Rural,55-59,64176,31477,32699,45340,17485,27855,18836,13992,4844
10,209,araria,Rural,60-64,65505,34368,31137,47661,20469,27192,17844,13899,3945
10,209,araria,Rural,65-69,44849,24511,20338,32389,14356,18033,12460,10155,2305
10,209,araria,Rural,70-74,26307,15423,10884,19612,9815,9797,6695,5608,1087
10,209,araria,Rural,75-79,9695,5539,4156,6973,3258,3715,2722,2281,441
10,209,araria,Rural,80+,11661,6658,5003,8191,4009,4182,3470,2649,821
10,209,araria,Rural,Age not stated,2423,1384,1039,1264,613,651,1159,771,388
10,209,araria,Urban,All ages,168777,89079,79698,67412,31004,36408,101365,58075,43290
10,209,araria,Urban,0-6,28185,14432,13753,28185,14432,13753,0,0,0
10,209,araria,Urban,7,4060,2089,1971,1415,717,698,2645,1372,1273
10,209,araria,Urban,8,5277,2738,2539,1158,569,589,4119,2169,1950
10,209,araria,Urban,9,3504,1835,1669,551,257,294,2953,1578,1375
10,209,araria,Urban,10,5678,3022,2656,980,506,474,4698,2516,2182
10,209,araria,Urban,11,3568,1865,1703,452,214,238,3116,1651,1465
10,209,araria,Urban,12,5155,2720,2435,724,340,384,4431,2380,2051
10,209,araria,Urban,13,3517,1781,1736,394,177,217,3123,1604,1519
10,209,araria,Urban,14,3894,2044,1850,497,219,278,3397,1825,1572
10,209,araria,Urban,15,3793,2008,1785,574,280,294,3219,1728,1491
10,209,araria,Urban,16,3542,1846,1696,542,255,287,3000,1591,1409
10,209,araria,Urban,17,2637,1407,1230,368,185,183,2269,1222,1047
10,209,araria,Urban,18,4205,2399,1806,817,398,419,3388,2001,1387
10,209,araria,Urban,19,2585,1345,1240,468,198,270,2117,1147,970
10,209,araria,Urban,20-24,14610,7716,6894,3420,1393,2027,11190,6323,4867
10,209,araria,Urban,25-29,13419,6919,6500,3784,1464,2320,9635,5455,4180
10,209,araria,Urban,30-34,11756,6053,5703,3674,1482,2192,8082,4571,3511
10,209,araria,Urban,35-39,11215,5904,5311,3824,1555,2269,7391,4349,3042
10,209,araria,Urban,40-44,9139,5057,4082,3256,1424,1832,5883,3633,2250
10,209,araria,Urban,45-49,7741,4185,3556,2804,1098,1706,4937,3087,1850
10,209,araria,Urban,50-54,5879,3273,2606,2310,968,1342,3569,2305,1264
10,209,araria,Urban,55-59,4746,2488,2258,1925,675,1250,2821,1813,1008
10,209,araria,Urban,60-64,4346,2393,1953,2132,874,1258,2214,1519,695
10,209,araria,Urban,65-69,2991,1673,1318,1491,617,874,1500,1056,444
10,209,araria,Urban,70-74,1705,981,724,896,389,507,809,592,217
10,209,araria,Urban,75-79,703,396,307,320,133,187,383,263,120
10,209,araria,Urban,80+,827,438,389,411,160,251,416,278,138
10,209,araria,Urban,Age not stated,100,72,28,40,25,15,60,47,13
10,210,kishanganj,Total,All ages,1690400,866970,823430,945344,427049,518295,745056,439921,305135
10,210,kishanganj,Total,0-6,346904,175962,170942,346904,175962,170942,0,0,0
10,210,kishanganj,Total,7,46511,23476,23035,18329,8900,9429,28182,14576,13606
10,210,kishanganj,Total,8,60973,30925,30048,14281,6824,7457,46692,24101,22591
10,210,kishanganj,Total,9,41536,21182,20354,8039,3772,4267,33497,17410,16087
10,210,kishanganj,Total,10,64220,33313,30907,11698,5539,6159,52522,27774,24748
10,210,kishanganj,Total,11,39439,20077,19362,6575,3023,3552,32864,17054,15810
10,210,kishanganj,Total,12,54520,27773,26747,9037,4083,4954,45483,23690,21793
10,210,kishanganj,Total,13,36867,18429,18438,6524,2939,3585,30343,15490,14853
10,210,kishanganj,Total,14,40528,20360,20168,8260,3750,4510,32268,16610,15658
10,210,kishanganj,Total,15,38364,19657,18707,9830,4432,5398,28534,15225,13309
10,210,kishanganj,Total,16,38838,20075,18763,11007,4913,6094,27831,15162,12669
10,210,kishanganj,Total,17,24306,12716,11590,7133,3237,3896,17173,9479,7694
10,210,kishanganj,Total,18,40551,22227,18324,14369,6570,7799,26182,15657,10525
10,210,kishanganj,Total,19,22267,11570,10697,7996,3366,4630,14271,8204,6067
10,210,kishanganj,Total,20-24,126113,66333,59780,53421,21701,31720,72692,44632,28060
10,210,kishanganj,Total,25-29,117678,58917,58761,59438,22949,36489,58240,35968,22272
10,210,kishanganj,Total,30-34,102972,50634,52338,57788,22274,35514,45184,28360,16824
10,210,kishanganj,Total,35-39,101549,50895,50654,61402,24334,37068,40147,26561,13586
10,210,kishanganj,Total,40-44,85148,44386,40762,53951,22582,31369,31197,21804,9393
10,210,kishanganj,Total,45-49,71445,37834,33611,46610,19730,26880,24835,18104,6731
10,210,kishanganj,Total,50-54,54157,29541,24616,36294,16016,20278,17863,13525,4338
10,210,kishanganj,Total,55-59,39926,20595,19331,27126,10858,16268,12800,9737,3063
10,210,kishanganj,Total,60-64,39444,20485,18959,28249,11692,16557,11195,8793,2402
10,210,kishanganj,Total,65-69,26147,13627,12520,19037,7906,11131,7110,5721,1389
10,210,kishanganj,Total,70-74,15764,8450,7314,11952,5283,6669,3812,3167,645
10,210,kishanganj,Total,75-79,5657,2956,2701,4154,1752,2402,1503,1204,299
10,210,kishanganj,Total,80+,7352,3874,3478,5370,2392,2978,1982,1482,500
10,210,kishanganj,Total,Age not stated,1224,701,523,570,270,300,654,431,223
10,210,kishanganj,Rural,All ages,1529277,783318,745959,879811,397008,482803,649466,386310,263156
10,210,kishanganj,Rural,0-6,320066,162319,157747,320066,162319,157747,0,0,0
10,210,kishanganj,Rural,7,42598,21487,21111,17201,8356,8845,25397,13131,12266
10,210,kishanganj,Rural,8,56321,28542,27779,13473,6428,7045,42848,22114,20734
10,210,kishanganj,Rural,9,38042,19463,18579,7551,3548,4003,30491,15915,14576
10,210,kishanganj,Rural,10,59225,30697,28528,11002,5168,5834,48223,25529,22694
10,210,kishanganj,Rural,11,35745,18199,17546,6140,2830,3310,29605,15369,14236
10,210,kishanganj,Rural,12,49997,25523,24474,8524,3842,4682,41473,21681,19792
10,210,kishanganj,Rural,13,33375,16706,16669,6146,2771,3375,27229,13935,13294
10,210,kishanganj,Rural,14,36857,18510,18347,7794,3510,4284,29063,15000,14063
10,210,kishanganj,Rural,15,34748,17761,16987,9267,4145,5122,25481,13616,11865
10,210,kishanganj,Rural,16,35091,18103,16988,10417,4615,5802,24674,13488,11186
10,210,kishanganj,Rural,17,21506,11233,10273,6747,3044,3703,14759,8189,6570
10,210,kishanganj,Rural,18,36469,20002,16467,13500,6140,7360,22969,13862,9107
10,210,kishanganj,Rural,19,19755,10232,9523,7504,3135,4369,12251,7097,5154
10,210,kishanganj,Rural,20-24,112378,59208,53170,50080,20353,29727,62298,38855,23443
10,210,kishanganj,Rural,25-29,105098,52586,52512,55781,21500,34281,49317,31086,18231
10,210,kishanganj,Rural,30-34,92062,45116,46946,54247,20871,33376,37815,24245,13570
10,210,kishanganj,Rural,35-39,90910,45397,45513,57517,22782,34735,33393,22615,10778
10,210,kishanganj,Rural,40-44,76244,39611,36633,50446,21128,29318,25798,18483,7315
10,210,kishanganj,Rural,45-49,63878,33775,30103,43516,18456,25060,20362,15319,5043
10,210,kishanganj,Rural,50-54,48025,26135,21890,33587,14862,18725,14438,11273,3165
10,210,kishanganj,Rural,55-59,35505,18159,17346,25304,10149,15155,10201,8010,2191
10,210,kishanganj,Rural,60-64,35320,18237,17083,26142,10811,15331,9178,7426,1752
10,210,kishanganj,Rural,65-69,23562,12204,11358,17696,7335,10361,5866,4869,997
10,210,kishanganj,Rural,70-74,13978,7454,6524,10955,4862,6093,3023,2592,431
10,210,kishanganj,Rural,75-79,4999,2604,2395,3847,1625,2222,1152,979,173
10,210,kishanganj,Rural,80+,6451,3428,3023,4858,2183,2675,1593,1245,348
10,210,kishanganj,Rural,Age not stated,1072,627,445,503,240,263,569,387,182
10,210,kishanganj,Urban,All ages,161123,83652,77471,65533,30041,35492,95590,53611,41979
10,210,kishanganj,Urban,0-6,26838,13643,13195,26838,13643,13195,0,0,0
10,210,kishanganj,Urban,7,3913,1989,1924,1128,544,584,2785,1445,1340
10,210,kishanganj,Urban,8,4652,2383,2269,808,396,412,3844,1987,1857
10,210,kishanganj,Urban,9,3494,1719,1775,488,224,264,3006,1495,1511
10,210,kishanganj,Urban,10,4995,2616,2379,696,371,325,4299,2245,2054
10,210,kishanganj,Urban,11,3694,1878,1816,435,193,242,3259,1685,1574
10,210,kishanganj,Urban,12,4523,2250,2273,513,241,272,4010,2009,2001
10,210,kishanganj,Urban,13,3492,1723,1769,378,168,210,3114,1555,1559
10,210,kishanganj,Urban,14,3671,1850,1821,466,240,226,3205,1610,1595
10,210,kishanganj,Urban,15,3616,1896,1720,563,287,276,3053,1609,1444
10,210,kishanganj,Urban,16,3747,1972,1775,590,298,292,3157,1674,1483
10,210,kishanganj,Urban,17,2800,1483,1317,386,193,193,2414,1290,1124
10,210,kishanganj,Urban,18,4082,2225,1857,869,430,439,3213,1795,1418
10,210,kishanganj,Urban,19,2512,1338,1174,492,231,261,2020,1107,913
10,210,kishanganj,Urban,20-24,13735,7125,6610,3341,1348,1993,10394,5777,4617
10,210,kishanganj,Urban,25-29,12580,6331,6249,3657,1449,2208,8923,4882,4041
10,210,kishanganj,Urban,30-34,10910,5518,5392,3541,1403,2138,7369,4115,3254
10,210,kishanganj,Urban,35-39,10639,5498,5141,3885,1552,2333,6754,3946,2808
10,210,kishanganj,Urban,40-44,8904,4775,4129,3505,1454,2051,5399,3321,2078
10,210,kishanganj,Urban,45-49,7567,4059,3508,3094,1274,1820,4473,2785,1688
10,210,kishanganj,Urban,50-54,6132,3406,2726,2707,1154,1553,3425,2252,1173
10,210,kishanganj,Urban,55-59,4421,2436,1985,1822,709,1113,2599,1727,872
10,210,kishanganj,Urban,60-64,4124,2248,1876,2107,881,1226,2017,1367,650
10,210,kishanganj,Urban,65-69,2585,1423,1162,1341,571,770,1244,852,392
10,210,kishanganj,Urban,70-74,1786,996,790,997,421,576,789,575,214
10,210,kishanganj,Urban,75-79,658,352,306,307,127,180,351,225,126
10,210,kishanganj,Urban,80+,901,446,455,512,209,303,389,237,152
10,210,kishanganj,Urban,Age not stated,152,74,78,67,30,37,85,44,41
10,211,purnia,Total,All ages,3264619,1699370,1565249,1932293,894109,1038184,1332326,805261,527065
10,211,purnia,Total,0-6,656510,335955,320555,656510,335955,320555,0,0,0
10,211,purnia,Total,7,91779,46751,45028,40802,19847,20955,50977,26904,24073
10,211,purnia,Total,8,110030,56447,53583,35806,17281,18525,74224,39166,35058
10,211,purnia,Total,9,83014,42699,40315,22757,10740,12017,60257,31959,28298
10,211,purnia,Total,10,122592,63898,58694,33134,15734,17400,89458,48164,41294
10,211,purnia,Total,11,80427,41965,38462,19863,9249,10614,60564,32716,27848
10,211,purnia,Total,12,99550,52642,46908,24691,11482,13209,74859,41160,33699
10,211,purnia,Total,13,68026,35225,32801,16156,7367,8789,51870,27858,24012
10,211,purnia,Total,14,69096,36799,32297,18929,8707,10222,50167,28092,22075
10,211,purnia,Total,15,72762,40644,32118,23248,11512,11736,49514,29132,20382
10,211,purnia,Total,16,61310,34585,26725,20412,10097,10315,40898,24488,16410
10,211,purnia,Total,17,43177,24628,18549,14673,7083,7590,28504,17545,10959
10,211,purnia,Total,18,67086,38624,28462,27081,12826,14255,40005,25798,14207
10,211,purnia,Total,19,46312,23196,23116,19930,7415,12515,26382,15781,10601
10,211,purnia,Total,20-24,250487,127770,122717,123250,48452,74798,127237,79318,47919
10,211,purnia,Total,25-29,233354,116778,116576,129109,52003,77106,104245,64775,39470
10,211,purnia,Total,30-34,210625,105052,105573,123074,50232,72842,87551,54820,32731
10,211,purnia,Total,35-39,196360,101605,94755,118904,51246,67658,77456,50359,27097
10,211,purnia,Total,40-44,158445,84082,74363,100097,44472,55625,58348,39610,18738
10,211,purnia,Total,45-49,131126,69165,61961,85747,37764,47983,45379,31401,13978
10,211,purnia,Total,50-54,100611,54938,45673,67465,31232,36233,33146,23706,9440
10,211,purnia,Total,55-59,80476,40235,40241,54790,22085,32705,25686,18150,7536
10,211,purnia,Total,60-64,80592,42415,38177,57142,25123,32019,23450,17292,6158
10,211,purnia,Total,65-69,53293,29349,23944,37603,17238,20365,15690,12111,3579
10,211,purnia,Total,70-74,30889,17955,12934,22044,10949,11095,8845,7006,1839
10,211,purnia,Total,75-79,11268,6225,5043,7579,3373,4206,3689,2852,837
10,211,purnia,Total,80+,15563,8534,7029,10127,4674,5453,5436,3860,1576
10,211,purnia,Total,Age not stated,39859,21209,18650,21370,9971,11399,18489,11238,7251
10,211,purnia,Rural,All ages,2921614,1519522,1402092,1799989,833009,966980,1121625,686513,435112
10,211,purnia,Rural,0-6,603149,308655,294494,603149,308655,294494,0,0,0
10,211,purnia,Rural,7,83672,42616,41056,38301,18606,19695,45371,24010,21361
10,211,purnia,Rural,8,101445,51974,49471,33789,16258,17531,67656,35716,31940
10,211,purnia,Rural,9,75599,38799,36800,21339,10014,11325,54260,28785,25475
10,211,purnia,Rural,10,112069,58395,53674,31056,14667,16389,81013,43728,37285
10,211,purnia,Rural,11,72394,37793,34601,18521,8596,9925,53873,29197,24676
10,211,purnia,Rural,12,90568,47970,42598,23304,10784,12520,67264,37186,30078
10,211,purnia,Rural,13,60878,31547,29331,15267,6909,8358,45611,24638,20973
10,211,purnia,Rural,14,61824,32871,28953,17854,8171,9683,43970,24700,19270
10,211,purnia,Rural,15,65201,36592,28609,21907,10810,11097,43294,25782,17512
10,211,purnia,Rural,16,54675,30976,23699,19398,9568,9830,35277,21408,13869
10,211,purnia,Rural,17,37443,21459,15984,13771,6602,7169,23672,14857,8815
10,211,purnia,Rural,18,59603,34501,25102,25569,12111,13458,34034,22390,11644
10,211,purnia,Rural,19,40515,20158,20357,18798,6949,11849,21717,13209,8508
10,211,purnia,Rural,20-24,220438,112192,108246,116063,45569,70494,104375,66623,37752
10,211,purnia,Rural,25-29,205741,102797,102944,121350,48890,72460,84391,53907,30484
10,211,purnia,Rural,30-34,186090,92568,93522,115883,47237,68646,70207,45331,24876
10,211,purnia,Rural,35-39,173386,89655,83731,111787,48263,63524,61599,41392,20207
10,211,purnia,Rural,40-44,139582,73869,65713,94051,41950,52101,45531,31919,13612
10,211,purnia,Rural,45-49,115323,60634,54689,80343,35540,44803,34980,25094,9886
10,211,purnia,Rural,50-54,88675,48305,40370,63230,29445,33785,25445,18860,6585
10,211,purnia,Rural,55-59,70733,35116,35617,51254,20837,30417,19479,14279,5200
10,211,purnia,Rural,60-64,71425,37553,33872,53221,23653,29568,18204,13900,4304
10,211,purnia,Rural,65-69,47326,26110,21216,34996,16242,18754,12330,9868,2462
10,211,purnia,Rural,70-74,27270,15843,11427,20427,10248,10179,6843,5595,1248
10,211,purnia,Rural,75-79,9729,5393,4336,6951,3153,3798,2778,2240,538
10,211,purnia,Rural,80+,13417,7415,6002,9205,4332,4873,4212,3083,1129
10,211,purnia,Rural,Age not stated,33444,17766,15678,19205,8950,10255,14239,8816,5423
10,211,purnia,Urban,All ages,343005,179848,163157,132304,61100,71204,210701,118748,91953
10,211,purnia,Urban,0-6,53361,27300,26061,53361,27300,26061,0,0,0
10,211,purnia,Urban,7,8107,4135,3972,2501,1241,1260,5606,2894,2712
10,211,purnia,Urban,8,8585,4473,4112,2017,1023,994,6568,3450,3118
10,211,purnia,Urban,9,7415,3900,3515,1418,726,692,5997,3174,2823
10,211,purnia,Urban,10,10523,5503,5020,2078,1067,1011,8445,4436,4009
10,211,purnia,Urban,11,8033,4172,3861,1342,653,689,6691,3519,3172
10,211,purnia,Urban,12,8982,4672,4310,1387,698,689,7595,3974,3621
10,211,purnia,Urban,13,7148,3678,3470,889,458,431,6259,3220,3039
10,211,purnia,Urban,14,7272,3928,3344,1075,536,539,6197,3392,2805
10,211,purnia,Urban,15,7561,4052,3509,1341,702,639,6220,3350,2870
10,211,purnia,Urban,16,6635,3609,3026,1014,529,485,5621,3080,2541
10,211,purnia,Urban,17,5734,3169,2565,902,481,421,4832,2688,2144
10,211,purnia,Urban,18,7483,4123,3360,1512,715,797,5971,3408,2563
10,211,purnia,Urban,19,5797,3038,2759,1132,466,666,4665,2572,2093
10,211,purnia,Urban,20-24,30049,15578,14471,7187,2883,4304,22862,12695,10167
10,211,purnia,Urban,25-29,27613,13981,13632,7759,3113,4646,19854,10868,8986
10,211,purnia,Urban,30-34,24535,12484,12051,7191,2995,4196,17344,9489,7855
10,211,purnia,Urban,35-39,22974,11950,11024,7117,2983,4134,15857,8967,6890
10,211,purnia,Urban,40-44,18863,10213,8650,6046,2522,3524,12817,7691,5126
10,211,purnia,Urban,45-49,15803,8531,7272,5404,2224,3180,10399,6307,4092
10,211,purnia,Urban,50-54,11936,6633,5303,4235,1787,2448,7701,4846,2855
10,211,purnia,Urban,55-59,9743,5119,4624,3536,1248,2288,6207,3871,2336
10,211,purnia,Urban,60-64,9167,4862,4305,3921,1470,2451,5246,3392,1854
10,211,purnia,Urban,65-69,5967,3239,2728,2607,996,1611,3360,2243,1117
10,211,purnia,Urban,70-74,3619,2112,1507,1617,701,916,2002,1411,591
10,211,purnia,Urban,75-79,1539,832,707,628,220,408,911,612,299
10,211,purnia,Urban,80+,2146,1119,1027,922,342,580,1224,777,447
10,211,purnia,Urban,Age not stated,6415,3443,2972,2165,1021,1144,4250,2422,1828
10,212,katihar,Total,All ages,3071029,1600430,1470599,1790839,838174,952665,1280190,762256,517934
10,212,katihar,Total,0-6,620332,316391,303941,620332,316391,303941,0,0,0
10,212,katihar,Total,7,84096,42773,41323,38400,18979,19421,45696,23794,21902
10,212,katihar,Total,8,106911,54951,51960,34105,16901,17204,72806,38050,34756
10,212,katihar,Total,9,75962,38855,37107,18923,9151,9772,57039,29704,27335
10,212,katihar,Total,10,115552,60129,55423,27819,13823,13996,87733,46306,41427
10,212,katihar,Total,11,72825,37618,35207,15092,7331,7761,57733,30287,27446
10,212,katihar,Total,12,97342,50543,46799,21282,10297,10985,76060,40246,35814
10,212,katihar,Total,13,66884,34375,32509,14432,6908,7524,52452,27467,24985
10,212,katihar,Total,14,68298,35992,32306,16442,8048,8394,51856,27944,23912
10,212,katihar,Total,15,68199,38092,30107,19714,10167,9547,48485,27925,20560
10,212,katihar,Total,16,60402,34335,26067,19109,10041,9068,41293,24294,16999
10,212,katihar,Total,17,40444,23553,16891,12897,6749,6148,27547,16804,10743
10,212,katihar,Total,18,66749,39299,27450,26127,13298,12829,40622,26001,14621
10,212,katihar,Total,19,42686,21970,20716,17127,6994,10133,25559,14976,10583
10,212,katihar,Total,20-24,242945,127163,115782,114384,47725,66659,128561,79438,49123
10,212,katihar,Total,25-29,224575,114052,110523,121051,50350,70701,103524,63702,39822
10,212,katihar,Total,30-34,197318,99018,98300,113971,47644,66327,83347,51374,31973
10,212,katihar,Total,35-39,186608,96222,90386,113577,49199,64378,73031,47023,26008
10,212,katihar,Total,40-44,150829,80445,70384,96105,43482,52623,54724,36963,17761
10,212,katihar,Total,45-49,125648,65988,59660,82820,36635,46185,42828,29353,13475
10,212,katihar,Total,50-54,97414,53308,44106,65168,30133,35035,32246,23175,9071
10,212,katihar,Total,55-59,75404,38440,36964,50784,20665,30119,24620,17775,6845
10,212,katihar,Total,60-64,72711,37648,35063,51831,22221,29610,20880,15427,5453
10,212,katihar,Total,65-69,48971,25778,23193,34954,14989,19965,14017,10789,3228
10,212,katihar,Total,70-74,31811,17409,14402,23451,10743,12708,8360,6666,1694
10,212,katihar,Total,75-79,12040,6366,5674,8518,3666,4852,3522,2700,822
10,212,katihar,Total,80+,15132,8116,7016,10804,4861,5943,4328,3255,1073
10,212,katihar,Total,Age not stated,2941,1601,1340,1620,783,837,1321,818,503
10,212,katihar,Rural,All ages,2797207,1455744,1341463,1697450,795660,901790,1099757,660084,439673
10,212,katihar,Rural,0-6,580024,295603,284421,580024,295603,284421,0,0,0
10,212,katihar,Rural,7,77961,39634,38327,36847,18186,18661,41114,21448,19666
10,212,katihar,Rural,8,99796,51204,48592,32845,16249,16596,66951,34955,31996
10,212,katihar,Rural,9,70655,36132,34523,18220,8826,9394,52435,27306,25129
10,212,katihar,Rural,10,107681,55993,51688,26720,13253,13467,80961,42740,38221
10,212,katihar,Rural,11,67044,34607,32437,14498,7039,7459,52546,27568,24978
10,212,katihar,Rural,12,90251,46874,43377,20534,9911,10623,69717,36963,32754
10,212,katihar,Rural,13,61051,31387,29664,13909,6628,7281,47142,24759,22383
10,212,katihar,Rural,14,62121,32776,29345,15815,7729,8086,46306,25047,21259
10,212,katihar,Rural,15,62016,34724,27292,19006,9762,9244,43010,24962,18048
10,212,katihar,Rural,16,54616,31272,23344,18390,9649,8741,36226,21623,14603
10,212,katihar,Rural,17,35705,20994,14711,12317,6444,5873,23388,14550,8838
10,212,katihar,Rural,18,60014,35570,24444,25007,12734,12273,35007,22836,12171
10,212,katihar,Rural,19,37885,19393,18492,16414,6691,9723,21471,12702,8769
10,212,katihar,Rural,20-24,217681,113590,104091,109864,45820,64044,107817,67770,40047
10,212,katihar,Rural,25-29,201628,102191,99437,116070,48389,67681,85558,53802,31756
10,212,katihar,Rural,30-34,177199,88619,88580,109194,45784,63410,68005,42835,25170
10,212,katihar,Rural,35-39,167688,86234,81454,108477,47169,61308,59211,39065,20146
10,212,katihar,Rural,40-44,134965,71920,63045,91453,41653,49800,43512,30267,13245
10,212,katihar,Rural,45-49,112436,58905,53531,78753,35075,43678,33683,23830,9853
10,212,katihar,Rural,50-54,86859,47343,39516,61826,28826,33000,25033,18517,6516
10,212,katihar,Rural,55-59,67049,33886,33163,48078,19801,28277,18971,14085,4886
10,212,katihar,Rural,60-64,65536,33919,31617,48902,21221,27681,16634,12698,3936
10,212,katihar,Rural,65-69,44080,23114,20966,32910,14288,18622,11170,8826,2344
10,212,katihar,Rural,70-74,28499,15574,12925,21890,10153,11737,6609,5421,1188
10,212,katihar,Rural,75-79,10659,5598,5061,7952,3453,4499,2707,2145,562
10,212,katihar,Rural,80+,13568,7306,6262,10037,4598,5439,3531,2708,823
10,212,katihar,Rural,Age not stated,2540,1382,1158,1498,726,772,1042,656,386
10,212,katihar,Urban,All ages,273822,144686,129136,93389,42514,50875,180433,102172,78261
10,212,katihar,Urban,0-6,40308,20788,19520,40308,20788,19520,0,0,0
10,212,katihar,Urban,7,6135,3139,2996,1553,793,760,4582,2346,2236
10,212,katihar,Urban,8,7115,3747,3368,1260,652,608,5855,3095,2760
10,212,katihar,Urban,9,5307,2723,2584,703,325,378,4604,2398,2206
10,212,katihar,Urban,10,7871,4136,3735,1099,570,529,6772,3566,3206
10,212,katihar,Urban,11,5781,3011,2770,594,292,302,5187,2719,2468
10,212,katihar,Urban,12,7091,3669,3422,748,386,362,6343,3283,3060
10,212,katihar,Urban,13,5833,2988,2845,523,280,243,5310,2708,2602
10,212,katihar,Urban,14,6177,3216,2961,627,319,308,5550,2897,2653
10,212,katihar,Urban,15,6183,3368,2815,708,405,303,5475,2963,2512
10,212,katihar,Urban,16,5786,3063,2723,719,392,327,5067,2671,2396
10,212,katihar,Urban,17,4739,2559,2180,580,305,275,4159,2254,1905
10,212,katihar,Urban,18,6735,3729,3006,1120,564,556,5615,3165,2450
10,212,katihar,Urban,19,4801,2577,2224,713,303,410,4088,2274,1814
10,212,katihar,Urban,20-24,25264,13573,11691,4520,1905,2615,20744,11668,9076
10,212,katihar,Urban,25-29,22947,11861,11086,4981,1961,3020,17966,9900,8066
10,212,katihar,Urban,30-34,20119,10399,9720,4777,1860,2917,15342,8539,6803
10,212,katihar,Urban,35-39,18920,9988,8932,5100,2030,3070,13820,7958,5862
10,212,katihar,Urban,40-44,15864,8525,7339,4652,1829,2823,11212,6696,4516
10,212,katihar,Urban,45-49,13212,7083,6129,4067,1560,2507,9145,5523,3622
10,212,katihar,Urban,50-54,10555,5965,4590,3342,1307,2035,7213,4658,2555
10,212,katihar,Urban,55-59,8355,4554,3801,2706,864,1842,5649,3690,1959
10,212,katihar,Urban,60-64,7175,3729,3446,2929,1000,1929,4246,2729,1517
10,212,katihar,Urban,65-69,4891,2664,2227,2044,701,1343,2847,1963,884
10,212,katihar,Urban,70-74,3312,1835,1477,1561,590,971,1751,1245,506
10,212,katihar,Urban,75-79,1381,768,613,566,213,353,815,555,260
10,212,katihar,Urban,80+,1564,810,754,767,263,504,797,547,250
10,212,katihar,Urban,Age not stated,401,219,182,122,57,65,279,162,117
10,213,madhepura,Total,All ages,2001762,1047559,954203,1167185,529893,637292,834577,517666,316911
10,213,madhepura,Total,0-6,404576,209571,195005,404576,209571,195005,0,0,0
10,213,madhepura,Total,7,56224,28847,27377,25411,12441,12970,30813,16406,14407
10,213,madhepura,Total,8,73774,37810,35964,22792,10742,12050,50982,27068,23914
10,213,madhepura,Total,9,51122,26460,24662,13839,6555,7284,37283,19905,17378
10,213,madhepura,Total,10,80564,42412,38152,20664,9740,10924,59900,32672,27228
10,213,madhepura,Total,11,46240,24603,21637,10703,4933,5770,35537,19670,15867
10,213,madhepura,Total,12,61961,33376,28585,13292,6005,7287,48669,27371,21298
10,213,madhepura,Total,13,39164,21071,18093,8167,3632,4535,30997,17439,13558
10,213,madhepura,Total,14,39864,21717,18147,9122,4115,5007,30742,17602,13140
10,213,madhepura,Total,15,40887,23989,16898,10850,5494,5356,30037,18495,11542
10,213,madhepura,Total,16,33633,20116,13517,9206,4674,4532,24427,15442,8985
10,213,madhepura,Total,17,21175,12717,8458,5939,2957,2982,15236,9760,5476
10,213,madhepura,Total,18,37513,22364,15149,13236,6001,7235,24277,16363,7914
10,213,madhepura,Total,19,24902,12249,12653,10019,3208,6811,14883,9041,5842
10,213,madhepura,Total,20-24,150313,73582,76731,72921,24732,48189,77392,48850,28542
10,213,madhepura,Total,25-29,149859,74348,75511,82138,30992,51146,67721,43356,24365
10,213,madhepura,Total,30-34,138982,69539,69443,79257,30939,48318,59725,38600,21125
10,213,madhepura,Total,35-39,125070,65724,59346,73373,30831,42542,51697,34893,16804
10,213,madhepura,Total,40-44,98141,52892,45249,60165,26362,33803,37976,26530,11446
10,213,madhepura,Total,45-49,82042,43204,38838,52984,22480,30504,29058,20724,8334
10,213,madhepura,Total,50-54,62735,34160,28575,41910,19038,22872,20825,15122,5703
10,213,madhepura,Total,55-59,53088,25855,27233,36580,13920,22660,16508,11935,4573
10,213,madhepura,Total,60-64,53330,28433,24897,37569,16690,20879,15761,11743,4018
10,213,madhepura,Total,65-69,34388,18778,15610,23656,10443,13213,10732,8335,2397
10,213,madhepura,Total,70-74,21315,12292,9023,15101,7283,7818,6214,5009,1205
10,213,madhepura,Total,75-79,7819,4290,3529,5397,2367,3030,2422,1923,499
10,213,madhepura,Total,80+,9707,5206,4501,6744,2975,3769,2963,2231,732
10,213,madhepura,Total,Age not stated,3374,1954,1420,1574,773,801,1800,1181,619
10,213,madhepura,Rural,All ages,1913301,1000760,912541,1133220,514553,618667,780081,486207,293874
10,213,madhepura,Rural,0-6,390262,202199,188063,390262,202199,188063,0,0,0
10,213,madhepura,Rural,7,54111,27781,26330,24737,12107,12630,29374,15674,13700
10,213,madhepura,Rural,8,71196,36483,34713,22317,10519,11798,48879,25964,22915
10,213,madhepura,Rural,9,49202,25476,23726,13521,6393,7128,35681,19083,16598
10,213,madhepura,Rural,10,77623,40778,36845,20183,9480,10703,57440,31298,26142
10,213,madhepura,Rural,11,44202,23500,20702,10409,4780,5629,33793,18720,15073
10,213,madhepura,Rural,12,59469,32016,27453,13019,5872,7147,46450,26144,20306
10,213,madhepura,Rural,13,37382,20120,17262,7961,3537,4424,29421,16583,12838
10,213,madhepura,Rural,14,37982,20738,17244,8916,4016,4900,29066,16722,12344
10,213,madhepura,Rural,15,38916,22874,16042,10568,5343,5225,28348,17531,10817
10,213,madhepura,Rural,16,31858,19169,12689,8949,4540,4409,22909,14629,8280
10,213,madhepura,Rural,17,19777,11912,7865,5778,2863,2915,13999,9049,4950
10,213,madhepura,Rural,18,35505,21198,14307,12871,5815,7056,22634,15383,7251
10,213,madhepura,Rural,19,23442,11454,11988,9759,3103,6656,13683,8351,5332
10,213,madhepura,Rural,20-24,142847,69781,73066,71261,24144,47117,71586,45637,25949
10,213,madhepura,Rural,25-29,142726,70733,71993,80015,30225,49790,62711,40508,22203
10,213,madhepura,Rural,30-34,132398,66210,66188,77238,30125,47113,55160,36085,19075
10,213,madhepura,Rural,35-39,118979,62586,56393,71528,30127,41401,47451,32459,14992
10,213,madhepura,Rural,40-44,93025,50025,43000,58556,25699,32857,34469,24326,10143
10,213,madhepura,Rural,45-49,77906,40910,36996,51565,21932,29633,26341,18978,7363
10,213,madhepura,Rural,50-54,59562,32398,27164,40730,18570,22160,18832,13828,5004
10,213,madhepura,Rural,55-59,50509,24493,26016,35525,13573,21952,14984,10920,4064
10,213,madhepura,Rural,60-64,51017,27165,23852,36518,16285,20233,14499,10880,3619
10,213,madhepura,Rural,65-69,32963,17985,14978,23038,10227,12811,9925,7758,2167
10,213,madhepura,Rural,70-74,20427,11804,8623,14675,7113,7562,5752,4691,1061
10,213,madhepura,Rural,75-79,7457,4100,3357,5245,2319,2926,2212,1781,431
10,213,madhepura,Rural,80+,9239,4951,4288,6524,2889,3635,2715,2062,653
10,213,madhepura,Rural,Age not stated,3319,1921,1398,1552,758,794,1767,1163,604
10,213,madhepura,Urban,All ages,88461,46799,41662,33965,15340,18625,54496,31459,23037
10,213,madhepura,Urban,0-6,14314,7372,6942,14314,7372,6942,0,0,0
10,213,madhepura,Urban,7,2113,1066,1047,674,334,340,1439,732,707
10,213,madhepura,Urban,8,2578,1327,1251,475,223,252,2103,1104,999
10,213,madhepura,Urban,9,1920,984,936,318,162,156,1602,822,780
10,213,madhepura,Urban,10,2941,1634,1307,481,260,221,2460,1374,1086
10,213,madhepura,Urban,11,2038,1103,935,294,153,141,1744,950,794
10,213,madhepura,Urban,12,2492,1360,1132,273,133,140,2219,1227,992
10,213,madhepura,Urban,13,1782,951,831,206,95,111,1576,856,720
10,213,madhepura,Urban,14,1882,979,903,206,99,107,1676,880,796
10,213,madhepura,Urban,15,1971,1115,856,282,151,131,1689,964,725
10,213,madhepura,Urban,16,1775,947,828,257,134,123,1518,813,705
10,213,madhepura,Urban,17,1398,805,593,161,94,67,1237,711,526
10,213,madhepura,Urban,18,2008,1166,842,365,186,179,1643,980,663
10,213,madhepura,Urban,19,1460,795,665,260,105,155,1200,690,510
10,213,madhepura,Urban,20-24,7466,3801,3665,1660,588,1072,5806,3213,2593
10,213,madhepura,Urban,25-29,7133,3615,3518,2123,767,1356,5010,2848,2162
10,213,madhepura,Urban,30-34,6584,3329,3255,2019,814,1205,4565,2515,2050
10,213,madhepura,Urban,35-39,6091,3138,2953,1845,704,1141,4246,2434,1812
10,213,madhepura,Urban,40-44,5116,2867,2249,1609,663,946,3507,2204,1303
10,213,madhepura,Urban,45-49,4136,2294,1842,1419,548,871,2717,1746,971
10,213,madhepura,Urban,50-54,3173,1762,1411,1180,468,712,1993,1294,699
10,213,madhepura,Urban,55-59,2579,1362,1217,1055,347,708,1524,1015,509
10,213,madhepura,Urban,60-64,2313,1268,1045,1051,405,646,1262,863,399
10,213,madhepura,Urban,65-69,1425,793,632,618,216,402,807,577,230
10,213,madhepura,Urban,70-74,888,488,400,426,170,256,462,318,144
10,213,madhepura,Urban,75-79,362,190,172,152,48,104,210,142,68
10,213,madhepura,Urban,80+,468,255,213,220,86,134,248,169,79
10,213,madhepura,Urban,Age not stated,55,33,22,22,15,7,33,18,15
10,214,saharsa,Total,All ages,1900661,997174,903487,1095665,490800,604865,804996,506374,298622
10,214,saharsa,Total,0-6,387479,200497,186982,387479,200497,186982,0,0,0
10,214,saharsa,Total,7,51045,26519,24526,23737,11402,12335,27308,15117,12191
10,214,saharsa,Total,8,72923,37868,35055,24410,11390,13020,48513,26478,22035
10,214,saharsa,Total,9,44500,23291,21209,12400,5717,6683,32100,17574,14526
10,214,saharsa,Total,10,76463,40710,35753,20207,9123,11084,56256,31587,24669
10,214,saharsa,Total,11,40518,21841,18677,9383,4202,5181,31135,17639,13496
10,214,saharsa,Total,12,60429,32810,27619,14218,6256,7962,46211,26554,19657
10,214,saharsa,Total,13,36537,19806,16731,8023,3431,4592,28514,16375,12139
10,214,saharsa,Total,14,38598,21681,16917,9342,4243,5099,29256,17438,11818
10,214,saharsa,Total,15,37907,22607,15300,10295,5110,5185,27612,17497,10115
10,214,saharsa,Total,16,31827,19277,12550,8844,4459,4385,22983,14818,8165
10,214,saharsa,Total,17,20186,12065,8121,5599,2605,2994,14587,9460,5127
10,214,saharsa,Total,18,37752,22106,15646,13589,5936,7653,24163,16170,7993
10,214,saharsa,Total,19,23021,11200,11821,9031,2724,6307,13990,8476,5514
10,214,saharsa,Total,20-24,147119,72673,74446,69420,23254,46166,77699,49419,28280
10,214,saharsa,Total,25-29,143388,72283,71105,73962,27462,46500,69426,44821,24605
10,214,saharsa,Total,30-34,130181,65813,64368,70128,26990,43138,60053,38823,21230
10,214,saharsa,Total,35-39,116093,60553,55540,65308,26493,38815,50785,34060,16725
10,214,saharsa,Total,40-44,92822,50078,42744,54504,23446,31058,38318,26632,11686
10,214,saharsa,Total,45-49,76767,40339,36428,47314,19745,27569,29453,20594,8859
10,214,saharsa,Total,50-54,58806,31927,26879,37774,16845,20929,21032,15082,5950
10,214,saharsa,Total,55-59,49404,23998,25406,32540,11868,20672,16864,12130,4734
10,214,saharsa,Total,60-64,51055,26562,24493,35459,14927,20532,15596,11635,3961
10,214,saharsa,Total,65-69,33950,18022,15928,23529,9968,13561,10421,8054,2367
10,214,saharsa,Total,70-74,21301,11945,9356,15063,6958,8105,6238,4987,1251
10,214,saharsa,Total,75-79,8691,4537,4154,5954,2386,3568,2737,2151,586
10,214,saharsa,Total,80+,10663,5432,5231,7636,3114,4522,3027,2318,709
10,214,saharsa,Total,Age not stated,1236,734,502,517,249,268,719,485,234
10,214,saharsa,Rural,All ages,1744121,913883,830238,1038044,464789,573255,706077,449094,256983
10,214,saharsa,Rural,0-6,361731,187056,174675,361731,187056,174675,0,0,0
10,214,saharsa,Rural,7,47394,24604,22790,22509,10804,11705,24885,13800,11085
10,214,saharsa,Rural,8,68045,35252,32793,23267,10802,12465,44778,24450,20328
10,214,saharsa,Rural,9,41514,21731,19783,11924,5489,6435,29590,16242,13348
10,214,saharsa,Rural,10,71339,37943,33396,19216,8636,10580,52123,29307,22816
10,214,saharsa,Rural,11,37500,20212,17288,9033,4046,4987,28467,16166,12301
10,214,saharsa,Rural,12,55919,30418,25501,13540,5937,7603,42379,24481,17898
10,214,saharsa,Rural,13,33526,18270,15256,7732,3294,4438,25794,14976,10818
10,214,saharsa,Rural,14,35113,19766,15347,8909,4023,4886,26204,15743,10461
10,214,saharsa,Rural,15,34558,20675,13883,9803,4838,4965,24755,15837,8918
10,214,saharsa,Rural,16,28782,17583,11199,8459,4256,4203,20323,13327,6996
10,214,saharsa,Rural,17,17799,10743,7056,5313,2468,2845,12486,8275,4211
10,214,saharsa,Rural,18,34064,20000,14064,12911,5623,7288,21153,14377,6776
10,214,saharsa,Rural,19,20669,9998,10671,8651,2603,6048,12018,7395,4623
10,214,saharsa,Rural,20-24,133580,65690,67890,66499,22236,44263,67081,43454,23627
10,214,saharsa,Rural,25-29,130412,65637,64775,70810,26327,44483,59602,39310,20292
10,214,saharsa,Rural,30-34,118414,59719,58695,67088,25857,41231,51326,33862,17464
10,214,saharsa,Rural,35-39,105526,54925,50601,62473,25409,37064,43053,29516,13537
10,214,saharsa,Rural,40-44,84104,45265,38839,52185,22537,29648,31919,22728,9191
10,214,saharsa,Rural,45-49,69628,36529,33099,45242,19013,26229,24386,17516,6870
10,214,saharsa,Rural,50-54,53177,28883,24294,35966,16195,19771,17211,12688,4523
10,214,saharsa,Rural,55-59,44576,21442,23134,30872,11353,19519,13704,10089,3615
10,214,saharsa,Rural,60-64,46810,24209,22601,33746,14294,19452,13064,9915,3149
10,214,saharsa,Rural,65-69,31323,16508,14815,22408,9502,12906,8915,7006,1909
10,214,saharsa,Rural,70-74,19664,10994,8670,14342,6672,7670,5322,4322,1000
10,214,saharsa,Rural,75-79,8013,4165,3848,5690,2292,3398,2323,1873,450
10,214,saharsa,Rural,80+,9819,5006,4813,7250,3002,4248,2569,2004,565
10,214,saharsa,Rural,Age not stated,1122,660,462,475,225,250,647,435,212
10,214,saharsa,Urban,All ages,156540,83291,73249,57621,26011,31610,98919,57280,41639
10,214,saharsa,Urban,0-6,25748,13441,12307,25748,13441,12307,0,0,0
10,214,saharsa,Urban,7,3651,1915,1736,1228,598,630,2423,1317,1106
10,214,saharsa,Urban,8,4878,2616,2262,1143,588,555,3735,2028,1707
10,214,saharsa,Urban,9,2986,1560,1426,476,228,248,2510,1332,1178
10,214,saharsa,Urban,10,5124,2767,2357,991,487,504,4133,2280,1853
10,214,saharsa,Urban,11,3018,1629,1389,350,156,194,2668,1473,1195
10,214,saharsa,Urban,12,4510,2392,2118,678,319,359,3832,2073,1759
10,214,saharsa,Urban,13,3011,1536,1475,291,137,154,2720,1399,1321
10,214,saharsa,Urban,14,3485,1915,1570,433,220,213,3052,1695,1357
10,214,saharsa,Urban,15,3349,1932,1417,492,272,220,2857,1660,1197
10,214,saharsa,Urban,16,3045,1694,1351,385,203,182,2660,1491,1169
10,214,saharsa,Urban,17,2387,1322,1065,286,137,149,2101,1185,916
10,214,saharsa,Urban,18,3688,2106,1582,678,313,365,3010,1793,1217
10,214,saharsa,Urban,19,2352,1202,1150,380,121,259,1972,1081,891
10,214,saharsa,Urban,20-24,13539,6983,6556,2921,1018,1903,10618,5965,4653
10,214,saharsa,Urban,25-29,12976,6646,6330,3152,1135,2017,9824,5511,4313
10,214,saharsa,Urban,30-34,11767,6094,5673,3040,1133,1907,8727,4961,3766
10,214,saharsa,Urban,35-39,10567,5628,4939,2835,1084,1751,7732,4544,3188
10,214,saharsa,Urban,40-44,8718,4813,3905,2319,909,1410,6399,3904,2495
10,214,saharsa,Urban,45-49,7139,3810,3329,2072,732,1340,5067,3078,1989
10,214,saharsa,Urban,50-54,5629,3044,2585,1808,650,1158,3821,2394,1427
10,214,saharsa,Urban,55-59,4828,2556,2272,1668,515,1153,3160,2041,1119
10,214,saharsa,Urban,60-64,4245,2353,1892,1713,633,1080,2532,1720,812
10,214,saharsa,Urban,65-69,2627,1514,1113,1121,466,655,1506,1048,458
10,214,saharsa,Urban,70-74,1637,951,686,721,286,435,916,665,251
10,214,saharsa,Urban,75-79,678,372,306,264,94,170,414,278,136
10,214,saharsa,Urban,80+,844,426,418,386,112,274,458,314,144
10,214,saharsa,Urban,Age not stated,114,74,40,42,24,18,72,50,22
10,215,darbhanga,Total,All ages,3937385,2059949,1877436,2120751,934383,1186368,1816634,1125566,691068
10,215,darbhanga,Total,0-6,725482,375682,349800,725482,375682,349800,0,0,0
10,215,darbhanga,Total,7,106133,55159,50974,44760,21708,23052,61373,33451,27922
10,215,darbhanga,Total,8,127481,66164,61317,38550,17945,20605,88931,48219,40712
10,215,darbhanga,Total,9,92821,48676,44145,23294,10638,12656,69527,38038,31489
10,215,darbhanga,Total,10,145111,76665,68446,36282,16622,19660,108829,60043,48786
10,215,darbhanga,Total,11,90693,48203,42490,19249,8518,10731,71444,39685,31759
10,215,darbhanga,Total,12,122020,64876,57144,26622,11617,15005,95398,53259,42139
10,215,darbhanga,Total,13,84209,44100,40109,17241,7284,9957,66968,36816,30152
10,215,darbhanga,Total,14,88498,47000,41498,19834,8453,11381,68664,38547,30117
10,215,darbhanga,Total,15,91357,50655,40702,23762,10950,12812,67595,39705,27890
10,215,darbhanga,Total,16,77372,43552,33820,20418,9585,10833,56954,33967,22987
10,215,darbhanga,Total,17,54761,31606,23155,14357,6867,7490,40404,24739,15665
10,215,darbhanga,Total,18,85955,51467,34488,27375,13169,14206,58580,38298,20282
10,215,darbhanga,Total,19,53461,29234,24227,17628,6881,10747,35833,22353,13480
10,215,darbhanga,Total,20-24,308335,164707,143628,121597,45405,76192,186738,119302,67436
10,215,darbhanga,Total,25-29,281655,141976,139679,127364,44986,82378,154291,96990,57301
10,215,darbhanga,Total,30-34,260582,129900,130682,127402,45454,81948,133180,84446,48734
10,215,darbhanga,Total,35-39,241664,123451,118213,127382,48078,79304,114282,75373,38909
10,215,darbhanga,Total,40-44,197030,103810,93220,111592,44791,66801,85438,59019,26419
10,215,darbhanga,Total,45-49,166695,86654,80041,99353,39353,60000,67342,47301,20041
10,215,darbhanga,Total,50-54,129301,69293,60008,79642,33560,46082,49659,35733,13926
10,215,darbhanga,Total,55-59,108768,52805,55963,69688,24733,44955,39080,28072,11008
10,215,darbhanga,Total,60-64,115390,57699,57691,78287,30453,47834,37103,27246,9857
10,215,darbhanga,Total,65-69,83580,44145,39435,56754,23459,33295,26826,20686,6140
10,215,darbhanga,Total,70-74,50044,27153,22891,35042,15395,19647,15002,11758,3244
10,215,darbhanga,Total,75-79,20059,10587,9472,13486,5503,7983,6573,5084,1489
10,215,darbhanga,Total,80+,22172,10866,11306,15184,5807,9377,6988,5059,1929
10,215,darbhanga,Total,Age not stated,6756,3864,2892,3124,1487,1637,3632,2377,1255
10,215,darbhanga,Rural,All ages,3554057,1858545,1695512,1984164,874203,1109961,1569893,984342,585551
10,215,darbhanga,Rural,0-6,668296,345871,322425,668296,345871,322425,0,0,0
10,215,darbhanga,Rural,7,97268,50516,46752,41963,20327,21636,55305,30189,25116
10,215,darbhanga,Rural,8,117431,60932,56499,36486,16983,19503,80945,43949,36996
10,215,darbhanga,Rural,9,85291,44776,40515,22186,10111,12075,63105,34665,28440
10,215,darbhanga,Rural,10,133675,70605,63070,34463,15736,18727,99212,54869,44343
10,215,darbhanga,Rural,11,82732,43998,38734,18314,8069,10245,64418,35929,28489
10,215,darbhanga,Rural,12,111547,59403,52144,25311,10984,14327,86236,48419,37817
10,215,darbhanga,Rural,13,76254,39978,36276,16446,6931,9515,59808,33047,26761
10,215,darbhanga,Rural,14,79576,42442,37134,18843,8002,10841,60733,34440,26293
10,215,darbhanga,Rural,15,82365,45945,36420,22535,10360,12175,59830,35585,24245
10,215,darbhanga,Rural,16,68872,39079,29793,19246,8977,10269,49626,30102,19524
10,215,darbhanga,Rural,17,47945,27894,20051,13457,6423,7034,34488,21471,13017
10,215,darbhanga,Rural,18,76221,45930,30291,25723,12314,13409,50498,33616,16882
10,215,darbhanga,Rural,19,47236,25928,21308,16737,6507,10230,30499,19421,11078
10,215,darbhanga,Rural,20-24,274181,145961,128220,115068,42598,72470,159113,103363,55750
10,215,darbhanga,Rural,25-29,251350,126304,125046,120480,42431,78049,130870,83873,46997
10,215,darbhanga,Rural,30-34,233400,115919,117481,120705,43117,77588,112695,72802,39893
10,215,darbhanga,Rural,35-39,216217,110443,105774,120229,45616,74613,95988,64827,31161
10,215,darbhanga,Rural,40-44,175485,92274,83211,104866,42256,62610,70619,50018,20601
10,215,darbhanga,Rural,45-49,147837,76826,71011,93099,37194,55905,54738,39632,15106
10,215,darbhanga,Rural,50-54,114473,61321,53152,74606,31776,42830,39867,29545,10322
10,215,darbhanga,Rural,55-59,96619,46379,50240,65442,23436,42006,31177,22943,8234
10,215,darbhanga,Rural,60-64,104048,51865,52183,73580,28924,44656,30468,22941,7527
10,215,darbhanga,Rural,65-69,76099,40266,35833,53451,22370,31081,22648,17896,4752
10,215,darbhanga,Rural,70-74,45301,24628,20673,32876,14663,18213,12425,9965,2460
10,215,darbhanga,Rural,75-79,18011,9537,8474,12644,5258,7386,5367,4279,1088
10,215,darbhanga,Rural,80+,19980,9902,10078,14095,5531,8564,5885,4371,1514
10,215,darbhanga,Rural,Age not stated,6347,3623,2724,3017,1438,1579,3330,2185,1145
10,215,darbhanga,Urban,All ages,383328,201404,181924,136587,60180,76407,246741,141224,105517
10,215,darbhanga,Urban,0-6,57186,29811,27375,57186,29811,27375,0,0,0
10,215,darbhanga,Urban,7,8865,4643,4222,2797,1381,1416,6068,3262,2806
10,215,darbhanga,Urban,8,10050,5232,4818,2064,962,1102,7986,4270,3716
10,215,darbhanga,Urban,9,7530,3900,3630,1108,527,581,6422,3373,3049
10,215,darbhanga,Urban,10,11436,6060,5376,1819,886,933,9617,5174,4443
10,215,darbhanga,Urban,11,7961,4205,3756,935,449,486,7026,3756,3270
10,215,darbhanga,Urban,12,10473,5473,5000,1311,633,678,9162,4840,4322
10,215,darbhanga,Urban,13,7955,4122,3833,795,353,442,7160,3769,3391
10,215,darbhanga,Urban,14,8922,4558,4364,991,451,540,7931,4107,3824
10,215,darbhanga,Urban,15,8992,4710,4282,1227,590,637,7765,4120,3645
10,215,darbhanga,Urban,16,8500,4473,4027,1172,608,564,7328,3865,3463
10,215,darbhanga,Urban,17,6816,3712,3104,900,444,456,5916,3268,2648
10,215,darbhanga,Urban,18,9734,5537,4197,1652,855,797,8082,4682,3400
10,215,darbhanga,Urban,19,6225,3306,2919,891,374,517,5334,2932,2402
10,215,darbhanga,Urban,20-24,34154,18746,15408,6529,2807,3722,27625,15939,11686
10,215,darbhanga,Urban,25-29,30305,15672,14633,6884,2555,4329,23421,13117,10304
10,215,darbhanga,Urban,30-34,27182,13981,13201,6697,2337,4360,20485,11644,8841
10,215,darbhanga,Urban,35-39,25447,13008,12439,7153,2462,4691,18294,10546,7748
10,215,darbhanga,Urban,40-44,21545,11536,10009,6726,2535,4191,14819,9001,5818
10,215,darbhanga,Urban,45-49,18858,9828,9030,6254,2159,4095,12604,7669,4935
10,215,darbhanga,Urban,50-54,14828,7972,6856,5036,1784,3252,9792,6188,3604
10,215,darbhanga,Urban,55-59,12149,6426,5723,4246,1297,2949,7903,5129,2774
10,215,darbhanga,Urban,60-64,11342,5834,5508,4707,1529,3178,6635,4305,2330
10,215,darbhanga,Urban,65-69,7481,3879,3602,3303,1089,2214,4178,2790,1388
10,215,darbhanga,Urban,70-74,4743,2525,2218,2166,732,1434,2577,1793,784
10,215,darbhanga,Urban,75-79,2048,1050,998,842,245,597,1206,805,401
10,215,darbhanga,Urban,80+,2192,964,1228,1089,276,813,1103,688,415
10,215,darbhanga,Urban,Age not stated,409,241,168,107,49,58,302,192,110
10,216,muzaffarpur,Total,All ages,4801062,2527497,2273565,2291830,1040380,1251450,2509232,1487117,1022115
10,216,muzaffarpur,Total,0-6,845335,441339,403996,845335,441339,403996,0,0,0
10,216,muzaffarpur,Total,7,122096,63223,58873,44817,22090,22727,77279,41133,36146
10,216,muzaffarpur,Total,8,146523,76443,70080,34804,16987,17817,111719,59456,52263
10,216,muzaffarpur,Total,9,108717,56726,51991,21150,10188,10962,87567,46538,41029
10,216,muzaffarpur,Total,10,170067,89856,80211,32090,15612,16478,137977,74244,63733
10,216,muzaffarpur,Total,11,110600,58623,51977,16969,8214,8755,93631,50409,43222
10,216,muzaffarpur,Total,12,141257,74362,66895,20795,9996,10799,120462,64366,56096
10,216,muzaffarpur,Total,13,99503,51957,47546,13452,6483,6969,86051,45474,40577
10,216,muzaffarpur,Total,14,102897,54683,48214,14714,7294,7420,88183,47389,40794
10,216,muzaffarpur,Total,15,107286,59785,47501,18883,9961,8922,88403,49824,38579
10,216,muzaffarpur,Total,16,92670,52472,40198,16132,8735,7397,76538,43737,32801
10,216,muzaffarpur,Total,17,68060,39634,28426,11691,6270,5421,56369,33364,23005
10,216,muzaffarpur,Total,18,105771,64339,41432,22959,12492,10467,82812,51847,30965
10,216,muzaffarpur,Total,19,65700,37606,28094,14526,6575,7951,51174,31031,20143
10,216,muzaffarpur,Total,20-24,375457,202206,173251,107878,42991,64887,267579,159215,108364
10,216,muzaffarpur,Total,25-29,354796,177894,176902,126378,45729,80649,228418,132165,96253
10,216,muzaffarpur,Total,30-34,331339,165776,165563,134031,49268,84763,197308,116508,80800
10,216,muzaffarpur,Total,35-39,304866,157027,147839,137290,52561,84729,167576,104466,63110
10,216,muzaffarpur,Total,40-44,242682,130224,112458,118944,49494,69450,123738,80730,43008
10,216,muzaffarpur,Total,45-49,200302,103801,96501,106679,41871,64808,93623,61930,31693
10,216,muzaffarpur,Total,50-54,156432,84973,71459,87498,37773,49725,68934,47200,21734
10,216,muzaffarpur,Total,55-59,137659,64478,73181,81691,27150,54541,55968,37328,18640
10,216,muzaffarpur,Total,60-64,157249,80648,76601,99715,39857,59858,57534,40791,16743
10,216,muzaffarpur,Total,65-69,112522,60736,51786,72072,30320,41752,40450,30416,10034
10,216,muzaffarpur,Total,70-74,70902,40663,30239,47537,22320,25217,23365,18343,5022
10,216,muzaffarpur,Total,75-79,27700,15100,12600,17991,7695,10296,9709,7405,2304
10,216,muzaffarpur,Total,80+,34644,18174,16470,22494,9510,12984,12150,8664,3486
10,216,muzaffarpur,Total,Age not stated,8030,4749,3281,3315,1605,1710,4715,3144,1571
10,216,muzaffarpur,Rural,All ages,4327625,2276812,2050813,2147202,972806,1174396,2180423,1304006,876417
10,216,muzaffarpur,Rural,0-6,781937,407934,374003,781937,407934,374003,0,0,0
10,216,muzaffarpur,Rural,7,112061,57915,54146,41813,20555,21258,70248,37360,32888
10,216,muzaffarpur,Rural,8,135936,70736,65200,32773,15931,16842,103163,54805,48358
10,216,muzaffarpur,Rural,9,99441,51899,47542,19576,9407,10169,79865,42492,37373
10,216,muzaffarpur,Rural,10,157013,82738,74275,29889,14474,15415,127124,68264,58860
10,216,muzaffarpur,Rural,11,100675,53400,47275,15705,7571,8134,84970,45829,39141
10,216,muzaffarpur,Rural,12,129675,68267,61408,19415,9263,10152,110260,59004,51256
10,216,muzaffarpur,Rural,13,90232,47087,43145,12488,5970,6518,77744,41117,36627
10,216,muzaffarpur,Rural,14,92922,49431,43491,13720,6758,6962,79202,42673,36529
10,216,muzaffarpur,Rural,15,96995,54239,42756,17643,9260,8383,79352,44979,34373
10,216,muzaffarpur,Rural,16,82711,47057,35654,15008,8102,6906,67703,38955,28748
10,216,muzaffarpur,Rural,17,59598,35056,24542,10774,5761,5013,48824,29295,19529
10,216,muzaffarpur,Rural,18,94224,57905,36319,21374,11613,9761,72850,46292,26558
10,216,muzaffarpur,Rural,19,57552,33121,24431,13517,6039,7478,44035,27082,16953
10,216,muzaffarpur,Rural,20-24,332228,179015,153213,101561,40078,61483,230667,138937,91730
10,216,muzaffarpur,Rural,25-29,315279,157623,157656,119501,42954,76547,195778,114669,81109
10,216,muzaffarpur,Rural,30-34,295296,147455,147841,127095,46567,80528,168201,100888,67313
10,216,muzaffarpur,Rural,35-39,271235,139702,131533,129932,49725,80207,141303,89977,51326
10,216,muzaffarpur,Rural,40-44,214546,115153,99393,112467,46894,65573,102079,68259,33820
10,216,muzaffarpur,Rural,45-49,176193,91076,85117,100668,39630,61038,75525,51446,24079
10,216,muzaffarpur,Rural,50-54,137838,74829,63009,82788,35895,46893,55050,38934,16116
10,216,muzaffarpur,Rural,55-59,122205,56481,65724,77570,25917,51653,44635,30564,14071
10,216,muzaffarpur,Rural,60-64,142170,72615,69555,94768,38083,56685,47402,34532,12870
10,216,muzaffarpur,Rural,65-69,102241,55001,47240,68739,29023,39716,33502,25978,7524
10,216,muzaffarpur,Rural,70-74,64421,36957,27464,45182,21443,23739,19239,15514,3725
10,216,muzaffarpur,Rural,75-79,24768,13507,11261,17057,7369,9688,7711,6138,1573
10,216,muzaffarpur,Rural,80+,31007,16336,14671,21140,9082,12058,9867,7254,2613
10,216,muzaffarpur,Rural,Age not stated,7226,4277,2949,3102,1508,1594,4124,2769,1355
10,216,muzaffarpur,Urban,All ages,473437,250685,222752,144628,67574,77054,328809,183111,145698
10,216,muzaffarpur,Urban,0-6,63398,33405,29993,63398,33405,29993,0,0,0
10,216,muzaffarpur,Urban,7,10035,5308,4727,3004,1535,1469,7031,3773,3258
10,216,muzaffarpur,Urban,8,10587,5707,4880,2031,1056,975,8556,4651,3905
10,216,muzaffarpur,Urban,9,9276,4827,4449,1574,781,793,7702,4046,3656
10,216,muzaffarpur,Urban,10,13054,7118,5936,2201,1138,1063,10853,5980,4873
10,216,muzaffarpur,Urban,11,9925,5223,4702,1264,643,621,8661,4580,4081
10,216,muzaffarpur,Urban,12,11582,6095,5487,1380,733,647,10202,5362,4840
10,216,muzaffarpur,Urban,13,9271,4870,4401,964,513,451,8307,4357,3950
10,216,muzaffarpur,Urban,14,9975,5252,4723,994,536,458,8981,4716,4265
10,216,muzaffarpur,Urban,15,10291,5546,4745,1240,701,539,9051,4845,4206
10,216,muzaffarpur,Urban,16,9959,5415,4544,1124,633,491,8835,4782,4053
10,216,muzaffarpur,Urban,17,8462,4578,3884,917,509,408,7545,4069,3476
10,216,muzaffarpur,Urban,18,11547,6434,5113,1585,879,706,9962,5555,4407
10,216,muzaffarpur,Urban,19,8148,4485,3663,1009,536,473,7139,3949,3190
10,216,muzaffarpur,Urban,20-24,43229,23191,20038,6317,2913,3404,36912,20278,16634
10,216,muzaffarpur,Urban,25-29,39517,20271,19246,6877,2775,4102,32640,17496,15144
10,216,muzaffarpur,Urban,30-34,36043,18321,17722,6936,2701,4235,29107,15620,13487
10,216,muzaffarpur,Urban,35-39,33631,17325,16306,7358,2836,4522,26273,14489,11784
10,216,muzaffarpur,Urban,40-44,28136,15071,13065,6477,2600,3877,21659,12471,9188
10,216,muzaffarpur,Urban,45-49,24109,12725,11384,6011,2241,3770,18098,10484,7614
10,216,muzaffarpur,Urban,50-54,18594,10144,8450,4710,1878,2832,13884,8266,5618
10,216,muzaffarpur,Urban,55-59,15454,7997,7457,4121,1233,2888,11333,6764,4569
10,216,muzaffarpur,Urban,60-64,15079,8033,7046,4947,1774,3173,10132,6259,3873
10,216,muzaffarpur,Urban,65-69,10281,5735,4546,3333,1297,2036,6948,4438,2510
10,216,muzaffarpur,Urban,70-74,6481,3706,2775,2355,877,1478,4126,2829,1297
10,216,muzaffarpur,Urban,75-79,2932,1593,1339,934,326,608,1998,1267,731
10,216,muzaffarpur,Urban,80+,3637,1838,1799,1354,428,926,2283,1410,873
10,216,muzaffarpur,Urban,Age not stated,804,472,332,213,97,116,591,375,216
10,217,gopalganj,Total,All ages,2562012,1267666,1294346,1179014,473761,705253,1382998,793905,589093
10,217,gopalganj,Total,0-6,449530,230014,219516,449530,230014,219516,0,0,0
10,217,gopalganj,Total,7,68700,34972,33728,22633,10949,11684,46067,24023,22044
10,217,gopalganj,Total,8,84709,43583,41126,14607,6887,7720,70102,36696,33406
10,217,gopalganj,Total,9,61786,31795,29991,8222,3749,4473,53564,28046,25518
10,217,gopalganj,Total,10,95770,49717,46053,12201,5633,6568,83569,44084,39485
10,217,gopalganj,Total,11,61329,31659,29670,6336,2749,3587,54993,28910,26083
10,217,gopalganj,Total,12,80623,41330,39293,7770,3271,4499,72853,38059,34794
10,217,gopalganj,Total,13,58522,28948,29574,5409,2102,3307,53113,26846,26267
10,217,gopalganj,Total,14,63965,31612,32353,6541,2494,4047,57424,29118,28306
10,217,gopalganj,Total,15,64540,32268,32272,8635,3414,5221,55905,28854,27051
10,217,gopalganj,Total,16,58977,29186,29791,8197,3049,5148,50780,26137,24643
10,217,gopalganj,Total,17,41016,20707,20309,5759,2100,3659,35257,18607,16650
10,217,gopalganj,Total,18,61671,32953,28718,10731,4156,6575,50940,28797,22143
10,217,gopalganj,Total,19,33721,17259,16462,6083,2062,4021,27638,15197,12441
10,217,gopalganj,Total,20-24,184707,91622,93085,46476,13911,32565,138231,77711,60520
10,217,gopalganj,Total,25-29,173241,78249,94992,59929,15458,44471,113312,62791,50521
10,217,gopalganj,Total,30-34,162609,71764,90845,67775,17769,50006,94834,53995,40839
10,217,gopalganj,Total,35-39,154206,70654,83552,71549,19798,51751,82657,50856,31801
10,217,gopalganj,Total,40-44,124301,60934,63367,63594,20247,43347,60707,40687,20020
10,217,gopalganj,Total,45-49,105086,49837,55249,58974,17879,41095,46112,31958,14154
10,217,gopalganj,Total,50-54,84265,43725,40540,49359,18017,31342,34906,25708,9198
10,217,gopalganj,Total,55-59,74485,32918,41567,47061,13151,33910,27424,19767,7657
10,217,gopalganj,Total,60-64,82871,42734,40137,53523,19929,33594,29348,22805,6543
10,217,gopalganj,Total,65-69,54461,27731,26730,35917,13044,22873,18544,14687,3857
10,217,gopalganj,Total,70-74,39528,21789,17739,27408,11799,15609,12120,9990,2130
10,217,gopalganj,Total,75-79,15713,8257,7456,10842,4279,6563,4871,3978,893
10,217,gopalganj,Total,80+,19339,10155,9184,12911,5368,7543,6428,4787,1641
10,217,gopalganj,Total,Age not stated,2341,1294,1047,1042,483,559,1299,811,488
10,217,gopalganj,Rural,All ages,2399207,1184967,1214240,1119143,448688,670455,1280064,736279,543785
10,217,gopalganj,Rural,0-6,423789,216767,207022,423789,216767,207022,0,0,0
10,217,gopalganj,Rural,7,64541,32813,31728,21506,10406,11100,43035,22407,20628
10,217,gopalganj,Rural,8,79752,40989,38763,13920,6548,7372,65832,34441,31391
10,217,gopalganj,Rural,9,58006,29851,28155,7807,3557,4250,50199,26294,23905
10,217,gopalganj,Rural,10,90241,46762,43479,11521,5279,6242,78720,41483,37237
10,217,gopalganj,Rural,11,57572,29730,27842,6002,2589,3413,51570,27141,24429
10,217,gopalganj,Rural,12,75840,38887,36953,7358,3080,4278,68482,35807,32675
10,217,gopalganj,Rural,13,54853,27067,27786,5170,1996,3174,49683,25071,24612
10,217,gopalganj,Rural,14,59921,29594,30327,6228,2357,3871,53693,27237,26456
10,217,gopalganj,Rural,15,60442,30153,30289,8188,3205,4983,52254,26948,25306
10,217,gopalganj,Rural,16,55115,27227,27888,7803,2870,4933,47312,24357,22955
10,217,gopalganj,Rural,17,38063,19172,18891,5424,1941,3483,32639,17231,15408
10,217,gopalganj,Rural,18,57557,30751,26806,10180,3905,6275,47377,26846,20531
10,217,gopalganj,Rural,19,31224,15906,15318,5780,1940,3840,25444,13966,11478
10,217,gopalganj,Rural,20-24,171401,84744,86657,44185,13105,31080,127216,71639,55577
10,217,gopalganj,Rural,25-29,161453,72587,88866,57158,14615,42543,104295,57972,46323
10,217,gopalganj,Rural,30-34,151573,66485,85088,64647,16839,47808,86926,49646,37280
10,217,gopalganj,Rural,35-39,143744,65675,78069,68192,18816,49376,75552,46859,28693
10,217,gopalganj,Rural,40-44,115681,56473,59208,60540,19213,41327,55141,37260,17881
10,217,gopalganj,Rural,45-49,97955,46328,51627,56218,17053,39165,41737,29275,12462
10,217,gopalganj,Rural,50-54,78393,40611,37782,46961,17174,29787,31432,23437,7995
10,217,gopalganj,Rural,55-59,69663,30615,39048,44909,12604,32305,24754,18011,6743
10,217,gopalganj,Rural,60-64,78124,40301,37823,51178,19143,32035,26946,21158,5788
10,217,gopalganj,Rural,65-69,51636,26262,25374,34506,12591,21915,17130,13671,3459
10,217,gopalganj,Rural,70-74,37413,20635,16778,26211,11325,14886,11202,9310,1892
10,217,gopalganj,Rural,75-79,14821,7778,7043,10397,4128,6269,4424,3650,774
10,217,gopalganj,Rural,80+,18333,9642,8691,12398,5193,7205,5935,4449,1486
10,217,gopalganj,Rural,Age not stated,2101,1162,939,967,449,518,1134,713,421
10,217,gopalganj,Urban,All ages,162805,82699,80106,59871,25073,34798,102934,57626,45308
10,217,gopalganj,Urban,0-6,25741,13247,12494,25741,13247,12494,0,0,0
10,217,gopalganj,Urban,7,4159,2159,2000,1127,543,584,3032,1616,1416
10,217,gopalganj,Urban,8,4957,2594,2363,687,339,348,4270,2255,2015
10,217,gopalganj,Urban,9,3780,1944,1836,415,192,223,3365,1752,1613
10,217,gopalganj,Urban,10,5529,2955,2574,680,354,326,4849,2601,2248
10,217,gopalganj,Urban,11,3757,1929,1828,334,160,174,3423,1769,1654
10,217,gopalganj,Urban,12,4783,2443,2340,412,191,221,4371,2252,2119
10,217,gopalganj,Urban,13,3669,1881,1788,239,106,133,3430,1775,1655
10,217,gopalganj,Urban,14,4044,2018,2026,313,137,176,3731,1881,1850
10,217,gopalganj,Urban,15,4098,2115,1983,447,209,238,3651,1906,1745
10,217,gopalganj,Urban,16,3862,1959,1903,394,179,215,3468,1780,1688
10,217,gopalganj,Urban,17,2953,1535,1418,335,159,176,2618,1376,1242
10,217,gopalganj,Urban,18,4114,2202,1912,551,251,300,3563,1951,1612
10,217,gopalganj,Urban,19,2497,1353,1144,303,122,181,2194,1231,963
10,217,gopalganj,Urban,20-24,13306,6878,6428,2291,806,1485,11015,6072,4943
10,217,gopalganj,Urban,25-29,11788,5662,6126,2771,843,1928,9017,4819,4198
10,217,gopalganj,Urban,30-34,11036,5279,5757,3128,930,2198,7908,4349,3559
10,217,gopalganj,Urban,35-39,10462,4979,5483,3357,982,2375,7105,3997,3108
10,217,gopalganj,Urban,40-44,8620,4461,4159,3054,1034,2020,5566,3427,2139
10,217,gopalganj,Urban,45-49,7131,3509,3622,2756,826,1930,4375,2683,1692
10,217,gopalganj,Urban,50-54,5872,3114,2758,2398,843,1555,3474,2271,1203
10,217,gopalganj,Urban,55-59,4822,2303,2519,2152,547,1605,2670,1756,914
10,217,gopalganj,Urban,60-64,4747,2433,2314,2345,786,1559,2402,1647,755
10,217,gopalganj,Urban,65-69,2825,1469,1356,1411,453,958,1414,1016,398
10,217,gopalganj,Urban,70-74,2115,1154,961,1197,474,723,918,680,238
10,217,gopalganj,Urban,75-79,892,479,413,445,151,294,447,328,119
10,217,gopalganj,Urban,80+,1006,513,493,513,175,338,493,338,155
10,217,gopalganj,Urban,Age not stated,240,132,108,75,34,41,165,98,67
10,218,siwan,Total,All ages,3330464,1675090,1655374,1400289,559184,841105,1930175,1115906,814269
10,218,siwan,Total,0-6,551418,284188,267230,551418,284188,267230,0,0,0
10,218,siwan,Total,7,85013,43719,41294,25179,12435,12744,59834,31284,28550
10,218,siwan,Total,8,106374,54639,51735,14711,6945,7766,91663,47694,43969
10,218,siwan,Total,9,76365,39196,37169,8281,3832,4449,68084,35364,32720
10,218,siwan,Total,10,121223,63151,58072,12050,5683,6367,109173,57468,51705
10,218,siwan,Total,11,77069,39918,37151,6289,2828,3461,70780,37090,33690
10,218,siwan,Total,12,105354,54052,51302,7575,3228,4347,97779,50824,46955
10,218,siwan,Total,13,75872,37540,38332,5270,2158,3112,70602,35382,35220
10,218,siwan,Total,14,85547,42546,43001,6871,2720,4151,78676,39826,38850
10,218,siwan,Total,15,85558,43154,42404,9117,3637,5480,76441,39517,36924
10,218,siwan,Total,16,79586,39684,39902,9176,3489,5687,70410,36195,34215
10,218,siwan,Total,17,54881,28111,26770,6375,2429,3946,48506,25682,22824
10,218,siwan,Total,18,85540,47197,38343,12278,5095,7183,73262,42102,31160
10,218,siwan,Total,19,45325,24456,20869,6564,2450,4114,38761,22006,16755
10,218,siwan,Total,20-24,250016,130831,119185,50896,15854,35042,199120,114977,84143
10,218,siwan,Total,25-29,230307,108792,121515,66186,17088,49098,164121,91704,72417
10,218,siwan,Total,30-34,215126,98616,116510,75463,19067,56396,139663,79549,60114
10,218,siwan,Total,35-39,202488,96062,106426,81643,21838,59805,120845,74224,46621
10,218,siwan,Total,40-44,161635,81112,80523,73258,22115,51143,88377,58997,29380
10,218,siwan,Total,45-49,134348,65237,69111,68569,19909,48660,65779,45328,20451
10,218,siwan,Total,50-54,105872,55520,50352,56071,19038,37033,49801,36482,13319
10,218,siwan,Total,55-59,94180,40951,53229,55780,13791,41989,38400,27160,11240
10,218,siwan,Total,60-64,111812,56062,55750,68649,22764,45885,43163,33298,9865
10,218,siwan,Total,65-69,79283,40408,38875,50146,17174,32972,29137,23234,5903
10,218,siwan,Total,70-74,56477,31477,25000,37454,15569,21885,19023,15908,3115
10,218,siwan,Total,75-79,22830,12147,10683,15195,5861,9334,7635,6286,1349
10,218,siwan,Total,80+,27845,14549,13296,18673,7471,11202,9172,7078,2094
10,218,siwan,Total,Age not stated,3120,1775,1345,1152,528,624,1968,1247,721
10,218,siwan,Rural,All ages,3147551,1579685,1567866,1340085,532769,807316,1807466,1046916,760550
10,218,siwan,Rural,0-6,525960,270816,255144,525960,270816,255144,0,0,0
10,218,siwan,Rural,7,80760,41471,39289,23762,11700,12062,56998,29771,27227
10,218,siwan,Rural,8,101833,52287,49546,13844,6530,7314,87989,45757,42232
10,218,siwan,Rural,9,72528,37181,35347,7692,3550,4142,64836,33631,31205
10,218,siwan,Rural,10,115383,60029,55354,11154,5222,5932,104229,54807,49422
10,218,siwan,Rural,11,72915,37754,35161,5734,2567,3167,67181,35187,31994
10,218,siwan,Rural,12,100252,51434,48818,7032,2966,4066,93220,48468,44752
10,218,siwan,Rural,13,71749,35429,36320,4886,1974,2912,66863,33455,33408
10,218,siwan,Rural,14,81018,40257,40761,6447,2508,3939,74571,37749,36822
10,218,siwan,Rural,15,80968,40779,40189,8594,3374,5220,72374,37405,34969
10,218,siwan,Rural,16,75007,37327,37680,8687,3240,5447,66320,34087,32233
10,218,siwan,Rural,17,51151,26151,25000,5989,2239,3750,45162,23912,21250
10,218,siwan,Rural,18,80573,44518,36055,11612,4732,6880,68961,39786,29175
10,218,siwan,Rural,19,41974,22634,19340,6152,2251,3901,35822,20383,15439
10,218,siwan,Rural,20-24,233145,121715,111430,48447,14802,33645,184698,106913,77785
10,218,siwan,Rural,25-29,215889,101419,114470,63434,16115,47319,152455,85304,67151
10,218,siwan,Rural,30-34,202602,92353,110249,72553,18153,54400,130049,74200,55849
10,218,siwan,Rural,35-39,190313,89913,100400,78570,20813,57757,111743,69100,42643
10,218,siwan,Rural,40-44,151401,75716,75685,70324,21124,49200,81077,54592,26485
10,218,siwan,Rural,45-49,126046,60905,65141,65959,19053,46906,60087,41852,18235
10,218,siwan,Rural,50-54,99310,51955,47355,53922,18288,35634,45388,33667,11721
10,218,siwan,Rural,55-59,88919,38371,50548,53871,13315,40556,35048,25056,9992
10,218,siwan,Rural,60-64,106660,53370,53290,66536,22070,44466,40124,31300,8824
10,218,siwan,Rural,65-69,75917,38650,37267,48745,16764,31981,27172,21886,5286
10,218,siwan,Rural,70-74,54237,30242,23995,36374,15172,21202,17863,15070,2793
10,218,siwan,Rural,75-79,21906,11617,10289,14794,5728,9066,7112,5889,1223
10,218,siwan,Rural,80+,26591,13927,12664,18032,7256,10776,8559,6671,1888
10,218,siwan,Rural,Age not stated,2544,1465,1079,979,447,532,1565,1018,547
10,218,siwan,Urban,All ages,182913,95405,87508,60204,26415,33789,122709,68990,53719
10,218,siwan,Urban,0-6,25458,13372,12086,25458,13372,12086,0,0,0
10,218,siwan,Urban,7,4253,2248,2005,1417,735,682,2836,1513,1323
10,218,siwan,Urban,8,4541,2352,2189,867,415,452,3674,1937,1737
10,218,siwan,Urban,9,3837,2015,1822,589,282,307,3248,1733,1515
10,218,siwan,Urban,10,5840,3122,2718,896,461,435,4944,2661,2283
10,218,siwan,Urban,11,4154,2164,1990,555,261,294,3599,1903,1696
10,218,siwan,Urban,12,5102,2618,2484,543,262,281,4559,2356,2203
10,218,siwan,Urban,13,4123,2111,2012,384,184,200,3739,1927,1812
10,218,siwan,Urban,14,4529,2289,2240,424,212,212,4105,2077,2028
10,218,siwan,Urban,15,4590,2375,2215,523,263,260,4067,2112,1955
10,218,siwan,Urban,16,4579,2357,2222,489,249,240,4090,2108,1982
10,218,siwan,Urban,17,3730,1960,1770,386,190,196,3344,1770,1574
10,218,siwan,Urban,18,4967,2679,2288,666,363,303,4301,2316,1985
10,218,siwan,Urban,19,3351,1822,1529,412,199,213,2939,1623,1316
10,218,siwan,Urban,20-24,16871,9116,7755,2449,1052,1397,14422,8064,6358
10,218,siwan,Urban,25-29,14418,7373,7045,2752,973,1779,11666,6400,5266
10,218,siwan,Urban,30-34,12524,6263,6261,2910,914,1996,9614,5349,4265
10,218,siwan,Urban,35-39,12175,6149,6026,3073,1025,2048,9102,5124,3978
10,218,siwan,Urban,40-44,10234,5396,4838,2934,991,1943,7300,4405,2895
10,218,siwan,Urban,45-49,8302,4332,3970,2610,856,1754,5692,3476,2216
10,218,siwan,Urban,50-54,6562,3565,2997,2149,750,1399,4413,2815,1598
10,218,siwan,Urban,55-59,5261,2580,2681,1909,476,1433,3352,2104,1248
10,218,siwan,Urban,60-64,5152,2692,2460,2113,694,1419,3039,1998,1041
10,218,siwan,Urban,65-69,3366,1758,1608,1401,410,991,1965,1348,617
10,218,siwan,Urban,70-74,2240,1235,1005,1080,397,683,1160,838,322
10,218,siwan,Urban,75-79,924,530,394,401,133,268,523,397,126
10,218,siwan,Urban,80+,1254,622,632,641,215,426,613,407,206
10,218,siwan,Urban,Age not stated,576,310,266,173,81,92,403,229,174
10,219,saran,Total,All ages,3951862,2022821,1929041,1794408,737054,1057354,2157454,1285767,871687
10,219,saran,Total,0-6,681142,353738,327404,681142,353738,327404,0,0,0
10,219,saran,Total,7,102418,52971,49447,33354,16507,16847,69064,36464,32600
10,219,saran,Total,8,128817,66314,62503,26829,12614,14215,101988,53700,48288
10,219,saran,Total,9,89399,46397,43002,15169,7107,8062,74230,39290,34940
10,219,saran,Total,10,145957,76025,69932,24326,11415,12911,121631,64610,57021
10,219,saran,Total,11,89148,46453,42695,12058,5661,6397,77090,40792,36298
10,219,saran,Total,12,124759,64239,60520,16831,7262,9569,107928,56977,50951
10,219,saran,Total,13,87882,44593,43289,10561,4443,6118,77321,40150,37171
10,219,saran,Total,14,97023,49386,47637,12962,5396,7566,84061,43990,40071
10,219,saran,Total,15,98696,51730,46966,16186,6999,9187,82510,44731,37779
10,219,saran,Total,16,90352,47147,43205,15317,6573,8744,75035,40574,34461
10,219,saran,Total,17,63819,34711,29108,10146,4490,5656,53673,30221,23452
10,219,saran,Total,18,97053,55673,41380,19388,8864,10524,77665,46809,30856
10,219,saran,Total,19,53211,29552,23659,10321,4072,6249,42890,25480,17410
10,219,saran,Total,20-24,293745,155523,138222,78107,26657,51450,215638,128866,86772
10,219,saran,Total,25-29,272694,132453,140241,93157,26859,66298,179537,105594,73943
10,219,saran,Total,30-34,254354,120287,134067,98922,28176,70746,155432,92111,63321
10,219,saran,Total,35-39,239584,116238,123346,103850,30424,73426,135734,85814,49920
10,219,saran,Total,40-44,193066,99969,93097,89829,30330,59499,103237,69639,33598
10,219,saran,Total,45-49,160027,79052,80975,81414,24956,56458,78613,54096,24517
10,219,saran,Total,50-54,126565,67056,59509,66459,23128,43331,60106,43928,16178
10,219,saran,Total,55-59,110272,49158,61114,62837,15676,47161,47435,33482,13953
10,219,saran,Total,60-64,127706,64459,63247,75703,24621,51082,52003,39838,12165
10,219,saran,Total,65-69,93088,47734,45354,56676,18711,37965,36412,29023,7389
10,219,saran,Total,70-74,67308,37807,29501,42915,17264,25651,24393,20543,3850
10,219,saran,Total,75-79,27719,14891,12828,17601,6421,11180,10118,8470,1648
10,219,saran,Total,80+,32728,17283,15445,20987,8016,12971,11741,9267,2474
10,219,saran,Total,Age not stated,3330,1982,1348,1361,674,687,1969,1308,661
10,219,saran,Rural,All ages,3598660,1838119,1760541,1666071,681179,984892,1932589,1156940,775649
10,219,saran,Rural,0-6,627261,325524,301737,627261,325524,301737,0,0,0
10,219,saran,Rural,7,94201,48705,45496,31091,15398,15693,63110,33307,29803
10,219,saran,Rural,8,118770,61105,57665,24991,11731,13260,93779,49374,44405
10,219,saran,Rural,9,82463,42764,39699,14151,6612,7539,68312,36152,32160
10,219,saran,Rural,10,134571,69978,64593,22676,10615,12061,111895,59363,52532
10,219,saran,Rural,11,81961,42769,39192,11206,5264,5942,70755,37505,33250
10,219,saran,Rural,12,114427,58901,55526,15565,6664,8901,98862,52237,46625
10,219,saran,Rural,13,80513,40867,39646,9797,4072,5725,70716,36795,33921
10,219,saran,Rural,14,88503,44962,43541,11964,4907,7057,76539,40055,36484
10,219,saran,Rural,15,89999,47116,42883,14976,6408,8568,75023,40708,34315
10,219,saran,Rural,16,81875,42689,39186,14152,5976,8176,67723,36713,31010
10,219,saran,Rural,17,57378,31242,26136,9347,4093,5254,48031,27149,20882
10,219,saran,Rural,18,87660,50292,37368,17881,8045,9836,69779,42247,27532
10,219,saran,Rural,19,47566,26453,21113,9502,3669,5833,38064,22784,15280
10,219,saran,Rural,20-24,262944,138863,124081,72309,24241,48068,190635,114622,76013
10,219,saran,Rural,25-29,245831,118542,127289,86872,24607,62265,158959,93935,65024
10,219,saran,Rural,30-34,230086,108066,122020,92480,26025,66455,137606,82041,55565
10,219,saran,Rural,35-39,217336,105000,112336,97212,28232,68980,120124,76768,43356
10,219,saran,Rural,40-44,174033,89933,84100,83714,28153,55561,90319,61780,28539
10,219,saran,Rural,45-49,143902,70678,73224,75944,23160,52784,67958,47518,20440
10,219,saran,Rural,50-54,113709,60303,53406,61748,21567,40181,51961,38736,13225
10,219,saran,Rural,55-59,99676,43803,55873,58848,14623,44225,40828,29180,11648
10,219,saran,Rural,60-64,117451,59228,58223,71213,23224,47989,46238,36004,10234
10,219,saran,Rural,65-69,85944,44035,41909,53425,17733,35692,32519,26302,6217
10,219,saran,Rural,70-74,62184,34967,27217,40376,16381,23995,21808,18586,3222
10,219,saran,Rural,75-79,25538,13716,11822,16548,6077,10471,8990,7639,1351
10,219,saran,Rural,80+,30075,15933,14142,19653,7595,12058,10422,8338,2084
10,219,saran,Rural,Age not stated,2803,1685,1118,1169,583,586,1634,1102,532
10,219,saran,Urban,All ages,353202,184702,168500,128337,55875,72462,224865,128827,96038
10,219,saran,Urban,0-6,53881,28214,25667,53881,28214,25667,0,0,0
10,219,saran,Urban,7,8217,4266,3951,2263,1109,1154,5954,3157,2797
10,219,saran,Urban,8,10047,5209,4838,1838,883,955,8209,4326,3883
10,219,saran,Urban,9,6936,3633,3303,1018,495,523,5918,3138,2780
10,219,saran,Urban,10,11386,6047,5339,1650,800,850,9736,5247,4489
10,219,saran,Urban,11,7187,3684,3503,852,397,455,6335,3287,3048
10,219,saran,Urban,12,10332,5338,4994,1266,598,668,9066,4740,4326
10,219,saran,Urban,13,7369,3726,3643,764,371,393,6605,3355,3250
10,219,saran,Urban,14,8520,4424,4096,998,489,509,7522,3935,3587
10,219,saran,Urban,15,8697,4614,4083,1210,591,619,7487,4023,3464
10,219,saran,Urban,16,8477,4458,4019,1165,597,568,7312,3861,3451
10,219,saran,Urban,17,6441,3469,2972,799,397,402,5642,3072,2570
10,219,saran,Urban,18,9393,5381,4012,1507,819,688,7886,4562,3324
10,219,saran,Urban,19,5645,3099,2546,819,403,416,4826,2696,2130
10,219,saran,Urban,20-24,30801,16660,14141,5798,2416,3382,25003,14244,10759
10,219,saran,Urban,25-29,26863,13911,12952,6285,2252,4033,20578,11659,8919
10,219,saran,Urban,30-34,24268,12221,12047,6442,2151,4291,17826,10070,7756
10,219,saran,Urban,35-39,22248,11238,11010,6638,2192,4446,15610,9046,6564
10,219,saran,Urban,40-44,19033,10036,8997,6115,2177,3938,12918,7859,5059
10,219,saran,Urban,45-49,16125,8374,7751,5470,1796,3674,10655,6578,4077
10,219,saran,Urban,50-54,12856,6753,6103,4711,1561,3150,8145,5192,2953
10,219,saran,Urban,55-59,10596,5355,5241,3989,1053,2936,6607,4302,2305
10,219,saran,Urban,60-64,10255,5231,5024,4490,1397,3093,5765,3834,1931
10,219,saran,Urban,65-69,7144,3699,3445,3251,978,2273,3893,2721,1172
10,219,saran,Urban,70-74,5124,2840,2284,2539,883,1656,2585,1957,628
10,219,saran,Urban,75-79,2181,1175,1006,1053,344,709,1128,831,297
10,219,saran,Urban,80+,2653,1350,1303,1334,421,913,1319,929,390
10,219,saran,Urban,Age not stated,527,297,230,192,91,101,335,206,129
10,220,vaishali,Total,All ages,3495021,1844535,1650486,1568281,691959,876322,1926740,1152576,774164
10,220,vaishali,Total,0-6,601893,316129,285764,601893,316129,285764,0,0,0
10,220,vaishali,Total,7,87119,45232,41887,25725,12662,13063,61394,32570,28824
10,220,vaishali,Total,8,99728,51843,47885,17525,8520,9005,82203,43323,38880
10,220,vaishali,Total,9,79232,41383,37849,11156,5322,5834,68076,36061,32015
10,220,vaishali,Total,10,122232,64581,57651,17342,8493,8849,104890,56088,48802
10,220,vaishali,Total,11,85503,45210,40293,10245,4976,5269,75258,40234,35024
10,220,vaishali,Total,12,99800,52862,46938,10286,4872,5414,89514,47990,41524
10,220,vaishali,Total,13,73475,38419,35056,7056,3357,3699,66419,35062,31357
10,220,vaishali,Total,14,74555,40193,34362,7960,4063,3897,66595,36130,30465
10,220,vaishali,Total,15,75198,42803,32395,10382,5732,4650,64816,37071,27745
10,220,vaishali,Total,16,65084,38080,27004,9095,5176,3919,55989,32904,23085
10,220,vaishali,Total,17,49196,29420,19776,7113,3896,3217,42083,25524,16559
10,220,vaishali,Total,18,73044,44452,28592,13733,7127,6606,59311,37325,21986
10,220,vaishali,Total,19,49927,27814,22113,10282,4266,6016,39645,23548,16097
10,220,vaishali,Total,20-24,281636,152136,129500,74853,28512,46341,206783,123624,83159
10,220,vaishali,Total,25-29,259079,130231,128848,85777,29851,55926,173302,100380,72922
10,220,vaishali,Total,30-34,238959,119617,119342,89078,30697,58381,149881,88920,60961
10,220,vaishali,Total,35-39,213899,110438,103461,88727,31659,57068,125172,78779,46393
10,220,vaishali,Total,40-44,169507,91087,78420,77647,29784,47863,91860,61303,30557
10,220,vaishali,Total,45-49,136767,70817,65950,69562,24780,44782,67205,46037,21168
10,220,vaishali,Total,50-54,106144,57329,48815,57041,22327,34714,49103,35002,14101
10,220,vaishali,Total,55-59,93309,43239,50070,54092,15927,38165,39217,27312,11905
10,220,vaishali,Total,60-64,104294,52894,51400,64156,23022,41134,40138,29872,10266
10,220,vaishali,Total,65-69,79595,42233,37362,49635,18790,30845,29960,23443,6517
10,220,vaishali,Total,70-74,52095,30071,22024,33801,15096,18705,18294,14975,3319
10,220,vaishali,Total,75-79,21842,11919,9923,14178,5629,8549,7664,6290,1374
10,220,vaishali,Total,80+,28753,15117,13636,18796,7623,11173,9957,7494,2463
10,220,vaishali,Total,Age not stated,73156,38986,34170,31145,13671,17474,42011,25315,16696
10,220,vaishali,Rural,All ages,3261942,1721221,1540721,1481955,652718,829237,1779987,1068503,711484
10,220,vaishali,Rural,0-6,566520,297503,269017,566520,297503,269017,0,0,0
10,220,vaishali,Rural,7,81688,42405,39283,24137,11863,12274,57551,30542,27009
10,220,vaishali,Rural,8,93698,48691,45007,16443,7989,8454,77255,40702,36553
10,220,vaishali,Rural,9,74377,38804,35573,10470,4995,5475,63907,33809,30098
10,220,vaishali,Rural,10,114922,60662,54260,16277,7964,8313,98645,52698,45947
10,220,vaishali,Rural,11,80096,42345,37751,9606,4658,4948,70490,37687,32803
10,220,vaishali,Rural,12,93463,49559,43904,9621,4562,5059,83842,44997,38845
10,220,vaishali,Rural,13,68562,35874,32688,6582,3120,3462,61980,32754,29226
10,220,vaishali,Rural,14,69249,37361,31888,7403,3768,3635,61846,33593,28253
10,220,vaishali,Rural,15,69995,39936,30059,9751,5369,4382,60244,34567,25677
10,220,vaishali,Rural,16,60226,35354,24872,8511,4835,3676,51715,30519,21196
10,220,vaishali,Rural,17,45300,27164,18136,6633,3624,3009,38667,23540,15127
10,220,vaishali,Rural,18,67688,41341,26347,12877,6667,6210,54811,34674,20137
10,220,vaishali,Rural,19,46064,25649,20415,9655,3948,5707,36409,21701,14708
10,220,vaishali,Rural,20-24,261345,141097,120248,70786,26717,44069,190559,114380,76179
10,220,vaishali,Rural,25-29,241086,121003,120083,81350,28155,53195,159736,92848,66888
10,220,vaishali,Rural,30-34,222380,111299,111081,84538,29030,55508,137842,82269,55573
10,220,vaishali,Rural,35-39,198817,102652,96165,84155,29910,54245,114662,72742,41920
10,220,vaishali,Rural,40-44,157312,84528,72784,73691,28222,45469,83621,56306,27315
10,220,vaishali,Rural,45-49,126752,65515,61237,66036,23519,42517,60716,41996,18720
10,220,vaishali,Rural,50-54,98365,53179,45186,54055,21182,32873,44310,31997,12313
10,220,vaishali,Rural,55-59,86661,39984,46677,51396,15134,36262,35265,24850,10415
10,220,vaishali,Rural,60-64,97585,49365,48220,61058,21931,39127,36527,27434,9093
10,220,vaishali,Rural,65-69,74799,39682,35117,47275,17930,29345,27524,21752,5772
10,220,vaishali,Rural,70-74,48911,28270,20641,32176,14456,17720,16735,13814,2921
10,220,vaishali,Rural,75-79,20513,11163,9350,13528,5381,8147,6985,5782,1203
10,220,vaishali,Rural,80+,26910,14204,12706,17823,7281,10542,9087,6923,2164
10,220,vaishali,Rural,Age not stated,68658,36632,32026,29602,13005,16597,39056,23627,15429
10,220,vaishali,Urban,All ages,233079,123314,109765,86326,39241,47085,146753,84073,62680
10,220,vaishali,Urban,0-6,35373,18626,16747,35373,18626,16747,0,0,0
10,220,vaishali,Urban,7,5431,2827,2604,1588,799,789,3843,2028,1815
10,220,vaishali,Urban,8,6030,3152,2878,1082,531,551,4948,2621,2327
10,220,vaishali,Urban,9,4855,2579,2276,686,327,359,4169,2252,1917
10,220,vaishali,Urban,10,7310,3919,3391,1065,529,536,6245,3390,2855
10,220,vaishali,Urban,11,5407,2865,2542,639,318,321,4768,2547,2221
10,220,vaishali,Urban,12,6337,3303,3034,665,310,355,5672,2993,2679
10,220,vaishali,Urban,13,4913,2545,2368,474,237,237,4439,2308,2131
10,220,vaishali,Urban,14,5306,2832,2474,557,295,262,4749,2537,2212
10,220,vaishali,Urban,15,5203,2867,2336,631,363,268,4572,2504,2068
10,220,vaishali,Urban,16,4858,2726,2132,584,341,243,4274,2385,1889
10,220,vaishali,Urban,17,3896,2256,1640,480,272,208,3416,1984,1432
10,220,vaishali,Urban,18,5356,3111,2245,856,460,396,4500,2651,1849
10,220,vaishali,Urban,19,3863,2165,1698,627,318,309,3236,1847,1389
10,220,vaishali,Urban,20-24,20291,11039,9252,4067,1795,2272,16224,9244,6980
10,220,vaishali,Urban,25-29,17993,9228,8765,4427,1696,2731,13566,7532,6034
10,220,vaishali,Urban,30-34,16579,8318,8261,4540,1667,2873,12039,6651,5388
10,220,vaishali,Urban,35-39,15082,7786,7296,4572,1749,2823,10510,6037,4473
10,220,vaishali,Urban,40-44,12195,6559,5636,3956,1562,2394,8239,4997,3242
10,220,vaishali,Urban,45-49,10015,5302,4713,3526,1261,2265,6489,4041,2448
10,220,vaishali,Urban,50-54,7779,4150,3629,2986,1145,1841,4793,3005,1788
10,220,vaishali,Urban,55-59,6648,3255,3393,2696,793,1903,3952,2462,1490
10,220,vaishali,Urban,60-64,6709,3529,3180,3098,1091,2007,3611,2438,1173
10,220,vaishali,Urban,65-69,4796,2551,2245,2360,860,1500,2436,1691,745
10,220,vaishali,Urban,70-74,3184,1801,1383,1625,640,985,1559,1161,398
10,220,vaishali,Urban,75-79,1329,756,573,650,248,402,679,508,171
10,220,vaishali,Urban,80+,1843,913,930,973,342,631,870,571,299
10,220,vaishali,Urban,Age not stated,4498,2354,2144,1543,666,877,2955,1688,1267
10,221,samastipur,Total,All ages,4261566,2230003,2031563,2118686,936428,1182258,2142880,1293575,849305
10,221,samastipur,Total,0-6,797381,414586,382795,797381,414586,382795,0,0,0
10,221,samastipur,Total,7,113926,58914,55012,39404,19493,19911,74522,39421,35101
10,221,samastipur,Total,8,140874,72869,68005,29930,14424,15506,110944,58445,52499
10,221,samastipur,Total,9,101459,52616,48843,17140,8088,9052,84319,44528,39791
10,221,samastipur,Total,10,160244,84124,76120,25766,12301,13465,134478,71823,62655
10,221,samastipur,Total,11,101602,53329,48273,13053,6082,6971,88549,47247,41302
10,221,samastipur,Total,12,134907,71253,63654,18111,8491,9620,116796,62762,54034
10,221,samastipur,Total,13,93603,49038,44565,11805,5483,6322,81798,43555,38243
10,221,samastipur,Total,14,94540,50388,44152,13339,6488,6851,81201,43900,37301
10,221,samastipur,Total,15,93391,53502,39889,16814,8839,7975,76577,44663,31914
10,221,samastipur,Total,16,78467,46287,32180,14790,8012,6778,63677,38275,25402
10,221,samastipur,Total,17,54240,32393,21847,10363,5384,4979,43877,27009,16868
10,221,samastipur,Total,18,89451,53450,36001,23071,11369,11702,66380,42081,24299
10,221,samastipur,Total,19,55761,29530,26231,14915,5619,9296,40846,23911,16935
10,221,samastipur,Total,20-24,341312,177620,163692,117256,42920,74336,224056,134700,89356
10,221,samastipur,Total,25-29,315772,157470,158302,129951,45888,84063,185821,111582,74239
10,221,samastipur,Total,30-34,288854,145097,143757,130115,46525,83590,158739,98572,60167
10,221,samastipur,Total,35-39,254383,132440,121943,123989,46934,77055,130394,85506,44888
10,221,samastipur,Total,40-44,200698,106476,94222,105794,41334,64460,94904,65142,29762
10,221,samastipur,Total,45-49,169404,86541,82863,96948,35923,61025,72456,50618,21838
10,221,samastipur,Total,50-54,135333,72357,62976,80161,32247,47914,55172,40110,15062
10,221,samastipur,Total,55-59,117349,56074,61275,72910,23834,49076,44439,32240,12199
10,221,samastipur,Total,60-64,125880,64420,61460,82524,31450,51074,43356,32970,10386
10,221,samastipur,Total,65-69,86713,46270,40443,57064,22702,34362,29649,23568,6081
10,221,samastipur,Total,70-74,55097,30684,24413,37773,16453,21320,17324,14231,3093
10,221,samastipur,Total,75-79,22519,12231,10288,14959,6052,8907,7560,6179,1381
10,221,samastipur,Total,80+,25921,13185,12736,17948,7038,10910,7973,6147,1826
10,221,samastipur,Total,Age not stated,12485,6859,5626,5412,2469,2943,7073,4390,2683
10,221,samastipur,Rural,All ages,4113769,2152273,1961496,2073187,916018,1157169,2040582,1236255,804327
10,221,samastipur,Rural,0-6,776342,403559,372783,776342,403559,372783,0,0,0
10,221,samastipur,Rural,7,110601,57162,53439,38521,19048,19473,72080,38114,33966
10,221,samastipur,Rural,8,137226,70969,66257,29415,14170,15245,107811,56799,51012
10,221,samastipur,Rural,9,98436,51021,47415,16810,7916,8894,81626,43105,38521
10,221,samastipur,Rural,10,155832,81795,74037,25276,12064,13212,130556,69731,60825
10,221,samastipur,Rural,11,98325,51613,46712,12811,5963,6848,85514,45650,39864
10,221,samastipur,Rural,12,130820,69022,61798,17782,8307,9475,113038,60715,52323
10,221,samastipur,Rural,13,90404,47412,42992,11590,5368,6222,78814,42044,36770
10,221,samastipur,Rural,14,91177,48666,42511,13097,6352,6745,78080,42314,35766
10,221,samastipur,Rural,15,90015,51669,38346,16514,8662,7852,73501,43007,30494
10,221,samastipur,Rural,16,75230,44520,30710,14475,7827,6648,60755,36693,24062
10,221,samastipur,Rural,17,51595,30944,20651,10134,5252,4882,41461,25692,15769
10,221,samastipur,Rural,18,85939,51507,34432,22624,11145,11479,63315,40362,22953
10,221,samastipur,Rural,19,53246,28220,25026,14624,5496,9128,38622,22724,15898
10,221,samastipur,Rural,20-24,327871,170388,157483,115162,42023,73139,212709,128365,84344
10,221,samastipur,Rural,25-29,304119,151431,152688,127793,45078,82715,176326,106353,69973
10,221,samastipur,Rural,30-34,278129,139626,138503,127967,45768,82199,150162,93858,56304
10,221,samastipur,Rural,35-39,244647,127417,117230,121749,46075,75674,122898,81342,41556
10,221,samastipur,Rural,40-44,192406,102124,90282,103784,40612,63172,88622,61512,27110
10,221,samastipur,Rural,45-49,161862,82679,79183,94982,35283,59699,66880,47396,19484
10,221,samastipur,Rural,50-54,129401,69156,60245,78509,31688,46821,50892,37468,13424
10,221,samastipur,Rural,55-59,112510,53406,59104,71588,23451,48137,40922,29955,10967
10,221,samastipur,Rural,60-64,121797,62304,59493,81049,30998,50051,40748,31306,9442
10,221,samastipur,Rural,65-69,83937,44792,39145,56024,22378,33646,27913,22414,5499
10,221,samastipur,Rural,70-74,53371,29754,23617,37098,16216,20882,16273,13538,2735
10,221,samastipur,Rural,75-79,21722,11836,9886,14652,5973,8679,7070,5863,1207
10,221,samastipur,Rural,80+,25068,12793,12275,17578,6941,10637,7490,5852,1638
10,221,samastipur,Rural,Age not stated,11741,6488,5253,5237,2405,2832,6504,4083,2421
10,221,samastipur,Urban,All ages,147797,77730,70067,45499,20410,25089,102298,57320,44978
10,221,samastipur,Urban,0-6,21039,11027,10012,21039,11027,10012,0,0,0
10,221,samastipur,Urban,7,3325,1752,1573,883,445,438,2442,1307,1135
10,221,samastipur,Urban,8,3648,1900,1748,515,254,261,3133,1646,1487
10,221,samastipur,Urban,9,3023,1595,1428,330,172,158,2693,1423,1270
10,221,samastipur,Urban,10,4412,2329,2083,490,237,253,3922,2092,1830
10,221,samastipur,Urban,11,3277,1716,1561,242,119,123,3035,1597,1438
10,221,samastipur,Urban,12,4087,2231,1856,329,184,145,3758,2047,1711
10,221,samastipur,Urban,13,3199,1626,1573,215,115,100,2984,1511,1473
10,221,samastipur,Urban,14,3363,1722,1641,242,136,106,3121,1586,1535
10,221,samastipur,Urban,15,3376,1833,1543,300,177,123,3076,1656,1420
10,221,samastipur,Urban,16,3237,1767,1470,315,185,130,2922,1582,1340
10,221,samastipur,Urban,17,2645,1449,1196,229,132,97,2416,1317,1099
10,221,samastipur,Urban,18,3512,1943,1569,447,224,223,3065,1719,1346
10,221,samastipur,Urban,19,2515,1310,1205,291,123,168,2224,1187,1037
10,221,samastipur,Urban,20-24,13441,7232,6209,2094,897,1197,11347,6335,5012
10,221,samastipur,Urban,25-29,11653,6039,5614,2158,810,1348,9495,5229,4266
10,221,samastipur,Urban,30-34,10725,5471,5254,2148,757,1391,8577,4714,3863
10,221,samastipur,Urban,35-39,9736,5023,4713,2240,859,1381,7496,4164,3332
10,221,samastipur,Urban,40-44,8292,4352,3940,2010,722,1288,6282,3630,2652
10,221,samastipur,Urban,45-49,7542,3862,3680,1966,640,1326,5576,3222,2354
10,221,samastipur,Urban,50-54,5932,3201,2731,1652,559,1093,4280,2642,1638
10,221,samastipur,Urban,55-59,4839,2668,2171,1322,383,939,3517,2285,1232
10,221,samastipur,Urban,60-64,4083,2116,1967,1475,452,1023,2608,1664,944
10,221,samastipur,Urban,65-69,2776,1478,1298,1040,324,716,1736,1154,582
10,221,samastipur,Urban,70-74,1726,930,796,675,237,438,1051,693,358
10,221,samastipur,Urban,75-79,797,395,402,307,79,228,490,316,174
10,221,samastipur,Urban,80+,853,392,461,370,97,273,483,295,188
10,221,samastipur,Urban,Age not stated,744,371,373,175,64,111,569,307,262
10,222,begusarai,Total,All ages,2970541,1567660,1402881,1421868,649153,772715,1548673,918507,630166
10,222,begusarai,Total,0-6,545965,284517,261448,545965,284517,261448,0,0,0
10,222,begusarai,Total,7,79395,41287,38108,27249,13536,13713,52146,27751,24395
10,222,begusarai,Total,8,99324,51708,47616,23605,11574,12031,75719,40134,35585
10,222,begusarai,Total,9,72655,37717,34938,14964,7278,7686,57691,30439,27252
10,222,begusarai,Total,10,113908,59786,54122,23213,11342,11871,90695,48444,42251
10,222,begusarai,Total,11,71862,37907,33955,11739,5735,6004,60123,32172,27951
10,222,begusarai,Total,12,94380,50001,44379,14463,7115,7348,79917,42886,37031
10,222,begusarai,Total,13,65658,34528,31130,9170,4444,4726,56488,30084,26404
10,222,begusarai,Total,14,66280,35769,30511,10185,5123,5062,56095,30646,25449
10,222,begusarai,Total,15,65411,37865,27546,12202,6717,5485,53209,31148,22061
10,222,begusarai,Total,16,56167,33436,22731,10967,6268,4699,45200,27168,18032
10,222,begusarai,Total,17,39075,23654,15421,7425,4135,3290,31650,19519,12131
10,222,begusarai,Total,18,64563,38565,25998,16461,8287,8174,48102,30278,17824
10,222,begusarai,Total,19,40565,21859,18706,10246,4280,5966,30319,17579,12740
10,222,begusarai,Total,20-24,245902,129191,116711,78959,31209,47750,166943,97982,68961
10,222,begusarai,Total,25-29,230578,116743,113835,87055,33197,53858,143523,83546,59977
10,222,begusarai,Total,30-34,206795,105499,101296,85459,33110,52349,121336,72389,48947
10,222,begusarai,Total,35-39,183090,96201,86889,81214,32265,48949,101876,63936,37940
10,222,begusarai,Total,40-44,141230,76606,64624,67972,28198,39774,73258,48408,24850
10,222,begusarai,Total,45-49,113759,59560,54199,59422,23075,36347,54337,36485,17852
10,222,begusarai,Total,50-54,87649,47709,39940,48358,20049,28309,39291,27660,11631
10,222,begusarai,Total,55-59,74549,35434,39115,43717,14309,29408,30832,21125,9707
10,222,begusarai,Total,60-64,83714,42673,41041,51788,19918,31870,31926,22755,9171
10,222,begusarai,Total,65-69,56420,29972,26448,34995,14001,20994,21425,15971,5454
10,222,begusarai,Total,70-74,36276,20453,15823,23539,10542,12997,12737,9911,2826
10,222,begusarai,Total,75-79,13860,7591,6269,8753,3600,5153,5107,3991,1116
10,222,begusarai,Total,80+,17528,9029,8499,11234,4528,6706,6294,4501,1793
10,222,begusarai,Total,Age not stated,3983,2400,1583,1549,801,748,2434,1599,835
10,222,begusarai,Rural,All ages,2400718,1266308,1134410,1194726,544428,650298,1205992,721880,484112
10,222,begusarai,Rural,0-6,449629,234183,215446,449629,234183,215446,0,0,0
10,222,begusarai,Rural,7,65199,33844,31355,22858,11319,11539,42341,22525,19816
10,222,begusarai,Rural,8,82092,42686,39406,19843,9706,10137,62249,32980,29269
10,222,begusarai,Rural,9,60048,31226,28822,12612,6131,6481,47436,25095,22341
10,222,begusarai,Rural,10,94267,49421,44846,19596,9484,10112,74671,39937,34734
10,222,begusarai,Rural,11,58856,30986,27870,9948,4813,5135,48908,26173,22735
10,222,begusarai,Rural,12,77316,41025,36291,12150,5928,6222,65166,35097,30069
10,222,begusarai,Rural,13,53217,28102,25115,7692,3737,3955,45525,24365,21160
10,222,begusarai,Rural,14,53134,28804,24330,8515,4251,4264,44619,24553,20066
10,222,begusarai,Rural,15,52296,30536,21760,10213,5594,4619,42083,24942,17141
10,222,begusarai,Rural,16,44188,26595,17593,9097,5195,3902,35091,21400,13691
10,222,begusarai,Rural,17,30051,18481,11570,6147,3414,2733,23904,15067,8837
10,222,begusarai,Rural,18,51081,30685,20396,13722,6805,6917,37359,23880,13479
10,222,begusarai,Rural,19,31772,17053,14719,8636,3548,5088,23136,13505,9631
10,222,begusarai,Rural,20-24,195837,102528,93309,67061,26161,40900,128776,76367,52409
10,222,begusarai,Rural,25-29,184224,93032,91192,74304,28172,46132,109920,64860,45060
10,222,begusarai,Rural,30-34,165507,84174,81333,73227,28276,44951,92280,55898,36382
10,222,begusarai,Rural,35-39,145853,76767,69086,69264,27595,41669,76589,49172,27417
10,222,begusarai,Rural,40-44,112146,60684,51462,57950,24090,33860,54196,36594,17602
10,222,begusarai,Rural,45-49,90351,47158,43193,50603,19805,30798,39748,27353,12395
10,222,begusarai,Rural,50-54,69801,38042,31759,41134,17289,23845,28667,20753,7914
10,222,begusarai,Rural,55-59,59681,27966,31715,37273,12302,24971,22408,15664,6744
10,222,begusarai,Rural,60-64,68683,34965,33718,44455,17306,27149,24228,17659,6569
10,222,begusarai,Rural,65-69,46447,24770,21677,30090,12317,17773,16357,12453,3904
10,222,begusarai,Rural,70-74,29789,16837,12952,20199,9217,10982,9590,7620,1970
10,222,begusarai,Rural,75-79,11351,6219,5132,7521,3137,4384,3830,3082,748
10,222,begusarai,Rural,80+,14492,7507,6985,9634,3959,5675,4858,3548,1310
10,222,begusarai,Rural,Age not stated,3410,2032,1378,1353,694,659,2057,1338,719
10,222,begusarai,Urban,All ages,569823,301352,268471,227142,104725,122417,342681,196627,146054
10,222,begusarai,Urban,0-6,96336,50334,46002,96336,50334,46002,0,0,0
10,222,begusarai,Urban,7,14196,7443,6753,4391,2217,2174,9805,5226,4579
10,222,begusarai,Urban,8,17232,9022,8210,3762,1868,1894,13470,7154,6316
10,222,begusarai,Urban,9,12607,6491,6116,2352,1147,1205,10255,5344,4911
10,222,begusarai,Urban,10,19641,10365,9276,3617,1858,1759,16024,8507,7517
10,222,begusarai,Urban,11,13006,6921,6085,1791,922,869,11215,5999,5216
10,222,begusarai,Urban,12,17064,8976,8088,2313,1187,1126,14751,7789,6962
10,222,begusarai,Urban,13,12441,6426,6015,1478,707,771,10963,5719,5244
10,222,begusarai,Urban,14,13146,6965,6181,1670,872,798,11476,6093,5383
10,222,begusarai,Urban,15,13115,7329,5786,1989,1123,866,11126,6206,4920
10,222,begusarai,Urban,16,11979,6841,5138,1870,1073,797,10109,5768,4341
10,222,begusarai,Urban,17,9024,5173,3851,1278,721,557,7746,4452,3294
10,222,begusarai,Urban,18,13482,7880,5602,2739,1482,1257,10743,6398,4345
10,222,begusarai,Urban,19,8793,4806,3987,1610,732,878,7183,4074,3109
10,222,begusarai,Urban,20-24,50065,26663,23402,11898,5048,6850,38167,21615,16552
10,222,begusarai,Urban,25-29,46354,23711,22643,12751,5025,7726,33603,18686,14917
10,222,begusarai,Urban,30-34,41288,21325,19963,12232,4834,7398,29056,16491,12565
10,222,begusarai,Urban,35-39,37237,19434,17803,11950,4670,7280,25287,14764,10523
10,222,begusarai,Urban,40-44,29084,15922,13162,10022,4108,5914,19062,11814,7248
10,222,begusarai,Urban,45-49,23408,12402,11006,8819,3270,5549,14589,9132,5457
10,222,begusarai,Urban,50-54,17848,9667,8181,7224,2760,4464,10624,6907,3717
10,222,begusarai,Urban,55-59,14868,7468,7400,6444,2007,4437,8424,5461,2963
10,222,begusarai,Urban,60-64,15031,7708,7323,7333,2612,4721,7698,5096,2602
10,222,begusarai,Urban,65-69,9973,5202,4771,4905,1684,3221,5068,3518,1550
10,222,begusarai,Urban,70-74,6487,3616,2871,3340,1325,2015,3147,2291,856
10,222,begusarai,Urban,75-79,2509,1372,1137,1232,463,769,1277,909,368
10,222,begusarai,Urban,80+,3036,1522,1514,1600,569,1031,1436,953,483
10,222,begusarai,Urban,Age not stated,573,368,205,196,107,89,377,261,116
10,223,khagaria,Total,All ages,1666886,883786,783100,898858,422633,476225,768028,461153,306875
10,223,khagaria,Total,0-6,340880,177007,163873,340880,177007,163873,0,0,0
10,223,khagaria,Total,7,44257,22892,21365,18339,9052,9287,25918,13840,12078
10,223,khagaria,Total,8,63235,33182,30053,19576,9564,10012,43659,23618,20041
10,223,khagaria,Total,9,38936,20419,18517,9753,4785,4968,29183,15634,13549
10,223,khagaria,Total,10,67264,35560,31704,16376,7884,8492,50888,27676,23212
10,223,khagaria,Total,11,36986,19616,17370,7527,3693,3834,29459,15923,13536
10,223,khagaria,Total,12,55108,29703,25405,11540,5528,6012,43568,24175,19393
10,223,khagaria,Total,13,34268,18275,15993,6396,3085,3311,27872,15190,12682
10,223,khagaria,Total,14,37033,20473,16560,7715,3917,3798,29318,16556,12762
10,223,khagaria,Total,15,35658,21030,14628,8486,4655,3831,27172,16375,10797
10,223,khagaria,Total,16,31193,19170,12023,7626,4345,3281,23567,14825,8742
10,223,khagaria,Total,17,19424,11942,7482,4691,2587,2104,14733,9355,5378
10,223,khagaria,Total,18,35550,21902,13648,10934,5673,5261,24616,16229,8387
10,223,khagaria,Total,19,21075,10823,10252,6975,2619,4356,14100,8204,5896
10,223,khagaria,Total,20-24,130795,67910,62885,51620,20544,31076,79175,47366,31809
10,223,khagaria,Total,25-29,122983,62588,60395,54899,22077,32822,68084,40511,27573
10,223,khagaria,Total,30-34,111990,56632,55358,54007,21873,32134,57983,34759,23224
10,223,khagaria,Total,35-39,101096,53480,47616,52019,22426,29593,49077,31054,18023
10,223,khagaria,Total,40-44,78678,43063,35615,43539,19675,23864,35139,23388,11751
10,223,khagaria,Total,45-49,63767,33800,29967,37661,16170,21491,26106,17630,8476
10,223,khagaria,Total,50-54,48447,27052,21395,29880,14043,15837,18567,13009,5558
10,223,khagaria,Total,55-59,40282,19351,20931,25850,9592,16258,14432,9759,4673
10,223,khagaria,Total,60-64,43379,22383,20996,29299,12437,16862,14080,9946,4134
10,223,khagaria,Total,65-69,30346,16392,13954,20479,8969,11510,9867,7423,2444
10,223,khagaria,Total,70-74,18167,10477,7690,12431,5954,6477,5736,4523,1213
10,223,khagaria,Total,75-79,6741,3680,3061,4475,1925,2550,2266,1755,511
10,223,khagaria,Total,80+,8434,4442,3992,5411,2310,3101,3023,2132,891
10,223,khagaria,Total,Age not stated,914,542,372,474,244,230,440,298,142
10,223,khagaria,Rural,All ages,1579727,837281,742446,867683,407981,459702,712044,429300,282744
10,223,khagaria,Rural,0-6,326674,169610,157064,326674,169610,157064,0,0,0
10,223,khagaria,Rural,7,42311,21866,20445,17738,8768,8970,24573,13098,11475
10,223,khagaria,Rural,8,60538,31752,28786,19096,9313,9783,41442,22439,19003
10,223,khagaria,Rural,9,37255,19529,17726,9518,4660,4858,27737,14869,12868
10,223,khagaria,Rural,10,64360,34030,30330,15948,7673,8275,48412,26357,22055
10,223,khagaria,Rural,11,35150,18692,16458,7334,3598,3736,27816,15094,12722
10,223,khagaria,Rural,12,52445,28319,24126,11214,5374,5840,41231,22945,18286
10,223,khagaria,Rural,13,32443,17323,15120,6233,2995,3238,26210,14328,11882
10,223,khagaria,Rural,14,34908,19387,15521,7458,3781,3677,27450,15606,11844
10,223,khagaria,Rural,15,33671,19951,13720,8234,4514,3720,25437,15437,10000
10,223,khagaria,Rural,16,29336,18130,11206,7394,4224,3170,21942,13906,8036
10,223,khagaria,Rural,17,18002,11142,6860,4522,2495,2027,13480,8647,4833
10,223,khagaria,Rural,18,33343,20639,12704,10539,5462,5077,22804,15177,7627
10,223,khagaria,Rural,19,19691,10078,9613,6756,2528,4228,12935,7550,5385
10,223,khagaria,Rural,20-24,122957,63696,59261,50070,19842,30228,72887,43854,29033
10,223,khagaria,Rural,25-29,116190,58928,57262,53396,21432,31964,62794,37496,25298
10,223,khagaria,Rural,30-34,105786,53473,52313,52456,21276,31180,53330,32197,21133
10,223,khagaria,Rural,35-39,95464,50494,44970,50492,21825,28667,44972,28669,16303
10,223,khagaria,Rural,40-44,73961,40493,33468,42126,19099,23027,31835,21394,10441
10,223,khagaria,Rural,45-49,59704,31552,28152,36440,15674,20766,23264,15878,7386
10,223,khagaria,Rural,50-54,45411,25307,20104,28885,13606,15279,16526,11701,4825
10,223,khagaria,Rural,55-59,37895,18048,19847,25054,9305,15749,12841,8743,4098
10,223,khagaria,Rural,60-64,41265,21277,19988,28428,12110,16318,12837,9167,3670
10,223,khagaria,Rural,65-69,28781,15572,13209,19802,8738,11064,8979,6834,2145
10,223,khagaria,Rural,70-74,17177,9915,7262,11990,5770,6220,5187,4145,1042
10,223,khagaria,Rural,75-79,6263,3425,2838,4260,1855,2405,2003,1570,433
10,223,khagaria,Rural,80+,7913,4160,3753,5186,2226,2960,2727,1934,793
10,223,khagaria,Rural,Age not stated,833,493,340,440,228,212,393,265,128
10,223,khagaria,Urban,All ages,87159,46505,40654,31175,14652,16523,55984,31853,24131
10,223,khagaria,Urban,0-6,14206,7397,6809,14206,7397,6809,0,0,0
10,223,khagaria,Urban,7,1946,1026,920,601,284,317,1345,742,603
10,223,khagaria,Urban,8,2697,1430,1267,480,251,229,2217,1179,1038
10,223,khagaria,Urban,9,1681,890,791,235,125,110,1446,765,681
10,223,khagaria,Urban,10,2904,1530,1374,428,211,217,2476,1319,1157
10,223,khagaria,Urban,11,1836,924,912,193,95,98,1643,829,814
10,223,khagaria,Urban,12,2663,1384,1279,326,154,172,2337,1230,1107
10,223,khagaria,Urban,13,1825,952,873,163,90,73,1662,862,800
10,223,khagaria,Urban,14,2125,1086,1039,257,136,121,1868,950,918
10,223,khagaria,Urban,15,1987,1079,908,252,141,111,1735,938,797
10,223,khagaria,Urban,16,1857,1040,817,232,121,111,1625,919,706
10,223,khagaria,Urban,17,1422,800,622,169,92,77,1253,708,545
10,223,khagaria,Urban,18,2207,1263,944,395,211,184,1812,1052,760
10,223,khagaria,Urban,19,1384,745,639,219,91,128,1165,654,511
10,223,khagaria,Urban,20-24,7838,4214,3624,1550,702,848,6288,3512,2776
10,223,khagaria,Urban,25-29,6793,3660,3133,1503,645,858,5290,3015,2275
10,223,khagaria,Urban,30-34,6204,3159,3045,1551,597,954,4653,2562,2091
10,223,khagaria,Urban,35-39,5632,2986,2646,1527,601,926,4105,2385,1720
10,223,khagaria,Urban,40-44,4717,2570,2147,1413,576,837,3304,1994,1310
10,223,khagaria,Urban,45-49,4063,2248,1815,1221,496,725,2842,1752,1090
10,223,khagaria,Urban,50-54,3036,1745,1291,995,437,558,2041,1308,733
10,223,khagaria,Urban,55-59,2387,1303,1084,796,287,509,1591,1016,575
10,223,khagaria,Urban,60-64,2114,1106,1008,871,327,544,1243,779,464
10,223,khagaria,Urban,65-69,1565,820,745,677,231,446,888,589,299
10,223,khagaria,Urban,70-74,990,562,428,441,184,257,549,378,171
10,223,khagaria,Urban,75-79,478,255,223,215,70,145,263,185,78
10,223,khagaria,Urban,80+,521,282,239,225,84,141,296,198,98
10,223,khagaria,Urban,Age not stated,81,49,32,34,16,18,47,33,14
10,224,bhagalpur,Total,All ages,3037766,1615663,1422103,1464700,677994,786706,1573066,937669,635397
10,224,bhagalpur,Total,0-6,546382,281937,264445,546382,281937,264445,0,0,0
10,224,bhagalpur,Total,7,77141,39877,37264,28677,14112,14565,48464,25765,22699
10,224,bhagalpur,Total,8,100323,52127,48196,26120,12689,13431,74203,39438,34765
10,224,bhagalpur,Total,9,68327,35472,32855,15318,7276,8042,53009,28196,24813
10,224,bhagalpur,Total,10,112669,59432,53237,24084,11549,12535,88585,47883,40702
10,224,bhagalpur,Total,11,64833,34317,30516,11821,5571,6250,53012,28746,24266
10,224,bhagalpur,Total,12,92908,49608,43300,16738,8012,8726,76170,41596,34574
10,224,bhagalpur,Total,13,61295,31920,29375,10146,4647,5499,51149,27273,23876
10,224,bhagalpur,Total,14,67349,36254,31095,12224,5847,6377,55125,30407,24718
10,224,bhagalpur,Total,15,69184,39397,29787,15229,7961,7268,53955,31436,22519
10,224,bhagalpur,Total,16,59165,34311,24854,12965,6787,6178,46200,27524,18676
10,224,bhagalpur,Total,17,42722,25358,17364,9104,4918,4186,33618,20440,13178
10,224,bhagalpur,Total,18,69881,42408,27473,18695,9865,8830,51186,32543,18643
10,224,bhagalpur,Total,19,43024,23691,19333,11778,5052,6726,31246,18639,12607
10,224,bhagalpur,Total,20-24,246480,135459,111021,80432,33613,46819,166048,101846,64202
10,224,bhagalpur,Total,25-29,231196,119337,111859,88836,35274,53562,142360,84063,58297
10,224,bhagalpur,Total,30-34,207274,106314,100960,86098,34673,51425,121176,71641,49535
10,224,bhagalpur,Total,35-39,191368,100632,90736,85556,35802,49754,105812,64830,40982
10,224,bhagalpur,Total,40-44,151916,83588,68328,71673,31792,39881,80243,51796,28447
10,224,bhagalpur,Total,45-49,124102,66130,57972,61375,25515,35860,62727,40615,22112
10,224,bhagalpur,Total,50-54,96960,53274,43686,50332,22026,28306,46628,31248,15380
10,224,bhagalpur,Total,55-59,80375,39108,41267,43472,15022,28450,36903,24086,12817
10,224,bhagalpur,Total,60-64,87101,45026,42075,51999,20877,31122,35102,24149,10953
10,224,bhagalpur,Total,65-69,61029,32812,28217,36608,15277,21331,24421,17535,6886
10,224,bhagalpur,Total,70-74,38720,22552,16168,23741,11048,12693,14979,11504,3475
10,224,bhagalpur,Total,75-79,14888,8418,6470,8502,3633,4869,6386,4785,1601
10,224,bhagalpur,Total,80+,18581,9937,8644,11024,4543,6481,7557,5394,2163
10,224,bhagalpur,Total,Age not stated,12573,6967,5606,5771,2676,3095,6802,4291,2511
10,224,bhagalpur,Rural,All ages,2435234,1295386,1139848,1251528,578596,672932,1183706,716790,466916
10,224,bhagalpur,Rural,0-6,457010,235266,221744,457010,235266,221744,0,0,0
10,224,bhagalpur,Rural,7,63753,33056,30697,23963,11751,12212,39790,21305,18485
10,224,bhagalpur,Rural,8,84339,43732,40607,22527,10890,11637,61812,32842,28970
10,224,bhagalpur,Rural,9,56753,29375,27378,13039,6124,6915,43714,23251,20463
10,224,bhagalpur,Rural,10,93641,49326,44315,20497,9743,10754,73144,39583,33561
10,224,bhagalpur,Rural,11,52676,27788,24888,9983,4657,5326,42693,23131,19562
10,224,bhagalpur,Rural,12,76850,41183,35667,14549,6885,7664,62301,34298,28003
10,224,bhagalpur,Rural,13,49285,25741,23544,8699,3950,4749,40586,21791,18795
10,224,bhagalpur,Rural,14,53970,29400,24570,10496,5006,5490,43474,24394,19080
10,224,bhagalpur,Rural,15,55512,32070,23442,13208,6868,6340,42304,25202,17102
10,224,bhagalpur,Rural,16,46094,27237,18857,11068,5812,5256,35026,21425,13601
10,224,bhagalpur,Rural,17,32197,19680,12517,7664,4184,3480,24533,15496,9037
10,224,bhagalpur,Rural,18,54413,33766,20647,15832,8406,7426,38581,25360,13221
10,224,bhagalpur,Rural,19,32829,18251,14578,10078,4270,5808,22751,13981,8770
10,224,bhagalpur,Rural,20-24,190394,104729,85665,69467,28622,40845,120927,76107,44820
10,224,bhagalpur,Rural,25-29,181759,93343,88416,77670,30641,47029,104089,62702,41387
10,224,bhagalpur,Rural,30-34,163887,83750,80137,75401,30368,45033,88486,53382,35104
10,224,bhagalpur,Rural,35-39,151706,79866,71840,74854,31458,43396,76852,48408,28444
10,224,bhagalpur,Rural,40-44,118676,65512,53164,62075,27755,34320,56601,37757,18844
10,224,bhagalpur,Rural,45-49,95918,51091,44827,52956,22251,30705,42962,28840,14122
10,224,bhagalpur,Rural,50-54,74816,41141,33675,43173,19220,23953,31643,21921,9722
10,224,bhagalpur,Rural,55-59,62461,29848,32613,37678,13158,24520,24783,16690,8093
10,224,bhagalpur,Rural,60-64,69001,35337,33664,44903,18249,26654,24098,17088,7010
10,224,bhagalpur,Rural,65-69,48981,26192,22789,32093,13560,18533,16888,12632,4256
10,224,bhagalpur,Rural,70-74,30910,17995,12915,20581,9816,10765,10329,8179,2150
10,224,bhagalpur,Rural,75-79,11593,6573,5020,7337,3225,4112,4256,3348,908
10,224,bhagalpur,Rural,80+,14622,7942,6680,9410,4011,5399,5212,3931,1281
10,224,bhagalpur,Rural,Age not stated,11188,6196,4992,5317,2450,2867,5871,3746,2125
10,224,bhagalpur,Urban,All ages,602532,320277,282255,213172,99398,113774,389360,220879,168481
10,224,bhagalpur,Urban,0-6,89372,46671,42701,89372,46671,42701,0,0,0
10,224,bhagalpur,Urban,7,13388,6821,6567,4714,2361,2353,8674,4460,4214
10,224,bhagalpur,Urban,8,15984,8395,7589,3593,1799,1794,12391,6596,5795
10,224,bhagalpur,Urban,9,11574,6097,5477,2279,1152,1127,9295,4945,4350
10,224,bhagalpur,Urban,10,19028,10106,8922,3587,1806,1781,15441,8300,7141
10,224,bhagalpur,Urban,11,12157,6529,5628,1838,914,924,10319,5615,4704
10,224,bhagalpur,Urban,12,16058,8425,7633,2189,1127,1062,13869,7298,6571
10,224,bhagalpur,Urban,13,12010,6179,5831,1447,697,750,10563,5482,5081
10,224,bhagalpur,Urban,14,13379,6854,6525,1728,841,887,11651,6013,5638
10,224,bhagalpur,Urban,15,13672,7327,6345,2021,1093,928,11651,6234,5417
10,224,bhagalpur,Urban,16,13071,7074,5997,1897,975,922,11174,6099,5075
10,224,bhagalpur,Urban,17,10525,5678,4847,1440,734,706,9085,4944,4141
10,224,bhagalpur,Urban,18,15468,8642,6826,2863,1459,1404,12605,7183,5422
10,224,bhagalpur,Urban,19,10195,5440,4755,1700,782,918,8495,4658,3837
10,224,bhagalpur,Urban,20-24,56086,30730,25356,10965,4991,5974,45121,25739,19382
10,224,bhagalpur,Urban,25-29,49437,25994,23443,11166,4633,6533,38271,21361,16910
10,224,bhagalpur,Urban,30-34,43387,22564,20823,10697,4305,6392,32690,18259,14431
10,224,bhagalpur,Urban,35-39,39662,20766,18896,10702,4344,6358,28960,16422,12538
10,224,bhagalpur,Urban,40-44,33240,18076,15164,9598,4037,5561,23642,14039,9603
10,224,bhagalpur,Urban,45-49,28184,15039,13145,8419,3264,5155,19765,11775,7990
10,224,bhagalpur,Urban,50-54,22144,12133,10011,7159,2806,4353,14985,9327,5658
10,224,bhagalpur,Urban,55-59,17914,9260,8654,5794,1864,3930,12120,7396,4724
10,224,bhagalpur,Urban,60-64,18100,9689,8411,7096,2628,4468,11004,7061,3943
10,224,bhagalpur,Urban,65-69,12048,6620,5428,4515,1717,2798,7533,4903,2630
10,224,bhagalpur,Urban,70-74,7810,4557,3253,3160,1232,1928,4650,3325,1325
10,224,bhagalpur,Urban,75-79,3295,1845,1450,1165,408,757,2130,1437,693
10,224,bhagalpur,Urban,80+,3959,1995,1964,1614,532,1082,2345,1463,882
10,224,bhagalpur,Urban,Age not stated,1385,771,614,454,226,228,931,545,386
10,225,banka,Total,All ages,2034763,1067140,967623,1069442,476179,593263,965321,590961,374360
10,225,banka,Total,0-6,375282,193179,182103,375282,193179,182103,0,0,0
10,225,banka,Total,7,52039,26605,25434,20385,9942,10443,31654,16663,14991
10,225,banka,Total,8,68345,35124,33221,18093,8607,9486,50252,26517,23735
10,225,banka,Total,9,46810,24051,22759,10111,4745,5366,36699,19306,17393
10,225,banka,Total,10,74301,39556,34745,15331,7326,8005,58970,32230,26740
10,225,banka,Total,11,43163,22681,20482,7775,3539,4236,35388,19142,16246
10,225,banka,Total,12,62248,33180,29068,11355,5295,6060,50893,27885,23008
10,225,banka,Total,13,40083,21106,18977,6732,2960,3772,33351,18146,15205
10,225,banka,Total,14,41101,22197,18904,7463,3400,4063,33638,18797,14841
10,225,banka,Total,15,44563,25988,18575,9898,4984,4914,34665,21004,13661
10,225,banka,Total,16,35310,20957,14353,8049,4093,3956,27261,16864,10397
10,225,banka,Total,17,24385,14737,9648,5696,2709,2987,18689,12028,6661
10,225,banka,Total,18,43534,25763,17771,13205,5872,7333,30329,19891,10438
10,225,banka,Total,19,26964,13914,13050,8656,2920,5736,18308,10994,7314
10,225,banka,Total,20-24,157870,82760,75110,60221,21669,38552,97649,61091,36558
10,225,banka,Total,25-29,155237,77588,77649,68767,24524,44243,86470,53064,33406
10,225,banka,Total,30-34,141306,71419,69887,66824,25324,41500,74482,46095,28387
10,225,banka,Total,35-39,131150,67841,63309,66711,26106,40605,64439,41735,22704
10,225,banka,Total,40-44,104367,56991,47376,56709,24453,32256,47658,32538,15120
10,225,banka,Total,45-49,85257,44601,40656,49291,19816,29475,35966,24785,11181
10,225,banka,Total,50-54,66168,36555,29613,39843,17646,22197,26325,18909,7416
10,225,banka,Total,55-59,54825,25888,28937,34841,11963,22878,19984,13925,6059
10,225,banka,Total,60-64,59163,30198,28965,39522,15845,23677,19641,14353,5288
10,225,banka,Total,65-69,43437,22465,20972,29525,11992,17533,13912,10473,3439
10,225,banka,Total,70-74,29181,16394,12787,20459,9375,11084,8722,7019,1703
10,225,banka,Total,75-79,11464,6058,5406,7868,3243,4625,3596,2815,781
10,225,banka,Total,80+,14625,7798,6827,9793,4167,5626,4832,3631,1201
10,225,banka,Total,Age not stated,2585,1546,1039,1037,485,552,1548,1061,487
10,225,banka,Rural,All ages,1963450,1029097,934353,1041529,463165,578364,921921,565932,355989
10,225,banka,Rural,0-6,363741,187100,176641,363741,187100,176641,0,0,0
10,225,banka,Rural,7,50397,25758,24639,19885,9706,10179,30512,16052,14460
10,225,banka,Rural,8,66219,34015,32204,17718,8417,9301,48501,25598,22903
10,225,banka,Rural,9,45391,23324,22067,9970,4675,5295,35421,18649,16772
10,225,banka,Rural,10,71968,38310,33658,15038,7186,7852,56930,31124,25806
10,225,banka,Rural,11,41825,21971,19854,7663,3493,4170,34162,18478,15684
10,225,banka,Rural,12,60211,32083,28128,11094,5158,5936,49117,26925,22192
10,225,banka,Rural,13,38634,20345,18289,6587,2890,3697,32047,17455,14592
10,225,banka,Rural,14,39607,21439,18168,7290,3323,3967,32317,18116,14201
10,225,banka,Rural,15,42955,25093,17862,9661,4858,4803,33294,20235,13059
10,225,banka,Rural,16,33827,20162,13665,7830,3995,3835,25997,16167,9830
10,225,banka,Rural,17,23228,14096,9132,5531,2628,2903,17697,11468,6229
10,225,banka,Rural,18,41917,24799,17118,12871,5683,7188,29046,19116,9930
10,225,banka,Rural,19,25995,13386,12609,8483,2841,5642,17512,10545,6967
10,225,banka,Rural,20-24,151938,79508,72430,58832,21067,37765,93106,58441,34665
10,225,banka,Rural,25-29,149642,74646,74996,67274,23910,43364,82368,50736,31632
10,225,banka,Rural,30-34,136273,68834,67439,65302,24719,40583,70971,44115,26856
10,225,banka,Rural,35-39,126321,65336,60985,65211,25509,39702,61110,39827,21283
10,225,banka,Rural,40-44,100357,54768,45589,55290,23814,31476,45067,30954,14113
10,225,banka,Rural,45-49,81848,42790,39058,48027,19291,28736,33821,23499,10322
10,225,banka,Rural,50-54,63515,35052,28463,38839,17227,21612,24676,17825,6851
10,225,banka,Rural,55-59,52735,24830,27905,33993,11683,22310,18742,13147,5595
10,225,banka,Rural,60-64,57091,29087,28004,38544,15468,23076,18547,13619,4928
10,225,banka,Rural,65-69,42008,21710,20298,28803,11717,17086,13205,9993,3212
10,225,banka,Rural,70-74,28159,15820,12339,19895,9135,10760,8264,6685,1579
10,225,banka,Rural,75-79,11039,5810,5229,7660,3155,4505,3379,2655,724
10,225,banka,Rural,80+,14077,7515,6562,9483,4044,5439,4594,3471,1123
10,225,banka,Rural,Age not stated,2532,1510,1022,1014,473,541,1518,1037,481
10,225,banka,Urban,All ages,71313,38043,33270,27913,13014,14899,43400,25029,18371
10,225,banka,Urban,0-6,11541,6079,5462,11541,6079,5462,0,0,0
10,225,banka,Urban,7,1642,847,795,500,236,264,1142,611,531
10,225,banka,Urban,8,2126,1109,1017,375,190,185,1751,919,832
10,225,banka,Urban,9,1419,727,692,141,70,71,1278,657,621
10,225,banka,Urban,10,2333,1246,1087,293,140,153,2040,1106,934
10,225,banka,Urban,11,1338,710,628,112,46,66,1226,664,562
10,225,banka,Urban,12,2037,1097,940,261,137,124,1776,960,816
10,225,banka,Urban,13,1449,761,688,145,70,75,1304,691,613
10,225,banka,Urban,14,1494,758,736,173,77,96,1321,681,640
10,225,banka,Urban,15,1608,895,713,237,126,111,1371,769,602
10,225,banka,Urban,16,1483,795,688,219,98,121,1264,697,567
10,225,banka,Urban,17,1157,641,516,165,81,84,992,560,432
10,225,banka,Urban,18,1617,964,653,334,189,145,1283,775,508
10,225,banka,Urban,19,969,528,441,173,79,94,796,449,347
10,225,banka,Urban,20-24,5932,3252,2680,1389,602,787,4543,2650,1893
10,225,banka,Urban,25-29,5595,2942,2653,1493,614,879,4102,2328,1774
10,225,banka,Urban,30-34,5033,2585,2448,1522,605,917,3511,1980,1531
10,225,banka,Urban,35-39,4829,2505,2324,1500,597,903,3329,1908,1421
10,225,banka,Urban,40-44,4010,2223,1787,1419,639,780,2591,1584,1007
10,225,banka,Urban,45-49,3409,1811,1598,1264,525,739,2145,1286,859
10,225,banka,Urban,50-54,2653,1503,1150,1004,419,585,1649,1084,565
10,225,banka,Urban,55-59,2090,1058,1032,848,280,568,1242,778,464
10,225,banka,Urban,60-64,2072,1111,961,978,377,601,1094,734,360
10,225,banka,Urban,65-69,1429,755,674,722,275,447,707,480,227
10,225,banka,Urban,70-74,1022,574,448,564,240,324,458,334,124
10,225,banka,Urban,75-79,425,248,177,208,88,120,217,160,57
10,225,banka,Urban,80+,548,283,265,310,123,187,238,160,78
10,225,banka,Urban,Age not stated,53,36,17,23,12,11,30,24,6
10,226,munger,Total,All ages,1367765,729041,638724,565948,255300,310648,801817,473741,328076
10,226,munger,Total,0-6,229860,119611,110249,229860,119611,110249,0,0,0
10,226,munger,Total,7,32073,16753,15320,10220,5106,5114,21853,11647,10206
10,226,munger,Total,8,42326,22253,20073,8629,4229,4400,33697,18024,15673
10,226,munger,Total,9,28994,15399,13595,4806,2324,2482,24188,13075,11113
10,226,munger,Total,10,46803,25034,21769,7696,3787,3909,39107,21247,17860
10,226,munger,Total,11,28652,15228,13424,3683,1827,1856,24969,13401,11568
10,226,munger,Total,12,40802,22029,18773,5346,2620,2726,35456,19409,16047
10,226,munger,Total,13,28022,14756,13266,3254,1557,1697,24768,13199,11569
10,226,munger,Total,14,30406,16496,13910,3938,1988,1950,26468,14508,11960
10,226,munger,Total,15,31138,17741,13397,4823,2606,2217,26315,15135,11180
10,226,munger,Total,16,27859,15991,11868,4235,2308,1927,23624,13683,9941
10,226,munger,Total,17,20177,11862,8315,2772,1474,1298,17405,10388,7017
10,226,munger,Total,18,32175,19599,12576,6161,3184,2977,26014,16415,9599
10,226,munger,Total,19,20035,10986,9049,3840,1523,2317,16195,9463,6732
10,226,munger,Total,20-24,113935,62635,51300,27354,10945,16409,86581,51690,34891
10,226,munger,Total,25-29,106890,55217,51673,31302,11637,19665,75588,43580,32008
10,226,munger,Total,30-34,96091,49795,46296,31515,12133,19382,64576,37662,26914
10,226,munger,Total,35-39,87575,45695,41880,31387,12104,19283,56188,33591,22597
10,226,munger,Total,40-44,72219,38944,33275,27607,11412,16195,44612,27532,17080
10,226,munger,Total,45-49,60828,32220,28608,24137,9023,15114,36691,23197,13494
10,226,munger,Total,50-54,47195,26220,20975,20057,8202,11855,27138,18018,9120
10,226,munger,Total,55-59,37955,18905,19050,16963,5120,11843,20992,13785,7207
10,226,munger,Total,60-64,39637,20158,19479,20935,7371,13564,18702,12787,5915
10,226,munger,Total,65-69,27670,14319,13351,14800,5208,9592,12870,9111,3759
10,226,munger,Total,70-74,19037,10783,8254,10650,4378,6272,8387,6405,1982
10,226,munger,Total,75-79,7654,4125,3529,4050,1407,2643,3604,2718,886
10,226,munger,Total,80+,9171,4824,4347,5103,1831,3272,4068,2993,1075
10,226,munger,Total,Age not stated,2586,1463,1123,825,385,440,1761,1078,683
10,226,munger,Rural,All ages,987645,527299,460346,450624,203058,247566,537021,324241,212780
10,226,munger,Rural,0-6,176627,91677,84950,176627,91677,84950,0,0,0
10,226,munger,Rural,7,24248,12636,11612,7750,3848,3902,16498,8788,7710
10,226,munger,Rural,8,32924,17238,15686,6987,3387,3600,25937,13851,12086
10,226,munger,Rural,9,21965,11688,10277,3788,1795,1993,18177,9893,8284
10,226,munger,Rural,10,36068,19396,16672,6193,3014,3179,29875,16382,13493
10,226,munger,Rural,11,21292,11345,9947,2908,1420,1488,18384,9925,8459
10,226,munger,Rural,12,30881,16798,14083,4428,2117,2311,26453,14681,11772
10,226,munger,Rural,13,20356,10845,9511,2632,1246,1386,17724,9599,8125
10,226,munger,Rural,14,21705,11980,9725,3196,1596,1600,18509,10384,8125
10,226,munger,Rural,15,22356,13015,9341,3964,2133,1831,18392,10882,7510
10,226,munger,Rural,16,19155,11259,7896,3358,1821,1537,15797,9438,6359
10,226,munger,Rural,17,13254,8002,5252,2162,1119,1043,11092,6883,4209
10,226,munger,Rural,18,22122,13849,8273,4976,2550,2426,17146,11299,5847
10,226,munger,Rural,19,13359,7479,5880,3092,1199,1893,10267,6280,3987
10,226,munger,Rural,20-24,78185,43128,35057,22550,8799,13751,55635,34329,21306
10,226,munger,Rural,25-29,75677,38784,36893,26183,9640,16543,49494,29144,20350
10,226,munger,Rural,30-34,69104,35609,33495,26360,10099,16261,42744,25510,17234
10,226,munger,Rural,35-39,62753,32906,29847,26153,10135,16018,36600,22771,13829
10,226,munger,Rural,40-44,50324,27579,22745,22623,9576,13047,27701,18003,9698
10,226,munger,Rural,45-49,41237,21788,19449,19457,7462,11995,21780,14326,7454
10,226,munger,Rural,50-54,31799,17668,14131,16002,6769,9233,15797,10899,4898
10,226,munger,Rural,55-59,25963,12373,13590,13810,4241,9569,12153,8132,4021
10,226,munger,Rural,60-64,28703,14467,14236,17044,6221,10823,11659,8246,3413
10,226,munger,Rural,65-69,20310,10522,9788,12135,4467,7668,8175,6055,2120
10,226,munger,Rural,70-74,13816,7964,5852,8539,3717,4822,5277,4247,1030
10,226,munger,Rural,75-79,5323,2853,2470,3174,1178,1996,2149,1675,474
10,226,munger,Rural,80+,6528,3530,2998,3963,1555,2408,2565,1975,590
10,226,munger,Rural,Age not stated,1611,921,690,570,277,293,1041,644,397
10,226,munger,Urban,All ages,380120,201742,178378,115324,52242,63082,264796,149500,115296
10,226,munger,Urban,0-6,53233,27934,25299,53233,27934,25299,0,0,0
10,226,munger,Urban,7,7825,4117,3708,2470,1258,1212,5355,2859,2496
10,226,munger,Urban,8,9402,5015,4387,1642,842,800,7760,4173,3587
10,226,munger,Urban,9,7029,3711,3318,1018,529,489,6011,3182,2829
10,226,munger,Urban,10,10735,5638,5097,1503,773,730,9232,4865,4367
10,226,munger,Urban,11,7360,3883,3477,775,407,368,6585,3476,3109
10,226,munger,Urban,12,9921,5231,4690,918,503,415,9003,4728,4275
10,226,munger,Urban,13,7666,3911,3755,622,311,311,7044,3600,3444
10,226,munger,Urban,14,8701,4516,4185,742,392,350,7959,4124,3835
10,226,munger,Urban,15,8782,4726,4056,859,473,386,7923,4253,3670
10,226,munger,Urban,16,8704,4732,3972,877,487,390,7827,4245,3582
10,226,munger,Urban,17,6923,3860,3063,610,355,255,6313,3505,2808
10,226,munger,Urban,18,10053,5750,4303,1185,634,551,8868,5116,3752
10,226,munger,Urban,19,6676,3507,3169,748,324,424,5928,3183,2745
10,226,munger,Urban,20-24,35750,19507,16243,4804,2146,2658,30946,17361,13585
10,226,munger,Urban,25-29,31213,16433,14780,5119,1997,3122,26094,14436,11658
10,226,munger,Urban,30-34,26987,14186,12801,5155,2034,3121,21832,12152,9680
10,226,munger,Urban,35-39,24822,12789,12033,5234,1969,3265,19588,10820,8768
10,226,munger,Urban,40-44,21895,11365,10530,4984,1836,3148,16911,9529,7382
10,226,munger,Urban,45-49,19591,10432,9159,4680,1561,3119,14911,8871,6040
10,226,munger,Urban,50-54,15396,8552,6844,4055,1433,2622,11341,7119,4222
10,226,munger,Urban,55-59,11992,6532,5460,3153,879,2274,8839,5653,3186
10,226,munger,Urban,60-64,10934,5691,5243,3891,1150,2741,7043,4541,2502
10,226,munger,Urban,65-69,7360,3797,3563,2665,741,1924,4695,3056,1639
10,226,munger,Urban,70-74,5221,2819,2402,2111,661,1450,3110,2158,952
10,226,munger,Urban,75-79,2331,1272,1059,876,229,647,1455,1043,412
10,226,munger,Urban,80+,2643,1294,1349,1140,276,864,1503,1018,485
10,226,munger,Urban,Age not stated,975,542,433,255,108,147,720,434,286
10,227,lakhisarai,Total,All ages,1000912,526345,474567,493642,221163,272479,507270,305182,202088
10,227,lakhisarai,Total,0-6,188214,98050,90164,188214,98050,90164,0,0,0
10,227,lakhisarai,Total,7,25592,13425,12167,9045,4471,4574,16547,8954,7593
10,227,lakhisarai,Total,8,34855,18241,16614,8204,4010,4194,26651,14231,12420
10,227,lakhisarai,Total,9,23336,12002,11334,4451,2122,2329,18885,9880,9005
10,227,lakhisarai,Total,10,37412,19690,17722,6626,3141,3485,30786,16549,14237
10,227,lakhisarai,Total,11,22254,11730,10524,3299,1569,1730,18955,10161,8794
10,227,lakhisarai,Total,12,31292,16677,14615,4706,2182,2524,26586,14495,12091
10,227,lakhisarai,Total,13,20974,11082,9892,2910,1287,1623,18064,9795,8269
10,227,lakhisarai,Total,14,22662,12049,10613,3601,1609,1992,19061,10440,8621
10,227,lakhisarai,Total,15,22160,12499,9661,4390,2106,2284,17770,10393,7377
10,227,lakhisarai,Total,16,20028,11426,8602,4109,1937,2172,15919,9489,6430
10,227,lakhisarai,Total,17,13139,7660,5479,2720,1274,1446,10419,6386,4033
10,227,lakhisarai,Total,18,22733,13022,9711,6084,2626,3458,16649,10396,6253
10,227,lakhisarai,Total,19,13067,6813,6254,3619,1297,2322,9448,5516,3932
10,227,lakhisarai,Total,20-24,78164,40838,37326,26524,9829,16695,51640,31009,20631
10,227,lakhisarai,Total,25-29,74760,37527,37233,30000,10867,19133,44760,26660,18100
10,227,lakhisarai,Total,30-34,68206,34469,33737,29253,10982,18271,38953,23487,15466
10,227,lakhisarai,Total,35-39,61945,32004,29941,29104,11144,17960,32841,20860,11981
10,227,lakhisarai,Total,40-44,48890,26846,22044,24560,10421,14139,24330,16425,7905
10,227,lakhisarai,Total,45-49,39799,20716,19083,21499,8127,13372,18300,12589,5711
10,227,lakhisarai,Total,50-54,31494,17411,14083,17717,7564,10153,13777,9847,3930
10,227,lakhisarai,Total,55-59,25965,12381,13584,15424,4926,10498,10541,7455,3086
10,227,lakhisarai,Total,60-64,28229,14579,13650,17821,6889,10932,10408,7690,2718
10,227,lakhisarai,Total,65-69,20297,10520,9777,13162,5053,8109,7135,5467,1668
10,227,lakhisarai,Total,70-74,13630,8152,5478,9031,4403,4628,4599,3749,850
10,227,lakhisarai,Total,75-79,5140,2904,2236,3319,1447,1872,1821,1457,364
10,227,lakhisarai,Total,80+,5900,3195,2705,3858,1661,2197,2042,1534,508
10,227,lakhisarai,Total,Age not stated,775,437,338,392,169,223,383,268,115
10,227,lakhisarai,Rural,All ages,857901,450863,407038,435279,194718,240561,422622,256145,166477
10,227,lakhisarai,Rural,0-6,163867,85124,78743,163867,85124,78743,0,0,0
10,227,lakhisarai,Rural,7,22401,11805,10596,7994,3964,4030,14407,7841,6566
10,227,lakhisarai,Rural,8,30320,15844,14476,7205,3504,3701,23115,12340,10775
10,227,lakhisarai,Rural,9,20576,10571,10005,4001,1918,2083,16575,8653,7922
10,227,lakhisarai,Rural,10,32333,17042,15291,5830,2752,3078,26503,14290,12213
10,227,lakhisarai,Rural,11,19481,10270,9211,2979,1405,1574,16502,8865,7637
10,227,lakhisarai,Rural,12,26827,14328,12499,4121,1899,2222,22706,12429,10277
10,227,lakhisarai,Rural,13,18231,9697,8534,2583,1124,1459,15648,8573,7075
10,227,lakhisarai,Rural,14,19261,10236,9025,3144,1374,1770,16117,8862,7255
10,227,lakhisarai,Rural,15,18796,10687,8109,3878,1838,2040,14918,8849,6069
10,227,lakhisarai,Rural,16,16837,9729,7108,3608,1677,1931,13229,8052,5177
10,227,lakhisarai,Rural,17,11028,6450,4578,2391,1107,1284,8637,5343,3294
10,227,lakhisarai,Rural,18,18906,10869,8037,5287,2252,3035,13619,8617,5002
10,227,lakhisarai,Rural,19,11160,5807,5353,3274,1154,2120,7886,4653,3233
10,227,lakhisarai,Rural,20-24,65896,34355,31541,23614,8639,14975,42282,25716,16566
10,227,lakhisarai,Rural,25-29,63437,31768,31669,26774,9704,17070,36663,22064,14599
10,227,lakhisarai,Rural,30-34,58094,29267,28827,26118,9820,16298,31976,19447,12529
10,227,lakhisarai,Rural,35-39,52855,27260,25595,26023,9985,16038,26832,17275,9557
10,227,lakhisarai,Rural,40-44,41429,22779,18650,21801,9329,12472,19628,13450,6178
10,227,lakhisarai,Rural,45-49,33631,17404,16227,19116,7285,11831,14515,10119,4396
10,227,lakhisarai,Rural,50-54,26833,14840,11993,15734,6779,8955,11099,8061,3038
10,227,lakhisarai,Rural,55-59,22123,10510,11613,13707,4438,9269,8416,6072,2344
10,227,lakhisarai,Rural,60-64,24111,12451,11660,15739,6166,9573,8372,6285,2087
10,227,lakhisarai,Rural,65-69,17498,9051,8447,11753,4572,7181,5745,4479,1266
10,227,lakhisarai,Rural,70-74,11829,7081,4748,8064,3984,4080,3765,3097,668
10,227,lakhisarai,Rural,75-79,4429,2501,1928,2958,1296,1662,1471,1205,266
10,227,lakhisarai,Rural,80+,5040,2759,2281,3368,1483,1885,1672,1276,396
10,227,lakhisarai,Rural,Age not stated,672,378,294,348,146,202,324,232,92
10,227,lakhisarai,Urban,All ages,143011,75482,67529,58363,26445,31918,84648,49037,35611
10,227,lakhisarai,Urban,0-6,24347,12926,11421,24347,12926,11421,0,0,0
10,227,lakhisarai,Urban,7,3191,1620,1571,1051,507,544,2140,1113,1027
10,227,lakhisarai,Urban,8,4535,2397,2138,999,506,493,3536,1891,1645
10,227,lakhisarai,Urban,9,2760,1431,1329,450,204,246,2310,1227,1083
10,227,lakhisarai,Urban,10,5079,2648,2431,796,389,407,4283,2259,2024
10,227,lakhisarai,Urban,11,2773,1460,1313,320,164,156,2453,1296,1157
10,227,lakhisarai,Urban,12,4465,2349,2116,585,283,302,3880,2066,1814
10,227,lakhisarai,Urban,13,2743,1385,1358,327,163,164,2416,1222,1194
10,227,lakhisarai,Urban,14,3401,1813,1588,457,235,222,2944,1578,1366
10,227,lakhisarai,Urban,15,3364,1812,1552,512,268,244,2852,1544,1308
10,227,lakhisarai,Urban,16,3191,1697,1494,501,260,241,2690,1437,1253
10,227,lakhisarai,Urban,17,2111,1210,901,329,167,162,1782,1043,739
10,227,lakhisarai,Urban,18,3827,2153,1674,797,374,423,3030,1779,1251
10,227,lakhisarai,Urban,19,1907,1006,901,345,143,202,1562,863,699
10,227,lakhisarai,Urban,20-24,12268,6483,5785,2910,1190,1720,9358,5293,4065
10,227,lakhisarai,Urban,25-29,11323,5759,5564,3226,1163,2063,8097,4596,3501
10,227,lakhisarai,Urban,30-34,10112,5202,4910,3135,1162,1973,6977,4040,2937
10,227,lakhisarai,Urban,35-39,9090,4744,4346,3081,1159,1922,6009,3585,2424
10,227,lakhisarai,Urban,40-44,7461,4067,3394,2759,1092,1667,4702,2975,1727
10,227,lakhisarai,Urban,45-49,6168,3312,2856,2383,842,1541,3785,2470,1315
10,227,lakhisarai,Urban,50-54,4661,2571,2090,1983,785,1198,2678,1786,892
10,227,lakhisarai,Urban,55-59,3842,1871,1971,1717,488,1229,2125,1383,742
10,227,lakhisarai,Urban,60-64,4118,2128,1990,2082,723,1359,2036,1405,631
10,227,lakhisarai,Urban,65-69,2799,1469,1330,1409,481,928,1390,988,402
10,227,lakhisarai,Urban,70-74,1801,1071,730,967,419,548,834,652,182
10,227,lakhisarai,Urban,75-79,711,403,308,361,151,210,350,252,98
10,227,lakhisarai,Urban,80+,860,436,424,490,178,312,370,258,112
10,227,lakhisarai,Urban,Age not stated,103,59,44,44,23,21,59,36,23
10,228,sheikhpura,Total,All ages,636342,329743,306599,307666,133312,174354,328676,196431,132245
10,228,sheikhpura,Total,0-6,121647,62710,58937,121647,62710,58937,0,0,0
10,228,sheikhpura,Total,7,16412,8457,7955,5664,2722,2942,10748,5735,5013
10,228,sheikhpura,Total,8,21823,11292,10531,5023,2313,2710,16800,8979,7821
10,228,sheikhpura,Total,9,16058,8331,7727,2889,1330,1559,13169,7001,6168
10,228,sheikhpura,Total,10,23846,12648,11198,4358,2037,2321,19488,10611,8877
10,228,sheikhpura,Total,11,15129,7994,7135,2305,1036,1269,12824,6958,5866
10,228,sheikhpura,Total,12,19732,10471,9261,2903,1241,1662,16829,9230,7599
10,228,sheikhpura,Total,13,13408,6945,6463,1956,798,1158,11452,6147,5305
10,228,sheikhpura,Total,14,14262,7542,6720,2297,980,1317,11965,6562,5403
10,228,sheikhpura,Total,15,13405,7470,5935,2596,1183,1413,10809,6287,4522
10,228,sheikhpura,Total,16,12508,6960,5548,2658,1223,1435,9850,5737,4113
10,228,sheikhpura,Total,17,8237,4530,3707,1727,696,1031,6510,3834,2676
10,228,sheikhpura,Total,18,13848,7497,6351,3739,1439,2300,10109,6058,4051
10,228,sheikhpura,Total,19,8665,4288,4377,2434,817,1617,6231,3471,2760
10,228,sheikhpura,Total,20-24,48697,24819,23878,16249,5510,10739,32448,19309,13139
10,228,sheikhpura,Total,25-29,45798,22706,23092,17523,5987,11536,28275,16719,11556
10,228,sheikhpura,Total,30-34,42064,20663,21401,17131,5983,11148,24933,14680,10253
10,228,sheikhpura,Total,35-39,38632,19677,18955,17097,6193,10904,21535,13484,8051
10,228,sheikhpura,Total,40-44,30957,16582,14375,14793,5797,8996,16164,10785,5379
10,228,sheikhpura,Total,45-49,25245,13117,12128,12962,4800,8162,12283,8317,3966
10,228,sheikhpura,Total,50-54,19384,10675,8709,10286,4154,6132,9098,6521,2577
10,228,sheikhpura,Total,55-59,16785,7847,8938,9513,2855,6658,7272,4992,2280
10,228,sheikhpura,Total,60-64,19151,9933,9218,11306,4175,7131,7845,5758,2087
10,228,sheikhpura,Total,65-69,13037,6867,6170,7876,2913,4963,5161,3954,1207
10,228,sheikhpura,Total,70-74,8882,5052,3830,5582,2426,3156,3300,2626,674
10,228,sheikhpura,Total,75-79,3560,1964,1596,2122,803,1319,1438,1161,277
10,228,sheikhpura,Total,80+,4246,2214,2032,2604,1015,1589,1642,1199,443
10,228,sheikhpura,Total,Age not stated,924,492,432,426,176,250,498,316,182
10,228,sheikhpura,Rural,All ages,527340,272360,254980,262845,113236,149609,264495,159124,105371
10,228,sheikhpura,Rural,0-6,103050,52975,50075,103050,52975,50075,0,0,0
10,228,sheikhpura,Rural,7,13698,7054,6644,4870,2309,2561,8828,4745,4083
10,228,sheikhpura,Rural,8,18257,9477,8780,4353,2011,2342,13904,7466,6438
10,228,sheikhpura,Rural,9,13509,6982,6527,2502,1143,1359,11007,5839,5168
10,228,sheikhpura,Rural,10,19954,10587,9367,3747,1727,2020,16207,8860,7347
10,228,sheikhpura,Rural,11,12671,6715,5956,2009,884,1125,10662,5831,4831
10,228,sheikhpura,Rural,12,16244,8610,7634,2477,1041,1436,13767,7569,6198
10,228,sheikhpura,Rural,13,11044,5711,5333,1663,666,997,9381,5045,4336
10,228,sheikhpura,Rural,14,11719,6211,5508,1971,818,1153,9748,5393,4355
10,228,sheikhpura,Rural,15,10950,6129,4821,2232,999,1233,8718,5130,3588
10,228,sheikhpura,Rural,16,10038,5550,4488,2250,1009,1241,7788,4541,3247
10,228,sheikhpura,Rural,17,6582,3616,2966,1479,566,913,5103,3050,2053
10,228,sheikhpura,Rural,18,11114,5953,5161,3177,1168,2009,7937,4785,3152
10,228,sheikhpura,Rural,19,7147,3476,3671,2158,699,1459,4989,2777,2212
10,228,sheikhpura,Rural,20-24,39785,20057,19728,14080,4688,9392,25705,15369,10336
10,228,sheikhpura,Rural,25-29,37610,18525,19085,14995,5074,9921,22615,13451,9164
10,228,sheikhpura,Rural,30-34,34350,16812,17538,14547,5018,9529,19803,11794,8009
10,228,sheikhpura,Rural,35-39,31632,16093,15539,14563,5260,9303,17069,10833,6236
10,228,sheikhpura,Rural,40-44,25103,13386,11717,12565,4902,7663,12538,8484,4054
10,228,sheikhpura,Rural,45-49,20767,10674,10093,11082,4081,7001,9685,6593,3092
10,228,sheikhpura,Rural,50-54,16032,8832,7200,8853,3609,5244,7179,5223,1956
10,228,sheikhpura,Rural,55-59,13955,6492,7463,8166,2466,5700,5789,4026,1763
10,228,sheikhpura,Rural,60-64,16068,8383,7685,9745,3633,6112,6323,4750,1573
10,228,sheikhpura,Rural,65-69,10919,5742,5177,6814,2556,4258,4105,3186,919
10,228,sheikhpura,Rural,70-74,7560,4287,3273,4887,2140,2747,2673,2147,526
10,228,sheikhpura,Rural,75-79,3066,1665,1401,1907,721,1186,1159,944,215
10,228,sheikhpura,Rural,80+,3694,1931,1763,2318,913,1405,1376,1018,358
10,228,sheikhpura,Rural,Age not stated,822,435,387,385,160,225,437,275,162
10,228,sheikhpura,Urban,All ages,109002,57383,51619,44821,20076,24745,64181,37307,26874
10,228,sheikhpura,Urban,0-6,18597,9735,8862,18597,9735,8862,0,0,0
10,228,sheikhpura,Urban,7,2714,1403,1311,794,413,381,1920,990,930
10,228,sheikhpura,Urban,8,3566,1815,1751,670,302,368,2896,1513,1383
10,228,sheikhpura,Urban,9,2549,1349,1200,387,187,200,2162,1162,1000
10,228,sheikhpura,Urban,10,3892,2061,1831,611,310,301,3281,1751,1530
10,228,sheikhpura,Urban,11,2458,1279,1179,296,152,144,2162,1127,1035
10,228,sheikhpura,Urban,12,3488,1861,1627,426,200,226,3062,1661,1401
10,228,sheikhpura,Urban,13,2364,1234,1130,293,132,161,2071,1102,969
10,228,sheikhpura,Urban,14,2543,1331,1212,326,162,164,2217,1169,1048
10,228,sheikhpura,Urban,15,2455,1341,1114,364,184,180,2091,1157,934
10,228,sheikhpura,Urban,16,2470,1410,1060,408,214,194,2062,1196,866
10,228,sheikhpura,Urban,17,1655,914,741,248,130,118,1407,784,623
10,228,sheikhpura,Urban,18,2734,1544,1190,562,271,291,2172,1273,899
10,228,sheikhpura,Urban,19,1518,812,706,276,118,158,1242,694,548
10,228,sheikhpura,Urban,20-24,8912,4762,4150,2169,822,1347,6743,3940,2803
10,228,sheikhpura,Urban,25-29,8188,4181,4007,2528,913,1615,5660,3268,2392
10,228,sheikhpura,Urban,30-34,7714,3851,3863,2584,965,1619,5130,2886,2244
10,228,sheikhpura,Urban,35-39,7000,3584,3416,2534,933,1601,4466,2651,1815
10,228,sheikhpura,Urban,40-44,5854,3196,2658,2228,895,1333,3626,2301,1325
10,228,sheikhpura,Urban,45-49,4478,2443,2035,1880,719,1161,2598,1724,874
10,228,sheikhpura,Urban,50-54,3352,1843,1509,1433,545,888,1919,1298,621
10,228,sheikhpura,Urban,55-59,2830,1355,1475,1347,389,958,1483,966,517
10,228,sheikhpura,Urban,60-64,3083,1550,1533,1561,542,1019,1522,1008,514
10,228,sheikhpura,Urban,65-69,2118,1125,993,1062,357,705,1056,768,288
10,228,sheikhpura,Urban,70-74,1322,765,557,695,286,409,627,479,148
10,228,sheikhpura,Urban,75-79,494,299,195,215,82,133,279,217,62
10,228,sheikhpura,Urban,80+,552,283,269,286,102,184,266,181,85
10,228,sheikhpura,Urban,Age not stated,102,57,45,41,16,25,61,41,20
10,229,nalanda,Total,All ages,2877653,1497060,1380593,1357720,577502,780218,1519933,919558,600375
10,229,nalanda,Total,0-6,518681,268660,250021,518681,268660,250021,0,0,0
10,229,nalanda,Total,7,72094,37239,34855,24758,11974,12784,47336,25265,22071
10,229,nalanda,Total,8,95964,50031,45933,21970,10413,11557,73994,39618,34376
10,229,nalanda,Total,9,68947,35594,33353,13553,6273,7280,55394,29321,26073
10,229,nalanda,Total,10,102946,54416,48530,19571,9197,10374,83375,45219,38156
10,229,nalanda,Total,11,65055,34394,30661,10347,4825,5522,54708,29569,25139
10,229,nalanda,Total,12,85817,45327,40490,13532,5946,7586,72285,39381,32904
10,229,nalanda,Total,13,59272,30850,28422,8298,3484,4814,50974,27366,23608
10,229,nalanda,Total,14,62725,33213,29512,9930,4215,5715,52795,28998,23797
10,229,nalanda,Total,15,61698,34080,27618,11331,5260,6071,50367,28820,21547
10,229,nalanda,Total,16,55641,30542,25099,10708,4803,5905,44933,25739,19194
10,229,nalanda,Total,17,37557,20671,16886,7186,2950,4236,30371,17721,12650
10,229,nalanda,Total,18,64226,34872,29354,16315,6244,10071,47911,28628,19283
10,229,nalanda,Total,19,39642,20242,19400,10538,3416,7122,29104,16826,12278
10,229,nalanda,Total,20-24,224277,115678,108599,72431,24221,48210,151846,91457,60389
10,229,nalanda,Total,25-29,214586,107296,107290,79985,26319,53666,134601,80977,53624
10,229,nalanda,Total,30-34,199555,100206,99349,78456,26841,51615,121099,73365,47734
10,229,nalanda,Total,35-39,178418,91395,87023,74215,25644,48571,104203,65751,38452
10,229,nalanda,Total,40-44,145922,78668,67254,64770,23954,40816,81152,54714,26438
10,229,nalanda,Total,45-49,118302,61447,56855,58147,19929,38218,60155,41518,18637
10,229,nalanda,Total,50-54,91804,50476,41328,47127,18331,28796,44677,32145,12532
10,229,nalanda,Total,55-59,78170,37164,41006,42863,12491,30372,35307,24673,10634
10,229,nalanda,Total,60-64,87128,44186,42942,51436,17586,33850,35692,26600,9092
10,229,nalanda,Total,65-69,64918,33876,31042,39559,14039,25520,25359,19837,5522
10,229,nalanda,Total,70-74,43393,24616,18777,27238,11205,16033,16155,13411,2744
10,229,nalanda,Total,75-79,17762,9667,8095,10960,4058,6902,6802,5609,1193
10,229,nalanda,Total,80+,19954,10522,9432,12368,4609,7759,7586,5913,1673
10,229,nalanda,Total,Age not stated,3199,1732,1467,1447,615,832,1752,1117,635
10,229,nalanda,Rural,All ages,2419759,1257728,1162031,1187568,501205,686363,1232191,756523,475668
10,229,nalanda,Rural,0-6,446213,231006,215207,446213,231006,215207,0,0,0
10,229,nalanda,Rural,7,61527,31817,29710,21335,10302,11033,40192,21515,18677
10,229,nalanda,Rural,8,82274,42903,39371,19069,8931,10138,63205,33972,29233
10,229,nalanda,Rural,9,59108,30519,28589,11841,5419,6422,47267,25100,22167
10,229,nalanda,Rural,10,87839,46516,41323,17008,7902,9106,70831,38614,32217
10,229,nalanda,Rural,11,55043,29151,25892,8972,4118,4854,46071,25033,21038
10,229,nalanda,Rural,12,72314,38349,33965,11696,5020,6676,60618,33329,27289
10,229,nalanda,Rural,13,49445,25790,23655,7172,2911,4261,42273,22879,19394
10,229,nalanda,Rural,14,51819,27542,24277,8518,3516,5002,43301,24026,19275
10,229,nalanda,Rural,15,50847,28371,22476,9793,4487,5306,41054,23884,17170
10,229,nalanda,Rural,16,45091,25044,20047,9149,3997,5152,35942,21047,14895
10,229,nalanda,Rural,17,30073,16692,13381,6245,2500,3745,23828,14192,9636
10,229,nalanda,Rural,18,52101,28441,23660,14203,5267,8936,37898,23174,14724
10,229,nalanda,Rural,19,32424,16476,15948,9364,2904,6460,23060,13572,9488
10,229,nalanda,Rural,20-24,184003,94429,89574,64391,20861,43530,119612,73568,46044
10,229,nalanda,Rural,25-29,178474,88764,89710,71353,23004,48349,107121,65760,41361
10,229,nalanda,Rural,30-34,166631,83416,83215,69864,23556,46308,96767,59860,36907
10,229,nalanda,Rural,35-39,148535,75958,72577,65637,22462,43175,82898,53496,29402
10,229,nalanda,Rural,40-44,121326,65110,56216,57162,20913,36249,64164,44197,19967
10,229,nalanda,Rural,45-49,98803,51096,47707,51442,17643,33799,47361,33453,13908
10,229,nalanda,Rural,50-54,76499,42082,34417,41433,16249,25184,35066,25833,9233
10,229,nalanda,Rural,55-59,65750,30985,34765,38066,11139,26927,27684,19846,7838
10,229,nalanda,Rural,60-64,74548,37643,36905,45815,15776,30039,28733,21867,6866
10,229,nalanda,Rural,65-69,56385,29369,27016,35640,12803,22837,20745,16566,4179
10,229,nalanda,Rural,70-74,37460,21287,16173,24261,10156,14105,13199,11131,2068
10,229,nalanda,Rural,75-79,15462,8439,7023,9818,3711,6107,5644,4728,916
10,229,nalanda,Rural,80+,17168,9133,8035,10909,4160,6749,6259,4973,1286
10,229,nalanda,Rural,Age not stated,2597,1400,1197,1199,492,707,1398,908,490
10,229,nalanda,Urban,All ages,457894,239332,218562,170152,76297,93855,287742,163035,124707
10,229,nalanda,Urban,0-6,72468,37654,34814,72468,37654,34814,0,0,0
10,229,nalanda,Urban,7,10567,5422,5145,3423,1672,1751,7144,3750,3394
10,229,nalanda,Urban,8,13690,7128,6562,2901,1482,1419,10789,5646,5143
10,229,nalanda,Urban,9,9839,5075,4764,1712,854,858,8127,4221,3906
10,229,nalanda,Urban,10,15107,7900,7207,2563,1295,1268,12544,6605,5939
10,229,nalanda,Urban,11,10012,5243,4769,1375,707,668,8637,4536,4101
10,229,nalanda,Urban,12,13503,6978,6525,1836,926,910,11667,6052,5615
10,229,nalanda,Urban,13,9827,5060,4767,1126,573,553,8701,4487,4214
10,229,nalanda,Urban,14,10906,5671,5235,1412,699,713,9494,4972,4522
10,229,nalanda,Urban,15,10851,5709,5142,1538,773,765,9313,4936,4377
10,229,nalanda,Urban,16,10550,5498,5052,1559,806,753,8991,4692,4299
10,229,nalanda,Urban,17,7484,3979,3505,941,450,491,6543,3529,3014
10,229,nalanda,Urban,18,12125,6431,5694,2112,977,1135,10013,5454,4559
10,229,nalanda,Urban,19,7218,3766,3452,1174,512,662,6044,3254,2790
10,229,nalanda,Urban,20-24,40274,21249,19025,8040,3360,4680,32234,17889,14345
10,229,nalanda,Urban,25-29,36112,18532,17580,8632,3315,5317,27480,15217,12263
10,229,nalanda,Urban,30-34,32924,16790,16134,8592,3285,5307,24332,13505,10827
10,229,nalanda,Urban,35-39,29883,15437,14446,8578,3182,5396,21305,12255,9050
10,229,nalanda,Urban,40-44,24596,13558,11038,7608,3041,4567,16988,10517,6471
10,229,nalanda,Urban,45-49,19499,10351,9148,6705,2286,4419,12794,8065,4729
10,229,nalanda,Urban,50-54,15305,8394,6911,5694,2082,3612,9611,6312,3299
10,229,nalanda,Urban,55-59,12420,6179,6241,4797,1352,3445,7623,4827,2796
10,229,nalanda,Urban,60-64,12580,6543,6037,5621,1810,3811,6959,4733,2226
10,229,nalanda,Urban,65-69,8533,4507,4026,3919,1236,2683,4614,3271,1343
10,229,nalanda,Urban,70-74,5933,3329,2604,2977,1049,1928,2956,2280,676
10,229,nalanda,Urban,75-79,2300,1228,1072,1142,347,795,1158,881,277
10,229,nalanda,Urban,80+,2786,1389,1397,1459,449,1010,1327,940,387
10,229,nalanda,Urban,Age not stated,602,332,270,248,123,125,354,209,145
10,230,patna,Total,All ages,5838465,3078512,2759953,2378786,1050465,1328321,3459679,2028047,1431632
10,230,patna,Total,0-6,943552,494228,449324,943552,494228,449324,0,0,0
10,230,patna,Total,7,132782,69295,63487,49749,24732,25017,83033,44563,38470
10,230,patna,Total,8,174702,91889,82813,41272,20153,21119,133430,71736,61694
10,230,patna,Total,9,122532,64827,57705,23330,11258,12072,99202,53569,45633
10,230,patna,Total,10,190205,101246,88959,35839,17427,18412,154366,83819,70547
10,230,patna,Total,11,121290,64614,56676,18358,8832,9526,102932,55782,47150
10,230,patna,Total,12,165699,88685,77014,25360,12200,13160,140339,76485,63854
10,230,patna,Total,13,115717,59991,55726,15595,7209,8386,100122,52782,47340
10,230,patna,Total,14,130762,69181,61581,19274,9209,10065,111488,59972,51516
10,230,patna,Total,15,128637,70872,57765,21777,10990,10787,106860,59882,46978
10,230,patna,Total,16,123537,67552,55985,21070,10590,10480,102467,56962,45505
10,230,patna,Total,17,89495,49484,40011,14221,6768,7453,75274,42716,32558
10,230,patna,Total,18,144175,80563,63612,30402,14022,16380,113773,66541,47232
10,230,patna,Total,19,87670,46922,40748,18233,7275,10958,69437,39647,29790
10,230,patna,Total,20-24,492670,260913,231757,123053,47238,75815,369617,213675,155942
10,230,patna,Total,25-29,463139,235105,228034,135073,47794,87279,328066,187311,140755
10,230,patna,Total,30-34,425675,217524,208151,133864,48284,85580,291811,169240,122571
10,230,patna,Total,35-39,383353,198018,185335,129304,46315,82989,254049,151703,102346
10,230,patna,Total,40-44,313543,169227,144316,111600,42915,68685,201943,126312,75631
10,230,patna,Total,45-49,260083,136003,124080,98953,34165,64788,161130,101838,59292
10,230,patna,Total,50-54,202257,111943,90314,78918,30493,48425,123339,81450,41889
10,230,patna,Total,55-59,165602,82559,83043,68610,19340,49270,96992,63219,33773
10,230,patna,Total,60-64,168354,88510,79844,78683,27069,51614,89671,61441,28230
10,230,patna,Total,65-69,115856,61055,54801,55915,18791,37124,59941,42264,17677
10,230,patna,Total,70-74,81827,46622,35205,41377,16305,25072,40450,30317,10133
10,230,patna,Total,75-79,35930,19726,16204,17265,6135,11130,18665,13591,5074
10,230,patna,Total,80+,45812,24275,21537,23066,8378,14688,22746,15897,6849
10,230,patna,Total,Age not stated,13609,7683,5926,5073,2350,2723,8536,5333,3203
10,230,patna,Rural,All ages,3323875,1746025,1577850,1633503,710552,922951,1690372,1035473,654899
10,230,patna,Rural,0-6,613960,319223,294737,613960,319223,294737,0,0,0
10,230,patna,Rural,7,82599,42808,39791,34086,16813,17273,48513,25995,22518
10,230,patna,Rural,8,113184,59256,53928,29383,14164,15219,83801,45092,38709
10,230,patna,Rural,9,76406,40146,36260,16584,7852,8732,59822,32294,27528
10,230,patna,Rural,10,120773,64087,56686,25478,12194,13284,95295,51893,43402
10,230,patna,Rural,11,72432,38469,33963,13013,6098,6915,59419,32371,27048
10,230,patna,Rural,12,101149,54286,46863,18012,8405,9607,83137,45881,37256
10,230,patna,Rural,13,66708,34740,31968,11099,4930,6169,55609,29810,25799
10,230,patna,Rural,14,73651,39262,34389,13470,6189,7281,60181,33073,27108
10,230,patna,Rural,15,71533,40031,31502,15183,7396,7787,56350,32635,23715
10,230,patna,Rural,16,66498,37071,29427,14658,7094,7564,51840,29977,21863
10,230,patna,Rural,17,43961,24631,19330,9584,4326,5258,34377,20305,14072
10,230,patna,Rural,18,77512,43626,33886,21247,9166,12081,56265,34460,21805
10,230,patna,Rural,19,44920,23814,21106,13218,4945,8273,31702,18869,12833
10,230,patna,Rural,20-24,258368,135309,123059,89372,32462,56910,168996,102847,66149
10,230,patna,Rural,25-29,250157,126275,123882,99399,34365,65034,150758,91910,58848
10,230,patna,Rural,30-34,232920,118362,114558,97705,34546,63159,135215,83816,51399
10,230,patna,Rural,35-39,206226,106689,99537,91968,32697,59271,114258,73992,40266
10,230,patna,Rural,40-44,163716,89202,74514,77188,29771,47417,86528,59431,27097
10,230,patna,Rural,45-49,132865,68747,64118,68365,23793,44572,64500,44954,19546
10,230,patna,Rural,50-54,102338,57318,45020,53673,21471,32202,48665,35847,12818
10,230,patna,Rural,55-59,85481,40366,45115,47860,13594,34266,37621,26772,10849
10,230,patna,Rural,60-64,95274,49345,45929,56124,19873,36251,39150,29472,9678
10,230,patna,Rural,65-69,68576,35771,32805,41182,14323,26859,27394,21448,5946
10,230,patna,Rural,70-74,48359,27696,20663,29898,12450,17448,18461,15246,3215
10,230,patna,Rural,75-79,20285,11035,9250,12406,4679,7727,7879,6356,1523
10,230,patna,Rural,80+,27014,14525,12489,16215,6270,9945,10799,8255,2544
10,230,patna,Rural,Age not stated,7010,3935,3075,3173,1463,1710,3837,2472,1365
10,230,patna,Urban,All ages,2514590,1332487,1182103,745283,339913,405370,1769307,992574,776733
10,230,patna,Urban,0-6,329592,175005,154587,329592,175005,154587,0,0,0
10,230,patna,Urban,7,50183,26487,23696,15663,7919,7744,34520,18568,15952
10,230,patna,Urban,8,61518,32633,28885,11889,5989,5900,49629,26644,22985
10,230,patna,Urban,9,46126,24681,21445,6746,3406,3340,39380,21275,18105
10,230,patna,Urban,10,69432,37159,32273,10361,5233,5128,59071,31926,27145
10,230,patna,Urban,11,48858,26145,22713,5345,2734,2611,43513,23411,20102
10,230,patna,Urban,12,64550,34399,30151,7348,3795,3553,57202,30604,26598
10,230,patna,Urban,13,49009,25251,23758,4496,2279,2217,44513,22972,21541
10,230,patna,Urban,14,57111,29919,27192,5804,3020,2784,51307,26899,24408
10,230,patna,Urban,15,57104,30841,26263,6594,3594,3000,50510,27247,23263
10,230,patna,Urban,16,57039,30481,26558,6412,3496,2916,50627,26985,23642
10,230,patna,Urban,17,45534,24853,20681,4637,2442,2195,40897,22411,18486
10,230,patna,Urban,18,66663,36937,29726,9155,4856,4299,57508,32081,25427
10,230,patna,Urban,19,42750,23108,19642,5015,2330,2685,37735,20778,16957
10,230,patna,Urban,20-24,234302,125604,108698,33681,14776,18905,200621,110828,89793
10,230,patna,Urban,25-29,212982,108830,104152,35674,13429,22245,177308,95401,81907
10,230,patna,Urban,30-34,192755,99162,93593,36159,13738,22421,156596,85424,71172
10,230,patna,Urban,35-39,177127,91329,85798,37336,13618,23718,139791,77711,62080
10,230,patna,Urban,40-44,149827,80025,69802,34412,13144,21268,115415,66881,48534
10,230,patna,Urban,45-49,127218,67256,59962,30588,10372,20216,96630,56884,39746
10,230,patna,Urban,50-54,99919,54625,45294,25245,9022,16223,74674,45603,29071
10,230,patna,Urban,55-59,80121,42193,37928,20750,5746,15004,59371,36447,22924
10,230,patna,Urban,60-64,73080,39165,33915,22559,7196,15363,50521,31969,18552
10,230,patna,Urban,65-69,47280,25284,21996,14733,4468,10265,32547,20816,11731
10,230,patna,Urban,70-74,33468,18926,14542,11479,3855,7624,21989,15071,6918
10,230,patna,Urban,75-79,15645,8691,6954,4859,1456,3403,10786,7235,3551
10,230,patna,Urban,80+,18798,9750,9048,6851,2108,4743,11947,7642,4305
10,230,patna,Urban,Age not stated,6599,3748,2851,1900,887,1013,4699,2861,1838
10,231,bhojpur,Total,All ages,2728407,1430380,1298027,1129256,456894,672362,1599151,973486,625665
10,231,bhojpur,Total,0-6,459187,239364,219823,459187,239364,219823,0,0,0
10,231,bhojpur,Total,7,68513,35638,32875,21882,10598,11284,46631,25040,21591
10,231,bhojpur,Total,8,87503,46175,41328,17153,8010,9143,70350,38165,32185
10,231,bhojpur,Total,9,59967,31290,28677,9391,4232,5159,50576,27058,23518
10,231,bhojpur,Total,10,94189,50315,43874,14889,6813,8076,79300,43502,35798
10,231,bhojpur,Total,11,59344,31326,28018,7510,3183,4327,51834,28143,23691
10,231,bhojpur,Total,12,81791,43502,38289,9992,4162,5830,71799,39340,32459
10,231,bhojpur,Total,13,57552,30109,27443,6241,2441,3800,51311,27668,23643
10,231,bhojpur,Total,14,64138,33603,30535,7641,2912,4729,56497,30691,25806
10,231,bhojpur,Total,15,63560,34599,28961,9087,3737,5350,54473,30862,23611
10,231,bhojpur,Total,16,58853,31869,26984,8593,3371,5222,50260,28498,21762
10,231,bhojpur,Total,17,40993,22585,18408,5836,2196,3640,35157,20389,14768
10,231,bhojpur,Total,18,66820,38098,28722,12066,4537,7529,54754,33561,21193
10,231,bhojpur,Total,19,38039,20685,17354,7039,2248,4791,31000,18437,12563
10,231,bhojpur,Total,20-24,217957,117121,100836,51256,15750,35506,166701,101371,65330
10,231,bhojpur,Total,25-29,203981,103208,100773,59382,16463,42919,144599,86745,57854
10,231,bhojpur,Total,30-34,187150,92852,94298,61618,16987,44631,125532,75865,49667
10,231,bhojpur,Total,35-39,170949,86716,84233,61314,17402,43912,109635,69314,40321
10,231,bhojpur,Total,40-44,139323,73965,65358,53851,16737,37114,85472,57228,28244
10,231,bhojpur,Total,45-49,115650,59311,56339,48948,13708,35240,66702,45603,21099
10,231,bhojpur,Total,50-54,91013,49647,41366,40214,13257,26957,50799,36390,14409
10,231,bhojpur,Total,55-59,76245,36239,40006,37213,8911,28302,39032,27328,11704
10,231,bhojpur,Total,60-64,80513,42486,38027,41284,13060,28224,39229,29426,9803
10,231,bhojpur,Total,65-69,56516,29483,27033,29953,9060,20893,26563,20423,6140
10,231,bhojpur,Total,70-74,41966,24003,17963,23238,8704,14534,18728,15299,3429
10,231,bhojpur,Total,75-79,18019,10026,7993,9944,3447,6497,8075,6579,1496
10,231,bhojpur,Total,80+,23117,12822,10295,12481,4633,7848,10636,8189,2447
10,231,bhojpur,Total,Age not stated,5559,3343,2216,2053,971,1082,3506,2372,1134
10,231,bhojpur,Rural,All ages,2338546,1224274,1114272,999483,399555,599928,1339063,824719,514344
10,231,bhojpur,Rural,0-6,402269,209464,192805,402269,209464,192805,0,0,0
10,231,bhojpur,Rural,7,59877,31173,28704,19413,9403,10010,40464,21770,18694
10,231,bhojpur,Rural,8,76519,40306,36213,14925,6902,8023,61594,33404,28190
10,231,bhojpur,Rural,9,52334,27249,25085,8205,3632,4573,44129,23617,20512
10,231,bhojpur,Rural,10,81869,43702,38167,12906,5850,7056,68963,37852,31111
10,231,bhojpur,Rural,11,51246,27117,24129,6457,2679,3778,44789,24438,20351
10,231,bhojpur,Rural,12,70623,37646,32977,8587,3440,5147,62036,34206,27830
10,231,bhojpur,Rural,13,49487,25988,23499,5356,2023,3333,44131,23965,20166
10,231,bhojpur,Rural,14,54818,28792,26026,6531,2390,4141,48287,26402,21885
10,231,bhojpur,Rural,15,54168,29623,24545,7850,3091,4759,46318,26532,19786
10,231,bhojpur,Rural,16,49531,26883,22648,7351,2748,4603,42180,24135,18045
10,231,bhojpur,Rural,17,33981,18796,15185,4947,1771,3176,29034,17025,12009
10,231,bhojpur,Rural,18,56283,32201,24082,10436,3704,6732,45847,28497,17350
10,231,bhojpur,Rural,19,31756,17193,14563,6240,1873,4367,25516,15320,10196
10,231,bhojpur,Rural,20-24,182857,97975,84882,45462,13289,32173,137395,84686,52709
10,231,bhojpur,Rural,25-29,172782,86876,85906,53123,14203,38920,119659,72673,46986
10,231,bhojpur,Rural,30-34,159456,78661,80795,55450,14762,40688,104006,63899,40107
10,231,bhojpur,Rural,35-39,145446,73689,71757,55016,15286,39730,90430,58403,32027
10,231,bhojpur,Rural,40-44,118055,62547,55508,48202,14721,33481,69853,47826,22027
10,231,bhojpur,Rural,45-49,98091,50075,48016,44028,12115,31913,54063,37960,16103
10,231,bhojpur,Rural,50-54,77261,42148,35113,36074,11862,24212,41187,30286,10901
10,231,bhojpur,Rural,55-59,65048,30626,34422,33589,8045,25544,31459,22581,8878
10,231,bhojpur,Rural,60-64,69111,36563,32548,37039,11828,25211,32072,24735,7337
10,231,bhojpur,Rural,65-69,48909,25426,23483,27041,8243,18798,21868,17183,4685
10,231,bhojpur,Rural,70-74,36361,20815,15546,20958,7939,13019,15403,12876,2527
10,231,bhojpur,Rural,75-79,15630,8716,6914,8996,3182,5814,6634,5534,1100
10,231,bhojpur,Rural,80+,20080,11203,8877,11207,4244,6963,8873,6959,1914
10,231,bhojpur,Rural,Age not stated,4698,2821,1877,1825,866,959,2873,1955,918
10,231,bhojpur,Urban,All ages,389861,206106,183755,129773,57339,72434,260088,148767,111321
10,231,bhojpur,Urban,0-6,56918,29900,27018,56918,29900,27018,0,0,0
10,231,bhojpur,Urban,7,8636,4465,4171,2469,1195,1274,6167,3270,2897
10,231,bhojpur,Urban,8,10984,5869,5115,2228,1108,1120,8756,4761,3995
10,231,bhojpur,Urban,9,7633,4041,3592,1186,600,586,6447,3441,3006
10,231,bhojpur,Urban,10,12320,6613,5707,1983,963,1020,10337,5650,4687
10,231,bhojpur,Urban,11,8098,4209,3889,1053,504,549,7045,3705,3340
10,231,bhojpur,Urban,12,11168,5856,5312,1405,722,683,9763,5134,4629
10,231,bhojpur,Urban,13,8065,4121,3944,885,418,467,7180,3703,3477
10,231,bhojpur,Urban,14,9320,4811,4509,1110,522,588,8210,4289,3921
10,231,bhojpur,Urban,15,9392,4976,4416,1237,646,591,8155,4330,3825
10,231,bhojpur,Urban,16,9322,4986,4336,1242,623,619,8080,4363,3717
10,231,bhojpur,Urban,17,7012,3789,3223,889,425,464,6123,3364,2759
10,231,bhojpur,Urban,18,10537,5897,4640,1630,833,797,8907,5064,3843
10,231,bhojpur,Urban,19,6283,3492,2791,799,375,424,5484,3117,2367
10,231,bhojpur,Urban,20-24,35100,19146,15954,5794,2461,3333,29306,16685,12621
10,231,bhojpur,Urban,25-29,31199,16332,14867,6259,2260,3999,24940,14072,10868
10,231,bhojpur,Urban,30-34,27694,14191,13503,6168,2225,3943,21526,11966,9560
10,231,bhojpur,Urban,35-39,25503,13027,12476,6298,2116,4182,19205,10911,8294
10,231,bhojpur,Urban,40-44,21268,11418,9850,5649,2016,3633,15619,9402,6217
10,231,bhojpur,Urban,45-49,17559,9236,8323,4920,1593,3327,12639,7643,4996
10,231,bhojpur,Urban,50-54,13752,7499,6253,4140,1395,2745,9612,6104,3508
10,231,bhojpur,Urban,55-59,11197,5613,5584,3624,866,2758,7573,4747,2826
10,231,bhojpur,Urban,60-64,11402,5923,5479,4245,1232,3013,7157,4691,2466
10,231,bhojpur,Urban,65-69,7607,4057,3550,2912,817,2095,4695,3240,1455
10,231,bhojpur,Urban,70-74,5605,3188,2417,2280,765,1515,3325,2423,902
10,231,bhojpur,Urban,75-79,2389,1310,1079,948,265,683,1441,1045,396
10,231,bhojpur,Urban,80+,3037,1619,1418,1274,389,885,1763,1230,533
10,231,bhojpur,Urban,Age not stated,861,522,339,228,105,123,633,417,216
10,232,buxar,Total,All ages,1706352,887977,818375,716545,294433,422112,989807,593544,396263
10,232,buxar,Total,0-6,295127,152626,142501,295127,152626,142501,0,0,0
10,232,buxar,Total,7,42254,21882,20372,14079,6961,7118,28175,14921,13254
10,232,buxar,Total,8,55244,28794,26450,9306,4403,4903,45938,24391,21547
10,232,buxar,Total,9,38135,20033,18102,4757,2243,2514,33378,17790,15588
10,232,buxar,Total,10,59672,31907,27765,7137,3331,3806,52535,28576,23959
10,232,buxar,Total,11,36691,19513,17178,3350,1490,1860,33341,18023,15318
10,232,buxar,Total,12,50855,27004,23851,4665,1920,2745,46190,25084,21106
10,232,buxar,Total,13,36661,19264,17397,2999,1176,1823,33662,18088,15574
10,232,buxar,Total,14,41641,21944,19697,3841,1462,2379,37800,20482,17318
10,232,buxar,Total,15,40715,22254,18461,4839,1943,2896,35876,20311,15565
10,232,buxar,Total,16,36873,19983,16890,4594,1789,2805,32279,18194,14085
10,232,buxar,Total,17,25294,13793,11501,3355,1241,2114,21939,12552,9387
10,232,buxar,Total,18,41059,23017,18042,6720,2483,4237,34339,20534,13805
10,232,buxar,Total,19,22598,12092,10506,3862,1241,2621,18736,10851,7885
10,232,buxar,Total,20-24,129313,67837,61476,29559,8727,20832,99754,59110,40644
10,232,buxar,Total,25-29,122622,60818,61804,36361,9968,26393,86261,50850,35411
10,232,buxar,Total,30-34,112922,55331,57591,38257,10840,27417,74665,44491,30174
10,232,buxar,Total,35-39,105376,52941,52435,39140,11319,27821,66236,41622,24614
10,232,buxar,Total,40-44,86586,45922,40664,34968,11446,23522,51618,34476,17142
10,232,buxar,Total,45-49,70488,36005,34483,31315,9574,21741,39173,26431,12742
10,232,buxar,Total,50-54,56729,31078,25651,26412,9557,16855,30317,21521,8796
10,232,buxar,Total,55-59,49721,22957,26764,25994,6747,19247,23727,16210,7517
10,232,buxar,Total,60-64,54583,28895,25688,29923,10515,19408,24660,18380,6280
10,232,buxar,Total,65-69,38435,20201,18234,22094,7609,14485,16341,12592,3749
10,232,buxar,Total,70-74,27892,16118,11774,16861,7135,9726,11031,8983,2048
10,232,buxar,Total,75-79,12020,6598,5422,7241,2729,4512,4779,3869,910
10,232,buxar,Total,80+,14618,7988,6630,8984,3612,5372,5634,4376,1258
10,232,buxar,Total,Age not stated,2228,1182,1046,805,346,459,1423,836,587
10,232,buxar,Rural,All ages,1541853,801086,740767,663673,271003,392670,878180,530083,348097
10,232,buxar,Rural,0-6,271245,140096,131149,271245,140096,131149,0,0,0
10,232,buxar,Rural,7,38601,19973,18628,12969,6413,6556,25632,13560,12072
10,232,buxar,Rural,8,50652,26369,24283,8464,3976,4488,42188,22393,19795
10,232,buxar,Rural,9,34912,18325,16587,4346,2034,2312,30566,16291,14275
10,232,buxar,Rural,10,54550,29109,25441,6467,2968,3499,48083,26141,21942
10,232,buxar,Rural,11,33446,17821,15625,3083,1361,1722,30363,16460,13903
10,232,buxar,Rural,12,46075,24455,21620,4171,1666,2505,41904,22789,19115
10,232,buxar,Rural,13,33168,17457,15711,2702,1037,1665,30466,16420,14046
10,232,buxar,Rural,14,37378,19717,17661,3453,1258,2195,33925,18459,15466
10,232,buxar,Rural,15,36625,20053,16572,4394,1729,2665,32231,18324,13907
10,232,buxar,Rural,16,32715,17741,14974,4166,1560,2606,28549,16181,12368
10,232,buxar,Rural,17,22259,12136,10123,3052,1087,1965,19207,11049,8158
10,232,buxar,Rural,18,36323,20354,15969,6108,2158,3950,30215,18196,12019
10,232,buxar,Rural,19,19926,10608,9318,3584,1099,2485,16342,9509,6833
10,232,buxar,Rural,20-24,114944,60095,54849,27501,7838,19663,87443,52257,35186
10,232,buxar,Rural,25-29,109944,54173,55771,33972,9082,24890,75972,45091,30881
10,232,buxar,Rural,30-34,101655,49610,52045,35880,9999,25881,65775,39611,26164
10,232,buxar,Rural,35-39,94706,47487,47219,36629,10464,26165,58077,37023,21054
10,232,buxar,Rural,40-44,77490,41093,36397,32557,10627,21930,44933,30466,14467
10,232,buxar,Rural,45-49,63083,32043,31040,29302,8874,20428,33781,23169,10612
10,232,buxar,Rural,50-54,50841,27928,22913,24608,8968,15640,26233,18960,7273
10,232,buxar,Rural,55-59,44789,20447,24342,24423,6334,18089,20366,14113,6253
10,232,buxar,Rural,60-64,49786,26400,23386,28115,9982,18133,21671,16418,5253
10,232,buxar,Rural,65-69,35097,18444,16653,20816,7246,13570,14281,11198,3083
10,232,buxar,Rural,70-74,25518,14836,10682,15793,6808,8985,9725,8028,1697
10,232,buxar,Rural,75-79,10891,5996,4895,6770,2606,4164,4121,3390,731
10,232,buxar,Rural,80+,13294,7303,5991,8362,3413,4949,4932,3890,1042
10,232,buxar,Rural,Age not stated,1940,1017,923,741,320,421,1199,697,502
10,232,buxar,Urban,All ages,164499,86891,77608,52872,23430,29442,111627,63461,48166
10,232,buxar,Urban,0-6,23882,12530,11352,23882,12530,11352,0,0,0
10,232,buxar,Urban,7,3653,1909,1744,1110,548,562,2543,1361,1182
10,232,buxar,Urban,8,4592,2425,2167,842,427,415,3750,1998,1752
10,232,buxar,Urban,9,3223,1708,1515,411,209,202,2812,1499,1313
10,232,buxar,Urban,10,5122,2798,2324,670,363,307,4452,2435,2017
10,232,buxar,Urban,11,3245,1692,1553,267,129,138,2978,1563,1415
10,232,buxar,Urban,12,4780,2549,2231,494,254,240,4286,2295,1991
10,232,buxar,Urban,13,3493,1807,1686,297,139,158,3196,1668,1528
10,232,buxar,Urban,14,4263,2227,2036,388,204,184,3875,2023,1852
10,232,buxar,Urban,15,4090,2201,1889,445,214,231,3645,1987,1658
10,232,buxar,Urban,16,4158,2242,1916,428,229,199,3730,2013,1717
10,232,buxar,Urban,17,3035,1657,1378,303,154,149,2732,1503,1229
10,232,buxar,Urban,18,4736,2663,2073,612,325,287,4124,2338,1786
10,232,buxar,Urban,19,2672,1484,1188,278,142,136,2394,1342,1052
10,232,buxar,Urban,20-24,14369,7742,6627,2058,889,1169,12311,6853,5458
10,232,buxar,Urban,25-29,12678,6645,6033,2389,886,1503,10289,5759,4530
10,232,buxar,Urban,30-34,11267,5721,5546,2377,841,1536,8890,4880,4010
10,232,buxar,Urban,35-39,10670,5454,5216,2511,855,1656,8159,4599,3560
10,232,buxar,Urban,40-44,9096,4829,4267,2411,819,1592,6685,4010,2675
10,232,buxar,Urban,45-49,7405,3962,3443,2013,700,1313,5392,3262,2130
10,232,buxar,Urban,50-54,5888,3150,2738,1804,589,1215,4084,2561,1523
10,232,buxar,Urban,55-59,4932,2510,2422,1571,413,1158,3361,2097,1264
10,232,buxar,Urban,60-64,4797,2495,2302,1808,533,1275,2989,1962,1027
10,232,buxar,Urban,65-69,3338,1757,1581,1278,363,915,2060,1394,666
10,232,buxar,Urban,70-74,2374,1282,1092,1068,327,741,1306,955,351
10,232,buxar,Urban,75-79,1129,602,527,471,123,348,658,479,179
10,232,buxar,Urban,80+,1324,685,639,622,199,423,702,486,216
10,232,buxar,Urban,Age not stated,288,165,123,64,26,38,224,139,85
10,233,kaimur (bhabua),Total,All ages,1626384,847006,779378,706108,297083,409025,920276,549923,370353
10,233,kaimur (bhabua),Total,0-6,299281,154105,145176,299281,154105,145176,0,0,0
10,233,kaimur (bhabua),Total,7,43115,22240,20875,13705,6742,6963,29410,15498,13912
10,233,kaimur (bhabua),Total,8,54610,28145,26465,9692,4502,5190,44918,23643,21275
10,233,kaimur (bhabua),Total,9,39140,20474,18666,4828,2195,2633,34312,18279,16033
10,233,kaimur (bhabua),Total,10,57276,30457,26819,6802,3142,3660,50474,27315,23159
10,233,kaimur (bhabua),Total,11,37068,19400,17668,3380,1430,1950,33688,17970,15718
10,233,kaimur (bhabua),Total,12,48865,25918,22947,4270,1853,2417,44595,24065,20530
10,233,kaimur (bhabua),Total,13,36192,18783,17409,2687,1040,1647,33505,17743,15762
10,233,kaimur (bhabua),Total,14,39515,20853,18662,3428,1388,2040,36087,19465,16622
10,233,kaimur (bhabua),Total,15,38560,21239,17321,4018,1705,2313,34542,19534,15008
10,233,kaimur (bhabua),Total,16,33529,18560,14969,3607,1509,2098,29922,17051,12871
10,233,kaimur (bhabua),Total,17,22442,12597,9845,2563,966,1597,19879,11631,8248
10,233,kaimur (bhabua),Total,18,35322,19537,15785,5264,1766,3498,30058,17771,12287
10,233,kaimur (bhabua),Total,19,21114,10987,10127,3632,1019,2613,17482,9968,7514
10,233,kaimur (bhabua),Total,20-24,118335,61113,57222,26755,7539,19216,91580,53574,38006
10,233,kaimur (bhabua),Total,25-29,114938,57753,57185,34497,9729,24768,80441,48024,32417
10,233,kaimur (bhabua),Total,30-34,105874,52449,53425,37294,10814,26480,68580,41635,26945
10,233,kaimur (bhabua),Total,35-39,99836,51617,48219,39021,12307,26714,60815,39310,21505
10,233,kaimur (bhabua),Total,40-44,80156,42696,37460,34554,11796,22758,45602,30900,14702
10,233,kaimur (bhabua),Total,45-49,67547,35098,32449,32436,10860,21576,35111,24238,10873
10,233,kaimur (bhabua),Total,50-54,51724,28693,23031,25873,10038,15835,25851,18655,7196
10,233,kaimur (bhabua),Total,55-59,45496,21425,24071,25489,7558,17931,20007,13867,6140
10,233,kaimur (bhabua),Total,60-64,47472,25223,22249,28110,10827,17283,19362,14396,4966
10,233,kaimur (bhabua),Total,65-69,33505,17301,16204,20783,7687,13096,12722,9614,3108
10,233,kaimur (bhabua),Total,70-74,24287,13762,10525,15845,7028,8817,8442,6734,1708
10,233,kaimur (bhabua),Total,75-79,10630,5543,5087,7031,2794,4237,3599,2749,850
10,233,kaimur (bhabua),Total,80+,13694,7280,6414,8612,3570,5042,5082,3710,1372
10,233,kaimur (bhabua),Total,Age not stated,6861,3758,3103,2651,1174,1477,4210,2584,1626
10,233,kaimur (bhabua),Rural,All ages,1560813,812298,748515,686768,288573,398195,874045,523725,350320
10,233,kaimur (bhabua),Rural,0-6,289652,149070,140582,289652,149070,140582,0,0,0
10,233,kaimur (bhabua),Rural,7,41509,21404,20105,13327,6550,6777,28182,14854,13328
10,233,kaimur (bhabua),Rural,8,52712,27166,25546,9450,4381,5069,43262,22785,20477
10,233,kaimur (bhabua),Rural,9,37700,19671,18029,4683,2105,2578,33017,17566,15451
10,233,kaimur (bhabua),Rural,10,55133,29288,25845,6620,3040,3580,48513,26248,22265
10,233,kaimur (bhabua),Rural,11,35656,18660,16996,3279,1390,1889,32377,17270,15107
10,233,kaimur (bhabua),Rural,12,46935,24889,22046,4154,1797,2357,42781,23092,19689
10,233,kaimur (bhabua),Rural,13,34711,18033,16678,2606,1000,1606,32105,17033,15072
10,233,kaimur (bhabua),Rural,14,37736,19954,17782,3303,1330,1973,34433,18624,15809
10,233,kaimur (bhabua),Rural,15,36923,20387,16536,3901,1644,2257,33022,18743,14279
10,233,kaimur (bhabua),Rural,16,31936,17722,14214,3487,1439,2048,28449,16283,12166
10,233,kaimur (bhabua),Rural,17,21209,11911,9298,2476,922,1554,18733,10989,7744
10,233,kaimur (bhabua),Rural,18,33654,18636,15018,5135,1700,3435,28519,16936,11583
10,233,kaimur (bhabua),Rural,19,20010,10380,9630,3519,967,2552,16491,9413,7078
10,233,kaimur (bhabua),Rural,20-24,112708,58043,54665,26126,7267,18859,86582,50776,35806
10,233,kaimur (bhabua),Rural,25-29,109843,55038,54805,33783,9459,24324,76060,45579,30481
10,233,kaimur (bhabua),Rural,30-34,101332,50127,51205,36543,10567,25976,64789,39560,25229
10,233,kaimur (bhabua),Rural,35-39,95587,49430,46157,38123,12031,26092,57464,37399,20065
10,233,kaimur (bhabua),Rural,40-44,76622,40803,35819,33719,11516,22203,42903,29287,13616
10,233,kaimur (bhabua),Rural,45-49,64617,33503,31114,31686,10643,21043,32931,22860,10071
10,233,kaimur (bhabua),Rural,50-54,49387,27444,21943,25193,9830,15363,24194,17614,6580
10,233,kaimur (bhabua),Rural,55-59,43495,20404,23091,24866,7419,17447,18629,12985,5644
10,233,kaimur (bhabua),Rural,60-64,45672,24291,21381,27421,10634,16787,18251,13657,4594
10,233,kaimur (bhabua),Rural,65-69,32281,16617,15664,20329,7539,12790,11952,9078,2874
10,233,kaimur (bhabua),Rural,70-74,23471,13298,10173,15492,6914,8578,7979,6384,1595
10,233,kaimur (bhabua),Rural,75-79,10269,5341,4928,6868,2743,4125,3401,2598,803
10,233,kaimur (bhabua),Rural,80+,13242,7057,6185,8397,3513,4884,4845,3544,1301
10,233,kaimur (bhabua),Rural,Age not stated,6811,3731,3080,2630,1163,1467,4181,2568,1613
10,233,kaimur (bhabua),Urban,All ages,65571,34708,30863,19340,8510,10830,46231,26198,20033
10,233,kaimur (bhabua),Urban,0-6,9629,5035,4594,9629,5035,4594,0,0,0
10,233,kaimur (bhabua),Urban,7,1606,836,770,378,192,186,1228,644,584
10,233,kaimur (bhabua),Urban,8,1898,979,919,242,121,121,1656,858,798
10,233,kaimur (bhabua),Urban,9,1440,803,637,145,90,55,1295,713,582
10,233,kaimur (bhabua),Urban,10,2143,1169,974,182,102,80,1961,1067,894
10,233,kaimur (bhabua),Urban,11,1412,740,672,101,40,61,1311,700,611
10,233,kaimur (bhabua),Urban,12,1930,1029,901,116,56,60,1814,973,841
10,233,kaimur (bhabua),Urban,13,1481,750,731,81,40,41,1400,710,690
10,233,kaimur (bhabua),Urban,14,1779,899,880,125,58,67,1654,841,813
10,233,kaimur (bhabua),Urban,15,1637,852,785,117,61,56,1520,791,729
10,233,kaimur (bhabua),Urban,16,1593,838,755,120,70,50,1473,768,705
10,233,kaimur (bhabua),Urban,17,1233,686,547,87,44,43,1146,642,504
10,233,kaimur (bhabua),Urban,18,1668,901,767,129,66,63,1539,835,704
10,233,kaimur (bhabua),Urban,19,1104,607,497,113,52,61,991,555,436
10,233,kaimur (bhabua),Urban,20-24,5627,3070,2557,629,272,357,4998,2798,2200
10,233,kaimur (bhabua),Urban,25-29,5095,2715,2380,714,270,444,4381,2445,1936
10,233,kaimur (bhabua),Urban,30-34,4542,2322,2220,751,247,504,3791,2075,1716
10,233,kaimur (bhabua),Urban,35-39,4249,2187,2062,898,276,622,3351,1911,1440
10,233,kaimur (bhabua),Urban,40-44,3534,1893,1641,835,280,555,2699,1613,1086
10,233,kaimur (bhabua),Urban,45-49,2930,1595,1335,750,217,533,2180,1378,802
10,233,kaimur (bhabua),Urban,50-54,2337,1249,1088,680,208,472,1657,1041,616
10,233,kaimur (bhabua),Urban,55-59,2001,1021,980,623,139,484,1378,882,496
10,233,kaimur (bhabua),Urban,60-64,1800,932,868,689,193,496,1111,739,372
10,233,kaimur (bhabua),Urban,65-69,1224,684,540,454,148,306,770,536,234
10,233,kaimur (bhabua),Urban,70-74,816,464,352,353,114,239,463,350,113
10,233,kaimur (bhabua),Urban,75-79,361,202,159,163,51,112,198,151,47
10,233,kaimur (bhabua),Urban,80+,452,223,229,215,57,158,237,166,71
10,233,kaimur (bhabua),Urban,Age not stated,50,27,23,21,11,10,29,16,13
10,234,rohtas,Total,All ages,2959918,1543546,1416372,1160086,481763,678323,1799832,1061783,738049
10,234,rohtas,Total,0-6,506810,262474,244336,506810,262474,244336,0,0,0
10,234,rohtas,Total,7,76383,39513,36870,20516,10091,10425,55867,29422,26445
10,234,rohtas,Total,8,92080,48065,44015,12660,6096,6564,79420,41969,37451
10,234,rohtas,Total,9,70362,36416,33946,7931,3740,4191,62431,32676,29755
10,234,rohtas,Total,10,99912,52850,47062,11199,5451,5748,88713,47399,41314
10,234,rohtas,Total,11,69246,36161,33085,5705,2679,3026,63541,33482,30059
10,234,rohtas,Total,12,87609,45986,41623,5917,2653,3264,81692,43333,38359
10,234,rohtas,Total,13,67553,34690,32863,4231,1823,2408,63322,32867,30455
10,234,rohtas,Total,14,70913,36772,34141,5175,2161,3014,65738,34611,31127
10,234,rohtas,Total,15,67343,36417,30926,6286,2833,3453,61057,33584,27473
10,234,rohtas,Total,16,59865,32599,27266,6286,2739,3547,53579,29860,23719
10,234,rohtas,Total,17,42521,23215,19306,4380,1743,2637,38141,21472,16669
10,234,rohtas,Total,18,65753,36901,28852,9297,3742,5555,56456,33159,23297
10,234,rohtas,Total,19,41395,22043,19352,5975,2077,3898,35420,19966,15454
10,234,rohtas,Total,20-24,233349,123179,110170,45351,14449,30902,187998,108730,79268
10,234,rohtas,Total,25-29,224080,113016,111064,55459,16306,39153,168621,96710,71911
10,234,rohtas,Total,30-34,206885,103124,103761,60089,17594,42495,146796,85530,61266
10,234,rohtas,Total,35-39,188611,96968,91643,61719,18301,43418,126892,78667,48225
10,234,rohtas,Total,40-44,153421,81697,71724,56682,17975,38707,96739,63722,33017
10,234,rohtas,Total,45-49,124825,65191,59634,52044,15475,36569,72781,49716,23065
10,234,rohtas,Total,50-54,95834,52446,43388,42852,14412,28440,52982,38034,14948
10,234,rohtas,Total,55-59,80812,38511,42301,40531,10142,30389,40281,28369,11912
10,234,rohtas,Total,60-64,86526,45297,41229,46605,15155,31450,39921,30142,9779
10,234,rohtas,Total,65-69,61081,31721,29360,34710,11328,23382,26371,20393,5978
10,234,rohtas,Total,70-74,43420,24764,18656,26366,10603,15763,17054,14161,2893
10,234,rohtas,Total,75-79,17579,9400,8179,10783,3839,6944,6796,5561,1235
10,234,rohtas,Total,80+,21941,11941,10000,12996,5119,7877,8945,6822,2123
10,234,rohtas,Total,Age not stated,3809,2189,1620,1531,763,768,2278,1426,852
10,234,rohtas,Rural,All ages,2532153,1318276,1213877,1018106,419317,598789,1514047,898959,615088
10,234,rohtas,Rural,0-6,443797,229547,214250,443797,229547,214250,0,0,0
10,234,rohtas,Rural,7,66481,34329,32152,17754,8709,9045,48727,25620,23107
10,234,rohtas,Rural,8,80357,41780,38577,10661,5076,5585,69696,36704,32992
10,234,rohtas,Rural,9,61114,31544,29570,6600,3046,3554,54514,28498,26016
10,234,rohtas,Rural,10,86494,45703,40791,9322,4458,4864,77172,41245,35927
10,234,rohtas,Rural,11,59819,31128,28691,4685,2124,2561,55134,29004,26130
10,234,rohtas,Rural,12,75368,39594,35774,4725,2076,2649,70643,37518,33125
10,234,rohtas,Rural,13,57985,29772,28213,3383,1401,1982,54602,28371,26231
10,234,rohtas,Rural,14,60323,31394,28929,4150,1629,2521,56173,29765,26408
10,234,rohtas,Rural,15,57025,31034,25991,5113,2231,2882,51912,28803,23109
10,234,rohtas,Rural,16,49751,27360,22391,5076,2102,2974,44675,25258,19417
10,234,rohtas,Rural,17,34902,19096,15806,3501,1280,2221,31401,17816,13585
10,234,rohtas,Rural,18,54472,30692,23780,7721,2912,4809,46751,27780,18971
10,234,rohtas,Rural,19,34113,18175,15938,5017,1594,3423,29096,16581,12515
10,234,rohtas,Rural,20-24,194726,101973,92753,39292,11747,27545,155434,90226,65208
10,234,rohtas,Rural,25-29,190048,95372,94676,49012,13948,35064,141036,81424,59612
10,234,rohtas,Rural,30-34,176470,87603,88867,53397,15265,38132,123073,72338,50735
10,234,rohtas,Rural,35-39,160679,82596,78083,54943,16098,38845,105736,66498,39238
10,234,rohtas,Rural,40-44,129963,69119,60844,50286,15689,34597,79677,53430,26247
10,234,rohtas,Rural,45-49,105583,54914,50669,46255,13734,32521,59328,41180,18148
10,234,rohtas,Rural,50-54,80998,44422,36576,38023,12880,25143,42975,31542,11433
10,234,rohtas,Rural,55-59,68828,32448,36380,36253,9106,27147,32575,23342,9233
10,234,rohtas,Rural,60-64,74571,39073,35498,41711,13739,27972,32860,25334,7526
10,234,rohtas,Rural,65-69,52935,27438,25497,31184,10309,20875,21751,17129,4622
10,234,rohtas,Rural,70-74,37750,21650,16100,23622,9737,13885,14128,11913,2215
10,234,rohtas,Rural,75-79,15231,8110,7121,9671,3495,6176,5560,4615,945
10,234,rohtas,Rural,80+,19057,10495,8562,11558,4688,6870,7499,5807,1692
10,234,rohtas,Rural,Age not stated,3313,1915,1398,1394,697,697,1919,1218,701
10,234,rohtas,Urban,All ages,427765,225270,202495,141980,62446,79534,285785,162824,122961
10,234,rohtas,Urban,0-6,63013,32927,30086,63013,32927,30086,0,0,0
10,234,rohtas,Urban,7,9902,5184,4718,2762,1382,1380,7140,3802,3338
10,234,rohtas,Urban,8,11723,6285,5438,1999,1020,979,9724,5265,4459
10,234,rohtas,Urban,9,9248,4872,4376,1331,694,637,7917,4178,3739
10,234,rohtas,Urban,10,13418,7147,6271,1877,993,884,11541,6154,5387
10,234,rohtas,Urban,11,9427,5033,4394,1020,555,465,8407,4478,3929
10,234,rohtas,Urban,12,12241,6392,5849,1192,577,615,11049,5815,5234
10,234,rohtas,Urban,13,9568,4918,4650,848,422,426,8720,4496,4224
10,234,rohtas,Urban,14,10590,5378,5212,1025,532,493,9565,4846,4719
10,234,rohtas,Urban,15,10318,5383,4935,1173,602,571,9145,4781,4364
10,234,rohtas,Urban,16,10114,5239,4875,1210,637,573,8904,4602,4302
10,234,rohtas,Urban,17,7619,4119,3500,879,463,416,6740,3656,3084
10,234,rohtas,Urban,18,11281,6209,5072,1576,830,746,9705,5379,4326
10,234,rohtas,Urban,19,7282,3868,3414,958,483,475,6324,3385,2939
10,234,rohtas,Urban,20-24,38623,21206,17417,6059,2702,3357,32564,18504,14060
10,234,rohtas,Urban,25-29,34032,17644,16388,6447,2358,4089,27585,15286,12299
10,234,rohtas,Urban,30-34,30415,15521,14894,6692,2329,4363,23723,13192,10531
10,234,rohtas,Urban,35-39,27932,14372,13560,6776,2203,4573,21156,12169,8987
10,234,rohtas,Urban,40-44,23458,12578,10880,6396,2286,4110,17062,10292,6770
10,234,rohtas,Urban,45-49,19242,10277,8965,5789,1741,4048,13453,8536,4917
10,234,rohtas,Urban,50-54,14836,8024,6812,4829,1532,3297,10007,6492,3515
10,234,rohtas,Urban,55-59,11984,6063,5921,4278,1036,3242,7706,5027,2679
10,234,rohtas,Urban,60-64,11955,6224,5731,4894,1416,3478,7061,4808,2253
10,234,rohtas,Urban,65-69,8146,4283,3863,3526,1019,2507,4620,3264,1356
10,234,rohtas,Urban,70-74,5670,3114,2556,2744,866,1878,2926,2248,678
10,234,rohtas,Urban,75-79,2348,1290,1058,1112,344,768,1236,946,290
10,234,rohtas,Urban,80+,2884,1446,1438,1438,431,1007,1446,1015,431
10,234,rohtas,Urban,Age not stated,496,274,222,137,66,71,359,208,151
10,235,aurangabad,Total,All ages,2540073,1318684,1221389,1074071,449951,624120,1466002,868733,597269
10,235,aurangabad,Total,0-6,455394,234256,221138,455394,234256,221138,0,0,0
10,235,aurangabad,Total,7,65143,33588,31555,18967,9281,9686,46176,24307,21869
10,235,aurangabad,Total,8,83222,42834,40388,13659,6489,7170,69563,36345,33218
10,235,aurangabad,Total,9,58146,29741,28405,7312,3401,3911,50834,26340,24494
10,235,aurangabad,Total,10,91495,48042,43453,11324,5440,5884,80171,42602,37569
10,235,aurangabad,Total,11,58603,30424,28179,5724,2637,3087,52879,27787,25092
10,235,aurangabad,Total,12,78212,40739,37473,6794,2930,3864,71418,37809,33609
10,235,aurangabad,Total,13,54663,27558,27105,4411,1774,2637,50252,25784,24468
10,235,aurangabad,Total,14,59749,30960,28789,5480,2271,3209,54269,28689,25580
10,235,aurangabad,Total,15,58724,31389,27335,6701,2926,3775,52023,28463,23560
10,235,aurangabad,Total,16,51782,27684,24098,6382,2724,3658,45400,24960,20440
10,235,aurangabad,Total,17,35237,18818,16419,4506,1733,2773,30731,17085,13646
10,235,aurangabad,Total,18,56859,31014,25845,9272,3321,5951,47587,27693,19894
10,235,aurangabad,Total,19,33422,17317,16105,5861,1816,4045,27561,15501,12060
10,235,aurangabad,Total,20-24,195979,101220,94759,45127,13660,31467,150852,87560,63292
10,235,aurangabad,Total,25-29,190339,95495,94844,54605,15921,38684,135734,79574,56160
10,235,aurangabad,Total,30-34,175944,87842,88102,56505,16558,39947,119439,71284,48155
10,235,aurangabad,Total,35-39,158962,82004,76958,58201,17498,40703,100761,64506,36255
10,235,aurangabad,Total,40-44,126378,68060,58318,52391,17582,34809,73987,50478,23509
10,235,aurangabad,Total,45-49,103287,53612,49675,48916,15541,33375,54371,38071,16300
10,235,aurangabad,Total,50-54,78030,44015,34015,38204,14674,23530,39826,29341,10485
10,235,aurangabad,Total,55-59,65837,30870,34967,36472,9908,26564,29365,20962,8403
10,235,aurangabad,Total,60-64,72417,38601,33816,41950,15366,26584,30467,23235,7232
10,235,aurangabad,Total,65-69,52112,27149,24963,31581,11289,20292,20531,15860,4671
10,235,aurangabad,Total,70-74,36891,21574,15317,23377,10418,12959,13514,11156,2358
10,235,aurangabad,Total,75-79,15631,8528,7103,9953,4011,5942,5678,4517,1161
10,235,aurangabad,Total,80+,20030,11119,8911,12118,5244,6874,7912,5875,2037
10,235,aurangabad,Total,Age not stated,7585,4231,3354,2884,1282,1602,4701,2949,1752
10,235,aurangabad,Rural,All ages,2303219,1194619,1108600,995181,415047,580134,1308038,779572,528466
10,235,aurangabad,Rural,0-6,418320,215079,203241,418320,215079,203241,0,0,0
10,235,aurangabad,Rural,7,59701,30746,28955,17391,8543,8848,42310,22203,20107
10,235,aurangabad,Rural,8,76079,39128,36951,12367,5866,6501,63712,33262,30450
10,235,aurangabad,Rural,9,53168,27140,26028,6702,3103,3599,46466,24037,22429
10,235,aurangabad,Rural,10,83750,43886,39864,10364,4959,5405,73386,38927,34459
10,235,aurangabad,Rural,11,53397,27636,25761,5229,2385,2844,48168,25251,22917
10,235,aurangabad,Rural,12,71147,37007,34140,6091,2571,3520,65056,34436,30620
10,235,aurangabad,Rural,13,49466,24962,24504,3955,1553,2402,45511,23409,22102
10,235,aurangabad,Rural,14,53719,27844,25875,4890,1995,2895,48829,25849,22980
10,235,aurangabad,Rural,15,52779,28273,24506,6055,2575,3480,46724,25698,21026
10,235,aurangabad,Rural,16,45992,24677,21315,5748,2416,3332,40244,22261,17983
10,235,aurangabad,Rural,17,31094,16619,14475,4097,1521,2576,26997,15098,11899
10,235,aurangabad,Rural,18,50373,27520,22853,8472,2945,5527,41901,24575,17326
10,235,aurangabad,Rural,19,29703,15343,14360,5387,1601,3786,24316,13742,10574
10,235,aurangabad,Rural,20-24,175151,90183,84968,42003,12353,29650,133148,77830,55318
10,235,aurangabad,Rural,25-29,172222,86224,85998,51288,14747,36541,120934,71477,49457
10,235,aurangabad,Rural,30-34,159228,79403,79825,53091,15420,37671,106137,63983,42154
10,235,aurangabad,Rural,35-39,143520,74020,69500,54550,16276,38274,88970,57744,31226
10,235,aurangabad,Rural,40-44,113681,61273,52408,48969,16371,32598,64712,44902,19810
10,235,aurangabad,Rural,45-49,93100,48065,45035,45827,14497,31330,47273,33568,13705
10,235,aurangabad,Rural,50-54,70217,39725,30492,35713,13779,21934,34504,25946,8558
10,235,aurangabad,Rural,55-59,59549,27720,31829,34222,9363,24859,25327,18357,6970
10,235,aurangabad,Rural,60-64,66258,35347,30911,39365,14541,24824,26893,20806,6087
10,235,aurangabad,Rural,65-69,47759,24848,22911,29674,10691,18983,18085,14157,3928
10,235,aurangabad,Rural,70-74,33902,19834,14068,21998,9912,12086,11904,9922,1982
10,235,aurangabad,Rural,75-79,14396,7861,6535,9352,3810,5542,5044,4051,993
10,235,aurangabad,Rural,80+,18458,10304,8154,11368,4980,6388,7090,5324,1766
10,235,aurangabad,Rural,Age not stated,7090,3952,3138,2693,1195,1498,4397,2757,1640
10,235,aurangabad,Urban,All ages,236854,124065,112789,78890,34904,43986,157964,89161,68803
10,235,aurangabad,Urban,0-6,37074,19177,17897,37074,19177,17897,0,0,0
10,235,aurangabad,Urban,7,5442,2842,2600,1576,738,838,3866,2104,1762
10,235,aurangabad,Urban,8,7143,3706,3437,1292,623,669,5851,3083,2768
10,235,aurangabad,Urban,9,4978,2601,2377,610,298,312,4368,2303,2065
10,235,aurangabad,Urban,10,7745,4156,3589,960,481,479,6785,3675,3110
10,235,aurangabad,Urban,11,5206,2788,2418,495,252,243,4711,2536,2175
10,235,aurangabad,Urban,12,7065,3732,3333,703,359,344,6362,3373,2989
10,235,aurangabad,Urban,13,5197,2596,2601,456,221,235,4741,2375,2366
10,235,aurangabad,Urban,14,6030,3116,2914,590,276,314,5440,2840,2600
10,235,aurangabad,Urban,15,5945,3116,2829,646,351,295,5299,2765,2534
10,235,aurangabad,Urban,16,5790,3007,2783,634,308,326,5156,2699,2457
10,235,aurangabad,Urban,17,4143,2199,1944,409,212,197,3734,1987,1747
10,235,aurangabad,Urban,18,6486,3494,2992,800,376,424,5686,3118,2568
10,235,aurangabad,Urban,19,3719,1974,1745,474,215,259,3245,1759,1486
10,235,aurangabad,Urban,20-24,20828,11037,9791,3124,1307,1817,17704,9730,7974
10,235,aurangabad,Urban,25-29,18117,9271,8846,3317,1174,2143,14800,8097,6703
10,235,aurangabad,Urban,30-34,16716,8439,8277,3414,1138,2276,13302,7301,6001
10,235,aurangabad,Urban,35-39,15442,7984,7458,3651,1222,2429,11791,6762,5029
10,235,aurangabad,Urban,40-44,12697,6787,5910,3422,1211,2211,9275,5576,3699
10,235,aurangabad,Urban,45-49,10187,5547,4640,3089,1044,2045,7098,4503,2595
10,235,aurangabad,Urban,50-54,7813,4290,3523,2491,895,1596,5322,3395,1927
10,235,aurangabad,Urban,55-59,6288,3150,3138,2250,545,1705,4038,2605,1433
10,235,aurangabad,Urban,60-64,6159,3254,2905,2585,825,1760,3574,2429,1145
10,235,aurangabad,Urban,65-69,4353,2301,2052,1907,598,1309,2446,1703,743
10,235,aurangabad,Urban,70-74,2989,1740,1249,1379,506,873,1610,1234,376
10,235,aurangabad,Urban,75-79,1235,667,568,601,201,400,634,466,168
10,235,aurangabad,Urban,80+,1572,815,757,750,264,486,822,551,271
10,235,aurangabad,Urban,Age not stated,495,279,216,191,87,104,304,192,112
10,236,gaya,Total,All ages,4391418,2266566,2124852,2093805,897763,1196042,2297613,1368803,928810
10,236,gaya,Total,0-6,783059,399426,383633,783059,399426,383633,0,0,0
10,236,gaya,Total,7,113774,58013,55761,35852,17047,18805,77922,40966,36956
10,236,gaya,Total,8,136804,70320,66484,30116,14226,15890,106688,56094,50594
10,236,gaya,Total,9,107145,55225,51920,19634,9103,10531,87511,46122,41389
10,236,gaya,Total,10,156253,82025,74228,28506,13374,15132,127747,68651,59096
10,236,gaya,Total,11,106773,55860,50913,17221,7880,9341,89552,47980,41572
10,236,gaya,Total,12,128336,67352,60984,18799,8389,10410,109537,58963,50574
10,236,gaya,Total,13,90212,46265,43947,12268,5090,7178,77944,41175,36769
10,236,gaya,Total,14,94168,48559,45609,13941,5911,8030,80227,42648,37579
10,236,gaya,Total,15,97444,52436,45008,17509,7892,9617,79935,44544,35391
10,236,gaya,Total,16,85162,45208,39954,15736,6824,8912,69426,38384,31042
10,236,gaya,Total,17,63041,33159,29882,12375,4749,7626,50666,28410,22256
10,236,gaya,Total,18,96021,49320,46701,24060,8219,15841,71961,41101,30860
10,236,gaya,Total,19,66758,33371,33387,18087,5729,12358,48671,27642,21029
10,236,gaya,Total,20-24,353243,181031,172212,112670,37730,74940,240573,143301,97272
10,236,gaya,Total,25-29,331833,165836,165997,125283,41532,83751,206550,124304,82246
10,236,gaya,Total,30-34,294317,147701,146616,121922,41929,79993,172395,105772,66623
10,236,gaya,Total,35-39,261826,134516,127310,118261,42025,76236,143565,92491,51074
10,236,gaya,Total,40-44,209383,112016,97367,103234,39467,63767,106149,72549,33600
10,236,gaya,Total,45-49,171104,89003,82101,91554,33640,57914,79550,55363,24187
10,236,gaya,Total,50-54,129302,71584,57718,71784,29755,42029,57518,41829,15689
10,236,gaya,Total,55-59,108584,51455,57129,65287,20788,44499,43297,30667,12630
10,236,gaya,Total,60-64,112372,59499,52873,70783,28117,42666,41589,31382,10207
10,236,gaya,Total,65-69,77706,40382,37324,50067,19263,30804,27639,21119,6520
10,236,gaya,Total,70-74,54164,30942,23222,35673,16205,19468,18491,14737,3754
10,236,gaya,Total,75-79,22847,12019,10828,15084,5915,9169,7763,6104,1659
10,236,gaya,Total,80+,32358,17329,15029,20215,8588,11627,12143,8741,3402
10,236,gaya,Total,Age not stated,107429,56714,50715,44825,18950,25875,62604,37764,24840
10,236,gaya,Rural,All ages,3809817,1960592,1849225,1913909,817175,1096734,1895908,1143417,752491
10,236,gaya,Rural,0-6,702181,357342,344839,702181,357342,344839,0,0,0
10,236,gaya,Rural,7,101687,51688,49999,33049,15634,17415,68638,36054,32584
10,236,gaya,Rural,8,122770,62988,59782,27788,13067,14721,94982,49921,45061
10,236,gaya,Rural,9,95815,49215,46600,18058,8323,9735,77757,40892,36865
10,236,gaya,Rural,10,139914,73235,66679,26425,12286,14139,113489,60949,52540
10,236,gaya,Rural,11,94790,49554,45236,15907,7246,8661,78883,42308,36575
10,236,gaya,Rural,12,113326,59498,53828,17252,7635,9617,96074,51863,44211
10,236,gaya,Rural,13,78719,40429,38290,11260,4622,6638,67459,35807,31652
10,236,gaya,Rural,14,81288,41970,39318,12699,5298,7401,68589,36672,31917
10,236,gaya,Rural,15,84136,45450,38686,16065,7189,8876,68071,38261,29810
10,236,gaya,Rural,16,72396,38533,33863,14348,6132,8216,58048,32401,25647
10,236,gaya,Rural,17,52373,27478,24895,11181,4150,7031,41192,23328,17864
10,236,gaya,Rural,18,81404,41522,39882,22167,7321,14846,59237,34201,25036
10,236,gaya,Rural,19,56089,27701,28388,16675,5129,11546,39414,22572,16842
10,236,gaya,Rural,20-24,299125,151819,147306,104741,34403,70338,194384,117416,76968
10,236,gaya,Rural,25-29,283712,140995,142717,116725,38244,78481,166987,102751,64236
10,236,gaya,Rural,30-34,252717,126496,126221,113371,38759,74612,139346,87737,51609
10,236,gaya,Rural,35-39,224303,115171,109132,109652,38960,70692,114651,76211,38440
10,236,gaya,Rural,40-44,178627,95323,83304,95529,36547,58982,83098,58776,24322
10,236,gaya,Rural,45-49,145048,75153,69895,84597,31298,53299,60451,43855,16596
10,236,gaya,Rural,50-54,109599,60825,48774,66136,27709,38427,43463,33116,10347
10,236,gaya,Rural,55-59,92815,43358,49457,60454,19509,40945,32361,23849,8512
10,236,gaya,Rural,60-64,97906,51838,46068,65595,26380,39215,32311,25458,6853
10,236,gaya,Rural,65-69,68288,35307,32981,46745,18193,28552,21543,17114,4429
10,236,gaya,Rural,70-74,47598,27274,20324,33084,15333,17751,14514,11941,2573
10,236,gaya,Rural,75-79,19854,10454,9400,13930,5585,8345,5924,4869,1055
10,236,gaya,Rural,80+,27920,15059,12861,18562,8038,10524,9358,7021,2337
10,236,gaya,Rural,Age not stated,85417,44917,40500,39733,16843,22890,45684,28074,17610
10,236,gaya,Urban,All ages,581601,305974,275627,179896,80588,99308,401705,225386,176319
10,236,gaya,Urban,0-6,80878,42084,38794,80878,42084,38794,0,0,0
10,236,gaya,Urban,7,12087,6325,5762,2803,1413,1390,9284,4912,4372
10,236,gaya,Urban,8,14034,7332,6702,2328,1159,1169,11706,6173,5533
10,236,gaya,Urban,9,11330,6010,5320,1576,780,796,9754,5230,4524
10,236,gaya,Urban,10,16339,8790,7549,2081,1088,993,14258,7702,6556
10,236,gaya,Urban,11,11983,6306,5677,1314,634,680,10669,5672,4997
10,236,gaya,Urban,12,15010,7854,7156,1547,754,793,13463,7100,6363
10,236,gaya,Urban,13,11493,5836,5657,1008,468,540,10485,5368,5117
10,236,gaya,Urban,14,12880,6589,6291,1242,613,629,11638,5976,5662
10,236,gaya,Urban,15,13308,6986,6322,1444,703,741,11864,6283,5581
10,236,gaya,Urban,16,12766,6675,6091,1388,692,696,11378,5983,5395
10,236,gaya,Urban,17,10668,5681,4987,1194,599,595,9474,5082,4392
10,236,gaya,Urban,18,14617,7798,6819,1893,898,995,12724,6900,5824
10,236,gaya,Urban,19,10669,5670,4999,1412,600,812,9257,5070,4187
10,236,gaya,Urban,20-24,54118,29212,24906,7929,3327,4602,46189,25885,20304
10,236,gaya,Urban,25-29,48121,24841,23280,8558,3288,5270,39563,21553,18010
10,236,gaya,Urban,30-34,41600,21205,20395,8551,3170,5381,33049,18035,15014
10,236,gaya,Urban,35-39,37523,19345,18178,8609,3065,5544,28914,16280,12634
10,236,gaya,Urban,40-44,30756,16693,14063,7705,2920,4785,23051,13773,9278
10,236,gaya,Urban,45-49,26056,13850,12206,6957,2342,4615,19099,11508,7591
10,236,gaya,Urban,50-54,19703,10759,8944,5648,2046,3602,14055,8713,5342
10,236,gaya,Urban,55-59,15769,8097,7672,4833,1279,3554,10936,6818,4118
10,236,gaya,Urban,60-64,14466,7661,6805,5188,1737,3451,9278,5924,3354
10,236,gaya,Urban,65-69,9418,5075,4343,3322,1070,2252,6096,4005,2091
10,236,gaya,Urban,70-74,6566,3668,2898,2589,872,1717,3977,2796,1181
10,236,gaya,Urban,75-79,2993,1565,1428,1154,330,824,1839,1235,604
10,236,gaya,Urban,80+,4438,2270,2168,1653,550,1103,2785,1720,1065
10,236,gaya,Urban,Age not stated,22012,11797,10215,5092,2107,2985,16920,9690,7230
10,237,nawada,Total,All ages,2219146,1144668,1074478,1128134,485194,642940,1091012,659474,431538
10,237,nawada,Total,0-6,393547,202310,191237,393547,202310,191237,0,0,0
10,237,nawada,Total,7,56249,29028,27221,21635,10502,11133,34614,18526,16088
10,237,nawada,Total,8,80199,41381,38818,22547,10559,11988,57652,30822,26830
10,237,nawada,Total,9,53897,28075,25822,13180,6138,7042,40717,21937,18780
10,237,nawada,Total,10,86925,45843,41082,20065,9360,10705,66860,36483,30377
10,237,nawada,Total,11,48975,25733,23242,9842,4510,5332,39133,21223,17910
10,237,nawada,Total,12,71044,37070,33974,13825,6054,7771,57219,31016,26203
10,237,nawada,Total,13,44934,23054,21880,8211,3452,4759,36723,19602,17121
10,237,nawada,Total,14,49756,25675,24081,9803,4153,5650,39953,21522,18431
10,237,nawada,Total,15,50827,27585,23242,11878,5355,6523,38949,22230,16719
10,237,nawada,Total,16,46261,24475,21786,10933,4707,6226,35328,19768,15560
10,237,nawada,Total,17,30250,15589,14661,7198,2742,4456,23052,12847,10205
10,237,nawada,Total,18,53464,27409,26055,15860,5595,10265,37604,21814,15790
10,237,nawada,Total,19,30982,15052,15930,9734,3147,6587,21248,11905,9343
10,237,nawada,Total,20-24,178115,90908,87207,64823,22482,42341,113292,68426,44866
10,237,nawada,Total,25-29,165356,82315,83041,68730,23301,45429,96626,59014,37612
10,237,nawada,Total,30-34,148373,74292,74081,65899,23151,42748,82474,51141,31333
10,237,nawada,Total,35-39,133664,67490,66174,63660,22118,41542,70004,45372,24632
10,237,nawada,Total,40-44,111103,58989,52114,57436,22002,35434,53667,36987,16680
10,237,nawada,Total,45-49,92488,47658,44830,52438,19110,33328,40050,28548,11502
10,237,nawada,Total,50-54,70521,39196,31325,41740,17696,24044,28781,21500,7281
10,237,nawada,Total,55-59,58769,27881,30888,36859,11978,24881,21910,15903,6007
10,237,nawada,Total,60-64,59934,32054,27880,38983,16044,22939,20951,16010,4941
10,237,nawada,Total,65-69,41451,20995,20456,27613,10338,17275,13838,10657,3181
10,237,nawada,Total,70-74,30238,17420,12818,20833,9552,11281,9405,7868,1537
10,237,nawada,Total,75-79,12114,6421,5693,8419,3389,5030,3695,3032,663
10,237,nawada,Total,80+,15778,8540,7238,10813,4668,6145,4965,3872,1093
10,237,nawada,Total,Age not stated,3932,2230,1702,1630,781,849,2302,1449,853
10,237,nawada,Rural,All ages,2003567,1031656,971911,1049475,449576,599899,954092,582080,372012
10,237,nawada,Rural,0-6,360402,185097,175305,360402,185097,175305,0,0,0
10,237,nawada,Rural,7,51341,26457,24884,20183,9786,10397,31158,16671,14487
10,237,nawada,Rural,8,73339,37820,35519,20988,9820,11168,52351,28000,24351
10,237,nawada,Rural,9,49305,25610,23695,12328,5722,6606,36977,19888,17089
10,237,nawada,Rural,10,79458,41848,37610,18827,8723,10104,60631,33125,27506
10,237,nawada,Rural,11,44590,23379,21211,9285,4237,5048,35305,19142,16163
10,237,nawada,Rural,12,64299,33554,30745,12927,5604,7323,51372,27950,23422
10,237,nawada,Rural,13,40426,20791,19635,7674,3186,4488,32752,17605,15147
10,237,nawada,Rural,14,44374,22925,21449,9131,3816,5315,35243,19109,16134
10,237,nawada,Rural,15,45739,24915,20824,11147,4990,6157,34592,19925,14667
10,237,nawada,Rural,16,41045,21799,19246,10171,4331,5840,30874,17468,13406
10,237,nawada,Rural,17,26546,13660,12886,6742,2532,4210,19804,11128,8676
10,237,nawada,Rural,18,47456,24227,23229,14801,5124,9677,32655,19103,13552
10,237,nawada,Rural,19,27478,13209,14269,9227,2924,6303,18251,10285,7966
10,237,nawada,Rural,20-24,158753,80620,78133,61143,20929,40214,97610,59691,37919
10,237,nawada,Rural,25-29,148034,73357,74677,64749,21810,42939,83285,51547,31738
10,237,nawada,Rural,30-34,133219,66554,66665,61822,21572,40250,71397,44982,26415
10,237,nawada,Rural,35-39,119916,60363,59553,59733,20608,39125,60183,39755,20428
10,237,nawada,Rural,40-44,99596,52832,46764,53803,20584,33219,45793,32248,13545
10,237,nawada,Rural,45-49,82989,42603,40386,49166,17913,31253,33823,24690,9133
10,237,nawada,Rural,50-54,63503,35336,28167,39140,16670,22470,24363,18666,5697
10,237,nawada,Rural,55-59,52989,24978,28011,34647,11308,23339,18342,13670,4672
10,237,nawada,Rural,60-64,54364,29084,25280,36510,15166,21344,17854,13918,3936
10,237,nawada,Rural,65-69,37740,19030,18710,25940,9780,16160,11800,9250,2550
10,237,nawada,Rural,70-74,27608,15906,11702,19500,9035,10465,8108,6871,1237
10,237,nawada,Rural,75-79,11079,5849,5230,7909,3200,4709,3170,2649,521
10,237,nawada,Rural,80+,14362,7802,6560,10046,4389,5657,4316,3413,903
10,237,nawada,Rural,Age not stated,3617,2051,1566,1534,720,814,2083,1331,752
10,237,nawada,Urban,All ages,215579,113012,102567,78659,35618,43041,136920,77394,59526
10,237,nawada,Urban,0-6,33145,17213,15932,33145,17213,15932,0,0,0
10,237,nawada,Urban,7,4908,2571,2337,1452,716,736,3456,1855,1601
10,237,nawada,Urban,8,6860,3561,3299,1559,739,820,5301,2822,2479
10,237,nawada,Urban,9,4592,2465,2127,852,416,436,3740,2049,1691
10,237,nawada,Urban,10,7467,3995,3472,1238,637,601,6229,3358,2871
10,237,nawada,Urban,11,4385,2354,2031,557,273,284,3828,2081,1747
10,237,nawada,Urban,12,6745,3516,3229,898,450,448,5847,3066,2781
10,237,nawada,Urban,13,4508,2263,2245,537,266,271,3971,1997,1974
10,237,nawada,Urban,14,5382,2750,2632,672,337,335,4710,2413,2297
10,237,nawada,Urban,15,5088,2670,2418,731,365,366,4357,2305,2052
10,237,nawada,Urban,16,5216,2676,2540,762,376,386,4454,2300,2154
10,237,nawada,Urban,17,3704,1929,1775,456,210,246,3248,1719,1529
10,237,nawada,Urban,18,6008,3182,2826,1059,471,588,4949,2711,2238
10,237,nawada,Urban,19,3504,1843,1661,507,223,284,2997,1620,1377
10,237,nawada,Urban,20-24,19362,10288,9074,3680,1553,2127,15682,8735,6947
10,237,nawada,Urban,25-29,17322,8958,8364,3981,1491,2490,13341,7467,5874
10,237,nawada,Urban,30-34,15154,7738,7416,4077,1579,2498,11077,6159,4918
10,237,nawada,Urban,35-39,13748,7127,6621,3927,1510,2417,9821,5617,4204
10,237,nawada,Urban,40-44,11507,6157,5350,3633,1418,2215,7874,4739,3135
10,237,nawada,Urban,45-49,9499,5055,4444,3272,1197,2075,6227,3858,2369
10,237,nawada,Urban,50-54,7018,3860,3158,2600,1026,1574,4418,2834,1584
10,237,nawada,Urban,55-59,5780,2903,2877,2212,670,1542,3568,2233,1335
10,237,nawada,Urban,60-64,5570,2970,2600,2473,878,1595,3097,2092,1005
10,237,nawada,Urban,65-69,3711,1965,1746,1673,558,1115,2038,1407,631
10,237,nawada,Urban,70-74,2630,1514,1116,1333,517,816,1297,997,300
10,237,nawada,Urban,75-79,1035,572,463,510,189,321,525,383,142
10,237,nawada,Urban,80+,1416,738,678,767,279,488,649,459,190
10,237,nawada,Urban,Age not stated,315,179,136,96,61,35,219,118,101
10,238,jamui,Total,All ages,1760405,916064,844341,901817,381679,520138,858588,534385,324203
10,238,jamui,Total,0-6,324513,165945,158568,324513,165945,158568,0,0,0
10,238,jamui,Total,7,44464,22686,21778,13778,6526,7252,30686,16160,14526
10,238,jamui,Total,8,59044,30520,28524,11909,5475,6434,47135,25045,22090
10,238,jamui,Total,9,40431,20848,19583,7153,3257,3896,33278,17591,15687
10,238,jamui,Total,10,64516,34191,30325,10528,4719,5809,53988,29472,24516
10,238,jamui,Total,11,37391,19682,17709,5214,2196,3018,32177,17486,14691
10,238,jamui,Total,12,52827,28311,24516,7282,2953,4329,45545,25358,20187
10,238,jamui,Total,13,35717,18786,16931,4848,1893,2955,30869,16893,13976
10,238,jamui,Total,14,36117,19187,16930,5666,2224,3442,30451,16963,13488
10,238,jamui,Total,15,38015,21498,16517,7394,3106,4288,30621,18392,12229
10,238,jamui,Total,16,32808,18378,14430,6605,2661,3944,26203,15717,10486
10,238,jamui,Total,17,22658,12721,9937,4905,1779,3126,17753,10942,6811
10,238,jamui,Total,18,40198,21487,18711,11682,3672,8010,28516,17815,10701
10,238,jamui,Total,19,24618,11891,12727,7899,2087,5812,16719,9804,6915
10,238,jamui,Total,20-24,143841,73967,69874,53395,16627,36768,90446,57340,33106
10,238,jamui,Total,25-29,138761,69020,69741,60318,19377,40941,78443,49643,28800
10,238,jamui,Total,30-34,122841,62820,60021,57798,20217,37581,65043,42603,22440
10,238,jamui,Total,35-39,109959,57053,52906,56496,20396,36100,53463,36657,16806
10,238,jamui,Total,40-44,87198,47441,39757,48161,19146,29015,39037,28295,10742
10,238,jamui,Total,45-49,72054,37024,35030,43338,16113,27225,28716,20911,7805
10,238,jamui,Total,50-54,56018,31156,24862,34573,14740,19833,21445,16416,5029
10,238,jamui,Total,55-59,46921,22088,24833,30925,10191,20734,15996,11897,4099
10,238,jamui,Total,60-64,50011,26096,23915,33804,13505,20299,16207,12591,3616
10,238,jamui,Total,65-69,33429,17389,16040,22910,9032,13878,10519,8357,2162
10,238,jamui,Total,70-74,22315,13026,9289,15728,7470,8258,6587,5556,1031
10,238,jamui,Total,75-79,8145,4352,3793,5651,2329,3322,2494,2023,471
10,238,jamui,Total,80+,10177,5475,4702,6899,2955,3944,3278,2520,758
10,238,jamui,Total,Age not stated,5418,3026,2392,2445,1088,1357,2973,1938,1035
10,238,jamui,Rural,All ages,1615072,839776,775296,847761,358592,489169,767311,481184,286127
10,238,jamui,Rural,0-6,301124,153863,147261,301124,153863,147261,0,0,0
10,238,jamui,Rural,7,40974,20973,20001,12891,6090,6801,28083,14883,13200
10,238,jamui,Rural,8,54952,28397,26555,11334,5212,6122,43618,23185,20433
10,238,jamui,Rural,9,37412,19280,18132,6737,3062,3675,30675,16218,14457
10,238,jamui,Rural,10,59930,31729,28201,10023,4462,5561,49907,27267,22640
10,238,jamui,Rural,11,34271,18019,16252,4936,2078,2858,29335,15941,13394
10,238,jamui,Rural,12,48773,26168,22605,6941,2794,4147,41832,23374,18458
10,238,jamui,Rural,13,32703,17246,15457,4615,1784,2831,28088,15462,12626
10,238,jamui,Rural,14,32810,17494,15316,5354,2086,3268,27456,15408,12048
10,238,jamui,Rural,15,34571,19626,14945,6983,2924,4059,27588,16702,10886
10,238,jamui,Rural,16,29706,16822,12884,6228,2511,3717,23478,14311,9167
10,238,jamui,Rural,17,20260,11472,8788,4629,1667,2962,15631,9805,5826
10,238,jamui,Rural,18,36502,19467,17035,11111,3444,7667,25391,16023,9368
10,238,jamui,Rural,19,22289,10702,11587,7471,1943,5528,14818,8759,6059
10,238,jamui,Rural,20-24,130776,67008,63768,50661,15682,34979,80115,51326,28789
10,238,jamui,Rural,25-29,126972,62885,64087,57352,18366,38986,69620,44519,25101
10,238,jamui,Rural,30-34,112501,57507,54994,55051,19283,35768,57450,38224,19226
10,238,jamui,Rural,35-39,100299,52017,48282,53470,19367,34103,46829,32650,14179
10,238,jamui,Rural,40-44,79250,43069,36181,45483,18203,27280,33767,24866,8901
10,238,jamui,Rural,45-49,65600,33612,31988,40950,15322,25628,24650,18290,6360
10,238,jamui,Rural,50-54,51075,28454,22621,32652,14062,18590,18423,14392,4031
10,238,jamui,Rural,55-59,42917,19996,22921,29240,9694,19546,13677,10302,3375
10,238,jamui,Rural,60-64,46080,24089,21991,31934,12913,19021,14146,11176,2970
10,238,jamui,Rural,65-69,30755,15979,14776,21606,8613,12993,9149,7366,1783
10,238,jamui,Rural,70-74,20521,11959,8562,14803,7086,7717,5718,4873,845
10,238,jamui,Rural,75-79,7416,3945,3471,5299,2208,3091,2117,1737,380
10,238,jamui,Rural,80+,9380,5059,4321,6497,2811,3686,2883,2248,635
10,238,jamui,Rural,Age not stated,5253,2939,2314,2386,1062,1324,2867,1877,990
10,238,jamui,Urban,All ages,145333,76288,69045,54056,23087,30969,91277,53201,38076
10,238,jamui,Urban,0-6,23389,12082,11307,23389,12082,11307,0,0,0
10,238,jamui,Urban,7,3490,1713,1777,887,436,451,2603,1277,1326
10,238,jamui,Urban,8,4092,2123,1969,575,263,312,3517,1860,1657
10,238,jamui,Urban,9,3019,1568,1451,416,195,221,2603,1373,1230
10,238,jamui,Urban,10,4586,2462,2124,505,257,248,4081,2205,1876
10,238,jamui,Urban,11,3120,1663,1457,278,118,160,2842,1545,1297
10,238,jamui,Urban,12,4054,2143,1911,341,159,182,3713,1984,1729
10,238,jamui,Urban,13,3014,1540,1474,233,109,124,2781,1431,1350
10,238,jamui,Urban,14,3307,1693,1614,312,138,174,2995,1555,1440
10,238,jamui,Urban,15,3444,1872,1572,411,182,229,3033,1690,1343
10,238,jamui,Urban,16,3102,1556,1546,377,150,227,2725,1406,1319
10,238,jamui,Urban,17,2398,1249,1149,276,112,164,2122,1137,985
10,238,jamui,Urban,18,3696,2020,1676,571,228,343,3125,1792,1333
10,238,jamui,Urban,19,2329,1189,1140,428,144,284,1901,1045,856
10,238,jamui,Urban,20-24,13065,6959,6106,2734,945,1789,10331,6014,4317
10,238,jamui,Urban,25-29,11789,6135,5654,2966,1011,1955,8823,5124,3699
10,238,jamui,Urban,30-34,10340,5313,5027,2747,934,1813,7593,4379,3214
10,238,jamui,Urban,35-39,9660,5036,4624,3026,1029,1997,6634,4007,2627
10,238,jamui,Urban,40-44,7948,4372,3576,2678,943,1735,5270,3429,1841
10,238,jamui,Urban,45-49,6454,3412,3042,2388,791,1597,4066,2621,1445
10,238,jamui,Urban,50-54,4943,2702,2241,1921,678,1243,3022,2024,998
10,238,jamui,Urban,55-59,4004,2092,1912,1685,497,1188,2319,1595,724
10,238,jamui,Urban,60-64,3931,2007,1924,1870,592,1278,2061,1415,646
10,238,jamui,Urban,65-69,2674,1410,1264,1304,419,885,1370,991,379
10,238,jamui,Urban,70-74,1794,1067,727,925,384,541,869,683,186
10,238,jamui,Urban,75-79,729,407,322,352,121,231,377,286,91
10,238,jamui,Urban,80+,797,416,381,402,144,258,395,272,123
10,238,jamui,Urban,Age not stated,165,87,78,59,26,33,106,61,45
10,239,jehanabad,Total,All ages,1125313,585582,539731,506432,211170,295262,618881,374412,244469
10,239,jehanabad,Total,0-6,198785,103452,95333,198785,103452,95333,0,0,0
10,239,jehanabad,Total,7,27304,14113,13191,9701,4754,4947,17603,9359,8244
10,239,jehanabad,Total,8,39183,20560,18623,7549,3603,3946,31634,16957,14677
10,239,jehanabad,Total,9,26258,13677,12581,4112,1926,2186,22146,11751,10395
10,239,jehanabad,Total,10,41797,22159,19638,6320,2970,3350,35477,19189,16288
10,239,jehanabad,Total,11,24837,13079,11758,2967,1297,1670,21870,11782,10088
10,239,jehanabad,Total,12,34271,18087,16184,3986,1710,2276,30285,16377,13908
10,239,jehanabad,Total,13,23617,12171,11446,2435,956,1479,21182,11215,9967
10,239,jehanabad,Total,14,25374,13164,12210,2972,1203,1769,22402,11961,10441
10,239,jehanabad,Total,15,24437,13349,11088,3750,1557,2193,20687,11792,8895
10,239,jehanabad,Total,16,21611,11535,10076,3526,1388,2138,18085,10147,7938
10,239,jehanabad,Total,17,14236,7645,6591,2211,735,1476,12025,6910,5115
10,239,jehanabad,Total,18,25622,13457,12165,5808,1883,3925,19814,11574,8240
10,239,jehanabad,Total,19,15021,7485,7536,3467,933,2534,11554,6552,5002
10,239,jehanabad,Total,20-24,87943,45094,42849,25953,7949,18004,61990,37145,24845
10,239,jehanabad,Total,25-29,83948,41890,42058,28938,8678,20260,55010,33212,21798
10,239,jehanabad,Total,30-34,79563,40134,39429,29565,9225,20340,49998,30909,19089
10,239,jehanabad,Total,35-39,70619,36095,34524,28816,9141,19675,41803,26954,14849
10,239,jehanabad,Total,40-44,57880,31176,26704,25112,8802,16310,32768,22374,10394
10,239,jehanabad,Total,45-49,46520,24229,22291,22263,7220,15043,24257,17009,7248
10,239,jehanabad,Total,50-54,35400,20021,15379,17651,6913,10738,17749,13108,4641
10,239,jehanabad,Total,55-59,29820,13981,15839,16377,4443,11934,13443,9538,3905
10,239,jehanabad,Total,60-64,33159,17359,15800,19237,6959,12278,13922,10400,3522
10,239,jehanabad,Total,65-69,23872,12558,11314,14142,5039,9103,9730,7519,2211
10,239,jehanabad,Total,70-74,16833,9642,7191,10437,4432,6005,6396,5210,1186
10,239,jehanabad,Total,75-79,7108,3786,3322,4388,1583,2805,2720,2203,517
10,239,jehanabad,Total,80+,8914,4929,3985,5426,2191,3235,3488,2738,750
10,239,jehanabad,Total,Age not stated,1381,755,626,538,228,310,843,527,316
10,239,jehanabad,Rural,All ages,990117,514154,475963,458676,190014,268662,531441,324140,207301
10,239,jehanabad,Rural,0-6,178151,92595,85556,178151,92595,85556,0,0,0
10,239,jehanabad,Rural,7,24277,12489,11788,8830,4304,4526,15447,8185,7262
10,239,jehanabad,Rural,8,34966,18309,16657,6863,3243,3620,28103,15066,13037
10,239,jehanabad,Rural,9,23474,12161,11313,3777,1767,2010,19697,10394,9303
10,239,jehanabad,Rural,10,37120,19635,17485,5696,2658,3038,31424,16977,14447
10,239,jehanabad,Rural,11,21907,11509,10398,2680,1159,1521,19227,10350,8877
10,239,jehanabad,Rural,12,30156,15935,14221,3576,1513,2063,26580,14422,12158
10,239,jehanabad,Rural,13,20798,10718,10080,2199,837,1362,18599,9881,8718
10,239,jehanabad,Rural,14,22076,11412,10664,2677,1054,1623,19399,10358,9041
10,239,jehanabad,Rural,15,21167,11572,9595,3327,1346,1981,17840,10226,7614
10,239,jehanabad,Rural,16,18449,9878,8571,3161,1203,1958,15288,8675,6613
10,239,jehanabad,Rural,17,11975,6439,5536,1952,611,1341,10023,5828,4195
10,239,jehanabad,Rural,18,21866,11368,10498,5223,1609,3614,16643,9759,6884
10,239,jehanabad,Rural,19,12830,6301,6529,3146,788,2358,9684,5513,4171
10,239,jehanabad,Rural,20-24,76186,38843,37343,23611,7038,16573,52575,31805,20770
10,239,jehanabad,Rural,25-29,73351,36472,36879,26520,7827,18693,46831,28645,18186
10,239,jehanabad,Rural,30-34,69901,35202,34699,27084,8370,18714,42817,26832,15985
10,239,jehanabad,Rural,35-39,61763,31598,30165,26234,8253,17981,35529,23345,12184
10,239,jehanabad,Rural,40-44,50439,27129,23310,22839,7921,14918,27600,19208,8392
10,239,jehanabad,Rural,45-49,40535,21082,19453,20258,6572,13686,20277,14510,5767
10,239,jehanabad,Rural,50-54,30934,17541,13393,16063,6328,9735,14871,11213,3658
10,239,jehanabad,Rural,55-59,26152,12128,14024,15056,4115,10941,11096,8013,3083
10,239,jehanabad,Rural,60-64,29527,15430,14097,17636,6398,11238,11891,9032,2859
10,239,jehanabad,Rural,65-69,21426,11258,10168,13054,4692,8362,8372,6566,1806
10,239,jehanabad,Rural,70-74,15166,8702,6464,9613,4131,5482,5553,4571,982
10,239,jehanabad,Rural,75-79,6325,3358,2967,4003,1450,2553,2322,1908,414
10,239,jehanabad,Rural,80+,8015,4437,3578,4970,2021,2949,3045,2416,629
10,239,jehanabad,Rural,Age not stated,1185,653,532,477,211,266,708,442,266
10,239,jehanabad,Urban,All ages,135196,71428,63768,47756,21156,26600,87440,50272,37168
10,239,jehanabad,Urban,0-6,20634,10857,9777,20634,10857,9777,0,0,0
10,239,jehanabad,Urban,7,3027,1624,1403,871,450,421,2156,1174,982
10,239,jehanabad,Urban,8,4217,2251,1966,686,360,326,3531,1891,1640
10,239,jehanabad,Urban,9,2784,1516,1268,335,159,176,2449,1357,1092
10,239,jehanabad,Urban,10,4677,2524,2153,624,312,312,4053,2212,1841
10,239,jehanabad,Urban,11,2930,1570,1360,287,138,149,2643,1432,1211
10,239,jehanabad,Urban,12,4115,2152,1963,410,197,213,3705,1955,1750
10,239,jehanabad,Urban,13,2819,1453,1366,236,119,117,2583,1334,1249
10,239,jehanabad,Urban,14,3298,1752,1546,295,149,146,3003,1603,1400
10,239,jehanabad,Urban,15,3270,1777,1493,423,211,212,2847,1566,1281
10,239,jehanabad,Urban,16,3162,1657,1505,365,185,180,2797,1472,1325
10,239,jehanabad,Urban,17,2261,1206,1055,259,124,135,2002,1082,920
10,239,jehanabad,Urban,18,3756,2089,1667,585,274,311,3171,1815,1356
10,239,jehanabad,Urban,19,2191,1184,1007,321,145,176,1870,1039,831
10,239,jehanabad,Urban,20-24,11757,6251,5506,2342,911,1431,9415,5340,4075
10,239,jehanabad,Urban,25-29,10597,5418,5179,2418,851,1567,8179,4567,3612
10,239,jehanabad,Urban,30-34,9662,4932,4730,2481,855,1626,7181,4077,3104
10,239,jehanabad,Urban,35-39,8856,4497,4359,2582,888,1694,6274,3609,2665
10,239,jehanabad,Urban,40-44,7441,4047,3394,2273,881,1392,5168,3166,2002
10,239,jehanabad,Urban,45-49,5985,3147,2838,2005,648,1357,3980,2499,1481
10,239,jehanabad,Urban,50-54,4466,2480,1986,1588,585,1003,2878,1895,983
10,239,jehanabad,Urban,55-59,3668,1853,1815,1321,328,993,2347,1525,822
10,239,jehanabad,Urban,60-64,3632,1929,1703,1601,561,1040,2031,1368,663
10,239,jehanabad,Urban,65-69,2446,1300,1146,1088,347,741,1358,953,405
10,239,jehanabad,Urban,70-74,1667,940,727,824,301,523,843,639,204
10,239,jehanabad,Urban,75-79,783,428,355,385,133,252,398,295,103
10,239,jehanabad,Urban,80+,899,492,407,456,170,286,443,322,121
10,239,jehanabad,Urban,Age not stated,196,102,94,61,17,44,135,85,50
10,240,arwal,Total,All ages,700843,363497,337346,314492,128218,186274,386351,235279,151072
10,240,arwal,Total,0-6,127841,65910,61931,127841,65910,61931,0,0,0
10,240,arwal,Total,7,17456,8983,8473,5389,2580,2809,12067,6403,5664
10,240,arwal,Total,8,23063,11929,11134,4065,1914,2151,18998,10015,8983
10,240,arwal,Total,9,16190,8355,7835,2230,1046,1184,13960,7309,6651
10,240,arwal,Total,10,25535,13540,11995,3468,1577,1891,22067,11963,10104
10,240,arwal,Total,11,15477,8112,7365,1742,789,953,13735,7323,6412
10,240,arwal,Total,12,21302,11190,10112,2251,908,1343,19051,10282,8769
10,240,arwal,Total,13,15314,7851,7463,1396,515,881,13918,7336,6582
10,240,arwal,Total,14,16103,8391,7712,1803,710,1093,14300,7681,6619
10,240,arwal,Total,15,15674,8418,7256,2173,907,1266,13501,7511,5990
10,240,arwal,Total,16,13931,7550,6381,2126,843,1283,11805,6707,5098
10,240,arwal,Total,17,8659,4681,3978,1301,431,870,7358,4250,3108
10,240,arwal,Total,18,15360,8360,7000,3063,1022,2041,12297,7338,4959
10,240,arwal,Total,19,8960,4488,4472,1965,522,1443,6995,3966,3029
10,240,arwal,Total,20-24,53198,27608,25590,14316,4182,10134,38882,23426,15456
10,240,arwal,Total,25-29,50385,25057,25328,16755,4724,12031,33630,20333,13297
10,240,arwal,Total,30-34,48146,23998,24148,17580,5053,12527,30566,18945,11621
10,240,arwal,Total,35-39,43217,21867,21350,17602,5097,12505,25615,16770,8845
10,240,arwal,Total,40-44,35673,19185,16488,15592,5064,10528,20081,14121,5960
10,240,arwal,Total,45-49,28995,14958,14037,14296,4416,9880,14699,10542,4157
10,240,arwal,Total,50-54,22593,12568,10025,11505,4226,7279,11088,8342,2746
10,240,arwal,Total,55-59,19159,9068,10091,10687,2784,7903,8472,6284,2188
10,240,arwal,Total,60-64,21182,11096,10086,12548,4389,8159,8634,6707,1927
10,240,arwal,Total,65-69,15062,7883,7179,9087,3104,5983,5975,4779,1196
10,240,arwal,Total,70-74,10835,6199,4636,6831,2840,3991,4004,3359,645
10,240,arwal,Total,75-79,4466,2394,2072,2787,976,1811,1679,1418,261
10,240,arwal,Total,80+,5253,2905,2348,3314,1353,1961,1939,1552,387
10,240,arwal,Total,Age not stated,1814,953,861,779,336,443,1035,617,418
10,240,arwal,Rural,All ages,648994,336420,312574,294759,120153,174606,354235,216267,137968
10,240,arwal,Rural,0-6,118647,61156,57491,118647,61156,57491,0,0,0
10,240,arwal,Rural,7,16255,8364,7891,5080,2419,2661,11175,5945,5230
10,240,arwal,Rural,8,21489,11101,10388,3867,1826,2041,17622,9275,8347
10,240,arwal,Rural,9,14965,7738,7227,2114,981,1133,12851,6757,6094
10,240,arwal,Rural,10,23778,12609,11169,3281,1477,1804,20497,11132,9365
10,240,arwal,Rural,11,14342,7516,6826,1669,750,919,12673,6766,5907
10,240,arwal,Rural,12,19625,10328,9297,2127,866,1261,17498,9462,8036
10,240,arwal,Rural,13,14109,7230,6879,1325,482,843,12784,6748,6036
10,240,arwal,Rural,14,14822,7717,7105,1705,669,1036,13117,7048,6069
10,240,arwal,Rural,15,14427,7731,6696,2060,850,1210,12367,6881,5486
10,240,arwal,Rural,16,12791,6927,5864,2019,794,1225,10772,6133,4639
10,240,arwal,Rural,17,7824,4250,3574,1206,388,818,6618,3862,2756
10,240,arwal,Rural,18,14092,7655,6437,2901,965,1936,11191,6690,4501
10,240,arwal,Rural,19,8270,4141,4129,1857,488,1369,6413,3653,2760
10,240,arwal,Rural,20-24,48944,25320,23624,13524,3939,9585,35420,21381,14039
10,240,arwal,Rural,25-29,46599,23097,23502,15834,4450,11384,30765,18647,12118
10,240,arwal,Rural,30-34,44707,22251,22456,16622,4785,11837,28085,17466,10619
10,240,arwal,Rural,35-39,40069,20295,19774,16605,4845,11760,23464,15450,8014
10,240,arwal,Rural,40-44,33008,17734,15274,14698,4786,9912,18310,12948,5362
10,240,arwal,Rural,45-49,26868,13868,13000,13457,4213,9244,13411,9655,3756
10,240,arwal,Rural,50-54,20835,11617,9218,10766,4018,6748,10069,7599,2470
10,240,arwal,Rural,55-59,17758,8378,9380,10036,2625,7411,7722,5753,1969
10,240,arwal,Rural,60-64,19806,10371,9435,11863,4186,7677,7943,6185,1758
10,240,arwal,Rural,65-69,14080,7396,6684,8562,2962,5600,5518,4434,1084
10,240,arwal,Rural,70-74,10120,5777,4343,6452,2702,3750,3668,3075,593
10,240,arwal,Rural,75-79,4189,2250,1939,2641,935,1706,1548,1315,233
10,240,arwal,Rural,80+,4934,2739,2195,3136,1289,1847,1798,1450,348
10,240,arwal,Rural,Age not stated,1641,864,777,705,307,398,936,557,379
10,240,arwal,Urban,All ages,51849,27077,24772,19733,8065,11668,32116,19012,13104
10,240,arwal,Urban,0-6,9194,4754,4440,9194,4754,4440,0,0,0
10,240,arwal,Urban,7,1201,619,582,309,161,148,892,458,434
10,240,arwal,Urban,8,1574,828,746,198,88,110,1376,740,636
10,240,arwal,Urban,9,1225,617,608,116,65,51,1109,552,557
10,240,arwal,Urban,10,1757,931,826,187,100,87,1570,831,739
10,240,arwal,Urban,11,1135,596,539,73,39,34,1062,557,505
10,240,arwal,Urban,12,1677,862,815,124,42,82,1553,820,733
10,240,arwal,Urban,13,1205,621,584,71,33,38,1134,588,546
10,240,arwal,Urban,14,1281,674,607,98,41,57,1183,633,550
10,240,arwal,Urban,15,1247,687,560,113,57,56,1134,630,504
10,240,arwal,Urban,16,1140,623,517,107,49,58,1033,574,459
10,240,arwal,Urban,17,835,431,404,95,43,52,740,388,352
10,240,arwal,Urban,18,1268,705,563,162,57,105,1106,648,458
10,240,arwal,Urban,19,690,347,343,108,34,74,582,313,269
10,240,arwal,Urban,20-24,4254,2288,1966,792,243,549,3462,2045,1417
10,240,arwal,Urban,25-29,3786,1960,1826,921,274,647,2865,1686,1179
10,240,arwal,Urban,30-34,3439,1747,1692,958,268,690,2481,1479,1002
10,240,arwal,Urban,35-39,3148,1572,1576,997,252,745,2151,1320,831
10,240,arwal,Urban,40-44,2665,1451,1214,894,278,616,1771,1173,598
10,240,arwal,Urban,45-49,2127,1090,1037,839,203,636,1288,887,401
10,240,arwal,Urban,50-54,1758,951,807,739,208,531,1019,743,276
10,240,arwal,Urban,55-59,1401,690,711,651,159,492,750,531,219
10,240,arwal,Urban,60-64,1376,725,651,685,203,482,691,522,169
10,240,arwal,Urban,65-69,982,487,495,525,142,383,457,345,112
10,240,arwal,Urban,70-74,715,422,293,379,138,241,336,284,52
10,240,arwal,Urban,75-79,277,144,133,146,41,105,131,103,28
10,240,arwal,Urban,80+,319,166,153,178,64,114,141,102,39
10,240,arwal,Urban,Age not stated,173,89,84,74,29,45,99,60,39
01,001,kupwara,Total,All ages,870354,474190,396164,430700,191367,239333,439654,282823,156831
01,001,kupwara,Total,0-6,188798,100459,88339,188798,100459,88339,0,0,0
01,001,kupwara,Total,7,23367,12286,11081,9443,4769,4674,13924,7517,6407
01,001,kupwara,Total,8,26211,13679,12532,6717,3178,3539,19494,10501,8993
01,001,kupwara,Total,9,23123,12105,11018,4554,2160,2394,18569,9945,8624
01,001,kupwara,Total,10,29514,15538,13976,6466,3047,3419,23048,12491,10557
01,001,kupwara,Total,11,24859,13086,11773,4015,1806,2209,20844,11280,9564
01,001,kupwara,Total,12,23631,12455,11176,3269,1343,1926,20362,11112,9250
01,001,kupwara,Total,13,20090,10532,9558,2519,1041,1478,17571,9491,8080
01,001,kupwara,Total,14,20579,10817,9762,2531,918,1613,18048,9899,8149
01,001,kupwara,Total,15,19187,9939,9248,2560,904,1656,16627,9035,7592
01,001,kupwara,Total,16,18868,9622,9246,2521,750,1771,16347,8872,7475
01,001,kupwara,Total,17,13890,7040,6850,1881,551,1330,12009,6489,5520
01,001,kupwara,Total,18,17837,9062,8775,3275,927,2348,14562,8135,6427
01,001,kupwara,Total,19,12067,6210,5857,2073,573,1500,9994,5637,4357
01,001,kupwara,Total,20-24,70692,38505,32187,16016,4610,11406,54676,33895,20781
01,001,kupwara,Total,25-29,68046,41511,26535,19224,5586,13638,48822,35925,12897
01,001,kupwara,Total,30-34,57150,33789,23361,21007,6316,14691,36143,27473,8670
01,001,kupwara,Total,35-39,49033,27287,21746,22965,7050,15915,26068,20237,5831
01,001,kupwara,Total,40-44,41741,24356,17385,22246,8120,14126,19495,16236,3259
01,001,kupwara,Total,45-49,30511,16556,13955,19097,6806,12291,11414,9750,1664
01,001,kupwara,Total,50-54,24144,13621,10523,16816,7108,9708,7328,6513,815
01,001,kupwara,Total,55-59,16163,7962,8201,11924,4239,7685,4239,3723,516
01,001,kupwara,Total,60-64,17607,9711,7896,13837,6360,7477,3770,3351,419
01,001,kupwara,Total,65-69,9871,5053,4818,7919,3306,4613,1952,1747,205
01,001,kupwara,Total,70-74,10217,5675,4542,8688,4311,4377,1529,1364,165
01,001,kupwara,Total,75-79,3932,2029,1903,3382,1554,1828,550,475,75
01,001,kupwara,Total,80+,7745,4395,3350,6253,3235,3018,1492,1160,332
01,001,kupwara,Total,Age not stated,1481,910,571,704,340,364,777,570,207
01,001,kupwara,Rural,All ages,765625,412038,353587,390627,173253,217374,374998,238785,136213
01,001,kupwara,Rural,0-6,169588,90235,79353,169588,90235,79353,0,0,0
01,001,kupwara,Rural,7,20670,10881,9789,8429,4265,4164,12241,6616,5625
01,001,kupwara,Rural,8,23173,12063,11110,6040,2855,3185,17133,9208,7925
01,001,kupwara,Rural,9,20271,10566,9705,4055,1898,2157,16216,8668,7548
01,001,kupwara,Rural,10,25935,13584,12351,5830,2748,3082,20105,10836,9269
01,001,kupwara,Rural,11,21798,11366,10432,3622,1629,1993,18176,9737,8439
01,001,kupwara,Rural,12,20629,10835,9794,2951,1188,1763,17678,9647,8031
01,001,kupwara,Rural,13,17505,9092,8413,2278,919,1359,15227,8173,7054
01,001,kupwara,Rural,14,17935,9372,8563,2266,808,1458,15669,8564,7105
01,001,kupwara,Rural,15,17020,8721,8299,2368,821,1547,14652,7900,6752
01,001,kupwara,Rural,16,16664,8408,8256,2313,667,1646,14351,7741,6610
01,001,kupwara,Rural,17,12235,6129,6106,1754,496,1258,10481,5633,4848
01,001,kupwara,Rural,18,15980,8101,7879,3058,844,2214,12922,7257,5665
01,001,kupwara,Rural,19,10766,5515,5251,1925,512,1413,8841,5003,3838
01,001,kupwara,Rural,20-24,62591,33731,28860,14888,4212,10676,47703,29519,18184
01,001,kupwara,Rural,25-29,59160,35503,23657,17773,5180,12593,41387,30323,11064
01,001,kupwara,Rural,30-34,49013,28168,20845,19308,5767,13541,29705,22401,7304
01,001,kupwara,Rural,35-39,41981,22496,19485,21149,6511,14638,20832,15985,4847
01,001,kupwara,Rural,40-44,35363,19859,15504,20389,7503,12886,14974,12356,2618
01,001,kupwara,Rural,45-49,26310,13818,12492,17460,6272,11188,8850,7546,1304
01,001,kupwara,Rural,50-54,21205,11754,9451,15377,6553,8824,5828,5201,627
01,001,kupwara,Rural,55-59,14348,6993,7355,10836,3892,6944,3512,3101,411
01,001,kupwara,Rural,60-64,15813,8751,7062,12574,5853,6721,3239,2898,341
01,001,kupwara,Rural,65-69,8777,4472,4305,7121,2989,4132,1656,1483,173
01,001,kupwara,Rural,70-74,9188,5107,4081,7873,3932,3941,1315,1175,140
01,001,kupwara,Rural,75-79,3531,1823,1708,3066,1420,1646,465,403,62
01,001,kupwara,Rural,80+,6887,3921,2966,5696,2977,2719,1191,944,247
01,001,kupwara,Rural,Age not stated,1289,774,515,640,307,333,649,467,182
01,001,kupwara,Urban,All ages,104729,62152,42577,40073,18114,21959,64656,44038,20618
01,001,kupwara,Urban,0-6,19210,10224,8986,19210,10224,8986,0,0,0
01,001,kupwara,Urban,7,2697,1405,1292,1014,504,510,1683,901,782
01,001,kupwara,Urban,8,3038,1616,1422,677,323,354,2361,1293,1068
01,001,kupwara,Urban,9,2852,1539,1313,499,262,237,2353,1277,1076
01,001,kupwara,Urban,10,3579,1954,1625,636,299,337,2943,1655,1288
01,001,kupwara,Urban,11,3061,1720,1341,393,177,216,2668,1543,1125
01,001,kupwara,Urban,12,3002,1620,1382,318,155,163,2684,1465,1219
01,001,kupwara,Urban,13,2585,1440,1145,241,122,119,2344,1318,1026
01,001,kupwara,Urban,14,2644,1445,1199,265,110,155,2379,1335,1044
01,001,kupwara,Urban,15,2167,1218,949,192,83,109,1975,1135,840
01,001,kupwara,Urban,16,2204,1214,990,208,83,125,1996,1131,865
01,001,kupwara,Urban,17,1655,911,744,127,55,72,1528,856,672
01,001,kupwara,Urban,18,1857,961,896,217,83,134,1640,878,762
01,001,kupwara,Urban,19,1301,695,606,148,61,87,1153,634,519
01,001,kupwara,Urban,20-24,8101,4774,3327,1128,398,730,6973,4376,2597
01,001,kupwara,Urban,25-29,8886,6008,2878,1451,406,1045,7435,5602,1833
01,001,kupwara,Urban,30-34,8137,5621,2516,1699,549,1150,6438,5072,1366
01,001,kupwara,Urban,35-39,7052,4791,2261,1816,539,1277,5236,4252,984
01,001,kupwara,Urban,40-44,6378,4497,1881,1857,617,1240,4521,3880,641
01,001,kupwara,Urban,45-49,4201,2738,1463,1637,534,1103,2564,2204,360
01,001,kupwara,Urban,50-54,2939,1867,1072,1439,555,884,1500,1312,188
01,001,kupwara,Urban,55-59,1815,969,846,1088,347,741,727,622,105
01,001,kupwara,Urban,60-64,1794,960,834,1263,507,756,531,453,78
01,001,kupwara,Urban,65-69,1094,581,513,798,317,481,296,264,32
01,001,kupwara,Urban,70-74,1029,568,461,815,379,436,214,189,25
01,001,kupwara,Urban,75-79,401,206,195,316,134,182,85,72,13
01,001,kupwara,Urban,80+,858,474,384,557,258,299,301,216,85
01,001,kupwara,Urban,Age not stated,192,136,56,64,33,31,128,103,25
01,002,badgam,Total,All ages,753745,398041,355704,418096,190300,227796,335649,207741,127908
01,002,badgam,Total,0-6,155202,84720,70482,155202,84720,70482,0,0,0
01,002,badgam,Total,7,18891,10023,8868,8779,4562,4217,10112,5461,4651
01,002,badgam,Total,8,22272,11872,10400,7013,3609,3404,15259,8263,6996
01,002,badgam,Total,9,17675,9278,8397,4455,2201,2254,13220,7077,6143
01,002,badgam,Total,10,23665,12667,10998,5900,2936,2964,17765,9731,8034
01,002,badgam,Total,11,18653,9859,8794,3774,1828,1946,14879,8031,6848
01,002,badgam,Total,12,19531,10258,9273,3312,1467,1845,16219,8791,7428
01,002,badgam,Total,13,16079,8281,7798,2480,1060,1420,13599,7221,6378
01,002,badgam,Total,14,16891,8658,8233,2636,1014,1622,14255,7644,6611
01,002,badgam,Total,15,16417,8348,8069,2691,1004,1687,13726,7344,6382
01,002,badgam,Total,16,17016,8573,8443,2960,1047,1913,14056,7526,6530
01,002,badgam,Total,17,13043,6590,6453,2327,807,1520,10716,5783,4933
01,002,badgam,Total,18,17481,8856,8625,3726,1265,2461,13755,7591,6164
01,002,badgam,Total,19,11579,5887,5692,2432,792,1640,9147,5095,4052
01,002,badgam,Total,20-24,64695,33951,30744,18091,5821,12270,46604,28130,18474
01,002,badgam,Total,25-29,54133,28788,25345,22063,7114,14949,32070,21674,10396
01,002,badgam,Total,30-34,46538,24506,22032,23915,8267,15648,22623,16239,6384
01,002,badgam,Total,35-39,44226,22700,21526,26368,9321,17047,17858,13379,4479
01,002,badgam,Total,40-44,38688,20704,17984,25705,10442,15263,12983,10262,2721
01,002,badgam,Total,45-49,31481,16426,15055,22445,8980,13465,9036,7446,1590
01,002,badgam,Total,50-54,24071,13209,10862,17815,7945,9870,6256,5264,992
01,002,badgam,Total,55-59,17542,8490,9052,13559,5126,8433,3983,3364,619
01,002,badgam,Total,60-64,17521,9644,7877,14205,6762,7443,3316,2882,434
01,002,badgam,Total,65-69,10596,5247,5349,9048,3906,5142,1548,1341,207
01,002,badgam,Total,70-74,9795,5257,4538,8675,4270,4405,1120,987,133
01,002,badgam,Total,75-79,3941,1940,2001,3511,1567,1944,430,373,57
01,002,badgam,Total,80+,5512,2919,2593,4780,2342,2438,732,577,155
01,002,badgam,Total,Age not stated,611,390,221,229,125,104,382,265,117
01,002,badgam,Rural,All ages,655833,343385,312448,377568,172744,204824,278265,170641,107624
01,002,badgam,Rural,0-6,140608,76753,63855,140608,76753,63855,0,0,0
01,002,badgam,Rural,7,17109,9096,8013,8200,4276,3924,8909,4820,4089
01,002,badgam,Rural,8,20224,10790,9434,6585,3386,3199,13639,7404,6235
01,002,badgam,Rural,9,15845,8318,7527,4140,2047,2093,11705,6271,5434
01,002,badgam,Rural,10,21415,11439,9976,5469,2693,2776,15946,8746,7200
01,002,badgam,Rural,11,16708,8847,7861,3507,1706,1801,13201,7141,6060
01,002,badgam,Rural,12,17570,9253,8317,3129,1388,1741,14441,7865,6576
01,002,badgam,Rural,13,14409,7427,6982,2328,982,1346,12081,6445,5636
01,002,badgam,Rural,14,15084,7732,7352,2534,980,1554,12550,6752,5798
01,002,badgam,Rural,15,14640,7446,7194,2570,959,1611,12070,6487,5583
01,002,badgam,Rural,16,15131,7649,7482,2806,993,1813,12325,6656,5669
01,002,badgam,Rural,17,11421,5785,5636,2206,763,1443,9215,5022,4193
01,002,badgam,Rural,18,15391,7744,7647,3539,1190,2349,11852,6554,5298
01,002,badgam,Rural,19,9935,5050,4885,2248,707,1541,7687,4343,3344
01,002,badgam,Rural,20-24,54796,28237,26559,16777,5411,11366,38019,22826,15193
01,002,badgam,Rural,25-29,44262,22543,21719,20078,6513,13565,24184,16030,8154
01,002,badgam,Rural,30-34,38191,19452,18739,21426,7499,13927,16765,11953,4812
01,002,badgam,Rural,35-39,36950,18510,18440,23521,8411,15110,13429,10099,3330
01,002,badgam,Rural,40-44,32394,17017,15377,22777,9378,13399,9617,7639,1978
01,002,badgam,Rural,45-49,26782,13768,13014,20028,8130,11898,6754,5638,1116
01,002,badgam,Rural,50-54,20841,11398,9443,15924,7187,8737,4917,4211,706
01,002,badgam,Rural,55-59,14930,7253,7677,11825,4568,7257,3105,2685,420
01,002,badgam,Rural,60-64,15065,8308,6757,12494,6027,6467,2571,2281,290
01,002,badgam,Rural,65-69,9091,4517,4574,7899,3474,4425,1192,1043,149
01,002,badgam,Rural,70-74,8463,4572,3891,7570,3777,3793,893,795,98
01,002,badgam,Rural,75-79,3319,1625,1694,2995,1345,1650,324,280,44
01,002,badgam,Rural,80+,4735,2520,2215,4187,2092,2095,548,428,120
01,002,badgam,Rural,Age not stated,524,336,188,198,109,89,326,227,99
01,002,badgam,Urban,All ages,97912,54656,43256,40528,17556,22972,57384,37100,20284
01,002,badgam,Urban,0-6,14594,7967,6627,14594,7967,6627,0,0,0
01,002,badgam,Urban,7,1782,927,855,579,286,293,1203,641,562
01,002,badgam,Urban,8,2048,1082,966,428,223,205,1620,859,761
01,002,badgam,Urban,9,1830,960,870,315,154,161,1515,806,709
01,002,badgam,Urban,10,2250,1228,1022,431,243,188,1819,985,834
01,002,badgam,Urban,11,1945,1012,933,267,122,145,1678,890,788
01,002,badgam,Urban,12,1961,1005,956,183,79,104,1778,926,852
01,002,badgam,Urban,13,1670,854,816,152,78,74,1518,776,742
01,002,badgam,Urban,14,1807,926,881,102,34,68,1705,892,813
01,002,badgam,Urban,15,1777,902,875,121,45,76,1656,857,799
01,002,badgam,Urban,16,1885,924,961,154,54,100,1731,870,861
01,002,badgam,Urban,17,1622,805,817,121,44,77,1501,761,740
01,002,badgam,Urban,18,2090,1112,978,187,75,112,1903,1037,866
01,002,badgam,Urban,19,1644,837,807,184,85,99,1460,752,708
01,002,badgam,Urban,20-24,9899,5714,4185,1314,410,904,8585,5304,3281
01,002,badgam,Urban,25-29,9871,6245,3626,1985,601,1384,7886,5644,2242
01,002,badgam,Urban,30-34,8347,5054,3293,2489,768,1721,5858,4286,1572
01,002,badgam,Urban,35-39,7276,4190,3086,2847,910,1937,4429,3280,1149
01,002,badgam,Urban,40-44,6294,3687,2607,2928,1064,1864,3366,2623,743
01,002,badgam,Urban,45-49,4699,2658,2041,2417,850,1567,2282,1808,474
01,002,badgam,Urban,50-54,3230,1811,1419,1891,758,1133,1339,1053,286
01,002,badgam,Urban,55-59,2612,1237,1375,1734,558,1176,878,679,199
01,002,badgam,Urban,60-64,2456,1336,1120,1711,735,976,745,601,144
01,002,badgam,Urban,65-69,1505,730,775,1149,432,717,356,298,58
01,002,badgam,Urban,70-74,1332,685,647,1105,493,612,227,192,35
01,002,badgam,Urban,75-79,622,315,307,516,222,294,106,93,13
01,002,badgam,Urban,80+,777,399,378,593,250,343,184,149,35
01,002,badgam,Urban,Age not stated,87,54,33,31,16,15,56,38,18
01,003,leh(ladakh),Total,All ages,133487,78971,54516,39717,16137,23580,93770,62834,30936
01,003,leh(ladakh),Total,0-6,12016,6174,5842,12016,6174,5842,0,0,0
01,003,leh(ladakh),Total,7,1768,910,858,498,256,242,1270,654,616
01,003,leh(ladakh),Total,8,1712,888,824,222,113,109,1490,775,715
01,003,leh(ladakh),Total,9,1780,897,883,169,81,88,1611,816,795
01,003,leh(ladakh),Total,10,1862,960,902,173,98,75,1689,862,827
01,003,leh(ladakh),Total,11,1998,1040,958,108,58,50,1890,982,908
01,003,leh(ladakh),Total,12,1916,990,926,57,29,28,1859,961,898
01,003,leh(ladakh),Total,13,2138,1113,1025,64,35,29,2074,1078,996
01,003,leh(ladakh),Total,14,2139,1085,1054,52,19,33,2087,1066,1021
01,003,leh(ladakh),Total,15,2096,1028,1068,58,18,40,2038,1010,1028
01,003,leh(ladakh),Total,16,2044,1019,1025,72,34,38,1972,985,987
01,003,leh(ladakh),Total,17,2027,1041,986,72,32,40,1955,1009,946
01,003,leh(ladakh),Total,18,2065,1056,1009,102,40,62,1963,1016,947
01,003,leh(ladakh),Total,19,2013,1035,978,91,32,59,1922,1003,919
01,003,leh(ladakh),Total,20-24,14428,9031,5397,957,338,619,13471,8693,4778
01,003,leh(ladakh),Total,25-29,18701,13083,5618,1576,552,1024,17125,12531,4594
01,003,leh(ladakh),Total,30-34,14480,9701,4779,1915,552,1363,12565,9149,3416
01,003,leh(ladakh),Total,35-39,11230,7011,4219,2405,760,1645,8825,6251,2574
01,003,leh(ladakh),Total,40-44,9082,5680,3402,2653,798,1855,6429,4882,1547
01,003,leh(ladakh),Total,45-49,6723,3985,2738,2789,930,1859,3934,3055,879
01,003,leh(ladakh),Total,50-54,5145,2688,2457,2784,886,1898,2361,1802,559
01,003,leh(ladakh),Total,55-59,4135,2159,1976,2419,820,1599,1716,1339,377
01,003,leh(ladakh),Total,60-64,3606,1870,1736,2354,842,1512,1252,1028,224
01,003,leh(ladakh),Total,65-69,2517,1351,1166,1819,764,1055,698,587,111
01,003,leh(ladakh),Total,70-74,2245,1165,1080,1721,712,1009,524,453,71
01,003,leh(ladakh),Total,75-79,1437,766,671,1141,522,619,296,244,52
01,003,leh(ladakh),Total,80+,1934,1060,874,1384,622,762,550,438,112
01,003,leh(ladakh),Total,Age not stated,250,185,65,46,20,26,204,165,39
01,003,leh(ladakh),Rural,All ages,87816,48411,39405,31027,12349,18678,56789,36062,20727
01,003,leh(ladakh),Rural,0-6,9053,4684,4369,9053,4684,4369,0,0,0
01,003,leh(ladakh),Rural,7,1304,668,636,354,179,175,950,489,461
01,003,leh(ladakh),Rural,8,1235,641,594,163,84,79,1072,557,515
01,003,leh(ladakh),Rural,9,1312,674,638,140,68,72,1172,606,566
01,003,leh(ladakh),Rural,10,1317,677,640,125,71,54,1192,606,586
01,003,leh(ladakh),Rural,11,1408,723,685,85,42,43,1323,681,642
01,003,leh(ladakh),Rural,12,1381,712,669,48,27,21,1333,685,648
01,003,leh(ladakh),Rural,13,1552,808,744,52,27,25,1500,781,719
01,003,leh(ladakh),Rural,14,1554,786,768,45,15,30,1509,771,738
01,003,leh(ladakh),Rural,15,1497,717,780,48,13,35,1449,704,745
01,003,leh(ladakh),Rural,16,1485,725,760,60,26,34,1425,699,726
01,003,leh(ladakh),Rural,17,1493,760,733,57,23,34,1436,737,699
01,003,leh(ladakh),Rural,18,1503,748,755,82,26,56,1421,722,699
01,003,leh(ladakh),Rural,19,1410,714,696,75,27,48,1335,687,648
01,003,leh(ladakh),Rural,20-24,8822,4918,3904,751,235,516,8071,4683,3388
01,003,leh(ladakh),Rural,25-29,10777,6739,4038,1220,354,866,9557,6385,3172
01,003,leh(ladakh),Rural,30-34,8738,5315,3423,1541,396,1145,7197,4919,2278
01,003,leh(ladakh),Rural,35-39,6779,3944,2835,1911,594,1317,4868,3350,1518
01,003,leh(ladakh),Rural,40-44,5334,3002,2332,2167,625,1542,3167,2377,790
01,003,leh(ladakh),Rural,45-49,4347,2446,1901,2206,737,1469,2141,1709,432
01,003,leh(ladakh),Rural,50-54,3617,1841,1776,2242,718,1524,1375,1123,252
01,003,leh(ladakh),Rural,55-59,2962,1512,1450,1933,651,1282,1029,861,168
01,003,leh(ladakh),Rural,60-64,2701,1373,1328,1888,679,1209,813,694,119
01,003,leh(ladakh),Rural,65-69,1899,981,918,1437,577,860,462,404,58
01,003,leh(ladakh),Rural,70-74,1699,878,821,1347,566,781,352,312,40
01,003,leh(ladakh),Rural,75-79,1038,536,502,870,393,477,168,143,25
01,003,leh(ladakh),Rural,80+,1440,778,662,1088,493,595,352,285,67
01,003,leh(ladakh),Rural,Age not stated,159,111,48,39,19,20,120,92,28
01,003,leh(ladakh),Urban,All ages,45671,30560,15111,8690,3788,4902,36981,26772,10209
01,003,leh(ladakh),Urban,0-6,2963,1490,1473,2963,1490,1473,0,0,0
01,003,leh(ladakh),Urban,7,464,242,222,144,77,67,320,165,155
01,003,leh(ladakh),Urban,8,477,247,230,59,29,30,418,218,200
01,003,leh(ladakh),Urban,9,468,223,245,29,13,16,439,210,229
01,003,leh(ladakh),Urban,10,545,283,262,48,27,21,497,256,241
01,003,leh(ladakh),Urban,11,590,317,273,23,16,7,567,301,266
01,003,leh(ladakh),Urban,12,535,278,257,9,2,7,526,276,250
01,003,leh(ladakh),Urban,13,586,305,281,12,8,4,574,297,277
01,003,leh(ladakh),Urban,14,585,299,286,7,4,3,578,295,283
01,003,leh(ladakh),Urban,15,599,311,288,10,5,5,589,306,283
01,003,leh(ladakh),Urban,16,559,294,265,12,8,4,547,286,261
01,003,leh(ladakh),Urban,17,534,281,253,15,9,6,519,272,247
01,003,leh(ladakh),Urban,18,562,308,254,20,14,6,542,294,248
01,003,leh(ladakh),Urban,19,603,321,282,16,5,11,587,316,271
01,003,leh(ladakh),Urban,20-24,5606,4113,1493,206,103,103,5400,4010,1390
01,003,leh(ladakh),Urban,25-29,7924,6344,1580,356,198,158,7568,6146,1422
01,003,leh(ladakh),Urban,30-34,5742,4386,1356,374,156,218,5368,4230,1138
01,003,leh(ladakh),Urban,35-39,4451,3067,1384,494,166,328,3957,2901,1056
01,003,leh(ladakh),Urban,40-44,3748,2678,1070,486,173,313,3262,2505,757
01,003,leh(ladakh),Urban,45-49,2376,1539,837,583,193,390,1793,1346,447
01,003,leh(ladakh),Urban,50-54,1528,847,681,542,168,374,986,679,307
01,003,leh(ladakh),Urban,55-59,1173,647,526,486,169,317,687,478,209
01,003,leh(ladakh),Urban,60-64,905,497,408,466,163,303,439,334,105
01,003,leh(ladakh),Urban,65-69,618,370,248,382,187,195,236,183,53
01,003,leh(ladakh),Urban,70-74,546,287,259,374,146,228,172,141,31
01,003,leh(ladakh),Urban,75-79,399,230,169,271,129,142,128,101,27
01,003,leh(ladakh),Urban,80+,494,282,212,296,129,167,198,153,45
01,003,leh(ladakh),Urban,Age not stated,91,74,17,7,1,6,84,73,11
01,004,kargil,Total,All ages,140802,77785,63017,54566,21484,33082,86236,56301,29935
01,004,kargil,Total,0-6,19928,10078,9850,19928,10078,9850,0,0,0
01,004,kargil,Total,7,2913,1505,1408,945,471,474,1968,1034,934
01,004,kargil,Total,8,2695,1370,1325,439,202,237,2256,1168,1088
01,004,kargil,Total,9,2769,1384,1385,291,126,165,2478,1258,1220
01,004,kargil,Total,10,2982,1549,1433,325,155,170,2657,1394,1263
01,004,kargil,Total,11,3109,1628,1481,212,100,112,2897,1528,1369
01,004,kargil,Total,12,2906,1542,1364,149,60,89,2757,1482,1275
01,004,kargil,Total,13,2687,1415,1272,108,41,67,2579,1374,1205
01,004,kargil,Total,14,2870,1496,1374,127,41,86,2743,1455,1288
01,004,kargil,Total,15,2841,1374,1467,185,39,146,2656,1335,1321
01,004,kargil,Total,16,2759,1421,1338,188,42,146,2571,1379,1192
01,004,kargil,Total,17,2796,1441,1355,178,49,129,2618,1392,1226
01,004,kargil,Total,18,2996,1477,1519,271,48,223,2725,1429,1296
01,004,kargil,Total,19,2526,1262,1264,224,41,183,2302,1221,1081
01,004,kargil,Total,20-24,15109,8212,6897,2023,417,1606,13086,7795,5291
01,004,kargil,Total,25-29,15646,9613,6033,2531,522,2009,13115,9091,4024
01,004,kargil,Total,30-34,11984,7521,4463,2711,577,2134,9273,6944,2329
01,004,kargil,Total,35-39,9455,5609,3846,3505,794,2711,5950,4815,1135
01,004,kargil,Total,40-44,7558,4452,3106,3521,935,2586,4037,3517,520
01,004,kargil,Total,45-49,6564,3615,2949,3794,1167,2627,2770,2448,322
01,004,kargil,Total,50-54,4871,2660,2211,3179,1151,2028,1692,1509,183
01,004,kargil,Total,55-59,3186,1777,1409,2180,863,1317,1006,914,92
01,004,kargil,Total,60-64,3365,1779,1586,2567,1070,1497,798,709,89
01,004,kargil,Total,65-69,2085,1153,932,1638,754,884,447,399,48
01,004,kargil,Total,70-74,1985,1111,874,1731,889,842,254,222,32
01,004,kargil,Total,75-79,900,525,375,742,385,357,158,140,18
01,004,kargil,Total,80+,1096,636,460,842,446,396,254,190,64
01,004,kargil,Total,Age not stated,221,180,41,32,21,11,189,159,30
01,004,kargil,Rural,All ages,124464,67703,56761,50568,20029,30539,73896,47674,26222
01,004,kargil,Rural,0-6,18359,9290,9069,18359,9290,9069,0,0,0
01,004,kargil,Rural,7,2662,1376,1286,847,422,425,1815,954,861
01,004,kargil,Rural,8,2458,1239,1219,401,182,219,2057,1057,1000
01,004,kargil,Rural,9,2527,1256,1271,273,120,153,2254,1136,1118
01,004,kargil,Rural,10,2767,1428,1339,313,148,165,2454,1280,1174
01,004,kargil,Rural,11,2848,1484,1364,203,95,108,2645,1389,1256
01,004,kargil,Rural,12,2658,1407,1251,142,57,85,2516,1350,1166
01,004,kargil,Rural,13,2418,1260,1158,101,37,64,2317,1223,1094
01,004,kargil,Rural,14,2618,1349,1269,122,40,82,2496,1309,1187
01,004,kargil,Rural,15,2559,1227,1332,175,35,140,2384,1192,1192
01,004,kargil,Rural,16,2454,1274,1180,174,40,134,2280,1234,1046
01,004,kargil,Rural,17,2530,1303,1227,174,48,126,2356,1255,1101
01,004,kargil,Rural,18,2685,1334,1351,260,46,214,2425,1288,1137
01,004,kargil,Rural,19,2261,1126,1135,213,37,176,2048,1089,959
01,004,kargil,Rural,20-24,13256,7044,6212,1942,392,1550,11314,6652,4662
01,004,kargil,Rural,25-29,13137,7848,5289,2373,481,1892,10764,7367,3397
01,004,kargil,Rural,30-34,10191,6277,3914,2526,540,1986,7665,5737,1928
01,004,kargil,Rural,35-39,7965,4597,3368,3208,733,2475,4757,3864,893
01,004,kargil,Rural,40-44,6524,3742,2782,3277,886,2391,3247,2856,391
01,004,kargil,Rural,45-49,5783,3103,2680,3552,1120,2432,2231,1983,248
01,004,kargil,Rural,50-54,4337,2345,1992,2951,1097,1854,1386,1248,138
01,004,kargil,Rural,55-59,2811,1566,1245,1998,815,1183,813,751,62
01,004,kargil,Rural,60-64,2966,1570,1396,2353,1009,1344,613,561,52
01,004,kargil,Rural,65-69,1865,1029,836,1510,712,798,355,317,38
01,004,kargil,Rural,70-74,1816,1028,788,1619,853,766,197,175,22
01,004,kargil,Rural,75-79,826,475,351,698,363,335,128,112,16
01,004,kargil,Rural,80+,984,563,421,774,411,363,210,152,58
01,004,kargil,Rural,Age not stated,199,163,36,30,20,10,169,143,26
01,004,kargil,Urban,All ages,16338,10082,6256,3998,1455,2543,12340,8627,3713
01,004,kargil,Urban,0-6,1569,788,781,1569,788,781,0,0,0
01,004,kargil,Urban,7,251,129,122,98,49,49,153,80,73
01,004,kargil,Urban,8,237,131,106,38,20,18,199,111,88
01,004,kargil,Urban,9,242,128,114,18,6,12,224,122,102
01,004,kargil,Urban,10,215,121,94,12,7,5,203,114,89
01,004,kargil,Urban,11,261,144,117,9,5,4,252,139,113
01,004,kargil,Urban,12,248,135,113,7,3,4,241,132,109
01,004,kargil,Urban,13,269,155,114,7,4,3,262,151,111
01,004,kargil,Urban,14,252,147,105,5,1,4,247,146,101
01,004,kargil,Urban,15,282,147,135,10,4,6,272,143,129
01,004,kargil,Urban,16,305,147,158,14,2,12,291,145,146
01,004,kargil,Urban,17,266,138,128,4,1,3,262,137,125
01,004,kargil,Urban,18,311,143,168,11,2,9,300,141,159
01,004,kargil,Urban,19,265,136,129,11,4,7,254,132,122
01,004,kargil,Urban,20-24,1853,1168,685,81,25,56,1772,1143,629
01,004,kargil,Urban,25-29,2509,1765,744,158,41,117,2351,1724,627
01,004,kargil,Urban,30-34,1793,1244,549,185,37,148,1608,1207,401
01,004,kargil,Urban,35-39,1490,1012,478,297,61,236,1193,951,242
01,004,kargil,Urban,40-44,1034,710,324,244,49,195,790,661,129
01,004,kargil,Urban,45-49,781,512,269,242,47,195,539,465,74
01,004,kargil,Urban,50-54,534,315,219,228,54,174,306,261,45
01,004,kargil,Urban,55-59,375,211,164,182,48,134,193,163,30
01,004,kargil,Urban,60-64,399,209,190,214,61,153,185,148,37
01,004,kargil,Urban,65-69,220,124,96,128,42,86,92,82,10
01,004,kargil,Urban,70-74,169,83,86,112,36,76,57,47,10
01,004,kargil,Urban,75-79,74,50,24,44,22,22,30,28,2
01,004,kargil,Urban,80+,112,73,39,68,35,33,44,38,6
01,004,kargil,Urban,Age not stated,22,17,5,2,1,1,20,16,4
01,005,punch,Total,All ages,476835,251899,224936,215111,88566,126545,261724,163333,98391
01,005,punch,Total,0-6,84674,44733,39941,84674,44733,39941,0,0,0
01,005,punch,Total,7,11390,5938,5452,3830,1901,1929,7560,4037,3523
01,005,punch,Total,8,11668,6102,5566,2250,1060,1190,9418,5042,4376
01,005,punch,Total,9,10539,5431,5108,1417,600,817,9122,4831,4291
01,005,punch,Total,10,12568,6499,6069,1715,709,1006,10853,5790,5063
01,005,punch,Total,11,12230,6403,5827,1077,434,643,11153,5969,5184
01,005,punch,Total,12,12745,6625,6120,1114,354,760,11631,6271,5360
01,005,punch,Total,13,11513,6121,5392,930,285,645,10583,5836,4747
01,005,punch,Total,14,10934,5762,5172,871,247,624,10063,5515,4548
01,005,punch,Total,15,11595,6047,5548,1361,338,1023,10234,5709,4525
01,005,punch,Total,16,9903,5233,4670,1275,317,958,8628,4916,3712
01,005,punch,Total,17,7837,4246,3591,953,219,734,6884,4027,2857
01,005,punch,Total,18,10388,5398,4990,1832,436,1396,8556,4962,3594
01,005,punch,Total,19,7089,3730,3359,1193,272,921,5896,3458,2438
01,005,punch,Total,20-24,40067,20913,19154,9751,2313,7438,30316,18600,11716
01,005,punch,Total,25-29,39839,21838,18001,11321,2878,8443,28518,18960,9558
01,005,punch,Total,30-34,34237,18423,15814,11660,3193,8467,22577,15230,7347
01,005,punch,Total,35-39,29260,15092,14168,11641,3252,8389,17619,11840,5779
01,005,punch,Total,40-44,25675,13543,12132,11934,3628,8306,13741,9915,3826
01,005,punch,Total,45-49,20646,10462,10184,11459,3556,7903,9187,6906,2281
01,005,punch,Total,50-54,16817,8974,7843,10187,3778,6409,6630,5196,1434
01,005,punch,Total,55-59,11088,5531,5557,7035,2295,4740,4053,3236,817
01,005,punch,Total,60-64,11631,6312,5319,8309,3505,4804,3322,2807,515
01,005,punch,Total,65-69,6523,3497,3026,4775,2020,2755,1748,1477,271
01,005,punch,Total,70-74,6797,3877,2920,5380,2659,2721,1417,1218,199
01,005,punch,Total,75-79,2792,1487,1305,2228,1020,1208,564,467,97
01,005,punch,Total,80+,5686,3254,2432,4695,2452,2243,991,802,189
01,005,punch,Total,Age not stated,704,428,276,244,112,132,460,316,144
01,005,punch,Rural,All ages,438205,229774,208431,206664,85058,121606,231541,144716,86825
01,005,punch,Rural,0-6,80241,42380,37861,80241,42380,37861,0,0,0
01,005,punch,Rural,7,10722,5573,5149,3723,1846,1877,6999,3727,3272
01,005,punch,Rural,8,10951,5693,5258,2217,1040,1177,8734,4653,4081
01,005,punch,Rural,9,9865,5066,4799,1402,594,808,8463,4472,3991
01,005,punch,Rural,10,11742,6037,5705,1689,698,991,10053,5339,4714
01,005,punch,Rural,11,11416,5941,5475,1069,433,636,10347,5508,4839
01,005,punch,Rural,12,11880,6139,5741,1103,349,754,10777,5790,4987
01,005,punch,Rural,13,10719,5669,5050,916,278,638,9803,5391,4412
01,005,punch,Rural,14,10150,5347,4803,860,243,617,9290,5104,4186
01,005,punch,Rural,15,10798,5644,5154,1343,333,1010,9455,5311,4144
01,005,punch,Rural,16,9175,4848,4327,1257,312,945,7918,4536,3382
01,005,punch,Rural,17,7251,3934,3317,942,216,726,6309,3718,2591
01,005,punch,Rural,18,9608,5007,4601,1813,432,1381,7795,4575,3220
01,005,punch,Rural,19,6498,3408,3090,1173,268,905,5325,3140,2185
01,005,punch,Rural,20-24,36483,18698,17785,9577,2264,7313,26906,16434,10472
01,005,punch,Rural,25-29,35914,19219,16695,11095,2823,8272,24819,16396,8423
01,005,punch,Rural,30-34,30733,16153,14580,11365,3123,8242,19368,13030,6338
01,005,punch,Rural,35-39,26416,13443,12973,11354,3185,8169,15062,10258,4804
01,005,punch,Rural,40-44,23100,12111,10989,11552,3540,8012,11548,8571,2977
01,005,punch,Rural,45-49,18417,9238,9179,11052,3449,7603,7365,5789,1576
01,005,punch,Rural,50-54,15052,8034,7018,9796,3671,6125,5256,4363,893
01,005,punch,Rural,55-59,9887,4918,4969,6758,2239,4519,3129,2679,450
01,005,punch,Rural,60-64,10604,5758,4846,7940,3392,4548,2664,2366,298
01,005,punch,Rural,65-69,5926,3165,2761,4556,1949,2607,1370,1216,154
01,005,punch,Rural,70-74,6261,3591,2670,5120,2565,2555,1141,1026,115
01,005,punch,Rural,75-79,2523,1359,1164,2090,980,1110,433,379,54
01,005,punch,Rural,80+,5250,3023,2227,4426,2349,2077,824,674,150
01,005,punch,Rural,Age not stated,623,378,245,235,107,128,388,271,117
01,005,punch,Urban,All ages,38630,22125,16505,8447,3508,4939,30183,18617,11566
01,005,punch,Urban,0-6,4433,2353,2080,4433,2353,2080,0,0,0
01,005,punch,Urban,7,668,365,303,107,55,52,561,310,251
01,005,punch,Urban,8,717,409,308,33,20,13,684,389,295
01,005,punch,Urban,9,674,365,309,15,6,9,659,359,300
01,005,punch,Urban,10,826,462,364,26,11,15,800,451,349
01,005,punch,Urban,11,814,462,352,8,1,7,806,461,345
01,005,punch,Urban,12,865,486,379,11,5,6,854,481,373
01,005,punch,Urban,13,794,452,342,14,7,7,780,445,335
01,005,punch,Urban,14,784,415,369,11,4,7,773,411,362
01,005,punch,Urban,15,797,403,394,18,5,13,779,398,381
01,005,punch,Urban,16,728,385,343,18,5,13,710,380,330
01,005,punch,Urban,17,586,312,274,11,3,8,575,309,266
01,005,punch,Urban,18,780,391,389,19,4,15,761,387,374
01,005,punch,Urban,19,591,322,269,20,4,16,571,318,253
01,005,punch,Urban,20-24,3584,2215,1369,174,49,125,3410,2166,1244
01,005,punch,Urban,25-29,3925,2619,1306,226,55,171,3699,2564,1135
01,005,punch,Urban,30-34,3504,2270,1234,295,70,225,3209,2200,1009
01,005,punch,Urban,35-39,2844,1649,1195,287,67,220,2557,1582,975
01,005,punch,Urban,40-44,2575,1432,1143,382,88,294,2193,1344,849
01,005,punch,Urban,45-49,2229,1224,1005,407,107,300,1822,1117,705
01,005,punch,Urban,50-54,1765,940,825,391,107,284,1374,833,541
01,005,punch,Urban,55-59,1201,613,588,277,56,221,924,557,367
01,005,punch,Urban,60-64,1027,554,473,369,113,256,658,441,217
01,005,punch,Urban,65-69,597,332,265,219,71,148,378,261,117
01,005,punch,Urban,70-74,536,286,250,260,94,166,276,192,84
01,005,punch,Urban,75-79,269,128,141,138,40,98,131,88,43
01,005,punch,Urban,80+,436,231,205,269,103,166,167,128,39
01,005,punch,Urban,Age not stated,81,50,31,9,5,4,72,45,27
01,006,rajouri,Total,All ages,642415,345351,297064,278306,120882,157424,364109,224469,139640
01,006,rajouri,Total,0-6,108271,58051,50220,108271,58051,50220,0,0,0
01,006,rajouri,Total,7,15167,7928,7239,4953,2411,2542,10214,5517,4697
01,006,rajouri,Total,8,15471,8154,7317,3179,1499,1680,12292,6655,5637
01,006,rajouri,Total,9,13078,6900,6178,1803,796,1007,11275,6104,5171
01,006,rajouri,Total,10,16451,8589,7862,2494,1106,1388,13957,7483,6474
01,006,rajouri,Total,11,14902,7942,6960,1598,621,977,13304,7321,5983
01,006,rajouri,Total,12,16210,8544,7666,1792,691,1101,14418,7853,6565
01,006,rajouri,Total,13,14323,7456,6867,1382,451,931,12941,7005,5936
01,006,rajouri,Total,14,13974,7443,6531,1478,504,974,12496,6939,5557
01,006,rajouri,Total,15,14499,7730,6769,1887,608,1279,12612,7122,5490
01,006,rajouri,Total,16,13617,7311,6306,1850,577,1273,11767,6734,5033
01,006,rajouri,Total,17,10766,5942,4824,1276,403,873,9490,5539,3951
01,006,rajouri,Total,18,13753,7360,6393,2557,851,1706,11196,6509,4687
01,006,rajouri,Total,19,9782,5223,4559,1584,449,1135,8198,4774,3424
01,006,rajouri,Total,20-24,57680,30997,26683,12908,4021,8887,44772,26976,17796
01,006,rajouri,Total,25-29,56959,31848,25111,15074,4960,10114,41885,26888,14997
01,006,rajouri,Total,30-34,48683,26991,21692,14813,4916,9897,33870,22075,11795
01,006,rajouri,Total,35-39,41004,22135,18869,14599,4956,9643,26405,17179,9226
01,006,rajouri,Total,40-44,34551,18804,15747,14521,4999,9522,20030,13805,6225
01,006,rajouri,Total,45-49,28927,15111,13816,14237,4863,9374,14690,10248,4442
01,006,rajouri,Total,50-54,23057,12613,10444,12499,4755,7744,10558,7858,2700
01,006,rajouri,Total,55-59,15006,7712,7294,8786,2954,5832,6220,4758,1462
01,006,rajouri,Total,60-64,14634,7645,6989,10451,4324,6127,4183,3321,862
01,006,rajouri,Total,65-69,9391,4664,4727,6971,2725,4246,2420,1939,481
01,006,rajouri,Total,70-74,9438,5164,4274,7546,3603,3943,1892,1561,331
01,006,rajouri,Total,75-79,4043,2165,1878,3238,1514,1724,805,651,154
01,006,rajouri,Total,80+,7750,4257,3493,6233,3102,3131,1517,1155,362
01,006,rajouri,Total,Age not stated,1028,672,356,326,172,154,702,500,202
01,006,rajouri,Rural,All ages,590101,310748,279353,268891,116635,152256,321210,194113,127097
01,006,rajouri,Rural,0-6,103424,55404,48020,103424,55404,48020,0,0,0
01,006,rajouri,Rural,7,14406,7509,6897,4797,2325,2472,9609,5184,4425
01,006,rajouri,Rural,8,14713,7734,6979,3102,1452,1650,11611,6282,5329
01,006,rajouri,Rural,9,12379,6521,5858,1754,771,983,10625,5750,4875
01,006,rajouri,Rural,10,15639,8155,7484,2436,1080,1356,13203,7075,6128
01,006,rajouri,Rural,11,14208,7548,6660,1560,605,955,12648,6943,5705
01,006,rajouri,Rural,12,15410,8108,7302,1758,674,1084,13652,7434,6218
01,006,rajouri,Rural,13,13584,7043,6541,1360,442,918,12224,6601,5623
01,006,rajouri,Rural,14,13254,7064,6190,1451,494,957,11803,6570,5233
01,006,rajouri,Rural,15,13697,7277,6420,1861,598,1263,11836,6679,5157
01,006,rajouri,Rural,16,12816,6885,5931,1816,565,1251,11000,6320,4680
01,006,rajouri,Rural,17,10083,5568,4515,1248,391,857,8835,5177,3658
01,006,rajouri,Rural,18,12951,6923,6028,2505,825,1680,10446,6098,4348
01,006,rajouri,Rural,19,9088,4834,4254,1555,439,1116,7533,4395,3138
01,006,rajouri,Rural,20-24,51898,26884,25014,12647,3923,8724,39251,22961,16290
01,006,rajouri,Rural,25-29,49263,25897,23366,14682,4824,9858,34581,21073,13508
01,006,rajouri,Rural,30-34,42124,21961,20163,14420,4782,9638,27704,17179,10525
01,006,rajouri,Rural,35-39,36027,18635,17392,14173,4823,9350,21854,13812,8042
01,006,rajouri,Rural,40-44,30456,15884,14572,14116,4860,9256,16340,11024,5316
01,006,rajouri,Rural,45-49,26100,13300,12800,13850,4752,9098,12250,8548,3702
01,006,rajouri,Rural,50-54,21234,11524,9710,12176,4653,7523,9058,6871,2187
01,006,rajouri,Rural,55-59,13831,7054,6777,8541,2876,5665,5290,4178,1112
01,006,rajouri,Rural,60-64,13730,7176,6554,10125,4236,5889,3605,2940,665
01,006,rajouri,Rural,65-69,8824,4352,4472,6775,2672,4103,2049,1680,369
01,006,rajouri,Rural,70-74,8900,4894,4006,7261,3507,3754,1639,1387,252
01,006,rajouri,Rural,75-79,3813,2040,1773,3137,1477,1660,676,563,113
01,006,rajouri,Rural,80+,7415,4079,3336,6066,3040,3026,1349,1039,310
01,006,rajouri,Rural,Age not stated,834,495,339,295,145,150,539,350,189
01,006,rajouri,Urban,All ages,52314,34603,17711,9415,4247,5168,42899,30356,12543
01,006,rajouri,Urban,0-6,4847,2647,2200,4847,2647,2200,0,0,0
01,006,rajouri,Urban,7,761,419,342,156,86,70,605,333,272
01,006,rajouri,Urban,8,758,420,338,77,47,30,681,373,308
01,006,rajouri,Urban,9,699,379,320,49,25,24,650,354,296
01,006,rajouri,Urban,10,812,434,378,58,26,32,754,408,346
01,006,rajouri,Urban,11,694,394,300,38,16,22,656,378,278
01,006,rajouri,Urban,12,800,436,364,34,17,17,766,419,347
01,006,rajouri,Urban,13,739,413,326,22,9,13,717,404,313
01,006,rajouri,Urban,14,720,379,341,27,10,17,693,369,324
01,006,rajouri,Urban,15,802,453,349,26,10,16,776,443,333
01,006,rajouri,Urban,16,801,426,375,34,12,22,767,414,353
01,006,rajouri,Urban,17,683,374,309,28,12,16,655,362,293
01,006,rajouri,Urban,18,802,437,365,52,26,26,750,411,339
01,006,rajouri,Urban,19,694,389,305,29,10,19,665,379,286
01,006,rajouri,Urban,20-24,5782,4113,1669,261,98,163,5521,4015,1506
01,006,rajouri,Urban,25-29,7696,5951,1745,392,136,256,7304,5815,1489
01,006,rajouri,Urban,30-34,6559,5030,1529,393,134,259,6166,4896,1270
01,006,rajouri,Urban,35-39,4977,3500,1477,426,133,293,4551,3367,1184
01,006,rajouri,Urban,40-44,4095,2920,1175,405,139,266,3690,2781,909
01,006,rajouri,Urban,45-49,2827,1811,1016,387,111,276,2440,1700,740
01,006,rajouri,Urban,50-54,1823,1089,734,323,102,221,1500,987,513
01,006,rajouri,Urban,55-59,1175,658,517,245,78,167,930,580,350
01,006,rajouri,Urban,60-64,904,469,435,326,88,238,578,381,197
01,006,rajouri,Urban,65-69,567,312,255,196,53,143,371,259,112
01,006,rajouri,Urban,70-74,538,270,268,285,96,189,253,174,79
01,006,rajouri,Urban,75-79,230,125,105,101,37,64,129,88,41
01,006,rajouri,Urban,80+,335,178,157,167,62,105,168,116,52
01,006,rajouri,Urban,Age not stated,194,177,17,31,27,4,163,150,13
01,007,kathua,Total,All ages,616435,326109,290326,227231,97610,129621,389204,228499,160705
01,007,kathua,Total,0-6,83936,45833,38103,83936,45833,38103,0,0,0
01,007,kathua,Total,7,12928,7121,5807,3787,1967,1820,9141,5154,3987
01,007,kathua,Total,8,12687,6945,5742,1719,815,904,10968,6130,4838
01,007,kathua,Total,9,12201,6790,5411,1128,514,614,11073,6276,4797
01,007,kathua,Total,10,13243,7241,6002,1226,508,718,12017,6733,5284
01,007,kathua,Total,11,12796,7063,5733,916,370,546,11880,6693,5187
01,007,kathua,Total,12,13838,7490,6348,1014,378,636,12824,7112,5712
01,007,kathua,Total,13,13115,7105,6010,892,315,577,12223,6790,5433
01,007,kathua,Total,14,13069,7025,6044,944,296,648,12125,6729,5396
01,007,kathua,Total,15,12755,6913,5842,1124,392,732,11631,6521,5110
01,007,kathua,Total,16,12355,6764,5591,1061,377,684,11294,6387,4907
01,007,kathua,Total,17,11548,6295,5253,962,295,667,10586,6000,4586
01,007,kathua,Total,18,12808,6972,5836,1447,494,953,11361,6478,4883
01,007,kathua,Total,19,10881,5831,5050,1072,364,708,9809,5467,4342
01,007,kathua,Total,20-24,57528,29538,27990,8294,2661,5633,49234,26877,22357
01,007,kathua,Total,25-29,52176,26242,25934,10275,3347,6928,41901,22895,19006
01,007,kathua,Total,30-34,47710,24644,23066,11184,3632,7552,36526,21012,15514
01,007,kathua,Total,35-39,43453,22467,20986,12750,4057,8693,30703,18410,12293
01,007,kathua,Total,40-44,36696,19270,17426,13266,4546,8720,23430,14724,8706
01,007,kathua,Total,45-49,32264,17072,15192,13163,4624,8539,19101,12448,6653
01,007,kathua,Total,50-54,25492,13759,11733,11365,4028,7337,14127,9731,4396
01,007,kathua,Total,55-59,19091,10115,8976,9270,3084,6186,9821,7031,2790
01,007,kathua,Total,60-64,17149,8853,8296,10082,3719,6363,7067,5134,1933
01,007,kathua,Total,65-69,11806,6113,5693,7520,2896,4624,4286,3217,1069
01,007,kathua,Total,70-74,10195,5109,5086,7585,3151,4434,2610,1958,652
01,007,kathua,Total,75-79,5833,2968,2865,4509,1954,2555,1324,1014,310
01,007,kathua,Total,80+,8118,4097,4021,6502,2871,3631,1616,1226,390
01,007,kathua,Total,Age not stated,764,474,290,238,122,116,526,352,174
01,007,kathua,Rural,All ages,526722,278126,248596,206358,88251,118107,320364,189875,130489
01,007,kathua,Rural,0-6,74401,40571,33830,74401,40571,33830,0,0,0
01,007,kathua,Rural,7,11344,6220,5124,3485,1793,1692,7859,4427,3432
01,007,kathua,Rural,8,11132,6080,5052,1602,753,849,9530,5327,4203
01,007,kathua,Rural,9,10738,5966,4772,1035,458,577,9703,5508,4195
01,007,kathua,Rural,10,11644,6354,5290,1140,467,673,10504,5887,4617
01,007,kathua,Rural,11,11249,6172,5077,851,336,515,10398,5836,4562
01,007,kathua,Rural,12,12230,6616,5614,956,350,606,11274,6266,5008
01,007,kathua,Rural,13,11496,6219,5277,855,297,558,10641,5922,4719
01,007,kathua,Rural,14,11358,6058,5300,895,273,622,10463,5785,4678
01,007,kathua,Rural,15,11141,6005,5136,1082,372,710,10059,5633,4426
01,007,kathua,Rural,16,10620,5762,4858,1003,355,648,9617,5407,4210
01,007,kathua,Rural,17,9961,5408,4553,904,264,640,9057,5144,3913
01,007,kathua,Rural,18,10941,5913,5028,1363,442,921,9578,5471,4107
01,007,kathua,Rural,19,9285,4947,4338,1009,333,676,8276,4614,3662
01,007,kathua,Rural,20-24,48897,25066,23831,7821,2472,5349,41076,22594,18482
01,007,kathua,Rural,25-29,43809,21827,21982,9616,3079,6537,34193,18748,15445
01,007,kathua,Rural,30-34,40444,20868,19576,10406,3335,7071,30038,17533,12505
01,007,kathua,Rural,35-39,36547,18924,17623,11722,3703,8019,24825,15221,9604
01,007,kathua,Rural,40-44,30583,16141,14442,12123,4138,7985,18460,12003,6457
01,007,kathua,Rural,45-49,26417,13960,12457,12051,4236,7815,14366,9724,4642
01,007,kathua,Rural,50-54,20902,11264,9638,10410,3689,6721,10492,7575,2917
01,007,kathua,Rural,55-59,15728,8278,7450,8507,2855,5652,7221,5423,1798
01,007,kathua,Rural,60-64,14369,7404,6965,9222,3472,5750,5147,3932,1215
01,007,kathua,Rural,65-69,9873,5107,4766,6822,2694,4128,3051,2413,638
01,007,kathua,Rural,70-74,8733,4368,4365,6858,2916,3942,1875,1452,423
01,007,kathua,Rural,75-79,5054,2574,2480,4092,1803,2289,962,771,191
01,007,kathua,Rural,80+,7120,3625,3495,5899,2681,3218,1221,944,277
01,007,kathua,Rural,Age not stated,706,429,277,228,114,114,478,315,163
01,007,kathua,Urban,All ages,89713,47983,41730,20873,9359,11514,68840,38624,30216
01,007,kathua,Urban,0-6,9535,5262,4273,9535,5262,4273,0,0,0
01,007,kathua,Urban,7,1584,901,683,302,174,128,1282,727,555
01,007,kathua,Urban,8,1555,865,690,117,62,55,1438,803,635
01,007,kathua,Urban,9,1463,824,639,93,56,37,1370,768,602
01,007,kathua,Urban,10,1599,887,712,86,41,45,1513,846,667
01,007,kathua,Urban,11,1547,891,656,65,34,31,1482,857,625
01,007,kathua,Urban,12,1608,874,734,58,28,30,1550,846,704
01,007,kathua,Urban,13,1619,886,733,37,18,19,1582,868,714
01,007,kathua,Urban,14,1711,967,744,49,23,26,1662,944,718
01,007,kathua,Urban,15,1614,908,706,42,20,22,1572,888,684
01,007,kathua,Urban,16,1735,1002,733,58,22,36,1677,980,697
01,007,kathua,Urban,17,1587,887,700,58,31,27,1529,856,673
01,007,kathua,Urban,18,1867,1059,808,84,52,32,1783,1007,776
01,007,kathua,Urban,19,1596,884,712,63,31,32,1533,853,680
01,007,kathua,Urban,20-24,8631,4472,4159,473,189,284,8158,4283,3875
01,007,kathua,Urban,25-29,8367,4415,3952,659,268,391,7708,4147,3561
01,007,kathua,Urban,30-34,7266,3776,3490,778,297,481,6488,3479,3009
01,007,kathua,Urban,35-39,6906,3543,3363,1028,354,674,5878,3189,2689
01,007,kathua,Urban,40-44,6113,3129,2984,1143,408,735,4970,2721,2249
01,007,kathua,Urban,45-49,5847,3112,2735,1112,388,724,4735,2724,2011
01,007,kathua,Urban,50-54,4590,2495,2095,955,339,616,3635,2156,1479
01,007,kathua,Urban,55-59,3363,1837,1526,763,229,534,2600,1608,992
01,007,kathua,Urban,60-64,2780,1449,1331,860,247,613,1920,1202,718
01,007,kathua,Urban,65-69,1933,1006,927,698,202,496,1235,804,431
01,007,kathua,Urban,70-74,1462,741,721,727,235,492,735,506,229
01,007,kathua,Urban,75-79,779,394,385,417,151,266,362,243,119
01,007,kathua,Urban,80+,998,472,526,603,190,413,395,282,113
01,007,kathua,Urban,Age not stated,58,45,13,10,8,2,48,37,11
01,008,baramula,Total,All ages,1008039,534733,473306,462890,197563,265327,545149,337170,207979
01,008,baramula,Total,0-6,164581,88321,76260,164581,88321,76260,0,0,0
01,008,baramula,Total,7,21415,11093,10322,6536,3238,3298,14879,7855,7024
01,008,baramula,Total,8,23667,12301,11366,4405,2076,2329,19262,10225,9037
01,008,baramula,Total,9,20870,10864,10006,2849,1271,1578,18021,9593,8428
01,008,baramula,Total,10,26415,13843,12572,3905,1792,2113,22510,12051,10459
01,008,baramula,Total,11,23395,12156,11239,2637,1125,1512,20758,11031,9727
01,008,baramula,Total,12,23797,12384,11413,2318,886,1432,21479,11498,9981
01,008,baramula,Total,13,21226,10815,10411,1772,622,1150,19454,10193,9261
01,008,baramula,Total,14,22920,11651,11269,1986,649,1337,20934,11002,9932
01,008,baramula,Total,15,23505,11863,11642,2491,795,1696,21014,11068,9946
01,008,baramula,Total,16,23582,11817,11765,2585,739,1846,20997,11078,9919
01,008,baramula,Total,17,18191,9048,9143,2124,624,1500,16067,8424,7643
01,008,baramula,Total,18,24523,12261,12262,3778,1132,2646,20745,11129,9616
01,008,baramula,Total,19,16468,8320,8148,2421,651,1770,14047,7669,6378
01,008,baramula,Total,20-24,94755,49821,44934,19643,5601,14042,75112,44220,30892
01,008,baramula,Total,25-29,87214,48725,38489,25678,7452,18226,61536,41273,20263
01,008,baramula,Total,30-34,72014,39208,32806,27771,8316,19455,44243,30892,13351
01,008,baramula,Total,35-39,66603,35547,31056,31205,9999,21206,35398,25548,9850
01,008,baramula,Total,40-44,56380,31104,25276,30354,11052,19302,26026,20052,5974
01,008,baramula,Total,45-49,44662,23651,21011,27295,9998,17297,17367,13653,3714
01,008,baramula,Total,50-54,34223,18859,15364,22441,9481,12960,11782,9378,2404
01,008,baramula,Total,55-59,25077,12314,12763,17217,5995,11222,7860,6319,1541
01,008,baramula,Total,60-64,25169,13783,11386,18811,8441,10370,6358,5342,1016
01,008,baramula,Total,65-69,15682,7808,7874,12341,4945,7396,3341,2863,478
01,008,baramula,Total,70-74,14600,7986,6614,12297,6011,6286,2303,1975,328
01,008,baramula,Total,75-79,5949,2957,2992,5014,2175,2839,935,782,153
01,008,baramula,Total,80+,9813,5355,4458,7912,3903,4009,1901,1452,449
01,008,baramula,Total,Age not stated,1343,878,465,523,273,250,820,605,215
01,008,baramula,Rural,All ages,825539,432399,393140,402346,171519,230827,423193,260880,162313
01,008,baramula,Rural,0-6,142524,76404,66120,142524,76404,66120,0,0,0
01,008,baramula,Rural,7,18414,9556,8858,5679,2820,2859,12735,6736,5999
01,008,baramula,Rural,8,20499,10676,9823,3787,1761,2026,16712,8915,7797
01,008,baramula,Rural,9,17873,9350,8523,2398,1061,1337,15475,8289,7186
01,008,baramula,Rural,10,22914,12040,10874,3321,1494,1827,19593,10546,9047
01,008,baramula,Rural,11,20272,10537,9735,2270,946,1324,18002,9591,8411
01,008,baramula,Rural,12,20453,10638,9815,2032,728,1304,18421,9910,8511
01,008,baramula,Rural,13,18087,9255,8832,1578,524,1054,16509,8731,7778
01,008,baramula,Rural,14,19633,9997,9636,1774,560,1214,17859,9437,8422
01,008,baramula,Rural,15,19919,10016,9903,2195,646,1549,17724,9370,8354
01,008,baramula,Rural,16,20027,10052,9975,2338,628,1710,17689,9424,8265
01,008,baramula,Rural,17,15194,7565,7629,1918,520,1398,13276,7045,6231
01,008,baramula,Rural,18,20600,10316,10284,3418,961,2457,17182,9355,7827
01,008,baramula,Rural,19,13563,6839,6724,2188,571,1617,11375,6268,5107
01,008,baramula,Rural,20-24,75914,39078,36836,17630,4860,12770,58284,34218,24066
01,008,baramula,Rural,25-29,65675,34595,31080,22863,6524,16339,42812,28071,14741
01,008,baramula,Rural,30-34,55712,29216,26496,24582,7315,17267,31130,21901,9229
01,008,baramula,Rural,35-39,52139,27189,24950,27355,8750,18605,24784,18439,6345
01,008,baramula,Rural,40-44,44590,24111,20479,26681,9818,16863,17909,14293,3616
01,008,baramula,Rural,45-49,35494,18506,16988,23757,8828,14929,11737,9678,2059
01,008,baramula,Rural,50-54,27452,15180,12272,19431,8329,11102,8021,6851,1170
01,008,baramula,Rural,55-59,19807,9654,10153,14591,5156,9435,5216,4498,718
01,008,baramula,Rural,60-64,20387,11254,9133,16034,7389,8645,4353,3865,488
01,008,baramula,Rural,65-69,12480,6229,6251,10281,4251,6030,2199,1978,221
01,008,baramula,Rural,70-74,11962,6609,5353,10407,5221,5186,1555,1388,167
01,008,baramula,Rural,75-79,4712,2350,2362,4118,1815,2303,594,535,59
01,008,baramula,Rural,80+,8151,4484,3667,6740,3402,3338,1411,1082,329
01,008,baramula,Rural,Age not stated,1092,703,389,456,237,219,636,466,170
01,008,baramula,Urban,All ages,182500,102334,80166,60544,26044,34500,121956,76290,45666
01,008,baramula,Urban,0-6,22057,11917,10140,22057,11917,10140,0,0,0
01,008,baramula,Urban,7,3001,1537,1464,857,418,439,2144,1119,1025
01,008,baramula,Urban,8,3168,1625,1543,618,315,303,2550,1310,1240
01,008,baramula,Urban,9,2997,1514,1483,451,210,241,2546,1304,1242
01,008,baramula,Urban,10,3501,1803,1698,584,298,286,2917,1505,1412
01,008,baramula,Urban,11,3123,1619,1504,367,179,188,2756,1440,1316
01,008,baramula,Urban,12,3344,1746,1598,286,158,128,3058,1588,1470
01,008,baramula,Urban,13,3139,1560,1579,194,98,96,2945,1462,1483
01,008,baramula,Urban,14,3287,1654,1633,212,89,123,3075,1565,1510
01,008,baramula,Urban,15,3586,1847,1739,296,149,147,3290,1698,1592
01,008,baramula,Urban,16,3555,1765,1790,247,111,136,3308,1654,1654
01,008,baramula,Urban,17,2997,1483,1514,206,104,102,2791,1379,1412
01,008,baramula,Urban,18,3923,1945,1978,360,171,189,3563,1774,1789
01,008,baramula,Urban,19,2905,1481,1424,233,80,153,2672,1401,1271
01,008,baramula,Urban,20-24,18841,10743,8098,2013,741,1272,16828,10002,6826
01,008,baramula,Urban,25-29,21539,14130,7409,2815,928,1887,18724,13202,5522
01,008,baramula,Urban,30-34,16302,9992,6310,3189,1001,2188,13113,8991,4122
01,008,baramula,Urban,35-39,14464,8358,6106,3850,1249,2601,10614,7109,3505
01,008,baramula,Urban,40-44,11790,6993,4797,3673,1234,2439,8117,5759,2358
01,008,baramula,Urban,45-49,9168,5145,4023,3538,1170,2368,5630,3975,1655
01,008,baramula,Urban,50-54,6771,3679,3092,3010,1152,1858,3761,2527,1234
01,008,baramula,Urban,55-59,5270,2660,2610,2626,839,1787,2644,1821,823
01,008,baramula,Urban,60-64,4782,2529,2253,2777,1052,1725,2005,1477,528
01,008,baramula,Urban,65-69,3202,1579,1623,2060,694,1366,1142,885,257
01,008,baramula,Urban,70-74,2638,1377,1261,1890,790,1100,748,587,161
01,008,baramula,Urban,75-79,1237,607,630,896,360,536,341,247,94
01,008,baramula,Urban,80+,1662,871,791,1172,501,671,490,370,120
01,008,baramula,Urban,Age not stated,251,175,76,67,36,31,184,139,45
01,009,bandipore,Total,All ages,392232,207680,184552,206253,90622,115631,185979,117058,68921
01,009,bandipore,Total,0-6,61754,32641,29113,61754,32641,29113,0,0,0
01,009,bandipore,Total,7,8613,4399,4214,3412,1661,1751,5201,2738,2463
01,009,bandipore,Total,8,9876,5074,4802,2781,1255,1526,7095,3819,3276
01,009,bandipore,Total,9,8671,4590,4081,1893,910,983,6778,3680,3098
01,009,bandipore,Total,10,11624,6144,5480,2767,1293,1474,8857,4851,4006
01,009,bandipore,Total,11,9418,4969,4449,1655,723,932,7763,4246,3517
01,009,bandipore,Total,12,9820,5087,4733,1736,678,1058,8084,4409,3675
01,009,bandipore,Total,13,8844,4699,4145,1407,530,877,7437,4169,3268
01,009,bandipore,Total,14,9400,4868,4532,1538,522,1016,7862,4346,3516
01,009,bandipore,Total,15,9745,4986,4759,1956,668,1288,7789,4318,3471
01,009,bandipore,Total,16,9922,4999,4923,2137,663,1474,7785,4336,3449
01,009,bandipore,Total,17,7791,4016,3775,1778,583,1195,6013,3433,2580
01,009,bandipore,Total,18,10502,5281,5221,2892,982,1910,7610,4299,3311
01,009,bandipore,Total,19,6966,3516,3450,1853,600,1253,5113,2916,2197
01,009,bandipore,Total,20-24,37627,19637,17990,12763,4349,8414,24864,15288,9576
01,009,bandipore,Total,25-29,31805,17158,14647,13570,4822,8748,18235,12336,5899
01,009,bandipore,Total,30-34,26520,14672,11848,12865,4924,7941,13655,9748,3907
01,009,bandipore,Total,35-39,25159,13179,11980,14474,5457,9017,10685,7722,2963
01,009,bandipore,Total,40-44,21663,12215,9448,13294,5642,7652,8369,6573,1796
01,009,bandipore,Total,45-49,17123,8997,8126,11634,4613,7021,5489,4384,1105
01,009,bandipore,Total,50-54,12935,7184,5751,9312,4189,5123,3623,2995,628
01,009,bandipore,Total,55-59,9569,4704,4865,7170,2706,4464,2399,1998,401
01,009,bandipore,Total,60-64,9498,5243,4255,7401,3453,3948,2097,1790,307
01,009,bandipore,Total,65-69,5923,2962,2961,4747,1951,2796,1176,1011,165
01,009,bandipore,Total,70-74,5257,3021,2236,4469,2331,2138,788,690,98
01,009,bandipore,Total,75-79,2176,1132,1044,1858,862,996,318,270,48
01,009,bandipore,Total,80+,3444,1906,1538,2851,1451,1400,593,455,138
01,009,bandipore,Total,Age not stated,587,401,186,286,163,123,301,238,63
01,009,bandipore,Rural,All ages,326871,172263,154608,178684,79030,99654,148187,93233,54954
01,009,bandipore,Rural,0-6,54137,28596,25541,54137,28596,25541,0,0,0
01,009,bandipore,Rural,7,7472,3792,3680,3031,1473,1558,4441,2319,2122
01,009,bandipore,Rural,8,8422,4257,4165,2489,1108,1381,5933,3149,2784
01,009,bandipore,Rural,9,7319,3822,3497,1688,805,883,5631,3017,2614
01,009,bandipore,Rural,10,9925,5160,4765,2479,1146,1333,7446,4014,3432
01,009,bandipore,Rural,11,8005,4167,3838,1499,664,835,6506,3503,3003
01,009,bandipore,Rural,12,8273,4256,4017,1536,592,944,6737,3664,3073
01,009,bandipore,Rural,13,7493,3964,3529,1290,486,804,6203,3478,2725
01,009,bandipore,Rural,14,7898,4044,3854,1407,474,933,6491,3570,2921
01,009,bandipore,Rural,15,8211,4187,4024,1754,603,1151,6457,3584,2873
01,009,bandipore,Rural,16,8356,4178,4178,1917,590,1327,6439,3588,2851
01,009,bandipore,Rural,17,6470,3351,3119,1569,507,1062,4901,2844,2057
01,009,bandipore,Rural,18,8751,4375,4376,2601,880,1721,6150,3495,2655
01,009,bandipore,Rural,19,5714,2875,2839,1622,524,1098,4092,2351,1741
01,009,bandipore,Rural,20-24,30859,16042,14817,11151,3823,7328,19708,12219,7489
01,009,bandipore,Rural,25-29,25795,13872,11923,11729,4204,7525,14066,9668,4398
01,009,bandipore,Rural,30-34,21768,11996,9772,11193,4325,6868,10575,7671,2904
01,009,bandipore,Rural,35-39,20528,10700,9828,12468,4756,7712,8060,5944,2116
01,009,bandipore,Rural,40-44,17468,9716,7752,11443,4915,6528,6025,4801,1224
01,009,bandipore,Rural,45-49,13769,7209,6560,9795,3982,5813,3974,3227,747
01,009,bandipore,Rural,50-54,10537,5858,4679,7928,3639,4289,2609,2219,390
01,009,bandipore,Rural,55-59,7783,3828,3955,6017,2306,3711,1766,1522,244
01,009,bandipore,Rural,60-64,7833,4333,3500,6261,2977,3284,1572,1356,216
01,009,bandipore,Rural,65-69,4729,2375,2354,3848,1609,2239,881,766,115
01,009,bandipore,Rural,70-74,4305,2447,1858,3714,1934,1780,591,513,78
01,009,bandipore,Rural,75-79,1772,937,835,1532,728,804,240,209,31
01,009,bandipore,Rural,80+,2861,1623,1238,2403,1270,1133,458,353,105
01,009,bandipore,Rural,Age not stated,418,303,115,183,114,69,235,189,46
01,009,bandipore,Urban,All ages,65361,35417,29944,27569,11592,15977,37792,23825,13967
01,009,bandipore,Urban,0-6,7617,4045,3572,7617,4045,3572,0,0,0
01,009,bandipore,Urban,7,1141,607,534,381,188,193,760,419,341
01,009,bandipore,Urban,8,1454,817,637,292,147,145,1162,670,492
01,009,bandipore,Urban,9,1352,768,584,205,105,100,1147,663,484
01,009,bandipore,Urban,10,1699,984,715,288,147,141,1411,837,574
01,009,bandipore,Urban,11,1413,802,611,156,59,97,1257,743,514
01,009,bandipore,Urban,12,1547,831,716,200,86,114,1347,745,602
01,009,bandipore,Urban,13,1351,735,616,117,44,73,1234,691,543
01,009,bandipore,Urban,14,1502,824,678,131,48,83,1371,776,595
01,009,bandipore,Urban,15,1534,799,735,202,65,137,1332,734,598
01,009,bandipore,Urban,16,1566,821,745,220,73,147,1346,748,598
01,009,bandipore,Urban,17,1321,665,656,209,76,133,1112,589,523
01,009,bandipore,Urban,18,1751,906,845,291,102,189,1460,804,656
01,009,bandipore,Urban,19,1252,641,611,231,76,155,1021,565,456
01,009,bandipore,Urban,20-24,6768,3595,3173,1612,526,1086,5156,3069,2087
01,009,bandipore,Urban,25-29,6010,3286,2724,1841,618,1223,4169,2668,1501
01,009,bandipore,Urban,30-34,4752,2676,2076,1672,599,1073,3080,2077,1003
01,009,bandipore,Urban,35-39,4631,2479,2152,2006,701,1305,2625,1778,847
01,009,bandipore,Urban,40-44,4195,2499,1696,1851,727,1124,2344,1772,572
01,009,bandipore,Urban,45-49,3354,1788,1566,1839,631,1208,1515,1157,358
01,009,bandipore,Urban,50-54,2398,1326,1072,1384,550,834,1014,776,238
01,009,bandipore,Urban,55-59,1786,876,910,1153,400,753,633,476,157
01,009,bandipore,Urban,60-64,1665,910,755,1140,476,664,525,434,91
01,009,bandipore,Urban,65-69,1194,587,607,899,342,557,295,245,50
01,009,bandipore,Urban,70-74,952,574,378,755,397,358,197,177,20
01,009,bandipore,Urban,75-79,404,195,209,326,134,192,78,61,17
01,009,bandipore,Urban,80+,583,283,300,448,181,267,135,102,33
01,009,bandipore,Urban,Age not stated,169,98,71,103,49,54,66,49,17
01,010,srinagar,Total,All ages,1236829,651124,585705,488245,219378,268867,748584,431746,316838
01,010,srinagar,Total,0-6,158300,84897,73403,158300,84897,73403,0,0,0
01,010,srinagar,Total,7,20902,10807,10095,5491,2802,2689,15411,8005,7406
01,010,srinagar,Total,8,21507,11195,10312,3537,1774,1763,17970,9421,8549
01,010,srinagar,Total,9,19988,10624,9364,2575,1343,1232,17413,9281,8132
01,010,srinagar,Total,10,24688,13070,11618,3504,1775,1729,21184,11295,9889
01,010,srinagar,Total,11,21963,11519,10444,2485,1258,1227,19478,10261,9217
01,010,srinagar,Total,12,22706,11816,10890,2256,1085,1171,20450,10731,9719
01,010,srinagar,Total,13,20864,10810,10054,1905,880,1025,18959,9930,9029
01,010,srinagar,Total,14,22462,11569,10893,2172,993,1179,20290,10576,9714
01,010,srinagar,Total,15,23684,12147,11537,2567,1254,1313,21117,10893,10224
01,010,srinagar,Total,16,23774,12131,11643,2551,1167,1384,21223,10964,10259
01,010,srinagar,Total,17,21269,10836,10433,2253,984,1269,19016,9852,9164
01,010,srinagar,Total,18,26894,13669,13225,3608,1513,2095,23286,12156,11130
01,010,srinagar,Total,19,21450,11164,10286,2692,1146,1546,18758,10018,8740
01,010,srinagar,Total,20-24,121447,63034,58413,20353,8256,12097,101094,54778,46316
01,010,srinagar,Total,25-29,121340,63419,57921,27101,10338,16763,94239,53081,41158
01,010,srinagar,Total,30-34,101850,52880,48970,30116,11352,18764,71734,41528,30206
01,010,srinagar,Total,35-39,97966,51091,46875,36678,14047,22631,61288,37044,24244
01,010,srinagar,Total,40-44,82159,45556,36603,34176,14312,19864,47983,31244,16739
01,010,srinagar,Total,45-49,69586,37631,31955,31618,12715,18903,37968,24916,13052
01,010,srinagar,Total,50-54,51762,28528,23234,25453,10841,14612,26309,17687,8622
01,010,srinagar,Total,55-59,40659,20432,20227,21709,7737,13972,18950,12695,6255
01,010,srinagar,Total,60-64,36110,19806,16304,21533,9108,12425,14577,10698,3879
01,010,srinagar,Total,65-69,22967,11598,11369,15246,5906,9340,7721,5692,2029
01,010,srinagar,Total,70-74,18635,9729,8906,13572,5826,7746,5063,3903,1160
01,010,srinagar,Total,75-79,9160,4553,4607,6671,2653,4018,2489,1900,589
01,010,srinagar,Total,80+,11037,5475,5562,7634,3167,4467,3403,2308,1095
01,010,srinagar,Total,Age not stated,1700,1138,562,489,249,240,1211,889,322
01,010,srinagar,Rural,All ages,17313,8916,8397,9385,4104,5281,7928,4812,3116
01,010,srinagar,Rural,0-6,2497,1298,1199,2497,1298,1199,0,0,0
01,010,srinagar,Rural,7,341,161,180,76,29,47,265,132,133
01,010,srinagar,Rural,8,341,181,160,42,23,19,299,158,141
01,010,srinagar,Rural,9,276,156,120,33,14,19,243,142,101
01,010,srinagar,Rural,10,404,212,192,35,21,14,369,191,178
01,010,srinagar,Rural,11,346,184,162,36,10,26,310,174,136
01,010,srinagar,Rural,12,379,192,187,34,13,21,345,179,166
01,010,srinagar,Rural,13,357,182,175,36,11,25,321,171,150
01,010,srinagar,Rural,14,434,240,194,44,13,31,390,227,163
01,010,srinagar,Rural,15,482,257,225,74,36,38,408,221,187
01,010,srinagar,Rural,16,499,253,246,83,26,57,416,227,189
01,010,srinagar,Rural,17,341,155,186,68,18,50,273,137,136
01,010,srinagar,Rural,18,479,227,252,102,28,74,377,199,178
01,010,srinagar,Rural,19,280,144,136,67,25,42,213,119,94
01,010,srinagar,Rural,20-24,1743,908,835,577,193,384,1166,715,451
01,010,srinagar,Rural,25-29,1449,720,729,696,246,450,753,474,279
01,010,srinagar,Rural,30-34,1306,686,620,743,290,453,563,396,167
01,010,srinagar,Rural,35-39,1211,601,610,814,322,492,397,279,118
01,010,srinagar,Rural,40-44,1068,567,501,834,374,460,234,193,41
01,010,srinagar,Rural,45-49,800,423,377,618,275,343,182,148,34
01,010,srinagar,Rural,50-54,603,310,293,477,210,267,126,100,26
01,010,srinagar,Rural,55-59,437,222,215,337,142,195,100,80,20
01,010,srinagar,Rural,60-64,439,244,195,366,178,188,73,66,7
01,010,srinagar,Rural,65-69,259,116,143,219,85,134,40,31,9
01,010,srinagar,Rural,70-74,234,127,107,210,107,103,24,20,4
01,010,srinagar,Rural,75-79,100,50,50,89,41,48,11,9,2
01,010,srinagar,Rural,80+,183,88,95,164,72,92,19,16,3
01,010,srinagar,Rural,Age not stated,25,12,13,14,4,10,11,8,3
01,010,srinagar,Urban,All ages,1219516,642208,577308,478860,215274,263586,740656,426934,313722
01,010,srinagar,Urban,0-6,155803,83599,72204,155803,83599,72204,0,0,0
01,010,srinagar,Urban,7,20561,10646,9915,5415,2773,2642,15146,7873,7273
01,010,srinagar,Urban,8,21166,11014,10152,3495,1751,1744,17671,9263,8408
01,010,srinagar,Urban,9,19712,10468,9244,2542,1329,1213,17170,9139,8031
01,010,srinagar,Urban,10,24284,12858,11426,3469,1754,1715,20815,11104,9711
01,010,srinagar,Urban,11,21617,11335,10282,2449,1248,1201,19168,10087,9081
01,010,srinagar,Urban,12,22327,11624,10703,2222,1072,1150,20105,10552,9553
01,010,srinagar,Urban,13,20507,10628,9879,1869,869,1000,18638,9759,8879
01,010,srinagar,Urban,14,22028,11329,10699,2128,980,1148,19900,10349,9551
01,010,srinagar,Urban,15,23202,11890,11312,2493,1218,1275,20709,10672,10037
01,010,srinagar,Urban,16,23275,11878,11397,2468,1141,1327,20807,10737,10070
01,010,srinagar,Urban,17,20928,10681,10247,2185,966,1219,18743,9715,9028
01,010,srinagar,Urban,18,26415,13442,12973,3506,1485,2021,22909,11957,10952
01,010,srinagar,Urban,19,21170,11020,10150,2625,1121,1504,18545,9899,8646
01,010,srinagar,Urban,20-24,119704,62126,57578,19776,8063,11713,99928,54063,45865
01,010,srinagar,Urban,25-29,119891,62699,57192,26405,10092,16313,93486,52607,40879
01,010,srinagar,Urban,30-34,100544,52194,48350,29373,11062,18311,71171,41132,30039
01,010,srinagar,Urban,35-39,96755,50490,46265,35864,13725,22139,60891,36765,24126
01,010,srinagar,Urban,40-44,81091,44989,36102,33342,13938,19404,47749,31051,16698
01,010,srinagar,Urban,45-49,68786,37208,31578,31000,12440,18560,37786,24768,13018
01,010,srinagar,Urban,50-54,51159,28218,22941,24976,10631,14345,26183,17587,8596
01,010,srinagar,Urban,55-59,40222,20210,20012,21372,7595,13777,18850,12615,6235
01,010,srinagar,Urban,60-64,35671,19562,16109,21167,8930,12237,14504,10632,3872
01,010,srinagar,Urban,65-69,22708,11482,11226,15027,5821,9206,7681,5661,2020
01,010,srinagar,Urban,70-74,18401,9602,8799,13362,5719,7643,5039,3883,1156
01,010,srinagar,Urban,75-79,9060,4503,4557,6582,2612,3970,2478,1891,587
01,010,srinagar,Urban,80+,10854,5387,5467,7470,3095,4375,3384,2292,1092
01,010,srinagar,Urban,Age not stated,1675,1126,549,475,245,230,1200,881,319
01,011,ganderbal,Total,All ages,297446,158720,138726,154170,68139,86031,143276,90581,52695
01,011,ganderbal,Total,0-6,50594,27159,23435,50594,27159,23435,0,0,0
01,011,ganderbal,Total,7,6856,3542,3314,2804,1345,1459,4052,2197,1855
01,011,ganderbal,Total,8,7797,4092,3705,2208,1110,1098,5589,2982,2607
01,011,ganderbal,Total,9,6786,3570,3216,1525,767,758,5261,2803,2458
01,011,ganderbal,Total,10,9245,4980,4265,2338,1183,1155,6907,3797,3110
01,011,ganderbal,Total,11,7599,3984,3615,1536,723,813,6063,3261,2802
01,011,ganderbal,Total,12,7065,3645,3420,1159,509,650,5906,3136,2770
01,011,ganderbal,Total,13,6357,3339,3018,981,413,568,5376,2926,2450
01,011,ganderbal,Total,14,6713,3547,3166,936,377,559,5777,3170,2607
01,011,ganderbal,Total,15,7329,3819,3510,1185,452,733,6144,3367,2777
01,011,ganderbal,Total,16,7002,3625,3377,1161,437,724,5841,3188,2653
01,011,ganderbal,Total,17,5612,2962,2650,927,338,589,4685,2624,2061
01,011,ganderbal,Total,18,7081,3640,3441,1522,506,1016,5559,3134,2425
01,011,ganderbal,Total,19,5070,2548,2522,1102,336,766,3968,2212,1756
01,011,ganderbal,Total,20-24,27794,14653,13141,7623,2430,5193,20171,12223,7948
01,011,ganderbal,Total,25-29,25265,14104,11161,9209,2830,6379,16056,11274,4782
01,011,ganderbal,Total,30-34,20356,11032,9324,9846,3351,6495,10510,7681,2829
01,011,ganderbal,Total,35-39,18736,9952,8784,10766,3815,6951,7970,6137,1833
01,011,ganderbal,Total,40-44,15420,8551,6869,9864,4070,5794,5556,4481,1075
01,011,ganderbal,Total,45-49,12433,6469,5964,8708,3372,5336,3725,3097,628
01,011,ganderbal,Total,50-54,9295,5319,3976,6676,3058,3618,2619,2261,358
01,011,ganderbal,Total,55-59,6733,3211,3522,5163,1849,3314,1570,1362,208
01,011,ganderbal,Total,60-64,6866,3862,3004,5376,2575,2801,1490,1287,203
01,011,ganderbal,Total,65-69,4434,2114,2320,3559,1417,2142,875,697,178
01,011,ganderbal,Total,70-74,4063,2307,1756,3437,1786,1651,626,521,105
01,011,ganderbal,Total,75-79,1600,797,803,1422,646,776,178,151,27
01,011,ganderbal,Total,80+,2920,1587,1333,2366,1170,1196,554,417,137
01,011,ganderbal,Total,Age not stated,425,310,115,177,115,62,248,195,53
01,011,ganderbal,Rural,All ages,250407,133715,116692,132927,58831,74096,117480,74884,42596
01,011,ganderbal,Rural,0-6,42354,22575,19779,42354,22575,19779,0,0,0
01,011,ganderbal,Rural,7,5885,3035,2850,2451,1172,1279,3434,1863,1571
01,011,ganderbal,Rural,8,6594,3452,3142,1930,969,961,4664,2483,2181
01,011,ganderbal,Rural,9,5830,3088,2742,1372,678,694,4458,2410,2048
01,011,ganderbal,Rural,10,7855,4214,3641,2072,1046,1026,5783,3168,2615
01,011,ganderbal,Rural,11,6509,3394,3115,1418,669,749,5091,2725,2366
01,011,ganderbal,Rural,12,5984,3097,2887,1068,467,601,4916,2630,2286
01,011,ganderbal,Rural,13,5381,2826,2555,912,382,530,4469,2444,2025
01,011,ganderbal,Rural,14,5708,3018,2690,855,341,514,4853,2677,2176
01,011,ganderbal,Rural,15,6278,3265,3013,1103,423,680,5175,2842,2333
01,011,ganderbal,Rural,16,6014,3105,2909,1067,399,668,4947,2706,2241
01,011,ganderbal,Rural,17,4752,2525,2227,838,311,527,3914,2214,1700
01,011,ganderbal,Rural,18,5966,3066,2900,1394,469,925,4572,2597,1975
01,011,ganderbal,Rural,19,4321,2203,2118,1002,311,691,3319,1892,1427
01,011,ganderbal,Rural,20-24,23449,12529,10920,6819,2204,4615,16630,10325,6305
01,011,ganderbal,Rural,25-29,21420,12026,9394,8192,2529,5663,13228,9497,3731
01,011,ganderbal,Rural,30-34,17332,9402,7930,8796,3025,5771,8536,6377,2159
01,011,ganderbal,Rural,35-39,15583,8259,7324,9409,3409,6000,6174,4850,1324
01,011,ganderbal,Rural,40-44,12660,7031,5629,8475,3595,4880,4185,3436,749
01,011,ganderbal,Rural,45-49,10146,5257,4889,7371,2906,4465,2775,2351,424
01,011,ganderbal,Rural,50-54,7673,4396,3277,5694,2662,3032,1979,1734,245
01,011,ganderbal,Rural,55-59,5599,2665,2934,4412,1614,2798,1187,1051,136
01,011,ganderbal,Rural,60-64,5764,3246,2518,4598,2237,2361,1166,1009,157
01,011,ganderbal,Rural,65-69,3739,1786,1953,3023,1224,1799,716,562,154
01,011,ganderbal,Rural,70-74,3393,1953,1440,2892,1538,1354,501,415,86
01,011,ganderbal,Rural,75-79,1324,653,671,1193,543,650,131,110,21
01,011,ganderbal,Rural,80+,2497,1362,1135,2052,1026,1026,445,336,109
01,011,ganderbal,Rural,Age not stated,397,287,110,165,107,58,232,180,52
01,011,ganderbal,Urban,All ages,47039,25005,22034,21243,9308,11935,25796,15697,10099
01,011,ganderbal,Urban,0-6,8240,4584,3656,8240,4584,3656,0,0,0
01,011,ganderbal,Urban,7,971,507,464,353,173,180,618,334,284
01,011,ganderbal,Urban,8,1203,640,563,278,141,137,925,499,426
01,011,ganderbal,Urban,9,956,482,474,153,89,64,803,393,410
01,011,ganderbal,Urban,10,1390,766,624,266,137,129,1124,629,495
01,011,ganderbal,Urban,11,1090,590,500,118,54,64,972,536,436
01,011,ganderbal,Urban,12,1081,548,533,91,42,49,990,506,484
01,011,ganderbal,Urban,13,976,513,463,69,31,38,907,482,425
01,011,ganderbal,Urban,14,1005,529,476,81,36,45,924,493,431
01,011,ganderbal,Urban,15,1051,554,497,82,29,53,969,525,444
01,011,ganderbal,Urban,16,988,520,468,94,38,56,894,482,412
01,011,ganderbal,Urban,17,860,437,423,89,27,62,771,410,361
01,011,ganderbal,Urban,18,1115,574,541,128,37,91,987,537,450
01,011,ganderbal,Urban,19,749,345,404,100,25,75,649,320,329
01,011,ganderbal,Urban,20-24,4345,2124,2221,804,226,578,3541,1898,1643
01,011,ganderbal,Urban,25-29,3845,2078,1767,1017,301,716,2828,1777,1051
01,011,ganderbal,Urban,30-34,3024,1630,1394,1050,326,724,1974,1304,670
01,011,ganderbal,Urban,35-39,3153,1693,1460,1357,406,951,1796,1287,509
01,011,ganderbal,Urban,40-44,2760,1520,1240,1389,475,914,1371,1045,326
01,011,ganderbal,Urban,45-49,2287,1212,1075,1337,466,871,950,746,204
01,011,ganderbal,Urban,50-54,1622,923,699,982,396,586,640,527,113
01,011,ganderbal,Urban,55-59,1134,546,588,751,235,516,383,311,72
01,011,ganderbal,Urban,60-64,1102,616,486,778,338,440,324,278,46
01,011,ganderbal,Urban,65-69,695,328,367,536,193,343,159,135,24
01,011,ganderbal,Urban,70-74,670,354,316,545,248,297,125,106,19
01,011,ganderbal,Urban,75-79,276,144,132,229,103,126,47,41,6
01,011,ganderbal,Urban,80+,423,225,198,314,144,170,109,81,28
01,011,ganderbal,Urban,Age not stated,28,23,5,12,8,4,16,15,1
01,012,pulwama,Total,All ages,560440,293064,267376,266482,114738,151744,293958,178326,115632
01,012,pulwama,Total,0-6,97374,53234,44140,97374,53234,44140,0,0,0
01,012,pulwama,Total,7,9992,5202,4790,3603,1848,1755,6389,3354,3035
01,012,pulwama,Total,8,10772,5488,5284,2659,1328,1331,8113,4160,3953
01,012,pulwama,Total,9,9402,4890,4512,1727,858,869,7675,4032,3643
01,012,pulwama,Total,10,12205,6459,5746,2212,1109,1103,9993,5350,4643
01,012,pulwama,Total,11,10679,5606,5073,1434,702,732,9245,4904,4341
01,012,pulwama,Total,12,11177,5812,5365,1036,427,609,10141,5385,4756
01,012,pulwama,Total,13,10367,5324,5043,875,358,517,9492,4966,4526
01,012,pulwama,Total,14,11215,5668,5547,898,314,584,10317,5354,4963
01,012,pulwama,Total,15,11978,5999,5979,1070,396,674,10908,5603,5305
01,012,pulwama,Total,16,11732,5838,5894,1147,382,765,10585,5456,5129
01,012,pulwama,Total,17,9666,4755,4911,920,329,591,8746,4426,4320
01,012,pulwama,Total,18,12626,6156,6470,1700,537,1163,10926,5619,5307
01,012,pulwama,Total,19,9323,4611,4712,1103,355,748,8220,4256,3964
01,012,pulwama,Total,20-24,54308,27160,27148,10112,3013,7099,44196,24147,20049
01,012,pulwama,Total,25-29,49785,26637,23148,13307,3813,9494,36478,22824,13654
01,012,pulwama,Total,30-34,41424,21692,19732,15301,4643,10658,26123,17049,9074
01,012,pulwama,Total,35-39,36773,19385,17388,16526,5079,11447,20247,14306,5941
01,012,pulwama,Total,40-44,33050,17766,15284,17528,5988,11540,15522,11778,3744
01,012,pulwama,Total,45-49,25785,13531,12254,15707,5479,10228,10078,8052,2026
01,012,pulwama,Total,50-54,21543,11639,9904,14163,5534,8629,7380,6105,1275
01,012,pulwama,Total,55-59,15838,7771,8067,11061,3761,7300,4777,4010,767
01,012,pulwama,Total,60-64,15396,8283,7113,11636,5007,6629,3760,3276,484
01,012,pulwama,Total,65-69,9675,4599,5076,7857,3009,4848,1818,1590,228
01,012,pulwama,Total,70-74,8968,4784,4184,7758,3720,4038,1210,1064,146
01,012,pulwama,Total,75-79,3667,1762,1905,3220,1369,1851,447,393,54
01,012,pulwama,Total,80+,5024,2601,2423,4277,2025,2252,747,576,171
01,012,pulwama,Total,Age not stated,696,412,284,271,121,150,425,291,134
01,012,pulwama,Rural,All ages,479978,248096,231882,234799,100867,133932,245179,147229,97950
01,012,pulwama,Rural,0-6,83598,45828,37770,83598,45828,37770,0,0,0
01,012,pulwama,Rural,7,8651,4476,4175,3246,1652,1594,5405,2824,2581
01,012,pulwama,Rural,8,9504,4837,4667,2438,1223,1215,7066,3614,3452
01,012,pulwama,Rural,9,8206,4249,3957,1594,789,805,6612,3460,3152
01,012,pulwama,Rural,10,10653,5612,5041,2015,1005,1010,8638,4607,4031
01,012,pulwama,Rural,11,9311,4900,4411,1302,654,648,8009,4246,3763
01,012,pulwama,Rural,12,9808,5103,4705,930,385,545,8878,4718,4160
01,012,pulwama,Rural,13,9155,4683,4472,761,307,454,8394,4376,4018
01,012,pulwama,Rural,14,9911,5014,4897,794,278,516,9117,4736,4381
01,012,pulwama,Rural,15,10557,5263,5294,960,350,610,9597,4913,4684
01,012,pulwama,Rural,16,10376,5148,5228,1022,330,692,9354,4818,4536
01,012,pulwama,Rural,17,8469,4139,4330,828,286,542,7641,3853,3788
01,012,pulwama,Rural,18,11064,5383,5681,1531,463,1068,9533,4920,4613
01,012,pulwama,Rural,19,8120,4029,4091,1011,315,696,7109,3714,3395
01,012,pulwama,Rural,20-24,46617,22936,23681,9155,2642,6513,37462,20294,17168
01,012,pulwama,Rural,25-29,40724,20675,20049,12123,3403,8720,28601,17272,11329
01,012,pulwama,Rural,30-34,34930,17871,17059,13874,4190,9684,21056,13681,7375
01,012,pulwama,Rural,35-39,30942,15991,14951,14776,4563,10213,16166,11428,4738
01,012,pulwama,Rural,40-44,27551,14434,13117,15623,5350,10273,11928,9084,2844
01,012,pulwama,Rural,45-49,21856,11289,10567,13981,4908,9073,7875,6381,1494
01,012,pulwama,Rural,50-54,18492,9917,8575,12557,4955,7602,5935,4962,973
01,012,pulwama,Rural,55-59,13654,6718,6936,9772,3376,6396,3882,3342,540
01,012,pulwama,Rural,60-64,13345,7145,6200,10270,4419,5851,3075,2726,349
01,012,pulwama,Rural,65-69,8430,4032,4398,6922,2698,4224,1508,1334,174
01,012,pulwama,Rural,70-74,7832,4225,3607,6840,3342,3498,992,883,109
01,012,pulwama,Rural,75-79,3186,1542,1644,2817,1215,1602,369,327,42
01,012,pulwama,Rural,80+,4437,2313,2124,3820,1835,1985,617,478,139
01,012,pulwama,Rural,Age not stated,599,344,255,239,106,133,360,238,122
01,012,pulwama,Urban,All ages,80462,44968,35494,31683,13871,17812,48779,31097,17682
01,012,pulwama,Urban,0-6,13776,7406,6370,13776,7406,6370,0,0,0
01,012,pulwama,Urban,7,1341,726,615,357,196,161,984,530,454
01,012,pulwama,Urban,8,1268,651,617,221,105,116,1047,546,501
01,012,pulwama,Urban,9,1196,641,555,133,69,64,1063,572,491
01,012,pulwama,Urban,10,1552,847,705,197,104,93,1355,743,612
01,012,pulwama,Urban,11,1368,706,662,132,48,84,1236,658,578
01,012,pulwama,Urban,12,1369,709,660,106,42,64,1263,667,596
01,012,pulwama,Urban,13,1212,641,571,114,51,63,1098,590,508
01,012,pulwama,Urban,14,1304,654,650,104,36,68,1200,618,582
01,012,pulwama,Urban,15,1421,736,685,110,46,64,1311,690,621
01,012,pulwama,Urban,16,1356,690,666,125,52,73,1231,638,593
01,012,pulwama,Urban,17,1197,616,581,92,43,49,1105,573,532
01,012,pulwama,Urban,18,1562,773,789,169,74,95,1393,699,694
01,012,pulwama,Urban,19,1203,582,621,92,40,52,1111,542,569
01,012,pulwama,Urban,20-24,7691,4224,3467,957,371,586,6734,3853,2881
01,012,pulwama,Urban,25-29,9061,5962,3099,1184,410,774,7877,5552,2325
01,012,pulwama,Urban,30-34,6494,3821,2673,1427,453,974,5067,3368,1699
01,012,pulwama,Urban,35-39,5831,3394,2437,1750,516,1234,4081,2878,1203
01,012,pulwama,Urban,40-44,5499,3332,2167,1905,638,1267,3594,2694,900
01,012,pulwama,Urban,45-49,3929,2242,1687,1726,571,1155,2203,1671,532
01,012,pulwama,Urban,50-54,3051,1722,1329,1606,579,1027,1445,1143,302
01,012,pulwama,Urban,55-59,2184,1053,1131,1289,385,904,895,668,227
01,012,pulwama,Urban,60-64,2051,1138,913,1366,588,778,685,550,135
01,012,pulwama,Urban,65-69,1245,567,678,935,311,624,310,256,54
01,012,pulwama,Urban,70-74,1136,559,577,918,378,540,218,181,37
01,012,pulwama,Urban,75-79,481,220,261,403,154,249,78,66,12
01,012,pulwama,Urban,80+,587,288,299,457,190,267,130,98,32
01,012,pulwama,Urban,Age not stated,97,68,29,32,15,17,65,53,12
01,013,shupiyan,Total,All ages,266215,136480,129735,129715,56125,73590,136500,80355,56145
01,013,shupiyan,Total,0-6,41547,22121,19426,41547,22121,19426,0,0,0
01,013,shupiyan,Total,7,5560,2805,2755,1847,909,938,3713,1896,1817
01,013,shupiyan,Total,8,6318,3266,3052,1328,653,675,4990,2613,2377
01,013,shupiyan,Total,9,5351,2734,2617,777,392,385,4574,2342,2232
01,013,shupiyan,Total,10,6911,3545,3366,1117,532,585,5794,3013,2781
01,013,shupiyan,Total,11,6002,3041,2961,640,267,373,5362,2774,2588
01,013,shupiyan,Total,12,6368,3201,3167,635,259,376,5733,2942,2791
01,013,shupiyan,Total,13,5731,2836,2895,490,177,313,5241,2659,2582
01,013,shupiyan,Total,14,6580,3352,3228,542,196,346,6038,3156,2882
01,013,shupiyan,Total,15,6889,3418,3471,710,256,454,6179,3162,3017
01,013,shupiyan,Total,16,6927,3467,3460,714,241,473,6213,3226,2987
01,013,shupiyan,Total,17,5465,2669,2796,634,214,420,4831,2455,2376
01,013,shupiyan,Total,18,7293,3530,3763,1127,335,792,6166,3195,2971
01,013,shupiyan,Total,19,4739,2349,2390,647,183,464,4092,2166,1926
01,013,shupiyan,Total,20-24,26737,13021,13716,6153,1738,4415,20584,11283,9301
01,013,shupiyan,Total,25-29,21668,10960,10708,8114,2406,5708,13554,8554,5000
01,013,shupiyan,Total,30-34,18304,9373,8931,8705,2918,5787,9599,6455,3144
01,013,shupiyan,Total,35-39,16844,8634,8210,9352,3313,6039,7492,5321,2171
01,013,shupiyan,Total,40-44,14087,7463,6624,8875,3525,5350,5212,3938,1274
01,013,shupiyan,Total,45-49,11517,5821,5696,7997,3043,4954,3520,2778,742
01,013,shupiyan,Total,50-54,9728,5396,4332,6999,3127,3872,2729,2269,460
01,013,shupiyan,Total,55-59,6898,3287,3611,5218,1887,3331,1680,1400,280
01,013,shupiyan,Total,60-64,6921,3977,2944,5454,2679,2775,1467,1298,169
01,013,shupiyan,Total,65-69,3836,1867,1969,3269,1368,1901,567,499,68
01,013,shupiyan,Total,70-74,3846,2113,1733,3381,1711,1670,465,402,63
01,013,shupiyan,Total,75-79,1479,757,722,1297,594,703,182,163,19
01,013,shupiyan,Total,80+,2450,1324,1126,2062,1036,1026,388,288,100
01,013,shupiyan,Total,Age not stated,219,153,66,84,45,39,135,108,27
01,013,shupiyan,Rural,All ages,249855,127161,122694,124599,53895,70704,125256,73266,51990
01,013,shupiyan,Rural,0-6,39484,20975,18509,39484,20975,18509,0,0,0
01,013,shupiyan,Rural,7,5346,2689,2657,1778,869,909,3568,1820,1748
01,013,shupiyan,Rural,8,6073,3151,2922,1288,634,654,4785,2517,2268
01,013,shupiyan,Rural,9,5142,2635,2507,751,378,373,4391,2257,2134
01,013,shupiyan,Rural,10,6642,3412,3230,1072,511,561,5570,2901,2669
01,013,shupiyan,Rural,11,5797,2938,2859,626,262,364,5171,2676,2495
01,013,shupiyan,Rural,12,6115,3083,3032,616,248,368,5499,2835,2664
01,013,shupiyan,Rural,13,5504,2732,2772,474,175,299,5030,2557,2473
01,013,shupiyan,Rural,14,6311,3220,3091,531,187,344,5780,3033,2747
01,013,shupiyan,Rural,15,6630,3296,3334,701,252,449,5929,3044,2885
01,013,shupiyan,Rural,16,6642,3313,3329,698,234,464,5944,3079,2865
01,013,shupiyan,Rural,17,5212,2556,2656,621,208,413,4591,2348,2243
01,013,shupiyan,Rural,18,6981,3383,3598,1115,324,791,5866,3059,2807
01,013,shupiyan,Rural,19,4484,2223,2261,637,176,461,3847,2047,1800
01,013,shupiyan,Rural,20-24,25108,12097,13011,6046,1693,4353,19062,10404,8658
01,013,shupiyan,Rural,25-29,19419,9434,9985,7933,2348,5585,11486,7086,4400
01,013,shupiyan,Rural,30-34,16789,8434,8355,8472,2852,5620,8317,5582,2735
01,013,shupiyan,Rural,35-39,15480,7818,7662,9034,3190,5844,6446,4628,1818
01,013,shupiyan,Rural,40-44,13012,6797,6215,8572,3415,5157,4440,3382,1058
01,013,shupiyan,Rural,45-49,10674,5350,5324,7684,2945,4739,2990,2405,585
01,013,shupiyan,Rural,50-54,9077,5034,4043,6723,3043,3680,2354,1991,363
01,013,shupiyan,Rural,55-59,6406,3024,3382,4981,1809,3172,1425,1215,210
01,013,shupiyan,Rural,60-64,6493,3739,2754,5214,2601,2613,1279,1138,141
01,013,shupiyan,Rural,65-69,3562,1726,1836,3087,1305,1782,475,421,54
01,013,shupiyan,Rural,70-74,3622,2012,1610,3205,1647,1558,417,365,52
01,013,shupiyan,Rural,75-79,1364,696,668,1212,561,651,152,135,17
01,013,shupiyan,Rural,80+,2286,1249,1037,1967,1009,958,319,240,79
01,013,shupiyan,Rural,Age not stated,200,145,55,77,44,33,123,101,22
01,013,shupiyan,Urban,All ages,16360,9319,7041,5116,2230,2886,11244,7089,4155
01,013,shupiyan,Urban,0-6,2063,1146,917,2063,1146,917,0,0,0
01,013,shupiyan,Urban,7,214,116,98,69,40,29,145,76,69
01,013,shupiyan,Urban,8,245,115,130,40,19,21,205,96,109
01,013,shupiyan,Urban,9,209,99,110,26,14,12,183,85,98
01,013,shupiyan,Urban,10,269,133,136,45,21,24,224,112,112
01,013,shupiyan,Urban,11,205,103,102,14,5,9,191,98,93
01,013,shupiyan,Urban,12,253,118,135,19,11,8,234,107,127
01,013,shupiyan,Urban,13,227,104,123,16,2,14,211,102,109
01,013,shupiyan,Urban,14,269,132,137,11,9,2,258,123,135
01,013,shupiyan,Urban,15,259,122,137,9,4,5,250,118,132
01,013,shupiyan,Urban,16,285,154,131,16,7,9,269,147,122
01,013,shupiyan,Urban,17,253,113,140,13,6,7,240,107,133
01,013,shupiyan,Urban,18,312,147,165,12,11,1,300,136,164
01,013,shupiyan,Urban,19,255,126,129,10,7,3,245,119,126
01,013,shupiyan,Urban,20-24,1629,924,705,107,45,62,1522,879,643
01,013,shupiyan,Urban,25-29,2249,1526,723,181,58,123,2068,1468,600
01,013,shupiyan,Urban,30-34,1515,939,576,233,66,167,1282,873,409
01,013,shupiyan,Urban,35-39,1364,816,548,318,123,195,1046,693,353
01,013,shupiyan,Urban,40-44,1075,666,409,303,110,193,772,556,216
01,013,shupiyan,Urban,45-49,843,471,372,313,98,215,530,373,157
01,013,shupiyan,Urban,50-54,651,362,289,276,84,192,375,278,97
01,013,shupiyan,Urban,55-59,492,263,229,237,78,159,255,185,70
01,013,shupiyan,Urban,60-64,428,238,190,240,78,162,188,160,28
01,013,shupiyan,Urban,65-69,274,141,133,182,63,119,92,78,14
01,013,shupiyan,Urban,70-74,224,101,123,176,64,112,48,37,11
01,013,shupiyan,Urban,75-79,115,61,54,85,33,52,30,28,2
01,013,shupiyan,Urban,80+,164,75,89,95,27,68,69,48,21
01,013,shupiyan,Urban,Age not stated,19,8,11,7,1,6,12,7,5
01,014,anantnag,Total,All ages,1078692,559767,518925,533160,235350,297810,545532,324417,221115
01,014,anantnag,Total,0-6,208538,113278,95260,208538,113278,95260,0,0,0
01,014,anantnag,Total,7,25761,13388,12373,10255,5081,5174,15506,8307,7199
01,014,anantnag,Total,8,28892,15011,13881,6969,3336,3633,21923,11675,10248
01,014,anantnag,Total,9,23690,12451,11239,4468,2133,2335,19222,10318,8904
01,014,anantnag,Total,10,33375,17461,15914,6123,2967,3156,27252,14494,12758
01,014,anantnag,Total,11,27619,14600,13019,3777,1713,2064,23842,12887,10955
01,014,anantnag,Total,12,27764,14581,13183,3640,1537,2103,24124,13044,11080
01,014,anantnag,Total,13,23308,12033,11275,2734,1106,1628,20574,10927,9647
01,014,anantnag,Total,14,23655,12248,11407,2773,1144,1629,20882,11104,9778
01,014,anantnag,Total,15,24292,12432,11860,3314,1270,2044,20978,11162,9816
01,014,anantnag,Total,16,23413,11915,11498,3160,1182,1978,20253,10733,9520
01,014,anantnag,Total,17,18183,9328,8855,2491,881,1610,15692,8447,7245
01,014,anantnag,Total,18,23453,11654,11799,4197,1450,2747,19256,10204,9052
01,014,anantnag,Total,19,15907,8039,7868,2581,821,1760,13326,7218,6108
01,014,anantnag,Total,20-24,93874,46732,47142,22070,6828,15242,71804,39904,31900
01,014,anantnag,Total,25-29,82421,41517,40904,26638,7931,18707,55783,33586,22197
01,014,anantnag,Total,30-34,72628,36673,35955,28756,8974,19782,43872,27699,16173
01,014,anantnag,Total,35-39,65284,32791,32493,30689,9830,20859,34595,22961,11634
01,014,anantnag,Total,40-44,57521,30732,26789,31742,11882,19860,25779,18850,6929
01,014,anantnag,Total,45-49,44555,22886,21669,27752,10053,17699,16803,12833,3970
01,014,anantnag,Total,50-54,37307,20403,16904,24769,10290,14479,12538,10113,2425
01,014,anantnag,Total,55-59,26657,13023,13634,18686,6552,12134,7971,6471,1500
01,014,anantnag,Total,60-64,26033,14278,11755,19772,8894,10878,6261,5384,877
01,014,anantnag,Total,65-69,15151,7110,8041,12360,4726,7634,2791,2384,407
01,014,anantnag,Total,70-74,14982,7871,7111,12884,6055,6829,2098,1816,282
01,014,anantnag,Total,75-79,5689,2725,2964,4911,2065,2846,778,660,118
01,014,anantnag,Total,80+,7700,3927,3773,6659,3121,3538,1041,806,235
01,014,anantnag,Total,Age not stated,1040,680,360,452,250,202,588,430,158
01,014,anantnag,Rural,All ages,795805,411012,384793,419946,185999,233947,375859,225013,150846
01,014,anantnag,Rural,0-6,161396,87685,73711,161396,87685,73711,0,0,0
01,014,anantnag,Rural,7,19695,10207,9488,8217,4076,4141,11478,6131,5347
01,014,anantnag,Rural,8,22147,11410,10737,5730,2735,2995,16417,8675,7742
01,014,anantnag,Rural,9,18112,9475,8637,3693,1740,1953,14419,7735,6684
01,014,anantnag,Rural,10,25762,13427,12335,5149,2469,2680,20613,10958,9655
01,014,anantnag,Rural,11,21014,11062,9952,3213,1424,1789,17801,9638,8163
01,014,anantnag,Rural,12,21176,11084,10092,3080,1269,1811,18096,9815,8281
01,014,anantnag,Rural,13,17749,9146,8603,2345,948,1397,15404,8198,7206
01,014,anantnag,Rural,14,17765,9163,8602,2322,933,1389,15443,8230,7213
01,014,anantnag,Rural,15,18425,9419,9006,2817,1060,1757,15608,8359,7249
01,014,anantnag,Rural,16,17749,8965,8784,2722,1009,1713,15027,7956,7071
01,014,anantnag,Rural,17,13515,6897,6618,2127,735,1392,11388,6162,5226
01,014,anantnag,Rural,18,17455,8636,8819,3620,1239,2381,13835,7397,6438
01,014,anantnag,Rural,19,11828,5921,5907,2199,688,1511,9629,5233,4396
01,014,anantnag,Rural,20-24,68303,33730,34573,18465,5672,12793,49838,28058,21780
01,014,anantnag,Rural,25-29,57684,28435,29249,21872,6574,15298,35812,21861,13951
01,014,anantnag,Rural,30-34,50894,25489,25405,23354,7421,15933,27540,18068,9472
01,014,anantnag,Rural,35-39,45948,22684,23264,24658,7967,16691,21290,14717,6573
01,014,anantnag,Rural,40-44,40464,21387,19077,25021,9580,15441,15443,11807,3636
01,014,anantnag,Rural,45-49,31462,15901,15561,21630,7947,13683,9832,7954,1878
01,014,anantnag,Rural,50-54,26786,14621,12165,19207,8129,11078,7579,6492,1087
01,014,anantnag,Rural,55-59,18933,9238,9695,14089,5086,9003,4844,4152,692
01,014,anantnag,Rural,60-64,18916,10415,8501,15008,6942,8066,3908,3473,435
01,014,anantnag,Rural,65-69,10956,5141,5815,9252,3626,5626,1704,1515,189
01,014,anantnag,Rural,70-74,11039,5940,5099,9718,4773,4945,1321,1167,154
01,014,anantnag,Rural,75-79,4003,1949,2054,3551,1561,1990,452,388,64
01,014,anantnag,Rural,80+,5809,3057,2752,5115,2505,2610,694,552,142
01,014,anantnag,Rural,Age not stated,820,528,292,376,206,170,444,322,122
01,014,anantnag,Urban,All ages,282887,148755,134132,113214,49351,63863,169673,99404,70269
01,014,anantnag,Urban,0-6,47142,25593,21549,47142,25593,21549,0,0,0
01,014,anantnag,Urban,7,6066,3181,2885,2038,1005,1033,4028,2176,1852
01,014,anantnag,Urban,8,6745,3601,3144,1239,601,638,5506,3000,2506
01,014,anantnag,Urban,9,5578,2976,2602,775,393,382,4803,2583,2220
01,014,anantnag,Urban,10,7613,4034,3579,974,498,476,6639,3536,3103
01,014,anantnag,Urban,11,6605,3538,3067,564,289,275,6041,3249,2792
01,014,anantnag,Urban,12,6588,3497,3091,560,268,292,6028,3229,2799
01,014,anantnag,Urban,13,5559,2887,2672,389,158,231,5170,2729,2441
01,014,anantnag,Urban,14,5890,3085,2805,451,211,240,5439,2874,2565
01,014,anantnag,Urban,15,5867,3013,2854,497,210,287,5370,2803,2567
01,014,anantnag,Urban,16,5664,2950,2714,438,173,265,5226,2777,2449
01,014,anantnag,Urban,17,4668,2431,2237,364,146,218,4304,2285,2019
01,014,anantnag,Urban,18,5998,3018,2980,577,211,366,5421,2807,2614
01,014,anantnag,Urban,19,4079,2118,1961,382,133,249,3697,1985,1712
01,014,anantnag,Urban,20-24,25571,13002,12569,3605,1156,2449,21966,11846,10120
01,014,anantnag,Urban,25-29,24737,13082,11655,4766,1357,3409,19971,11725,8246
01,014,anantnag,Urban,30-34,21734,11184,10550,5402,1553,3849,16332,9631,6701
01,014,anantnag,Urban,35-39,19336,10107,9229,6031,1863,4168,13305,8244,5061
01,014,anantnag,Urban,40-44,17057,9345,7712,6721,2302,4419,10336,7043,3293
01,014,anantnag,Urban,45-49,13093,6985,6108,6122,2106,4016,6971,4879,2092
01,014,anantnag,Urban,50-54,10521,5782,4739,5562,2161,3401,4959,3621,1338
01,014,anantnag,Urban,55-59,7724,3785,3939,4597,1466,3131,3127,2319,808
01,014,anantnag,Urban,60-64,7117,3863,3254,4764,1952,2812,2353,1911,442
01,014,anantnag,Urban,65-69,4195,1969,2226,3108,1100,2008,1087,869,218
01,014,anantnag,Urban,70-74,3943,1931,2012,3166,1282,1884,777,649,128
01,014,anantnag,Urban,75-79,1686,776,910,1360,504,856,326,272,54
01,014,anantnag,Urban,80+,1891,870,1021,1544,616,928,347,254,93
01,014,anantnag,Urban,Age not stated,220,152,68,76,44,32,144,108,36
01,015,kulgam,Total,All ages,424483,217620,206863,215398,92568,122830,209085,125052,84033
01,015,kulgam,Total,0-6,71501,37929,33572,71501,37929,33572,0,0,0
01,015,kulgam,Total,7,8666,4434,4232,3796,1861,1935,4870,2573,2297
01,015,kulgam,Total,8,9367,4792,4575,2460,1207,1253,6907,3585,3322
01,015,kulgam,Total,9,8460,4391,4069,1698,844,854,6762,3547,3215
01,015,kulgam,Total,10,11310,5980,5330,2331,1116,1215,8979,4864,4115
01,015,kulgam,Total,11,9917,5055,4862,1478,665,813,8439,4390,4049
01,015,kulgam,Total,12,9787,4870,4917,1051,420,631,8736,4450,4286
01,015,kulgam,Total,13,8861,4450,4411,895,353,542,7966,4097,3869
01,015,kulgam,Total,14,9353,4822,4531,802,299,503,8551,4523,4028
01,015,kulgam,Total,15,9916,4913,5003,1147,404,743,8769,4509,4260
01,015,kulgam,Total,16,9540,4768,4772,1124,383,741,8416,4385,4031
01,015,kulgam,Total,17,7603,3791,3812,1022,339,683,6581,3452,3129
01,015,kulgam,Total,18,9687,4811,4876,1642,518,1124,8045,4293,3752
01,015,kulgam,Total,19,7407,3703,3704,1137,343,794,6270,3360,2910
01,015,kulgam,Total,20-24,41190,20010,21180,10033,2855,7178,31157,17155,14002
01,015,kulgam,Total,25-29,34293,16952,17341,12679,3848,8831,21614,13104,8510
01,015,kulgam,Total,30-34,30079,15088,14991,14029,4574,9455,16050,10514,5536
01,015,kulgam,Total,35-39,27261,13932,13329,14513,4833,9680,12748,9099,3649
01,015,kulgam,Total,40-44,24124,12702,11422,14702,5493,9209,9422,7209,2213
01,015,kulgam,Total,45-49,18406,9543,8863,12551,4746,7805,5855,4797,1058
01,015,kulgam,Total,50-54,15802,8677,7125,11371,4855,6516,4431,3822,609
01,015,kulgam,Total,55-59,11222,5571,5651,8263,3030,5233,2959,2541,418
01,015,kulgam,Total,60-64,11059,6108,4951,8649,3959,4690,2410,2149,261
01,015,kulgam,Total,65-69,6694,3288,3406,5526,2281,3245,1168,1007,161
01,015,kulgam,Total,70-74,6394,3483,2911,5598,2780,2818,796,703,93
01,015,kulgam,Total,75-79,2437,1242,1195,2147,990,1157,290,252,38
01,015,kulgam,Total,80+,3645,1980,1665,3088,1554,1534,557,426,131
01,015,kulgam,Total,Age not stated,502,335,167,165,89,76,337,246,91
01,015,kulgam,Rural,All ages,343870,175574,168296,180758,78331,102427,163112,97243,65869
01,015,kulgam,Rural,0-6,59762,31708,28054,59762,31708,28054,0,0,0
01,015,kulgam,Rural,7,7263,3716,3547,3212,1561,1651,4051,2155,1896
01,015,kulgam,Rural,8,7845,4035,3810,2114,1045,1069,5731,2990,2741
01,015,kulgam,Rural,9,7090,3667,3423,1473,724,749,5617,2943,2674
01,015,kulgam,Rural,10,9483,4997,4486,2042,973,1069,7441,4024,3417
01,015,kulgam,Rural,11,8241,4227,4014,1329,604,725,6912,3623,3289
01,015,kulgam,Rural,12,8082,3978,4104,936,378,558,7146,3600,3546
01,015,kulgam,Rural,13,7263,3655,3608,788,309,479,6475,3346,3129
01,015,kulgam,Rural,14,7582,3902,3680,710,269,441,6872,3633,3239
01,015,kulgam,Rural,15,8046,3940,4106,1023,358,665,7023,3582,3441
01,015,kulgam,Rural,16,7794,3888,3906,1008,349,659,6786,3539,3247
01,015,kulgam,Rural,17,6210,3094,3116,895,288,607,5315,2806,2509
01,015,kulgam,Rural,18,7876,3921,3955,1473,462,1011,6403,3459,2944
01,015,kulgam,Rural,19,5980,3026,2954,993,302,691,4987,2724,2263
01,015,kulgam,Rural,20-24,33044,15919,17125,8790,2525,6265,24254,13394,10860
01,015,kulgam,Rural,25-29,26920,13001,13919,10991,3412,7579,15929,9589,6340
01,015,kulgam,Rural,30-34,23719,11708,12011,11887,3976,7911,11832,7732,4100
01,015,kulgam,Rural,35-39,21663,10998,10665,12178,4167,8011,9485,6831,2654
01,015,kulgam,Rural,40-44,19034,9984,9050,12130,4641,7489,6904,5343,1561
01,015,kulgam,Rural,45-49,14612,7491,7121,10362,3966,6396,4250,3525,725
01,015,kulgam,Rural,50-54,12671,6944,5727,9410,4110,5300,3261,2834,427
01,015,kulgam,Rural,55-59,8928,4437,4491,6732,2525,4207,2196,1912,284
01,015,kulgam,Rural,60-64,8833,4904,3929,7032,3286,3746,1801,1618,183
01,015,kulgam,Rural,65-69,5397,2668,2729,4505,1891,2614,892,777,115
01,015,kulgam,Rural,70-74,5145,2816,2329,4550,2288,2262,595,528,67
01,015,kulgam,Rural,75-79,1975,1026,949,1746,829,917,229,197,32
01,015,kulgam,Rural,80+,2954,1620,1334,2537,1301,1236,417,319,98
01,015,kulgam,Rural,Age not stated,458,304,154,150,84,66,308,220,88
01,015,kulgam,Urban,All ages,80613,42046,38567,34640,14237,20403,45973,27809,18164
01,015,kulgam,Urban,0-6,11739,6221,5518,11739,6221,5518,0,0,0
01,015,kulgam,Urban,7,1403,718,685,584,300,284,819,418,401
01,015,kulgam,Urban,8,1522,757,765,346,162,184,1176,595,581
01,015,kulgam,Urban,9,1370,724,646,225,120,105,1145,604,541
01,015,kulgam,Urban,10,1827,983,844,289,143,146,1538,840,698
01,015,kulgam,Urban,11,1676,828,848,149,61,88,1527,767,760
01,015,kulgam,Urban,12,1705,892,813,115,42,73,1590,850,740
01,015,kulgam,Urban,13,1598,795,803,107,44,63,1491,751,740
01,015,kulgam,Urban,14,1771,920,851,92,30,62,1679,890,789
01,015,kulgam,Urban,15,1870,973,897,124,46,78,1746,927,819
01,015,kulgam,Urban,16,1746,880,866,116,34,82,1630,846,784
01,015,kulgam,Urban,17,1393,697,696,127,51,76,1266,646,620
01,015,kulgam,Urban,18,1811,890,921,169,56,113,1642,834,808
01,015,kulgam,Urban,19,1427,677,750,144,41,103,1283,636,647
01,015,kulgam,Urban,20-24,8146,4091,4055,1243,330,913,6903,3761,3142
01,015,kulgam,Urban,25-29,7373,3951,3422,1688,436,1252,5685,3515,2170
01,015,kulgam,Urban,30-34,6360,3380,2980,2142,598,1544,4218,2782,1436
01,015,kulgam,Urban,35-39,5598,2934,2664,2335,666,1669,3263,2268,995
01,015,kulgam,Urban,40-44,5090,2718,2372,2572,852,1720,2518,1866,652
01,015,kulgam,Urban,45-49,3794,2052,1742,2189,780,1409,1605,1272,333
01,015,kulgam,Urban,50-54,3131,1733,1398,1961,745,1216,1170,988,182
01,015,kulgam,Urban,55-59,2294,1134,1160,1531,505,1026,763,629,134
01,015,kulgam,Urban,60-64,2226,1204,1022,1617,673,944,609,531,78
01,015,kulgam,Urban,65-69,1297,620,677,1021,390,631,276,230,46
01,015,kulgam,Urban,70-74,1249,667,582,1048,492,556,201,175,26
01,015,kulgam,Urban,75-79,462,216,246,401,161,240,61,55,6
01,015,kulgam,Urban,80+,691,360,331,551,253,298,140,107,33
01,015,kulgam,Urban,Age not stated,44,31,13,15,5,10,29,26,3
01,016,doda,Total,All ages,409936,213641,196295,190853,75021,115832,219083,138620,80463
01,016,doda,Total,0-6,71240,36862,34378,71240,36862,34378,0,0,0
01,016,doda,Total,7,10484,5378,5106,3882,1859,2023,6602,3519,3083
01,016,doda,Total,8,9385,4875,4510,1821,814,1007,7564,4061,3503
01,016,doda,Total,9,8643,4491,4152,1057,448,609,7586,4043,3543
01,016,doda,Total,10,9476,4960,4516,1122,468,654,8354,4492,3862
01,016,doda,Total,11,10577,5372,5205,953,330,623,9624,5042,4582
01,016,doda,Total,12,11238,5785,5453,940,290,650,10298,5495,4803
01,016,doda,Total,13,10135,5261,4874,826,226,600,9309,5035,4274
01,016,doda,Total,14,9162,4796,4366,927,239,688,8235,4557,3678
01,016,doda,Total,15,8976,4725,4251,1166,301,865,7810,4424,3386
01,016,doda,Total,16,8081,4132,3949,1192,239,953,6889,3893,2996
01,016,doda,Total,17,7564,4001,3563,1076,257,819,6488,3744,2744
01,016,doda,Total,18,8377,4347,4030,1637,400,1237,6740,3947,2793
01,016,doda,Total,19,7543,3887,3656,1363,268,1095,6180,3619,2561
01,016,doda,Total,20-24,38242,19607,18635,10133,2367,7766,28109,17240,10869
01,016,doda,Total,25-29,34453,18123,16330,11412,2820,8592,23041,15303,7738
01,016,doda,Total,30-34,30158,15925,14233,11752,2990,8762,18406,12935,5471
01,016,doda,Total,35-39,25337,13595,11742,11323,3189,8134,14014,10406,3608
01,016,doda,Total,40-44,20989,11123,9866,10957,3444,7513,10032,7679,2353
01,016,doda,Total,45-49,16705,8734,7971,9434,3138,6296,7271,5596,1675
01,016,doda,Total,50-54,13820,7345,6475,8065,2755,5310,5755,4590,1165
01,016,doda,Total,55-59,9821,5147,4674,6013,2019,3994,3808,3128,680
01,016,doda,Total,60-64,10087,5086,5001,7312,2741,4571,2775,2345,430
01,016,doda,Total,65-69,7006,3685,3321,5271,2173,3098,1735,1512,223
01,016,doda,Total,70-74,5357,2715,2642,4386,1882,2504,971,833,138
01,016,doda,Total,75-79,2767,1477,1290,2234,1027,1207,533,450,83
01,016,doda,Total,80+,3886,1940,1946,3239,1423,1816,647,517,130
01,016,doda,Total,Age not stated,427,267,160,120,52,68,307,215,92
01,016,doda,Rural,All ages,377247,195430,181817,182697,71611,111086,194550,123819,70731
01,016,doda,Rural,0-6,67207,34659,32548,67207,34659,32548,0,0,0
01,016,doda,Rural,7,9856,5084,4772,3786,1816,1970,6070,3268,2802
01,016,doda,Rural,8,8755,4529,4226,1780,793,987,6975,3736,3239
01,016,doda,Rural,9,8018,4160,3858,1038,440,598,6980,3720,3260
01,016,doda,Rural,10,8829,4611,4218,1095,455,640,7734,4156,3578
01,016,doda,Rural,11,9896,5016,4880,937,322,615,8959,4694,4265
01,016,doda,Rural,12,10479,5349,5130,923,282,641,9556,5067,4489
01,016,doda,Rural,13,9417,4830,4587,807,217,590,8610,4613,3997
01,016,doda,Rural,14,8424,4367,4057,912,231,681,7512,4136,3376
01,016,doda,Rural,15,8258,4296,3962,1130,283,847,7128,4013,3115
01,016,doda,Rural,16,7455,3775,3680,1172,233,939,6283,3542,2741
01,016,doda,Rural,17,6936,3651,3285,1046,246,800,5890,3405,2485
01,016,doda,Rural,18,7675,3934,3741,1600,382,1218,6075,3552,2523
01,016,doda,Rural,19,6956,3588,3368,1322,255,1067,5634,3333,2301
01,016,doda,Rural,20-24,35216,17952,17264,9880,2290,7590,25336,15662,9674
01,016,doda,Rural,25-29,31264,16284,14980,11082,2718,8364,20182,13566,6616
01,016,doda,Rural,30-34,27431,14422,13009,11366,2900,8466,16065,11522,4543
01,016,doda,Rural,35-39,22879,12209,10670,10908,3066,7842,11971,9143,2828
01,016,doda,Rural,40-44,18892,9892,9000,10545,3323,7222,8347,6569,1778
01,016,doda,Rural,45-49,14911,7771,7140,9011,3043,5968,5900,4728,1172
01,016,doda,Rural,50-54,12362,6505,5857,7755,2666,5089,4607,3839,768
01,016,doda,Rural,55-59,8777,4542,4235,5758,1962,3796,3019,2580,439
01,016,doda,Rural,60-64,9270,4615,4655,7024,2655,4369,2246,1960,286
01,016,doda,Rural,65-69,6502,3423,3079,5052,2114,2938,1450,1309,141
01,016,doda,Rural,70-74,4978,2511,2467,4192,1820,2372,786,691,95
01,016,doda,Rural,75-79,2585,1389,1196,2139,996,1143,446,393,53
01,016,doda,Rural,80+,3654,1836,1818,3115,1393,1722,539,443,96
01,016,doda,Rural,Age not stated,365,230,135,115,51,64,250,179,71
01,016,doda,Urban,All ages,32689,18211,14478,8156,3410,4746,24533,14801,9732
01,016,doda,Urban,0-6,4033,2203,1830,4033,2203,1830,0,0,0
01,016,doda,Urban,7,628,294,334,96,43,53,532,251,281
01,016,doda,Urban,8,630,346,284,41,21,20,589,325,264
01,016,doda,Urban,9,625,331,294,19,8,11,606,323,283
01,016,doda,Urban,10,647,349,298,27,13,14,620,336,284
01,016,doda,Urban,11,681,356,325,16,8,8,665,348,317
01,016,doda,Urban,12,759,436,323,17,8,9,742,428,314
01,016,doda,Urban,13,718,431,287,19,9,10,699,422,277
01,016,doda,Urban,14,738,429,309,15,8,7,723,421,302
01,016,doda,Urban,15,718,429,289,36,18,18,682,411,271
01,016,doda,Urban,16,626,357,269,20,6,14,606,351,255
01,016,doda,Urban,17,628,350,278,30,11,19,598,339,259
01,016,doda,Urban,18,702,413,289,37,18,19,665,395,270
01,016,doda,Urban,19,587,299,288,41,13,28,546,286,260
01,016,doda,Urban,20-24,3026,1655,1371,253,77,176,2773,1578,1195
01,016,doda,Urban,25-29,3189,1839,1350,330,102,228,2859,1737,1122
01,016,doda,Urban,30-34,2727,1503,1224,386,90,296,2341,1413,928
01,016,doda,Urban,35-39,2458,1386,1072,415,123,292,2043,1263,780
01,016,doda,Urban,40-44,2097,1231,866,412,121,291,1685,1110,575
01,016,doda,Urban,45-49,1794,963,831,423,95,328,1371,868,503
01,016,doda,Urban,50-54,1458,840,618,310,89,221,1148,751,397
01,016,doda,Urban,55-59,1044,605,439,255,57,198,789,548,241
01,016,doda,Urban,60-64,817,471,346,288,86,202,529,385,144
01,016,doda,Urban,65-69,504,262,242,219,59,160,285,203,82
01,016,doda,Urban,70-74,379,204,175,194,62,132,185,142,43
01,016,doda,Urban,75-79,182,88,94,95,31,64,87,57,30
01,016,doda,Urban,80+,232,104,128,124,30,94,108,74,34
01,016,doda,Urban,Age not stated,62,37,25,5,1,4,57,36,21
01,017,ramban,Total,All ages,283713,149132,134581,159648,66194,93454,124065,82938,41127
01,017,ramban,Total,0-6,55092,28625,26467,55092,28625,26467,0,0,0
01,017,ramban,Total,7,7837,4069,3768,2783,1287,1496,5054,2782,2272
01,017,ramban,Total,8,7293,3771,3522,1885,750,1135,5408,3021,2387
01,017,ramban,Total,9,6157,3152,3005,1214,401,813,4943,2751,2192
01,017,ramban,Total,10,7256,3790,3466,1607,603,1004,5649,3187,2462
01,017,ramban,Total,11,7527,3846,3681,1318,435,883,6209,3411,2798
01,017,ramban,Total,12,7912,4066,3846,1428,440,988,6484,3626,2858
01,017,ramban,Total,13,7128,3640,3488,1330,347,983,5798,3293,2505
01,017,ramban,Total,14,6614,3459,3155,1352,390,962,5262,3069,2193
01,017,ramban,Total,15,6550,3368,3182,1770,463,1307,4780,2905,1875
01,017,ramban,Total,16,5726,2895,2831,1669,404,1265,4057,2491,1566
01,017,ramban,Total,17,4906,2537,2369,1357,338,1019,3549,2199,1350
01,017,ramban,Total,18,6272,3169,3103,2279,617,1662,3993,2552,1441
01,017,ramban,Total,19,4776,2463,2313,1647,418,1229,3129,2045,1084
01,017,ramban,Total,20-24,25136,13006,12130,10385,3091,7294,14751,9915,4836
01,017,ramban,Total,25-29,22344,12081,10263,10622,3363,7259,11722,8718,3004
01,017,ramban,Total,30-34,19372,10408,8964,10015,3281,6734,9357,7127,2230
01,017,ramban,Total,35-39,17012,9059,7953,9825,3365,6460,7187,5694,1493
01,017,ramban,Total,40-44,14204,7663,6541,8918,3315,5603,5286,4348,938
01,017,ramban,Total,45-49,11016,5801,5215,7568,2926,4642,3448,2875,573
01,017,ramban,Total,50-54,9306,5104,4202,6541,2712,3829,2765,2392,373
01,017,ramban,Total,55-59,6594,3416,3178,4736,1802,2934,1858,1614,244
01,017,ramban,Total,60-64,6239,3396,2843,4894,2228,2666,1345,1168,177
01,017,ramban,Total,65-69,3877,2072,1805,3124,1410,1714,753,662,91
01,017,ramban,Total,70-74,3426,1958,1468,2944,1515,1429,482,443,39
01,017,ramban,Total,75-79,1523,843,680,1290,635,655,233,208,25
01,017,ramban,Total,80+,2255,1235,1020,1938,965,973,317,270,47
01,017,ramban,Total,Age not stated,363,240,123,117,68,49,246,172,74
01,017,ramban,Rural,All ages,271902,142317,129585,156708,64965,91743,115194,77352,37842
01,017,ramban,Rural,0-6,53815,27926,25889,53815,27926,25889,0,0,0
01,017,ramban,Rural,7,7618,3953,3665,2746,1266,1480,4872,2687,2185
01,017,ramban,Rural,8,7087,3661,3426,1863,737,1126,5224,2924,2300
01,017,ramban,Rural,9,5986,3060,2926,1205,397,808,4781,2663,2118
01,017,ramban,Rural,10,7066,3689,3377,1598,599,999,5468,3090,2378
01,017,ramban,Rural,11,7329,3741,3588,1314,431,883,6015,3310,2705
01,017,ramban,Rural,12,7688,3949,3739,1416,434,982,6272,3515,2757
01,017,ramban,Rural,13,6935,3550,3385,1325,344,981,5610,3206,2404
01,017,ramban,Rural,14,6413,3355,3058,1343,386,957,5070,2969,2101
01,017,ramban,Rural,15,6354,3260,3094,1763,460,1303,4591,2800,1791
01,017,ramban,Rural,16,5524,2791,2733,1661,403,1258,3863,2388,1475
01,017,ramban,Rural,17,4721,2444,2277,1346,333,1013,3375,2111,1264
01,017,ramban,Rural,18,6079,3062,3017,2266,611,1655,3813,2451,1362
01,017,ramban,Rural,19,4584,2360,2224,1633,411,1222,2951,1949,1002
01,017,ramban,Rural,20-24,24046,12384,11662,10295,3054,7241,13751,9330,4421
01,017,ramban,Rural,25-29,20805,10999,9806,10512,3327,7185,10293,7672,2621
01,017,ramban,Rural,30-34,18218,9674,8544,9874,3238,6636,8344,6436,1908
01,017,ramban,Rural,35-39,16115,8556,7559,9666,3315,6351,6449,5241,1208
01,017,ramban,Rural,40-44,13382,7158,6224,8774,3269,5505,4608,3889,719
01,017,ramban,Rural,45-49,10337,5431,4906,7410,2898,4512,2927,2533,394
01,017,ramban,Rural,50-54,8755,4802,3953,6389,2672,3717,2366,2130,236
01,017,ramban,Rural,55-59,6192,3195,2997,4613,1761,2852,1579,1434,145
01,017,ramban,Rural,60-64,5955,3238,2717,4781,2198,2583,1174,1040,134
01,017,ramban,Rural,65-69,3685,1971,1714,3035,1383,1652,650,588,62
01,017,ramban,Rural,70-74,3281,1896,1385,2846,1485,1361,435,411,24
01,017,ramban,Rural,75-79,1446,804,642,1249,625,624,197,179,18
01,017,ramban,Rural,80+,2140,1180,960,1863,942,921,277,238,39
01,017,ramban,Rural,Age not stated,346,228,118,107,60,47,239,168,71
01,017,ramban,Urban,All ages,11811,6815,4996,2940,1229,1711,8871,5586,3285
01,017,ramban,Urban,0-6,1277,699,578,1277,699,578,0,0,0
01,017,ramban,Urban,7,219,116,103,37,21,16,182,95,87
01,017,ramban,Urban,8,206,110,96,22,13,9,184,97,87
01,017,ramban,Urban,9,171,92,79,9,4,5,162,88,74
01,017,ramban,Urban,10,190,101,89,9,4,5,181,97,84
01,017,ramban,Urban,11,198,105,93,4,4,0,194,101,93
01,017,ramban,Urban,12,224,117,107,12,6,6,212,111,101
01,017,ramban,Urban,13,193,90,103,5,3,2,188,87,101
01,017,ramban,Urban,14,201,104,97,9,4,5,192,100,92
01,017,ramban,Urban,15,196,108,88,7,3,4,189,105,84
01,017,ramban,Urban,16,202,104,98,8,1,7,194,103,91
01,017,ramban,Urban,17,185,93,92,11,5,6,174,88,86
01,017,ramban,Urban,18,193,107,86,13,6,7,180,101,79
01,017,ramban,Urban,19,192,103,89,14,7,7,178,96,82
01,017,ramban,Urban,20-24,1090,622,468,90,37,53,1000,585,415
01,017,ramban,Urban,25-29,1539,1082,457,110,36,74,1429,1046,383
01,017,ramban,Urban,30-34,1154,734,420,141,43,98,1013,691,322
01,017,ramban,Urban,35-39,897,503,394,159,50,109,738,453,285
01,017,ramban,Urban,40-44,822,505,317,144,46,98,678,459,219
01,017,ramban,Urban,45-49,679,370,309,158,28,130,521,342,179
01,017,ramban,Urban,50-54,551,302,249,152,40,112,399,262,137
01,017,ramban,Urban,55-59,402,221,181,123,41,82,279,180,99
01,017,ramban,Urban,60-64,284,158,126,113,30,83,171,128,43
01,017,ramban,Urban,65-69,192,101,91,89,27,62,103,74,29
01,017,ramban,Urban,70-74,145,62,83,98,30,68,47,32,15
01,017,ramban,Urban,75-79,77,39,38,41,10,31,36,29,7
01,017,ramban,Urban,80+,115,55,60,75,23,52,40,32,8
01,017,ramban,Urban,Age not stated,17,12,5,10,8,2,7,4,3
01,018,kishtwar,Total,All ages,230696,120165,110531,123190,51465,71725,107506,68700,38806
01,018,kishtwar,Total,0-6,39396,20479,18917,39396,20479,18917,0,0,0
01,018,kishtwar,Total,7,5765,2913,2852,1958,917,1041,3807,1996,1811
01,018,kishtwar,Total,8,5572,2864,2708,1325,587,738,4247,2277,1970
01,018,kishtwar,Total,9,5114,2673,2441,900,387,513,4214,2286,1928
01,018,kishtwar,Total,10,6218,3148,3070,1350,536,814,4868,2612,2256
01,018,kishtwar,Total,11,5861,3124,2737,871,348,523,4990,2776,2214
01,018,kishtwar,Total,12,6313,3239,3074,1029,361,668,5284,2878,2406
01,018,kishtwar,Total,13,5426,2794,2632,822,266,556,4604,2528,2076
01,018,kishtwar,Total,14,5079,2654,2425,826,247,579,4253,2407,1846
01,018,kishtwar,Total,15,5109,2639,2470,1065,320,745,4044,2319,1725
01,018,kishtwar,Total,16,4733,2543,2190,1028,328,700,3705,2215,1490
01,018,kishtwar,Total,17,4135,2181,1954,892,282,610,3243,1899,1344
01,018,kishtwar,Total,18,4789,2426,2363,1402,406,996,3387,2020,1367
01,018,kishtwar,Total,19,3583,1864,1719,1021,301,720,2562,1563,999
01,018,kishtwar,Total,20-24,19734,10014,9720,7367,2196,5171,12367,7818,4549
01,018,kishtwar,Total,25-29,19104,9875,9229,8888,2861,6027,10216,7014,3202
01,018,kishtwar,Total,30-34,16930,8833,8097,8642,2862,5780,8288,5971,2317
01,018,kishtwar,Total,35-39,14574,7709,6865,7967,2849,5118,6607,4860,1747
01,018,kishtwar,Total,40-44,11977,6369,5608,7013,2611,4402,4964,3758,1206
01,018,kishtwar,Total,45-49,9934,5266,4668,6360,2443,3917,3574,2823,751
01,018,kishtwar,Total,50-54,7984,4244,3740,5299,2144,3155,2685,2100,585
01,018,kishtwar,Total,55-59,5749,2971,2778,3910,1473,2437,1839,1498,341
01,018,kishtwar,Total,60-64,5904,3090,2814,4513,1935,2578,1391,1155,236
01,018,kishtwar,Total,65-69,4086,2098,1988,3192,1347,1845,894,751,143
01,018,kishtwar,Total,70-74,3454,1885,1569,2892,1423,1469,562,462,100
01,018,kishtwar,Total,75-79,1577,863,714,1263,597,666,314,266,48
01,018,kishtwar,Total,80+,2330,1245,1085,1918,929,989,412,316,96
01,018,kishtwar,Total,Age not stated,266,162,104,81,30,51,185,132,53
01,018,kishtwar,Rural,All ages,215831,111986,103845,119719,50052,69667,96112,61934,34178
01,018,kishtwar,Rural,0-6,37769,19608,18161,37769,19608,18161,0,0,0
01,018,kishtwar,Rural,7,5530,2796,2734,1920,898,1022,3610,1898,1712
01,018,kishtwar,Rural,8,5292,2714,2578,1296,570,726,3996,2144,1852
01,018,kishtwar,Rural,9,4884,2550,2334,888,380,508,3996,2170,1826
01,018,kishtwar,Rural,10,5923,2988,2935,1331,528,803,4592,2460,2132
01,018,kishtwar,Rural,11,5598,2976,2622,858,340,518,4740,2636,2104
01,018,kishtwar,Rural,12,6000,3072,2928,1016,358,658,4984,2714,2270
01,018,kishtwar,Rural,13,5163,2655,2508,809,264,545,4354,2391,1963
01,018,kishtwar,Rural,14,4782,2493,2289,807,239,568,3975,2254,1721
01,018,kishtwar,Rural,15,4840,2491,2349,1051,312,739,3789,2179,1610
01,018,kishtwar,Rural,16,4451,2385,2066,1012,320,692,3439,2065,1374
01,018,kishtwar,Rural,17,3862,2033,1829,877,275,602,2985,1758,1227
01,018,kishtwar,Rural,18,4507,2273,2234,1385,398,987,3122,1875,1247
01,018,kishtwar,Rural,19,3350,1744,1606,1002,291,711,2348,1453,895
01,018,kishtwar,Rural,20-24,18353,9273,9080,7301,2177,5124,11052,7096,3956
01,018,kishtwar,Rural,25-29,17773,9100,8673,8765,2817,5948,9008,6283,2725
01,018,kishtwar,Rural,30-34,15730,8200,7530,8511,2825,5686,7219,5375,1844
01,018,kishtwar,Rural,35-39,13300,6990,6310,7810,2806,5004,5490,4184,1306
01,018,kishtwar,Rural,40-44,10812,5649,5163,6866,2569,4297,3946,3080,866
01,018,kishtwar,Rural,45-49,9008,4695,4313,6202,2402,3800,2806,2293,513
01,018,kishtwar,Rural,50-54,7257,3850,3407,5148,2105,3043,2109,1745,364
01,018,kishtwar,Rural,55-59,5255,2704,2551,3785,1446,2339,1470,1258,212
01,018,kishtwar,Rural,60-64,5477,2876,2601,4363,1905,2458,1114,971,143
01,018,kishtwar,Rural,65-69,3797,1956,1841,3062,1321,1741,735,635,100
01,018,kishtwar,Rural,70-74,3217,1775,1442,2775,1395,1380,442,380,62
01,018,kishtwar,Rural,75-79,1455,807,648,1193,576,617,262,231,31
01,018,kishtwar,Rural,80+,2186,1174,1012,1838,899,939,348,275,73
01,018,kishtwar,Rural,Age not stated,260,159,101,79,28,51,181,131,50
01,018,kishtwar,Urban,All ages,14865,8179,6686,3471,1413,2058,11394,6766,4628
01,018,kishtwar,Urban,0-6,1627,871,756,1627,871,756,0,0,0
01,018,kishtwar,Urban,7,235,117,118,38,19,19,197,98,99
01,018,kishtwar,Urban,8,280,150,130,29,17,12,251,133,118
01,018,kishtwar,Urban,9,230,123,107,12,7,5,218,116,102
01,018,kishtwar,Urban,10,295,160,135,19,8,11,276,152,124
01,018,kishtwar,Urban,11,263,148,115,13,8,5,250,140,110
01,018,kishtwar,Urban,12,313,167,146,13,3,10,300,164,136
01,018,kishtwar,Urban,13,263,139,124,13,2,11,250,137,113
01,018,kishtwar,Urban,14,297,161,136,19,8,11,278,153,125
01,018,kishtwar,Urban,15,269,148,121,14,8,6,255,140,115
01,018,kishtwar,Urban,16,282,158,124,16,8,8,266,150,116
01,018,kishtwar,Urban,17,273,148,125,15,7,8,258,141,117
01,018,kishtwar,Urban,18,282,153,129,17,8,9,265,145,120
01,018,kishtwar,Urban,19,233,120,113,19,10,9,214,110,104
01,018,kishtwar,Urban,20-24,1381,741,640,66,19,47,1315,722,593
01,018,kishtwar,Urban,25-29,1331,775,556,123,44,79,1208,731,477
01,018,kishtwar,Urban,30-34,1200,633,567,131,37,94,1069,596,473
01,018,kishtwar,Urban,35-39,1274,719,555,157,43,114,1117,676,441
01,018,kishtwar,Urban,40-44,1165,720,445,147,42,105,1018,678,340
01,018,kishtwar,Urban,45-49,926,571,355,158,41,117,768,530,238
01,018,kishtwar,Urban,50-54,727,394,333,151,39,112,576,355,221
01,018,kishtwar,Urban,55-59,494,267,227,125,27,98,369,240,129
01,018,kishtwar,Urban,60-64,427,214,213,150,30,120,277,184,93
01,018,kishtwar,Urban,65-69,289,142,147,130,26,104,159,116,43
01,018,kishtwar,Urban,70-74,237,110,127,117,28,89,120,82,38
01,018,kishtwar,Urban,75-79,122,56,66,70,21,49,52,35,17
01,018,kishtwar,Urban,80+,144,71,73,80,30,50,64,41,23
01,018,kishtwar,Urban,Age not stated,6,3,3,2,2,0,4,1,3
01,019,udhampur,Total,All ages,554985,296784,258201,232631,99241,133390,322354,197543,124811
01,019,udhampur,Total,0-6,84332,44703,39629,84332,44703,39629,0,0,0
01,019,udhampur,Total,7,12441,6635,5806,3434,1705,1729,9007,4930,4077
01,019,udhampur,Total,8,12300,6630,5670,1899,883,1016,10401,5747,4654
01,019,udhampur,Total,9,11139,5870,5269,1091,445,646,10048,5425,4623
01,019,udhampur,Total,10,12316,6615,5701,1358,607,751,10958,6008,4950
01,019,udhampur,Total,11,12238,6396,5842,1024,396,628,11214,6000,5214
01,019,udhampur,Total,12,12621,6546,6075,1157,416,741,11464,6130,5334
01,019,udhampur,Total,13,12299,6462,5837,1089,368,721,11210,6094,5116
01,019,udhampur,Total,14,11844,6309,5535,1126,382,744,10718,5927,4791
01,019,udhampur,Total,15,11671,6088,5583,1285,443,842,10386,5645,4741
01,019,udhampur,Total,16,10796,5613,5183,1324,456,868,9472,5157,4315
01,019,udhampur,Total,17,10126,5416,4710,1259,477,782,8867,4939,3928
01,019,udhampur,Total,18,11330,5905,5425,1948,655,1293,9382,5250,4132
01,019,udhampur,Total,19,9416,4968,4448,1565,495,1070,7851,4473,3378
01,019,udhampur,Total,20-24,53165,28547,24618,11676,3932,7744,41489,24615,16874
01,019,udhampur,Total,25-29,51111,27893,23218,13598,4633,8965,37513,23260,14253
01,019,udhampur,Total,30-34,44808,24584,20224,13558,4342,9216,31250,20242,11008
01,019,udhampur,Total,35-39,38707,21089,17618,14405,4762,9643,24302,16327,7975
01,019,udhampur,Total,40-44,31103,17163,13940,13621,4820,8801,17482,12343,5139
01,019,udhampur,Total,45-49,26167,13980,12187,13020,4597,8423,13147,9383,3764
01,019,udhampur,Total,50-54,20882,11400,9482,11411,4331,7080,9471,7069,2402
01,019,udhampur,Total,55-59,15241,8062,7179,8998,3432,5566,6243,4630,1613
01,019,udhampur,Total,60-64,13363,7036,6327,9039,3741,5298,4324,3295,1029
01,019,udhampur,Total,65-69,8802,4546,4256,6220,2536,3684,2582,2010,572
01,019,udhampur,Total,70-74,7317,3615,3702,5744,2416,3328,1573,1199,374
01,019,udhampur,Total,75-79,3931,2006,1925,3130,1404,1726,801,602,199
01,019,udhampur,Total,80+,5221,2534,2687,4233,1829,2404,988,705,283
01,019,udhampur,Total,Age not stated,298,173,125,87,35,52,211,138,73
01,019,udhampur,Rural,All ages,446777,232974,213803,209895,88908,120987,236882,144066,92816
01,019,udhampur,Rural,0-6,73293,38666,34627,73293,38666,34627,0,0,0
01,019,udhampur,Rural,7,10748,5691,5057,3120,1538,1582,7628,4153,3475
01,019,udhampur,Rural,8,10569,5650,4919,1759,809,950,8810,4841,3969
01,019,udhampur,Rural,9,9476,4944,4532,1009,402,607,8467,4542,3925
01,019,udhampur,Rural,10,10556,5642,4914,1248,553,695,9308,5089,4219
01,019,udhampur,Rural,11,10540,5500,5040,951,354,597,9589,5146,4443
01,019,udhampur,Rural,12,10863,5593,5270,1074,374,700,9789,5219,4570
01,019,udhampur,Rural,13,10613,5528,5085,1028,339,689,9585,5189,4396
01,019,udhampur,Rural,14,10138,5382,4756,1063,353,710,9075,5029,4046
01,019,udhampur,Rural,15,10039,5191,4848,1226,413,813,8813,4778,4035
01,019,udhampur,Rural,16,9157,4705,4452,1251,422,829,7906,4283,3623
01,019,udhampur,Rural,17,8522,4557,3965,1174,447,727,7348,4110,3238
01,019,udhampur,Rural,18,9621,4986,4635,1857,617,1240,7764,4369,3395
01,019,udhampur,Rural,19,7830,4106,3724,1476,464,1012,6354,3642,2712
01,019,udhampur,Rural,20-24,42145,21921,20224,10956,3607,7349,31189,18314,12875
01,019,udhampur,Rural,25-29,38114,19421,18693,12774,4308,8466,25340,15113,10227
01,019,udhampur,Rural,30-34,33278,17203,16075,12598,3999,8599,20680,13204,7476
01,019,udhampur,Rural,35-39,28785,15010,13775,13244,4350,8894,15541,10660,4881
01,019,udhampur,Rural,40-44,23092,12271,10821,12417,4395,8022,10675,7876,2799
01,019,udhampur,Rural,45-49,19502,9964,9538,11901,4212,7689,7601,5752,1849
01,019,udhampur,Rural,50-54,16091,8560,7531,10438,3985,6453,5653,4575,1078
01,019,udhampur,Rural,55-59,11943,6229,5714,8230,3173,5057,3713,3056,657
01,019,udhampur,Rural,60-64,10881,5731,5150,8272,3490,4782,2609,2241,368
01,019,udhampur,Rural,65-69,7145,3676,3469,5660,2374,3286,1485,1302,183
01,019,udhampur,Rural,70-74,6067,2992,3075,5190,2240,2950,877,752,125
01,019,udhampur,Rural,75-79,3211,1637,1574,2808,1300,1508,403,337,66
01,019,udhampur,Rural,80+,4339,2096,2243,3803,1693,2110,536,403,133
01,019,udhampur,Rural,Age not stated,219,122,97,75,31,44,144,91,53
01,019,udhampur,Urban,All ages,108208,63810,44398,22736,10333,12403,85472,53477,31995
01,019,udhampur,Urban,0-6,11039,6037,5002,11039,6037,5002,0,0,0
01,019,udhampur,Urban,7,1693,944,749,314,167,147,1379,777,602
01,019,udhampur,Urban,8,1731,980,751,140,74,66,1591,906,685
01,019,udhampur,Urban,9,1663,926,737,82,43,39,1581,883,698
01,019,udhampur,Urban,10,1760,973,787,110,54,56,1650,919,731
01,019,udhampur,Urban,11,1698,896,802,73,42,31,1625,854,771
01,019,udhampur,Urban,12,1758,953,805,83,42,41,1675,911,764
01,019,udhampur,Urban,13,1686,934,752,61,29,32,1625,905,720
01,019,udhampur,Urban,14,1706,927,779,63,29,34,1643,898,745
01,019,udhampur,Urban,15,1632,897,735,59,30,29,1573,867,706
01,019,udhampur,Urban,16,1639,908,731,73,34,39,1566,874,692
01,019,udhampur,Urban,17,1604,859,745,85,30,55,1519,829,690
01,019,udhampur,Urban,18,1709,919,790,91,38,53,1618,881,737
01,019,udhampur,Urban,19,1586,862,724,89,31,58,1497,831,666
01,019,udhampur,Urban,20-24,11020,6626,4394,720,325,395,10300,6301,3999
01,019,udhampur,Urban,25-29,12997,8472,4525,824,325,499,12173,8147,4026
01,019,udhampur,Urban,30-34,11530,7381,4149,960,343,617,10570,7038,3532
01,019,udhampur,Urban,35-39,9922,6079,3843,1161,412,749,8761,5667,3094
01,019,udhampur,Urban,40-44,8011,4892,3119,1204,425,779,6807,4467,2340
01,019,udhampur,Urban,45-49,6665,4016,2649,1119,385,734,5546,3631,1915
01,019,udhampur,Urban,50-54,4791,2840,1951,973,346,627,3818,2494,1324
01,019,udhampur,Urban,55-59,3298,1833,1465,768,259,509,2530,1574,956
01,019,udhampur,Urban,60-64,2482,1305,1177,767,251,516,1715,1054,661
01,019,udhampur,Urban,65-69,1657,870,787,560,162,398,1097,708,389
01,019,udhampur,Urban,70-74,1250,623,627,554,176,378,696,447,249
01,019,udhampur,Urban,75-79,720,369,351,322,104,218,398,265,133
01,019,udhampur,Urban,80+,882,438,444,430,136,294,452,302,150
01,019,udhampur,Urban,Age not stated,79,51,28,12,4,8,67,47,20
01,020,reasi,Total,All ages,314667,166461,148206,164125,72524,91601,150542,93937,56605
01,020,reasi,Total,0-6,55799,29079,26720,55799,29079,26720,0,0,0
01,020,reasi,Total,7,8032,4103,3929,3266,1528,1738,4766,2575,2191
01,020,reasi,Total,8,7764,3934,3830,2101,927,1174,5663,3007,2656
01,020,reasi,Total,9,6843,3520,3323,1365,563,802,5478,2957,2521
01,020,reasi,Total,10,8132,4164,3968,1709,706,1003,6423,3458,2965
01,020,reasi,Total,11,8437,4356,4081,1251,505,746,7186,3851,3335
01,020,reasi,Total,12,8828,4715,4113,1392,497,895,7436,4218,3218
01,020,reasi,Total,13,7437,3920,3517,1051,344,707,6386,3576,2810
01,020,reasi,Total,14,6892,3737,3155,1030,345,685,5862,3392,2470
01,020,reasi,Total,15,6818,3615,3203,1414,455,959,5404,3160,2244
01,020,reasi,Total,16,6153,3224,2929,1444,457,987,4709,2767,1942
01,020,reasi,Total,17,5265,2799,2466,1078,335,743,4187,2464,1723
01,020,reasi,Total,18,6514,3420,3094,1895,636,1259,4619,2784,1835
01,020,reasi,Total,19,5132,2733,2399,1306,404,902,3826,2329,1497
01,020,reasi,Total,20-24,29169,15391,13778,9649,3433,6216,19520,11958,7562
01,020,reasi,Total,25-29,26752,14418,12334,11012,4123,6889,15740,10295,5445
01,020,reasi,Total,30-34,22198,11964,10234,10270,3965,6305,11928,7999,3929
01,020,reasi,Total,35-39,19200,10298,8902,9658,3713,5945,9542,6585,2957
01,020,reasi,Total,40-44,15995,8467,7528,9086,3444,5642,6909,5023,1886
01,020,reasi,Total,45-49,13374,7088,6286,8529,3492,5037,4845,3596,1249
01,020,reasi,Total,50-54,10790,5948,4842,7084,3053,4031,3706,2895,811
01,020,reasi,Total,55-59,7283,3834,3449,4966,2023,2943,2317,1811,506
01,020,reasi,Total,60-64,7388,3968,3420,5690,2619,3071,1698,1349,349
01,020,reasi,Total,65-69,4581,2404,2177,3641,1658,1983,940,746,194
01,020,reasi,Total,70-74,4235,2300,1935,3660,1837,1823,575,463,112
01,020,reasi,Total,75-79,2026,1085,941,1705,835,870,321,250,71
01,020,reasi,Total,80+,3440,1858,1582,3021,1528,1493,419,330,89
01,020,reasi,Total,Age not stated,190,119,71,53,20,33,137,99,38
01,020,reasi,Rural,All ages,287671,151481,136190,156343,68979,87364,131328,82502,48826
01,020,reasi,Rural,0-6,52507,27341,25166,52507,27341,25166,0,0,0
01,020,reasi,Rural,7,7542,3852,3690,3157,1467,1690,4385,2385,2000
01,020,reasi,Rural,8,7231,3677,3554,2042,898,1144,5189,2779,2410
01,020,reasi,Rural,9,6419,3277,3142,1340,545,795,5079,2732,2347
01,020,reasi,Rural,10,7640,3895,3745,1667,684,983,5973,3211,2762
01,020,reasi,Rural,11,8003,4118,3885,1228,496,732,6775,3622,3153
01,020,reasi,Rural,12,8332,4440,3892,1356,479,877,6976,3961,3015
01,020,reasi,Rural,13,6985,3679,3306,1019,334,685,5966,3345,2621
01,020,reasi,Rural,14,6377,3469,2908,995,327,668,5382,3142,2240
01,020,reasi,Rural,15,6311,3343,2968,1363,429,934,4948,2914,2034
01,020,reasi,Rural,16,5689,2971,2718,1412,443,969,4277,2528,1749
01,020,reasi,Rural,17,4840,2579,2261,1044,324,720,3796,2255,1541
01,020,reasi,Rural,18,5968,3139,2829,1835,607,1228,4133,2532,1601
01,020,reasi,Rural,19,4728,2506,2222,1282,393,889,3446,2113,1333
01,020,reasi,Rural,20-24,26588,13992,12596,9342,3313,6029,17246,10679,6567
01,020,reasi,Rural,25-29,23577,12491,11086,10564,3948,6616,13013,8543,4470
01,020,reasi,Rural,30-34,19908,10617,9291,9890,3813,6077,10018,6804,3214
01,020,reasi,Rural,35-39,17069,9106,7963,9199,3521,5678,7870,5585,2285
01,020,reasi,Rural,40-44,14243,7468,6775,8676,3292,5384,5567,4176,1391
01,020,reasi,Rural,45-49,11795,6218,5577,8073,3326,4747,3722,2892,830
01,020,reasi,Rural,50-54,9530,5216,4314,6744,2926,3818,2786,2290,496
01,020,reasi,Rural,55-59,6425,3347,3078,4714,1924,2790,1711,1423,288
01,020,reasi,Rural,60-64,6717,3605,3112,5441,2519,2922,1276,1086,190
01,020,reasi,Rural,65-69,4155,2171,1984,3450,1576,1874,705,595,110
01,020,reasi,Rural,70-74,3890,2131,1759,3470,1766,1704,420,365,55
01,020,reasi,Rural,75-79,1838,982,856,1613,795,818,225,187,38
01,020,reasi,Rural,80+,3193,1743,1450,2872,1474,1398,321,269,52
01,020,reasi,Rural,Age not stated,171,108,63,48,19,29,123,89,34
01,020,reasi,Urban,All ages,26996,14980,12016,7782,3545,4237,19214,11435,7779
01,020,reasi,Urban,0-6,3292,1738,1554,3292,1738,1554,0,0,0
01,020,reasi,Urban,7,490,251,239,109,61,48,381,190,191
01,020,reasi,Urban,8,533,257,276,59,29,30,474,228,246
01,020,reasi,Urban,9,424,243,181,25,18,7,399,225,174
01,020,reasi,Urban,10,492,269,223,42,22,20,450,247,203
01,020,reasi,Urban,11,434,238,196,23,9,14,411,229,182
01,020,reasi,Urban,12,496,275,221,36,18,18,460,257,203
01,020,reasi,Urban,13,452,241,211,32,10,22,420,231,189
01,020,reasi,Urban,14,515,268,247,35,18,17,480,250,230
01,020,reasi,Urban,15,507,272,235,51,26,25,456,246,210
01,020,reasi,Urban,16,464,253,211,32,14,18,432,239,193
01,020,reasi,Urban,17,425,220,205,34,11,23,391,209,182
01,020,reasi,Urban,18,546,281,265,60,29,31,486,252,234
01,020,reasi,Urban,19,404,227,177,24,11,13,380,216,164
01,020,reasi,Urban,20-24,2581,1399,1182,307,120,187,2274,1279,995
01,020,reasi,Urban,25-29,3175,1927,1248,448,175,273,2727,1752,975
01,020,reasi,Urban,30-34,2290,1347,943,380,152,228,1910,1195,715
01,020,reasi,Urban,35-39,2131,1192,939,459,192,267,1672,1000,672
01,020,reasi,Urban,40-44,1752,999,753,410,152,258,1342,847,495
01,020,reasi,Urban,45-49,1579,870,709,456,166,290,1123,704,419
01,020,reasi,Urban,50-54,1260,732,528,340,127,213,920,605,315
01,020,reasi,Urban,55-59,858,487,371,252,99,153,606,388,218
01,020,reasi,Urban,60-64,671,363,308,249,100,149,422,263,159
01,020,reasi,Urban,65-69,426,233,193,191,82,109,235,151,84
01,020,reasi,Urban,70-74,345,169,176,190,71,119,155,98,57
01,020,reasi,Urban,75-79,188,103,85,92,40,52,96,63,33
01,020,reasi,Urban,80+,247,115,132,149,54,95,98,61,37
01,020,reasi,Urban,Age not stated,19,11,8,5,1,4,14,10,4
01,021,jammu,Total,All ages,1529958,813821,716137,392823,171905,220918,1137135,641916,495219
01,021,jammu,Total,0-6,167363,93242,74121,167363,93242,74121,0,0,0
01,021,jammu,Total,7,25773,14280,11493,5023,2703,2320,20750,11577,9173
01,021,jammu,Total,8,26177,14816,11361,2390,1253,1137,23787,13563,10224
01,021,jammu,Total,9,24216,13595,10621,1533,750,783,22683,12845,9838
01,021,jammu,Total,10,28659,16025,12634,2032,1029,1003,26627,14996,11631
01,021,jammu,Total,11,26452,14927,11525,1194,598,596,25258,14329,10929
01,021,jammu,Total,12,27401,15236,12165,1255,619,636,26146,14617,11529
01,021,jammu,Total,13,27063,14906,12157,1013,503,510,26050,14403,11647
01,021,jammu,Total,14,28071,15360,12711,1027,474,553,27044,14886,12158
01,021,jammu,Total,15,28804,15642,13162,1255,541,714,27549,15101,12448
01,021,jammu,Total,16,28763,15745,13018,1147,506,641,27616,15239,12377
01,021,jammu,Total,17,27852,15203,12649,1075,500,575,26777,14703,12074
01,021,jammu,Total,18,32629,17655,14974,1743,866,877,30886,16789,14097
01,021,jammu,Total,19,26478,14281,12197,1199,513,686,25279,13768,11511
01,021,jammu,Total,20-24,147093,76482,70611,9011,3558,5453,138082,72924,65158
01,021,jammu,Total,25-29,144033,75060,68973,12306,4508,7798,131727,70552,61175
01,021,jammu,Total,30-34,123830,64674,59156,14582,5039,9543,109248,59635,49613
01,021,jammu,Total,35-39,117189,60426,56763,18927,6049,12878,98262,54377,43885
01,021,jammu,Total,40-44,100693,53097,47596,20463,6737,13726,80230,46360,33870
01,021,jammu,Total,45-49,94183,49177,45006,21914,6997,14917,72269,42180,30089
01,021,jammu,Total,50-54,75462,40317,35145,19711,6244,13467,55751,34073,21678
01,021,jammu,Total,55-59,56314,29876,26438,16244,4762,11482,40070,25114,14956
01,021,jammu,Total,60-64,47870,24977,22893,19066,6227,12839,28804,18750,10054
01,021,jammu,Total,65-69,32276,16423,15853,13995,4366,9629,18281,12057,6224
01,021,jammu,Total,70-74,27307,13737,13570,14841,5182,9659,12466,8555,3911
01,021,jammu,Total,75-79,15152,7550,7602,8488,2977,5511,6664,4573,2091
01,021,jammu,Total,80+,21204,10085,11119,13654,4979,8675,7550,5106,2444
01,021,jammu,Total,Age not stated,1651,1027,624,372,183,189,1279,844,435
01,021,jammu,Rural,All ages,764945,401603,363342,240064,103403,136661,524881,298200,226681
01,021,jammu,Rural,0-6,94101,53058,41043,94101,53058,41043,0,0,0
01,021,jammu,Rural,7,14237,7944,6293,2872,1545,1327,11365,6399,4966
01,021,jammu,Rural,8,14587,8362,6225,1242,676,566,13345,7686,5659
01,021,jammu,Rural,9,13285,7445,5840,737,360,377,12548,7085,5463
01,021,jammu,Rural,10,15518,8640,6878,925,462,463,14593,8178,6415
01,021,jammu,Rural,11,14629,8199,6430,543,259,284,14086,7940,6146
01,021,jammu,Rural,12,15373,8530,6843,646,315,331,14727,8215,6512
01,021,jammu,Rural,13,15072,8275,6797,547,271,276,14525,8004,6521
01,021,jammu,Rural,14,15597,8447,7150,501,213,288,15096,8234,6862
01,021,jammu,Rural,15,16072,8595,7477,667,261,406,15405,8334,7071
01,021,jammu,Rural,16,15917,8622,7295,626,250,376,15291,8372,6919
01,021,jammu,Rural,17,15186,8251,6935,563,237,326,14623,8014,6609
01,021,jammu,Rural,18,17952,9613,8339,966,436,530,16986,9177,7809
01,021,jammu,Rural,19,13879,7450,6429,640,255,385,13239,7195,6044
01,021,jammu,Rural,20-24,74016,37400,36616,5039,1867,3172,68977,35533,33444
01,021,jammu,Rural,25-29,68528,33732,34796,7156,2479,4677,61372,31253,30119
01,021,jammu,Rural,30-34,58874,29489,29385,9049,2929,6120,49825,26560,23265
01,021,jammu,Rural,35-39,55272,27764,27508,12151,3646,8505,43121,24118,19003
01,021,jammu,Rural,40-44,46187,23872,22315,13462,4211,9251,32725,19661,13064
01,021,jammu,Rural,45-49,42614,22102,20512,14872,4513,10359,27742,17589,10153
01,021,jammu,Rural,50-54,33830,18124,15706,13755,4268,9487,20075,13856,6219
01,021,jammu,Rural,55-59,24418,12834,11584,11323,3325,7998,13095,9509,3586
01,021,jammu,Rural,60-64,22523,11554,10969,13350,4513,8837,9173,7041,2132
01,021,jammu,Rural,65-69,14308,7220,7088,9235,3170,6065,5073,4050,1023
01,021,jammu,Rural,70-74,13294,6628,6666,9912,3843,6069,3382,2785,597
01,021,jammu,Rural,75-79,7180,3467,3713,5555,2161,3394,1625,1306,319
01,021,jammu,Rural,80+,11647,5458,6189,9408,3770,5638,2239,1688,551
01,021,jammu,Rural,Age not stated,849,528,321,221,110,111,628,418,210
01,021,jammu,Urban,All ages,765013,412218,352795,152759,68502,84257,612254,343716,268538
01,021,jammu,Urban,0-6,73262,40184,33078,73262,40184,33078,0,0,0
01,021,jammu,Urban,7,11536,6336,5200,2151,1158,993,9385,5178,4207
01,021,jammu,Urban,8,11590,6454,5136,1148,577,571,10442,5877,4565
01,021,jammu,Urban,9,10931,6150,4781,796,390,406,10135,5760,4375
01,021,jammu,Urban,10,13141,7385,5756,1107,567,540,12034,6818,5216
01,021,jammu,Urban,11,11823,6728,5095,651,339,312,11172,6389,4783
01,021,jammu,Urban,12,12028,6706,5322,609,304,305,11419,6402,5017
01,021,jammu,Urban,13,11991,6631,5360,466,232,234,11525,6399,5126
01,021,jammu,Urban,14,12474,6913,5561,526,261,265,11948,6652,5296
01,021,jammu,Urban,15,12732,7047,5685,588,280,308,12144,6767,5377
01,021,jammu,Urban,16,12846,7123,5723,521,256,265,12325,6867,5458
01,021,jammu,Urban,17,12666,6952,5714,512,263,249,12154,6689,5465
01,021,jammu,Urban,18,14677,8042,6635,777,430,347,13900,7612,6288
01,021,jammu,Urban,19,12599,6831,5768,559,258,301,12040,6573,5467
01,021,jammu,Urban,20-24,73077,39082,33995,3972,1691,2281,69105,37391,31714
01,021,jammu,Urban,25-29,75505,41328,34177,5150,2029,3121,70355,39299,31056
01,021,jammu,Urban,30-34,64956,35185,29771,5533,2110,3423,59423,33075,26348
01,021,jammu,Urban,35-39,61917,32662,29255,6776,2403,4373,55141,30259,24882
01,021,jammu,Urban,40-44,54506,29225,25281,7001,2526,4475,47505,26699,20806
01,021,jammu,Urban,45-49,51569,27075,24494,7042,2484,4558,44527,24591,19936
01,021,jammu,Urban,50-54,41632,22193,19439,5956,1976,3980,35676,20217,15459
01,021,jammu,Urban,55-59,31896,17042,14854,4921,1437,3484,26975,15605,11370
01,021,jammu,Urban,60-64,25347,13423,11924,5716,1714,4002,19631,11709,7922
01,021,jammu,Urban,65-69,17968,9203,8765,4760,1196,3564,13208,8007,5201
01,021,jammu,Urban,70-74,14013,7109,6904,4929,1339,3590,9084,5770,3314
01,021,jammu,Urban,75-79,7972,4083,3889,2933,816,2117,5039,3267,1772
01,021,jammu,Urban,80+,9557,4627,4930,4246,1209,3037,5311,3418,1893
01,021,jammu,Urban,Age not stated,802,499,303,151,73,78,651,426,225
01,022,samba,Total,All ages,318898,169124,149774,90759,38812,51947,228139,130312,97827
01,022,samba,Total,0-6,38669,21737,16932,38669,21737,16932,0,0,0
01,022,samba,Total,7,6017,3364,2653,1036,565,471,4981,2799,2182
01,022,samba,Total,8,5911,3351,2560,455,246,209,5456,3105,2351
01,022,samba,Total,9,5605,3171,2434,264,146,118,5341,3025,2316
01,022,samba,Total,10,6168,3546,2622,338,170,168,5830,3376,2454
01,022,samba,Total,11,5818,3289,2529,187,91,96,5631,3198,2433
01,022,samba,Total,12,6224,3478,2746,263,130,133,5961,3348,2613
01,022,samba,Total,13,6088,3416,2672,194,102,92,5894,3314,2580
01,022,samba,Total,14,6228,3402,2826,206,96,110,6022,3306,2716
01,022,samba,Total,15,6336,3469,2867,275,126,149,6061,3343,2718
01,022,samba,Total,16,6335,3422,2913,254,106,148,6081,3316,2765
01,022,samba,Total,17,6084,3284,2800,213,106,107,5871,3178,2693
01,022,samba,Total,18,6918,3725,3193,344,120,224,6574,3605,2969
01,022,samba,Total,19,5399,2908,2491,224,96,128,5175,2812,2363
01,022,samba,Total,20-24,30443,15316,15127,1759,650,1109,28684,14666,14018
01,022,samba,Total,25-29,29034,14714,14320,2345,736,1609,26689,13978,12711
01,022,samba,Total,30-34,25650,13165,12485,2916,880,2036,22734,12285,10449
01,022,samba,Total,35-39,23639,12277,11362,3813,1070,2743,19826,11207,8619
01,022,samba,Total,40-44,20729,10959,9770,4783,1400,3383,15946,9559,6387
01,022,samba,Total,45-49,18228,9758,8470,5213,1472,3741,13015,8286,4729
01,022,samba,Total,50-54,14130,7712,6418,4699,1385,3314,9431,6327,3104
01,022,samba,Total,55-59,10165,5388,4777,4006,1072,2934,6159,4316,1843
01,022,samba,Total,60-64,9310,4720,4590,4876,1477,3399,4434,3243,1191
01,022,samba,Total,65-69,6186,3091,3095,3622,1188,2434,2564,1903,661
01,022,samba,Total,70-74,5506,2610,2896,3897,1395,2502,1609,1215,394
01,022,samba,Total,75-79,3065,1465,1600,2212,809,1403,853,656,197
01,022,samba,Total,80+,4660,2174,2486,3580,1384,2196,1080,790,290
01,022,samba,Total,Age not stated,353,213,140,116,57,59,237,156,81
01,022,samba,Rural,All ages,265283,139365,125918,79537,33915,45622,185746,105450,80296
01,022,samba,Rural,0-6,32890,18497,14393,32890,18497,14393,0,0,0
01,022,samba,Rural,7,5109,2874,2235,899,505,394,4210,2369,1841
01,022,samba,Rural,8,4998,2833,2165,399,216,183,4599,2617,1982
01,022,samba,Rural,9,4730,2685,2045,229,128,101,4501,2557,1944
01,022,samba,Rural,10,5228,3000,2228,299,150,149,4929,2850,2079
01,022,samba,Rural,11,4919,2780,2139,158,75,83,4761,2705,2056
01,022,samba,Rural,12,5303,2957,2346,229,114,115,5074,2843,2231
01,022,samba,Rural,13,5211,2927,2284,176,90,86,5035,2837,2198
01,022,samba,Rural,14,5275,2863,2412,181,83,98,5094,2780,2314
01,022,samba,Rural,15,5366,2929,2437,238,103,135,5128,2826,2302
01,022,samba,Rural,16,5399,2915,2484,233,95,138,5166,2820,2346
01,022,samba,Rural,17,5173,2797,2376,181,91,90,4992,2706,2286
01,022,samba,Rural,18,5846,3116,2730,304,108,196,5542,3008,2534
01,022,samba,Rural,19,4458,2407,2051,190,82,108,4268,2325,1943
01,022,samba,Rural,20-24,25217,12553,12664,1574,560,1014,23643,11993,11650
01,022,samba,Rural,25-29,23099,11183,11916,2061,652,1409,21038,10531,10507
01,022,samba,Rural,30-34,20814,10461,10353,2584,777,1807,18230,9684,8546
01,022,samba,Rural,35-39,19246,9844,9402,3382,950,2432,15864,8894,6970
01,022,samba,Rural,40-44,17013,8895,8118,4255,1252,3003,12758,7643,5115
01,022,samba,Rural,45-49,14823,7796,7027,4645,1299,3346,10178,6497,3681
01,022,samba,Rural,50-54,11688,6327,5361,4209,1229,2980,7479,5098,2381
01,022,samba,Rural,55-59,8441,4430,4011,3628,979,2649,4813,3451,1362
01,022,samba,Rural,60-64,7924,4001,3923,4428,1373,3055,3496,2628,868
01,022,samba,Rural,65-69,5321,2667,2654,3294,1112,2182,2027,1555,472
01,022,samba,Rural,70-74,4765,2277,2488,3524,1298,2226,1241,979,262
01,022,samba,Rural,75-79,2663,1259,1404,2013,753,1260,650,506,144
01,022,samba,Rural,80+,4074,1920,2154,3231,1295,1936,843,625,218
01,022,samba,Rural,Age not stated,290,172,118,103,49,54,187,123,64
01,022,samba,Urban,All ages,53615,29759,23856,11222,4897,6325,42393,24862,17531
01,022,samba,Urban,0-6,5779,3240,2539,5779,3240,2539,0,0,0
01,022,samba,Urban,7,908,490,418,137,60,77,771,430,341
01,022,samba,Urban,8,913,518,395,56,30,26,857,488,369
01,022,samba,Urban,9,875,486,389,35,18,17,840,468,372
01,022,samba,Urban,10,940,546,394,39,20,19,901,526,375
01,022,samba,Urban,11,899,509,390,29,16,13,870,493,377
01,022,samba,Urban,12,921,521,400,34,16,18,887,505,382
01,022,samba,Urban,13,877,489,388,18,12,6,859,477,382
01,022,samba,Urban,14,953,539,414,25,13,12,928,526,402
01,022,samba,Urban,15,970,540,430,37,23,14,933,517,416
01,022,samba,Urban,16,936,507,429,21,11,10,915,496,419
01,022,samba,Urban,17,911,487,424,32,15,17,879,472,407
01,022,samba,Urban,18,1072,609,463,40,12,28,1032,597,435
01,022,samba,Urban,19,941,501,440,34,14,20,907,487,420
01,022,samba,Urban,20-24,5226,2763,2463,185,90,95,5041,2673,2368
01,022,samba,Urban,25-29,5935,3531,2404,284,84,200,5651,3447,2204
01,022,samba,Urban,30-34,4836,2704,2132,332,103,229,4504,2601,1903
01,022,samba,Urban,35-39,4393,2433,1960,431,120,311,3962,2313,1649
01,022,samba,Urban,40-44,3716,2064,1652,528,148,380,3188,1916,1272
01,022,samba,Urban,45-49,3405,1962,1443,568,173,395,2837,1789,1048
01,022,samba,Urban,50-54,2442,1385,1057,490,156,334,1952,1229,723
01,022,samba,Urban,55-59,1724,958,766,378,93,285,1346,865,481
01,022,samba,Urban,60-64,1386,719,667,448,104,344,938,615,323
01,022,samba,Urban,65-69,865,424,441,328,76,252,537,348,189
01,022,samba,Urban,70-74,741,333,408,373,97,276,368,236,132
01,022,samba,Urban,75-79,402,206,196,199,56,143,203,150,53
01,022,samba,Urban,80+,586,254,332,349,89,260,237,165,72
01,022,samba,Urban,Age not stated,63,41,22,13,8,5,50,33,17
